_mg_3021.jpg,506626,c7428e1a,\Exclusive\20181023 - Yasmin Dornelles - Solo Stroking\,{DT16~Excl~ME0PT67G~20181023 - Yasmin Dornelles - Solo Stroking}
_mg_3022.jpg,620960,97b64c2d,\Exclusive\20181023 - Yasmin Dornelles - Solo Stroking\,{DT16~Excl~ME0PT67G~20181023 - Yasmin Dornelles - Solo Stroking}
_mg_3023.jpg,579194,078601d7,\Exclusive\20181023 - Yasmin Dornelles - Solo Stroking\,{DT16~Excl~ME0PT67G~20181023 - Yasmin Dornelles - Solo Stroking}
_mg_3029.jpg,537809,54763d12,\Exclusive\20181023 - Yasmin Dornelles - Solo Stroking\,{DT16~Excl~ME0PT67G~20181023 - Yasmin Dornelles - Solo Stroking}
_mg_3033.jpg,902792,815edc8b,\Exclusive\20181023 - Yasmin Dornelles - Solo Stroking\,{DT16~Excl~ME0PT67G~20181023 - Yasmin Dornelles - Solo Stroking}
_mg_3034.jpg,918992,89496c1a,\Exclusive\20181023 - Yasmin Dornelles - Solo Stroking\,{DT16~Excl~ME0PT67G~20181023 - Yasmin Dornelles - Solo Stroking}
_mg_3035.jpg,923810,ad3d9203,\Exclusive\20181023 - Yasmin Dornelles - Solo Stroking\,{DT16~Excl~ME0PT67G~20181023 - Yasmin Dornelles - Solo Stroking}
_mg_3036.jpg,813801,43709f82,\Exclusive\20181023 - Yasmin Dornelles - Solo Stroking\,{DT16~Excl~ME0PT67G~20181023 - Yasmin Dornelles - Solo Stroking}
_mg_3037.jpg,894421,c6c2bd85,\Exclusive\20181023 - Yasmin Dornelles - Solo Stroking\,{DT16~Excl~ME0PT67G~20181023 - Yasmin Dornelles - Solo Stroking}
_mg_3038.jpg,839839,2015fa85,\Exclusive\20181023 - Yasmin Dornelles - Solo Stroking\,{DT16~Excl~ME0PT67G~20181023 - Yasmin Dornelles - Solo Stroking}
_mg_3039.jpg,874610,339d2778,\Exclusive\20181023 - Yasmin Dornelles - Solo Stroking\,{DT16~Excl~ME0PT67G~20181023 - Yasmin Dornelles - Solo Stroking}
_mg_3040.jpg,866771,abdce235,\Exclusive\20181023 - Yasmin Dornelles - Solo Stroking\,{DT16~Excl~ME0PT67G~20181023 - Yasmin Dornelles - Solo Stroking}
_mg_3041.jpg,837867,71503351,\Exclusive\20181023 - Yasmin Dornelles - Solo Stroking\,{DT16~Excl~ME0PT67G~20181023 - Yasmin Dornelles - Solo Stroking}
_mg_3042.jpg,807490,f5ba32f8,\Exclusive\20181023 - Yasmin Dornelles - Solo Stroking\,{DT16~Excl~ME0PT67G~20181023 - Yasmin Dornelles - Solo Stroking}
_mg_3043.jpg,846192,32e40973,\Exclusive\20181023 - Yasmin Dornelles - Solo Stroking\,{DT16~Excl~ME0PT67G~20181023 - Yasmin Dornelles - Solo Stroking}
_mg_3044.jpg,868976,2f59a0da,\Exclusive\20181023 - Yasmin Dornelles - Solo Stroking\,{DT16~Excl~ME0PT67G~20181023 - Yasmin Dornelles - Solo Stroking}
_mg_3045.jpg,883498,87633f61,\Exclusive\20181023 - Yasmin Dornelles - Solo Stroking\,{DT16~Excl~ME0PT67G~20181023 - Yasmin Dornelles - Solo Stroking}
_mg_3046.jpg,803814,3329aacb,\Exclusive\20181023 - Yasmin Dornelles - Solo Stroking\,{DT16~Excl~ME0PT67G~20181023 - Yasmin Dornelles - Solo Stroking}
_mg_3047.jpg,891167,6b7d07b7,\Exclusive\20181023 - Yasmin Dornelles - Solo Stroking\,{DT16~Excl~ME0PT67G~20181023 - Yasmin Dornelles - Solo Stroking}
_mg_3048.jpg,824900,d5a3b097,\Exclusive\20181023 - Yasmin Dornelles - Solo Stroking\,{DT16~Excl~ME0PT67G~20181023 - Yasmin Dornelles - Solo Stroking}
_mg_3049.jpg,800029,02240a1d,\Exclusive\20181023 - Yasmin Dornelles - Solo Stroking\,{DT16~Excl~ME0PT67G~20181023 - Yasmin Dornelles - Solo Stroking}
_mg_3050.jpg,814314,c2ffdd27,\Exclusive\20181023 - Yasmin Dornelles - Solo Stroking\,{DT16~Excl~ME0PT67G~20181023 - Yasmin Dornelles - Solo Stroking}
_mg_3051.jpg,820202,299e7193,\Exclusive\20181023 - Yasmin Dornelles - Solo Stroking\,{DT16~Excl~ME0PT67G~20181023 - Yasmin Dornelles - Solo Stroking}
_mg_3053.jpg,847490,c7eb4ac0,\Exclusive\20181023 - Yasmin Dornelles - Solo Stroking\,{DT16~Excl~ME0PT67G~20181023 - Yasmin Dornelles - Solo Stroking}
_mg_3054.jpg,849432,2b5a0cfe,\Exclusive\20181023 - Yasmin Dornelles - Solo Stroking\,{DT16~Excl~ME0PT67G~20181023 - Yasmin Dornelles - Solo Stroking}
_mg_3055.jpg,886886,8768dbc5,\Exclusive\20181023 - Yasmin Dornelles - Solo Stroking\,{DT16~Excl~ME0PT67G~20181023 - Yasmin Dornelles - Solo Stroking}
_mg_3056.jpg,827272,ee0a85d3,\Exclusive\20181023 - Yasmin Dornelles - Solo Stroking\,{DT16~Excl~ME0PT67G~20181023 - Yasmin Dornelles - Solo Stroking}
_mg_3057.jpg,876918,ad61a1b1,\Exclusive\20181023 - Yasmin Dornelles - Solo Stroking\,{DT16~Excl~ME0PT67G~20181023 - Yasmin Dornelles - Solo Stroking}
_mg_3058.jpg,807813,44df82f7,\Exclusive\20181023 - Yasmin Dornelles - Solo Stroking\,{DT16~Excl~ME0PT67G~20181023 - Yasmin Dornelles - Solo Stroking}
_mg_3059.jpg,699957,9d98defe,\Exclusive\20181023 - Yasmin Dornelles - Solo Stroking\,{DT16~Excl~ME0PT67G~20181023 - Yasmin Dornelles - Solo Stroking}
_mg_3060.jpg,811763,228a3075,\Exclusive\20181023 - Yasmin Dornelles - Solo Stroking\,{DT16~Excl~ME0PT67G~20181023 - Yasmin Dornelles - Solo Stroking}
_mg_3061.jpg,823480,0b143c24,\Exclusive\20181023 - Yasmin Dornelles - Solo Stroking\,{DT16~Excl~ME0PT67G~20181023 - Yasmin Dornelles - Solo Stroking}
_mg_3062.jpg,788589,25b1ee11,\Exclusive\20181023 - Yasmin Dornelles - Solo Stroking\,{DT16~Excl~ME0PT67G~20181023 - Yasmin Dornelles - Solo Stroking}
_mg_3063.jpg,873984,9186287d,\Exclusive\20181023 - Yasmin Dornelles - Solo Stroking\,{DT16~Excl~ME0PT67G~20181023 - Yasmin Dornelles - Solo Stroking}
_mg_3064.jpg,841220,43059712,\Exclusive\20181023 - Yasmin Dornelles - Solo Stroking\,{DT16~Excl~ME0PT67G~20181023 - Yasmin Dornelles - Solo Stroking}
_mg_3065.jpg,885456,df042ced,\Exclusive\20181023 - Yasmin Dornelles - Solo Stroking\,{DT16~Excl~ME0PT67G~20181023 - Yasmin Dornelles - Solo Stroking}
_mg_3066.jpg,867340,1aaa527f,\Exclusive\20181023 - Yasmin Dornelles - Solo Stroking\,{DT16~Excl~ME0PT67G~20181023 - Yasmin Dornelles - Solo Stroking}
_mg_3067.jpg,916486,166efef6,\Exclusive\20181023 - Yasmin Dornelles - Solo Stroking\,{DT16~Excl~ME0PT67G~20181023 - Yasmin Dornelles - Solo Stroking}
_mg_3068.jpg,853809,fb83995e,\Exclusive\20181023 - Yasmin Dornelles - Solo Stroking\,{DT16~Excl~ME0PT67G~20181023 - Yasmin Dornelles - Solo Stroking}
_mg_3069.jpg,846371,91182e3a,\Exclusive\20181023 - Yasmin Dornelles - Solo Stroking\,{DT16~Excl~ME0PT67G~20181023 - Yasmin Dornelles - Solo Stroking}
_mg_3070.jpg,869150,3acee0be,\Exclusive\20181023 - Yasmin Dornelles - Solo Stroking\,{DT16~Excl~ME0PT67G~20181023 - Yasmin Dornelles - Solo Stroking}
_mg_3071.jpg,699335,f1ac6fa4,\Exclusive\20181023 - Yasmin Dornelles - Solo Stroking\,{DT16~Excl~ME0PT67G~20181023 - Yasmin Dornelles - Solo Stroking}
_mg_3072.jpg,774825,75c2ac2a,\Exclusive\20181023 - Yasmin Dornelles - Solo Stroking\,{DT16~Excl~ME0PT67G~20181023 - Yasmin Dornelles - Solo Stroking}
_mg_3074.jpg,740850,1ff6125a,\Exclusive\20181023 - Yasmin Dornelles - Solo Stroking\,{DT16~Excl~ME0PT67G~20181023 - Yasmin Dornelles - Solo Stroking}
_mg_3075.jpg,796612,d3ec6c1f,\Exclusive\20181023 - Yasmin Dornelles - Solo Stroking\,{DT16~Excl~ME0PT67G~20181023 - Yasmin Dornelles - Solo Stroking}
_mg_3076.jpg,735568,8b8df455,\Exclusive\20181023 - Yasmin Dornelles - Solo Stroking\,{DT16~Excl~ME0PT67G~20181023 - Yasmin Dornelles - Solo Stroking}
_mg_3077.jpg,770699,98c9ae13,\Exclusive\20181023 - Yasmin Dornelles - Solo Stroking\,{DT16~Excl~ME0PT67G~20181023 - Yasmin Dornelles - Solo Stroking}
_mg_3078.jpg,736336,963c6d69,\Exclusive\20181023 - Yasmin Dornelles - Solo Stroking\,{DT16~Excl~ME0PT67G~20181023 - Yasmin Dornelles - Solo Stroking}
_mg_3079.jpg,641131,7169d195,\Exclusive\20181023 - Yasmin Dornelles - Solo Stroking\,{DT16~Excl~ME0PT67G~20181023 - Yasmin Dornelles - Solo Stroking}
_mg_3081.jpg,804469,aa42b637,\Exclusive\20181023 - Yasmin Dornelles - Solo Stroking\,{DT16~Excl~ME0PT67G~20181023 - Yasmin Dornelles - Solo Stroking}
_mg_3082.jpg,790463,eab56410,\Exclusive\20181023 - Yasmin Dornelles - Solo Stroking\,{DT16~Excl~ME0PT67G~20181023 - Yasmin Dornelles - Solo Stroking}
_mg_3083.jpg,695912,ad5f33f1,\Exclusive\20181023 - Yasmin Dornelles - Solo Stroking\,{DT16~Excl~ME0PT67G~20181023 - Yasmin Dornelles - Solo Stroking}
_mg_3084.jpg,753992,c95b04dc,\Exclusive\20181023 - Yasmin Dornelles - Solo Stroking\,{DT16~Excl~ME0PT67G~20181023 - Yasmin Dornelles - Solo Stroking}
_mg_3085.jpg,647581,11790a30,\Exclusive\20181023 - Yasmin Dornelles - Solo Stroking\,{DT16~Excl~ME0PT67G~20181023 - Yasmin Dornelles - Solo Stroking}
_mg_3086.jpg,650599,7cf5fc84,\Exclusive\20181023 - Yasmin Dornelles - Solo Stroking\,{DT16~Excl~ME0PT67G~20181023 - Yasmin Dornelles - Solo Stroking}
_mg_3087.jpg,623136,2e93aafb,\Exclusive\20181023 - Yasmin Dornelles - Solo Stroking\,{DT16~Excl~ME0PT67G~20181023 - Yasmin Dornelles - Solo Stroking}
_mg_3088.jpg,682259,a2fccea2,\Exclusive\20181023 - Yasmin Dornelles - Solo Stroking\,{DT16~Excl~ME0PT67G~20181023 - Yasmin Dornelles - Solo Stroking}
_mg_3089.jpg,585080,69a8118a,\Exclusive\20181023 - Yasmin Dornelles - Solo Stroking\,{DT16~Excl~ME0PT67G~20181023 - Yasmin Dornelles - Solo Stroking}
_mg_3091.jpg,826922,7acef909,\Exclusive\20181023 - Yasmin Dornelles - Solo Stroking\,{DT16~Excl~ME0PT67G~20181023 - Yasmin Dornelles - Solo Stroking}
_mg_3093.jpg,519423,07aa4f94,\Exclusive\20181023 - Yasmin Dornelles - Solo Stroking\,{DT16~Excl~ME0PT67G~20181023 - Yasmin Dornelles - Solo Stroking}
_mg_3094.jpg,511454,85dc9e80,\Exclusive\20181023 - Yasmin Dornelles - Solo Stroking\,{DT16~Excl~ME0PT67G~20181023 - Yasmin Dornelles - Solo Stroking}
_mg_3095.jpg,509815,71a65496,\Exclusive\20181023 - Yasmin Dornelles - Solo Stroking\,{DT16~Excl~ME0PT67G~20181023 - Yasmin Dornelles - Solo Stroking}
_mg_3096.jpg,520533,c682ed91,\Exclusive\20181023 - Yasmin Dornelles - Solo Stroking\,{DT16~Excl~ME0PT67G~20181023 - Yasmin Dornelles - Solo Stroking}
_mg_3097.jpg,526206,769638b2,\Exclusive\20181023 - Yasmin Dornelles - Solo Stroking\,{DT16~Excl~ME0PT67G~20181023 - Yasmin Dornelles - Solo Stroking}
_mg_3098.jpg,473924,270c33de,\Exclusive\20181023 - Yasmin Dornelles - Solo Stroking\,{DT16~Excl~ME0PT67G~20181023 - Yasmin Dornelles - Solo Stroking}
_mg_3099.jpg,459999,64656175,\Exclusive\20181023 - Yasmin Dornelles - Solo Stroking\,{DT16~Excl~ME0PT67G~20181023 - Yasmin Dornelles - Solo Stroking}
_mg_3100.jpg,570385,fa108ddd,\Exclusive\20181023 - Yasmin Dornelles - Solo Stroking\,{DT16~Excl~ME0PT67G~20181023 - Yasmin Dornelles - Solo Stroking}
_mg_3101.jpg,601753,a99c77d3,\Exclusive\20181023 - Yasmin Dornelles - Solo Stroking\,{DT16~Excl~ME0PT67G~20181023 - Yasmin Dornelles - Solo Stroking}
_mg_3102.jpg,541719,c65eb129,\Exclusive\20181023 - Yasmin Dornelles - Solo Stroking\,{DT16~Excl~ME0PT67G~20181023 - Yasmin Dornelles - Solo Stroking}
_mg_3103.jpg,565951,7671320b,\Exclusive\20181023 - Yasmin Dornelles - Solo Stroking\,{DT16~Excl~ME0PT67G~20181023 - Yasmin Dornelles - Solo Stroking}
_mg_3104.jpg,746106,6626ad16,\Exclusive\20181023 - Yasmin Dornelles - Solo Stroking\,{DT16~Excl~ME0PT67G~20181023 - Yasmin Dornelles - Solo Stroking}
_mg_3105.jpg,617544,da4335f4,\Exclusive\20181023 - Yasmin Dornelles - Solo Stroking\,{DT16~Excl~ME0PT67G~20181023 - Yasmin Dornelles - Solo Stroking}
_mg_3106.jpg,643007,a1fc4e8b,\Exclusive\20181023 - Yasmin Dornelles - Solo Stroking\,{DT16~Excl~ME0PT67G~20181023 - Yasmin Dornelles - Solo Stroking}
_mg_3107.jpg,667881,4962b2e6,\Exclusive\20181023 - Yasmin Dornelles - Solo Stroking\,{DT16~Excl~ME0PT67G~20181023 - Yasmin Dornelles - Solo Stroking}
_mg_3108.jpg,741419,2e6c1452,\Exclusive\20181023 - Yasmin Dornelles - Solo Stroking\,{DT16~Excl~ME0PT67G~20181023 - Yasmin Dornelles - Solo Stroking}
_mg_3109.jpg,707129,901ce4c0,\Exclusive\20181023 - Yasmin Dornelles - Solo Stroking\,{DT16~Excl~ME0PT67G~20181023 - Yasmin Dornelles - Solo Stroking}
_mg_3110.jpg,710434,a2735e2d,\Exclusive\20181023 - Yasmin Dornelles - Solo Stroking\,{DT16~Excl~ME0PT67G~20181023 - Yasmin Dornelles - Solo Stroking}
_mg_3112.jpg,733190,3dbab90b,\Exclusive\20181023 - Yasmin Dornelles - Solo Stroking\,{DT16~Excl~ME0PT67G~20181023 - Yasmin Dornelles - Solo Stroking}
_mg_3113.jpg,834767,23874a29,\Exclusive\20181023 - Yasmin Dornelles - Solo Stroking\,{DT16~Excl~ME0PT67G~20181023 - Yasmin Dornelles - Solo Stroking}
_mg_3114.jpg,575825,792959d0,\Exclusive\20181023 - Yasmin Dornelles - Solo Stroking\,{DT16~Excl~ME0PT67G~20181023 - Yasmin Dornelles - Solo Stroking}
_mg_3115.jpg,681461,5386a94e,\Exclusive\20181023 - Yasmin Dornelles - Solo Stroking\,{DT16~Excl~ME0PT67G~20181023 - Yasmin Dornelles - Solo Stroking}
_mg_3116.jpg,664001,c295f8ee,\Exclusive\20181023 - Yasmin Dornelles - Solo Stroking\,{DT16~Excl~ME0PT67G~20181023 - Yasmin Dornelles - Solo Stroking}
_mg_3117.jpg,643864,889b3315,\Exclusive\20181023 - Yasmin Dornelles - Solo Stroking\,{DT16~Excl~ME0PT67G~20181023 - Yasmin Dornelles - Solo Stroking}
_mg_3119.jpg,674669,0084a281,\Exclusive\20181023 - Yasmin Dornelles - Solo Stroking\,{DT16~Excl~ME0PT67G~20181023 - Yasmin Dornelles - Solo Stroking}
_mg_3120.jpg,728484,c4534dae,\Exclusive\20181023 - Yasmin Dornelles - Solo Stroking\,{DT16~Excl~ME0PT67G~20181023 - Yasmin Dornelles - Solo Stroking}
_mg_3121.jpg,958782,094a87ba,\Exclusive\20181023 - Yasmin Dornelles - Solo Stroking\,{DT16~Excl~ME0PT67G~20181023 - Yasmin Dornelles - Solo Stroking}
_mg_3122.jpg,935176,d70b5b3e,\Exclusive\20181023 - Yasmin Dornelles - Solo Stroking\,{DT16~Excl~ME0PT67G~20181023 - Yasmin Dornelles - Solo Stroking}
_mg_3123.jpg,829456,dec64bce,\Exclusive\20181023 - Yasmin Dornelles - Solo Stroking\,{DT16~Excl~ME0PT67G~20181023 - Yasmin Dornelles - Solo Stroking}
_mg_3124.jpg,800359,dc719b91,\Exclusive\20181023 - Yasmin Dornelles - Solo Stroking\,{DT16~Excl~ME0PT67G~20181023 - Yasmin Dornelles - Solo Stroking}
_mg_3125.jpg,822432,4dc765ce,\Exclusive\20181023 - Yasmin Dornelles - Solo Stroking\,{DT16~Excl~ME0PT67G~20181023 - Yasmin Dornelles - Solo Stroking}
_mg_3126.jpg,767973,9b3acbbe,\Exclusive\20181023 - Yasmin Dornelles - Solo Stroking\,{DT16~Excl~ME0PT67G~20181023 - Yasmin Dornelles - Solo Stroking}
_mg_3127.jpg,816037,eb205c57,\Exclusive\20181023 - Yasmin Dornelles - Solo Stroking\,{DT16~Excl~ME0PT67G~20181023 - Yasmin Dornelles - Solo Stroking}
_mg_3128.jpg,832624,dc8c699c,\Exclusive\20181023 - Yasmin Dornelles - Solo Stroking\,{DT16~Excl~ME0PT67G~20181023 - Yasmin Dornelles - Solo Stroking}
_mg_3129.jpg,610825,67219be7,\Exclusive\20181023 - Yasmin Dornelles - Solo Stroking\,{DT16~Excl~ME0PT67G~20181023 - Yasmin Dornelles - Solo Stroking}
_mg_3130.jpg,761786,2f6446da,\Exclusive\20181023 - Yasmin Dornelles - Solo Stroking\,{DT16~Excl~ME0PT67G~20181023 - Yasmin Dornelles - Solo Stroking}
_mg_3131.jpg,781505,4ef1a204,\Exclusive\20181023 - Yasmin Dornelles - Solo Stroking\,{DT16~Excl~ME0PT67G~20181023 - Yasmin Dornelles - Solo Stroking}
_mg_3132.jpg,672902,3b3afeb6,\Exclusive\20181023 - Yasmin Dornelles - Solo Stroking\,{DT16~Excl~ME0PT67G~20181023 - Yasmin Dornelles - Solo Stroking}
_mg_3133.jpg,599075,dc807d4c,\Exclusive\20181023 - Yasmin Dornelles - Solo Stroking\,{DT16~Excl~ME0PT67G~20181023 - Yasmin Dornelles - Solo Stroking}
_mg_3134.jpg,589087,48aca15a,\Exclusive\20181023 - Yasmin Dornelles - Solo Stroking\,{DT16~Excl~ME0PT67G~20181023 - Yasmin Dornelles - Solo Stroking}
_mg_3135.jpg,738161,98d52556,\Exclusive\20181023 - Yasmin Dornelles - Solo Stroking\,{DT16~Excl~ME0PT67G~20181023 - Yasmin Dornelles - Solo Stroking}
_mg_3136.jpg,742838,5b450c3b,\Exclusive\20181023 - Yasmin Dornelles - Solo Stroking\,{DT16~Excl~ME0PT67G~20181023 - Yasmin Dornelles - Solo Stroking}
_mg_3137.jpg,674078,a75be18b,\Exclusive\20181023 - Yasmin Dornelles - Solo Stroking\,{DT16~Excl~ME0PT67G~20181023 - Yasmin Dornelles - Solo Stroking}
_mg_3138.jpg,538038,57580e93,\Exclusive\20181023 - Yasmin Dornelles - Solo Stroking\,{DT16~Excl~ME0PT67G~20181023 - Yasmin Dornelles - Solo Stroking}
_mg_3139.jpg,494475,aa608374,\Exclusive\20181023 - Yasmin Dornelles - Solo Stroking\,{DT16~Excl~ME0PT67G~20181023 - Yasmin Dornelles - Solo Stroking}
_mg_3140.jpg,708788,1b36d58b,\Exclusive\20181023 - Yasmin Dornelles - Solo Stroking\,{DT16~Excl~ME0PT67G~20181023 - Yasmin Dornelles - Solo Stroking}
_mg_3141.jpg,751086,295c8f7e,\Exclusive\20181023 - Yasmin Dornelles - Solo Stroking\,{DT16~Excl~ME0PT67G~20181023 - Yasmin Dornelles - Solo Stroking}
_mg_3142.jpg,772545,e794bb69,\Exclusive\20181023 - Yasmin Dornelles - Solo Stroking\,{DT16~Excl~ME0PT67G~20181023 - Yasmin Dornelles - Solo Stroking}
_mg_3143.jpg,731135,8cb65b97,\Exclusive\20181023 - Yasmin Dornelles - Solo Stroking\,{DT16~Excl~ME0PT67G~20181023 - Yasmin Dornelles - Solo Stroking}
_mg_3144.jpg,739123,1a7b1969,\Exclusive\20181023 - Yasmin Dornelles - Solo Stroking\,{DT16~Excl~ME0PT67G~20181023 - Yasmin Dornelles - Solo Stroking}
_mg_3145.jpg,685029,068e0ab2,\Exclusive\20181023 - Yasmin Dornelles - Solo Stroking\,{DT16~Excl~ME0PT67G~20181023 - Yasmin Dornelles - Solo Stroking}
_mg_3146.jpg,746066,1e925640,\Exclusive\20181023 - Yasmin Dornelles - Solo Stroking\,{DT16~Excl~ME0PT67G~20181023 - Yasmin Dornelles - Solo Stroking}
_mg_3147.jpg,797495,4526c1b2,\Exclusive\20181023 - Yasmin Dornelles - Solo Stroking\,{DT16~Excl~ME0PT67G~20181023 - Yasmin Dornelles - Solo Stroking}
_mg_3148.jpg,677046,ce8d4fbe,\Exclusive\20181023 - Yasmin Dornelles - Solo Stroking\,{DT16~Excl~ME0PT67G~20181023 - Yasmin Dornelles - Solo Stroking}
_mg_3149.jpg,743716,37e3b080,\Exclusive\20181023 - Yasmin Dornelles - Solo Stroking\,{DT16~Excl~ME0PT67G~20181023 - Yasmin Dornelles - Solo Stroking}
_mg_3150.jpg,826993,23f26057,\Exclusive\20181023 - Yasmin Dornelles - Solo Stroking\,{DT16~Excl~ME0PT67G~20181023 - Yasmin Dornelles - Solo Stroking}
_mg_3152.jpg,750525,d4a63385,\Exclusive\20181023 - Yasmin Dornelles - Solo Stroking\,{DT16~Excl~ME0PT67G~20181023 - Yasmin Dornelles - Solo Stroking}
_mg_3153.jpg,809037,609e2ccd,\Exclusive\20181023 - Yasmin Dornelles - Solo Stroking\,{DT16~Excl~ME0PT67G~20181023 - Yasmin Dornelles - Solo Stroking}
_mg_3154.jpg,719276,62fe10c8,\Exclusive\20181023 - Yasmin Dornelles - Solo Stroking\,{DT16~Excl~ME0PT67G~20181023 - Yasmin Dornelles - Solo Stroking}
_mg_3155.jpg,795012,998beb62,\Exclusive\20181023 - Yasmin Dornelles - Solo Stroking\,{DT16~Excl~ME0PT67G~20181023 - Yasmin Dornelles - Solo Stroking}
_mg_3156.jpg,759476,f304a06d,\Exclusive\20181023 - Yasmin Dornelles - Solo Stroking\,{DT16~Excl~ME0PT67G~20181023 - Yasmin Dornelles - Solo Stroking}
_mg_3157.jpg,773544,07a884dc,\Exclusive\20181023 - Yasmin Dornelles - Solo Stroking\,{DT16~Excl~ME0PT67G~20181023 - Yasmin Dornelles - Solo Stroking}
_mg_3158.jpg,793594,1338e1bb,\Exclusive\20181023 - Yasmin Dornelles - Solo Stroking\,{DT16~Excl~ME0PT67G~20181023 - Yasmin Dornelles - Solo Stroking}
_mg_3159.jpg,767344,391122b5,\Exclusive\20181023 - Yasmin Dornelles - Solo Stroking\,{DT16~Excl~ME0PT67G~20181023 - Yasmin Dornelles - Solo Stroking}
_mg_3160.jpg,737589,31027d14,\Exclusive\20181023 - Yasmin Dornelles - Solo Stroking\,{DT16~Excl~ME0PT67G~20181023 - Yasmin Dornelles - Solo Stroking}
_mg_3161.jpg,744415,6c5c6bdf,\Exclusive\20181023 - Yasmin Dornelles - Solo Stroking\,{DT16~Excl~ME0PT67G~20181023 - Yasmin Dornelles - Solo Stroking}
_mg_3162.jpg,746872,ec59cc67,\Exclusive\20181023 - Yasmin Dornelles - Solo Stroking\,{DT16~Excl~ME0PT67G~20181023 - Yasmin Dornelles - Solo Stroking}
_mg_3163.jpg,727140,c9db9933,\Exclusive\20181023 - Yasmin Dornelles - Solo Stroking\,{DT16~Excl~ME0PT67G~20181023 - Yasmin Dornelles - Solo Stroking}
_mg_3164.jpg,729891,f6290051,\Exclusive\20181023 - Yasmin Dornelles - Solo Stroking\,{DT16~Excl~ME0PT67G~20181023 - Yasmin Dornelles - Solo Stroking}
_mg_3165.jpg,720869,2bdc7761,\Exclusive\20181023 - Yasmin Dornelles - Solo Stroking\,{DT16~Excl~ME0PT67G~20181023 - Yasmin Dornelles - Solo Stroking}
_mg_3166.jpg,766174,185d2bda,\Exclusive\20181023 - Yasmin Dornelles - Solo Stroking\,{DT16~Excl~ME0PT67G~20181023 - Yasmin Dornelles - Solo Stroking}
_mg_3167.jpg,726917,d269edb3,\Exclusive\20181023 - Yasmin Dornelles - Solo Stroking\,{DT16~Excl~ME0PT67G~20181023 - Yasmin Dornelles - Solo Stroking}
_mg_3168.jpg,753284,6de2a326,\Exclusive\20181023 - Yasmin Dornelles - Solo Stroking\,{DT16~Excl~ME0PT67G~20181023 - Yasmin Dornelles - Solo Stroking}
_mg_3169.jpg,527525,6609725f,\Exclusive\20181023 - Yasmin Dornelles - Solo Stroking\,{DT16~Excl~ME0PT67G~20181023 - Yasmin Dornelles - Solo Stroking}
_mg_3171.jpg,624502,7957e19c,\Exclusive\20181023 - Yasmin Dornelles - Solo Stroking\,{DT16~Excl~ME0PT67G~20181023 - Yasmin Dornelles - Solo Stroking}
_mg_3172.jpg,683770,fed289d5,\Exclusive\20181023 - Yasmin Dornelles - Solo Stroking\,{DT16~Excl~ME0PT67G~20181023 - Yasmin Dornelles - Solo Stroking}
_mg_3173.jpg,721963,f3a4b366,\Exclusive\20181023 - Yasmin Dornelles - Solo Stroking\,{DT16~Excl~ME0PT67G~20181023 - Yasmin Dornelles - Solo Stroking}
_mg_3174.jpg,712926,b00e7556,\Exclusive\20181023 - Yasmin Dornelles - Solo Stroking\,{DT16~Excl~ME0PT67G~20181023 - Yasmin Dornelles - Solo Stroking}
_mg_3175.jpg,708311,4db325a1,\Exclusive\20181023 - Yasmin Dornelles - Solo Stroking\,{DT16~Excl~ME0PT67G~20181023 - Yasmin Dornelles - Solo Stroking}
mg_6372.jpg,695343,5e883c82,\Exclusive\20180713 - Bella Atrix - Bella's Going To Be Fucked\,{DT16~Excl~ME0PK6CR~20180713 - Bella Atrix - Bella's Going To Be Fucked}
mg_6373.jpg,724476,c1e60097,\Exclusive\20180713 - Bella Atrix - Bella's Going To Be Fucked\,{DT16~Excl~ME0PK6CR~20180713 - Bella Atrix - Bella's Going To Be Fucked}
mg_6374.jpg,719008,e7ff86be,\Exclusive\20180713 - Bella Atrix - Bella's Going To Be Fucked\,{DT16~Excl~ME0PK6CR~20180713 - Bella Atrix - Bella's Going To Be Fucked}
mg_6375.jpg,701330,d4aeb9ee,\Exclusive\20180713 - Bella Atrix - Bella's Going To Be Fucked\,{DT16~Excl~ME0PK6CR~20180713 - Bella Atrix - Bella's Going To Be Fucked}
mg_6376.jpg,725805,3658e619,\Exclusive\20180713 - Bella Atrix - Bella's Going To Be Fucked\,{DT16~Excl~ME0PK6CR~20180713 - Bella Atrix - Bella's Going To Be Fucked}
mg_6377.jpg,727424,69be54d8,\Exclusive\20180713 - Bella Atrix - Bella's Going To Be Fucked\,{DT16~Excl~ME0PK6CR~20180713 - Bella Atrix - Bella's Going To Be Fucked}
mg_6378.jpg,718928,8e132230,\Exclusive\20180713 - Bella Atrix - Bella's Going To Be Fucked\,{DT16~Excl~ME0PK6CR~20180713 - Bella Atrix - Bella's Going To Be Fucked}
mg_6379.jpg,710775,1e4b3965,\Exclusive\20180713 - Bella Atrix - Bella's Going To Be Fucked\,{DT16~Excl~ME0PK6CR~20180713 - Bella Atrix - Bella's Going To Be Fucked}
mg_6380.jpg,698832,d8825568,\Exclusive\20180713 - Bella Atrix - Bella's Going To Be Fucked\,{DT16~Excl~ME0PK6CR~20180713 - Bella Atrix - Bella's Going To Be Fucked}
mg_6381.jpg,661853,c0b9796a,\Exclusive\20180713 - Bella Atrix - Bella's Going To Be Fucked\,{DT16~Excl~ME0PK6CR~20180713 - Bella Atrix - Bella's Going To Be Fucked}
mg_6382.jpg,678374,f5547740,\Exclusive\20180713 - Bella Atrix - Bella's Going To Be Fucked\,{DT16~Excl~ME0PK6CR~20180713 - Bella Atrix - Bella's Going To Be Fucked}
mg_6383.jpg,658356,19429314,\Exclusive\20180713 - Bella Atrix - Bella's Going To Be Fucked\,{DT16~Excl~ME0PK6CR~20180713 - Bella Atrix - Bella's Going To Be Fucked}
mg_6384.jpg,721180,2cdbae2b,\Exclusive\20180713 - Bella Atrix - Bella's Going To Be Fucked\,{DT16~Excl~ME0PK6CR~20180713 - Bella Atrix - Bella's Going To Be Fucked}
mg_6385.jpg,647716,8917461a,\Exclusive\20180713 - Bella Atrix - Bella's Going To Be Fucked\,{DT16~Excl~ME0PK6CR~20180713 - Bella Atrix - Bella's Going To Be Fucked}
mg_6386.jpg,649464,c95b4202,\Exclusive\20180713 - Bella Atrix - Bella's Going To Be Fucked\,{DT16~Excl~ME0PK6CR~20180713 - Bella Atrix - Bella's Going To Be Fucked}
mg_6387.jpg,616785,d29588b7,\Exclusive\20180713 - Bella Atrix - Bella's Going To Be Fucked\,{DT16~Excl~ME0PK6CR~20180713 - Bella Atrix - Bella's Going To Be Fucked}
mg_6388.jpg,601803,8983cc20,\Exclusive\20180713 - Bella Atrix - Bella's Going To Be Fucked\,{DT16~Excl~ME0PK6CR~20180713 - Bella Atrix - Bella's Going To Be Fucked}
mg_6389.jpg,653868,ec445d2a,\Exclusive\20180713 - Bella Atrix - Bella's Going To Be Fucked\,{DT16~Excl~ME0PK6CR~20180713 - Bella Atrix - Bella's Going To Be Fucked}
mg_6390.jpg,653335,371a67a8,\Exclusive\20180713 - Bella Atrix - Bella's Going To Be Fucked\,{DT16~Excl~ME0PK6CR~20180713 - Bella Atrix - Bella's Going To Be Fucked}
mg_6391.jpg,671489,20d01d18,\Exclusive\20180713 - Bella Atrix - Bella's Going To Be Fucked\,{DT16~Excl~ME0PK6CR~20180713 - Bella Atrix - Bella's Going To Be Fucked}
mg_6392.jpg,633640,340c2ffd,\Exclusive\20180713 - Bella Atrix - Bella's Going To Be Fucked\,{DT16~Excl~ME0PK6CR~20180713 - Bella Atrix - Bella's Going To Be Fucked}
mg_6393.jpg,645116,2206db5a,\Exclusive\20180713 - Bella Atrix - Bella's Going To Be Fucked\,{DT16~Excl~ME0PK6CR~20180713 - Bella Atrix - Bella's Going To Be Fucked}
mg_6394.jpg,650346,e0636da0,\Exclusive\20180713 - Bella Atrix - Bella's Going To Be Fucked\,{DT16~Excl~ME0PK6CR~20180713 - Bella Atrix - Bella's Going To Be Fucked}
mg_6395.jpg,664300,0f77fb1c,\Exclusive\20180713 - Bella Atrix - Bella's Going To Be Fucked\,{DT16~Excl~ME0PK6CR~20180713 - Bella Atrix - Bella's Going To Be Fucked}
mg_6396.jpg,625219,ab1d31a7,\Exclusive\20180713 - Bella Atrix - Bella's Going To Be Fucked\,{DT16~Excl~ME0PK6CR~20180713 - Bella Atrix - Bella's Going To Be Fucked}
mg_6397.jpg,622033,b12291b0,\Exclusive\20180713 - Bella Atrix - Bella's Going To Be Fucked\,{DT16~Excl~ME0PK6CR~20180713 - Bella Atrix - Bella's Going To Be Fucked}
mg_6398.jpg,652059,61b2284c,\Exclusive\20180713 - Bella Atrix - Bella's Going To Be Fucked\,{DT16~Excl~ME0PK6CR~20180713 - Bella Atrix - Bella's Going To Be Fucked}
mg_6399.jpg,631112,c61b8ec2,\Exclusive\20180713 - Bella Atrix - Bella's Going To Be Fucked\,{DT16~Excl~ME0PK6CR~20180713 - Bella Atrix - Bella's Going To Be Fucked}
mg_6400.jpg,552765,c61becdc,\Exclusive\20180713 - Bella Atrix - Bella's Going To Be Fucked\,{DT16~Excl~ME0PK6CR~20180713 - Bella Atrix - Bella's Going To Be Fucked}
mg_6401.jpg,594319,dc7be61f,\Exclusive\20180713 - Bella Atrix - Bella's Going To Be Fucked\,{DT16~Excl~ME0PK6CR~20180713 - Bella Atrix - Bella's Going To Be Fucked}
mg_6402.jpg,634259,74c99a87,\Exclusive\20180713 - Bella Atrix - Bella's Going To Be Fucked\,{DT16~Excl~ME0PK6CR~20180713 - Bella Atrix - Bella's Going To Be Fucked}
mg_6403.jpg,635919,d2fbd232,\Exclusive\20180713 - Bella Atrix - Bella's Going To Be Fucked\,{DT16~Excl~ME0PK6CR~20180713 - Bella Atrix - Bella's Going To Be Fucked}
mg_6404.jpg,624316,7e985cda,\Exclusive\20180713 - Bella Atrix - Bella's Going To Be Fucked\,{DT16~Excl~ME0PK6CR~20180713 - Bella Atrix - Bella's Going To Be Fucked}
mg_6405.jpg,608580,961aa6bc,\Exclusive\20180713 - Bella Atrix - Bella's Going To Be Fucked\,{DT16~Excl~ME0PK6CR~20180713 - Bella Atrix - Bella's Going To Be Fucked}
mg_6406.jpg,605724,67b2e882,\Exclusive\20180713 - Bella Atrix - Bella's Going To Be Fucked\,{DT16~Excl~ME0PK6CR~20180713 - Bella Atrix - Bella's Going To Be Fucked}
mg_6407.jpg,603639,97b8ac61,\Exclusive\20180713 - Bella Atrix - Bella's Going To Be Fucked\,{DT16~Excl~ME0PK6CR~20180713 - Bella Atrix - Bella's Going To Be Fucked}
mg_6408.jpg,584176,6464db36,\Exclusive\20180713 - Bella Atrix - Bella's Going To Be Fucked\,{DT16~Excl~ME0PK6CR~20180713 - Bella Atrix - Bella's Going To Be Fucked}
mg_6409.jpg,607946,bbed2db3,\Exclusive\20180713 - Bella Atrix - Bella's Going To Be Fucked\,{DT16~Excl~ME0PK6CR~20180713 - Bella Atrix - Bella's Going To Be Fucked}
mg_6410.jpg,617098,c36ec5cd,\Exclusive\20180713 - Bella Atrix - Bella's Going To Be Fucked\,{DT16~Excl~ME0PK6CR~20180713 - Bella Atrix - Bella's Going To Be Fucked}
mg_6411.jpg,562896,633727d0,\Exclusive\20180713 - Bella Atrix - Bella's Going To Be Fucked\,{DT16~Excl~ME0PK6CR~20180713 - Bella Atrix - Bella's Going To Be Fucked}
mg_6412.jpg,623377,2d8d9f2c,\Exclusive\20180713 - Bella Atrix - Bella's Going To Be Fucked\,{DT16~Excl~ME0PK6CR~20180713 - Bella Atrix - Bella's Going To Be Fucked}
mg_6413.jpg,659224,71039d74,\Exclusive\20180713 - Bella Atrix - Bella's Going To Be Fucked\,{DT16~Excl~ME0PK6CR~20180713 - Bella Atrix - Bella's Going To Be Fucked}
mg_6414.jpg,599731,66735660,\Exclusive\20180713 - Bella Atrix - Bella's Going To Be Fucked\,{DT16~Excl~ME0PK6CR~20180713 - Bella Atrix - Bella's Going To Be Fucked}
mg_6415.jpg,633963,bd1bc8e2,\Exclusive\20180713 - Bella Atrix - Bella's Going To Be Fucked\,{DT16~Excl~ME0PK6CR~20180713 - Bella Atrix - Bella's Going To Be Fucked}
mg_6416.jpg,611680,732e40a8,\Exclusive\20180713 - Bella Atrix - Bella's Going To Be Fucked\,{DT16~Excl~ME0PK6CR~20180713 - Bella Atrix - Bella's Going To Be Fucked}
mg_6418.jpg,624080,22099474,\Exclusive\20180713 - Bella Atrix - Bella's Going To Be Fucked\,{DT16~Excl~ME0PK6CR~20180713 - Bella Atrix - Bella's Going To Be Fucked}
mg_6419.jpg,404073,4bb66636,\Exclusive\20180713 - Bella Atrix - Bella's Going To Be Fucked\,{DT16~Excl~ME0PK6CR~20180713 - Bella Atrix - Bella's Going To Be Fucked}
mg_6420.jpg,651859,b37d3cfd,\Exclusive\20180713 - Bella Atrix - Bella's Going To Be Fucked\,{DT16~Excl~ME0PK6CR~20180713 - Bella Atrix - Bella's Going To Be Fucked}
mg_6421.jpg,661030,054b4949,\Exclusive\20180713 - Bella Atrix - Bella's Going To Be Fucked\,{DT16~Excl~ME0PK6CR~20180713 - Bella Atrix - Bella's Going To Be Fucked}
mg_6422.jpg,621245,da5e923f,\Exclusive\20180713 - Bella Atrix - Bella's Going To Be Fucked\,{DT16~Excl~ME0PK6CR~20180713 - Bella Atrix - Bella's Going To Be Fucked}
mg_6423.jpg,604431,e33b5302,\Exclusive\20180713 - Bella Atrix - Bella's Going To Be Fucked\,{DT16~Excl~ME0PK6CR~20180713 - Bella Atrix - Bella's Going To Be Fucked}
mg_6424.jpg,599166,37aaa46a,\Exclusive\20180713 - Bella Atrix - Bella's Going To Be Fucked\,{DT16~Excl~ME0PK6CR~20180713 - Bella Atrix - Bella's Going To Be Fucked}
mg_6425.jpg,665533,9cdedfd8,\Exclusive\20180713 - Bella Atrix - Bella's Going To Be Fucked\,{DT16~Excl~ME0PK6CR~20180713 - Bella Atrix - Bella's Going To Be Fucked}
mg_6426.jpg,539182,0f505bba,\Exclusive\20180713 - Bella Atrix - Bella's Going To Be Fucked\,{DT16~Excl~ME0PK6CR~20180713 - Bella Atrix - Bella's Going To Be Fucked}
mg_6428.jpg,632580,26a55e31,\Exclusive\20180713 - Bella Atrix - Bella's Going To Be Fucked\,{DT16~Excl~ME0PK6CR~20180713 - Bella Atrix - Bella's Going To Be Fucked}
mg_6429.jpg,596007,24e1b0ff,\Exclusive\20180713 - Bella Atrix - Bella's Going To Be Fucked\,{DT16~Excl~ME0PK6CR~20180713 - Bella Atrix - Bella's Going To Be Fucked}
mg_6430.jpg,621975,9a43981b,\Exclusive\20180713 - Bella Atrix - Bella's Going To Be Fucked\,{DT16~Excl~ME0PK6CR~20180713 - Bella Atrix - Bella's Going To Be Fucked}
mg_6431.jpg,605358,892d027f,\Exclusive\20180713 - Bella Atrix - Bella's Going To Be Fucked\,{DT16~Excl~ME0PK6CR~20180713 - Bella Atrix - Bella's Going To Be Fucked}
mg_6432.jpg,508015,cc111763,\Exclusive\20180713 - Bella Atrix - Bella's Going To Be Fucked\,{DT16~Excl~ME0PK6CR~20180713 - Bella Atrix - Bella's Going To Be Fucked}
mg_6433.jpg,600521,6ea639c1,\Exclusive\20180713 - Bella Atrix - Bella's Going To Be Fucked\,{DT16~Excl~ME0PK6CR~20180713 - Bella Atrix - Bella's Going To Be Fucked}
mg_6434.jpg,587689,c7262c34,\Exclusive\20180713 - Bella Atrix - Bella's Going To Be Fucked\,{DT16~Excl~ME0PK6CR~20180713 - Bella Atrix - Bella's Going To Be Fucked}
mg_6435.jpg,692053,161d2333,\Exclusive\20180713 - Bella Atrix - Bella's Going To Be Fucked\,{DT16~Excl~ME0PK6CR~20180713 - Bella Atrix - Bella's Going To Be Fucked}
mg_6436.jpg,710032,3255b85f,\Exclusive\20180713 - Bella Atrix - Bella's Going To Be Fucked\,{DT16~Excl~ME0PK6CR~20180713 - Bella Atrix - Bella's Going To Be Fucked}
mg_6437.jpg,741139,61673a7c,\Exclusive\20180713 - Bella Atrix - Bella's Going To Be Fucked\,{DT16~Excl~ME0PK6CR~20180713 - Bella Atrix - Bella's Going To Be Fucked}
mg_6439.jpg,688379,560662c2,\Exclusive\20180713 - Bella Atrix - Bella's Going To Be Fucked\,{DT16~Excl~ME0PK6CR~20180713 - Bella Atrix - Bella's Going To Be Fucked}
mg_6442.jpg,605147,17e7fe27,\Exclusive\20180713 - Bella Atrix - Bella's Going To Be Fucked\,{DT16~Excl~ME0PK6CR~20180713 - Bella Atrix - Bella's Going To Be Fucked}
mg_6443.jpg,564020,784e351c,\Exclusive\20180713 - Bella Atrix - Bella's Going To Be Fucked\,{DT16~Excl~ME0PK6CR~20180713 - Bella Atrix - Bella's Going To Be Fucked}
mg_6446.jpg,591277,07a88d8c,\Exclusive\20180713 - Bella Atrix - Bella's Going To Be Fucked\,{DT16~Excl~ME0PK6CR~20180713 - Bella Atrix - Bella's Going To Be Fucked}
mg_6447.jpg,581691,9dd67463,\Exclusive\20180713 - Bella Atrix - Bella's Going To Be Fucked\,{DT16~Excl~ME0PK6CR~20180713 - Bella Atrix - Bella's Going To Be Fucked}
mg_6448.jpg,567151,706b0179,\Exclusive\20180713 - Bella Atrix - Bella's Going To Be Fucked\,{DT16~Excl~ME0PK6CR~20180713 - Bella Atrix - Bella's Going To Be Fucked}
mg_6449.jpg,651785,dfab90b4,\Exclusive\20180713 - Bella Atrix - Bella's Going To Be Fucked\,{DT16~Excl~ME0PK6CR~20180713 - Bella Atrix - Bella's Going To Be Fucked}
mg_6450.jpg,627230,5d87135d,\Exclusive\20180713 - Bella Atrix - Bella's Going To Be Fucked\,{DT16~Excl~ME0PK6CR~20180713 - Bella Atrix - Bella's Going To Be Fucked}
mg_6451.jpg,639963,d42886ee,\Exclusive\20180713 - Bella Atrix - Bella's Going To Be Fucked\,{DT16~Excl~ME0PK6CR~20180713 - Bella Atrix - Bella's Going To Be Fucked}
mg_6452.jpg,630006,a1f7fabd,\Exclusive\20180713 - Bella Atrix - Bella's Going To Be Fucked\,{DT16~Excl~ME0PK6CR~20180713 - Bella Atrix - Bella's Going To Be Fucked}
mg_6453.jpg,671288,6b6a7a45,\Exclusive\20180713 - Bella Atrix - Bella's Going To Be Fucked\,{DT16~Excl~ME0PK6CR~20180713 - Bella Atrix - Bella's Going To Be Fucked}
mg_6454.jpg,516627,ac7b1159,\Exclusive\20180713 - Bella Atrix - Bella's Going To Be Fucked\,{DT16~Excl~ME0PK6CR~20180713 - Bella Atrix - Bella's Going To Be Fucked}
mg_6455.jpg,505144,0acdc772,\Exclusive\20180713 - Bella Atrix - Bella's Going To Be Fucked\,{DT16~Excl~ME0PK6CR~20180713 - Bella Atrix - Bella's Going To Be Fucked}
mg_6456.jpg,488678,b3390db0,\Exclusive\20180713 - Bella Atrix - Bella's Going To Be Fucked\,{DT16~Excl~ME0PK6CR~20180713 - Bella Atrix - Bella's Going To Be Fucked}
mg_6457.jpg,627779,751e33a3,\Exclusive\20180713 - Bella Atrix - Bella's Going To Be Fucked\,{DT16~Excl~ME0PK6CR~20180713 - Bella Atrix - Bella's Going To Be Fucked}
mg_6458.jpg,482675,ba39b892,\Exclusive\20180713 - Bella Atrix - Bella's Going To Be Fucked\,{DT16~Excl~ME0PK6CR~20180713 - Bella Atrix - Bella's Going To Be Fucked}
mg_6459.jpg,582352,e6420c64,\Exclusive\20180713 - Bella Atrix - Bella's Going To Be Fucked\,{DT16~Excl~ME0PK6CR~20180713 - Bella Atrix - Bella's Going To Be Fucked}
mg_6460.jpg,619139,f28b780d,\Exclusive\20180713 - Bella Atrix - Bella's Going To Be Fucked\,{DT16~Excl~ME0PK6CR~20180713 - Bella Atrix - Bella's Going To Be Fucked}
mg_6464.jpg,568112,5a5166df,\Exclusive\20180713 - Bella Atrix - Bella's Going To Be Fucked\,{DT16~Excl~ME0PK6CR~20180713 - Bella Atrix - Bella's Going To Be Fucked}
mg_6465.jpg,483609,53f0a7d1,\Exclusive\20180713 - Bella Atrix - Bella's Going To Be Fucked\,{DT16~Excl~ME0PK6CR~20180713 - Bella Atrix - Bella's Going To Be Fucked}
mg_6466.jpg,488131,2811b0c8,\Exclusive\20180713 - Bella Atrix - Bella's Going To Be Fucked\,{DT16~Excl~ME0PK6CR~20180713 - Bella Atrix - Bella's Going To Be Fucked}
mg_6469.jpg,523238,5ee16087,\Exclusive\20180713 - Bella Atrix - Bella's Going To Be Fucked\,{DT16~Excl~ME0PK6CR~20180713 - Bella Atrix - Bella's Going To Be Fucked}
mg_6470.jpg,600177,0823487e,\Exclusive\20180713 - Bella Atrix - Bella's Going To Be Fucked\,{DT16~Excl~ME0PK6CR~20180713 - Bella Atrix - Bella's Going To Be Fucked}
mg_6471.jpg,576754,5574e272,\Exclusive\20180713 - Bella Atrix - Bella's Going To Be Fucked\,{DT16~Excl~ME0PK6CR~20180713 - Bella Atrix - Bella's Going To Be Fucked}
mg_6476.jpg,510940,e170179a,\Exclusive\20180713 - Bella Atrix - Bella's Going To Be Fucked\,{DT16~Excl~ME0PK6CR~20180713 - Bella Atrix - Bella's Going To Be Fucked}
mg_6477.jpg,526295,4920997e,\Exclusive\20180713 - Bella Atrix - Bella's Going To Be Fucked\,{DT16~Excl~ME0PK6CR~20180713 - Bella Atrix - Bella's Going To Be Fucked}
mg_6478.jpg,592493,9cb2819a,\Exclusive\20180713 - Bella Atrix - Bella's Going To Be Fucked\,{DT16~Excl~ME0PK6CR~20180713 - Bella Atrix - Bella's Going To Be Fucked}
mg_6479.jpg,588397,5950dfc8,\Exclusive\20180713 - Bella Atrix - Bella's Going To Be Fucked\,{DT16~Excl~ME0PK6CR~20180713 - Bella Atrix - Bella's Going To Be Fucked}
mg_6480.jpg,538486,e32699dc,\Exclusive\20180713 - Bella Atrix - Bella's Going To Be Fucked\,{DT16~Excl~ME0PK6CR~20180713 - Bella Atrix - Bella's Going To Be Fucked}
mg_6481.jpg,471649,df2ef2d2,\Exclusive\20180713 - Bella Atrix - Bella's Going To Be Fucked\,{DT16~Excl~ME0PK6CR~20180713 - Bella Atrix - Bella's Going To Be Fucked}
mg_6483.jpg,488299,8634d91b,\Exclusive\20180713 - Bella Atrix - Bella's Going To Be Fucked\,{DT16~Excl~ME0PK6CR~20180713 - Bella Atrix - Bella's Going To Be Fucked}
mg_6489.jpg,555070,ffdd3015,\Exclusive\20180713 - Bella Atrix - Bella's Going To Be Fucked\,{DT16~Excl~ME0PK6CR~20180713 - Bella Atrix - Bella's Going To Be Fucked}
mg_6490.jpg,519285,405601b7,\Exclusive\20180713 - Bella Atrix - Bella's Going To Be Fucked\,{DT16~Excl~ME0PK6CR~20180713 - Bella Atrix - Bella's Going To Be Fucked}
mg_6493.jpg,552226,95bd9dc4,\Exclusive\20180713 - Bella Atrix - Bella's Going To Be Fucked\,{DT16~Excl~ME0PK6CR~20180713 - Bella Atrix - Bella's Going To Be Fucked}
mg_6495.jpg,465911,4fa74716,\Exclusive\20180713 - Bella Atrix - Bella's Going To Be Fucked\,{DT16~Excl~ME0PK6CR~20180713 - Bella Atrix - Bella's Going To Be Fucked}
mg_6496.jpg,458067,1b309350,\Exclusive\20180713 - Bella Atrix - Bella's Going To Be Fucked\,{DT16~Excl~ME0PK6CR~20180713 - Bella Atrix - Bella's Going To Be Fucked}
mg_6497.jpg,460454,8bf5c661,\Exclusive\20180713 - Bella Atrix - Bella's Going To Be Fucked\,{DT16~Excl~ME0PK6CR~20180713 - Bella Atrix - Bella's Going To Be Fucked}
mg_6498.jpg,464860,63ac2c4d,\Exclusive\20180713 - Bella Atrix - Bella's Going To Be Fucked\,{DT16~Excl~ME0PK6CR~20180713 - Bella Atrix - Bella's Going To Be Fucked}
mg_6500.jpg,480748,0a355f98,\Exclusive\20180713 - Bella Atrix - Bella's Going To Be Fucked\,{DT16~Excl~ME0PK6CR~20180713 - Bella Atrix - Bella's Going To Be Fucked}
mg_6501.jpg,526685,b3f57104,\Exclusive\20180713 - Bella Atrix - Bella's Going To Be Fucked\,{DT16~Excl~ME0PK6CR~20180713 - Bella Atrix - Bella's Going To Be Fucked}
mg_6502.jpg,517774,3dd37c19,\Exclusive\20180713 - Bella Atrix - Bella's Going To Be Fucked\,{DT16~Excl~ME0PK6CR~20180713 - Bella Atrix - Bella's Going To Be Fucked}
mg_6503.jpg,504747,b69a2530,\Exclusive\20180713 - Bella Atrix - Bella's Going To Be Fucked\,{DT16~Excl~ME0PK6CR~20180713 - Bella Atrix - Bella's Going To Be Fucked}
mg_6505.jpg,561519,7d4c4cac,\Exclusive\20180713 - Bella Atrix - Bella's Going To Be Fucked\,{DT16~Excl~ME0PK6CR~20180713 - Bella Atrix - Bella's Going To Be Fucked}
mg_6506.jpg,584555,4c131728,\Exclusive\20180713 - Bella Atrix - Bella's Going To Be Fucked\,{DT16~Excl~ME0PK6CR~20180713 - Bella Atrix - Bella's Going To Be Fucked}
mg_6507.jpg,539141,85c53adc,\Exclusive\20180713 - Bella Atrix - Bella's Going To Be Fucked\,{DT16~Excl~ME0PK6CR~20180713 - Bella Atrix - Bella's Going To Be Fucked}
mg_6508.jpg,528909,daeb3d11,\Exclusive\20180713 - Bella Atrix - Bella's Going To Be Fucked\,{DT16~Excl~ME0PK6CR~20180713 - Bella Atrix - Bella's Going To Be Fucked}
mg_6509.jpg,499676,cf978eba,\Exclusive\20180713 - Bella Atrix - Bella's Going To Be Fucked\,{DT16~Excl~ME0PK6CR~20180713 - Bella Atrix - Bella's Going To Be Fucked}
mg_6510.jpg,517012,dfda987a,\Exclusive\20180713 - Bella Atrix - Bella's Going To Be Fucked\,{DT16~Excl~ME0PK6CR~20180713 - Bella Atrix - Bella's Going To Be Fucked}
mg_6511.jpg,418751,46f71e4f,\Exclusive\20180713 - Bella Atrix - Bella's Going To Be Fucked\,{DT16~Excl~ME0PK6CR~20180713 - Bella Atrix - Bella's Going To Be Fucked}
mg_6512.jpg,453762,2afc390a,\Exclusive\20180713 - Bella Atrix - Bella's Going To Be Fucked\,{DT16~Excl~ME0PK6CR~20180713 - Bella Atrix - Bella's Going To Be Fucked}
mg_6513.jpg,462075,4ace68a2,\Exclusive\20180713 - Bella Atrix - Bella's Going To Be Fucked\,{DT16~Excl~ME0PK6CR~20180713 - Bella Atrix - Bella's Going To Be Fucked}
mg_6524.jpg,771799,f1c54000,\Exclusive\20180713 - Bella Atrix - Bella's Going To Be Fucked\,{DT16~Excl~ME0PK6CR~20180713 - Bella Atrix - Bella's Going To Be Fucked}
mg_6525.jpg,745584,791c7edc,\Exclusive\20180713 - Bella Atrix - Bella's Going To Be Fucked\,{DT16~Excl~ME0PK6CR~20180713 - Bella Atrix - Bella's Going To Be Fucked}
mg_6526.jpg,728953,68ad53fc,\Exclusive\20180713 - Bella Atrix - Bella's Going To Be Fucked\,{DT16~Excl~ME0PK6CR~20180713 - Bella Atrix - Bella's Going To Be Fucked}
mg_6527.jpg,757083,ab7d4285,\Exclusive\20180713 - Bella Atrix - Bella's Going To Be Fucked\,{DT16~Excl~ME0PK6CR~20180713 - Bella Atrix - Bella's Going To Be Fucked}
mg_6528.jpg,718278,5a948806,\Exclusive\20180713 - Bella Atrix - Bella's Going To Be Fucked\,{DT16~Excl~ME0PK6CR~20180713 - Bella Atrix - Bella's Going To Be Fucked}
mg_6529.jpg,710866,898402f9,\Exclusive\20180713 - Bella Atrix - Bella's Going To Be Fucked\,{DT16~Excl~ME0PK6CR~20180713 - Bella Atrix - Bella's Going To Be Fucked}
mg_6531.jpg,708113,8668e965,\Exclusive\20180713 - Bella Atrix - Bella's Going To Be Fucked\,{DT16~Excl~ME0PK6CR~20180713 - Bella Atrix - Bella's Going To Be Fucked}
mg_6532.jpg,722833,78a683fc,\Exclusive\20180713 - Bella Atrix - Bella's Going To Be Fucked\,{DT16~Excl~ME0PK6CR~20180713 - Bella Atrix - Bella's Going To Be Fucked}
mg_6533.jpg,705208,98651249,\Exclusive\20180713 - Bella Atrix - Bella's Going To Be Fucked\,{DT16~Excl~ME0PK6CR~20180713 - Bella Atrix - Bella's Going To Be Fucked}
mg_6536.jpg,704639,199e15fc,\Exclusive\20180713 - Bella Atrix - Bella's Going To Be Fucked\,{DT16~Excl~ME0PK6CR~20180713 - Bella Atrix - Bella's Going To Be Fucked}
mg_6537.jpg,714481,4c785d6e,\Exclusive\20180713 - Bella Atrix - Bella's Going To Be Fucked\,{DT16~Excl~ME0PK6CR~20180713 - Bella Atrix - Bella's Going To Be Fucked}
mg_6538.jpg,704478,f7295479,\Exclusive\20180713 - Bella Atrix - Bella's Going To Be Fucked\,{DT16~Excl~ME0PK6CR~20180713 - Bella Atrix - Bella's Going To Be Fucked}
mg_6539.jpg,702976,a96b1941,\Exclusive\20180713 - Bella Atrix - Bella's Going To Be Fucked\,{DT16~Excl~ME0PK6CR~20180713 - Bella Atrix - Bella's Going To Be Fucked}
mg_6540.jpg,695909,19bb93a5,\Exclusive\20180713 - Bella Atrix - Bella's Going To Be Fucked\,{DT16~Excl~ME0PK6CR~20180713 - Bella Atrix - Bella's Going To Be Fucked}
mg_6542.jpg,667722,8edc87c9,\Exclusive\20180713 - Bella Atrix - Bella's Going To Be Fucked\,{DT16~Excl~ME0PK6CR~20180713 - Bella Atrix - Bella's Going To Be Fucked}
mg_6543.jpg,686929,fd477d2d,\Exclusive\20180713 - Bella Atrix - Bella's Going To Be Fucked\,{DT16~Excl~ME0PK6CR~20180713 - Bella Atrix - Bella's Going To Be Fucked}
mg_6544.jpg,677127,340e2e9d,\Exclusive\20180713 - Bella Atrix - Bella's Going To Be Fucked\,{DT16~Excl~ME0PK6CR~20180713 - Bella Atrix - Bella's Going To Be Fucked}
mg_6546.jpg,598362,920e147b,\Exclusive\20180713 - Bella Atrix - Bella's Going To Be Fucked\,{DT16~Excl~ME0PK6CR~20180713 - Bella Atrix - Bella's Going To Be Fucked}
mg_6547.jpg,666521,61bb6684,\Exclusive\20180713 - Bella Atrix - Bella's Going To Be Fucked\,{DT16~Excl~ME0PK6CR~20180713 - Bella Atrix - Bella's Going To Be Fucked}
mg_6548.jpg,665822,fc63160c,\Exclusive\20180713 - Bella Atrix - Bella's Going To Be Fucked\,{DT16~Excl~ME0PK6CR~20180713 - Bella Atrix - Bella's Going To Be Fucked}
mg_6549.jpg,697275,1236300d,\Exclusive\20180713 - Bella Atrix - Bella's Going To Be Fucked\,{DT16~Excl~ME0PK6CR~20180713 - Bella Atrix - Bella's Going To Be Fucked}
mg_6550.jpg,692496,f3aed83d,\Exclusive\20180713 - Bella Atrix - Bella's Going To Be Fucked\,{DT16~Excl~ME0PK6CR~20180713 - Bella Atrix - Bella's Going To Be Fucked}
mg_6551.jpg,718319,af851b9a,\Exclusive\20180713 - Bella Atrix - Bella's Going To Be Fucked\,{DT16~Excl~ME0PK6CR~20180713 - Bella Atrix - Bella's Going To Be Fucked}
mg_6552.jpg,695628,d27ebe09,\Exclusive\20180713 - Bella Atrix - Bella's Going To Be Fucked\,{DT16~Excl~ME0PK6CR~20180713 - Bella Atrix - Bella's Going To Be Fucked}
mg_6553.jpg,754671,f53453fe,\Exclusive\20180713 - Bella Atrix - Bella's Going To Be Fucked\,{DT16~Excl~ME0PK6CR~20180713 - Bella Atrix - Bella's Going To Be Fucked}
mg_6554.jpg,672741,df4c45a1,\Exclusive\20180713 - Bella Atrix - Bella's Going To Be Fucked\,{DT16~Excl~ME0PK6CR~20180713 - Bella Atrix - Bella's Going To Be Fucked}
mg_6555.jpg,759382,e0c36146,\Exclusive\20180713 - Bella Atrix - Bella's Going To Be Fucked\,{DT16~Excl~ME0PK6CR~20180713 - Bella Atrix - Bella's Going To Be Fucked}
mg_6556.jpg,730029,53569d03,\Exclusive\20180713 - Bella Atrix - Bella's Going To Be Fucked\,{DT16~Excl~ME0PK6CR~20180713 - Bella Atrix - Bella's Going To Be Fucked}
mg_6557.jpg,803048,1639eaf9,\Exclusive\20180713 - Bella Atrix - Bella's Going To Be Fucked\,{DT16~Excl~ME0PK6CR~20180713 - Bella Atrix - Bella's Going To Be Fucked}
mg_6558.jpg,711817,21541713,\Exclusive\20180713 - Bella Atrix - Bella's Going To Be Fucked\,{DT16~Excl~ME0PK6CR~20180713 - Bella Atrix - Bella's Going To Be Fucked}
mg_6559.jpg,757001,9a180a56,\Exclusive\20180713 - Bella Atrix - Bella's Going To Be Fucked\,{DT16~Excl~ME0PK6CR~20180713 - Bella Atrix - Bella's Going To Be Fucked}
mg_6560.jpg,806967,9a3b3a69,\Exclusive\20180713 - Bella Atrix - Bella's Going To Be Fucked\,{DT16~Excl~ME0PK6CR~20180713 - Bella Atrix - Bella's Going To Be Fucked}
mg_6561.jpg,754641,5be6e786,\Exclusive\20180713 - Bella Atrix - Bella's Going To Be Fucked\,{DT16~Excl~ME0PK6CR~20180713 - Bella Atrix - Bella's Going To Be Fucked}
mg_6562.jpg,688245,84767a14,\Exclusive\20180713 - Bella Atrix - Bella's Going To Be Fucked\,{DT16~Excl~ME0PK6CR~20180713 - Bella Atrix - Bella's Going To Be Fucked}
mg_6563.jpg,663981,0a548699,\Exclusive\20180713 - Bella Atrix - Bella's Going To Be Fucked\,{DT16~Excl~ME0PK6CR~20180713 - Bella Atrix - Bella's Going To Be Fucked}
mg_6564.jpg,626763,6c929961,\Exclusive\20180713 - Bella Atrix - Bella's Going To Be Fucked\,{DT16~Excl~ME0PK6CR~20180713 - Bella Atrix - Bella's Going To Be Fucked}
mg_6565.jpg,624038,d65a95e1,\Exclusive\20180713 - Bella Atrix - Bella's Going To Be Fucked\,{DT16~Excl~ME0PK6CR~20180713 - Bella Atrix - Bella's Going To Be Fucked}
mg_6566.jpg,645069,d1398511,\Exclusive\20180713 - Bella Atrix - Bella's Going To Be Fucked\,{DT16~Excl~ME0PK6CR~20180713 - Bella Atrix - Bella's Going To Be Fucked}
mg_6567.jpg,630958,06052eb9,\Exclusive\20180713 - Bella Atrix - Bella's Going To Be Fucked\,{DT16~Excl~ME0PK6CR~20180713 - Bella Atrix - Bella's Going To Be Fucked}
mg_6568.jpg,694457,7aaeb179,\Exclusive\20180713 - Bella Atrix - Bella's Going To Be Fucked\,{DT16~Excl~ME0PK6CR~20180713 - Bella Atrix - Bella's Going To Be Fucked}
mg_6569.jpg,717094,c73ecdf5,\Exclusive\20180713 - Bella Atrix - Bella's Going To Be Fucked\,{DT16~Excl~ME0PK6CR~20180713 - Bella Atrix - Bella's Going To Be Fucked}
mg_6570.jpg,709570,bd672b4a,\Exclusive\20180713 - Bella Atrix - Bella's Going To Be Fucked\,{DT16~Excl~ME0PK6CR~20180713 - Bella Atrix - Bella's Going To Be Fucked}
mg_6571.jpg,654516,653c33c2,\Exclusive\20180713 - Bella Atrix - Bella's Going To Be Fucked\,{DT16~Excl~ME0PK6CR~20180713 - Bella Atrix - Bella's Going To Be Fucked}
mg_6572.jpg,769532,7ed8ab8f,\Exclusive\20180713 - Bella Atrix - Bella's Going To Be Fucked\,{DT16~Excl~ME0PK6CR~20180713 - Bella Atrix - Bella's Going To Be Fucked}
mg_6573.jpg,762891,72651b53,\Exclusive\20180713 - Bella Atrix - Bella's Going To Be Fucked\,{DT16~Excl~ME0PK6CR~20180713 - Bella Atrix - Bella's Going To Be Fucked}
mg_6574.jpg,776871,d5449b5a,\Exclusive\20180713 - Bella Atrix - Bella's Going To Be Fucked\,{DT16~Excl~ME0PK6CR~20180713 - Bella Atrix - Bella's Going To Be Fucked}
mg_6578.jpg,517270,bd00c5f5,\Exclusive\20180713 - Bella Atrix - Bella's Going To Be Fucked\,{DT16~Excl~ME0PK6CR~20180713 - Bella Atrix - Bella's Going To Be Fucked}
mg_6579.jpg,583194,b1891889,\Exclusive\20180713 - Bella Atrix - Bella's Going To Be Fucked\,{DT16~Excl~ME0PK6CR~20180713 - Bella Atrix - Bella's Going To Be Fucked}
mg_6580.jpg,553787,0a708cdc,\Exclusive\20180713 - Bella Atrix - Bella's Going To Be Fucked\,{DT16~Excl~ME0PK6CR~20180713 - Bella Atrix - Bella's Going To Be Fucked}
mg_6581.jpg,527760,9a11181a,\Exclusive\20180713 - Bella Atrix - Bella's Going To Be Fucked\,{DT16~Excl~ME0PK6CR~20180713 - Bella Atrix - Bella's Going To Be Fucked}
mg_6582.jpg,622903,548fa703,\Exclusive\20180713 - Bella Atrix - Bella's Going To Be Fucked\,{DT16~Excl~ME0PK6CR~20180713 - Bella Atrix - Bella's Going To Be Fucked}
mg_6583.jpg,595886,b7a7474e,\Exclusive\20180713 - Bella Atrix - Bella's Going To Be Fucked\,{DT16~Excl~ME0PK6CR~20180713 - Bella Atrix - Bella's Going To Be Fucked}
mg_6584.jpg,611584,d227d1b6,\Exclusive\20180713 - Bella Atrix - Bella's Going To Be Fucked\,{DT16~Excl~ME0PK6CR~20180713 - Bella Atrix - Bella's Going To Be Fucked}
mg_6585.jpg,524300,370a6879,\Exclusive\20180713 - Bella Atrix - Bella's Going To Be Fucked\,{DT16~Excl~ME0PK6CR~20180713 - Bella Atrix - Bella's Going To Be Fucked}
mg_6586.jpg,528822,5aad2353,\Exclusive\20180713 - Bella Atrix - Bella's Going To Be Fucked\,{DT16~Excl~ME0PK6CR~20180713 - Bella Atrix - Bella's Going To Be Fucked}
mg_6587.jpg,538210,44dda636,\Exclusive\20180713 - Bella Atrix - Bella's Going To Be Fucked\,{DT16~Excl~ME0PK6CR~20180713 - Bella Atrix - Bella's Going To Be Fucked}
mg_6588.jpg,621295,69a21494,\Exclusive\20180713 - Bella Atrix - Bella's Going To Be Fucked\,{DT16~Excl~ME0PK6CR~20180713 - Bella Atrix - Bella's Going To Be Fucked}
mg_6589.jpg,490238,b5562380,\Exclusive\20180713 - Bella Atrix - Bella's Going To Be Fucked\,{DT16~Excl~ME0PK6CR~20180713 - Bella Atrix - Bella's Going To Be Fucked}
mg_6590.jpg,643994,9b2f6f8a,\Exclusive\20180713 - Bella Atrix - Bella's Going To Be Fucked\,{DT16~Excl~ME0PK6CR~20180713 - Bella Atrix - Bella's Going To Be Fucked}
mg_6591.jpg,617342,7b4ef9c3,\Exclusive\20180713 - Bella Atrix - Bella's Going To Be Fucked\,{DT16~Excl~ME0PK6CR~20180713 - Bella Atrix - Bella's Going To Be Fucked}
mg_6592.jpg,557696,f1198c01,\Exclusive\20180713 - Bella Atrix - Bella's Going To Be Fucked\,{DT16~Excl~ME0PK6CR~20180713 - Bella Atrix - Bella's Going To Be Fucked}
mg_6593.jpg,657882,c02634bf,\Exclusive\20180713 - Bella Atrix - Bella's Going To Be Fucked\,{DT16~Excl~ME0PK6CR~20180713 - Bella Atrix - Bella's Going To Be Fucked}
mg_6594.jpg,544646,8a7187ae,\Exclusive\20180713 - Bella Atrix - Bella's Going To Be Fucked\,{DT16~Excl~ME0PK6CR~20180713 - Bella Atrix - Bella's Going To Be Fucked}
mg_6595.jpg,611078,2cf0032a,\Exclusive\20180713 - Bella Atrix - Bella's Going To Be Fucked\,{DT16~Excl~ME0PK6CR~20180713 - Bella Atrix - Bella's Going To Be Fucked}
mg_6596.jpg,549336,e4aa3bdb,\Exclusive\20180713 - Bella Atrix - Bella's Going To Be Fucked\,{DT16~Excl~ME0PK6CR~20180713 - Bella Atrix - Bella's Going To Be Fucked}
mg_6597.jpg,547654,9429339f,\Exclusive\20180713 - Bella Atrix - Bella's Going To Be Fucked\,{DT16~Excl~ME0PK6CR~20180713 - Bella Atrix - Bella's Going To Be Fucked}
mg_6598.jpg,553002,ac6d7ad9,\Exclusive\20180713 - Bella Atrix - Bella's Going To Be Fucked\,{DT16~Excl~ME0PK6CR~20180713 - Bella Atrix - Bella's Going To Be Fucked}
mg_6599.jpg,520170,028e04bc,\Exclusive\20180713 - Bella Atrix - Bella's Going To Be Fucked\,{DT16~Excl~ME0PK6CR~20180713 - Bella Atrix - Bella's Going To Be Fucked}
mg_6600.jpg,579244,3561b1ae,\Exclusive\20180713 - Bella Atrix - Bella's Going To Be Fucked\,{DT16~Excl~ME0PK6CR~20180713 - Bella Atrix - Bella's Going To Be Fucked}
mg_6601.jpg,584955,05836d4a,\Exclusive\20180713 - Bella Atrix - Bella's Going To Be Fucked\,{DT16~Excl~ME0PK6CR~20180713 - Bella Atrix - Bella's Going To Be Fucked}
mg_6602.jpg,597505,2089dfbf,\Exclusive\20180713 - Bella Atrix - Bella's Going To Be Fucked\,{DT16~Excl~ME0PK6CR~20180713 - Bella Atrix - Bella's Going To Be Fucked}
mg_6603.jpg,563461,2cab314d,\Exclusive\20180713 - Bella Atrix - Bella's Going To Be Fucked\,{DT16~Excl~ME0PK6CR~20180713 - Bella Atrix - Bella's Going To Be Fucked}
mg_6604.jpg,597692,5966ec8c,\Exclusive\20180713 - Bella Atrix - Bella's Going To Be Fucked\,{DT16~Excl~ME0PK6CR~20180713 - Bella Atrix - Bella's Going To Be Fucked}
mg_6605.jpg,535193,a6c6db71,\Exclusive\20180713 - Bella Atrix - Bella's Going To Be Fucked\,{DT16~Excl~ME0PK6CR~20180713 - Bella Atrix - Bella's Going To Be Fucked}
mg_6606.jpg,489349,7c401a03,\Exclusive\20180713 - Bella Atrix - Bella's Going To Be Fucked\,{DT16~Excl~ME0PK6CR~20180713 - Bella Atrix - Bella's Going To Be Fucked}
mg_6607.jpg,533866,2f7b6acb,\Exclusive\20180713 - Bella Atrix - Bella's Going To Be Fucked\,{DT16~Excl~ME0PK6CR~20180713 - Bella Atrix - Bella's Going To Be Fucked}
mg_6608.jpg,628438,b48d5cdb,\Exclusive\20180713 - Bella Atrix - Bella's Going To Be Fucked\,{DT16~Excl~ME0PK6CR~20180713 - Bella Atrix - Bella's Going To Be Fucked}
mg_6609.jpg,715186,7af4034a,\Exclusive\20180713 - Bella Atrix - Bella's Going To Be Fucked\,{DT16~Excl~ME0PK6CR~20180713 - Bella Atrix - Bella's Going To Be Fucked}
mg_6610.jpg,550812,0f6ea72d,\Exclusive\20180713 - Bella Atrix - Bella's Going To Be Fucked\,{DT16~Excl~ME0PK6CR~20180713 - Bella Atrix - Bella's Going To Be Fucked}
mg_6611.jpg,526498,919996d6,\Exclusive\20180713 - Bella Atrix - Bella's Going To Be Fucked\,{DT16~Excl~ME0PK6CR~20180713 - Bella Atrix - Bella's Going To Be Fucked}
mg_6612.jpg,549708,a13e42a9,\Exclusive\20180713 - Bella Atrix - Bella's Going To Be Fucked\,{DT16~Excl~ME0PK6CR~20180713 - Bella Atrix - Bella's Going To Be Fucked}
mg_6613.jpg,547960,164c767c,\Exclusive\20180713 - Bella Atrix - Bella's Going To Be Fucked\,{DT16~Excl~ME0PK6CR~20180713 - Bella Atrix - Bella's Going To Be Fucked}
mg_6614.jpg,495006,72bd3cde,\Exclusive\20180713 - Bella Atrix - Bella's Going To Be Fucked\,{DT16~Excl~ME0PK6CR~20180713 - Bella Atrix - Bella's Going To Be Fucked}
mg_6615.jpg,499592,5faffb9c,\Exclusive\20180713 - Bella Atrix - Bella's Going To Be Fucked\,{DT16~Excl~ME0PK6CR~20180713 - Bella Atrix - Bella's Going To Be Fucked}
mg_6616.jpg,457915,d0ca250f,\Exclusive\20180713 - Bella Atrix - Bella's Going To Be Fucked\,{DT16~Excl~ME0PK6CR~20180713 - Bella Atrix - Bella's Going To Be Fucked}
mg_6619.jpg,464483,b5a94943,\Exclusive\20180713 - Bella Atrix - Bella's Going To Be Fucked\,{DT16~Excl~ME0PK6CR~20180713 - Bella Atrix - Bella's Going To Be Fucked}
mg_6621.jpg,434555,1eb68078,\Exclusive\20180713 - Bella Atrix - Bella's Going To Be Fucked\,{DT16~Excl~ME0PK6CR~20180713 - Bella Atrix - Bella's Going To Be Fucked}
mg_6623.jpg,472801,6e91e526,\Exclusive\20180713 - Bella Atrix - Bella's Going To Be Fucked\,{DT16~Excl~ME0PK6CR~20180713 - Bella Atrix - Bella's Going To Be Fucked}
mg_6624.jpg,542573,dc943e5b,\Exclusive\20180713 - Bella Atrix - Bella's Going To Be Fucked\,{DT16~Excl~ME0PK6CR~20180713 - Bella Atrix - Bella's Going To Be Fucked}
mg_6625.jpg,591795,15320855,\Exclusive\20180713 - Bella Atrix - Bella's Going To Be Fucked\,{DT16~Excl~ME0PK6CR~20180713 - Bella Atrix - Bella's Going To Be Fucked}
mg_6629.jpg,717787,f90e953f,\Exclusive\20180713 - Bella Atrix - Bella's Going To Be Fucked\,{DT16~Excl~ME0PK6CR~20180713 - Bella Atrix - Bella's Going To Be Fucked}
mg_6630.jpg,722078,e9e6d5d7,\Exclusive\20180713 - Bella Atrix - Bella's Going To Be Fucked\,{DT16~Excl~ME0PK6CR~20180713 - Bella Atrix - Bella's Going To Be Fucked}
mg_6631.jpg,684326,2888cb18,\Exclusive\20180713 - Bella Atrix - Bella's Going To Be Fucked\,{DT16~Excl~ME0PK6CR~20180713 - Bella Atrix - Bella's Going To Be Fucked}
mg_6632.jpg,634015,95f2a128,\Exclusive\20180713 - Bella Atrix - Bella's Going To Be Fucked\,{DT16~Excl~ME0PK6CR~20180713 - Bella Atrix - Bella's Going To Be Fucked}
mg_6633.jpg,637104,4deb07fc,\Exclusive\20180713 - Bella Atrix - Bella's Going To Be Fucked\,{DT16~Excl~ME0PK6CR~20180713 - Bella Atrix - Bella's Going To Be Fucked}
mg_6634.jpg,558715,52f1aec3,\Exclusive\20180713 - Bella Atrix - Bella's Going To Be Fucked\,{DT16~Excl~ME0PK6CR~20180713 - Bella Atrix - Bella's Going To Be Fucked}
mg_6635.jpg,592908,e5fd9608,\Exclusive\20180713 - Bella Atrix - Bella's Going To Be Fucked\,{DT16~Excl~ME0PK6CR~20180713 - Bella Atrix - Bella's Going To Be Fucked}
mg_6636.jpg,759318,dbbb15f7,\Exclusive\20180713 - Bella Atrix - Bella's Going To Be Fucked\,{DT16~Excl~ME0PK6CR~20180713 - Bella Atrix - Bella's Going To Be Fucked}
mg_6637.jpg,738862,b522155a,\Exclusive\20180713 - Bella Atrix - Bella's Going To Be Fucked\,{DT16~Excl~ME0PK6CR~20180713 - Bella Atrix - Bella's Going To Be Fucked}
mg_6639.jpg,525834,b30a8195,\Exclusive\20180713 - Bella Atrix - Bella's Going To Be Fucked\,{DT16~Excl~ME0PK6CR~20180713 - Bella Atrix - Bella's Going To Be Fucked}
mg_6640.jpg,738734,1ab9c43f,\Exclusive\20180713 - Bella Atrix - Bella's Going To Be Fucked\,{DT16~Excl~ME0PK6CR~20180713 - Bella Atrix - Bella's Going To Be Fucked}
mg_6641.jpg,633898,4928f738,\Exclusive\20180713 - Bella Atrix - Bella's Going To Be Fucked\,{DT16~Excl~ME0PK6CR~20180713 - Bella Atrix - Bella's Going To Be Fucked}
mg_6642.jpg,633840,3f275a63,\Exclusive\20180713 - Bella Atrix - Bella's Going To Be Fucked\,{DT16~Excl~ME0PK6CR~20180713 - Bella Atrix - Bella's Going To Be Fucked}
mg_6643.jpg,636250,1d1464c8,\Exclusive\20180713 - Bella Atrix - Bella's Going To Be Fucked\,{DT16~Excl~ME0PK6CR~20180713 - Bella Atrix - Bella's Going To Be Fucked}
mg_6645.jpg,556105,95d4c914,\Exclusive\20180713 - Bella Atrix - Bella's Going To Be Fucked\,{DT16~Excl~ME0PK6CR~20180713 - Bella Atrix - Bella's Going To Be Fucked}
mg_6646.jpg,535883,f6b4d3b8,\Exclusive\20180713 - Bella Atrix - Bella's Going To Be Fucked\,{DT16~Excl~ME0PK6CR~20180713 - Bella Atrix - Bella's Going To Be Fucked}
mg_6647.jpg,639529,2f2ac3e1,\Exclusive\20180713 - Bella Atrix - Bella's Going To Be Fucked\,{DT16~Excl~ME0PK6CR~20180713 - Bella Atrix - Bella's Going To Be Fucked}
mg_6648.jpg,645798,75baf4c8,\Exclusive\20180713 - Bella Atrix - Bella's Going To Be Fucked\,{DT16~Excl~ME0PK6CR~20180713 - Bella Atrix - Bella's Going To Be Fucked}
mg_6650.jpg,602088,75000261,\Exclusive\20180713 - Bella Atrix - Bella's Going To Be Fucked\,{DT16~Excl~ME0PK6CR~20180713 - Bella Atrix - Bella's Going To Be Fucked}
mg_6653.jpg,711134,33f1b91e,\Exclusive\20180713 - Bella Atrix - Bella's Going To Be Fucked\,{DT16~Excl~ME0PK6CR~20180713 - Bella Atrix - Bella's Going To Be Fucked}
mg_6655.jpg,529194,1d0afdf8,\Exclusive\20180713 - Bella Atrix - Bella's Going To Be Fucked\,{DT16~Excl~ME0PK6CR~20180713 - Bella Atrix - Bella's Going To Be Fucked}
mg_6656.jpg,451335,7f05e481,\Exclusive\20180713 - Bella Atrix - Bella's Going To Be Fucked\,{DT16~Excl~ME0PK6CR~20180713 - Bella Atrix - Bella's Going To Be Fucked}
mg_6657.jpg,530302,f3086e3e,\Exclusive\20180713 - Bella Atrix - Bella's Going To Be Fucked\,{DT16~Excl~ME0PK6CR~20180713 - Bella Atrix - Bella's Going To Be Fucked}
mg_6658.jpg,615207,21b3a36d,\Exclusive\20180713 - Bella Atrix - Bella's Going To Be Fucked\,{DT16~Excl~ME0PK6CR~20180713 - Bella Atrix - Bella's Going To Be Fucked}
mg_6659.jpg,661716,3332ac34,\Exclusive\20180713 - Bella Atrix - Bella's Going To Be Fucked\,{DT16~Excl~ME0PK6CR~20180713 - Bella Atrix - Bella's Going To Be Fucked}
mg_6660.jpg,616191,040ac79c,\Exclusive\20180713 - Bella Atrix - Bella's Going To Be Fucked\,{DT16~Excl~ME0PK6CR~20180713 - Bella Atrix - Bella's Going To Be Fucked}
mg_6661.jpg,633717,36c9d86a,\Exclusive\20180713 - Bella Atrix - Bella's Going To Be Fucked\,{DT16~Excl~ME0PK6CR~20180713 - Bella Atrix - Bella's Going To Be Fucked}
mg_6662.jpg,696668,b948092e,\Exclusive\20180713 - Bella Atrix - Bella's Going To Be Fucked\,{DT16~Excl~ME0PK6CR~20180713 - Bella Atrix - Bella's Going To Be Fucked}
mg_6664.jpg,663061,5905e387,\Exclusive\20180713 - Bella Atrix - Bella's Going To Be Fucked\,{DT16~Excl~ME0PK6CR~20180713 - Bella Atrix - Bella's Going To Be Fucked}
mg_6665.jpg,658374,90b66e3e,\Exclusive\20180713 - Bella Atrix - Bella's Going To Be Fucked\,{DT16~Excl~ME0PK6CR~20180713 - Bella Atrix - Bella's Going To Be Fucked}
mg_6666.jpg,548433,45c970e7,\Exclusive\20180713 - Bella Atrix - Bella's Going To Be Fucked\,{DT16~Excl~ME0PK6CR~20180713 - Bella Atrix - Bella's Going To Be Fucked}
mg_6667.jpg,475766,074f23b3,\Exclusive\20180713 - Bella Atrix - Bella's Going To Be Fucked\,{DT16~Excl~ME0PK6CR~20180713 - Bella Atrix - Bella's Going To Be Fucked}
mg_6668.jpg,624741,a3b8c302,\Exclusive\20180713 - Bella Atrix - Bella's Going To Be Fucked\,{DT16~Excl~ME0PK6CR~20180713 - Bella Atrix - Bella's Going To Be Fucked}
mg_6669.jpg,532037,23067114,\Exclusive\20180713 - Bella Atrix - Bella's Going To Be Fucked\,{DT16~Excl~ME0PK6CR~20180713 - Bella Atrix - Bella's Going To Be Fucked}
mg_6670.jpg,646004,5830ab78,\Exclusive\20180713 - Bella Atrix - Bella's Going To Be Fucked\,{DT16~Excl~ME0PK6CR~20180713 - Bella Atrix - Bella's Going To Be Fucked}
mg_6671.jpg,568540,cc53bc0a,\Exclusive\20180713 - Bella Atrix - Bella's Going To Be Fucked\,{DT16~Excl~ME0PK6CR~20180713 - Bella Atrix - Bella's Going To Be Fucked}
mg_6672.jpg,654976,8c915ed7,\Exclusive\20180713 - Bella Atrix - Bella's Going To Be Fucked\,{DT16~Excl~ME0PK6CR~20180713 - Bella Atrix - Bella's Going To Be Fucked}
mg_6673.jpg,616801,cf3b90a7,\Exclusive\20180713 - Bella Atrix - Bella's Going To Be Fucked\,{DT16~Excl~ME0PK6CR~20180713 - Bella Atrix - Bella's Going To Be Fucked}
mg_6676.jpg,554005,83aa55b6,\Exclusive\20180713 - Bella Atrix - Bella's Going To Be Fucked\,{DT16~Excl~ME0PK6CR~20180713 - Bella Atrix - Bella's Going To Be Fucked}
mg_6677.jpg,605704,5d9ce906,\Exclusive\20180713 - Bella Atrix - Bella's Going To Be Fucked\,{DT16~Excl~ME0PK6CR~20180713 - Bella Atrix - Bella's Going To Be Fucked}
mg_6678.jpg,537911,11170528,\Exclusive\20180713 - Bella Atrix - Bella's Going To Be Fucked\,{DT16~Excl~ME0PK6CR~20180713 - Bella Atrix - Bella's Going To Be Fucked}
mg_6681.jpg,649550,e7a57541,\Exclusive\20180713 - Bella Atrix - Bella's Going To Be Fucked\,{DT16~Excl~ME0PK6CR~20180713 - Bella Atrix - Bella's Going To Be Fucked}
mg_6682.jpg,682661,d0d1583d,\Exclusive\20180713 - Bella Atrix - Bella's Going To Be Fucked\,{DT16~Excl~ME0PK6CR~20180713 - Bella Atrix - Bella's Going To Be Fucked}
mg_6684.jpg,544689,3447c72a,\Exclusive\20180713 - Bella Atrix - Bella's Going To Be Fucked\,{DT16~Excl~ME0PK6CR~20180713 - Bella Atrix - Bella's Going To Be Fucked}
mg_6685.jpg,543329,e47a8d35,\Exclusive\20180713 - Bella Atrix - Bella's Going To Be Fucked\,{DT16~Excl~ME0PK6CR~20180713 - Bella Atrix - Bella's Going To Be Fucked}
mg_6688.jpg,665792,799d341a,\Exclusive\20180713 - Bella Atrix - Bella's Going To Be Fucked\,{DT16~Excl~ME0PK6CR~20180713 - Bella Atrix - Bella's Going To Be Fucked}
mg_6689.jpg,641529,a4278a8e,\Exclusive\20180713 - Bella Atrix - Bella's Going To Be Fucked\,{DT16~Excl~ME0PK6CR~20180713 - Bella Atrix - Bella's Going To Be Fucked}
mg_6691.jpg,442563,95c53c96,\Exclusive\20180713 - Bella Atrix - Bella's Going To Be Fucked\,{DT16~Excl~ME0PK6CR~20180713 - Bella Atrix - Bella's Going To Be Fucked}
mg_6692.jpg,418866,37892c5c,\Exclusive\20180713 - Bella Atrix - Bella's Going To Be Fucked\,{DT16~Excl~ME0PK6CR~20180713 - Bella Atrix - Bella's Going To Be Fucked}
mg_6693.jpg,627357,84f53530,\Exclusive\20180713 - Bella Atrix - Bella's Going To Be Fucked\,{DT16~Excl~ME0PK6CR~20180713 - Bella Atrix - Bella's Going To Be Fucked}
mg_6694.jpg,657306,16effafe,\Exclusive\20180713 - Bella Atrix - Bella's Going To Be Fucked\,{DT16~Excl~ME0PK6CR~20180713 - Bella Atrix - Bella's Going To Be Fucked}
mg_6695.jpg,605055,7e9bd053,\Exclusive\20180713 - Bella Atrix - Bella's Going To Be Fucked\,{DT16~Excl~ME0PK6CR~20180713 - Bella Atrix - Bella's Going To Be Fucked}
mg_6696.jpg,690180,b6e955eb,\Exclusive\20180713 - Bella Atrix - Bella's Going To Be Fucked\,{DT16~Excl~ME0PK6CR~20180713 - Bella Atrix - Bella's Going To Be Fucked}
mg_6697.jpg,643176,912b608f,\Exclusive\20180713 - Bella Atrix - Bella's Going To Be Fucked\,{DT16~Excl~ME0PK6CR~20180713 - Bella Atrix - Bella's Going To Be Fucked}
mg_6698.jpg,687452,2a82acd4,\Exclusive\20180713 - Bella Atrix - Bella's Going To Be Fucked\,{DT16~Excl~ME0PK6CR~20180713 - Bella Atrix - Bella's Going To Be Fucked}
mg_6699.jpg,706644,ab09450a,\Exclusive\20180713 - Bella Atrix - Bella's Going To Be Fucked\,{DT16~Excl~ME0PK6CR~20180713 - Bella Atrix - Bella's Going To Be Fucked}
mg_6700.jpg,445488,87169738,\Exclusive\20180713 - Bella Atrix - Bella's Going To Be Fucked\,{DT16~Excl~ME0PK6CR~20180713 - Bella Atrix - Bella's Going To Be Fucked}
mg_6701.jpg,621667,b38a8e40,\Exclusive\20180713 - Bella Atrix - Bella's Going To Be Fucked\,{DT16~Excl~ME0PK6CR~20180713 - Bella Atrix - Bella's Going To Be Fucked}
mg_6702.jpg,641231,5047492f,\Exclusive\20180713 - Bella Atrix - Bella's Going To Be Fucked\,{DT16~Excl~ME0PK6CR~20180713 - Bella Atrix - Bella's Going To Be Fucked}
mg_6703.jpg,565756,bf89813e,\Exclusive\20180713 - Bella Atrix - Bella's Going To Be Fucked\,{DT16~Excl~ME0PK6CR~20180713 - Bella Atrix - Bella's Going To Be Fucked}
mg_6704.jpg,549252,4b8eb9f7,\Exclusive\20180713 - Bella Atrix - Bella's Going To Be Fucked\,{DT16~Excl~ME0PK6CR~20180713 - Bella Atrix - Bella's Going To Be Fucked}
mg_6705.jpg,560941,bf78b7bd,\Exclusive\20180713 - Bella Atrix - Bella's Going To Be Fucked\,{DT16~Excl~ME0PK6CR~20180713 - Bella Atrix - Bella's Going To Be Fucked}
mg_6707.jpg,775900,2f4ef35c,\Exclusive\20180713 - Bella Atrix - Bella's Going To Be Fucked\,{DT16~Excl~ME0PK6CR~20180713 - Bella Atrix - Bella's Going To Be Fucked}
mg_6708.jpg,571341,58ee342e,\Exclusive\20180713 - Bella Atrix - Bella's Going To Be Fucked\,{DT16~Excl~ME0PK6CR~20180713 - Bella Atrix - Bella's Going To Be Fucked}
mg_6711.jpg,511536,48cbd95a,\Exclusive\20180713 - Bella Atrix - Bella's Going To Be Fucked\,{DT16~Excl~ME0PK6CR~20180713 - Bella Atrix - Bella's Going To Be Fucked}
mg_6712.jpg,509745,bf2f6052,\Exclusive\20180713 - Bella Atrix - Bella's Going To Be Fucked\,{DT16~Excl~ME0PK6CR~20180713 - Bella Atrix - Bella's Going To Be Fucked}
mg_6713.jpg,561572,7a5c5fc5,\Exclusive\20180713 - Bella Atrix - Bella's Going To Be Fucked\,{DT16~Excl~ME0PK6CR~20180713 - Bella Atrix - Bella's Going To Be Fucked}
mg_6714.jpg,599867,68d3093d,\Exclusive\20180713 - Bella Atrix - Bella's Going To Be Fucked\,{DT16~Excl~ME0PK6CR~20180713 - Bella Atrix - Bella's Going To Be Fucked}
mg_6715.jpg,554421,9c132c7d,\Exclusive\20180713 - Bella Atrix - Bella's Going To Be Fucked\,{DT16~Excl~ME0PK6CR~20180713 - Bella Atrix - Bella's Going To Be Fucked}
mg_6716.jpg,516257,67b744f6,\Exclusive\20180713 - Bella Atrix - Bella's Going To Be Fucked\,{DT16~Excl~ME0PK6CR~20180713 - Bella Atrix - Bella's Going To Be Fucked}
mg_6717.jpg,405273,21468dc0,\Exclusive\20180713 - Bella Atrix - Bella's Going To Be Fucked\,{DT16~Excl~ME0PK6CR~20180713 - Bella Atrix - Bella's Going To Be Fucked}
mg_6718.jpg,542486,906f8580,\Exclusive\20180713 - Bella Atrix - Bella's Going To Be Fucked\,{DT16~Excl~ME0PK6CR~20180713 - Bella Atrix - Bella's Going To Be Fucked}
mg_6719.jpg,550715,2fda9f54,\Exclusive\20180713 - Bella Atrix - Bella's Going To Be Fucked\,{DT16~Excl~ME0PK6CR~20180713 - Bella Atrix - Bella's Going To Be Fucked}
mg_6720.jpg,431719,4bf69241,\Exclusive\20180713 - Bella Atrix - Bella's Going To Be Fucked\,{DT16~Excl~ME0PK6CR~20180713 - Bella Atrix - Bella's Going To Be Fucked}
mg_6723.jpg,529075,d7526d5b,\Exclusive\20180713 - Bella Atrix - Bella's Going To Be Fucked\,{DT16~Excl~ME0PK6CR~20180713 - Bella Atrix - Bella's Going To Be Fucked}
mg_6724.jpg,530252,30e19a2c,\Exclusive\20180713 - Bella Atrix - Bella's Going To Be Fucked\,{DT16~Excl~ME0PK6CR~20180713 - Bella Atrix - Bella's Going To Be Fucked}
mg_6725.jpg,587845,cc9116fb,\Exclusive\20180713 - Bella Atrix - Bella's Going To Be Fucked\,{DT16~Excl~ME0PK6CR~20180713 - Bella Atrix - Bella's Going To Be Fucked}
mg_6726.jpg,447029,bc085b56,\Exclusive\20180713 - Bella Atrix - Bella's Going To Be Fucked\,{DT16~Excl~ME0PK6CR~20180713 - Bella Atrix - Bella's Going To Be Fucked}
mg_6730.jpg,512786,f35a1b8a,\Exclusive\20180713 - Bella Atrix - Bella's Going To Be Fucked\,{DT16~Excl~ME0PK6CR~20180713 - Bella Atrix - Bella's Going To Be Fucked}
mg_6731.jpg,508538,1c1b4d92,\Exclusive\20180713 - Bella Atrix - Bella's Going To Be Fucked\,{DT16~Excl~ME0PK6CR~20180713 - Bella Atrix - Bella's Going To Be Fucked}
mg_6732.jpg,589299,6921d96f,\Exclusive\20180713 - Bella Atrix - Bella's Going To Be Fucked\,{DT16~Excl~ME0PK6CR~20180713 - Bella Atrix - Bella's Going To Be Fucked}
mg_6737.jpg,465760,de6835d8,\Exclusive\20180713 - Bella Atrix - Bella's Going To Be Fucked\,{DT16~Excl~ME0PK6CR~20180713 - Bella Atrix - Bella's Going To Be Fucked}
mg_6740.jpg,465668,c753bd48,\Exclusive\20180713 - Bella Atrix - Bella's Going To Be Fucked\,{DT16~Excl~ME0PK6CR~20180713 - Bella Atrix - Bella's Going To Be Fucked}
mg_6744.jpg,428151,9cb78805,\Exclusive\20180713 - Bella Atrix - Bella's Going To Be Fucked\,{DT16~Excl~ME0PK6CR~20180713 - Bella Atrix - Bella's Going To Be Fucked}
mg_6745.jpg,395957,b5ff8f15,\Exclusive\20180713 - Bella Atrix - Bella's Going To Be Fucked\,{DT16~Excl~ME0PK6CR~20180713 - Bella Atrix - Bella's Going To Be Fucked}
mg_6746.jpg,399663,e280f88a,\Exclusive\20180713 - Bella Atrix - Bella's Going To Be Fucked\,{DT16~Excl~ME0PK6CR~20180713 - Bella Atrix - Bella's Going To Be Fucked}
mg_6747.jpg,438378,8fe8ccc2,\Exclusive\20180713 - Bella Atrix - Bella's Going To Be Fucked\,{DT16~Excl~ME0PK6CR~20180713 - Bella Atrix - Bella's Going To Be Fucked}
mg_6748.jpg,449322,46e43f40,\Exclusive\20180713 - Bella Atrix - Bella's Going To Be Fucked\,{DT16~Excl~ME0PK6CR~20180713 - Bella Atrix - Bella's Going To Be Fucked}
mg_6750.jpg,484364,64f5d7a0,\Exclusive\20180713 - Bella Atrix - Bella's Going To Be Fucked\,{DT16~Excl~ME0PK6CR~20180713 - Bella Atrix - Bella's Going To Be Fucked}
mg_6751.jpg,460798,27abe0dc,\Exclusive\20180713 - Bella Atrix - Bella's Going To Be Fucked\,{DT16~Excl~ME0PK6CR~20180713 - Bella Atrix - Bella's Going To Be Fucked}
mg_6752.jpg,450850,29f101df,\Exclusive\20180713 - Bella Atrix - Bella's Going To Be Fucked\,{DT16~Excl~ME0PK6CR~20180713 - Bella Atrix - Bella's Going To Be Fucked}
mg_6753.jpg,442510,cc6546aa,\Exclusive\20180713 - Bella Atrix - Bella's Going To Be Fucked\,{DT16~Excl~ME0PK6CR~20180713 - Bella Atrix - Bella's Going To Be Fucked}
mg_6754.jpg,464533,e8f89632,\Exclusive\20180713 - Bella Atrix - Bella's Going To Be Fucked\,{DT16~Excl~ME0PK6CR~20180713 - Bella Atrix - Bella's Going To Be Fucked}
mg_6755.jpg,447319,8cf1c97e,\Exclusive\20180713 - Bella Atrix - Bella's Going To Be Fucked\,{DT16~Excl~ME0PK6CR~20180713 - Bella Atrix - Bella's Going To Be Fucked}
mg_6756.jpg,427607,c2150183,\Exclusive\20180713 - Bella Atrix - Bella's Going To Be Fucked\,{DT16~Excl~ME0PK6CR~20180713 - Bella Atrix - Bella's Going To Be Fucked}
mg_6757.jpg,409950,a6876da3,\Exclusive\20180713 - Bella Atrix - Bella's Going To Be Fucked\,{DT16~Excl~ME0PK6CR~20180713 - Bella Atrix - Bella's Going To Be Fucked}
mg_6758.jpg,449761,abcd88a6,\Exclusive\20180713 - Bella Atrix - Bella's Going To Be Fucked\,{DT16~Excl~ME0PK6CR~20180713 - Bella Atrix - Bella's Going To Be Fucked}
mg_6759.jpg,417581,c9c02db8,\Exclusive\20180713 - Bella Atrix - Bella's Going To Be Fucked\,{DT16~Excl~ME0PK6CR~20180713 - Bella Atrix - Bella's Going To Be Fucked}
mg_6760.jpg,378656,d52e25d3,\Exclusive\20180713 - Bella Atrix - Bella's Going To Be Fucked\,{DT16~Excl~ME0PK6CR~20180713 - Bella Atrix - Bella's Going To Be Fucked}
mg_6761.jpg,435617,84dc5e10,\Exclusive\20180713 - Bella Atrix - Bella's Going To Be Fucked\,{DT16~Excl~ME0PK6CR~20180713 - Bella Atrix - Bella's Going To Be Fucked}
mg_6762.jpg,452473,f573918e,\Exclusive\20180713 - Bella Atrix - Bella's Going To Be Fucked\,{DT16~Excl~ME0PK6CR~20180713 - Bella Atrix - Bella's Going To Be Fucked}
mg_6763.jpg,488006,34b33e57,\Exclusive\20180713 - Bella Atrix - Bella's Going To Be Fucked\,{DT16~Excl~ME0PK6CR~20180713 - Bella Atrix - Bella's Going To Be Fucked}
mg_6764.jpg,447961,60cd47de,\Exclusive\20180713 - Bella Atrix - Bella's Going To Be Fucked\,{DT16~Excl~ME0PK6CR~20180713 - Bella Atrix - Bella's Going To Be Fucked}
mg_6765.jpg,438693,6dfcb426,\Exclusive\20180713 - Bella Atrix - Bella's Going To Be Fucked\,{DT16~Excl~ME0PK6CR~20180713 - Bella Atrix - Bella's Going To Be Fucked}
mg_6766.jpg,387780,6aa29f83,\Exclusive\20180713 - Bella Atrix - Bella's Going To Be Fucked\,{DT16~Excl~ME0PK6CR~20180713 - Bella Atrix - Bella's Going To Be Fucked}
mg_6767.jpg,456866,c3611be2,\Exclusive\20180713 - Bella Atrix - Bella's Going To Be Fucked\,{DT16~Excl~ME0PK6CR~20180713 - Bella Atrix - Bella's Going To Be Fucked}
mg_6768.jpg,447257,d4955b1a,\Exclusive\20180713 - Bella Atrix - Bella's Going To Be Fucked\,{DT16~Excl~ME0PK6CR~20180713 - Bella Atrix - Bella's Going To Be Fucked}
mg_6769.jpg,425878,5bc34aa9,\Exclusive\20180713 - Bella Atrix - Bella's Going To Be Fucked\,{DT16~Excl~ME0PK6CR~20180713 - Bella Atrix - Bella's Going To Be Fucked}
mg_6774.jpg,473761,8e8bab8a,\Exclusive\20180713 - Bella Atrix - Bella's Going To Be Fucked\,{DT16~Excl~ME0PK6CR~20180713 - Bella Atrix - Bella's Going To Be Fucked}
mg_6775.jpg,648937,c9e90382,\Exclusive\20180713 - Bella Atrix - Bella's Going To Be Fucked\,{DT16~Excl~ME0PK6CR~20180713 - Bella Atrix - Bella's Going To Be Fucked}
mg_6782.jpg,519785,d1654768,\Exclusive\20180713 - Bella Atrix - Bella's Going To Be Fucked\,{DT16~Excl~ME0PK6CR~20180713 - Bella Atrix - Bella's Going To Be Fucked}
mg_6783.jpg,440405,c173c5b0,\Exclusive\20180713 - Bella Atrix - Bella's Going To Be Fucked\,{DT16~Excl~ME0PK6CR~20180713 - Bella Atrix - Bella's Going To Be Fucked}
mg_6784.jpg,408544,d1567d73,\Exclusive\20180713 - Bella Atrix - Bella's Going To Be Fucked\,{DT16~Excl~ME0PK6CR~20180713 - Bella Atrix - Bella's Going To Be Fucked}
mg_6785.jpg,512755,9e37b6a9,\Exclusive\20180713 - Bella Atrix - Bella's Going To Be Fucked\,{DT16~Excl~ME0PK6CR~20180713 - Bella Atrix - Bella's Going To Be Fucked}
mg_6786.jpg,521565,78f4b55d,\Exclusive\20180713 - Bella Atrix - Bella's Going To Be Fucked\,{DT16~Excl~ME0PK6CR~20180713 - Bella Atrix - Bella's Going To Be Fucked}
mg_6787.jpg,524611,42281d44,\Exclusive\20180713 - Bella Atrix - Bella's Going To Be Fucked\,{DT16~Excl~ME0PK6CR~20180713 - Bella Atrix - Bella's Going To Be Fucked}
mg_6788.jpg,481043,ddaa630e,\Exclusive\20180713 - Bella Atrix - Bella's Going To Be Fucked\,{DT16~Excl~ME0PK6CR~20180713 - Bella Atrix - Bella's Going To Be Fucked}
mg_6789.jpg,463400,fd5b52cc,\Exclusive\20180713 - Bella Atrix - Bella's Going To Be Fucked\,{DT16~Excl~ME0PK6CR~20180713 - Bella Atrix - Bella's Going To Be Fucked}
mg_6790.jpg,508647,8f63fa2c,\Exclusive\20180713 - Bella Atrix - Bella's Going To Be Fucked\,{DT16~Excl~ME0PK6CR~20180713 - Bella Atrix - Bella's Going To Be Fucked}
mg_6791.jpg,457232,05ddb269,\Exclusive\20180713 - Bella Atrix - Bella's Going To Be Fucked\,{DT16~Excl~ME0PK6CR~20180713 - Bella Atrix - Bella's Going To Be Fucked}
img_5911.jpg,539073,849e15b9,\Exclusive\20180717 - Juliana Leal - Her Plugged Asshole Made Her Dick Hard\,{DT16~Excl~ME0PKS09~20180717 - Juliana Leal - Her Plugged Asshole Made Her Dick Hard}
img_5914.jpg,760558,12616cd4,\Exclusive\20180717 - Juliana Leal - Her Plugged Asshole Made Her Dick Hard\,{DT16~Excl~ME0PKS09~20180717 - Juliana Leal - Her Plugged Asshole Made Her Dick Hard}
img_5915.jpg,549047,bc294eb7,\Exclusive\20180717 - Juliana Leal - Her Plugged Asshole Made Her Dick Hard\,{DT16~Excl~ME0PKS09~20180717 - Juliana Leal - Her Plugged Asshole Made Her Dick Hard}
img_5916.jpg,677400,99c845c0,\Exclusive\20180717 - Juliana Leal - Her Plugged Asshole Made Her Dick Hard\,{DT16~Excl~ME0PKS09~20180717 - Juliana Leal - Her Plugged Asshole Made Her Dick Hard}
img_5917.jpg,590527,25dafb53,\Exclusive\20180717 - Juliana Leal - Her Plugged Asshole Made Her Dick Hard\,{DT16~Excl~ME0PKS09~20180717 - Juliana Leal - Her Plugged Asshole Made Her Dick Hard}
img_5919.jpg,505393,349fa15a,\Exclusive\20180717 - Juliana Leal - Her Plugged Asshole Made Her Dick Hard\,{DT16~Excl~ME0PKS09~20180717 - Juliana Leal - Her Plugged Asshole Made Her Dick Hard}
img_5920.jpg,453150,f798a427,\Exclusive\20180717 - Juliana Leal - Her Plugged Asshole Made Her Dick Hard\,{DT16~Excl~ME0PKS09~20180717 - Juliana Leal - Her Plugged Asshole Made Her Dick Hard}
img_5921.jpg,486491,23aea276,\Exclusive\20180717 - Juliana Leal - Her Plugged Asshole Made Her Dick Hard\,{DT16~Excl~ME0PKS09~20180717 - Juliana Leal - Her Plugged Asshole Made Her Dick Hard}
img_5922.jpg,502969,9e34e40b,\Exclusive\20180717 - Juliana Leal - Her Plugged Asshole Made Her Dick Hard\,{DT16~Excl~ME0PKS09~20180717 - Juliana Leal - Her Plugged Asshole Made Her Dick Hard}
img_5924.jpg,532191,c5d1f67d,\Exclusive\20180717 - Juliana Leal - Her Plugged Asshole Made Her Dick Hard\,{DT16~Excl~ME0PKS09~20180717 - Juliana Leal - Her Plugged Asshole Made Her Dick Hard}
img_5926.jpg,571002,77945ede,\Exclusive\20180717 - Juliana Leal - Her Plugged Asshole Made Her Dick Hard\,{DT16~Excl~ME0PKS09~20180717 - Juliana Leal - Her Plugged Asshole Made Her Dick Hard}
img_5927.jpg,558115,ef231db3,\Exclusive\20180717 - Juliana Leal - Her Plugged Asshole Made Her Dick Hard\,{DT16~Excl~ME0PKS09~20180717 - Juliana Leal - Her Plugged Asshole Made Her Dick Hard}
img_5929.jpg,611731,a02957db,\Exclusive\20180717 - Juliana Leal - Her Plugged Asshole Made Her Dick Hard\,{DT16~Excl~ME0PKS09~20180717 - Juliana Leal - Her Plugged Asshole Made Her Dick Hard}
img_5930.jpg,640063,75d0dde3,\Exclusive\20180717 - Juliana Leal - Her Plugged Asshole Made Her Dick Hard\,{DT16~Excl~ME0PKS09~20180717 - Juliana Leal - Her Plugged Asshole Made Her Dick Hard}
img_5932.jpg,651920,3a8d9c36,\Exclusive\20180717 - Juliana Leal - Her Plugged Asshole Made Her Dick Hard\,{DT16~Excl~ME0PKS09~20180717 - Juliana Leal - Her Plugged Asshole Made Her Dick Hard}
img_5933.jpg,599051,3a86bf85,\Exclusive\20180717 - Juliana Leal - Her Plugged Asshole Made Her Dick Hard\,{DT16~Excl~ME0PKS09~20180717 - Juliana Leal - Her Plugged Asshole Made Her Dick Hard}
img_5934.jpg,600106,aa673f71,\Exclusive\20180717 - Juliana Leal - Her Plugged Asshole Made Her Dick Hard\,{DT16~Excl~ME0PKS09~20180717 - Juliana Leal - Her Plugged Asshole Made Her Dick Hard}
img_5935.jpg,518498,70921a8b,\Exclusive\20180717 - Juliana Leal - Her Plugged Asshole Made Her Dick Hard\,{DT16~Excl~ME0PKS09~20180717 - Juliana Leal - Her Plugged Asshole Made Her Dick Hard}
img_5936.jpg,525556,4314fa4f,\Exclusive\20180717 - Juliana Leal - Her Plugged Asshole Made Her Dick Hard\,{DT16~Excl~ME0PKS09~20180717 - Juliana Leal - Her Plugged Asshole Made Her Dick Hard}
img_5937.jpg,602017,0344542f,\Exclusive\20180717 - Juliana Leal - Her Plugged Asshole Made Her Dick Hard\,{DT16~Excl~ME0PKS09~20180717 - Juliana Leal - Her Plugged Asshole Made Her Dick Hard}
img_5938.jpg,551390,1170d76e,\Exclusive\20180717 - Juliana Leal - Her Plugged Asshole Made Her Dick Hard\,{DT16~Excl~ME0PKS09~20180717 - Juliana Leal - Her Plugged Asshole Made Her Dick Hard}
img_5940.jpg,497149,6a06f7dc,\Exclusive\20180717 - Juliana Leal - Her Plugged Asshole Made Her Dick Hard\,{DT16~Excl~ME0PKS09~20180717 - Juliana Leal - Her Plugged Asshole Made Her Dick Hard}
img_5943.jpg,495089,e84dda97,\Exclusive\20180717 - Juliana Leal - Her Plugged Asshole Made Her Dick Hard\,{DT16~Excl~ME0PKS09~20180717 - Juliana Leal - Her Plugged Asshole Made Her Dick Hard}
img_5944.jpg,547887,6d8724e8,\Exclusive\20180717 - Juliana Leal - Her Plugged Asshole Made Her Dick Hard\,{DT16~Excl~ME0PKS09~20180717 - Juliana Leal - Her Plugged Asshole Made Her Dick Hard}
img_5945.jpg,500432,13c2f18b,\Exclusive\20180717 - Juliana Leal - Her Plugged Asshole Made Her Dick Hard\,{DT16~Excl~ME0PKS09~20180717 - Juliana Leal - Her Plugged Asshole Made Her Dick Hard}
img_5946.jpg,539198,3145ece1,\Exclusive\20180717 - Juliana Leal - Her Plugged Asshole Made Her Dick Hard\,{DT16~Excl~ME0PKS09~20180717 - Juliana Leal - Her Plugged Asshole Made Her Dick Hard}
img_5948.jpg,342383,8f76ed45,\Exclusive\20180717 - Juliana Leal - Her Plugged Asshole Made Her Dick Hard\,{DT16~Excl~ME0PKS09~20180717 - Juliana Leal - Her Plugged Asshole Made Her Dick Hard}
img_5949.jpg,328931,dddc888b,\Exclusive\20180717 - Juliana Leal - Her Plugged Asshole Made Her Dick Hard\,{DT16~Excl~ME0PKS09~20180717 - Juliana Leal - Her Plugged Asshole Made Her Dick Hard}
img_5950.jpg,571800,bb9160f3,\Exclusive\20180717 - Juliana Leal - Her Plugged Asshole Made Her Dick Hard\,{DT16~Excl~ME0PKS09~20180717 - Juliana Leal - Her Plugged Asshole Made Her Dick Hard}
img_5951.jpg,502628,85a81beb,\Exclusive\20180717 - Juliana Leal - Her Plugged Asshole Made Her Dick Hard\,{DT16~Excl~ME0PKS09~20180717 - Juliana Leal - Her Plugged Asshole Made Her Dick Hard}
img_5952.jpg,463671,07d2ef2c,\Exclusive\20180717 - Juliana Leal - Her Plugged Asshole Made Her Dick Hard\,{DT16~Excl~ME0PKS09~20180717 - Juliana Leal - Her Plugged Asshole Made Her Dick Hard}
img_5953.jpg,523729,5b10accb,\Exclusive\20180717 - Juliana Leal - Her Plugged Asshole Made Her Dick Hard\,{DT16~Excl~ME0PKS09~20180717 - Juliana Leal - Her Plugged Asshole Made Her Dick Hard}
img_5954.jpg,527499,45df433b,\Exclusive\20180717 - Juliana Leal - Her Plugged Asshole Made Her Dick Hard\,{DT16~Excl~ME0PKS09~20180717 - Juliana Leal - Her Plugged Asshole Made Her Dick Hard}
img_5955.jpg,587885,016de7e6,\Exclusive\20180717 - Juliana Leal - Her Plugged Asshole Made Her Dick Hard\,{DT16~Excl~ME0PKS09~20180717 - Juliana Leal - Her Plugged Asshole Made Her Dick Hard}
img_5956.jpg,520972,796c75b6,\Exclusive\20180717 - Juliana Leal - Her Plugged Asshole Made Her Dick Hard\,{DT16~Excl~ME0PKS09~20180717 - Juliana Leal - Her Plugged Asshole Made Her Dick Hard}
img_5957.jpg,463997,82796cf4,\Exclusive\20180717 - Juliana Leal - Her Plugged Asshole Made Her Dick Hard\,{DT16~Excl~ME0PKS09~20180717 - Juliana Leal - Her Plugged Asshole Made Her Dick Hard}
img_5958.jpg,471745,935bddb8,\Exclusive\20180717 - Juliana Leal - Her Plugged Asshole Made Her Dick Hard\,{DT16~Excl~ME0PKS09~20180717 - Juliana Leal - Her Plugged Asshole Made Her Dick Hard}
img_5960.jpg,492924,cac383ee,\Exclusive\20180717 - Juliana Leal - Her Plugged Asshole Made Her Dick Hard\,{DT16~Excl~ME0PKS09~20180717 - Juliana Leal - Her Plugged Asshole Made Her Dick Hard}
img_5962.jpg,546045,82758fc9,\Exclusive\20180717 - Juliana Leal - Her Plugged Asshole Made Her Dick Hard\,{DT16~Excl~ME0PKS09~20180717 - Juliana Leal - Her Plugged Asshole Made Her Dick Hard}
img_5963.jpg,449019,bc0c0711,\Exclusive\20180717 - Juliana Leal - Her Plugged Asshole Made Her Dick Hard\,{DT16~Excl~ME0PKS09~20180717 - Juliana Leal - Her Plugged Asshole Made Her Dick Hard}
img_5964.jpg,568428,abd47a8b,\Exclusive\20180717 - Juliana Leal - Her Plugged Asshole Made Her Dick Hard\,{DT16~Excl~ME0PKS09~20180717 - Juliana Leal - Her Plugged Asshole Made Her Dick Hard}
img_5965.jpg,645172,0860fab3,\Exclusive\20180717 - Juliana Leal - Her Plugged Asshole Made Her Dick Hard\,{DT16~Excl~ME0PKS09~20180717 - Juliana Leal - Her Plugged Asshole Made Her Dick Hard}
img_5966.jpg,515229,627b83fa,\Exclusive\20180717 - Juliana Leal - Her Plugged Asshole Made Her Dick Hard\,{DT16~Excl~ME0PKS09~20180717 - Juliana Leal - Her Plugged Asshole Made Her Dick Hard}
img_5967.jpg,473169,206d3b18,\Exclusive\20180717 - Juliana Leal - Her Plugged Asshole Made Her Dick Hard\,{DT16~Excl~ME0PKS09~20180717 - Juliana Leal - Her Plugged Asshole Made Her Dick Hard}
img_5968.jpg,507307,70b1662c,\Exclusive\20180717 - Juliana Leal - Her Plugged Asshole Made Her Dick Hard\,{DT16~Excl~ME0PKS09~20180717 - Juliana Leal - Her Plugged Asshole Made Her Dick Hard}
img_5969.jpg,515804,526a87a0,\Exclusive\20180717 - Juliana Leal - Her Plugged Asshole Made Her Dick Hard\,{DT16~Excl~ME0PKS09~20180717 - Juliana Leal - Her Plugged Asshole Made Her Dick Hard}
img_5970.jpg,518824,47bcea63,\Exclusive\20180717 - Juliana Leal - Her Plugged Asshole Made Her Dick Hard\,{DT16~Excl~ME0PKS09~20180717 - Juliana Leal - Her Plugged Asshole Made Her Dick Hard}
img_5971.jpg,529151,30c3b288,\Exclusive\20180717 - Juliana Leal - Her Plugged Asshole Made Her Dick Hard\,{DT16~Excl~ME0PKS09~20180717 - Juliana Leal - Her Plugged Asshole Made Her Dick Hard}
img_5972.jpg,571633,5c081d38,\Exclusive\20180717 - Juliana Leal - Her Plugged Asshole Made Her Dick Hard\,{DT16~Excl~ME0PKS09~20180717 - Juliana Leal - Her Plugged Asshole Made Her Dick Hard}
img_5973.jpg,457734,551475b4,\Exclusive\20180717 - Juliana Leal - Her Plugged Asshole Made Her Dick Hard\,{DT16~Excl~ME0PKS09~20180717 - Juliana Leal - Her Plugged Asshole Made Her Dick Hard}
img_5974.jpg,530811,c2ab00c7,\Exclusive\20180717 - Juliana Leal - Her Plugged Asshole Made Her Dick Hard\,{DT16~Excl~ME0PKS09~20180717 - Juliana Leal - Her Plugged Asshole Made Her Dick Hard}
img_5975.jpg,488481,6977a969,\Exclusive\20180717 - Juliana Leal - Her Plugged Asshole Made Her Dick Hard\,{DT16~Excl~ME0PKS09~20180717 - Juliana Leal - Her Plugged Asshole Made Her Dick Hard}
img_5976.jpg,525547,5cfb17b2,\Exclusive\20180717 - Juliana Leal - Her Plugged Asshole Made Her Dick Hard\,{DT16~Excl~ME0PKS09~20180717 - Juliana Leal - Her Plugged Asshole Made Her Dick Hard}
img_5977.jpg,648142,a5aaf96f,\Exclusive\20180717 - Juliana Leal - Her Plugged Asshole Made Her Dick Hard\,{DT16~Excl~ME0PKS09~20180717 - Juliana Leal - Her Plugged Asshole Made Her Dick Hard}
img_5979.jpg,519905,a3630518,\Exclusive\20180717 - Juliana Leal - Her Plugged Asshole Made Her Dick Hard\,{DT16~Excl~ME0PKS09~20180717 - Juliana Leal - Her Plugged Asshole Made Her Dick Hard}
img_5980.jpg,541800,1411de6a,\Exclusive\20180717 - Juliana Leal - Her Plugged Asshole Made Her Dick Hard\,{DT16~Excl~ME0PKS09~20180717 - Juliana Leal - Her Plugged Asshole Made Her Dick Hard}
img_5981.jpg,522461,5220be54,\Exclusive\20180717 - Juliana Leal - Her Plugged Asshole Made Her Dick Hard\,{DT16~Excl~ME0PKS09~20180717 - Juliana Leal - Her Plugged Asshole Made Her Dick Hard}
img_5982.jpg,576680,70c4927a,\Exclusive\20180717 - Juliana Leal - Her Plugged Asshole Made Her Dick Hard\,{DT16~Excl~ME0PKS09~20180717 - Juliana Leal - Her Plugged Asshole Made Her Dick Hard}
img_5983.jpg,540321,52e11794,\Exclusive\20180717 - Juliana Leal - Her Plugged Asshole Made Her Dick Hard\,{DT16~Excl~ME0PKS09~20180717 - Juliana Leal - Her Plugged Asshole Made Her Dick Hard}
img_5986.jpg,470502,315878b9,\Exclusive\20180717 - Juliana Leal - Her Plugged Asshole Made Her Dick Hard\,{DT16~Excl~ME0PKS09~20180717 - Juliana Leal - Her Plugged Asshole Made Her Dick Hard}
img_5987.jpg,503394,2efc5760,\Exclusive\20180717 - Juliana Leal - Her Plugged Asshole Made Her Dick Hard\,{DT16~Excl~ME0PKS09~20180717 - Juliana Leal - Her Plugged Asshole Made Her Dick Hard}
img_5988.jpg,479417,967f0ffd,\Exclusive\20180717 - Juliana Leal - Her Plugged Asshole Made Her Dick Hard\,{DT16~Excl~ME0PKS09~20180717 - Juliana Leal - Her Plugged Asshole Made Her Dick Hard}
img_5989.jpg,656920,2f8a3e7d,\Exclusive\20180717 - Juliana Leal - Her Plugged Asshole Made Her Dick Hard\,{DT16~Excl~ME0PKS09~20180717 - Juliana Leal - Her Plugged Asshole Made Her Dick Hard}
img_5991.jpg,551762,8b1bb3b9,\Exclusive\20180717 - Juliana Leal - Her Plugged Asshole Made Her Dick Hard\,{DT16~Excl~ME0PKS09~20180717 - Juliana Leal - Her Plugged Asshole Made Her Dick Hard}
img_5992.jpg,557542,48e9323b,\Exclusive\20180717 - Juliana Leal - Her Plugged Asshole Made Her Dick Hard\,{DT16~Excl~ME0PKS09~20180717 - Juliana Leal - Her Plugged Asshole Made Her Dick Hard}
img_5993.jpg,793958,d3b603dd,\Exclusive\20180717 - Juliana Leal - Her Plugged Asshole Made Her Dick Hard\,{DT16~Excl~ME0PKS09~20180717 - Juliana Leal - Her Plugged Asshole Made Her Dick Hard}
img_5994.jpg,506059,3a0c07e5,\Exclusive\20180717 - Juliana Leal - Her Plugged Asshole Made Her Dick Hard\,{DT16~Excl~ME0PKS09~20180717 - Juliana Leal - Her Plugged Asshole Made Her Dick Hard}
img_5995.jpg,518672,d9fb7f52,\Exclusive\20180717 - Juliana Leal - Her Plugged Asshole Made Her Dick Hard\,{DT16~Excl~ME0PKS09~20180717 - Juliana Leal - Her Plugged Asshole Made Her Dick Hard}
img_5996.jpg,561512,2a872b6b,\Exclusive\20180717 - Juliana Leal - Her Plugged Asshole Made Her Dick Hard\,{DT16~Excl~ME0PKS09~20180717 - Juliana Leal - Her Plugged Asshole Made Her Dick Hard}
img_5997.jpg,561631,23590903,\Exclusive\20180717 - Juliana Leal - Her Plugged Asshole Made Her Dick Hard\,{DT16~Excl~ME0PKS09~20180717 - Juliana Leal - Her Plugged Asshole Made Her Dick Hard}
img_5998.jpg,541082,bf445463,\Exclusive\20180717 - Juliana Leal - Her Plugged Asshole Made Her Dick Hard\,{DT16~Excl~ME0PKS09~20180717 - Juliana Leal - Her Plugged Asshole Made Her Dick Hard}
img_5999.jpg,524571,8abdac5d,\Exclusive\20180717 - Juliana Leal - Her Plugged Asshole Made Her Dick Hard\,{DT16~Excl~ME0PKS09~20180717 - Juliana Leal - Her Plugged Asshole Made Her Dick Hard}
img_6000.jpg,568654,fa083c83,\Exclusive\20180717 - Juliana Leal - Her Plugged Asshole Made Her Dick Hard\,{DT16~Excl~ME0PKS09~20180717 - Juliana Leal - Her Plugged Asshole Made Her Dick Hard}
img_6002.jpg,432315,c831c3c0,\Exclusive\20180717 - Juliana Leal - Her Plugged Asshole Made Her Dick Hard\,{DT16~Excl~ME0PKS09~20180717 - Juliana Leal - Her Plugged Asshole Made Her Dick Hard}
img_6003.jpg,571548,4a3311d5,\Exclusive\20180717 - Juliana Leal - Her Plugged Asshole Made Her Dick Hard\,{DT16~Excl~ME0PKS09~20180717 - Juliana Leal - Her Plugged Asshole Made Her Dick Hard}
img_6004.jpg,420778,8a25f0ba,\Exclusive\20180717 - Juliana Leal - Her Plugged Asshole Made Her Dick Hard\,{DT16~Excl~ME0PKS09~20180717 - Juliana Leal - Her Plugged Asshole Made Her Dick Hard}
img_6005.jpg,439910,5c1b9a25,\Exclusive\20180717 - Juliana Leal - Her Plugged Asshole Made Her Dick Hard\,{DT16~Excl~ME0PKS09~20180717 - Juliana Leal - Her Plugged Asshole Made Her Dick Hard}
img_6010.jpg,497055,ccb9ca41,\Exclusive\20180717 - Juliana Leal - Her Plugged Asshole Made Her Dick Hard\,{DT16~Excl~ME0PKS09~20180717 - Juliana Leal - Her Plugged Asshole Made Her Dick Hard}
img_6011.jpg,410188,545473a2,\Exclusive\20180717 - Juliana Leal - Her Plugged Asshole Made Her Dick Hard\,{DT16~Excl~ME0PKS09~20180717 - Juliana Leal - Her Plugged Asshole Made Her Dick Hard}
img_6012.jpg,583323,78f79265,\Exclusive\20180717 - Juliana Leal - Her Plugged Asshole Made Her Dick Hard\,{DT16~Excl~ME0PKS09~20180717 - Juliana Leal - Her Plugged Asshole Made Her Dick Hard}
img_6015.jpg,408748,2d3cb5ab,\Exclusive\20180717 - Juliana Leal - Her Plugged Asshole Made Her Dick Hard\,{DT16~Excl~ME0PKS09~20180717 - Juliana Leal - Her Plugged Asshole Made Her Dick Hard}
img_6016.jpg,439394,eab7b12d,\Exclusive\20180717 - Juliana Leal - Her Plugged Asshole Made Her Dick Hard\,{DT16~Excl~ME0PKS09~20180717 - Juliana Leal - Her Plugged Asshole Made Her Dick Hard}
img_6017.jpg,639151,b8f20150,\Exclusive\20180717 - Juliana Leal - Her Plugged Asshole Made Her Dick Hard\,{DT16~Excl~ME0PKS09~20180717 - Juliana Leal - Her Plugged Asshole Made Her Dick Hard}
img_6018.jpg,508370,6411fb0c,\Exclusive\20180717 - Juliana Leal - Her Plugged Asshole Made Her Dick Hard\,{DT16~Excl~ME0PKS09~20180717 - Juliana Leal - Her Plugged Asshole Made Her Dick Hard}
img_6021.jpg,397449,e917ca89,\Exclusive\20180717 - Juliana Leal - Her Plugged Asshole Made Her Dick Hard\,{DT16~Excl~ME0PKS09~20180717 - Juliana Leal - Her Plugged Asshole Made Her Dick Hard}
img_6022.jpg,427091,ff1fb76e,\Exclusive\20180717 - Juliana Leal - Her Plugged Asshole Made Her Dick Hard\,{DT16~Excl~ME0PKS09~20180717 - Juliana Leal - Her Plugged Asshole Made Her Dick Hard}
img_6024.jpg,468195,65bf2e42,\Exclusive\20180717 - Juliana Leal - Her Plugged Asshole Made Her Dick Hard\,{DT16~Excl~ME0PKS09~20180717 - Juliana Leal - Her Plugged Asshole Made Her Dick Hard}
img_6026.jpg,457469,ef9d5dd0,\Exclusive\20180717 - Juliana Leal - Her Plugged Asshole Made Her Dick Hard\,{DT16~Excl~ME0PKS09~20180717 - Juliana Leal - Her Plugged Asshole Made Her Dick Hard}
img_6027.jpg,568656,cd3f92b0,\Exclusive\20180717 - Juliana Leal - Her Plugged Asshole Made Her Dick Hard\,{DT16~Excl~ME0PKS09~20180717 - Juliana Leal - Her Plugged Asshole Made Her Dick Hard}
img_6028.jpg,533143,804694d5,\Exclusive\20180717 - Juliana Leal - Her Plugged Asshole Made Her Dick Hard\,{DT16~Excl~ME0PKS09~20180717 - Juliana Leal - Her Plugged Asshole Made Her Dick Hard}
img_6029.jpg,453474,30175e9c,\Exclusive\20180717 - Juliana Leal - Her Plugged Asshole Made Her Dick Hard\,{DT16~Excl~ME0PKS09~20180717 - Juliana Leal - Her Plugged Asshole Made Her Dick Hard}
img_6030.jpg,626008,954334b9,\Exclusive\20180717 - Juliana Leal - Her Plugged Asshole Made Her Dick Hard\,{DT16~Excl~ME0PKS09~20180717 - Juliana Leal - Her Plugged Asshole Made Her Dick Hard}
img_6031.jpg,548395,4603fa04,\Exclusive\20180717 - Juliana Leal - Her Plugged Asshole Made Her Dick Hard\,{DT16~Excl~ME0PKS09~20180717 - Juliana Leal - Her Plugged Asshole Made Her Dick Hard}
img_6032.jpg,782978,a63bf2c3,\Exclusive\20180717 - Juliana Leal - Her Plugged Asshole Made Her Dick Hard\,{DT16~Excl~ME0PKS09~20180717 - Juliana Leal - Her Plugged Asshole Made Her Dick Hard}
img_6033.jpg,534410,c12dc636,\Exclusive\20180717 - Juliana Leal - Her Plugged Asshole Made Her Dick Hard\,{DT16~Excl~ME0PKS09~20180717 - Juliana Leal - Her Plugged Asshole Made Her Dick Hard}
img_6034.jpg,648269,96c0aa3c,\Exclusive\20180717 - Juliana Leal - Her Plugged Asshole Made Her Dick Hard\,{DT16~Excl~ME0PKS09~20180717 - Juliana Leal - Her Plugged Asshole Made Her Dick Hard}
img_6039.jpg,418552,c8b3dea0,\Exclusive\20180717 - Juliana Leal - Her Plugged Asshole Made Her Dick Hard\,{DT16~Excl~ME0PKS09~20180717 - Juliana Leal - Her Plugged Asshole Made Her Dick Hard}
img_6040.jpg,405204,ce45bc1f,\Exclusive\20180717 - Juliana Leal - Her Plugged Asshole Made Her Dick Hard\,{DT16~Excl~ME0PKS09~20180717 - Juliana Leal - Her Plugged Asshole Made Her Dick Hard}
img_6041.jpg,412581,72dd0f59,\Exclusive\20180717 - Juliana Leal - Her Plugged Asshole Made Her Dick Hard\,{DT16~Excl~ME0PKS09~20180717 - Juliana Leal - Her Plugged Asshole Made Her Dick Hard}
img_6042.jpg,600967,631c93be,\Exclusive\20180717 - Juliana Leal - Her Plugged Asshole Made Her Dick Hard\,{DT16~Excl~ME0PKS09~20180717 - Juliana Leal - Her Plugged Asshole Made Her Dick Hard}
img_6043.jpg,417337,ed08efdf,\Exclusive\20180717 - Juliana Leal - Her Plugged Asshole Made Her Dick Hard\,{DT16~Excl~ME0PKS09~20180717 - Juliana Leal - Her Plugged Asshole Made Her Dick Hard}
img_6044.jpg,509819,11aff454,\Exclusive\20180717 - Juliana Leal - Her Plugged Asshole Made Her Dick Hard\,{DT16~Excl~ME0PKS09~20180717 - Juliana Leal - Her Plugged Asshole Made Her Dick Hard}
img_6045.jpg,484165,f9deb2c8,\Exclusive\20180717 - Juliana Leal - Her Plugged Asshole Made Her Dick Hard\,{DT16~Excl~ME0PKS09~20180717 - Juliana Leal - Her Plugged Asshole Made Her Dick Hard}
img_6046.jpg,731146,322aea22,\Exclusive\20180717 - Juliana Leal - Her Plugged Asshole Made Her Dick Hard\,{DT16~Excl~ME0PKS09~20180717 - Juliana Leal - Her Plugged Asshole Made Her Dick Hard}
img_6047.jpg,566716,ab5ebbcf,\Exclusive\20180717 - Juliana Leal - Her Plugged Asshole Made Her Dick Hard\,{DT16~Excl~ME0PKS09~20180717 - Juliana Leal - Her Plugged Asshole Made Her Dick Hard}
img_6049.jpg,564521,3a2367fd,\Exclusive\20180717 - Juliana Leal - Her Plugged Asshole Made Her Dick Hard\,{DT16~Excl~ME0PKS09~20180717 - Juliana Leal - Her Plugged Asshole Made Her Dick Hard}
img_6050.jpg,407168,0e5ea03b,\Exclusive\20180717 - Juliana Leal - Her Plugged Asshole Made Her Dick Hard\,{DT16~Excl~ME0PKS09~20180717 - Juliana Leal - Her Plugged Asshole Made Her Dick Hard}
img_6051.jpg,444996,35a0d1f7,\Exclusive\20180717 - Juliana Leal - Her Plugged Asshole Made Her Dick Hard\,{DT16~Excl~ME0PKS09~20180717 - Juliana Leal - Her Plugged Asshole Made Her Dick Hard}
img_6052.jpg,462992,453bbec2,\Exclusive\20180717 - Juliana Leal - Her Plugged Asshole Made Her Dick Hard\,{DT16~Excl~ME0PKS09~20180717 - Juliana Leal - Her Plugged Asshole Made Her Dick Hard}
img_6053.jpg,469652,145d2a21,\Exclusive\20180717 - Juliana Leal - Her Plugged Asshole Made Her Dick Hard\,{DT16~Excl~ME0PKS09~20180717 - Juliana Leal - Her Plugged Asshole Made Her Dick Hard}
img_6054.jpg,436567,19526afd,\Exclusive\20180717 - Juliana Leal - Her Plugged Asshole Made Her Dick Hard\,{DT16~Excl~ME0PKS09~20180717 - Juliana Leal - Her Plugged Asshole Made Her Dick Hard}
img_6055.jpg,409489,5c5c6d79,\Exclusive\20180717 - Juliana Leal - Her Plugged Asshole Made Her Dick Hard\,{DT16~Excl~ME0PKS09~20180717 - Juliana Leal - Her Plugged Asshole Made Her Dick Hard}
img_6056.jpg,445151,29e450d0,\Exclusive\20180717 - Juliana Leal - Her Plugged Asshole Made Her Dick Hard\,{DT16~Excl~ME0PKS09~20180717 - Juliana Leal - Her Plugged Asshole Made Her Dick Hard}
img_6059.jpg,393800,97dbf9be,\Exclusive\20180717 - Juliana Leal - Her Plugged Asshole Made Her Dick Hard\,{DT16~Excl~ME0PKS09~20180717 - Juliana Leal - Her Plugged Asshole Made Her Dick Hard}
img_6062.jpg,467388,143660cd,\Exclusive\20180717 - Juliana Leal - Her Plugged Asshole Made Her Dick Hard\,{DT16~Excl~ME0PKS09~20180717 - Juliana Leal - Her Plugged Asshole Made Her Dick Hard}
img_6063.jpg,451244,b23a9dd1,\Exclusive\20180717 - Juliana Leal - Her Plugged Asshole Made Her Dick Hard\,{DT16~Excl~ME0PKS09~20180717 - Juliana Leal - Her Plugged Asshole Made Her Dick Hard}
img_6064.jpg,422601,863a004b,\Exclusive\20180717 - Juliana Leal - Her Plugged Asshole Made Her Dick Hard\,{DT16~Excl~ME0PKS09~20180717 - Juliana Leal - Her Plugged Asshole Made Her Dick Hard}
img_6065.jpg,469375,5c6a4ae7,\Exclusive\20180717 - Juliana Leal - Her Plugged Asshole Made Her Dick Hard\,{DT16~Excl~ME0PKS09~20180717 - Juliana Leal - Her Plugged Asshole Made Her Dick Hard}
img_6071.jpg,625626,26af1a16,\Exclusive\20180717 - Juliana Leal - Her Plugged Asshole Made Her Dick Hard\,{DT16~Excl~ME0PKS09~20180717 - Juliana Leal - Her Plugged Asshole Made Her Dick Hard}
img_6072.jpg,627162,c87b59ae,\Exclusive\20180717 - Juliana Leal - Her Plugged Asshole Made Her Dick Hard\,{DT16~Excl~ME0PKS09~20180717 - Juliana Leal - Her Plugged Asshole Made Her Dick Hard}
img_6073.jpg,505265,026e2d18,\Exclusive\20180717 - Juliana Leal - Her Plugged Asshole Made Her Dick Hard\,{DT16~Excl~ME0PKS09~20180717 - Juliana Leal - Her Plugged Asshole Made Her Dick Hard}
img_6074.jpg,531685,48f6f947,\Exclusive\20180717 - Juliana Leal - Her Plugged Asshole Made Her Dick Hard\,{DT16~Excl~ME0PKS09~20180717 - Juliana Leal - Her Plugged Asshole Made Her Dick Hard}
img_6075.jpg,474154,e0a5a038,\Exclusive\20180717 - Juliana Leal - Her Plugged Asshole Made Her Dick Hard\,{DT16~Excl~ME0PKS09~20180717 - Juliana Leal - Her Plugged Asshole Made Her Dick Hard}
img_6076.jpg,452657,ae914edf,\Exclusive\20180717 - Juliana Leal - Her Plugged Asshole Made Her Dick Hard\,{DT16~Excl~ME0PKS09~20180717 - Juliana Leal - Her Plugged Asshole Made Her Dick Hard}
img_6077.jpg,535816,26c10f8e,\Exclusive\20180717 - Juliana Leal - Her Plugged Asshole Made Her Dick Hard\,{DT16~Excl~ME0PKS09~20180717 - Juliana Leal - Her Plugged Asshole Made Her Dick Hard}
img_6078.jpg,303720,4018a861,\Exclusive\20180717 - Juliana Leal - Her Plugged Asshole Made Her Dick Hard\,{DT16~Excl~ME0PKS09~20180717 - Juliana Leal - Her Plugged Asshole Made Her Dick Hard}
img_6079.jpg,372642,f5ff4a22,\Exclusive\20180717 - Juliana Leal - Her Plugged Asshole Made Her Dick Hard\,{DT16~Excl~ME0PKS09~20180717 - Juliana Leal - Her Plugged Asshole Made Her Dick Hard}
img_6080.jpg,371933,a125fc6d,\Exclusive\20180717 - Juliana Leal - Her Plugged Asshole Made Her Dick Hard\,{DT16~Excl~ME0PKS09~20180717 - Juliana Leal - Her Plugged Asshole Made Her Dick Hard}
img_6081.jpg,397982,b2096942,\Exclusive\20180717 - Juliana Leal - Her Plugged Asshole Made Her Dick Hard\,{DT16~Excl~ME0PKS09~20180717 - Juliana Leal - Her Plugged Asshole Made Her Dick Hard}
img_6082.jpg,438503,64f2b220,\Exclusive\20180717 - Juliana Leal - Her Plugged Asshole Made Her Dick Hard\,{DT16~Excl~ME0PKS09~20180717 - Juliana Leal - Her Plugged Asshole Made Her Dick Hard}
img_6083.jpg,445236,b2a2b099,\Exclusive\20180717 - Juliana Leal - Her Plugged Asshole Made Her Dick Hard\,{DT16~Excl~ME0PKS09~20180717 - Juliana Leal - Her Plugged Asshole Made Her Dick Hard}
img_6085.jpg,358156,9aa95700,\Exclusive\20180717 - Juliana Leal - Her Plugged Asshole Made Her Dick Hard\,{DT16~Excl~ME0PKS09~20180717 - Juliana Leal - Her Plugged Asshole Made Her Dick Hard}
img_6086.jpg,451054,8d33a660,\Exclusive\20180717 - Juliana Leal - Her Plugged Asshole Made Her Dick Hard\,{DT16~Excl~ME0PKS09~20180717 - Juliana Leal - Her Plugged Asshole Made Her Dick Hard}
mg_7449.jpg,673772,a9654917,\Exclusive\20180720 - Janaina Carvalho - Suck It Bitch\,{DT16~Excl~ME0PKV6X~20180720 - Janaina Carvalho - Suck It Bitch}
mg_7450.jpg,669422,314098de,\Exclusive\20180720 - Janaina Carvalho - Suck It Bitch\,{DT16~Excl~ME0PKV6X~20180720 - Janaina Carvalho - Suck It Bitch}
mg_7451.jpg,708144,592dc8ad,\Exclusive\20180720 - Janaina Carvalho - Suck It Bitch\,{DT16~Excl~ME0PKV6X~20180720 - Janaina Carvalho - Suck It Bitch}
mg_7452.jpg,616169,352a09d9,\Exclusive\20180720 - Janaina Carvalho - Suck It Bitch\,{DT16~Excl~ME0PKV6X~20180720 - Janaina Carvalho - Suck It Bitch}
mg_7453.jpg,740581,d395b65d,\Exclusive\20180720 - Janaina Carvalho - Suck It Bitch\,{DT16~Excl~ME0PKV6X~20180720 - Janaina Carvalho - Suck It Bitch}
mg_7454.jpg,681587,e0e87548,\Exclusive\20180720 - Janaina Carvalho - Suck It Bitch\,{DT16~Excl~ME0PKV6X~20180720 - Janaina Carvalho - Suck It Bitch}
mg_7455.jpg,666144,a41a74dd,\Exclusive\20180720 - Janaina Carvalho - Suck It Bitch\,{DT16~Excl~ME0PKV6X~20180720 - Janaina Carvalho - Suck It Bitch}
mg_7456.jpg,595469,e4d7a018,\Exclusive\20180720 - Janaina Carvalho - Suck It Bitch\,{DT16~Excl~ME0PKV6X~20180720 - Janaina Carvalho - Suck It Bitch}
mg_7457.jpg,665371,234ad042,\Exclusive\20180720 - Janaina Carvalho - Suck It Bitch\,{DT16~Excl~ME0PKV6X~20180720 - Janaina Carvalho - Suck It Bitch}
mg_7458.jpg,813203,237e9c26,\Exclusive\20180720 - Janaina Carvalho - Suck It Bitch\,{DT16~Excl~ME0PKV6X~20180720 - Janaina Carvalho - Suck It Bitch}
mg_7459.jpg,709072,427252ef,\Exclusive\20180720 - Janaina Carvalho - Suck It Bitch\,{DT16~Excl~ME0PKV6X~20180720 - Janaina Carvalho - Suck It Bitch}
mg_7460.jpg,672134,93bd8ee5,\Exclusive\20180720 - Janaina Carvalho - Suck It Bitch\,{DT16~Excl~ME0PKV6X~20180720 - Janaina Carvalho - Suck It Bitch}
mg_7461.jpg,631888,ca926a6a,\Exclusive\20180720 - Janaina Carvalho - Suck It Bitch\,{DT16~Excl~ME0PKV6X~20180720 - Janaina Carvalho - Suck It Bitch}
mg_7462.jpg,614741,d2636980,\Exclusive\20180720 - Janaina Carvalho - Suck It Bitch\,{DT16~Excl~ME0PKV6X~20180720 - Janaina Carvalho - Suck It Bitch}
mg_7464.jpg,631729,1cc4ff74,\Exclusive\20180720 - Janaina Carvalho - Suck It Bitch\,{DT16~Excl~ME0PKV6X~20180720 - Janaina Carvalho - Suck It Bitch}
mg_7465.jpg,639725,f09d340f,\Exclusive\20180720 - Janaina Carvalho - Suck It Bitch\,{DT16~Excl~ME0PKV6X~20180720 - Janaina Carvalho - Suck It Bitch}
mg_7467.jpg,616326,9b1e25d5,\Exclusive\20180720 - Janaina Carvalho - Suck It Bitch\,{DT16~Excl~ME0PKV6X~20180720 - Janaina Carvalho - Suck It Bitch}
mg_7468.jpg,630733,8c9c96b5,\Exclusive\20180720 - Janaina Carvalho - Suck It Bitch\,{DT16~Excl~ME0PKV6X~20180720 - Janaina Carvalho - Suck It Bitch}
mg_7469.jpg,570468,31cddef3,\Exclusive\20180720 - Janaina Carvalho - Suck It Bitch\,{DT16~Excl~ME0PKV6X~20180720 - Janaina Carvalho - Suck It Bitch}
mg_7470.jpg,578663,dd4d5de1,\Exclusive\20180720 - Janaina Carvalho - Suck It Bitch\,{DT16~Excl~ME0PKV6X~20180720 - Janaina Carvalho - Suck It Bitch}
mg_7471.jpg,621795,47ceade0,\Exclusive\20180720 - Janaina Carvalho - Suck It Bitch\,{DT16~Excl~ME0PKV6X~20180720 - Janaina Carvalho - Suck It Bitch}
mg_7472.jpg,634104,7e58e21f,\Exclusive\20180720 - Janaina Carvalho - Suck It Bitch\,{DT16~Excl~ME0PKV6X~20180720 - Janaina Carvalho - Suck It Bitch}
mg_7473.jpg,564474,a69ceee0,\Exclusive\20180720 - Janaina Carvalho - Suck It Bitch\,{DT16~Excl~ME0PKV6X~20180720 - Janaina Carvalho - Suck It Bitch}
mg_7474.jpg,683496,8be8c64b,\Exclusive\20180720 - Janaina Carvalho - Suck It Bitch\,{DT16~Excl~ME0PKV6X~20180720 - Janaina Carvalho - Suck It Bitch}
mg_7475.jpg,587021,9f23d538,\Exclusive\20180720 - Janaina Carvalho - Suck It Bitch\,{DT16~Excl~ME0PKV6X~20180720 - Janaina Carvalho - Suck It Bitch}
mg_7476.jpg,684378,cb98131e,\Exclusive\20180720 - Janaina Carvalho - Suck It Bitch\,{DT16~Excl~ME0PKV6X~20180720 - Janaina Carvalho - Suck It Bitch}
mg_7477.jpg,642136,ce9b1cbe,\Exclusive\20180720 - Janaina Carvalho - Suck It Bitch\,{DT16~Excl~ME0PKV6X~20180720 - Janaina Carvalho - Suck It Bitch}
mg_7478.jpg,613435,20127ab3,\Exclusive\20180720 - Janaina Carvalho - Suck It Bitch\,{DT16~Excl~ME0PKV6X~20180720 - Janaina Carvalho - Suck It Bitch}
mg_7479.jpg,678627,9707030a,\Exclusive\20180720 - Janaina Carvalho - Suck It Bitch\,{DT16~Excl~ME0PKV6X~20180720 - Janaina Carvalho - Suck It Bitch}
mg_7480.jpg,676187,47a9305d,\Exclusive\20180720 - Janaina Carvalho - Suck It Bitch\,{DT16~Excl~ME0PKV6X~20180720 - Janaina Carvalho - Suck It Bitch}
mg_7481.jpg,607262,f30ef4c3,\Exclusive\20180720 - Janaina Carvalho - Suck It Bitch\,{DT16~Excl~ME0PKV6X~20180720 - Janaina Carvalho - Suck It Bitch}
mg_7482.jpg,631968,39c17bed,\Exclusive\20180720 - Janaina Carvalho - Suck It Bitch\,{DT16~Excl~ME0PKV6X~20180720 - Janaina Carvalho - Suck It Bitch}
mg_7483.jpg,623653,06806674,\Exclusive\20180720 - Janaina Carvalho - Suck It Bitch\,{DT16~Excl~ME0PKV6X~20180720 - Janaina Carvalho - Suck It Bitch}
mg_7484.jpg,640725,fef05a4a,\Exclusive\20180720 - Janaina Carvalho - Suck It Bitch\,{DT16~Excl~ME0PKV6X~20180720 - Janaina Carvalho - Suck It Bitch}
mg_7485.jpg,648359,0a09a52a,\Exclusive\20180720 - Janaina Carvalho - Suck It Bitch\,{DT16~Excl~ME0PKV6X~20180720 - Janaina Carvalho - Suck It Bitch}
mg_7486.jpg,657623,22977107,\Exclusive\20180720 - Janaina Carvalho - Suck It Bitch\,{DT16~Excl~ME0PKV6X~20180720 - Janaina Carvalho - Suck It Bitch}
mg_7487.jpg,649641,0e4e95a3,\Exclusive\20180720 - Janaina Carvalho - Suck It Bitch\,{DT16~Excl~ME0PKV6X~20180720 - Janaina Carvalho - Suck It Bitch}
mg_7488.jpg,640086,ddc67c94,\Exclusive\20180720 - Janaina Carvalho - Suck It Bitch\,{DT16~Excl~ME0PKV6X~20180720 - Janaina Carvalho - Suck It Bitch}
mg_7489.jpg,659075,694f3606,\Exclusive\20180720 - Janaina Carvalho - Suck It Bitch\,{DT16~Excl~ME0PKV6X~20180720 - Janaina Carvalho - Suck It Bitch}
mg_7490.jpg,663356,26c0da2d,\Exclusive\20180720 - Janaina Carvalho - Suck It Bitch\,{DT16~Excl~ME0PKV6X~20180720 - Janaina Carvalho - Suck It Bitch}
mg_7491.jpg,720942,65412676,\Exclusive\20180720 - Janaina Carvalho - Suck It Bitch\,{DT16~Excl~ME0PKV6X~20180720 - Janaina Carvalho - Suck It Bitch}
mg_7492.jpg,576343,4878dc1a,\Exclusive\20180720 - Janaina Carvalho - Suck It Bitch\,{DT16~Excl~ME0PKV6X~20180720 - Janaina Carvalho - Suck It Bitch}
mg_7493.jpg,731106,ae07e171,\Exclusive\20180720 - Janaina Carvalho - Suck It Bitch\,{DT16~Excl~ME0PKV6X~20180720 - Janaina Carvalho - Suck It Bitch}
mg_7494.jpg,577152,7385e080,\Exclusive\20180720 - Janaina Carvalho - Suck It Bitch\,{DT16~Excl~ME0PKV6X~20180720 - Janaina Carvalho - Suck It Bitch}
mg_7495.jpg,597548,ce6f42f3,\Exclusive\20180720 - Janaina Carvalho - Suck It Bitch\,{DT16~Excl~ME0PKV6X~20180720 - Janaina Carvalho - Suck It Bitch}
mg_7499.jpg,705802,e671c42a,\Exclusive\20180720 - Janaina Carvalho - Suck It Bitch\,{DT16~Excl~ME0PKV6X~20180720 - Janaina Carvalho - Suck It Bitch}
mg_7501.jpg,630960,d866f434,\Exclusive\20180720 - Janaina Carvalho - Suck It Bitch\,{DT16~Excl~ME0PKV6X~20180720 - Janaina Carvalho - Suck It Bitch}
mg_7502.jpg,553853,f6df78d8,\Exclusive\20180720 - Janaina Carvalho - Suck It Bitch\,{DT16~Excl~ME0PKV6X~20180720 - Janaina Carvalho - Suck It Bitch}
mg_7503.jpg,659308,70d6f212,\Exclusive\20180720 - Janaina Carvalho - Suck It Bitch\,{DT16~Excl~ME0PKV6X~20180720 - Janaina Carvalho - Suck It Bitch}
mg_7504.jpg,622192,f959c010,\Exclusive\20180720 - Janaina Carvalho - Suck It Bitch\,{DT16~Excl~ME0PKV6X~20180720 - Janaina Carvalho - Suck It Bitch}
mg_7505.jpg,572967,683ce318,\Exclusive\20180720 - Janaina Carvalho - Suck It Bitch\,{DT16~Excl~ME0PKV6X~20180720 - Janaina Carvalho - Suck It Bitch}
mg_7506.jpg,655139,ab9c7b57,\Exclusive\20180720 - Janaina Carvalho - Suck It Bitch\,{DT16~Excl~ME0PKV6X~20180720 - Janaina Carvalho - Suck It Bitch}
mg_7507.jpg,611500,46f04ad6,\Exclusive\20180720 - Janaina Carvalho - Suck It Bitch\,{DT16~Excl~ME0PKV6X~20180720 - Janaina Carvalho - Suck It Bitch}
mg_7508.jpg,563865,91c0f2c7,\Exclusive\20180720 - Janaina Carvalho - Suck It Bitch\,{DT16~Excl~ME0PKV6X~20180720 - Janaina Carvalho - Suck It Bitch}
mg_7509.jpg,722796,c1c263ec,\Exclusive\20180720 - Janaina Carvalho - Suck It Bitch\,{DT16~Excl~ME0PKV6X~20180720 - Janaina Carvalho - Suck It Bitch}
mg_7510.jpg,654906,88e6797d,\Exclusive\20180720 - Janaina Carvalho - Suck It Bitch\,{DT16~Excl~ME0PKV6X~20180720 - Janaina Carvalho - Suck It Bitch}
mg_7511.jpg,632628,a5c82076,\Exclusive\20180720 - Janaina Carvalho - Suck It Bitch\,{DT16~Excl~ME0PKV6X~20180720 - Janaina Carvalho - Suck It Bitch}
mg_7512.jpg,528280,e8e8fabe,\Exclusive\20180720 - Janaina Carvalho - Suck It Bitch\,{DT16~Excl~ME0PKV6X~20180720 - Janaina Carvalho - Suck It Bitch}
mg_7513.jpg,550734,c1122d74,\Exclusive\20180720 - Janaina Carvalho - Suck It Bitch\,{DT16~Excl~ME0PKV6X~20180720 - Janaina Carvalho - Suck It Bitch}
mg_7514.jpg,584785,63fb2713,\Exclusive\20180720 - Janaina Carvalho - Suck It Bitch\,{DT16~Excl~ME0PKV6X~20180720 - Janaina Carvalho - Suck It Bitch}
mg_7515.jpg,576101,f779ae50,\Exclusive\20180720 - Janaina Carvalho - Suck It Bitch\,{DT16~Excl~ME0PKV6X~20180720 - Janaina Carvalho - Suck It Bitch}
mg_7516.jpg,582499,e703edc6,\Exclusive\20180720 - Janaina Carvalho - Suck It Bitch\,{DT16~Excl~ME0PKV6X~20180720 - Janaina Carvalho - Suck It Bitch}
mg_7518.jpg,564180,956a3e5c,\Exclusive\20180720 - Janaina Carvalho - Suck It Bitch\,{DT16~Excl~ME0PKV6X~20180720 - Janaina Carvalho - Suck It Bitch}
mg_7519.jpg,653969,8e569615,\Exclusive\20180720 - Janaina Carvalho - Suck It Bitch\,{DT16~Excl~ME0PKV6X~20180720 - Janaina Carvalho - Suck It Bitch}
mg_7520.jpg,564954,cb72fd8c,\Exclusive\20180720 - Janaina Carvalho - Suck It Bitch\,{DT16~Excl~ME0PKV6X~20180720 - Janaina Carvalho - Suck It Bitch}
mg_7521.jpg,589739,62b30916,\Exclusive\20180720 - Janaina Carvalho - Suck It Bitch\,{DT16~Excl~ME0PKV6X~20180720 - Janaina Carvalho - Suck It Bitch}
mg_7522.jpg,751389,90d539c1,\Exclusive\20180720 - Janaina Carvalho - Suck It Bitch\,{DT16~Excl~ME0PKV6X~20180720 - Janaina Carvalho - Suck It Bitch}
mg_7523.jpg,593174,817b3f4c,\Exclusive\20180720 - Janaina Carvalho - Suck It Bitch\,{DT16~Excl~ME0PKV6X~20180720 - Janaina Carvalho - Suck It Bitch}
mg_7524.jpg,550870,ddb2982e,\Exclusive\20180720 - Janaina Carvalho - Suck It Bitch\,{DT16~Excl~ME0PKV6X~20180720 - Janaina Carvalho - Suck It Bitch}
mg_7525.jpg,678082,e950b88a,\Exclusive\20180720 - Janaina Carvalho - Suck It Bitch\,{DT16~Excl~ME0PKV6X~20180720 - Janaina Carvalho - Suck It Bitch}
mg_7528.jpg,592575,bb2fafa0,\Exclusive\20180720 - Janaina Carvalho - Suck It Bitch\,{DT16~Excl~ME0PKV6X~20180720 - Janaina Carvalho - Suck It Bitch}
mg_7529.jpg,503137,065a33f6,\Exclusive\20180720 - Janaina Carvalho - Suck It Bitch\,{DT16~Excl~ME0PKV6X~20180720 - Janaina Carvalho - Suck It Bitch}
mg_7530.jpg,597403,7c40bc08,\Exclusive\20180720 - Janaina Carvalho - Suck It Bitch\,{DT16~Excl~ME0PKV6X~20180720 - Janaina Carvalho - Suck It Bitch}
mg_7531.jpg,481968,42c37942,\Exclusive\20180720 - Janaina Carvalho - Suck It Bitch\,{DT16~Excl~ME0PKV6X~20180720 - Janaina Carvalho - Suck It Bitch}
mg_7532.jpg,686992,26e40893,\Exclusive\20180720 - Janaina Carvalho - Suck It Bitch\,{DT16~Excl~ME0PKV6X~20180720 - Janaina Carvalho - Suck It Bitch}
mg_7534.jpg,499267,33191755,\Exclusive\20180720 - Janaina Carvalho - Suck It Bitch\,{DT16~Excl~ME0PKV6X~20180720 - Janaina Carvalho - Suck It Bitch}
mg_7537.jpg,718555,070f6e96,\Exclusive\20180720 - Janaina Carvalho - Suck It Bitch\,{DT16~Excl~ME0PKV6X~20180720 - Janaina Carvalho - Suck It Bitch}
mg_7538.jpg,675240,dc8c847e,\Exclusive\20180720 - Janaina Carvalho - Suck It Bitch\,{DT16~Excl~ME0PKV6X~20180720 - Janaina Carvalho - Suck It Bitch}
mg_7539.jpg,583660,16a2438a,\Exclusive\20180720 - Janaina Carvalho - Suck It Bitch\,{DT16~Excl~ME0PKV6X~20180720 - Janaina Carvalho - Suck It Bitch}
mg_7540.jpg,616929,5fe3b11e,\Exclusive\20180720 - Janaina Carvalho - Suck It Bitch\,{DT16~Excl~ME0PKV6X~20180720 - Janaina Carvalho - Suck It Bitch}
mg_7541.jpg,682547,48d8e652,\Exclusive\20180720 - Janaina Carvalho - Suck It Bitch\,{DT16~Excl~ME0PKV6X~20180720 - Janaina Carvalho - Suck It Bitch}
mg_7542.jpg,637682,1e101757,\Exclusive\20180720 - Janaina Carvalho - Suck It Bitch\,{DT16~Excl~ME0PKV6X~20180720 - Janaina Carvalho - Suck It Bitch}
mg_7543.jpg,593515,f0e8e98b,\Exclusive\20180720 - Janaina Carvalho - Suck It Bitch\,{DT16~Excl~ME0PKV6X~20180720 - Janaina Carvalho - Suck It Bitch}
mg_7545.jpg,656064,cc211740,\Exclusive\20180720 - Janaina Carvalho - Suck It Bitch\,{DT16~Excl~ME0PKV6X~20180720 - Janaina Carvalho - Suck It Bitch}
mg_7546.jpg,619891,1b7e334d,\Exclusive\20180720 - Janaina Carvalho - Suck It Bitch\,{DT16~Excl~ME0PKV6X~20180720 - Janaina Carvalho - Suck It Bitch}
mg_7547.jpg,594342,0095291b,\Exclusive\20180720 - Janaina Carvalho - Suck It Bitch\,{DT16~Excl~ME0PKV6X~20180720 - Janaina Carvalho - Suck It Bitch}
mg_7549.jpg,755853,a019a9a2,\Exclusive\20180720 - Janaina Carvalho - Suck It Bitch\,{DT16~Excl~ME0PKV6X~20180720 - Janaina Carvalho - Suck It Bitch}
mg_7550.jpg,602087,397c1361,\Exclusive\20180720 - Janaina Carvalho - Suck It Bitch\,{DT16~Excl~ME0PKV6X~20180720 - Janaina Carvalho - Suck It Bitch}
mg_7551.jpg,738069,83977e89,\Exclusive\20180720 - Janaina Carvalho - Suck It Bitch\,{DT16~Excl~ME0PKV6X~20180720 - Janaina Carvalho - Suck It Bitch}
mg_7553.jpg,708924,c1cdf395,\Exclusive\20180720 - Janaina Carvalho - Suck It Bitch\,{DT16~Excl~ME0PKV6X~20180720 - Janaina Carvalho - Suck It Bitch}
mg_7554.jpg,619294,eb15d6d9,\Exclusive\20180720 - Janaina Carvalho - Suck It Bitch\,{DT16~Excl~ME0PKV6X~20180720 - Janaina Carvalho - Suck It Bitch}
mg_7555.jpg,853108,f0bcfa2a,\Exclusive\20180720 - Janaina Carvalho - Suck It Bitch\,{DT16~Excl~ME0PKV6X~20180720 - Janaina Carvalho - Suck It Bitch}
mg_7556.jpg,576533,bcd20885,\Exclusive\20180720 - Janaina Carvalho - Suck It Bitch\,{DT16~Excl~ME0PKV6X~20180720 - Janaina Carvalho - Suck It Bitch}
mg_7557.jpg,635632,899e1897,\Exclusive\20180720 - Janaina Carvalho - Suck It Bitch\,{DT16~Excl~ME0PKV6X~20180720 - Janaina Carvalho - Suck It Bitch}
mg_7560.jpg,512574,4cbf0cbc,\Exclusive\20180720 - Janaina Carvalho - Suck It Bitch\,{DT16~Excl~ME0PKV6X~20180720 - Janaina Carvalho - Suck It Bitch}
mg_7561.jpg,576222,9b2575fb,\Exclusive\20180720 - Janaina Carvalho - Suck It Bitch\,{DT16~Excl~ME0PKV6X~20180720 - Janaina Carvalho - Suck It Bitch}
mg_7562.jpg,785533,428eb4b5,\Exclusive\20180720 - Janaina Carvalho - Suck It Bitch\,{DT16~Excl~ME0PKV6X~20180720 - Janaina Carvalho - Suck It Bitch}
mg_7563.jpg,535912,27e423bc,\Exclusive\20180720 - Janaina Carvalho - Suck It Bitch\,{DT16~Excl~ME0PKV6X~20180720 - Janaina Carvalho - Suck It Bitch}
mg_7564.jpg,588089,4ec710e1,\Exclusive\20180720 - Janaina Carvalho - Suck It Bitch\,{DT16~Excl~ME0PKV6X~20180720 - Janaina Carvalho - Suck It Bitch}
mg_7565.jpg,757788,1cf10e90,\Exclusive\20180720 - Janaina Carvalho - Suck It Bitch\,{DT16~Excl~ME0PKV6X~20180720 - Janaina Carvalho - Suck It Bitch}
mg_7567.jpg,790797,b8fe0003,\Exclusive\20180720 - Janaina Carvalho - Suck It Bitch\,{DT16~Excl~ME0PKV6X~20180720 - Janaina Carvalho - Suck It Bitch}
mg_7572.jpg,581422,edf458ef,\Exclusive\20180720 - Janaina Carvalho - Suck It Bitch\,{DT16~Excl~ME0PKV6X~20180720 - Janaina Carvalho - Suck It Bitch}
mg_7573.jpg,624882,f2fcb96b,\Exclusive\20180720 - Janaina Carvalho - Suck It Bitch\,{DT16~Excl~ME0PKV6X~20180720 - Janaina Carvalho - Suck It Bitch}
mg_7578.jpg,590143,3f33f9c9,\Exclusive\20180720 - Janaina Carvalho - Suck It Bitch\,{DT16~Excl~ME0PKV6X~20180720 - Janaina Carvalho - Suck It Bitch}
mg_7579.jpg,548999,0164d959,\Exclusive\20180720 - Janaina Carvalho - Suck It Bitch\,{DT16~Excl~ME0PKV6X~20180720 - Janaina Carvalho - Suck It Bitch}
mg_7580.jpg,544212,dcee3a25,\Exclusive\20180720 - Janaina Carvalho - Suck It Bitch\,{DT16~Excl~ME0PKV6X~20180720 - Janaina Carvalho - Suck It Bitch}
mg_7581.jpg,643943,b0f430bf,\Exclusive\20180720 - Janaina Carvalho - Suck It Bitch\,{DT16~Excl~ME0PKV6X~20180720 - Janaina Carvalho - Suck It Bitch}
mg_7582.jpg,522931,acd35392,\Exclusive\20180720 - Janaina Carvalho - Suck It Bitch\,{DT16~Excl~ME0PKV6X~20180720 - Janaina Carvalho - Suck It Bitch}
mg_7583.jpg,604846,b45cb67e,\Exclusive\20180720 - Janaina Carvalho - Suck It Bitch\,{DT16~Excl~ME0PKV6X~20180720 - Janaina Carvalho - Suck It Bitch}
mg_7585.jpg,624111,0e78ffdd,\Exclusive\20180720 - Janaina Carvalho - Suck It Bitch\,{DT16~Excl~ME0PKV6X~20180720 - Janaina Carvalho - Suck It Bitch}
mg_7586.jpg,570466,56c6ffe3,\Exclusive\20180720 - Janaina Carvalho - Suck It Bitch\,{DT16~Excl~ME0PKV6X~20180720 - Janaina Carvalho - Suck It Bitch}
mg_7588.jpg,679447,65c2da89,\Exclusive\20180720 - Janaina Carvalho - Suck It Bitch\,{DT16~Excl~ME0PKV6X~20180720 - Janaina Carvalho - Suck It Bitch}
mg_7589.jpg,682422,fce65ce0,\Exclusive\20180720 - Janaina Carvalho - Suck It Bitch\,{DT16~Excl~ME0PKV6X~20180720 - Janaina Carvalho - Suck It Bitch}
mg_7608.jpg,792763,26371b51,\Exclusive\20180720 - Janaina Carvalho - Suck It Bitch\,{DT16~Excl~ME0PKV6X~20180720 - Janaina Carvalho - Suck It Bitch}
mg_7610.jpg,676047,9185b520,\Exclusive\20180720 - Janaina Carvalho - Suck It Bitch\,{DT16~Excl~ME0PKV6X~20180720 - Janaina Carvalho - Suck It Bitch}
mg_7611.jpg,1041751,e29cdbbd,\Exclusive\20180720 - Janaina Carvalho - Suck It Bitch\,{DT16~Excl~ME0PKV6X~20180720 - Janaina Carvalho - Suck It Bitch}
mg_7612.jpg,859153,a976d122,\Exclusive\20180720 - Janaina Carvalho - Suck It Bitch\,{DT16~Excl~ME0PKV6X~20180720 - Janaina Carvalho - Suck It Bitch}
mg_7613.jpg,966741,b3ffc8f1,\Exclusive\20180720 - Janaina Carvalho - Suck It Bitch\,{DT16~Excl~ME0PKV6X~20180720 - Janaina Carvalho - Suck It Bitch}
mg_7614.jpg,940874,268cac40,\Exclusive\20180720 - Janaina Carvalho - Suck It Bitch\,{DT16~Excl~ME0PKV6X~20180720 - Janaina Carvalho - Suck It Bitch}
mg_7615.jpg,1045035,69954047,\Exclusive\20180720 - Janaina Carvalho - Suck It Bitch\,{DT16~Excl~ME0PKV6X~20180720 - Janaina Carvalho - Suck It Bitch}
mg_7616.jpg,1015887,f072b62d,\Exclusive\20180720 - Janaina Carvalho - Suck It Bitch\,{DT16~Excl~ME0PKV6X~20180720 - Janaina Carvalho - Suck It Bitch}
mg_7617.jpg,947991,a65efd58,\Exclusive\20180720 - Janaina Carvalho - Suck It Bitch\,{DT16~Excl~ME0PKV6X~20180720 - Janaina Carvalho - Suck It Bitch}
mg_7618.jpg,974227,907eac41,\Exclusive\20180720 - Janaina Carvalho - Suck It Bitch\,{DT16~Excl~ME0PKV6X~20180720 - Janaina Carvalho - Suck It Bitch}
mg_7822.jpg,616514,f89ab22c,\Exclusive\20180720 - Janaina Carvalho - Suck It Bitch\,{DT16~Excl~ME0PKV6X~20180720 - Janaina Carvalho - Suck It Bitch}
mg_7823.jpg,572969,24c99f09,\Exclusive\20180720 - Janaina Carvalho - Suck It Bitch\,{DT16~Excl~ME0PKV6X~20180720 - Janaina Carvalho - Suck It Bitch}
mg_7824.jpg,697897,e489bdcc,\Exclusive\20180720 - Janaina Carvalho - Suck It Bitch\,{DT16~Excl~ME0PKV6X~20180720 - Janaina Carvalho - Suck It Bitch}
mg_7825.jpg,646388,bcc9fa6e,\Exclusive\20180720 - Janaina Carvalho - Suck It Bitch\,{DT16~Excl~ME0PKV6X~20180720 - Janaina Carvalho - Suck It Bitch}
mg_7826.jpg,840188,ffb7ed87,\Exclusive\20180720 - Janaina Carvalho - Suck It Bitch\,{DT16~Excl~ME0PKV6X~20180720 - Janaina Carvalho - Suck It Bitch}
mg_7847.jpg,552416,c68b7f6e,\Exclusive\20180720 - Janaina Carvalho - Suck It Bitch\,{DT16~Excl~ME0PKV6X~20180720 - Janaina Carvalho - Suck It Bitch}
mg_7848.jpg,555426,3f236177,\Exclusive\20180720 - Janaina Carvalho - Suck It Bitch\,{DT16~Excl~ME0PKV6X~20180720 - Janaina Carvalho - Suck It Bitch}
mg_7852.jpg,531329,86231922,\Exclusive\20180720 - Janaina Carvalho - Suck It Bitch\,{DT16~Excl~ME0PKV6X~20180720 - Janaina Carvalho - Suck It Bitch}
mg_7853.jpg,501555,ca44a658,\Exclusive\20180720 - Janaina Carvalho - Suck It Bitch\,{DT16~Excl~ME0PKV6X~20180720 - Janaina Carvalho - Suck It Bitch}
mg_7854.jpg,505201,fcf3de75,\Exclusive\20180720 - Janaina Carvalho - Suck It Bitch\,{DT16~Excl~ME0PKV6X~20180720 - Janaina Carvalho - Suck It Bitch}
mg_7855.jpg,499524,7d74923c,\Exclusive\20180720 - Janaina Carvalho - Suck It Bitch\,{DT16~Excl~ME0PKV6X~20180720 - Janaina Carvalho - Suck It Bitch}
mg_7856.jpg,467887,09910644,\Exclusive\20180720 - Janaina Carvalho - Suck It Bitch\,{DT16~Excl~ME0PKV6X~20180720 - Janaina Carvalho - Suck It Bitch}
mg_7866.jpg,537666,4abe1f77,\Exclusive\20180720 - Janaina Carvalho - Suck It Bitch\,{DT16~Excl~ME0PKV6X~20180720 - Janaina Carvalho - Suck It Bitch}
mg_7867.jpg,545264,556789a1,\Exclusive\20180720 - Janaina Carvalho - Suck It Bitch\,{DT16~Excl~ME0PKV6X~20180720 - Janaina Carvalho - Suck It Bitch}
mg_7868.jpg,518882,4377ee26,\Exclusive\20180720 - Janaina Carvalho - Suck It Bitch\,{DT16~Excl~ME0PKV6X~20180720 - Janaina Carvalho - Suck It Bitch}
mg_7869.jpg,489362,2203c081,\Exclusive\20180720 - Janaina Carvalho - Suck It Bitch\,{DT16~Excl~ME0PKV6X~20180720 - Janaina Carvalho - Suck It Bitch}
mg_7870.jpg,545213,1da33318,\Exclusive\20180720 - Janaina Carvalho - Suck It Bitch\,{DT16~Excl~ME0PKV6X~20180720 - Janaina Carvalho - Suck It Bitch}
mg_7872.jpg,630493,840b9c1a,\Exclusive\20180720 - Janaina Carvalho - Suck It Bitch\,{DT16~Excl~ME0PKV6X~20180720 - Janaina Carvalho - Suck It Bitch}
mg_7873.jpg,622148,e239ee8c,\Exclusive\20180720 - Janaina Carvalho - Suck It Bitch\,{DT16~Excl~ME0PKV6X~20180720 - Janaina Carvalho - Suck It Bitch}
mg_7874.jpg,506352,4dc1181d,\Exclusive\20180720 - Janaina Carvalho - Suck It Bitch\,{DT16~Excl~ME0PKV6X~20180720 - Janaina Carvalho - Suck It Bitch}
mg_7875.jpg,537391,a3db5435,\Exclusive\20180720 - Janaina Carvalho - Suck It Bitch\,{DT16~Excl~ME0PKV6X~20180720 - Janaina Carvalho - Suck It Bitch}
mg_7876.jpg,517036,9fea62c6,\Exclusive\20180720 - Janaina Carvalho - Suck It Bitch\,{DT16~Excl~ME0PKV6X~20180720 - Janaina Carvalho - Suck It Bitch}
mg_7877.jpg,589318,5f48fd4c,\Exclusive\20180720 - Janaina Carvalho - Suck It Bitch\,{DT16~Excl~ME0PKV6X~20180720 - Janaina Carvalho - Suck It Bitch}
mg_7878.jpg,593954,c7ebd4c3,\Exclusive\20180720 - Janaina Carvalho - Suck It Bitch\,{DT16~Excl~ME0PKV6X~20180720 - Janaina Carvalho - Suck It Bitch}
mg_7879.jpg,620164,745cf439,\Exclusive\20180720 - Janaina Carvalho - Suck It Bitch\,{DT16~Excl~ME0PKV6X~20180720 - Janaina Carvalho - Suck It Bitch}
mg_7881.jpg,644445,1795090a,\Exclusive\20180720 - Janaina Carvalho - Suck It Bitch\,{DT16~Excl~ME0PKV6X~20180720 - Janaina Carvalho - Suck It Bitch}
mg_7882.jpg,608451,c4406b76,\Exclusive\20180720 - Janaina Carvalho - Suck It Bitch\,{DT16~Excl~ME0PKV6X~20180720 - Janaina Carvalho - Suck It Bitch}
mg_7884.jpg,497716,624f88cf,\Exclusive\20180720 - Janaina Carvalho - Suck It Bitch\,{DT16~Excl~ME0PKV6X~20180720 - Janaina Carvalho - Suck It Bitch}
mg_7885.jpg,481038,1a44b641,\Exclusive\20180720 - Janaina Carvalho - Suck It Bitch\,{DT16~Excl~ME0PKV6X~20180720 - Janaina Carvalho - Suck It Bitch}
mg_7886.jpg,527310,fe0a235a,\Exclusive\20180720 - Janaina Carvalho - Suck It Bitch\,{DT16~Excl~ME0PKV6X~20180720 - Janaina Carvalho - Suck It Bitch}
mg_7887.jpg,491096,d145025e,\Exclusive\20180720 - Janaina Carvalho - Suck It Bitch\,{DT16~Excl~ME0PKV6X~20180720 - Janaina Carvalho - Suck It Bitch}
mg_7888.jpg,589149,a6df523d,\Exclusive\20180720 - Janaina Carvalho - Suck It Bitch\,{DT16~Excl~ME0PKV6X~20180720 - Janaina Carvalho - Suck It Bitch}
mg_7889.jpg,488730,b8f2a3c4,\Exclusive\20180720 - Janaina Carvalho - Suck It Bitch\,{DT16~Excl~ME0PKV6X~20180720 - Janaina Carvalho - Suck It Bitch}
mg_7890.jpg,505086,3913e4d0,\Exclusive\20180720 - Janaina Carvalho - Suck It Bitch\,{DT16~Excl~ME0PKV6X~20180720 - Janaina Carvalho - Suck It Bitch}
mg_7891.jpg,518073,3da17a29,\Exclusive\20180720 - Janaina Carvalho - Suck It Bitch\,{DT16~Excl~ME0PKV6X~20180720 - Janaina Carvalho - Suck It Bitch}
mg_7892.jpg,582876,5c79d689,\Exclusive\20180720 - Janaina Carvalho - Suck It Bitch\,{DT16~Excl~ME0PKV6X~20180720 - Janaina Carvalho - Suck It Bitch}
mg_7893.jpg,551491,9db49f81,\Exclusive\20180720 - Janaina Carvalho - Suck It Bitch\,{DT16~Excl~ME0PKV6X~20180720 - Janaina Carvalho - Suck It Bitch}
mg_7895.jpg,581501,b2759717,\Exclusive\20180720 - Janaina Carvalho - Suck It Bitch\,{DT16~Excl~ME0PKV6X~20180720 - Janaina Carvalho - Suck It Bitch}
mg_7896.jpg,522217,43577d7f,\Exclusive\20180720 - Janaina Carvalho - Suck It Bitch\,{DT16~Excl~ME0PKV6X~20180720 - Janaina Carvalho - Suck It Bitch}
mg_7898.jpg,487135,e0d74a12,\Exclusive\20180720 - Janaina Carvalho - Suck It Bitch\,{DT16~Excl~ME0PKV6X~20180720 - Janaina Carvalho - Suck It Bitch}
mg_7900.jpg,505553,ceb23b2e,\Exclusive\20180720 - Janaina Carvalho - Suck It Bitch\,{DT16~Excl~ME0PKV6X~20180720 - Janaina Carvalho - Suck It Bitch}
mg_7903.jpg,436408,178f3b42,\Exclusive\20180720 - Janaina Carvalho - Suck It Bitch\,{DT16~Excl~ME0PKV6X~20180720 - Janaina Carvalho - Suck It Bitch}
mg_7906.jpg,506328,fb87b8df,\Exclusive\20180720 - Janaina Carvalho - Suck It Bitch\,{DT16~Excl~ME0PKV6X~20180720 - Janaina Carvalho - Suck It Bitch}
mg_7907.jpg,545439,49acd549,\Exclusive\20180720 - Janaina Carvalho - Suck It Bitch\,{DT16~Excl~ME0PKV6X~20180720 - Janaina Carvalho - Suck It Bitch}
mg_7908.jpg,443485,418ac1ef,\Exclusive\20180720 - Janaina Carvalho - Suck It Bitch\,{DT16~Excl~ME0PKV6X~20180720 - Janaina Carvalho - Suck It Bitch}
mg_7909.jpg,574455,2fba614f,\Exclusive\20180720 - Janaina Carvalho - Suck It Bitch\,{DT16~Excl~ME0PKV6X~20180720 - Janaina Carvalho - Suck It Bitch}
mg_7910.jpg,431860,480fa615,\Exclusive\20180720 - Janaina Carvalho - Suck It Bitch\,{DT16~Excl~ME0PKV6X~20180720 - Janaina Carvalho - Suck It Bitch}
mg_7911.jpg,523374,0167c5db,\Exclusive\20180720 - Janaina Carvalho - Suck It Bitch\,{DT16~Excl~ME0PKV6X~20180720 - Janaina Carvalho - Suck It Bitch}
mg_7912.jpg,481702,654d47be,\Exclusive\20180720 - Janaina Carvalho - Suck It Bitch\,{DT16~Excl~ME0PKV6X~20180720 - Janaina Carvalho - Suck It Bitch}
mg_7914.jpg,488946,58fc1243,\Exclusive\20180720 - Janaina Carvalho - Suck It Bitch\,{DT16~Excl~ME0PKV6X~20180720 - Janaina Carvalho - Suck It Bitch}
mg_7915.jpg,490415,3e901d05,\Exclusive\20180720 - Janaina Carvalho - Suck It Bitch\,{DT16~Excl~ME0PKV6X~20180720 - Janaina Carvalho - Suck It Bitch}
mg_7916.jpg,526285,016ab7e2,\Exclusive\20180720 - Janaina Carvalho - Suck It Bitch\,{DT16~Excl~ME0PKV6X~20180720 - Janaina Carvalho - Suck It Bitch}
mg_7917.jpg,572404,d04c4013,\Exclusive\20180720 - Janaina Carvalho - Suck It Bitch\,{DT16~Excl~ME0PKV6X~20180720 - Janaina Carvalho - Suck It Bitch}
mg_7918.jpg,520717,fc4b57d6,\Exclusive\20180720 - Janaina Carvalho - Suck It Bitch\,{DT16~Excl~ME0PKV6X~20180720 - Janaina Carvalho - Suck It Bitch}
mg_7919.jpg,521741,209ff516,\Exclusive\20180720 - Janaina Carvalho - Suck It Bitch\,{DT16~Excl~ME0PKV6X~20180720 - Janaina Carvalho - Suck It Bitch}
mg_7922.jpg,511506,9ef49fa2,\Exclusive\20180720 - Janaina Carvalho - Suck It Bitch\,{DT16~Excl~ME0PKV6X~20180720 - Janaina Carvalho - Suck It Bitch}
mg_7923.jpg,467288,4850f9c4,\Exclusive\20180720 - Janaina Carvalho - Suck It Bitch\,{DT16~Excl~ME0PKV6X~20180720 - Janaina Carvalho - Suck It Bitch}
mg_7924.jpg,498956,264fa4a2,\Exclusive\20180720 - Janaina Carvalho - Suck It Bitch\,{DT16~Excl~ME0PKV6X~20180720 - Janaina Carvalho - Suck It Bitch}
mg_7925.jpg,538372,1a4eb9db,\Exclusive\20180720 - Janaina Carvalho - Suck It Bitch\,{DT16~Excl~ME0PKV6X~20180720 - Janaina Carvalho - Suck It Bitch}
mg_7927.jpg,492975,6fd4ba06,\Exclusive\20180720 - Janaina Carvalho - Suck It Bitch\,{DT16~Excl~ME0PKV6X~20180720 - Janaina Carvalho - Suck It Bitch}
mg_7928.jpg,505867,5b7dcfd3,\Exclusive\20180720 - Janaina Carvalho - Suck It Bitch\,{DT16~Excl~ME0PKV6X~20180720 - Janaina Carvalho - Suck It Bitch}
mg_7930.jpg,632916,c9e89938,\Exclusive\20180720 - Janaina Carvalho - Suck It Bitch\,{DT16~Excl~ME0PKV6X~20180720 - Janaina Carvalho - Suck It Bitch}
mg_7931.jpg,625995,26351414,\Exclusive\20180720 - Janaina Carvalho - Suck It Bitch\,{DT16~Excl~ME0PKV6X~20180720 - Janaina Carvalho - Suck It Bitch}
mg_7933.jpg,516845,19a750f9,\Exclusive\20180720 - Janaina Carvalho - Suck It Bitch\,{DT16~Excl~ME0PKV6X~20180720 - Janaina Carvalho - Suck It Bitch}
mg_7934.jpg,485982,87801adb,\Exclusive\20180720 - Janaina Carvalho - Suck It Bitch\,{DT16~Excl~ME0PKV6X~20180720 - Janaina Carvalho - Suck It Bitch}
mg_7936.jpg,551040,74d29e13,\Exclusive\20180720 - Janaina Carvalho - Suck It Bitch\,{DT16~Excl~ME0PKV6X~20180720 - Janaina Carvalho - Suck It Bitch}
mg_7937.jpg,482196,eeb48fc1,\Exclusive\20180720 - Janaina Carvalho - Suck It Bitch\,{DT16~Excl~ME0PKV6X~20180720 - Janaina Carvalho - Suck It Bitch}
mg_7938.jpg,624573,754cb96a,\Exclusive\20180720 - Janaina Carvalho - Suck It Bitch\,{DT16~Excl~ME0PKV6X~20180720 - Janaina Carvalho - Suck It Bitch}
mg_7940.jpg,688459,becf1e59,\Exclusive\20180720 - Janaina Carvalho - Suck It Bitch\,{DT16~Excl~ME0PKV6X~20180720 - Janaina Carvalho - Suck It Bitch}
mg_7942.jpg,850527,6debc8b1,\Exclusive\20180720 - Janaina Carvalho - Suck It Bitch\,{DT16~Excl~ME0PKV6X~20180720 - Janaina Carvalho - Suck It Bitch}
mg_7943.jpg,486362,5d799bd4,\Exclusive\20180720 - Janaina Carvalho - Suck It Bitch\,{DT16~Excl~ME0PKV6X~20180720 - Janaina Carvalho - Suck It Bitch}
mg_7944.jpg,637549,4817d6d6,\Exclusive\20180720 - Janaina Carvalho - Suck It Bitch\,{DT16~Excl~ME0PKV6X~20180720 - Janaina Carvalho - Suck It Bitch}
mg_7945.jpg,542555,de6f0260,\Exclusive\20180720 - Janaina Carvalho - Suck It Bitch\,{DT16~Excl~ME0PKV6X~20180720 - Janaina Carvalho - Suck It Bitch}
mg_7946.jpg,589846,eb3af444,\Exclusive\20180720 - Janaina Carvalho - Suck It Bitch\,{DT16~Excl~ME0PKV6X~20180720 - Janaina Carvalho - Suck It Bitch}
mg_7947.jpg,517852,2aa81a0a,\Exclusive\20180720 - Janaina Carvalho - Suck It Bitch\,{DT16~Excl~ME0PKV6X~20180720 - Janaina Carvalho - Suck It Bitch}
mg_7948.jpg,551754,146be71d,\Exclusive\20180720 - Janaina Carvalho - Suck It Bitch\,{DT16~Excl~ME0PKV6X~20180720 - Janaina Carvalho - Suck It Bitch}
mg_7949.jpg,481649,88950e4b,\Exclusive\20180720 - Janaina Carvalho - Suck It Bitch\,{DT16~Excl~ME0PKV6X~20180720 - Janaina Carvalho - Suck It Bitch}
mg_7952.jpg,520243,2fa8dc26,\Exclusive\20180720 - Janaina Carvalho - Suck It Bitch\,{DT16~Excl~ME0PKV6X~20180720 - Janaina Carvalho - Suck It Bitch}
mg_7954.jpg,509900,d2f60fc6,\Exclusive\20180720 - Janaina Carvalho - Suck It Bitch\,{DT16~Excl~ME0PKV6X~20180720 - Janaina Carvalho - Suck It Bitch}
mg_7955.jpg,428949,03c5bb36,\Exclusive\20180720 - Janaina Carvalho - Suck It Bitch\,{DT16~Excl~ME0PKV6X~20180720 - Janaina Carvalho - Suck It Bitch}
mg_7956.jpg,578520,4cf97399,\Exclusive\20180720 - Janaina Carvalho - Suck It Bitch\,{DT16~Excl~ME0PKV6X~20180720 - Janaina Carvalho - Suck It Bitch}
mg_7957.jpg,538982,8cd7c543,\Exclusive\20180720 - Janaina Carvalho - Suck It Bitch\,{DT16~Excl~ME0PKV6X~20180720 - Janaina Carvalho - Suck It Bitch}
mg_7959.jpg,552648,671bbca9,\Exclusive\20180720 - Janaina Carvalho - Suck It Bitch\,{DT16~Excl~ME0PKV6X~20180720 - Janaina Carvalho - Suck It Bitch}
mg_7960.jpg,511616,e7b57847,\Exclusive\20180720 - Janaina Carvalho - Suck It Bitch\,{DT16~Excl~ME0PKV6X~20180720 - Janaina Carvalho - Suck It Bitch}
mg_7961.jpg,648455,63696d6a,\Exclusive\20180720 - Janaina Carvalho - Suck It Bitch\,{DT16~Excl~ME0PKV6X~20180720 - Janaina Carvalho - Suck It Bitch}
mg_7962.jpg,489778,f5b2c94e,\Exclusive\20180720 - Janaina Carvalho - Suck It Bitch\,{DT16~Excl~ME0PKV6X~20180720 - Janaina Carvalho - Suck It Bitch}
mg_7963.jpg,497153,41016ac1,\Exclusive\20180720 - Janaina Carvalho - Suck It Bitch\,{DT16~Excl~ME0PKV6X~20180720 - Janaina Carvalho - Suck It Bitch}
mg_7964.jpg,831236,02bb605f,\Exclusive\20180720 - Janaina Carvalho - Suck It Bitch\,{DT16~Excl~ME0PKV6X~20180720 - Janaina Carvalho - Suck It Bitch}
mg_7965.jpg,520454,9a0115ab,\Exclusive\20180720 - Janaina Carvalho - Suck It Bitch\,{DT16~Excl~ME0PKV6X~20180720 - Janaina Carvalho - Suck It Bitch}
mg_7967.jpg,470157,65a03463,\Exclusive\20180720 - Janaina Carvalho - Suck It Bitch\,{DT16~Excl~ME0PKV6X~20180720 - Janaina Carvalho - Suck It Bitch}
mg_7968.jpg,462209,f2344073,\Exclusive\20180720 - Janaina Carvalho - Suck It Bitch\,{DT16~Excl~ME0PKV6X~20180720 - Janaina Carvalho - Suck It Bitch}
mg_7969.jpg,513837,ba5e56e4,\Exclusive\20180720 - Janaina Carvalho - Suck It Bitch\,{DT16~Excl~ME0PKV6X~20180720 - Janaina Carvalho - Suck It Bitch}
mg_7971.jpg,498376,c2cc4da9,\Exclusive\20180720 - Janaina Carvalho - Suck It Bitch\,{DT16~Excl~ME0PKV6X~20180720 - Janaina Carvalho - Suck It Bitch}
mg_7972.jpg,416278,ff5396a5,\Exclusive\20180720 - Janaina Carvalho - Suck It Bitch\,{DT16~Excl~ME0PKV6X~20180720 - Janaina Carvalho - Suck It Bitch}
mg_7973.jpg,419927,c1beeced,\Exclusive\20180720 - Janaina Carvalho - Suck It Bitch\,{DT16~Excl~ME0PKV6X~20180720 - Janaina Carvalho - Suck It Bitch}
mg_7974.jpg,446921,1462b8a5,\Exclusive\20180720 - Janaina Carvalho - Suck It Bitch\,{DT16~Excl~ME0PKV6X~20180720 - Janaina Carvalho - Suck It Bitch}
mg_7975.jpg,472224,3da703e0,\Exclusive\20180720 - Janaina Carvalho - Suck It Bitch\,{DT16~Excl~ME0PKV6X~20180720 - Janaina Carvalho - Suck It Bitch}
mg_7976.jpg,475071,ff008410,\Exclusive\20180720 - Janaina Carvalho - Suck It Bitch\,{DT16~Excl~ME0PKV6X~20180720 - Janaina Carvalho - Suck It Bitch}
mg_7977.jpg,452420,63a6bd99,\Exclusive\20180720 - Janaina Carvalho - Suck It Bitch\,{DT16~Excl~ME0PKV6X~20180720 - Janaina Carvalho - Suck It Bitch}
mg_7978.jpg,503133,3e1b6d0c,\Exclusive\20180720 - Janaina Carvalho - Suck It Bitch\,{DT16~Excl~ME0PKV6X~20180720 - Janaina Carvalho - Suck It Bitch}
mg_7979.jpg,484724,0ab94501,\Exclusive\20180720 - Janaina Carvalho - Suck It Bitch\,{DT16~Excl~ME0PKV6X~20180720 - Janaina Carvalho - Suck It Bitch}
mg_7981.jpg,461310,b43a2dd2,\Exclusive\20180720 - Janaina Carvalho - Suck It Bitch\,{DT16~Excl~ME0PKV6X~20180720 - Janaina Carvalho - Suck It Bitch}
mg_7982.jpg,488076,b6bfa449,\Exclusive\20180720 - Janaina Carvalho - Suck It Bitch\,{DT16~Excl~ME0PKV6X~20180720 - Janaina Carvalho - Suck It Bitch}
mg_7983.jpg,450661,6fe85c70,\Exclusive\20180720 - Janaina Carvalho - Suck It Bitch\,{DT16~Excl~ME0PKV6X~20180720 - Janaina Carvalho - Suck It Bitch}
mg_7984.jpg,433163,ced59d28,\Exclusive\20180720 - Janaina Carvalho - Suck It Bitch\,{DT16~Excl~ME0PKV6X~20180720 - Janaina Carvalho - Suck It Bitch}
mg_7985.jpg,475087,71c9cf0a,\Exclusive\20180720 - Janaina Carvalho - Suck It Bitch\,{DT16~Excl~ME0PKV6X~20180720 - Janaina Carvalho - Suck It Bitch}
mg_7986.jpg,455481,2312b50f,\Exclusive\20180720 - Janaina Carvalho - Suck It Bitch\,{DT16~Excl~ME0PKV6X~20180720 - Janaina Carvalho - Suck It Bitch}
mg_7989.jpg,499837,a4533bdb,\Exclusive\20180720 - Janaina Carvalho - Suck It Bitch\,{DT16~Excl~ME0PKV6X~20180720 - Janaina Carvalho - Suck It Bitch}
mg_7990.jpg,535023,dd7fc2da,\Exclusive\20180720 - Janaina Carvalho - Suck It Bitch\,{DT16~Excl~ME0PKV6X~20180720 - Janaina Carvalho - Suck It Bitch}
mg_7991.jpg,514184,fd0f4d8f,\Exclusive\20180720 - Janaina Carvalho - Suck It Bitch\,{DT16~Excl~ME0PKV6X~20180720 - Janaina Carvalho - Suck It Bitch}
mg_7992.jpg,511169,783009e3,\Exclusive\20180720 - Janaina Carvalho - Suck It Bitch\,{DT16~Excl~ME0PKV6X~20180720 - Janaina Carvalho - Suck It Bitch}
mg_7995.jpg,469341,738b6c4a,\Exclusive\20180720 - Janaina Carvalho - Suck It Bitch\,{DT16~Excl~ME0PKV6X~20180720 - Janaina Carvalho - Suck It Bitch}
mg_7997.jpg,439773,0687a32c,\Exclusive\20180720 - Janaina Carvalho - Suck It Bitch\,{DT16~Excl~ME0PKV6X~20180720 - Janaina Carvalho - Suck It Bitch}
mg_7998.jpg,438892,93f5dade,\Exclusive\20180720 - Janaina Carvalho - Suck It Bitch\,{DT16~Excl~ME0PKV6X~20180720 - Janaina Carvalho - Suck It Bitch}
mg_7999.jpg,507130,7d3280ea,\Exclusive\20180720 - Janaina Carvalho - Suck It Bitch\,{DT16~Excl~ME0PKV6X~20180720 - Janaina Carvalho - Suck It Bitch}
mg_8000.jpg,549643,528f5dbc,\Exclusive\20180720 - Janaina Carvalho - Suck It Bitch\,{DT16~Excl~ME0PKV6X~20180720 - Janaina Carvalho - Suck It Bitch}
mg_8001.jpg,513672,ae57f284,\Exclusive\20180720 - Janaina Carvalho - Suck It Bitch\,{DT16~Excl~ME0PKV6X~20180720 - Janaina Carvalho - Suck It Bitch}
mg_8002.jpg,503356,8df36e89,\Exclusive\20180720 - Janaina Carvalho - Suck It Bitch\,{DT16~Excl~ME0PKV6X~20180720 - Janaina Carvalho - Suck It Bitch}
mg_8004.jpg,636260,9ce1cdbb,\Exclusive\20180720 - Janaina Carvalho - Suck It Bitch\,{DT16~Excl~ME0PKV6X~20180720 - Janaina Carvalho - Suck It Bitch}
mg_8005.jpg,583190,93138634,\Exclusive\20180720 - Janaina Carvalho - Suck It Bitch\,{DT16~Excl~ME0PKV6X~20180720 - Janaina Carvalho - Suck It Bitch}
mg_8006.jpg,562804,cb151aa6,\Exclusive\20180720 - Janaina Carvalho - Suck It Bitch\,{DT16~Excl~ME0PKV6X~20180720 - Janaina Carvalho - Suck It Bitch}
mg_8007.jpg,524135,92288483,\Exclusive\20180720 - Janaina Carvalho - Suck It Bitch\,{DT16~Excl~ME0PKV6X~20180720 - Janaina Carvalho - Suck It Bitch}
mg_8009.jpg,516358,e2758bf7,\Exclusive\20180720 - Janaina Carvalho - Suck It Bitch\,{DT16~Excl~ME0PKV6X~20180720 - Janaina Carvalho - Suck It Bitch}
mg_8010.jpg,544853,fe5ac340,\Exclusive\20180720 - Janaina Carvalho - Suck It Bitch\,{DT16~Excl~ME0PKV6X~20180720 - Janaina Carvalho - Suck It Bitch}
mg_8014.jpg,696069,15b1c37c,\Exclusive\20180720 - Janaina Carvalho - Suck It Bitch\,{DT16~Excl~ME0PKV6X~20180720 - Janaina Carvalho - Suck It Bitch}
mg_8015.jpg,657424,66d95d04,\Exclusive\20180720 - Janaina Carvalho - Suck It Bitch\,{DT16~Excl~ME0PKV6X~20180720 - Janaina Carvalho - Suck It Bitch}
mg_8017.jpg,512297,8e7b3f65,\Exclusive\20180720 - Janaina Carvalho - Suck It Bitch\,{DT16~Excl~ME0PKV6X~20180720 - Janaina Carvalho - Suck It Bitch}
mg_8018.jpg,433289,f51a471e,\Exclusive\20180720 - Janaina Carvalho - Suck It Bitch\,{DT16~Excl~ME0PKV6X~20180720 - Janaina Carvalho - Suck It Bitch}
mg_8025.jpg,496809,7e38d63c,\Exclusive\20180720 - Janaina Carvalho - Suck It Bitch\,{DT16~Excl~ME0PKV6X~20180720 - Janaina Carvalho - Suck It Bitch}
mg_8033.jpg,489995,dbae0ba5,\Exclusive\20180720 - Janaina Carvalho - Suck It Bitch\,{DT16~Excl~ME0PKV6X~20180720 - Janaina Carvalho - Suck It Bitch}
mg_8037.jpg,476155,4382e011,\Exclusive\20180720 - Janaina Carvalho - Suck It Bitch\,{DT16~Excl~ME0PKV6X~20180720 - Janaina Carvalho - Suck It Bitch}
mg_8038.jpg,473172,f2d5f5f0,\Exclusive\20180720 - Janaina Carvalho - Suck It Bitch\,{DT16~Excl~ME0PKV6X~20180720 - Janaina Carvalho - Suck It Bitch}
mg_8039.jpg,479409,a6ee5d19,\Exclusive\20180720 - Janaina Carvalho - Suck It Bitch\,{DT16~Excl~ME0PKV6X~20180720 - Janaina Carvalho - Suck It Bitch}
mg_8040.jpg,509436,03239e3a,\Exclusive\20180720 - Janaina Carvalho - Suck It Bitch\,{DT16~Excl~ME0PKV6X~20180720 - Janaina Carvalho - Suck It Bitch}
mg_8041.jpg,559473,40bf818c,\Exclusive\20180720 - Janaina Carvalho - Suck It Bitch\,{DT16~Excl~ME0PKV6X~20180720 - Janaina Carvalho - Suck It Bitch}
mg_8042.jpg,573670,66e516e3,\Exclusive\20180720 - Janaina Carvalho - Suck It Bitch\,{DT16~Excl~ME0PKV6X~20180720 - Janaina Carvalho - Suck It Bitch}
mg_8043.jpg,540886,d2fc67bb,\Exclusive\20180720 - Janaina Carvalho - Suck It Bitch\,{DT16~Excl~ME0PKV6X~20180720 - Janaina Carvalho - Suck It Bitch}
mg_8045.jpg,446149,c465e10d,\Exclusive\20180720 - Janaina Carvalho - Suck It Bitch\,{DT16~Excl~ME0PKV6X~20180720 - Janaina Carvalho - Suck It Bitch}
mg_8047.jpg,619920,ef0d1178,\Exclusive\20180720 - Janaina Carvalho - Suck It Bitch\,{DT16~Excl~ME0PKV6X~20180720 - Janaina Carvalho - Suck It Bitch}
mg_8048.jpg,659835,fbaf9e72,\Exclusive\20180720 - Janaina Carvalho - Suck It Bitch\,{DT16~Excl~ME0PKV6X~20180720 - Janaina Carvalho - Suck It Bitch}
mg_8050.jpg,614065,ea188b40,\Exclusive\20180720 - Janaina Carvalho - Suck It Bitch\,{DT16~Excl~ME0PKV6X~20180720 - Janaina Carvalho - Suck It Bitch}
mg_8051.jpg,495097,64d8fff7,\Exclusive\20180720 - Janaina Carvalho - Suck It Bitch\,{DT16~Excl~ME0PKV6X~20180720 - Janaina Carvalho - Suck It Bitch}
mg_8052.jpg,537055,49f440eb,\Exclusive\20180720 - Janaina Carvalho - Suck It Bitch\,{DT16~Excl~ME0PKV6X~20180720 - Janaina Carvalho - Suck It Bitch}
mg_8053.jpg,568528,86042de6,\Exclusive\20180720 - Janaina Carvalho - Suck It Bitch\,{DT16~Excl~ME0PKV6X~20180720 - Janaina Carvalho - Suck It Bitch}
mg_8055.jpg,580169,7f7a1631,\Exclusive\20180720 - Janaina Carvalho - Suck It Bitch\,{DT16~Excl~ME0PKV6X~20180720 - Janaina Carvalho - Suck It Bitch}
mg_8056.jpg,515813,69332bd0,\Exclusive\20180720 - Janaina Carvalho - Suck It Bitch\,{DT16~Excl~ME0PKV6X~20180720 - Janaina Carvalho - Suck It Bitch}
mg_8057.jpg,461430,3a338b03,\Exclusive\20180720 - Janaina Carvalho - Suck It Bitch\,{DT16~Excl~ME0PKV6X~20180720 - Janaina Carvalho - Suck It Bitch}
mg_8061.jpg,628918,440e8169,\Exclusive\20180720 - Janaina Carvalho - Suck It Bitch\,{DT16~Excl~ME0PKV6X~20180720 - Janaina Carvalho - Suck It Bitch}
mg_8062.jpg,591713,3811ca5b,\Exclusive\20180720 - Janaina Carvalho - Suck It Bitch\,{DT16~Excl~ME0PKV6X~20180720 - Janaina Carvalho - Suck It Bitch}
mg_8063.jpg,557052,7c8ff279,\Exclusive\20180720 - Janaina Carvalho - Suck It Bitch\,{DT16~Excl~ME0PKV6X~20180720 - Janaina Carvalho - Suck It Bitch}
mg_8064.jpg,590933,2d1de4c4,\Exclusive\20180720 - Janaina Carvalho - Suck It Bitch\,{DT16~Excl~ME0PKV6X~20180720 - Janaina Carvalho - Suck It Bitch}
mg_8065.jpg,511489,fd2e06bc,\Exclusive\20180720 - Janaina Carvalho - Suck It Bitch\,{DT16~Excl~ME0PKV6X~20180720 - Janaina Carvalho - Suck It Bitch}
mg_8066.jpg,524641,d1e82c49,\Exclusive\20180720 - Janaina Carvalho - Suck It Bitch\,{DT16~Excl~ME0PKV6X~20180720 - Janaina Carvalho - Suck It Bitch}
mg_8067.jpg,598791,02c8383d,\Exclusive\20180720 - Janaina Carvalho - Suck It Bitch\,{DT16~Excl~ME0PKV6X~20180720 - Janaina Carvalho - Suck It Bitch}
mg_8070.jpg,430225,d4d48020,\Exclusive\20180720 - Janaina Carvalho - Suck It Bitch\,{DT16~Excl~ME0PKV6X~20180720 - Janaina Carvalho - Suck It Bitch}
mg_8071.jpg,430377,f647878e,\Exclusive\20180720 - Janaina Carvalho - Suck It Bitch\,{DT16~Excl~ME0PKV6X~20180720 - Janaina Carvalho - Suck It Bitch}
mg_8072.jpg,435153,6aa81364,\Exclusive\20180720 - Janaina Carvalho - Suck It Bitch\,{DT16~Excl~ME0PKV6X~20180720 - Janaina Carvalho - Suck It Bitch}
mg_8075.jpg,557786,c2998963,\Exclusive\20180720 - Janaina Carvalho - Suck It Bitch\,{DT16~Excl~ME0PKV6X~20180720 - Janaina Carvalho - Suck It Bitch}
mg_8076.jpg,420233,8875affe,\Exclusive\20180720 - Janaina Carvalho - Suck It Bitch\,{DT16~Excl~ME0PKV6X~20180720 - Janaina Carvalho - Suck It Bitch}
mg_8077.jpg,482319,e817b3f5,\Exclusive\20180720 - Janaina Carvalho - Suck It Bitch\,{DT16~Excl~ME0PKV6X~20180720 - Janaina Carvalho - Suck It Bitch}
mg_8078.jpg,452729,61fc043b,\Exclusive\20180720 - Janaina Carvalho - Suck It Bitch\,{DT16~Excl~ME0PKV6X~20180720 - Janaina Carvalho - Suck It Bitch}
mg_8079.jpg,413574,f72241d8,\Exclusive\20180720 - Janaina Carvalho - Suck It Bitch\,{DT16~Excl~ME0PKV6X~20180720 - Janaina Carvalho - Suck It Bitch}
mg_8081.jpg,505004,d591ffee,\Exclusive\20180720 - Janaina Carvalho - Suck It Bitch\,{DT16~Excl~ME0PKV6X~20180720 - Janaina Carvalho - Suck It Bitch}
mg_8082.jpg,495429,bb2319cd,\Exclusive\20180720 - Janaina Carvalho - Suck It Bitch\,{DT16~Excl~ME0PKV6X~20180720 - Janaina Carvalho - Suck It Bitch}
mg_8083.jpg,505238,65fb4a5d,\Exclusive\20180720 - Janaina Carvalho - Suck It Bitch\,{DT16~Excl~ME0PKV6X~20180720 - Janaina Carvalho - Suck It Bitch}
mg_8084.jpg,455022,2e5562c6,\Exclusive\20180720 - Janaina Carvalho - Suck It Bitch\,{DT16~Excl~ME0PKV6X~20180720 - Janaina Carvalho - Suck It Bitch}
mg_8085.jpg,480038,bc5cdde2,\Exclusive\20180720 - Janaina Carvalho - Suck It Bitch\,{DT16~Excl~ME0PKV6X~20180720 - Janaina Carvalho - Suck It Bitch}
mg_8087.jpg,553995,0df3c275,\Exclusive\20180720 - Janaina Carvalho - Suck It Bitch\,{DT16~Excl~ME0PKV6X~20180720 - Janaina Carvalho - Suck It Bitch}
mg_8089.jpg,518758,04e0e71e,\Exclusive\20180720 - Janaina Carvalho - Suck It Bitch\,{DT16~Excl~ME0PKV6X~20180720 - Janaina Carvalho - Suck It Bitch}
mg_8090.jpg,484984,a1b6e61d,\Exclusive\20180720 - Janaina Carvalho - Suck It Bitch\,{DT16~Excl~ME0PKV6X~20180720 - Janaina Carvalho - Suck It Bitch}
mg_8096.jpg,492522,2fbe8861,\Exclusive\20180720 - Janaina Carvalho - Suck It Bitch\,{DT16~Excl~ME0PKV6X~20180720 - Janaina Carvalho - Suck It Bitch}
mg_8097.jpg,492341,327333d4,\Exclusive\20180720 - Janaina Carvalho - Suck It Bitch\,{DT16~Excl~ME0PKV6X~20180720 - Janaina Carvalho - Suck It Bitch}
mg_8105.jpg,441533,288b0bf2,\Exclusive\20180720 - Janaina Carvalho - Suck It Bitch\,{DT16~Excl~ME0PKV6X~20180720 - Janaina Carvalho - Suck It Bitch}
mg_8106.jpg,438604,adc7f814,\Exclusive\20180720 - Janaina Carvalho - Suck It Bitch\,{DT16~Excl~ME0PKV6X~20180720 - Janaina Carvalho - Suck It Bitch}
mg_8107.jpg,494188,b19b44f9,\Exclusive\20180720 - Janaina Carvalho - Suck It Bitch\,{DT16~Excl~ME0PKV6X~20180720 - Janaina Carvalho - Suck It Bitch}
mg_8108.jpg,515884,21ca2b0a,\Exclusive\20180720 - Janaina Carvalho - Suck It Bitch\,{DT16~Excl~ME0PKV6X~20180720 - Janaina Carvalho - Suck It Bitch}
mg_8109.jpg,484107,eb2390a4,\Exclusive\20180720 - Janaina Carvalho - Suck It Bitch\,{DT16~Excl~ME0PKV6X~20180720 - Janaina Carvalho - Suck It Bitch}
mg_8110.jpg,435462,44e8f905,\Exclusive\20180720 - Janaina Carvalho - Suck It Bitch\,{DT16~Excl~ME0PKV6X~20180720 - Janaina Carvalho - Suck It Bitch}
mg_8112.jpg,555599,f518467b,\Exclusive\20180720 - Janaina Carvalho - Suck It Bitch\,{DT16~Excl~ME0PKV6X~20180720 - Janaina Carvalho - Suck It Bitch}
mg_8113.jpg,601765,fa895fd7,\Exclusive\20180720 - Janaina Carvalho - Suck It Bitch\,{DT16~Excl~ME0PKV6X~20180720 - Janaina Carvalho - Suck It Bitch}
mg_8114.jpg,576336,eba5328b,\Exclusive\20180720 - Janaina Carvalho - Suck It Bitch\,{DT16~Excl~ME0PKV6X~20180720 - Janaina Carvalho - Suck It Bitch}
mg_8116.jpg,460168,c5da76d0,\Exclusive\20180720 - Janaina Carvalho - Suck It Bitch\,{DT16~Excl~ME0PKV6X~20180720 - Janaina Carvalho - Suck It Bitch}
mg_8118.jpg,638992,04d6a161,\Exclusive\20180720 - Janaina Carvalho - Suck It Bitch\,{DT16~Excl~ME0PKV6X~20180720 - Janaina Carvalho - Suck It Bitch}
mg_8119.jpg,465212,8cff5f1f,\Exclusive\20180720 - Janaina Carvalho - Suck It Bitch\,{DT16~Excl~ME0PKV6X~20180720 - Janaina Carvalho - Suck It Bitch}
mg_8121.jpg,490117,5e183c75,\Exclusive\20180720 - Janaina Carvalho - Suck It Bitch\,{DT16~Excl~ME0PKV6X~20180720 - Janaina Carvalho - Suck It Bitch}
mg_8123.jpg,504991,c51e107b,\Exclusive\20180720 - Janaina Carvalho - Suck It Bitch\,{DT16~Excl~ME0PKV6X~20180720 - Janaina Carvalho - Suck It Bitch}
mg_8126.jpg,469586,d81d4701,\Exclusive\20180720 - Janaina Carvalho - Suck It Bitch\,{DT16~Excl~ME0PKV6X~20180720 - Janaina Carvalho - Suck It Bitch}
mg_8127.jpg,533189,cb9db0ca,\Exclusive\20180720 - Janaina Carvalho - Suck It Bitch\,{DT16~Excl~ME0PKV6X~20180720 - Janaina Carvalho - Suck It Bitch}
mg_8128.jpg,527439,0b839735,\Exclusive\20180720 - Janaina Carvalho - Suck It Bitch\,{DT16~Excl~ME0PKV6X~20180720 - Janaina Carvalho - Suck It Bitch}
mg_8129.jpg,507312,450d9fed,\Exclusive\20180720 - Janaina Carvalho - Suck It Bitch\,{DT16~Excl~ME0PKV6X~20180720 - Janaina Carvalho - Suck It Bitch}
mg_8133.jpg,492956,1fbdb5cc,\Exclusive\20180720 - Janaina Carvalho - Suck It Bitch\,{DT16~Excl~ME0PKV6X~20180720 - Janaina Carvalho - Suck It Bitch}
mg_8137.jpg,569018,28145777,\Exclusive\20180720 - Janaina Carvalho - Suck It Bitch\,{DT16~Excl~ME0PKV6X~20180720 - Janaina Carvalho - Suck It Bitch}
mg_8140.jpg,434818,fbe12df3,\Exclusive\20180720 - Janaina Carvalho - Suck It Bitch\,{DT16~Excl~ME0PKV6X~20180720 - Janaina Carvalho - Suck It Bitch}
mg_8141.jpg,482096,b658075e,\Exclusive\20180720 - Janaina Carvalho - Suck It Bitch\,{DT16~Excl~ME0PKV6X~20180720 - Janaina Carvalho - Suck It Bitch}
_mg_7622.jpg,538887,04e90d9d,\Exclusive\20180724 - Janaina Carvalho - Transsexual Self Service\,{DT16~Excl~ME0PL1LY~20180724 - Janaina Carvalho - Transsexual Self Service}
_mg_7623.jpg,423139,021337ed,\Exclusive\20180724 - Janaina Carvalho - Transsexual Self Service\,{DT16~Excl~ME0PL1LY~20180724 - Janaina Carvalho - Transsexual Self Service}
_mg_7624.jpg,463746,ae071470,\Exclusive\20180724 - Janaina Carvalho - Transsexual Self Service\,{DT16~Excl~ME0PL1LY~20180724 - Janaina Carvalho - Transsexual Self Service}
_mg_7627.jpg,457044,6fad200e,\Exclusive\20180724 - Janaina Carvalho - Transsexual Self Service\,{DT16~Excl~ME0PL1LY~20180724 - Janaina Carvalho - Transsexual Self Service}
_mg_7629.jpg,649835,aaa889f9,\Exclusive\20180724 - Janaina Carvalho - Transsexual Self Service\,{DT16~Excl~ME0PL1LY~20180724 - Janaina Carvalho - Transsexual Self Service}
_mg_7632.jpg,536193,04b00c32,\Exclusive\20180724 - Janaina Carvalho - Transsexual Self Service\,{DT16~Excl~ME0PL1LY~20180724 - Janaina Carvalho - Transsexual Self Service}
_mg_7633.jpg,547835,07c158c4,\Exclusive\20180724 - Janaina Carvalho - Transsexual Self Service\,{DT16~Excl~ME0PL1LY~20180724 - Janaina Carvalho - Transsexual Self Service}
_mg_7636.jpg,696129,87ef70e0,\Exclusive\20180724 - Janaina Carvalho - Transsexual Self Service\,{DT16~Excl~ME0PL1LY~20180724 - Janaina Carvalho - Transsexual Self Service}
_mg_7639.jpg,655499,462b3ff7,\Exclusive\20180724 - Janaina Carvalho - Transsexual Self Service\,{DT16~Excl~ME0PL1LY~20180724 - Janaina Carvalho - Transsexual Self Service}
_mg_7640.jpg,589466,4296565f,\Exclusive\20180724 - Janaina Carvalho - Transsexual Self Service\,{DT16~Excl~ME0PL1LY~20180724 - Janaina Carvalho - Transsexual Self Service}
_mg_7641.jpg,455706,d3ce3dc7,\Exclusive\20180724 - Janaina Carvalho - Transsexual Self Service\,{DT16~Excl~ME0PL1LY~20180724 - Janaina Carvalho - Transsexual Self Service}
_mg_7642.jpg,398992,5996dd4d,\Exclusive\20180724 - Janaina Carvalho - Transsexual Self Service\,{DT16~Excl~ME0PL1LY~20180724 - Janaina Carvalho - Transsexual Self Service}
_mg_7643.jpg,471586,9ed5b91a,\Exclusive\20180724 - Janaina Carvalho - Transsexual Self Service\,{DT16~Excl~ME0PL1LY~20180724 - Janaina Carvalho - Transsexual Self Service}
_mg_7644.jpg,475788,0abd9263,\Exclusive\20180724 - Janaina Carvalho - Transsexual Self Service\,{DT16~Excl~ME0PL1LY~20180724 - Janaina Carvalho - Transsexual Self Service}
_mg_7645.jpg,452495,4e07c10f,\Exclusive\20180724 - Janaina Carvalho - Transsexual Self Service\,{DT16~Excl~ME0PL1LY~20180724 - Janaina Carvalho - Transsexual Self Service}
_mg_7646.jpg,705651,6920590b,\Exclusive\20180724 - Janaina Carvalho - Transsexual Self Service\,{DT16~Excl~ME0PL1LY~20180724 - Janaina Carvalho - Transsexual Self Service}
_mg_7648.jpg,492055,57f65046,\Exclusive\20180724 - Janaina Carvalho - Transsexual Self Service\,{DT16~Excl~ME0PL1LY~20180724 - Janaina Carvalho - Transsexual Self Service}
_mg_7649.jpg,477623,798f5119,\Exclusive\20180724 - Janaina Carvalho - Transsexual Self Service\,{DT16~Excl~ME0PL1LY~20180724 - Janaina Carvalho - Transsexual Self Service}
_mg_7650.jpg,758189,c090faa3,\Exclusive\20180724 - Janaina Carvalho - Transsexual Self Service\,{DT16~Excl~ME0PL1LY~20180724 - Janaina Carvalho - Transsexual Self Service}
_mg_7651.jpg,463672,a6e445ce,\Exclusive\20180724 - Janaina Carvalho - Transsexual Self Service\,{DT16~Excl~ME0PL1LY~20180724 - Janaina Carvalho - Transsexual Self Service}
_mg_7652.jpg,479852,c92f8c1d,\Exclusive\20180724 - Janaina Carvalho - Transsexual Self Service\,{DT16~Excl~ME0PL1LY~20180724 - Janaina Carvalho - Transsexual Self Service}
_mg_7653.jpg,392304,68892ead,\Exclusive\20180724 - Janaina Carvalho - Transsexual Self Service\,{DT16~Excl~ME0PL1LY~20180724 - Janaina Carvalho - Transsexual Self Service}
_mg_7655.jpg,439101,70cbb23d,\Exclusive\20180724 - Janaina Carvalho - Transsexual Self Service\,{DT16~Excl~ME0PL1LY~20180724 - Janaina Carvalho - Transsexual Self Service}
_mg_7657.jpg,364796,083aad95,\Exclusive\20180724 - Janaina Carvalho - Transsexual Self Service\,{DT16~Excl~ME0PL1LY~20180724 - Janaina Carvalho - Transsexual Self Service}
_mg_7658.jpg,401327,0af9fb87,\Exclusive\20180724 - Janaina Carvalho - Transsexual Self Service\,{DT16~Excl~ME0PL1LY~20180724 - Janaina Carvalho - Transsexual Self Service}
_mg_7663.jpg,447646,65167e81,\Exclusive\20180724 - Janaina Carvalho - Transsexual Self Service\,{DT16~Excl~ME0PL1LY~20180724 - Janaina Carvalho - Transsexual Self Service}
_mg_7664.jpg,488618,cdfe8a6d,\Exclusive\20180724 - Janaina Carvalho - Transsexual Self Service\,{DT16~Excl~ME0PL1LY~20180724 - Janaina Carvalho - Transsexual Self Service}
_mg_7665.jpg,461985,7edf1053,\Exclusive\20180724 - Janaina Carvalho - Transsexual Self Service\,{DT16~Excl~ME0PL1LY~20180724 - Janaina Carvalho - Transsexual Self Service}
_mg_7672.jpg,460646,9e47f9ce,\Exclusive\20180724 - Janaina Carvalho - Transsexual Self Service\,{DT16~Excl~ME0PL1LY~20180724 - Janaina Carvalho - Transsexual Self Service}
_mg_7674.jpg,516194,69352d0b,\Exclusive\20180724 - Janaina Carvalho - Transsexual Self Service\,{DT16~Excl~ME0PL1LY~20180724 - Janaina Carvalho - Transsexual Self Service}
_mg_7675.jpg,523931,3ee24b38,\Exclusive\20180724 - Janaina Carvalho - Transsexual Self Service\,{DT16~Excl~ME0PL1LY~20180724 - Janaina Carvalho - Transsexual Self Service}
_mg_7676.jpg,513508,7a9fba3f,\Exclusive\20180724 - Janaina Carvalho - Transsexual Self Service\,{DT16~Excl~ME0PL1LY~20180724 - Janaina Carvalho - Transsexual Self Service}
_mg_7680.jpg,507252,ffc65457,\Exclusive\20180724 - Janaina Carvalho - Transsexual Self Service\,{DT16~Excl~ME0PL1LY~20180724 - Janaina Carvalho - Transsexual Self Service}
_mg_7681.jpg,509483,19868a6c,\Exclusive\20180724 - Janaina Carvalho - Transsexual Self Service\,{DT16~Excl~ME0PL1LY~20180724 - Janaina Carvalho - Transsexual Self Service}
_mg_7682.jpg,464574,f47cd919,\Exclusive\20180724 - Janaina Carvalho - Transsexual Self Service\,{DT16~Excl~ME0PL1LY~20180724 - Janaina Carvalho - Transsexual Self Service}
_mg_7684.jpg,593353,0f6cf04f,\Exclusive\20180724 - Janaina Carvalho - Transsexual Self Service\,{DT16~Excl~ME0PL1LY~20180724 - Janaina Carvalho - Transsexual Self Service}
_mg_7695.jpg,506503,09338c2a,\Exclusive\20180724 - Janaina Carvalho - Transsexual Self Service\,{DT16~Excl~ME0PL1LY~20180724 - Janaina Carvalho - Transsexual Self Service}
_mg_7696.jpg,538750,c56375fe,\Exclusive\20180724 - Janaina Carvalho - Transsexual Self Service\,{DT16~Excl~ME0PL1LY~20180724 - Janaina Carvalho - Transsexual Self Service}
_mg_7697.jpg,578860,9177f6ba,\Exclusive\20180724 - Janaina Carvalho - Transsexual Self Service\,{DT16~Excl~ME0PL1LY~20180724 - Janaina Carvalho - Transsexual Self Service}
_mg_7698.jpg,526866,3f319f90,\Exclusive\20180724 - Janaina Carvalho - Transsexual Self Service\,{DT16~Excl~ME0PL1LY~20180724 - Janaina Carvalho - Transsexual Self Service}
_mg_7700.jpg,571619,52464cc7,\Exclusive\20180724 - Janaina Carvalho - Transsexual Self Service\,{DT16~Excl~ME0PL1LY~20180724 - Janaina Carvalho - Transsexual Self Service}
_mg_7701.jpg,548786,f1adb520,\Exclusive\20180724 - Janaina Carvalho - Transsexual Self Service\,{DT16~Excl~ME0PL1LY~20180724 - Janaina Carvalho - Transsexual Self Service}
_mg_7702.jpg,507765,32d4990c,\Exclusive\20180724 - Janaina Carvalho - Transsexual Self Service\,{DT16~Excl~ME0PL1LY~20180724 - Janaina Carvalho - Transsexual Self Service}
_mg_7704.jpg,526708,83f9d4df,\Exclusive\20180724 - Janaina Carvalho - Transsexual Self Service\,{DT16~Excl~ME0PL1LY~20180724 - Janaina Carvalho - Transsexual Self Service}
_mg_7706.jpg,569541,2d5ba799,\Exclusive\20180724 - Janaina Carvalho - Transsexual Self Service\,{DT16~Excl~ME0PL1LY~20180724 - Janaina Carvalho - Transsexual Self Service}
_mg_7709.jpg,632134,efc2ab0a,\Exclusive\20180724 - Janaina Carvalho - Transsexual Self Service\,{DT16~Excl~ME0PL1LY~20180724 - Janaina Carvalho - Transsexual Self Service}
_mg_7710.jpg,566825,2c8c0dea,\Exclusive\20180724 - Janaina Carvalho - Transsexual Self Service\,{DT16~Excl~ME0PL1LY~20180724 - Janaina Carvalho - Transsexual Self Service}
_mg_7711.jpg,599237,a7b100b5,\Exclusive\20180724 - Janaina Carvalho - Transsexual Self Service\,{DT16~Excl~ME0PL1LY~20180724 - Janaina Carvalho - Transsexual Self Service}
_mg_7712.jpg,614074,c9916102,\Exclusive\20180724 - Janaina Carvalho - Transsexual Self Service\,{DT16~Excl~ME0PL1LY~20180724 - Janaina Carvalho - Transsexual Self Service}
_mg_7713.jpg,564526,7c219e39,\Exclusive\20180724 - Janaina Carvalho - Transsexual Self Service\,{DT16~Excl~ME0PL1LY~20180724 - Janaina Carvalho - Transsexual Self Service}
_mg_7714.jpg,459125,b7195af9,\Exclusive\20180724 - Janaina Carvalho - Transsexual Self Service\,{DT16~Excl~ME0PL1LY~20180724 - Janaina Carvalho - Transsexual Self Service}
_mg_7715.jpg,525553,6eeba1c1,\Exclusive\20180724 - Janaina Carvalho - Transsexual Self Service\,{DT16~Excl~ME0PL1LY~20180724 - Janaina Carvalho - Transsexual Self Service}
_mg_7716.jpg,521727,7a0dd1c4,\Exclusive\20180724 - Janaina Carvalho - Transsexual Self Service\,{DT16~Excl~ME0PL1LY~20180724 - Janaina Carvalho - Transsexual Self Service}
_mg_7717.jpg,507864,008836ef,\Exclusive\20180724 - Janaina Carvalho - Transsexual Self Service\,{DT16~Excl~ME0PL1LY~20180724 - Janaina Carvalho - Transsexual Self Service}
_mg_7719.jpg,469747,f1a45a30,\Exclusive\20180724 - Janaina Carvalho - Transsexual Self Service\,{DT16~Excl~ME0PL1LY~20180724 - Janaina Carvalho - Transsexual Self Service}
_mg_7722.jpg,512246,5d60ad4a,\Exclusive\20180724 - Janaina Carvalho - Transsexual Self Service\,{DT16~Excl~ME0PL1LY~20180724 - Janaina Carvalho - Transsexual Self Service}
_mg_7723.jpg,516510,6e711def,\Exclusive\20180724 - Janaina Carvalho - Transsexual Self Service\,{DT16~Excl~ME0PL1LY~20180724 - Janaina Carvalho - Transsexual Self Service}
_mg_7724.jpg,505551,3d867acb,\Exclusive\20180724 - Janaina Carvalho - Transsexual Self Service\,{DT16~Excl~ME0PL1LY~20180724 - Janaina Carvalho - Transsexual Self Service}
_mg_7725.jpg,618764,1a417e46,\Exclusive\20180724 - Janaina Carvalho - Transsexual Self Service\,{DT16~Excl~ME0PL1LY~20180724 - Janaina Carvalho - Transsexual Self Service}
_mg_7727.jpg,412294,e49278f4,\Exclusive\20180724 - Janaina Carvalho - Transsexual Self Service\,{DT16~Excl~ME0PL1LY~20180724 - Janaina Carvalho - Transsexual Self Service}
_mg_7728.jpg,477626,76f838aa,\Exclusive\20180724 - Janaina Carvalho - Transsexual Self Service\,{DT16~Excl~ME0PL1LY~20180724 - Janaina Carvalho - Transsexual Self Service}
_mg_7729.jpg,405798,e885c40a,\Exclusive\20180724 - Janaina Carvalho - Transsexual Self Service\,{DT16~Excl~ME0PL1LY~20180724 - Janaina Carvalho - Transsexual Self Service}
_mg_7731.jpg,437029,cb9e7f56,\Exclusive\20180724 - Janaina Carvalho - Transsexual Self Service\,{DT16~Excl~ME0PL1LY~20180724 - Janaina Carvalho - Transsexual Self Service}
_mg_7733.jpg,479853,5eec12b3,\Exclusive\20180724 - Janaina Carvalho - Transsexual Self Service\,{DT16~Excl~ME0PL1LY~20180724 - Janaina Carvalho - Transsexual Self Service}
_mg_7734.jpg,495696,ffe62dcf,\Exclusive\20180724 - Janaina Carvalho - Transsexual Self Service\,{DT16~Excl~ME0PL1LY~20180724 - Janaina Carvalho - Transsexual Self Service}
_mg_7735.jpg,433899,045946a1,\Exclusive\20180724 - Janaina Carvalho - Transsexual Self Service\,{DT16~Excl~ME0PL1LY~20180724 - Janaina Carvalho - Transsexual Self Service}
_mg_7736.jpg,421054,27e8ede2,\Exclusive\20180724 - Janaina Carvalho - Transsexual Self Service\,{DT16~Excl~ME0PL1LY~20180724 - Janaina Carvalho - Transsexual Self Service}
_mg_7738.jpg,495056,89b6e132,\Exclusive\20180724 - Janaina Carvalho - Transsexual Self Service\,{DT16~Excl~ME0PL1LY~20180724 - Janaina Carvalho - Transsexual Self Service}
_mg_7739.jpg,457739,1df62d20,\Exclusive\20180724 - Janaina Carvalho - Transsexual Self Service\,{DT16~Excl~ME0PL1LY~20180724 - Janaina Carvalho - Transsexual Self Service}
_mg_7740.jpg,503399,522abecb,\Exclusive\20180724 - Janaina Carvalho - Transsexual Self Service\,{DT16~Excl~ME0PL1LY~20180724 - Janaina Carvalho - Transsexual Self Service}
_mg_7741.jpg,479624,c740b81d,\Exclusive\20180724 - Janaina Carvalho - Transsexual Self Service\,{DT16~Excl~ME0PL1LY~20180724 - Janaina Carvalho - Transsexual Self Service}
_mg_7742.jpg,523885,ecaf6caf,\Exclusive\20180724 - Janaina Carvalho - Transsexual Self Service\,{DT16~Excl~ME0PL1LY~20180724 - Janaina Carvalho - Transsexual Self Service}
_mg_7743.jpg,608886,1a3162aa,\Exclusive\20180724 - Janaina Carvalho - Transsexual Self Service\,{DT16~Excl~ME0PL1LY~20180724 - Janaina Carvalho - Transsexual Self Service}
_mg_7744.jpg,479675,1dea74ff,\Exclusive\20180724 - Janaina Carvalho - Transsexual Self Service\,{DT16~Excl~ME0PL1LY~20180724 - Janaina Carvalho - Transsexual Self Service}
_mg_7745.jpg,477759,faa2fb7a,\Exclusive\20180724 - Janaina Carvalho - Transsexual Self Service\,{DT16~Excl~ME0PL1LY~20180724 - Janaina Carvalho - Transsexual Self Service}
_mg_7746.jpg,533377,da4005b6,\Exclusive\20180724 - Janaina Carvalho - Transsexual Self Service\,{DT16~Excl~ME0PL1LY~20180724 - Janaina Carvalho - Transsexual Self Service}
_mg_7747.jpg,489492,803864de,\Exclusive\20180724 - Janaina Carvalho - Transsexual Self Service\,{DT16~Excl~ME0PL1LY~20180724 - Janaina Carvalho - Transsexual Self Service}
_mg_7748.jpg,467719,9c9e09c0,\Exclusive\20180724 - Janaina Carvalho - Transsexual Self Service\,{DT16~Excl~ME0PL1LY~20180724 - Janaina Carvalho - Transsexual Self Service}
_mg_7750.jpg,663507,2661794c,\Exclusive\20180724 - Janaina Carvalho - Transsexual Self Service\,{DT16~Excl~ME0PL1LY~20180724 - Janaina Carvalho - Transsexual Self Service}
_mg_7752.jpg,602188,d6a22977,\Exclusive\20180724 - Janaina Carvalho - Transsexual Self Service\,{DT16~Excl~ME0PL1LY~20180724 - Janaina Carvalho - Transsexual Self Service}
_mg_7753.jpg,607389,021d4dac,\Exclusive\20180724 - Janaina Carvalho - Transsexual Self Service\,{DT16~Excl~ME0PL1LY~20180724 - Janaina Carvalho - Transsexual Self Service}
_mg_7756.jpg,381709,1eccb34d,\Exclusive\20180724 - Janaina Carvalho - Transsexual Self Service\,{DT16~Excl~ME0PL1LY~20180724 - Janaina Carvalho - Transsexual Self Service}
_mg_7757.jpg,384278,8ea99b06,\Exclusive\20180724 - Janaina Carvalho - Transsexual Self Service\,{DT16~Excl~ME0PL1LY~20180724 - Janaina Carvalho - Transsexual Self Service}
_mg_7758.jpg,380800,dfa480eb,\Exclusive\20180724 - Janaina Carvalho - Transsexual Self Service\,{DT16~Excl~ME0PL1LY~20180724 - Janaina Carvalho - Transsexual Self Service}
_mg_7759.jpg,407232,1b0229f2,\Exclusive\20180724 - Janaina Carvalho - Transsexual Self Service\,{DT16~Excl~ME0PL1LY~20180724 - Janaina Carvalho - Transsexual Self Service}
_mg_7766.jpg,415557,7fd7f040,\Exclusive\20180724 - Janaina Carvalho - Transsexual Self Service\,{DT16~Excl~ME0PL1LY~20180724 - Janaina Carvalho - Transsexual Self Service}
_mg_7767.jpg,493218,9791f838,\Exclusive\20180724 - Janaina Carvalho - Transsexual Self Service\,{DT16~Excl~ME0PL1LY~20180724 - Janaina Carvalho - Transsexual Self Service}
_mg_7769.jpg,405799,c5a30da0,\Exclusive\20180724 - Janaina Carvalho - Transsexual Self Service\,{DT16~Excl~ME0PL1LY~20180724 - Janaina Carvalho - Transsexual Self Service}
_mg_7770.jpg,411293,d7da5f5c,\Exclusive\20180724 - Janaina Carvalho - Transsexual Self Service\,{DT16~Excl~ME0PL1LY~20180724 - Janaina Carvalho - Transsexual Self Service}
_mg_7774.jpg,431984,1ca70b0a,\Exclusive\20180724 - Janaina Carvalho - Transsexual Self Service\,{DT16~Excl~ME0PL1LY~20180724 - Janaina Carvalho - Transsexual Self Service}
_mg_7775.jpg,461267,e7fba5b6,\Exclusive\20180724 - Janaina Carvalho - Transsexual Self Service\,{DT16~Excl~ME0PL1LY~20180724 - Janaina Carvalho - Transsexual Self Service}
_mg_7776.jpg,458427,fd2238d7,\Exclusive\20180724 - Janaina Carvalho - Transsexual Self Service\,{DT16~Excl~ME0PL1LY~20180724 - Janaina Carvalho - Transsexual Self Service}
_mg_7777.jpg,429884,8fb4b64a,\Exclusive\20180724 - Janaina Carvalho - Transsexual Self Service\,{DT16~Excl~ME0PL1LY~20180724 - Janaina Carvalho - Transsexual Self Service}
_mg_7778.jpg,452842,8325f876,\Exclusive\20180724 - Janaina Carvalho - Transsexual Self Service\,{DT16~Excl~ME0PL1LY~20180724 - Janaina Carvalho - Transsexual Self Service}
_mg_7779.jpg,393982,0e50bad8,\Exclusive\20180724 - Janaina Carvalho - Transsexual Self Service\,{DT16~Excl~ME0PL1LY~20180724 - Janaina Carvalho - Transsexual Self Service}
_mg_7780.jpg,438305,bfc8d6a5,\Exclusive\20180724 - Janaina Carvalho - Transsexual Self Service\,{DT16~Excl~ME0PL1LY~20180724 - Janaina Carvalho - Transsexual Self Service}
_mg_7781.jpg,432386,2411f5eb,\Exclusive\20180724 - Janaina Carvalho - Transsexual Self Service\,{DT16~Excl~ME0PL1LY~20180724 - Janaina Carvalho - Transsexual Self Service}
_mg_7782.jpg,473537,3ce96616,\Exclusive\20180724 - Janaina Carvalho - Transsexual Self Service\,{DT16~Excl~ME0PL1LY~20180724 - Janaina Carvalho - Transsexual Self Service}
_mg_7783.jpg,430403,bd3cf6c9,\Exclusive\20180724 - Janaina Carvalho - Transsexual Self Service\,{DT16~Excl~ME0PL1LY~20180724 - Janaina Carvalho - Transsexual Self Service}
_mg_7784.jpg,589502,fe32fe53,\Exclusive\20180724 - Janaina Carvalho - Transsexual Self Service\,{DT16~Excl~ME0PL1LY~20180724 - Janaina Carvalho - Transsexual Self Service}
_mg_7785.jpg,393287,a29d5e52,\Exclusive\20180724 - Janaina Carvalho - Transsexual Self Service\,{DT16~Excl~ME0PL1LY~20180724 - Janaina Carvalho - Transsexual Self Service}
_mg_7786.jpg,409986,853f11a9,\Exclusive\20180724 - Janaina Carvalho - Transsexual Self Service\,{DT16~Excl~ME0PL1LY~20180724 - Janaina Carvalho - Transsexual Self Service}
_mg_7787.jpg,396186,5a2eb805,\Exclusive\20180724 - Janaina Carvalho - Transsexual Self Service\,{DT16~Excl~ME0PL1LY~20180724 - Janaina Carvalho - Transsexual Self Service}
_mg_7788.jpg,382990,551119c8,\Exclusive\20180724 - Janaina Carvalho - Transsexual Self Service\,{DT16~Excl~ME0PL1LY~20180724 - Janaina Carvalho - Transsexual Self Service}
_mg_7789.jpg,406898,27f9c237,\Exclusive\20180724 - Janaina Carvalho - Transsexual Self Service\,{DT16~Excl~ME0PL1LY~20180724 - Janaina Carvalho - Transsexual Self Service}
_mg_7790.jpg,430970,c23577f5,\Exclusive\20180724 - Janaina Carvalho - Transsexual Self Service\,{DT16~Excl~ME0PL1LY~20180724 - Janaina Carvalho - Transsexual Self Service}
_mg_7791.jpg,445093,371cce85,\Exclusive\20180724 - Janaina Carvalho - Transsexual Self Service\,{DT16~Excl~ME0PL1LY~20180724 - Janaina Carvalho - Transsexual Self Service}
_mg_7792.jpg,480159,c77bf096,\Exclusive\20180724 - Janaina Carvalho - Transsexual Self Service\,{DT16~Excl~ME0PL1LY~20180724 - Janaina Carvalho - Transsexual Self Service}
_mg_7793.jpg,478102,4e2e52ff,\Exclusive\20180724 - Janaina Carvalho - Transsexual Self Service\,{DT16~Excl~ME0PL1LY~20180724 - Janaina Carvalho - Transsexual Self Service}
_mg_7794.jpg,488196,88896c9d,\Exclusive\20180724 - Janaina Carvalho - Transsexual Self Service\,{DT16~Excl~ME0PL1LY~20180724 - Janaina Carvalho - Transsexual Self Service}
_mg_7795.jpg,487304,304ae46d,\Exclusive\20180724 - Janaina Carvalho - Transsexual Self Service\,{DT16~Excl~ME0PL1LY~20180724 - Janaina Carvalho - Transsexual Self Service}
_mg_7798.jpg,471642,f05f6f3e,\Exclusive\20180724 - Janaina Carvalho - Transsexual Self Service\,{DT16~Excl~ME0PL1LY~20180724 - Janaina Carvalho - Transsexual Self Service}
_mg_7800.jpg,506081,70d1f129,\Exclusive\20180724 - Janaina Carvalho - Transsexual Self Service\,{DT16~Excl~ME0PL1LY~20180724 - Janaina Carvalho - Transsexual Self Service}
_mg_7801.jpg,449776,1ce43b32,\Exclusive\20180724 - Janaina Carvalho - Transsexual Self Service\,{DT16~Excl~ME0PL1LY~20180724 - Janaina Carvalho - Transsexual Self Service}
_mg_7803.jpg,412308,41a6e12a,\Exclusive\20180724 - Janaina Carvalho - Transsexual Self Service\,{DT16~Excl~ME0PL1LY~20180724 - Janaina Carvalho - Transsexual Self Service}
_mg_7804.jpg,436770,dbb8eb1c,\Exclusive\20180724 - Janaina Carvalho - Transsexual Self Service\,{DT16~Excl~ME0PL1LY~20180724 - Janaina Carvalho - Transsexual Self Service}
mg_8264.jpg,679301,4802cca6,\Exclusive\20180727 - Hanna Rios - She Cums Too Soon\,{DT16~Excl~ME0PL3X8~20180727 - Hanna Rios - She Cums Too Soon}
mg_8265.jpg,672919,4a64212d,\Exclusive\20180727 - Hanna Rios - She Cums Too Soon\,{DT16~Excl~ME0PL3X8~20180727 - Hanna Rios - She Cums Too Soon}
mg_8266.jpg,614128,26fa163e,\Exclusive\20180727 - Hanna Rios - She Cums Too Soon\,{DT16~Excl~ME0PL3X8~20180727 - Hanna Rios - She Cums Too Soon}
mg_8270.jpg,679206,66935b31,\Exclusive\20180727 - Hanna Rios - She Cums Too Soon\,{DT16~Excl~ME0PL3X8~20180727 - Hanna Rios - She Cums Too Soon}
mg_8279.jpg,712500,196a8f40,\Exclusive\20180727 - Hanna Rios - She Cums Too Soon\,{DT16~Excl~ME0PL3X8~20180727 - Hanna Rios - She Cums Too Soon}
mg_8280.jpg,705473,16cfc8c7,\Exclusive\20180727 - Hanna Rios - She Cums Too Soon\,{DT16~Excl~ME0PL3X8~20180727 - Hanna Rios - She Cums Too Soon}
mg_8281.jpg,681219,fcb5ca13,\Exclusive\20180727 - Hanna Rios - She Cums Too Soon\,{DT16~Excl~ME0PL3X8~20180727 - Hanna Rios - She Cums Too Soon}
mg_8282.jpg,739613,8d81086c,\Exclusive\20180727 - Hanna Rios - She Cums Too Soon\,{DT16~Excl~ME0PL3X8~20180727 - Hanna Rios - She Cums Too Soon}
mg_8283.jpg,635852,bc9c5cd6,\Exclusive\20180727 - Hanna Rios - She Cums Too Soon\,{DT16~Excl~ME0PL3X8~20180727 - Hanna Rios - She Cums Too Soon}
mg_8284.jpg,772578,f29b0a8b,\Exclusive\20180727 - Hanna Rios - She Cums Too Soon\,{DT16~Excl~ME0PL3X8~20180727 - Hanna Rios - She Cums Too Soon}
mg_8285.jpg,673899,cd851621,\Exclusive\20180727 - Hanna Rios - She Cums Too Soon\,{DT16~Excl~ME0PL3X8~20180727 - Hanna Rios - She Cums Too Soon}
mg_8286.jpg,717331,a9904700,\Exclusive\20180727 - Hanna Rios - She Cums Too Soon\,{DT16~Excl~ME0PL3X8~20180727 - Hanna Rios - She Cums Too Soon}
mg_8287.jpg,626648,f2a10611,\Exclusive\20180727 - Hanna Rios - She Cums Too Soon\,{DT16~Excl~ME0PL3X8~20180727 - Hanna Rios - She Cums Too Soon}
mg_8288.jpg,630647,bf5ec29b,\Exclusive\20180727 - Hanna Rios - She Cums Too Soon\,{DT16~Excl~ME0PL3X8~20180727 - Hanna Rios - She Cums Too Soon}
mg_8289.jpg,620750,d14c9a1d,\Exclusive\20180727 - Hanna Rios - She Cums Too Soon\,{DT16~Excl~ME0PL3X8~20180727 - Hanna Rios - She Cums Too Soon}
mg_8291.jpg,635165,0298fe61,\Exclusive\20180727 - Hanna Rios - She Cums Too Soon\,{DT16~Excl~ME0PL3X8~20180727 - Hanna Rios - She Cums Too Soon}
mg_8292.jpg,645478,7bb269fa,\Exclusive\20180727 - Hanna Rios - She Cums Too Soon\,{DT16~Excl~ME0PL3X8~20180727 - Hanna Rios - She Cums Too Soon}
mg_8293.jpg,610291,fbc59048,\Exclusive\20180727 - Hanna Rios - She Cums Too Soon\,{DT16~Excl~ME0PL3X8~20180727 - Hanna Rios - She Cums Too Soon}
mg_8294.jpg,733555,7b7f28c8,\Exclusive\20180727 - Hanna Rios - She Cums Too Soon\,{DT16~Excl~ME0PL3X8~20180727 - Hanna Rios - She Cums Too Soon}
mg_8295.jpg,610145,28726e87,\Exclusive\20180727 - Hanna Rios - She Cums Too Soon\,{DT16~Excl~ME0PL3X8~20180727 - Hanna Rios - She Cums Too Soon}
mg_8296.jpg,721297,31379a3f,\Exclusive\20180727 - Hanna Rios - She Cums Too Soon\,{DT16~Excl~ME0PL3X8~20180727 - Hanna Rios - She Cums Too Soon}
mg_8298.jpg,658143,6c693dfc,\Exclusive\20180727 - Hanna Rios - She Cums Too Soon\,{DT16~Excl~ME0PL3X8~20180727 - Hanna Rios - She Cums Too Soon}
mg_8299.jpg,670357,4a45baaf,\Exclusive\20180727 - Hanna Rios - She Cums Too Soon\,{DT16~Excl~ME0PL3X8~20180727 - Hanna Rios - She Cums Too Soon}
mg_8300.jpg,645932,784ee9e5,\Exclusive\20180727 - Hanna Rios - She Cums Too Soon\,{DT16~Excl~ME0PL3X8~20180727 - Hanna Rios - She Cums Too Soon}
mg_8301.jpg,660908,f0a8b9e7,\Exclusive\20180727 - Hanna Rios - She Cums Too Soon\,{DT16~Excl~ME0PL3X8~20180727 - Hanna Rios - She Cums Too Soon}
mg_8302.jpg,604605,76d57590,\Exclusive\20180727 - Hanna Rios - She Cums Too Soon\,{DT16~Excl~ME0PL3X8~20180727 - Hanna Rios - She Cums Too Soon}
mg_8303.jpg,615101,cc2449ab,\Exclusive\20180727 - Hanna Rios - She Cums Too Soon\,{DT16~Excl~ME0PL3X8~20180727 - Hanna Rios - She Cums Too Soon}
mg_8304.jpg,650934,918e1c5f,\Exclusive\20180727 - Hanna Rios - She Cums Too Soon\,{DT16~Excl~ME0PL3X8~20180727 - Hanna Rios - She Cums Too Soon}
mg_8305.jpg,659665,f3c4cbc7,\Exclusive\20180727 - Hanna Rios - She Cums Too Soon\,{DT16~Excl~ME0PL3X8~20180727 - Hanna Rios - She Cums Too Soon}
mg_8306.jpg,624735,2bb42106,\Exclusive\20180727 - Hanna Rios - She Cums Too Soon\,{DT16~Excl~ME0PL3X8~20180727 - Hanna Rios - She Cums Too Soon}
mg_8307.jpg,667577,a7b7532e,\Exclusive\20180727 - Hanna Rios - She Cums Too Soon\,{DT16~Excl~ME0PL3X8~20180727 - Hanna Rios - She Cums Too Soon}
mg_8308.jpg,602171,f31a1379,\Exclusive\20180727 - Hanna Rios - She Cums Too Soon\,{DT16~Excl~ME0PL3X8~20180727 - Hanna Rios - She Cums Too Soon}
mg_8309.jpg,556192,1bd0294e,\Exclusive\20180727 - Hanna Rios - She Cums Too Soon\,{DT16~Excl~ME0PL3X8~20180727 - Hanna Rios - She Cums Too Soon}
mg_8310.jpg,472954,e0dd654a,\Exclusive\20180727 - Hanna Rios - She Cums Too Soon\,{DT16~Excl~ME0PL3X8~20180727 - Hanna Rios - She Cums Too Soon}
mg_8311.jpg,570095,20d3dd5c,\Exclusive\20180727 - Hanna Rios - She Cums Too Soon\,{DT16~Excl~ME0PL3X8~20180727 - Hanna Rios - She Cums Too Soon}
mg_8312.jpg,544603,83426c40,\Exclusive\20180727 - Hanna Rios - She Cums Too Soon\,{DT16~Excl~ME0PL3X8~20180727 - Hanna Rios - She Cums Too Soon}
mg_8314.jpg,441259,8e05b8f7,\Exclusive\20180727 - Hanna Rios - She Cums Too Soon\,{DT16~Excl~ME0PL3X8~20180727 - Hanna Rios - She Cums Too Soon}
mg_8315.jpg,545368,f8f68048,\Exclusive\20180727 - Hanna Rios - She Cums Too Soon\,{DT16~Excl~ME0PL3X8~20180727 - Hanna Rios - She Cums Too Soon}
mg_8316.jpg,533843,f16fb57c,\Exclusive\20180727 - Hanna Rios - She Cums Too Soon\,{DT16~Excl~ME0PL3X8~20180727 - Hanna Rios - She Cums Too Soon}
mg_8317.jpg,401529,19d4009c,\Exclusive\20180727 - Hanna Rios - She Cums Too Soon\,{DT16~Excl~ME0PL3X8~20180727 - Hanna Rios - She Cums Too Soon}
mg_8318.jpg,456652,84e2e529,\Exclusive\20180727 - Hanna Rios - She Cums Too Soon\,{DT16~Excl~ME0PL3X8~20180727 - Hanna Rios - She Cums Too Soon}
mg_8319.jpg,552411,bd0489f8,\Exclusive\20180727 - Hanna Rios - She Cums Too Soon\,{DT16~Excl~ME0PL3X8~20180727 - Hanna Rios - She Cums Too Soon}
mg_8320.jpg,543621,44d05b42,\Exclusive\20180727 - Hanna Rios - She Cums Too Soon\,{DT16~Excl~ME0PL3X8~20180727 - Hanna Rios - She Cums Too Soon}
mg_8323.jpg,600217,91ef1205,\Exclusive\20180727 - Hanna Rios - She Cums Too Soon\,{DT16~Excl~ME0PL3X8~20180727 - Hanna Rios - She Cums Too Soon}
mg_8324.jpg,630018,b94eecb7,\Exclusive\20180727 - Hanna Rios - She Cums Too Soon\,{DT16~Excl~ME0PL3X8~20180727 - Hanna Rios - She Cums Too Soon}
mg_8325.jpg,613928,79272620,\Exclusive\20180727 - Hanna Rios - She Cums Too Soon\,{DT16~Excl~ME0PL3X8~20180727 - Hanna Rios - She Cums Too Soon}
mg_8326.jpg,597699,797bf87f,\Exclusive\20180727 - Hanna Rios - She Cums Too Soon\,{DT16~Excl~ME0PL3X8~20180727 - Hanna Rios - She Cums Too Soon}
mg_8327.jpg,539528,f3ff2e53,\Exclusive\20180727 - Hanna Rios - She Cums Too Soon\,{DT16~Excl~ME0PL3X8~20180727 - Hanna Rios - She Cums Too Soon}
mg_8328.jpg,571536,5d67ad01,\Exclusive\20180727 - Hanna Rios - She Cums Too Soon\,{DT16~Excl~ME0PL3X8~20180727 - Hanna Rios - She Cums Too Soon}
mg_8329.jpg,569660,137cba45,\Exclusive\20180727 - Hanna Rios - She Cums Too Soon\,{DT16~Excl~ME0PL3X8~20180727 - Hanna Rios - She Cums Too Soon}
mg_8330.jpg,532188,66aee80e,\Exclusive\20180727 - Hanna Rios - She Cums Too Soon\,{DT16~Excl~ME0PL3X8~20180727 - Hanna Rios - She Cums Too Soon}
mg_8331.jpg,556693,85d4fbea,\Exclusive\20180727 - Hanna Rios - She Cums Too Soon\,{DT16~Excl~ME0PL3X8~20180727 - Hanna Rios - She Cums Too Soon}
mg_8332.jpg,628722,8e5c510c,\Exclusive\20180727 - Hanna Rios - She Cums Too Soon\,{DT16~Excl~ME0PL3X8~20180727 - Hanna Rios - She Cums Too Soon}
mg_8333.jpg,639381,6a6fc3b1,\Exclusive\20180727 - Hanna Rios - She Cums Too Soon\,{DT16~Excl~ME0PL3X8~20180727 - Hanna Rios - She Cums Too Soon}
mg_8334.jpg,587722,a9dfc6d0,\Exclusive\20180727 - Hanna Rios - She Cums Too Soon\,{DT16~Excl~ME0PL3X8~20180727 - Hanna Rios - She Cums Too Soon}
mg_8335.jpg,531598,045e7ed0,\Exclusive\20180727 - Hanna Rios - She Cums Too Soon\,{DT16~Excl~ME0PL3X8~20180727 - Hanna Rios - She Cums Too Soon}
mg_8336.jpg,482764,d8b364f2,\Exclusive\20180727 - Hanna Rios - She Cums Too Soon\,{DT16~Excl~ME0PL3X8~20180727 - Hanna Rios - She Cums Too Soon}
mg_8337.jpg,490617,ee987df5,\Exclusive\20180727 - Hanna Rios - She Cums Too Soon\,{DT16~Excl~ME0PL3X8~20180727 - Hanna Rios - She Cums Too Soon}
mg_8338.jpg,557397,cdece088,\Exclusive\20180727 - Hanna Rios - She Cums Too Soon\,{DT16~Excl~ME0PL3X8~20180727 - Hanna Rios - She Cums Too Soon}
mg_8339.jpg,463920,b1e91159,\Exclusive\20180727 - Hanna Rios - She Cums Too Soon\,{DT16~Excl~ME0PL3X8~20180727 - Hanna Rios - She Cums Too Soon}
mg_8340.jpg,469579,c35355ec,\Exclusive\20180727 - Hanna Rios - She Cums Too Soon\,{DT16~Excl~ME0PL3X8~20180727 - Hanna Rios - She Cums Too Soon}
mg_8346.jpg,615716,92b37a93,\Exclusive\20180727 - Hanna Rios - She Cums Too Soon\,{DT16~Excl~ME0PL3X8~20180727 - Hanna Rios - She Cums Too Soon}
mg_8347.jpg,626009,198a5e05,\Exclusive\20180727 - Hanna Rios - She Cums Too Soon\,{DT16~Excl~ME0PL3X8~20180727 - Hanna Rios - She Cums Too Soon}
mg_8348.jpg,570608,cb578f73,\Exclusive\20180727 - Hanna Rios - She Cums Too Soon\,{DT16~Excl~ME0PL3X8~20180727 - Hanna Rios - She Cums Too Soon}
mg_8349.jpg,713595,9c66fca3,\Exclusive\20180727 - Hanna Rios - She Cums Too Soon\,{DT16~Excl~ME0PL3X8~20180727 - Hanna Rios - She Cums Too Soon}
mg_8351.jpg,578256,914491d7,\Exclusive\20180727 - Hanna Rios - She Cums Too Soon\,{DT16~Excl~ME0PL3X8~20180727 - Hanna Rios - She Cums Too Soon}
mg_8352.jpg,590547,b7373b23,\Exclusive\20180727 - Hanna Rios - She Cums Too Soon\,{DT16~Excl~ME0PL3X8~20180727 - Hanna Rios - She Cums Too Soon}
mg_8353.jpg,493297,0914e07a,\Exclusive\20180727 - Hanna Rios - She Cums Too Soon\,{DT16~Excl~ME0PL3X8~20180727 - Hanna Rios - She Cums Too Soon}
mg_8355.jpg,574174,471d5d79,\Exclusive\20180727 - Hanna Rios - She Cums Too Soon\,{DT16~Excl~ME0PL3X8~20180727 - Hanna Rios - She Cums Too Soon}
mg_8356.jpg,438560,fcbdf719,\Exclusive\20180727 - Hanna Rios - She Cums Too Soon\,{DT16~Excl~ME0PL3X8~20180727 - Hanna Rios - She Cums Too Soon}
mg_8358.jpg,648366,8c7ad03c,\Exclusive\20180727 - Hanna Rios - She Cums Too Soon\,{DT16~Excl~ME0PL3X8~20180727 - Hanna Rios - She Cums Too Soon}
mg_8359.jpg,638153,f4823385,\Exclusive\20180727 - Hanna Rios - She Cums Too Soon\,{DT16~Excl~ME0PL3X8~20180727 - Hanna Rios - She Cums Too Soon}
mg_8360.jpg,702567,388edbb5,\Exclusive\20180727 - Hanna Rios - She Cums Too Soon\,{DT16~Excl~ME0PL3X8~20180727 - Hanna Rios - She Cums Too Soon}
mg_8362.jpg,607737,5bcc0478,\Exclusive\20180727 - Hanna Rios - She Cums Too Soon\,{DT16~Excl~ME0PL3X8~20180727 - Hanna Rios - She Cums Too Soon}
mg_8363.jpg,731572,1ceee9d8,\Exclusive\20180727 - Hanna Rios - She Cums Too Soon\,{DT16~Excl~ME0PL3X8~20180727 - Hanna Rios - She Cums Too Soon}
mg_8366.jpg,474422,aad7902f,\Exclusive\20180727 - Hanna Rios - She Cums Too Soon\,{DT16~Excl~ME0PL3X8~20180727 - Hanna Rios - She Cums Too Soon}
mg_8367.jpg,519607,4f719fdf,\Exclusive\20180727 - Hanna Rios - She Cums Too Soon\,{DT16~Excl~ME0PL3X8~20180727 - Hanna Rios - She Cums Too Soon}
mg_8369.jpg,455244,250c7913,\Exclusive\20180727 - Hanna Rios - She Cums Too Soon\,{DT16~Excl~ME0PL3X8~20180727 - Hanna Rios - She Cums Too Soon}
mg_8370.jpg,469285,730ffc22,\Exclusive\20180727 - Hanna Rios - She Cums Too Soon\,{DT16~Excl~ME0PL3X8~20180727 - Hanna Rios - She Cums Too Soon}
mg_8374.jpg,701061,17bf6d1e,\Exclusive\20180727 - Hanna Rios - She Cums Too Soon\,{DT16~Excl~ME0PL3X8~20180727 - Hanna Rios - She Cums Too Soon}
mg_8375.jpg,654324,564c5781,\Exclusive\20180727 - Hanna Rios - She Cums Too Soon\,{DT16~Excl~ME0PL3X8~20180727 - Hanna Rios - She Cums Too Soon}
mg_8376.jpg,737390,3cbd1bd1,\Exclusive\20180727 - Hanna Rios - She Cums Too Soon\,{DT16~Excl~ME0PL3X8~20180727 - Hanna Rios - She Cums Too Soon}
mg_8377.jpg,706338,c4140492,\Exclusive\20180727 - Hanna Rios - She Cums Too Soon\,{DT16~Excl~ME0PL3X8~20180727 - Hanna Rios - She Cums Too Soon}
mg_8378.jpg,738848,e217d96b,\Exclusive\20180727 - Hanna Rios - She Cums Too Soon\,{DT16~Excl~ME0PL3X8~20180727 - Hanna Rios - She Cums Too Soon}
mg_8379.jpg,756701,8b9ab285,\Exclusive\20180727 - Hanna Rios - She Cums Too Soon\,{DT16~Excl~ME0PL3X8~20180727 - Hanna Rios - She Cums Too Soon}
mg_8388.jpg,647029,75a94fcf,\Exclusive\20180727 - Hanna Rios - She Cums Too Soon\,{DT16~Excl~ME0PL3X8~20180727 - Hanna Rios - She Cums Too Soon}
mg_8389.jpg,724661,8cabd587,\Exclusive\20180727 - Hanna Rios - She Cums Too Soon\,{DT16~Excl~ME0PL3X8~20180727 - Hanna Rios - She Cums Too Soon}
mg_8390.jpg,715646,fbdeef65,\Exclusive\20180727 - Hanna Rios - She Cums Too Soon\,{DT16~Excl~ME0PL3X8~20180727 - Hanna Rios - She Cums Too Soon}
mg_8391.jpg,676746,b9c64d57,\Exclusive\20180727 - Hanna Rios - She Cums Too Soon\,{DT16~Excl~ME0PL3X8~20180727 - Hanna Rios - She Cums Too Soon}
mg_8392.jpg,669830,93465e0d,\Exclusive\20180727 - Hanna Rios - She Cums Too Soon\,{DT16~Excl~ME0PL3X8~20180727 - Hanna Rios - She Cums Too Soon}
mg_8393.jpg,692493,e6fcc15a,\Exclusive\20180727 - Hanna Rios - She Cums Too Soon\,{DT16~Excl~ME0PL3X8~20180727 - Hanna Rios - She Cums Too Soon}
mg_8394.jpg,658829,b3dd6526,\Exclusive\20180727 - Hanna Rios - She Cums Too Soon\,{DT16~Excl~ME0PL3X8~20180727 - Hanna Rios - She Cums Too Soon}
mg_8395.jpg,696807,fa32be58,\Exclusive\20180727 - Hanna Rios - She Cums Too Soon\,{DT16~Excl~ME0PL3X8~20180727 - Hanna Rios - She Cums Too Soon}
mg_8403.jpg,663299,6ca7c7dd,\Exclusive\20180727 - Hanna Rios - She Cums Too Soon\,{DT16~Excl~ME0PL3X8~20180727 - Hanna Rios - She Cums Too Soon}
mg_8404.jpg,678242,3d845471,\Exclusive\20180727 - Hanna Rios - She Cums Too Soon\,{DT16~Excl~ME0PL3X8~20180727 - Hanna Rios - She Cums Too Soon}
mg_8405.jpg,618292,6632e85e,\Exclusive\20180727 - Hanna Rios - She Cums Too Soon\,{DT16~Excl~ME0PL3X8~20180727 - Hanna Rios - She Cums Too Soon}
mg_8406.jpg,587432,0b0a3da3,\Exclusive\20180727 - Hanna Rios - She Cums Too Soon\,{DT16~Excl~ME0PL3X8~20180727 - Hanna Rios - She Cums Too Soon}
mg_8407.jpg,617083,bab31fa5,\Exclusive\20180727 - Hanna Rios - She Cums Too Soon\,{DT16~Excl~ME0PL3X8~20180727 - Hanna Rios - She Cums Too Soon}
mg_8408.jpg,623619,1f5919b5,\Exclusive\20180727 - Hanna Rios - She Cums Too Soon\,{DT16~Excl~ME0PL3X8~20180727 - Hanna Rios - She Cums Too Soon}
mg_8409.jpg,567427,5def1745,\Exclusive\20180727 - Hanna Rios - She Cums Too Soon\,{DT16~Excl~ME0PL3X8~20180727 - Hanna Rios - She Cums Too Soon}
mg_8411.jpg,493174,a1d89467,\Exclusive\20180727 - Hanna Rios - She Cums Too Soon\,{DT16~Excl~ME0PL3X8~20180727 - Hanna Rios - She Cums Too Soon}
mg_8414.jpg,465733,b8682a6b,\Exclusive\20180727 - Hanna Rios - She Cums Too Soon\,{DT16~Excl~ME0PL3X8~20180727 - Hanna Rios - She Cums Too Soon}
mg_8416.jpg,425296,bba31cbf,\Exclusive\20180727 - Hanna Rios - She Cums Too Soon\,{DT16~Excl~ME0PL3X8~20180727 - Hanna Rios - She Cums Too Soon}
mg_8418.jpg,502917,7c181e2e,\Exclusive\20180727 - Hanna Rios - She Cums Too Soon\,{DT16~Excl~ME0PL3X8~20180727 - Hanna Rios - She Cums Too Soon}
mg_8419.jpg,517609,0d5ca00d,\Exclusive\20180727 - Hanna Rios - She Cums Too Soon\,{DT16~Excl~ME0PL3X8~20180727 - Hanna Rios - She Cums Too Soon}
mg_8421.jpg,747610,dabbc5bd,\Exclusive\20180727 - Hanna Rios - She Cums Too Soon\,{DT16~Excl~ME0PL3X8~20180727 - Hanna Rios - She Cums Too Soon}
mg_8422.jpg,693946,79c9237a,\Exclusive\20180727 - Hanna Rios - She Cums Too Soon\,{DT16~Excl~ME0PL3X8~20180727 - Hanna Rios - She Cums Too Soon}
mg_8423.jpg,718390,a5408239,\Exclusive\20180727 - Hanna Rios - She Cums Too Soon\,{DT16~Excl~ME0PL3X8~20180727 - Hanna Rios - She Cums Too Soon}
mg_8424.jpg,695996,6fc395e0,\Exclusive\20180727 - Hanna Rios - She Cums Too Soon\,{DT16~Excl~ME0PL3X8~20180727 - Hanna Rios - She Cums Too Soon}
mg_8425.jpg,767423,fddec660,\Exclusive\20180727 - Hanna Rios - She Cums Too Soon\,{DT16~Excl~ME0PL3X8~20180727 - Hanna Rios - She Cums Too Soon}
mg_8427.jpg,671447,341a2bb8,\Exclusive\20180727 - Hanna Rios - She Cums Too Soon\,{DT16~Excl~ME0PL3X8~20180727 - Hanna Rios - She Cums Too Soon}
mg_8428.jpg,676641,18eedabd,\Exclusive\20180727 - Hanna Rios - She Cums Too Soon\,{DT16~Excl~ME0PL3X8~20180727 - Hanna Rios - She Cums Too Soon}
mg_8429.jpg,678879,67556e48,\Exclusive\20180727 - Hanna Rios - She Cums Too Soon\,{DT16~Excl~ME0PL3X8~20180727 - Hanna Rios - She Cums Too Soon}
mg_8430.jpg,688465,cf0cd685,\Exclusive\20180727 - Hanna Rios - She Cums Too Soon\,{DT16~Excl~ME0PL3X8~20180727 - Hanna Rios - She Cums Too Soon}
mg_8431.jpg,736856,9c303695,\Exclusive\20180727 - Hanna Rios - She Cums Too Soon\,{DT16~Excl~ME0PL3X8~20180727 - Hanna Rios - She Cums Too Soon}
mg_8432.jpg,769876,e15a92c4,\Exclusive\20180727 - Hanna Rios - She Cums Too Soon\,{DT16~Excl~ME0PL3X8~20180727 - Hanna Rios - She Cums Too Soon}
mg_8433.jpg,788379,d031e576,\Exclusive\20180727 - Hanna Rios - She Cums Too Soon\,{DT16~Excl~ME0PL3X8~20180727 - Hanna Rios - She Cums Too Soon}
mg_8454.jpg,829877,70e01e36,\Exclusive\20180727 - Hanna Rios - She Cums Too Soon\,{DT16~Excl~ME0PL3X8~20180727 - Hanna Rios - She Cums Too Soon}
mg_8455.jpg,784096,b86c5e2c,\Exclusive\20180727 - Hanna Rios - She Cums Too Soon\,{DT16~Excl~ME0PL3X8~20180727 - Hanna Rios - She Cums Too Soon}
mg_8456.jpg,771769,f20801c6,\Exclusive\20180727 - Hanna Rios - She Cums Too Soon\,{DT16~Excl~ME0PL3X8~20180727 - Hanna Rios - She Cums Too Soon}
mg_8457.jpg,813330,7b598d60,\Exclusive\20180727 - Hanna Rios - She Cums Too Soon\,{DT16~Excl~ME0PL3X8~20180727 - Hanna Rios - She Cums Too Soon}
mg_8458.jpg,790369,1259bb30,\Exclusive\20180727 - Hanna Rios - She Cums Too Soon\,{DT16~Excl~ME0PL3X8~20180727 - Hanna Rios - She Cums Too Soon}
mg_8459.jpg,759552,f8e56ab1,\Exclusive\20180727 - Hanna Rios - She Cums Too Soon\,{DT16~Excl~ME0PL3X8~20180727 - Hanna Rios - She Cums Too Soon}
mg_8461.jpg,830321,2d1e5b5e,\Exclusive\20180727 - Hanna Rios - She Cums Too Soon\,{DT16~Excl~ME0PL3X8~20180727 - Hanna Rios - She Cums Too Soon}
mg_8462.jpg,912526,7567ea8d,\Exclusive\20180727 - Hanna Rios - She Cums Too Soon\,{DT16~Excl~ME0PL3X8~20180727 - Hanna Rios - She Cums Too Soon}
mg_8464.jpg,836486,bbf9a497,\Exclusive\20180727 - Hanna Rios - She Cums Too Soon\,{DT16~Excl~ME0PL3X8~20180727 - Hanna Rios - She Cums Too Soon}
mg_8465.jpg,823786,abe8cdae,\Exclusive\20180727 - Hanna Rios - She Cums Too Soon\,{DT16~Excl~ME0PL3X8~20180727 - Hanna Rios - She Cums Too Soon}
mg_8468.jpg,864734,575245b9,\Exclusive\20180727 - Hanna Rios - She Cums Too Soon\,{DT16~Excl~ME0PL3X8~20180727 - Hanna Rios - She Cums Too Soon}
mg_8469.jpg,875572,e8e5fa06,\Exclusive\20180727 - Hanna Rios - She Cums Too Soon\,{DT16~Excl~ME0PL3X8~20180727 - Hanna Rios - She Cums Too Soon}
mg_8471.jpg,916051,3ab60dd4,\Exclusive\20180727 - Hanna Rios - She Cums Too Soon\,{DT16~Excl~ME0PL3X8~20180727 - Hanna Rios - She Cums Too Soon}
mg_8472.jpg,964653,bb038bac,\Exclusive\20180727 - Hanna Rios - She Cums Too Soon\,{DT16~Excl~ME0PL3X8~20180727 - Hanna Rios - She Cums Too Soon}
mg_8473.jpg,874361,dbcd3c75,\Exclusive\20180727 - Hanna Rios - She Cums Too Soon\,{DT16~Excl~ME0PL3X8~20180727 - Hanna Rios - She Cums Too Soon}
mg_8474.jpg,832413,aa876daf,\Exclusive\20180727 - Hanna Rios - She Cums Too Soon\,{DT16~Excl~ME0PL3X8~20180727 - Hanna Rios - She Cums Too Soon}
mg_8475.jpg,850891,0c74a953,\Exclusive\20180727 - Hanna Rios - She Cums Too Soon\,{DT16~Excl~ME0PL3X8~20180727 - Hanna Rios - She Cums Too Soon}
mg_8476.jpg,884886,7c3abb6f,\Exclusive\20180727 - Hanna Rios - She Cums Too Soon\,{DT16~Excl~ME0PL3X8~20180727 - Hanna Rios - She Cums Too Soon}
mg_8477.jpg,855898,9b7faec7,\Exclusive\20180727 - Hanna Rios - She Cums Too Soon\,{DT16~Excl~ME0PL3X8~20180727 - Hanna Rios - She Cums Too Soon}
mg_8478.jpg,858257,2f49269f,\Exclusive\20180727 - Hanna Rios - She Cums Too Soon\,{DT16~Excl~ME0PL3X8~20180727 - Hanna Rios - She Cums Too Soon}
mg_8479.jpg,938924,2048c3e5,\Exclusive\20180727 - Hanna Rios - She Cums Too Soon\,{DT16~Excl~ME0PL3X8~20180727 - Hanna Rios - She Cums Too Soon}
mg_8480.jpg,872439,ceecb8a9,\Exclusive\20180727 - Hanna Rios - She Cums Too Soon\,{DT16~Excl~ME0PL3X8~20180727 - Hanna Rios - She Cums Too Soon}
mg_8481.jpg,833880,0ac54888,\Exclusive\20180727 - Hanna Rios - She Cums Too Soon\,{DT16~Excl~ME0PL3X8~20180727 - Hanna Rios - She Cums Too Soon}
mg_8482.jpg,906776,9a4ec14f,\Exclusive\20180727 - Hanna Rios - She Cums Too Soon\,{DT16~Excl~ME0PL3X8~20180727 - Hanna Rios - She Cums Too Soon}
mg_8483.jpg,931971,22a0259e,\Exclusive\20180727 - Hanna Rios - She Cums Too Soon\,{DT16~Excl~ME0PL3X8~20180727 - Hanna Rios - She Cums Too Soon}
mg_8484.jpg,902970,d950d8bc,\Exclusive\20180727 - Hanna Rios - She Cums Too Soon\,{DT16~Excl~ME0PL3X8~20180727 - Hanna Rios - She Cums Too Soon}
mg_8487.jpg,772884,76bdacb9,\Exclusive\20180727 - Hanna Rios - She Cums Too Soon\,{DT16~Excl~ME0PL3X8~20180727 - Hanna Rios - She Cums Too Soon}
mg_8488.jpg,849507,0e6e13cc,\Exclusive\20180727 - Hanna Rios - She Cums Too Soon\,{DT16~Excl~ME0PL3X8~20180727 - Hanna Rios - She Cums Too Soon}
mg_8489.jpg,699799,e6f0dc55,\Exclusive\20180727 - Hanna Rios - She Cums Too Soon\,{DT16~Excl~ME0PL3X8~20180727 - Hanna Rios - She Cums Too Soon}
mg_8491.jpg,823226,b4e12c1c,\Exclusive\20180727 - Hanna Rios - She Cums Too Soon\,{DT16~Excl~ME0PL3X8~20180727 - Hanna Rios - She Cums Too Soon}
mg_8492.jpg,864017,dc7a1fc1,\Exclusive\20180727 - Hanna Rios - She Cums Too Soon\,{DT16~Excl~ME0PL3X8~20180727 - Hanna Rios - She Cums Too Soon}
mg_8493.jpg,535929,98fb66a6,\Exclusive\20180727 - Hanna Rios - She Cums Too Soon\,{DT16~Excl~ME0PL3X8~20180727 - Hanna Rios - She Cums Too Soon}
mg_8494.jpg,687632,75778b9e,\Exclusive\20180727 - Hanna Rios - She Cums Too Soon\,{DT16~Excl~ME0PL3X8~20180727 - Hanna Rios - She Cums Too Soon}
mg_8495.jpg,603055,2499cad5,\Exclusive\20180727 - Hanna Rios - She Cums Too Soon\,{DT16~Excl~ME0PL3X8~20180727 - Hanna Rios - She Cums Too Soon}
mg_8496.jpg,648405,0aabcc73,\Exclusive\20180727 - Hanna Rios - She Cums Too Soon\,{DT16~Excl~ME0PL3X8~20180727 - Hanna Rios - She Cums Too Soon}
mg_8497.jpg,660674,e7d8e020,\Exclusive\20180727 - Hanna Rios - She Cums Too Soon\,{DT16~Excl~ME0PL3X8~20180727 - Hanna Rios - She Cums Too Soon}
mg_8498.jpg,861804,60a22029,\Exclusive\20180727 - Hanna Rios - She Cums Too Soon\,{DT16~Excl~ME0PL3X8~20180727 - Hanna Rios - She Cums Too Soon}
mg_8500.jpg,793129,d245559f,\Exclusive\20180727 - Hanna Rios - She Cums Too Soon\,{DT16~Excl~ME0PL3X8~20180727 - Hanna Rios - She Cums Too Soon}
mg_8501.jpg,749928,8cba03ea,\Exclusive\20180727 - Hanna Rios - She Cums Too Soon\,{DT16~Excl~ME0PL3X8~20180727 - Hanna Rios - She Cums Too Soon}
mg_8502.jpg,749685,e103fef0,\Exclusive\20180727 - Hanna Rios - She Cums Too Soon\,{DT16~Excl~ME0PL3X8~20180727 - Hanna Rios - She Cums Too Soon}
mg_8503.jpg,829978,5cc78f99,\Exclusive\20180727 - Hanna Rios - She Cums Too Soon\,{DT16~Excl~ME0PL3X8~20180727 - Hanna Rios - She Cums Too Soon}
mg_8504.jpg,725303,fe26f6eb,\Exclusive\20180727 - Hanna Rios - She Cums Too Soon\,{DT16~Excl~ME0PL3X8~20180727 - Hanna Rios - She Cums Too Soon}
mg_8505.jpg,762052,ef838a7c,\Exclusive\20180727 - Hanna Rios - She Cums Too Soon\,{DT16~Excl~ME0PL3X8~20180727 - Hanna Rios - She Cums Too Soon}
mg_8506.jpg,792882,59c4fc97,\Exclusive\20180727 - Hanna Rios - She Cums Too Soon\,{DT16~Excl~ME0PL3X8~20180727 - Hanna Rios - She Cums Too Soon}
mg_8507.jpg,574043,d3601e67,\Exclusive\20180727 - Hanna Rios - She Cums Too Soon\,{DT16~Excl~ME0PL3X8~20180727 - Hanna Rios - She Cums Too Soon}
mg_8508.jpg,771393,78600e65,\Exclusive\20180727 - Hanna Rios - She Cums Too Soon\,{DT16~Excl~ME0PL3X8~20180727 - Hanna Rios - She Cums Too Soon}
mg_8512.jpg,562317,d1877178,\Exclusive\20180727 - Hanna Rios - She Cums Too Soon\,{DT16~Excl~ME0PL3X8~20180727 - Hanna Rios - She Cums Too Soon}
mg_8513.jpg,720243,56cd7d91,\Exclusive\20180727 - Hanna Rios - She Cums Too Soon\,{DT16~Excl~ME0PL3X8~20180727 - Hanna Rios - She Cums Too Soon}
mg_8514.jpg,675910,3d883be7,\Exclusive\20180727 - Hanna Rios - She Cums Too Soon\,{DT16~Excl~ME0PL3X8~20180727 - Hanna Rios - She Cums Too Soon}
mg_8517.jpg,632553,3d4fa8bf,\Exclusive\20180727 - Hanna Rios - She Cums Too Soon\,{DT16~Excl~ME0PL3X8~20180727 - Hanna Rios - She Cums Too Soon}
mg_8518.jpg,738214,b3b412a0,\Exclusive\20180727 - Hanna Rios - She Cums Too Soon\,{DT16~Excl~ME0PL3X8~20180727 - Hanna Rios - She Cums Too Soon}
mg_8519.jpg,726906,681ffad2,\Exclusive\20180727 - Hanna Rios - She Cums Too Soon\,{DT16~Excl~ME0PL3X8~20180727 - Hanna Rios - She Cums Too Soon}
mg_8520.jpg,697524,5d290280,\Exclusive\20180727 - Hanna Rios - She Cums Too Soon\,{DT16~Excl~ME0PL3X8~20180727 - Hanna Rios - She Cums Too Soon}
mg_8525.jpg,711135,57d09f18,\Exclusive\20180727 - Hanna Rios - She Cums Too Soon\,{DT16~Excl~ME0PL3X8~20180727 - Hanna Rios - She Cums Too Soon}
mg_8527.jpg,646902,f97d01b5,\Exclusive\20180727 - Hanna Rios - She Cums Too Soon\,{DT16~Excl~ME0PL3X8~20180727 - Hanna Rios - She Cums Too Soon}
mg_8528.jpg,603748,efd1c755,\Exclusive\20180727 - Hanna Rios - She Cums Too Soon\,{DT16~Excl~ME0PL3X8~20180727 - Hanna Rios - She Cums Too Soon}
mg_8535.jpg,608385,eab9de15,\Exclusive\20180727 - Hanna Rios - She Cums Too Soon\,{DT16~Excl~ME0PL3X8~20180727 - Hanna Rios - She Cums Too Soon}
mg_8536.jpg,722927,8e011cfd,\Exclusive\20180727 - Hanna Rios - She Cums Too Soon\,{DT16~Excl~ME0PL3X8~20180727 - Hanna Rios - She Cums Too Soon}
mg_8537.jpg,723907,bd836523,\Exclusive\20180727 - Hanna Rios - She Cums Too Soon\,{DT16~Excl~ME0PL3X8~20180727 - Hanna Rios - She Cums Too Soon}
mg_8538.jpg,772557,51f59f3c,\Exclusive\20180727 - Hanna Rios - She Cums Too Soon\,{DT16~Excl~ME0PL3X8~20180727 - Hanna Rios - She Cums Too Soon}
mg_8539.jpg,810035,308160f4,\Exclusive\20180727 - Hanna Rios - She Cums Too Soon\,{DT16~Excl~ME0PL3X8~20180727 - Hanna Rios - She Cums Too Soon}
mg_8540.jpg,501225,364d01f9,\Exclusive\20180727 - Hanna Rios - She Cums Too Soon\,{DT16~Excl~ME0PL3X8~20180727 - Hanna Rios - She Cums Too Soon}
mg_8543.jpg,602027,2e07c620,\Exclusive\20180727 - Hanna Rios - She Cums Too Soon\,{DT16~Excl~ME0PL3X8~20180727 - Hanna Rios - She Cums Too Soon}
mg_8544.jpg,584870,88863a70,\Exclusive\20180727 - Hanna Rios - She Cums Too Soon\,{DT16~Excl~ME0PL3X8~20180727 - Hanna Rios - She Cums Too Soon}
mg_8545.jpg,632085,9d25123a,\Exclusive\20180727 - Hanna Rios - She Cums Too Soon\,{DT16~Excl~ME0PL3X8~20180727 - Hanna Rios - She Cums Too Soon}
mg_8546.jpg,716092,aa47b6ea,\Exclusive\20180727 - Hanna Rios - She Cums Too Soon\,{DT16~Excl~ME0PL3X8~20180727 - Hanna Rios - She Cums Too Soon}
mg_8547.jpg,698183,3b87bbae,\Exclusive\20180727 - Hanna Rios - She Cums Too Soon\,{DT16~Excl~ME0PL3X8~20180727 - Hanna Rios - She Cums Too Soon}
mg_8548.jpg,704810,b3217dc2,\Exclusive\20180727 - Hanna Rios - She Cums Too Soon\,{DT16~Excl~ME0PL3X8~20180727 - Hanna Rios - She Cums Too Soon}
mg_8552.jpg,736441,1103d5db,\Exclusive\20180727 - Hanna Rios - She Cums Too Soon\,{DT16~Excl~ME0PL3X8~20180727 - Hanna Rios - She Cums Too Soon}
mg_8557.jpg,682778,395d7eab,\Exclusive\20180727 - Hanna Rios - She Cums Too Soon\,{DT16~Excl~ME0PL3X8~20180727 - Hanna Rios - She Cums Too Soon}
mg_8558.jpg,800283,1ae6fc26,\Exclusive\20180727 - Hanna Rios - She Cums Too Soon\,{DT16~Excl~ME0PL3X8~20180727 - Hanna Rios - She Cums Too Soon}
mg_8562.jpg,762762,f49eed89,\Exclusive\20180727 - Hanna Rios - She Cums Too Soon\,{DT16~Excl~ME0PL3X8~20180727 - Hanna Rios - She Cums Too Soon}
mg_8563.jpg,692931,e9d0a3be,\Exclusive\20180727 - Hanna Rios - She Cums Too Soon\,{DT16~Excl~ME0PL3X8~20180727 - Hanna Rios - She Cums Too Soon}
mg_8564.jpg,754320,f7e358b0,\Exclusive\20180727 - Hanna Rios - She Cums Too Soon\,{DT16~Excl~ME0PL3X8~20180727 - Hanna Rios - She Cums Too Soon}
mg_8565.jpg,730381,96fb88b4,\Exclusive\20180727 - Hanna Rios - She Cums Too Soon\,{DT16~Excl~ME0PL3X8~20180727 - Hanna Rios - She Cums Too Soon}
mg_8566.jpg,752619,f8656e5a,\Exclusive\20180727 - Hanna Rios - She Cums Too Soon\,{DT16~Excl~ME0PL3X8~20180727 - Hanna Rios - She Cums Too Soon}
mg_8567.jpg,759617,b8024823,\Exclusive\20180727 - Hanna Rios - She Cums Too Soon\,{DT16~Excl~ME0PL3X8~20180727 - Hanna Rios - She Cums Too Soon}
mg_8568.jpg,676250,4d51586d,\Exclusive\20180727 - Hanna Rios - She Cums Too Soon\,{DT16~Excl~ME0PL3X8~20180727 - Hanna Rios - She Cums Too Soon}
mg_8569.jpg,679647,4b7b0852,\Exclusive\20180727 - Hanna Rios - She Cums Too Soon\,{DT16~Excl~ME0PL3X8~20180727 - Hanna Rios - She Cums Too Soon}
mg_8570.jpg,691857,d3f22548,\Exclusive\20180727 - Hanna Rios - She Cums Too Soon\,{DT16~Excl~ME0PL3X8~20180727 - Hanna Rios - She Cums Too Soon}
mg_8578.jpg,571041,d6d2bf51,\Exclusive\20180727 - Hanna Rios - She Cums Too Soon\,{DT16~Excl~ME0PL3X8~20180727 - Hanna Rios - She Cums Too Soon}
mg_8579.jpg,655821,d2b7e255,\Exclusive\20180727 - Hanna Rios - She Cums Too Soon\,{DT16~Excl~ME0PL3X8~20180727 - Hanna Rios - She Cums Too Soon}
mg_8580.jpg,657050,708802f0,\Exclusive\20180727 - Hanna Rios - She Cums Too Soon\,{DT16~Excl~ME0PL3X8~20180727 - Hanna Rios - She Cums Too Soon}
mg_8581.jpg,657771,fe72461e,\Exclusive\20180727 - Hanna Rios - She Cums Too Soon\,{DT16~Excl~ME0PL3X8~20180727 - Hanna Rios - She Cums Too Soon}
mg_8582.jpg,636829,1e478943,\Exclusive\20180727 - Hanna Rios - She Cums Too Soon\,{DT16~Excl~ME0PL3X8~20180727 - Hanna Rios - She Cums Too Soon}
mg_8583.jpg,680377,674f59ed,\Exclusive\20180727 - Hanna Rios - She Cums Too Soon\,{DT16~Excl~ME0PL3X8~20180727 - Hanna Rios - She Cums Too Soon}
mg_8584.jpg,688515,2ae00b5d,\Exclusive\20180727 - Hanna Rios - She Cums Too Soon\,{DT16~Excl~ME0PL3X8~20180727 - Hanna Rios - She Cums Too Soon}
mg_8585.jpg,723649,a737b456,\Exclusive\20180727 - Hanna Rios - She Cums Too Soon\,{DT16~Excl~ME0PL3X8~20180727 - Hanna Rios - She Cums Too Soon}
mg_8587.jpg,658135,411c8ca3,\Exclusive\20180727 - Hanna Rios - She Cums Too Soon\,{DT16~Excl~ME0PL3X8~20180727 - Hanna Rios - She Cums Too Soon}
mg_8588.jpg,666266,3d48571f,\Exclusive\20180727 - Hanna Rios - She Cums Too Soon\,{DT16~Excl~ME0PL3X8~20180727 - Hanna Rios - She Cums Too Soon}
mg_8592.jpg,690900,d487f734,\Exclusive\20180727 - Hanna Rios - She Cums Too Soon\,{DT16~Excl~ME0PL3X8~20180727 - Hanna Rios - She Cums Too Soon}
mg_8593.jpg,524089,61baf0f8,\Exclusive\20180727 - Hanna Rios - She Cums Too Soon\,{DT16~Excl~ME0PL3X8~20180727 - Hanna Rios - She Cums Too Soon}
mg_8594.jpg,722867,031d998f,\Exclusive\20180727 - Hanna Rios - She Cums Too Soon\,{DT16~Excl~ME0PL3X8~20180727 - Hanna Rios - She Cums Too Soon}
mg_8595.jpg,727060,41b47292,\Exclusive\20180727 - Hanna Rios - She Cums Too Soon\,{DT16~Excl~ME0PL3X8~20180727 - Hanna Rios - She Cums Too Soon}
mg_8596.jpg,778731,2aa60f5a,\Exclusive\20180727 - Hanna Rios - She Cums Too Soon\,{DT16~Excl~ME0PL3X8~20180727 - Hanna Rios - She Cums Too Soon}
mg_8597.jpg,786455,16f59177,\Exclusive\20180727 - Hanna Rios - She Cums Too Soon\,{DT16~Excl~ME0PL3X8~20180727 - Hanna Rios - She Cums Too Soon}
mg_8598.jpg,749805,ed99494e,\Exclusive\20180727 - Hanna Rios - She Cums Too Soon\,{DT16~Excl~ME0PL3X8~20180727 - Hanna Rios - She Cums Too Soon}
mg_8601.jpg,693434,58d976a2,\Exclusive\20180727 - Hanna Rios - She Cums Too Soon\,{DT16~Excl~ME0PL3X8~20180727 - Hanna Rios - She Cums Too Soon}
mg_8602.jpg,552905,a1f17b27,\Exclusive\20180727 - Hanna Rios - She Cums Too Soon\,{DT16~Excl~ME0PL3X8~20180727 - Hanna Rios - She Cums Too Soon}
mg_8604.jpg,457604,5155dc22,\Exclusive\20180727 - Hanna Rios - She Cums Too Soon\,{DT16~Excl~ME0PL3X8~20180727 - Hanna Rios - She Cums Too Soon}
mg_8605.jpg,657353,4e17ca2f,\Exclusive\20180727 - Hanna Rios - She Cums Too Soon\,{DT16~Excl~ME0PL3X8~20180727 - Hanna Rios - She Cums Too Soon}
mg_8606.jpg,728367,96dbe2fa,\Exclusive\20180727 - Hanna Rios - She Cums Too Soon\,{DT16~Excl~ME0PL3X8~20180727 - Hanna Rios - She Cums Too Soon}
mg_8607.jpg,618677,5db2f5c0,\Exclusive\20180727 - Hanna Rios - She Cums Too Soon\,{DT16~Excl~ME0PL3X8~20180727 - Hanna Rios - She Cums Too Soon}
mg_8608.jpg,765641,189355db,\Exclusive\20180727 - Hanna Rios - She Cums Too Soon\,{DT16~Excl~ME0PL3X8~20180727 - Hanna Rios - She Cums Too Soon}
mg_8609.jpg,721054,aedafcaa,\Exclusive\20180727 - Hanna Rios - She Cums Too Soon\,{DT16~Excl~ME0PL3X8~20180727 - Hanna Rios - She Cums Too Soon}
mg_8610.jpg,740044,75c9b2f1,\Exclusive\20180727 - Hanna Rios - She Cums Too Soon\,{DT16~Excl~ME0PL3X8~20180727 - Hanna Rios - She Cums Too Soon}
mg_8611.jpg,752335,b27eb588,\Exclusive\20180727 - Hanna Rios - She Cums Too Soon\,{DT16~Excl~ME0PL3X8~20180727 - Hanna Rios - She Cums Too Soon}
mg_8612.jpg,723368,0f38c43f,\Exclusive\20180727 - Hanna Rios - She Cums Too Soon\,{DT16~Excl~ME0PL3X8~20180727 - Hanna Rios - She Cums Too Soon}
mg_8615.jpg,631884,7ff785e8,\Exclusive\20180727 - Hanna Rios - She Cums Too Soon\,{DT16~Excl~ME0PL3X8~20180727 - Hanna Rios - She Cums Too Soon}
mg_8616.jpg,657487,f3fc4de6,\Exclusive\20180727 - Hanna Rios - She Cums Too Soon\,{DT16~Excl~ME0PL3X8~20180727 - Hanna Rios - She Cums Too Soon}
mg_8619.jpg,623410,f310d111,\Exclusive\20180727 - Hanna Rios - She Cums Too Soon\,{DT16~Excl~ME0PL3X8~20180727 - Hanna Rios - She Cums Too Soon}
mg_8621.jpg,709818,96d54011,\Exclusive\20180727 - Hanna Rios - She Cums Too Soon\,{DT16~Excl~ME0PL3X8~20180727 - Hanna Rios - She Cums Too Soon}
mg_8622.jpg,738342,a4250225,\Exclusive\20180727 - Hanna Rios - She Cums Too Soon\,{DT16~Excl~ME0PL3X8~20180727 - Hanna Rios - She Cums Too Soon}
mg_8623.jpg,757664,4cc91225,\Exclusive\20180727 - Hanna Rios - She Cums Too Soon\,{DT16~Excl~ME0PL3X8~20180727 - Hanna Rios - She Cums Too Soon}
mg_8625.jpg,629451,802927dc,\Exclusive\20180727 - Hanna Rios - She Cums Too Soon\,{DT16~Excl~ME0PL3X8~20180727 - Hanna Rios - She Cums Too Soon}
mg_8626.jpg,709072,c25357f0,\Exclusive\20180727 - Hanna Rios - She Cums Too Soon\,{DT16~Excl~ME0PL3X8~20180727 - Hanna Rios - She Cums Too Soon}
mg_8627.jpg,721758,4d8007a2,\Exclusive\20180727 - Hanna Rios - She Cums Too Soon\,{DT16~Excl~ME0PL3X8~20180727 - Hanna Rios - She Cums Too Soon}
mg_8628.jpg,758496,72d234ca,\Exclusive\20180727 - Hanna Rios - She Cums Too Soon\,{DT16~Excl~ME0PL3X8~20180727 - Hanna Rios - She Cums Too Soon}
mg_8629.jpg,754871,bdc95ecd,\Exclusive\20180727 - Hanna Rios - She Cums Too Soon\,{DT16~Excl~ME0PL3X8~20180727 - Hanna Rios - She Cums Too Soon}
mg_8630.jpg,723682,12a4019f,\Exclusive\20180727 - Hanna Rios - She Cums Too Soon\,{DT16~Excl~ME0PL3X8~20180727 - Hanna Rios - She Cums Too Soon}
mg_8631.jpg,602317,4f831972,\Exclusive\20180727 - Hanna Rios - She Cums Too Soon\,{DT16~Excl~ME0PL3X8~20180727 - Hanna Rios - She Cums Too Soon}
mg_8632.jpg,695433,1cc1271d,\Exclusive\20180727 - Hanna Rios - She Cums Too Soon\,{DT16~Excl~ME0PL3X8~20180727 - Hanna Rios - She Cums Too Soon}
mg_8634.jpg,798112,8a378387,\Exclusive\20180727 - Hanna Rios - She Cums Too Soon\,{DT16~Excl~ME0PL3X8~20180727 - Hanna Rios - She Cums Too Soon}
mg_8635.jpg,764863,f869bbcf,\Exclusive\20180727 - Hanna Rios - She Cums Too Soon\,{DT16~Excl~ME0PL3X8~20180727 - Hanna Rios - She Cums Too Soon}
mg_8636.jpg,805983,e58da02d,\Exclusive\20180727 - Hanna Rios - She Cums Too Soon\,{DT16~Excl~ME0PL3X8~20180727 - Hanna Rios - She Cums Too Soon}
mg_8637.jpg,797745,c570d5e0,\Exclusive\20180727 - Hanna Rios - She Cums Too Soon\,{DT16~Excl~ME0PL3X8~20180727 - Hanna Rios - She Cums Too Soon}
mg_8638.jpg,583864,ae86f825,\Exclusive\20180727 - Hanna Rios - She Cums Too Soon\,{DT16~Excl~ME0PL3X8~20180727 - Hanna Rios - She Cums Too Soon}
mg_8639.jpg,781871,b0cb9bf3,\Exclusive\20180727 - Hanna Rios - She Cums Too Soon\,{DT16~Excl~ME0PL3X8~20180727 - Hanna Rios - She Cums Too Soon}
mg_8640.jpg,785695,c2af63c1,\Exclusive\20180727 - Hanna Rios - She Cums Too Soon\,{DT16~Excl~ME0PL3X8~20180727 - Hanna Rios - She Cums Too Soon}
mg_8641.jpg,765005,8836b242,\Exclusive\20180727 - Hanna Rios - She Cums Too Soon\,{DT16~Excl~ME0PL3X8~20180727 - Hanna Rios - She Cums Too Soon}
mg_8643.jpg,757841,bb917ab7,\Exclusive\20180727 - Hanna Rios - She Cums Too Soon\,{DT16~Excl~ME0PL3X8~20180727 - Hanna Rios - She Cums Too Soon}
mg_8645.jpg,778738,577ccf62,\Exclusive\20180727 - Hanna Rios - She Cums Too Soon\,{DT16~Excl~ME0PL3X8~20180727 - Hanna Rios - She Cums Too Soon}
mg_8646.jpg,819036,a4a92b79,\Exclusive\20180727 - Hanna Rios - She Cums Too Soon\,{DT16~Excl~ME0PL3X8~20180727 - Hanna Rios - She Cums Too Soon}
mg_8647.jpg,709441,05de0bad,\Exclusive\20180727 - Hanna Rios - She Cums Too Soon\,{DT16~Excl~ME0PL3X8~20180727 - Hanna Rios - She Cums Too Soon}
mg_8649.jpg,566105,e4af8d86,\Exclusive\20180727 - Hanna Rios - She Cums Too Soon\,{DT16~Excl~ME0PL3X8~20180727 - Hanna Rios - She Cums Too Soon}
mg_8650.jpg,731023,8dc72df0,\Exclusive\20180727 - Hanna Rios - She Cums Too Soon\,{DT16~Excl~ME0PL3X8~20180727 - Hanna Rios - She Cums Too Soon}
mg_8651.jpg,690883,f31bfe6d,\Exclusive\20180727 - Hanna Rios - She Cums Too Soon\,{DT16~Excl~ME0PL3X8~20180727 - Hanna Rios - She Cums Too Soon}
mg_8652.jpg,663599,2cd89eb8,\Exclusive\20180727 - Hanna Rios - She Cums Too Soon\,{DT16~Excl~ME0PL3X8~20180727 - Hanna Rios - She Cums Too Soon}
mg_8653.jpg,737219,dc984979,\Exclusive\20180727 - Hanna Rios - She Cums Too Soon\,{DT16~Excl~ME0PL3X8~20180727 - Hanna Rios - She Cums Too Soon}
mg_8655.jpg,789480,7f34d6cc,\Exclusive\20180727 - Hanna Rios - She Cums Too Soon\,{DT16~Excl~ME0PL3X8~20180727 - Hanna Rios - She Cums Too Soon}
mg_8656.jpg,767690,bbde4e41,\Exclusive\20180727 - Hanna Rios - She Cums Too Soon\,{DT16~Excl~ME0PL3X8~20180727 - Hanna Rios - She Cums Too Soon}
mg_8657.jpg,751124,1afb5a28,\Exclusive\20180727 - Hanna Rios - She Cums Too Soon\,{DT16~Excl~ME0PL3X8~20180727 - Hanna Rios - She Cums Too Soon}
mg_8658.jpg,736805,af395ba3,\Exclusive\20180727 - Hanna Rios - She Cums Too Soon\,{DT16~Excl~ME0PL3X8~20180727 - Hanna Rios - She Cums Too Soon}
mg_8659.jpg,704705,349e1031,\Exclusive\20180727 - Hanna Rios - She Cums Too Soon\,{DT16~Excl~ME0PL3X8~20180727 - Hanna Rios - She Cums Too Soon}
mg_8660.jpg,585544,b1ca454c,\Exclusive\20180727 - Hanna Rios - She Cums Too Soon\,{DT16~Excl~ME0PL3X8~20180727 - Hanna Rios - She Cums Too Soon}
mg_8661.jpg,751910,65bbcf41,\Exclusive\20180727 - Hanna Rios - She Cums Too Soon\,{DT16~Excl~ME0PL3X8~20180727 - Hanna Rios - She Cums Too Soon}
mg_8662.jpg,706831,b80ae5ac,\Exclusive\20180727 - Hanna Rios - She Cums Too Soon\,{DT16~Excl~ME0PL3X8~20180727 - Hanna Rios - She Cums Too Soon}
mg_8663.jpg,737135,7458c499,\Exclusive\20180727 - Hanna Rios - She Cums Too Soon\,{DT16~Excl~ME0PL3X8~20180727 - Hanna Rios - She Cums Too Soon}
mg_8664.jpg,643452,2cbdda0b,\Exclusive\20180727 - Hanna Rios - She Cums Too Soon\,{DT16~Excl~ME0PL3X8~20180727 - Hanna Rios - She Cums Too Soon}
mg_8665.jpg,806416,073d6a5b,\Exclusive\20180727 - Hanna Rios - She Cums Too Soon\,{DT16~Excl~ME0PL3X8~20180727 - Hanna Rios - She Cums Too Soon}
mg_8666.jpg,853094,e2c608f1,\Exclusive\20180727 - Hanna Rios - She Cums Too Soon\,{DT16~Excl~ME0PL3X8~20180727 - Hanna Rios - She Cums Too Soon}
mg_8667.jpg,846513,ea8b8a94,\Exclusive\20180727 - Hanna Rios - She Cums Too Soon\,{DT16~Excl~ME0PL3X8~20180727 - Hanna Rios - She Cums Too Soon}
mg_8668.jpg,726360,7d9ecb65,\Exclusive\20180727 - Hanna Rios - She Cums Too Soon\,{DT16~Excl~ME0PL3X8~20180727 - Hanna Rios - She Cums Too Soon}
mg_8669.jpg,624257,8938381f,\Exclusive\20180727 - Hanna Rios - She Cums Too Soon\,{DT16~Excl~ME0PL3X8~20180727 - Hanna Rios - She Cums Too Soon}
mg_8670.jpg,811342,bbf8d0c6,\Exclusive\20180727 - Hanna Rios - She Cums Too Soon\,{DT16~Excl~ME0PL3X8~20180727 - Hanna Rios - She Cums Too Soon}
mg_8671.jpg,739112,6ba2213a,\Exclusive\20180727 - Hanna Rios - She Cums Too Soon\,{DT16~Excl~ME0PL3X8~20180727 - Hanna Rios - She Cums Too Soon}
mg_8673.jpg,756569,4e73836b,\Exclusive\20180727 - Hanna Rios - She Cums Too Soon\,{DT16~Excl~ME0PL3X8~20180727 - Hanna Rios - She Cums Too Soon}
mg_8674.jpg,722428,fbd51b2b,\Exclusive\20180727 - Hanna Rios - She Cums Too Soon\,{DT16~Excl~ME0PL3X8~20180727 - Hanna Rios - She Cums Too Soon}
mg_8675.jpg,673559,d6e71f2c,\Exclusive\20180727 - Hanna Rios - She Cums Too Soon\,{DT16~Excl~ME0PL3X8~20180727 - Hanna Rios - She Cums Too Soon}
mg_8676.jpg,683464,b061c811,\Exclusive\20180727 - Hanna Rios - She Cums Too Soon\,{DT16~Excl~ME0PL3X8~20180727 - Hanna Rios - She Cums Too Soon}
mg_8677.jpg,685182,7a6c14da,\Exclusive\20180727 - Hanna Rios - She Cums Too Soon\,{DT16~Excl~ME0PL3X8~20180727 - Hanna Rios - She Cums Too Soon}
mg_8678.jpg,757949,d6ce0d71,\Exclusive\20180727 - Hanna Rios - She Cums Too Soon\,{DT16~Excl~ME0PL3X8~20180727 - Hanna Rios - She Cums Too Soon}
mg_8679.jpg,770293,a9989d9e,\Exclusive\20180727 - Hanna Rios - She Cums Too Soon\,{DT16~Excl~ME0PL3X8~20180727 - Hanna Rios - She Cums Too Soon}
mg_8680.jpg,738977,ab6d57a3,\Exclusive\20180727 - Hanna Rios - She Cums Too Soon\,{DT16~Excl~ME0PL3X8~20180727 - Hanna Rios - She Cums Too Soon}
mg_8681.jpg,749224,6527eaee,\Exclusive\20180727 - Hanna Rios - She Cums Too Soon\,{DT16~Excl~ME0PL3X8~20180727 - Hanna Rios - She Cums Too Soon}
mg_8682.jpg,566426,a53eb2a2,\Exclusive\20180727 - Hanna Rios - She Cums Too Soon\,{DT16~Excl~ME0PL3X8~20180727 - Hanna Rios - She Cums Too Soon}
mg_8683.jpg,533054,4dd6adef,\Exclusive\20180727 - Hanna Rios - She Cums Too Soon\,{DT16~Excl~ME0PL3X8~20180727 - Hanna Rios - She Cums Too Soon}
mg_8684.jpg,546760,345aa977,\Exclusive\20180727 - Hanna Rios - She Cums Too Soon\,{DT16~Excl~ME0PL3X8~20180727 - Hanna Rios - She Cums Too Soon}
mg_8685.jpg,547162,9c9951e9,\Exclusive\20180727 - Hanna Rios - She Cums Too Soon\,{DT16~Excl~ME0PL3X8~20180727 - Hanna Rios - She Cums Too Soon}
mg_8686.jpg,549562,c59d248a,\Exclusive\20180727 - Hanna Rios - She Cums Too Soon\,{DT16~Excl~ME0PL3X8~20180727 - Hanna Rios - She Cums Too Soon}
mg_8687.jpg,594392,783b89b5,\Exclusive\20180727 - Hanna Rios - She Cums Too Soon\,{DT16~Excl~ME0PL3X8~20180727 - Hanna Rios - She Cums Too Soon}
mg_8688.jpg,586503,9159aae6,\Exclusive\20180727 - Hanna Rios - She Cums Too Soon\,{DT16~Excl~ME0PL3X8~20180727 - Hanna Rios - She Cums Too Soon}
mg_8689.jpg,596660,532bb486,\Exclusive\20180727 - Hanna Rios - She Cums Too Soon\,{DT16~Excl~ME0PL3X8~20180727 - Hanna Rios - She Cums Too Soon}
mg_8690.jpg,522882,9f3003db,\Exclusive\20180727 - Hanna Rios - She Cums Too Soon\,{DT16~Excl~ME0PL3X8~20180727 - Hanna Rios - She Cums Too Soon}
mg_8691.jpg,549957,354dc2c3,\Exclusive\20180727 - Hanna Rios - She Cums Too Soon\,{DT16~Excl~ME0PL3X8~20180727 - Hanna Rios - She Cums Too Soon}
mg_8695.jpg,647316,1284ab39,\Exclusive\20180727 - Hanna Rios - She Cums Too Soon\,{DT16~Excl~ME0PL3X8~20180727 - Hanna Rios - She Cums Too Soon}
mg_8696.jpg,592938,9bb96e6f,\Exclusive\20180727 - Hanna Rios - She Cums Too Soon\,{DT16~Excl~ME0PL3X8~20180727 - Hanna Rios - She Cums Too Soon}
mg_8698.jpg,661413,27f7feca,\Exclusive\20180727 - Hanna Rios - She Cums Too Soon\,{DT16~Excl~ME0PL3X8~20180727 - Hanna Rios - She Cums Too Soon}
mg_8701.jpg,559002,5a5b50fb,\Exclusive\20180727 - Hanna Rios - She Cums Too Soon\,{DT16~Excl~ME0PL3X8~20180727 - Hanna Rios - She Cums Too Soon}
mg_8702.jpg,634265,102e4e98,\Exclusive\20180727 - Hanna Rios - She Cums Too Soon\,{DT16~Excl~ME0PL3X8~20180727 - Hanna Rios - She Cums Too Soon}
mg_8704.jpg,552533,2921c0d9,\Exclusive\20180727 - Hanna Rios - She Cums Too Soon\,{DT16~Excl~ME0PL3X8~20180727 - Hanna Rios - She Cums Too Soon}
mg_8705.jpg,541226,cdf14a82,\Exclusive\20180727 - Hanna Rios - She Cums Too Soon\,{DT16~Excl~ME0PL3X8~20180727 - Hanna Rios - She Cums Too Soon}
mg_8706.jpg,559530,06004bf2,\Exclusive\20180727 - Hanna Rios - She Cums Too Soon\,{DT16~Excl~ME0PL3X8~20180727 - Hanna Rios - She Cums Too Soon}
mg_8708.jpg,593440,d4111fb7,\Exclusive\20180727 - Hanna Rios - She Cums Too Soon\,{DT16~Excl~ME0PL3X8~20180727 - Hanna Rios - She Cums Too Soon}
mg_8709.jpg,615751,5d285e8b,\Exclusive\20180727 - Hanna Rios - She Cums Too Soon\,{DT16~Excl~ME0PL3X8~20180727 - Hanna Rios - She Cums Too Soon}
mg_8710.jpg,559820,1969fd04,\Exclusive\20180727 - Hanna Rios - She Cums Too Soon\,{DT16~Excl~ME0PL3X8~20180727 - Hanna Rios - She Cums Too Soon}
mg_8718.jpg,555378,b6a89f9f,\Exclusive\20180727 - Hanna Rios - She Cums Too Soon\,{DT16~Excl~ME0PL3X8~20180727 - Hanna Rios - She Cums Too Soon}
mg_8719.jpg,582358,e01c3fd4,\Exclusive\20180727 - Hanna Rios - She Cums Too Soon\,{DT16~Excl~ME0PL3X8~20180727 - Hanna Rios - She Cums Too Soon}
mg_8720.jpg,435770,91fab22c,\Exclusive\20180727 - Hanna Rios - She Cums Too Soon\,{DT16~Excl~ME0PL3X8~20180727 - Hanna Rios - She Cums Too Soon}
mg_8721.jpg,395288,ce49b049,\Exclusive\20180727 - Hanna Rios - She Cums Too Soon\,{DT16~Excl~ME0PL3X8~20180727 - Hanna Rios - She Cums Too Soon}
mg_8722.jpg,552822,d411cda4,\Exclusive\20180727 - Hanna Rios - She Cums Too Soon\,{DT16~Excl~ME0PL3X8~20180727 - Hanna Rios - She Cums Too Soon}
mg_8723.jpg,530846,415269fa,\Exclusive\20180727 - Hanna Rios - She Cums Too Soon\,{DT16~Excl~ME0PL3X8~20180727 - Hanna Rios - She Cums Too Soon}
mg_8724.jpg,533633,9207fdd8,\Exclusive\20180727 - Hanna Rios - She Cums Too Soon\,{DT16~Excl~ME0PL3X8~20180727 - Hanna Rios - She Cums Too Soon}
mg_8725.jpg,548453,4a31816a,\Exclusive\20180727 - Hanna Rios - She Cums Too Soon\,{DT16~Excl~ME0PL3X8~20180727 - Hanna Rios - She Cums Too Soon}
mg_8727.jpg,550846,f3c8dfda,\Exclusive\20180727 - Hanna Rios - She Cums Too Soon\,{DT16~Excl~ME0PL3X8~20180727 - Hanna Rios - She Cums Too Soon}
mg_8728.jpg,577435,79ac35a9,\Exclusive\20180727 - Hanna Rios - She Cums Too Soon\,{DT16~Excl~ME0PL3X8~20180727 - Hanna Rios - She Cums Too Soon}
mg_8729.jpg,573012,8705dbdd,\Exclusive\20180727 - Hanna Rios - She Cums Too Soon\,{DT16~Excl~ME0PL3X8~20180727 - Hanna Rios - She Cums Too Soon}
mg_8730.jpg,502318,8bef1c64,\Exclusive\20180727 - Hanna Rios - She Cums Too Soon\,{DT16~Excl~ME0PL3X8~20180727 - Hanna Rios - She Cums Too Soon}
mg_8731.jpg,481408,8009d5c9,\Exclusive\20180727 - Hanna Rios - She Cums Too Soon\,{DT16~Excl~ME0PL3X8~20180727 - Hanna Rios - She Cums Too Soon}
mg_8733.jpg,533087,cf9d1bed,\Exclusive\20180727 - Hanna Rios - She Cums Too Soon\,{DT16~Excl~ME0PL3X8~20180727 - Hanna Rios - She Cums Too Soon}
mg_8734.jpg,445170,d89d09eb,\Exclusive\20180727 - Hanna Rios - She Cums Too Soon\,{DT16~Excl~ME0PL3X8~20180727 - Hanna Rios - She Cums Too Soon}
mg_8735.jpg,480460,b02daa63,\Exclusive\20180727 - Hanna Rios - She Cums Too Soon\,{DT16~Excl~ME0PL3X8~20180727 - Hanna Rios - She Cums Too Soon}
mg_8738.jpg,528973,99903825,\Exclusive\20180727 - Hanna Rios - She Cums Too Soon\,{DT16~Excl~ME0PL3X8~20180727 - Hanna Rios - She Cums Too Soon}
mg_8739.jpg,557750,d5293e73,\Exclusive\20180727 - Hanna Rios - She Cums Too Soon\,{DT16~Excl~ME0PL3X8~20180727 - Hanna Rios - She Cums Too Soon}
mg_8740.jpg,568532,e4d5b31e,\Exclusive\20180727 - Hanna Rios - She Cums Too Soon\,{DT16~Excl~ME0PL3X8~20180727 - Hanna Rios - She Cums Too Soon}
mg_8741.jpg,567328,c876ddd0,\Exclusive\20180727 - Hanna Rios - She Cums Too Soon\,{DT16~Excl~ME0PL3X8~20180727 - Hanna Rios - She Cums Too Soon}
mg_8742.jpg,537633,47246c23,\Exclusive\20180727 - Hanna Rios - She Cums Too Soon\,{DT16~Excl~ME0PL3X8~20180727 - Hanna Rios - She Cums Too Soon}
mg_8743.jpg,586634,2daec9df,\Exclusive\20180727 - Hanna Rios - She Cums Too Soon\,{DT16~Excl~ME0PL3X8~20180727 - Hanna Rios - She Cums Too Soon}
mg_8744.jpg,648953,66b1ffcd,\Exclusive\20180727 - Hanna Rios - She Cums Too Soon\,{DT16~Excl~ME0PL3X8~20180727 - Hanna Rios - She Cums Too Soon}
mg_8745.jpg,585132,0ed9acd7,\Exclusive\20180727 - Hanna Rios - She Cums Too Soon\,{DT16~Excl~ME0PL3X8~20180727 - Hanna Rios - She Cums Too Soon}
mg_8747.jpg,547237,d2c20a0e,\Exclusive\20180727 - Hanna Rios - She Cums Too Soon\,{DT16~Excl~ME0PL3X8~20180727 - Hanna Rios - She Cums Too Soon}
_mg_9121.jpg,636225,27de7c05,\Exclusive\20180731 - Bianca Reis - She Has A Fat Cock And Loves Being Fucked\,{DT16~Excl~ME0PLAIS~20180731 - Bianca Reis - She Has A Fat Cock And Loves Being Fucked}
_mg_9124.jpg,593626,58503784,\Exclusive\20180731 - Bianca Reis - She Has A Fat Cock And Loves Being Fucked\,{DT16~Excl~ME0PLAIS~20180731 - Bianca Reis - She Has A Fat Cock And Loves Being Fucked}
_mg_9125.jpg,628634,d51c6b6e,\Exclusive\20180731 - Bianca Reis - She Has A Fat Cock And Loves Being Fucked\,{DT16~Excl~ME0PLAIS~20180731 - Bianca Reis - She Has A Fat Cock And Loves Being Fucked}
_mg_9126.jpg,733754,70be676f,\Exclusive\20180731 - Bianca Reis - She Has A Fat Cock And Loves Being Fucked\,{DT16~Excl~ME0PLAIS~20180731 - Bianca Reis - She Has A Fat Cock And Loves Being Fucked}
_mg_9127.jpg,590289,1d3c1658,\Exclusive\20180731 - Bianca Reis - She Has A Fat Cock And Loves Being Fucked\,{DT16~Excl~ME0PLAIS~20180731 - Bianca Reis - She Has A Fat Cock And Loves Being Fucked}
_mg_9128.jpg,652580,b9c34c4a,\Exclusive\20180731 - Bianca Reis - She Has A Fat Cock And Loves Being Fucked\,{DT16~Excl~ME0PLAIS~20180731 - Bianca Reis - She Has A Fat Cock And Loves Being Fucked}
_mg_9129.jpg,705122,f2e66572,\Exclusive\20180731 - Bianca Reis - She Has A Fat Cock And Loves Being Fucked\,{DT16~Excl~ME0PLAIS~20180731 - Bianca Reis - She Has A Fat Cock And Loves Being Fucked}
_mg_9130.jpg,731483,0ae7bad0,\Exclusive\20180731 - Bianca Reis - She Has A Fat Cock And Loves Being Fucked\,{DT16~Excl~ME0PLAIS~20180731 - Bianca Reis - She Has A Fat Cock And Loves Being Fucked}
_mg_9131.jpg,671005,97351943,\Exclusive\20180731 - Bianca Reis - She Has A Fat Cock And Loves Being Fucked\,{DT16~Excl~ME0PLAIS~20180731 - Bianca Reis - She Has A Fat Cock And Loves Being Fucked}
_mg_9132.jpg,827367,3f08c30a,\Exclusive\20180731 - Bianca Reis - She Has A Fat Cock And Loves Being Fucked\,{DT16~Excl~ME0PLAIS~20180731 - Bianca Reis - She Has A Fat Cock And Loves Being Fucked}
_mg_9133.jpg,402566,8e89d6c0,\Exclusive\20180731 - Bianca Reis - She Has A Fat Cock And Loves Being Fucked\,{DT16~Excl~ME0PLAIS~20180731 - Bianca Reis - She Has A Fat Cock And Loves Being Fucked}
_mg_9140.jpg,484159,3aa85820,\Exclusive\20180731 - Bianca Reis - She Has A Fat Cock And Loves Being Fucked\,{DT16~Excl~ME0PLAIS~20180731 - Bianca Reis - She Has A Fat Cock And Loves Being Fucked}
_mg_9141.jpg,466999,c6c8149e,\Exclusive\20180731 - Bianca Reis - She Has A Fat Cock And Loves Being Fucked\,{DT16~Excl~ME0PLAIS~20180731 - Bianca Reis - She Has A Fat Cock And Loves Being Fucked}
_mg_9144.jpg,481709,aa318e3e,\Exclusive\20180731 - Bianca Reis - She Has A Fat Cock And Loves Being Fucked\,{DT16~Excl~ME0PLAIS~20180731 - Bianca Reis - She Has A Fat Cock And Loves Being Fucked}
_mg_9145.jpg,465137,50b87deb,\Exclusive\20180731 - Bianca Reis - She Has A Fat Cock And Loves Being Fucked\,{DT16~Excl~ME0PLAIS~20180731 - Bianca Reis - She Has A Fat Cock And Loves Being Fucked}
_mg_9146.jpg,475447,1e196a87,\Exclusive\20180731 - Bianca Reis - She Has A Fat Cock And Loves Being Fucked\,{DT16~Excl~ME0PLAIS~20180731 - Bianca Reis - She Has A Fat Cock And Loves Being Fucked}
_mg_9148.jpg,464337,61eb34ae,\Exclusive\20180731 - Bianca Reis - She Has A Fat Cock And Loves Being Fucked\,{DT16~Excl~ME0PLAIS~20180731 - Bianca Reis - She Has A Fat Cock And Loves Being Fucked}
_mg_9149.jpg,393233,50842a5b,\Exclusive\20180731 - Bianca Reis - She Has A Fat Cock And Loves Being Fucked\,{DT16~Excl~ME0PLAIS~20180731 - Bianca Reis - She Has A Fat Cock And Loves Being Fucked}
_mg_9151.jpg,449982,e2f03a6d,\Exclusive\20180731 - Bianca Reis - She Has A Fat Cock And Loves Being Fucked\,{DT16~Excl~ME0PLAIS~20180731 - Bianca Reis - She Has A Fat Cock And Loves Being Fucked}
_mg_9152.jpg,458929,6fa698fa,\Exclusive\20180731 - Bianca Reis - She Has A Fat Cock And Loves Being Fucked\,{DT16~Excl~ME0PLAIS~20180731 - Bianca Reis - She Has A Fat Cock And Loves Being Fucked}
_mg_9153.jpg,509797,8024dcd5,\Exclusive\20180731 - Bianca Reis - She Has A Fat Cock And Loves Being Fucked\,{DT16~Excl~ME0PLAIS~20180731 - Bianca Reis - She Has A Fat Cock And Loves Being Fucked}
_mg_9154.jpg,462110,e35cda78,\Exclusive\20180731 - Bianca Reis - She Has A Fat Cock And Loves Being Fucked\,{DT16~Excl~ME0PLAIS~20180731 - Bianca Reis - She Has A Fat Cock And Loves Being Fucked}
_mg_9160.jpg,385598,41a1d30b,\Exclusive\20180731 - Bianca Reis - She Has A Fat Cock And Loves Being Fucked\,{DT16~Excl~ME0PLAIS~20180731 - Bianca Reis - She Has A Fat Cock And Loves Being Fucked}
_mg_9162.jpg,421248,4cb49543,\Exclusive\20180731 - Bianca Reis - She Has A Fat Cock And Loves Being Fucked\,{DT16~Excl~ME0PLAIS~20180731 - Bianca Reis - She Has A Fat Cock And Loves Being Fucked}
_mg_9163.jpg,477413,075bc8d5,\Exclusive\20180731 - Bianca Reis - She Has A Fat Cock And Loves Being Fucked\,{DT16~Excl~ME0PLAIS~20180731 - Bianca Reis - She Has A Fat Cock And Loves Being Fucked}
_mg_9165.jpg,462226,5987b2b4,\Exclusive\20180731 - Bianca Reis - She Has A Fat Cock And Loves Being Fucked\,{DT16~Excl~ME0PLAIS~20180731 - Bianca Reis - She Has A Fat Cock And Loves Being Fucked}
_mg_9166.jpg,434306,942c3942,\Exclusive\20180731 - Bianca Reis - She Has A Fat Cock And Loves Being Fucked\,{DT16~Excl~ME0PLAIS~20180731 - Bianca Reis - She Has A Fat Cock And Loves Being Fucked}
_mg_9167.jpg,438676,4aabe773,\Exclusive\20180731 - Bianca Reis - She Has A Fat Cock And Loves Being Fucked\,{DT16~Excl~ME0PLAIS~20180731 - Bianca Reis - She Has A Fat Cock And Loves Being Fucked}
_mg_9168.jpg,417715,aa92e4fc,\Exclusive\20180731 - Bianca Reis - She Has A Fat Cock And Loves Being Fucked\,{DT16~Excl~ME0PLAIS~20180731 - Bianca Reis - She Has A Fat Cock And Loves Being Fucked}
_mg_9169.jpg,669769,0a2a7d70,\Exclusive\20180731 - Bianca Reis - She Has A Fat Cock And Loves Being Fucked\,{DT16~Excl~ME0PLAIS~20180731 - Bianca Reis - She Has A Fat Cock And Loves Being Fucked}
_mg_9170.jpg,579155,44a44a25,\Exclusive\20180731 - Bianca Reis - She Has A Fat Cock And Loves Being Fucked\,{DT16~Excl~ME0PLAIS~20180731 - Bianca Reis - She Has A Fat Cock And Loves Being Fucked}
_mg_9171.jpg,466240,2bbf4af7,\Exclusive\20180731 - Bianca Reis - She Has A Fat Cock And Loves Being Fucked\,{DT16~Excl~ME0PLAIS~20180731 - Bianca Reis - She Has A Fat Cock And Loves Being Fucked}
_mg_9172.jpg,498152,548a4145,\Exclusive\20180731 - Bianca Reis - She Has A Fat Cock And Loves Being Fucked\,{DT16~Excl~ME0PLAIS~20180731 - Bianca Reis - She Has A Fat Cock And Loves Being Fucked}
_mg_9173.jpg,398328,3675d4b6,\Exclusive\20180731 - Bianca Reis - She Has A Fat Cock And Loves Being Fucked\,{DT16~Excl~ME0PLAIS~20180731 - Bianca Reis - She Has A Fat Cock And Loves Being Fucked}
_mg_9174.jpg,437478,2f795489,\Exclusive\20180731 - Bianca Reis - She Has A Fat Cock And Loves Being Fucked\,{DT16~Excl~ME0PLAIS~20180731 - Bianca Reis - She Has A Fat Cock And Loves Being Fucked}
_mg_9175.jpg,504524,f889c41e,\Exclusive\20180731 - Bianca Reis - She Has A Fat Cock And Loves Being Fucked\,{DT16~Excl~ME0PLAIS~20180731 - Bianca Reis - She Has A Fat Cock And Loves Being Fucked}
_mg_9176.jpg,600031,5fd82ce5,\Exclusive\20180731 - Bianca Reis - She Has A Fat Cock And Loves Being Fucked\,{DT16~Excl~ME0PLAIS~20180731 - Bianca Reis - She Has A Fat Cock And Loves Being Fucked}
_mg_9177.jpg,569663,f1bf08fe,\Exclusive\20180731 - Bianca Reis - She Has A Fat Cock And Loves Being Fucked\,{DT16~Excl~ME0PLAIS~20180731 - Bianca Reis - She Has A Fat Cock And Loves Being Fucked}
_mg_9178.jpg,528811,215762b8,\Exclusive\20180731 - Bianca Reis - She Has A Fat Cock And Loves Being Fucked\,{DT16~Excl~ME0PLAIS~20180731 - Bianca Reis - She Has A Fat Cock And Loves Being Fucked}
_mg_9179.jpg,485059,da761a92,\Exclusive\20180731 - Bianca Reis - She Has A Fat Cock And Loves Being Fucked\,{DT16~Excl~ME0PLAIS~20180731 - Bianca Reis - She Has A Fat Cock And Loves Being Fucked}
_mg_9180.jpg,482204,e4aa2aad,\Exclusive\20180731 - Bianca Reis - She Has A Fat Cock And Loves Being Fucked\,{DT16~Excl~ME0PLAIS~20180731 - Bianca Reis - She Has A Fat Cock And Loves Being Fucked}
_mg_9181.jpg,444698,c6d248e1,\Exclusive\20180731 - Bianca Reis - She Has A Fat Cock And Loves Being Fucked\,{DT16~Excl~ME0PLAIS~20180731 - Bianca Reis - She Has A Fat Cock And Loves Being Fucked}
_mg_9184.jpg,471882,d3d3445e,\Exclusive\20180731 - Bianca Reis - She Has A Fat Cock And Loves Being Fucked\,{DT16~Excl~ME0PLAIS~20180731 - Bianca Reis - She Has A Fat Cock And Loves Being Fucked}
_mg_9185.jpg,455799,20cceb33,\Exclusive\20180731 - Bianca Reis - She Has A Fat Cock And Loves Being Fucked\,{DT16~Excl~ME0PLAIS~20180731 - Bianca Reis - She Has A Fat Cock And Loves Being Fucked}
_mg_9186.jpg,557704,1579b9ed,\Exclusive\20180731 - Bianca Reis - She Has A Fat Cock And Loves Being Fucked\,{DT16~Excl~ME0PLAIS~20180731 - Bianca Reis - She Has A Fat Cock And Loves Being Fucked}
_mg_9190.jpg,585789,175c7f4c,\Exclusive\20180731 - Bianca Reis - She Has A Fat Cock And Loves Being Fucked\,{DT16~Excl~ME0PLAIS~20180731 - Bianca Reis - She Has A Fat Cock And Loves Being Fucked}
_mg_9192.jpg,731831,026ef958,\Exclusive\20180731 - Bianca Reis - She Has A Fat Cock And Loves Being Fucked\,{DT16~Excl~ME0PLAIS~20180731 - Bianca Reis - She Has A Fat Cock And Loves Being Fucked}
_mg_9193.jpg,592525,f5242f90,\Exclusive\20180731 - Bianca Reis - She Has A Fat Cock And Loves Being Fucked\,{DT16~Excl~ME0PLAIS~20180731 - Bianca Reis - She Has A Fat Cock And Loves Being Fucked}
_mg_9194.jpg,462527,9e2b2601,\Exclusive\20180731 - Bianca Reis - She Has A Fat Cock And Loves Being Fucked\,{DT16~Excl~ME0PLAIS~20180731 - Bianca Reis - She Has A Fat Cock And Loves Being Fucked}
_mg_9195.jpg,542958,3023d12f,\Exclusive\20180731 - Bianca Reis - She Has A Fat Cock And Loves Being Fucked\,{DT16~Excl~ME0PLAIS~20180731 - Bianca Reis - She Has A Fat Cock And Loves Being Fucked}
_mg_9198.jpg,525646,301e0a2b,\Exclusive\20180731 - Bianca Reis - She Has A Fat Cock And Loves Being Fucked\,{DT16~Excl~ME0PLAIS~20180731 - Bianca Reis - She Has A Fat Cock And Loves Being Fucked}
_mg_9199.jpg,605424,20ff6e32,\Exclusive\20180731 - Bianca Reis - She Has A Fat Cock And Loves Being Fucked\,{DT16~Excl~ME0PLAIS~20180731 - Bianca Reis - She Has A Fat Cock And Loves Being Fucked}
_mg_9200.jpg,541445,b5187944,\Exclusive\20180731 - Bianca Reis - She Has A Fat Cock And Loves Being Fucked\,{DT16~Excl~ME0PLAIS~20180731 - Bianca Reis - She Has A Fat Cock And Loves Being Fucked}
_mg_9201.jpg,404692,fe79717f,\Exclusive\20180731 - Bianca Reis - She Has A Fat Cock And Loves Being Fucked\,{DT16~Excl~ME0PLAIS~20180731 - Bianca Reis - She Has A Fat Cock And Loves Being Fucked}
_mg_9202.jpg,520715,f10483cf,\Exclusive\20180731 - Bianca Reis - She Has A Fat Cock And Loves Being Fucked\,{DT16~Excl~ME0PLAIS~20180731 - Bianca Reis - She Has A Fat Cock And Loves Being Fucked}
_mg_9203.jpg,458848,18988590,\Exclusive\20180731 - Bianca Reis - She Has A Fat Cock And Loves Being Fucked\,{DT16~Excl~ME0PLAIS~20180731 - Bianca Reis - She Has A Fat Cock And Loves Being Fucked}
_mg_9204.jpg,552254,39f8fb43,\Exclusive\20180731 - Bianca Reis - She Has A Fat Cock And Loves Being Fucked\,{DT16~Excl~ME0PLAIS~20180731 - Bianca Reis - She Has A Fat Cock And Loves Being Fucked}
_mg_9205.jpg,562490,43a3c0ac,\Exclusive\20180731 - Bianca Reis - She Has A Fat Cock And Loves Being Fucked\,{DT16~Excl~ME0PLAIS~20180731 - Bianca Reis - She Has A Fat Cock And Loves Being Fucked}
_mg_9206.jpg,491051,c1a91569,\Exclusive\20180731 - Bianca Reis - She Has A Fat Cock And Loves Being Fucked\,{DT16~Excl~ME0PLAIS~20180731 - Bianca Reis - She Has A Fat Cock And Loves Being Fucked}
_mg_9207.jpg,534533,96cfc461,\Exclusive\20180731 - Bianca Reis - She Has A Fat Cock And Loves Being Fucked\,{DT16~Excl~ME0PLAIS~20180731 - Bianca Reis - She Has A Fat Cock And Loves Being Fucked}
_mg_9208.jpg,543128,152b4b0c,\Exclusive\20180731 - Bianca Reis - She Has A Fat Cock And Loves Being Fucked\,{DT16~Excl~ME0PLAIS~20180731 - Bianca Reis - She Has A Fat Cock And Loves Being Fucked}
_mg_9209.jpg,459869,acf4a5b7,\Exclusive\20180731 - Bianca Reis - She Has A Fat Cock And Loves Being Fucked\,{DT16~Excl~ME0PLAIS~20180731 - Bianca Reis - She Has A Fat Cock And Loves Being Fucked}
_mg_9210.jpg,458338,13b6450f,\Exclusive\20180731 - Bianca Reis - She Has A Fat Cock And Loves Being Fucked\,{DT16~Excl~ME0PLAIS~20180731 - Bianca Reis - She Has A Fat Cock And Loves Being Fucked}
_mg_9211.jpg,444350,6a1d740f,\Exclusive\20180731 - Bianca Reis - She Has A Fat Cock And Loves Being Fucked\,{DT16~Excl~ME0PLAIS~20180731 - Bianca Reis - She Has A Fat Cock And Loves Being Fucked}
_mg_9213.jpg,466719,8c6f53b8,\Exclusive\20180731 - Bianca Reis - She Has A Fat Cock And Loves Being Fucked\,{DT16~Excl~ME0PLAIS~20180731 - Bianca Reis - She Has A Fat Cock And Loves Being Fucked}
_mg_9214.jpg,473260,01b34867,\Exclusive\20180731 - Bianca Reis - She Has A Fat Cock And Loves Being Fucked\,{DT16~Excl~ME0PLAIS~20180731 - Bianca Reis - She Has A Fat Cock And Loves Being Fucked}
_mg_9215.jpg,476219,2e18800d,\Exclusive\20180731 - Bianca Reis - She Has A Fat Cock And Loves Being Fucked\,{DT16~Excl~ME0PLAIS~20180731 - Bianca Reis - She Has A Fat Cock And Loves Being Fucked}
_mg_9216.jpg,514985,4142d13c,\Exclusive\20180731 - Bianca Reis - She Has A Fat Cock And Loves Being Fucked\,{DT16~Excl~ME0PLAIS~20180731 - Bianca Reis - She Has A Fat Cock And Loves Being Fucked}
_mg_9217.jpg,492322,ab62da29,\Exclusive\20180731 - Bianca Reis - She Has A Fat Cock And Loves Being Fucked\,{DT16~Excl~ME0PLAIS~20180731 - Bianca Reis - She Has A Fat Cock And Loves Being Fucked}
_mg_9218.jpg,488501,85697143,\Exclusive\20180731 - Bianca Reis - She Has A Fat Cock And Loves Being Fucked\,{DT16~Excl~ME0PLAIS~20180731 - Bianca Reis - She Has A Fat Cock And Loves Being Fucked}
_mg_9219.jpg,431817,8d923ccc,\Exclusive\20180731 - Bianca Reis - She Has A Fat Cock And Loves Being Fucked\,{DT16~Excl~ME0PLAIS~20180731 - Bianca Reis - She Has A Fat Cock And Loves Being Fucked}
_mg_9220.jpg,411447,50a8e289,\Exclusive\20180731 - Bianca Reis - She Has A Fat Cock And Loves Being Fucked\,{DT16~Excl~ME0PLAIS~20180731 - Bianca Reis - She Has A Fat Cock And Loves Being Fucked}
_mg_9221.jpg,499113,d9f44b3a,\Exclusive\20180731 - Bianca Reis - She Has A Fat Cock And Loves Being Fucked\,{DT16~Excl~ME0PLAIS~20180731 - Bianca Reis - She Has A Fat Cock And Loves Being Fucked}
_mg_9222.jpg,408491,4a779fa3,\Exclusive\20180731 - Bianca Reis - She Has A Fat Cock And Loves Being Fucked\,{DT16~Excl~ME0PLAIS~20180731 - Bianca Reis - She Has A Fat Cock And Loves Being Fucked}
_mg_9223.jpg,348704,19699d9d,\Exclusive\20180731 - Bianca Reis - She Has A Fat Cock And Loves Being Fucked\,{DT16~Excl~ME0PLAIS~20180731 - Bianca Reis - She Has A Fat Cock And Loves Being Fucked}
_mg_9224.jpg,483253,d973c94e,\Exclusive\20180731 - Bianca Reis - She Has A Fat Cock And Loves Being Fucked\,{DT16~Excl~ME0PLAIS~20180731 - Bianca Reis - She Has A Fat Cock And Loves Being Fucked}
_mg_9225.jpg,417589,a6f8caf9,\Exclusive\20180731 - Bianca Reis - She Has A Fat Cock And Loves Being Fucked\,{DT16~Excl~ME0PLAIS~20180731 - Bianca Reis - She Has A Fat Cock And Loves Being Fucked}
_mg_9226.jpg,436332,fa72ec26,\Exclusive\20180731 - Bianca Reis - She Has A Fat Cock And Loves Being Fucked\,{DT16~Excl~ME0PLAIS~20180731 - Bianca Reis - She Has A Fat Cock And Loves Being Fucked}
_mg_9227.jpg,439258,25ca07cf,\Exclusive\20180731 - Bianca Reis - She Has A Fat Cock And Loves Being Fucked\,{DT16~Excl~ME0PLAIS~20180731 - Bianca Reis - She Has A Fat Cock And Loves Being Fucked}
_mg_9228.jpg,492490,449968cd,\Exclusive\20180731 - Bianca Reis - She Has A Fat Cock And Loves Being Fucked\,{DT16~Excl~ME0PLAIS~20180731 - Bianca Reis - She Has A Fat Cock And Loves Being Fucked}
_mg_9229.jpg,456650,7b5ef3cd,\Exclusive\20180731 - Bianca Reis - She Has A Fat Cock And Loves Being Fucked\,{DT16~Excl~ME0PLAIS~20180731 - Bianca Reis - She Has A Fat Cock And Loves Being Fucked}
_mg_9230.jpg,451906,22e277ac,\Exclusive\20180731 - Bianca Reis - She Has A Fat Cock And Loves Being Fucked\,{DT16~Excl~ME0PLAIS~20180731 - Bianca Reis - She Has A Fat Cock And Loves Being Fucked}
_mg_9231.jpg,459094,92e5b4a2,\Exclusive\20180731 - Bianca Reis - She Has A Fat Cock And Loves Being Fucked\,{DT16~Excl~ME0PLAIS~20180731 - Bianca Reis - She Has A Fat Cock And Loves Being Fucked}
_mg_9232.jpg,456878,f4fcf8b2,\Exclusive\20180731 - Bianca Reis - She Has A Fat Cock And Loves Being Fucked\,{DT16~Excl~ME0PLAIS~20180731 - Bianca Reis - She Has A Fat Cock And Loves Being Fucked}
_mg_9233.jpg,475711,a7cfad68,\Exclusive\20180731 - Bianca Reis - She Has A Fat Cock And Loves Being Fucked\,{DT16~Excl~ME0PLAIS~20180731 - Bianca Reis - She Has A Fat Cock And Loves Being Fucked}
_mg_9234.jpg,502703,018b8aa4,\Exclusive\20180731 - Bianca Reis - She Has A Fat Cock And Loves Being Fucked\,{DT16~Excl~ME0PLAIS~20180731 - Bianca Reis - She Has A Fat Cock And Loves Being Fucked}
_mg_9235.jpg,467784,32930a04,\Exclusive\20180731 - Bianca Reis - She Has A Fat Cock And Loves Being Fucked\,{DT16~Excl~ME0PLAIS~20180731 - Bianca Reis - She Has A Fat Cock And Loves Being Fucked}
_mg_9236.jpg,490316,daae4908,\Exclusive\20180731 - Bianca Reis - She Has A Fat Cock And Loves Being Fucked\,{DT16~Excl~ME0PLAIS~20180731 - Bianca Reis - She Has A Fat Cock And Loves Being Fucked}
_mg_9237.jpg,446481,8b2b06b3,\Exclusive\20180731 - Bianca Reis - She Has A Fat Cock And Loves Being Fucked\,{DT16~Excl~ME0PLAIS~20180731 - Bianca Reis - She Has A Fat Cock And Loves Being Fucked}
_mg_9238.jpg,451367,eaee04e4,\Exclusive\20180731 - Bianca Reis - She Has A Fat Cock And Loves Being Fucked\,{DT16~Excl~ME0PLAIS~20180731 - Bianca Reis - She Has A Fat Cock And Loves Being Fucked}
_mg_9239.jpg,473148,c29caec2,\Exclusive\20180731 - Bianca Reis - She Has A Fat Cock And Loves Being Fucked\,{DT16~Excl~ME0PLAIS~20180731 - Bianca Reis - She Has A Fat Cock And Loves Being Fucked}
_mg_9240.jpg,462905,b34b63fc,\Exclusive\20180731 - Bianca Reis - She Has A Fat Cock And Loves Being Fucked\,{DT16~Excl~ME0PLAIS~20180731 - Bianca Reis - She Has A Fat Cock And Loves Being Fucked}
_mg_9242.jpg,433718,d8d218e9,\Exclusive\20180731 - Bianca Reis - She Has A Fat Cock And Loves Being Fucked\,{DT16~Excl~ME0PLAIS~20180731 - Bianca Reis - She Has A Fat Cock And Loves Being Fucked}
_mg_9243.jpg,434111,156d0118,\Exclusive\20180731 - Bianca Reis - She Has A Fat Cock And Loves Being Fucked\,{DT16~Excl~ME0PLAIS~20180731 - Bianca Reis - She Has A Fat Cock And Loves Being Fucked}
_mg_9244.jpg,499477,cd13812a,\Exclusive\20180731 - Bianca Reis - She Has A Fat Cock And Loves Being Fucked\,{DT16~Excl~ME0PLAIS~20180731 - Bianca Reis - She Has A Fat Cock And Loves Being Fucked}
_mg_9245.jpg,495734,db2b9f84,\Exclusive\20180731 - Bianca Reis - She Has A Fat Cock And Loves Being Fucked\,{DT16~Excl~ME0PLAIS~20180731 - Bianca Reis - She Has A Fat Cock And Loves Being Fucked}
_mg_9246.jpg,504426,b4078946,\Exclusive\20180731 - Bianca Reis - She Has A Fat Cock And Loves Being Fucked\,{DT16~Excl~ME0PLAIS~20180731 - Bianca Reis - She Has A Fat Cock And Loves Being Fucked}
_mg_9247.jpg,482370,fc81b69e,\Exclusive\20180731 - Bianca Reis - She Has A Fat Cock And Loves Being Fucked\,{DT16~Excl~ME0PLAIS~20180731 - Bianca Reis - She Has A Fat Cock And Loves Being Fucked}
_mg_9248.jpg,500898,b1255157,\Exclusive\20180731 - Bianca Reis - She Has A Fat Cock And Loves Being Fucked\,{DT16~Excl~ME0PLAIS~20180731 - Bianca Reis - She Has A Fat Cock And Loves Being Fucked}
_mg_9249.jpg,498043,e789ae0d,\Exclusive\20180731 - Bianca Reis - She Has A Fat Cock And Loves Being Fucked\,{DT16~Excl~ME0PLAIS~20180731 - Bianca Reis - She Has A Fat Cock And Loves Being Fucked}
_mg_9250.jpg,492198,7ab78857,\Exclusive\20180731 - Bianca Reis - She Has A Fat Cock And Loves Being Fucked\,{DT16~Excl~ME0PLAIS~20180731 - Bianca Reis - She Has A Fat Cock And Loves Being Fucked}
_mg_9251.jpg,468740,71d73e5e,\Exclusive\20180731 - Bianca Reis - She Has A Fat Cock And Loves Being Fucked\,{DT16~Excl~ME0PLAIS~20180731 - Bianca Reis - She Has A Fat Cock And Loves Being Fucked}
_mg_9252.jpg,598458,1f3e01aa,\Exclusive\20180731 - Bianca Reis - She Has A Fat Cock And Loves Being Fucked\,{DT16~Excl~ME0PLAIS~20180731 - Bianca Reis - She Has A Fat Cock And Loves Being Fucked}
_mg_9254.jpg,593638,b3eacc5d,\Exclusive\20180731 - Bianca Reis - She Has A Fat Cock And Loves Being Fucked\,{DT16~Excl~ME0PLAIS~20180731 - Bianca Reis - She Has A Fat Cock And Loves Being Fucked}
_mg_9255.jpg,570385,fb9114e4,\Exclusive\20180731 - Bianca Reis - She Has A Fat Cock And Loves Being Fucked\,{DT16~Excl~ME0PLAIS~20180731 - Bianca Reis - She Has A Fat Cock And Loves Being Fucked}
_mg_9256.jpg,527530,8ee96b2f,\Exclusive\20180731 - Bianca Reis - She Has A Fat Cock And Loves Being Fucked\,{DT16~Excl~ME0PLAIS~20180731 - Bianca Reis - She Has A Fat Cock And Loves Being Fucked}
_mg_9257.jpg,519520,4fc7d941,\Exclusive\20180731 - Bianca Reis - She Has A Fat Cock And Loves Being Fucked\,{DT16~Excl~ME0PLAIS~20180731 - Bianca Reis - She Has A Fat Cock And Loves Being Fucked}
_mg_9258.jpg,474765,7ac78515,\Exclusive\20180731 - Bianca Reis - She Has A Fat Cock And Loves Being Fucked\,{DT16~Excl~ME0PLAIS~20180731 - Bianca Reis - She Has A Fat Cock And Loves Being Fucked}
_mg_9259.jpg,513920,0dd140ec,\Exclusive\20180731 - Bianca Reis - She Has A Fat Cock And Loves Being Fucked\,{DT16~Excl~ME0PLAIS~20180731 - Bianca Reis - She Has A Fat Cock And Loves Being Fucked}
_mg_9261.jpg,553022,5fc2bb32,\Exclusive\20180731 - Bianca Reis - She Has A Fat Cock And Loves Being Fucked\,{DT16~Excl~ME0PLAIS~20180731 - Bianca Reis - She Has A Fat Cock And Loves Being Fucked}
_mg_9262.jpg,523879,a0786be6,\Exclusive\20180731 - Bianca Reis - She Has A Fat Cock And Loves Being Fucked\,{DT16~Excl~ME0PLAIS~20180731 - Bianca Reis - She Has A Fat Cock And Loves Being Fucked}
_mg_9263.jpg,522267,9734387f,\Exclusive\20180731 - Bianca Reis - She Has A Fat Cock And Loves Being Fucked\,{DT16~Excl~ME0PLAIS~20180731 - Bianca Reis - She Has A Fat Cock And Loves Being Fucked}
_mg_9264.jpg,562215,1953143f,\Exclusive\20180731 - Bianca Reis - She Has A Fat Cock And Loves Being Fucked\,{DT16~Excl~ME0PLAIS~20180731 - Bianca Reis - She Has A Fat Cock And Loves Being Fucked}
_mg_9265.jpg,463463,11a1df6f,\Exclusive\20180731 - Bianca Reis - She Has A Fat Cock And Loves Being Fucked\,{DT16~Excl~ME0PLAIS~20180731 - Bianca Reis - She Has A Fat Cock And Loves Being Fucked}
_mg_9266.jpg,501440,bbce523e,\Exclusive\20180731 - Bianca Reis - She Has A Fat Cock And Loves Being Fucked\,{DT16~Excl~ME0PLAIS~20180731 - Bianca Reis - She Has A Fat Cock And Loves Being Fucked}
_mg_9267.jpg,508904,f5a2144f,\Exclusive\20180731 - Bianca Reis - She Has A Fat Cock And Loves Being Fucked\,{DT16~Excl~ME0PLAIS~20180731 - Bianca Reis - She Has A Fat Cock And Loves Being Fucked}
_mg_9268.jpg,485429,00dbd4fa,\Exclusive\20180731 - Bianca Reis - She Has A Fat Cock And Loves Being Fucked\,{DT16~Excl~ME0PLAIS~20180731 - Bianca Reis - She Has A Fat Cock And Loves Being Fucked}
_mg_9269.jpg,488151,5ea484d4,\Exclusive\20180731 - Bianca Reis - She Has A Fat Cock And Loves Being Fucked\,{DT16~Excl~ME0PLAIS~20180731 - Bianca Reis - She Has A Fat Cock And Loves Being Fucked}
_mg_9270.jpg,390379,02f5b8ab,\Exclusive\20180731 - Bianca Reis - She Has A Fat Cock And Loves Being Fucked\,{DT16~Excl~ME0PLAIS~20180731 - Bianca Reis - She Has A Fat Cock And Loves Being Fucked}
_mg_9271.jpg,434870,4fde33ac,\Exclusive\20180731 - Bianca Reis - She Has A Fat Cock And Loves Being Fucked\,{DT16~Excl~ME0PLAIS~20180731 - Bianca Reis - She Has A Fat Cock And Loves Being Fucked}
_mg_9273.jpg,463300,6dba249e,\Exclusive\20180731 - Bianca Reis - She Has A Fat Cock And Loves Being Fucked\,{DT16~Excl~ME0PLAIS~20180731 - Bianca Reis - She Has A Fat Cock And Loves Being Fucked}
_mg_9274.jpg,488527,1a3cd35a,\Exclusive\20180731 - Bianca Reis - She Has A Fat Cock And Loves Being Fucked\,{DT16~Excl~ME0PLAIS~20180731 - Bianca Reis - She Has A Fat Cock And Loves Being Fucked}
_mg_9275.jpg,485210,b36a022d,\Exclusive\20180731 - Bianca Reis - She Has A Fat Cock And Loves Being Fucked\,{DT16~Excl~ME0PLAIS~20180731 - Bianca Reis - She Has A Fat Cock And Loves Being Fucked}
_mg_9276.jpg,432916,ad35b6d3,\Exclusive\20180731 - Bianca Reis - She Has A Fat Cock And Loves Being Fucked\,{DT16~Excl~ME0PLAIS~20180731 - Bianca Reis - She Has A Fat Cock And Loves Being Fucked}
_mg_9277.jpg,439666,063792e6,\Exclusive\20180731 - Bianca Reis - She Has A Fat Cock And Loves Being Fucked\,{DT16~Excl~ME0PLAIS~20180731 - Bianca Reis - She Has A Fat Cock And Loves Being Fucked}
_mg_9279.jpg,463274,2644600b,\Exclusive\20180731 - Bianca Reis - She Has A Fat Cock And Loves Being Fucked\,{DT16~Excl~ME0PLAIS~20180731 - Bianca Reis - She Has A Fat Cock And Loves Being Fucked}
_mg_9281.jpg,471729,8078fdd9,\Exclusive\20180731 - Bianca Reis - She Has A Fat Cock And Loves Being Fucked\,{DT16~Excl~ME0PLAIS~20180731 - Bianca Reis - She Has A Fat Cock And Loves Being Fucked}
_mg_9283.jpg,452320,c4326357,\Exclusive\20180731 - Bianca Reis - She Has A Fat Cock And Loves Being Fucked\,{DT16~Excl~ME0PLAIS~20180731 - Bianca Reis - She Has A Fat Cock And Loves Being Fucked}
_mg_9284.jpg,401643,c7398501,\Exclusive\20180731 - Bianca Reis - She Has A Fat Cock And Loves Being Fucked\,{DT16~Excl~ME0PLAIS~20180731 - Bianca Reis - She Has A Fat Cock And Loves Being Fucked}
_mg_9286.jpg,398983,8c25fc0c,\Exclusive\20180731 - Bianca Reis - She Has A Fat Cock And Loves Being Fucked\,{DT16~Excl~ME0PLAIS~20180731 - Bianca Reis - She Has A Fat Cock And Loves Being Fucked}
_mg_9288.jpg,469329,17055e9a,\Exclusive\20180731 - Bianca Reis - She Has A Fat Cock And Loves Being Fucked\,{DT16~Excl~ME0PLAIS~20180731 - Bianca Reis - She Has A Fat Cock And Loves Being Fucked}
_mg_9289.jpg,390330,1170e411,\Exclusive\20180731 - Bianca Reis - She Has A Fat Cock And Loves Being Fucked\,{DT16~Excl~ME0PLAIS~20180731 - Bianca Reis - She Has A Fat Cock And Loves Being Fucked}
_mg_9290.jpg,448959,c6950ab5,\Exclusive\20180731 - Bianca Reis - She Has A Fat Cock And Loves Being Fucked\,{DT16~Excl~ME0PLAIS~20180731 - Bianca Reis - She Has A Fat Cock And Loves Being Fucked}
_mg_9291.jpg,438796,1e20b126,\Exclusive\20180731 - Bianca Reis - She Has A Fat Cock And Loves Being Fucked\,{DT16~Excl~ME0PLAIS~20180731 - Bianca Reis - She Has A Fat Cock And Loves Being Fucked}
_mg_9292.jpg,528918,259a9850,\Exclusive\20180731 - Bianca Reis - She Has A Fat Cock And Loves Being Fucked\,{DT16~Excl~ME0PLAIS~20180731 - Bianca Reis - She Has A Fat Cock And Loves Being Fucked}
_mg_9295.jpg,391448,f1b89363,\Exclusive\20180731 - Bianca Reis - She Has A Fat Cock And Loves Being Fucked\,{DT16~Excl~ME0PLAIS~20180731 - Bianca Reis - She Has A Fat Cock And Loves Being Fucked}
_mg_9296.jpg,450817,818d623c,\Exclusive\20180731 - Bianca Reis - She Has A Fat Cock And Loves Being Fucked\,{DT16~Excl~ME0PLAIS~20180731 - Bianca Reis - She Has A Fat Cock And Loves Being Fucked}
_mg_9297.jpg,449779,48fa233f,\Exclusive\20180731 - Bianca Reis - She Has A Fat Cock And Loves Being Fucked\,{DT16~Excl~ME0PLAIS~20180731 - Bianca Reis - She Has A Fat Cock And Loves Being Fucked}
_mg_9299.jpg,518908,bfd8bc4c,\Exclusive\20180731 - Bianca Reis - She Has A Fat Cock And Loves Being Fucked\,{DT16~Excl~ME0PLAIS~20180731 - Bianca Reis - She Has A Fat Cock And Loves Being Fucked}
_mg_9301.jpg,519128,92874feb,\Exclusive\20180731 - Bianca Reis - She Has A Fat Cock And Loves Being Fucked\,{DT16~Excl~ME0PLAIS~20180731 - Bianca Reis - She Has A Fat Cock And Loves Being Fucked}
_mg_9303.jpg,537497,72a4d681,\Exclusive\20180731 - Bianca Reis - She Has A Fat Cock And Loves Being Fucked\,{DT16~Excl~ME0PLAIS~20180731 - Bianca Reis - She Has A Fat Cock And Loves Being Fucked}
_mg_9304.jpg,422865,683def13,\Exclusive\20180731 - Bianca Reis - She Has A Fat Cock And Loves Being Fucked\,{DT16~Excl~ME0PLAIS~20180731 - Bianca Reis - She Has A Fat Cock And Loves Being Fucked}
_mg_9308.jpg,534222,103166ac,\Exclusive\20180731 - Bianca Reis - She Has A Fat Cock And Loves Being Fucked\,{DT16~Excl~ME0PLAIS~20180731 - Bianca Reis - She Has A Fat Cock And Loves Being Fucked}
_mg_9309.jpg,549195,6f3db774,\Exclusive\20180731 - Bianca Reis - She Has A Fat Cock And Loves Being Fucked\,{DT16~Excl~ME0PLAIS~20180731 - Bianca Reis - She Has A Fat Cock And Loves Being Fucked}
_mg_9310.jpg,463665,3d7720d3,\Exclusive\20180731 - Bianca Reis - She Has A Fat Cock And Loves Being Fucked\,{DT16~Excl~ME0PLAIS~20180731 - Bianca Reis - She Has A Fat Cock And Loves Being Fucked}
_mg_9311.jpg,534186,c928b275,\Exclusive\20180731 - Bianca Reis - She Has A Fat Cock And Loves Being Fucked\,{DT16~Excl~ME0PLAIS~20180731 - Bianca Reis - She Has A Fat Cock And Loves Being Fucked}
_mg_9312.jpg,479842,1663c7bb,\Exclusive\20180731 - Bianca Reis - She Has A Fat Cock And Loves Being Fucked\,{DT16~Excl~ME0PLAIS~20180731 - Bianca Reis - She Has A Fat Cock And Loves Being Fucked}
_mg_9313.jpg,471934,734f032b,\Exclusive\20180731 - Bianca Reis - She Has A Fat Cock And Loves Being Fucked\,{DT16~Excl~ME0PLAIS~20180731 - Bianca Reis - She Has A Fat Cock And Loves Being Fucked}
_mg_9314.jpg,447519,af153ae1,\Exclusive\20180731 - Bianca Reis - She Has A Fat Cock And Loves Being Fucked\,{DT16~Excl~ME0PLAIS~20180731 - Bianca Reis - She Has A Fat Cock And Loves Being Fucked}
_mg_9315.jpg,534930,6614aed1,\Exclusive\20180731 - Bianca Reis - She Has A Fat Cock And Loves Being Fucked\,{DT16~Excl~ME0PLAIS~20180731 - Bianca Reis - She Has A Fat Cock And Loves Being Fucked}
_mg_9316.jpg,578980,b14493ee,\Exclusive\20180731 - Bianca Reis - She Has A Fat Cock And Loves Being Fucked\,{DT16~Excl~ME0PLAIS~20180731 - Bianca Reis - She Has A Fat Cock And Loves Being Fucked}
_mg_9318.jpg,455397,7207de18,\Exclusive\20180731 - Bianca Reis - She Has A Fat Cock And Loves Being Fucked\,{DT16~Excl~ME0PLAIS~20180731 - Bianca Reis - She Has A Fat Cock And Loves Being Fucked}
_mg_9319.jpg,488260,bbd6cd8b,\Exclusive\20180731 - Bianca Reis - She Has A Fat Cock And Loves Being Fucked\,{DT16~Excl~ME0PLAIS~20180731 - Bianca Reis - She Has A Fat Cock And Loves Being Fucked}
_mg_9320.jpg,467510,72701733,\Exclusive\20180731 - Bianca Reis - She Has A Fat Cock And Loves Being Fucked\,{DT16~Excl~ME0PLAIS~20180731 - Bianca Reis - She Has A Fat Cock And Loves Being Fucked}
_mg_9321.jpg,519228,e1d34456,\Exclusive\20180731 - Bianca Reis - She Has A Fat Cock And Loves Being Fucked\,{DT16~Excl~ME0PLAIS~20180731 - Bianca Reis - She Has A Fat Cock And Loves Being Fucked}
_mg_9323.jpg,388502,ea830190,\Exclusive\20180731 - Bianca Reis - She Has A Fat Cock And Loves Being Fucked\,{DT16~Excl~ME0PLAIS~20180731 - Bianca Reis - She Has A Fat Cock And Loves Being Fucked}
_mg_9324.jpg,442474,fd5704ee,\Exclusive\20180731 - Bianca Reis - She Has A Fat Cock And Loves Being Fucked\,{DT16~Excl~ME0PLAIS~20180731 - Bianca Reis - She Has A Fat Cock And Loves Being Fucked}
_mg_9325.jpg,474518,67a4774f,\Exclusive\20180731 - Bianca Reis - She Has A Fat Cock And Loves Being Fucked\,{DT16~Excl~ME0PLAIS~20180731 - Bianca Reis - She Has A Fat Cock And Loves Being Fucked}
_mg_9326.jpg,484372,7b628cb9,\Exclusive\20180731 - Bianca Reis - She Has A Fat Cock And Loves Being Fucked\,{DT16~Excl~ME0PLAIS~20180731 - Bianca Reis - She Has A Fat Cock And Loves Being Fucked}
_mg_9327.jpg,498589,abd16620,\Exclusive\20180731 - Bianca Reis - She Has A Fat Cock And Loves Being Fucked\,{DT16~Excl~ME0PLAIS~20180731 - Bianca Reis - She Has A Fat Cock And Loves Being Fucked}
_mg_9328.jpg,462212,22c52e88,\Exclusive\20180731 - Bianca Reis - She Has A Fat Cock And Loves Being Fucked\,{DT16~Excl~ME0PLAIS~20180731 - Bianca Reis - She Has A Fat Cock And Loves Being Fucked}
_mg_9329.jpg,494903,35a02d1d,\Exclusive\20180731 - Bianca Reis - She Has A Fat Cock And Loves Being Fucked\,{DT16~Excl~ME0PLAIS~20180731 - Bianca Reis - She Has A Fat Cock And Loves Being Fucked}
_mg_9330.jpg,500871,48f1294b,\Exclusive\20180731 - Bianca Reis - She Has A Fat Cock And Loves Being Fucked\,{DT16~Excl~ME0PLAIS~20180731 - Bianca Reis - She Has A Fat Cock And Loves Being Fucked}
_mg_9331.jpg,466652,bc57580f,\Exclusive\20180731 - Bianca Reis - She Has A Fat Cock And Loves Being Fucked\,{DT16~Excl~ME0PLAIS~20180731 - Bianca Reis - She Has A Fat Cock And Loves Being Fucked}
_mg_9332.jpg,508229,2fc66c9a,\Exclusive\20180731 - Bianca Reis - She Has A Fat Cock And Loves Being Fucked\,{DT16~Excl~ME0PLAIS~20180731 - Bianca Reis - She Has A Fat Cock And Loves Being Fucked}
_mg_9333.jpg,462311,ccf18f9c,\Exclusive\20180731 - Bianca Reis - She Has A Fat Cock And Loves Being Fucked\,{DT16~Excl~ME0PLAIS~20180731 - Bianca Reis - She Has A Fat Cock And Loves Being Fucked}
_mg_9335.jpg,493455,943a1893,\Exclusive\20180731 - Bianca Reis - She Has A Fat Cock And Loves Being Fucked\,{DT16~Excl~ME0PLAIS~20180731 - Bianca Reis - She Has A Fat Cock And Loves Being Fucked}
_mg_9336.jpg,533427,b2584969,\Exclusive\20180731 - Bianca Reis - She Has A Fat Cock And Loves Being Fucked\,{DT16~Excl~ME0PLAIS~20180731 - Bianca Reis - She Has A Fat Cock And Loves Being Fucked}
_mg_9338.jpg,538901,ca7dfa1b,\Exclusive\20180731 - Bianca Reis - She Has A Fat Cock And Loves Being Fucked\,{DT16~Excl~ME0PLAIS~20180731 - Bianca Reis - She Has A Fat Cock And Loves Being Fucked}
_mg_9339.jpg,479257,087a4eb6,\Exclusive\20180731 - Bianca Reis - She Has A Fat Cock And Loves Being Fucked\,{DT16~Excl~ME0PLAIS~20180731 - Bianca Reis - She Has A Fat Cock And Loves Being Fucked}
_mg_9340.jpg,503399,e219a4b1,\Exclusive\20180731 - Bianca Reis - She Has A Fat Cock And Loves Being Fucked\,{DT16~Excl~ME0PLAIS~20180731 - Bianca Reis - She Has A Fat Cock And Loves Being Fucked}
_mg_9343.jpg,484802,adbe20b5,\Exclusive\20180731 - Bianca Reis - She Has A Fat Cock And Loves Being Fucked\,{DT16~Excl~ME0PLAIS~20180731 - Bianca Reis - She Has A Fat Cock And Loves Being Fucked}
_mg_9344.jpg,370808,4fe9c86d,\Exclusive\20180731 - Bianca Reis - She Has A Fat Cock And Loves Being Fucked\,{DT16~Excl~ME0PLAIS~20180731 - Bianca Reis - She Has A Fat Cock And Loves Being Fucked}
_mg_9345.jpg,383379,7deacc38,\Exclusive\20180731 - Bianca Reis - She Has A Fat Cock And Loves Being Fucked\,{DT16~Excl~ME0PLAIS~20180731 - Bianca Reis - She Has A Fat Cock And Loves Being Fucked}
_mg_9346.jpg,421888,7d2a82ee,\Exclusive\20180731 - Bianca Reis - She Has A Fat Cock And Loves Being Fucked\,{DT16~Excl~ME0PLAIS~20180731 - Bianca Reis - She Has A Fat Cock And Loves Being Fucked}
_mg_9347.jpg,485431,731bad6a,\Exclusive\20180731 - Bianca Reis - She Has A Fat Cock And Loves Being Fucked\,{DT16~Excl~ME0PLAIS~20180731 - Bianca Reis - She Has A Fat Cock And Loves Being Fucked}
_mg_9348.jpg,537353,d3965538,\Exclusive\20180731 - Bianca Reis - She Has A Fat Cock And Loves Being Fucked\,{DT16~Excl~ME0PLAIS~20180731 - Bianca Reis - She Has A Fat Cock And Loves Being Fucked}
_mg_9349.jpg,562000,2643806f,\Exclusive\20180731 - Bianca Reis - She Has A Fat Cock And Loves Being Fucked\,{DT16~Excl~ME0PLAIS~20180731 - Bianca Reis - She Has A Fat Cock And Loves Being Fucked}
_mg_9354.jpg,545205,9242ff40,\Exclusive\20180731 - Bianca Reis - She Has A Fat Cock And Loves Being Fucked\,{DT16~Excl~ME0PLAIS~20180731 - Bianca Reis - She Has A Fat Cock And Loves Being Fucked}
_mg_9355.jpg,511915,8132c81e,\Exclusive\20180731 - Bianca Reis - She Has A Fat Cock And Loves Being Fucked\,{DT16~Excl~ME0PLAIS~20180731 - Bianca Reis - She Has A Fat Cock And Loves Being Fucked}
_mg_9357.jpg,506596,57c269d7,\Exclusive\20180731 - Bianca Reis - She Has A Fat Cock And Loves Being Fucked\,{DT16~Excl~ME0PLAIS~20180731 - Bianca Reis - She Has A Fat Cock And Loves Being Fucked}
_mg_9358.jpg,561672,ac56ed4a,\Exclusive\20180731 - Bianca Reis - She Has A Fat Cock And Loves Being Fucked\,{DT16~Excl~ME0PLAIS~20180731 - Bianca Reis - She Has A Fat Cock And Loves Being Fucked}
_mg_9359.jpg,474660,db9508e1,\Exclusive\20180731 - Bianca Reis - She Has A Fat Cock And Loves Being Fucked\,{DT16~Excl~ME0PLAIS~20180731 - Bianca Reis - She Has A Fat Cock And Loves Being Fucked}
_mg_9360.jpg,480207,9c6942a0,\Exclusive\20180731 - Bianca Reis - She Has A Fat Cock And Loves Being Fucked\,{DT16~Excl~ME0PLAIS~20180731 - Bianca Reis - She Has A Fat Cock And Loves Being Fucked}
_mg_9361.jpg,502134,678c6c32,\Exclusive\20180731 - Bianca Reis - She Has A Fat Cock And Loves Being Fucked\,{DT16~Excl~ME0PLAIS~20180731 - Bianca Reis - She Has A Fat Cock And Loves Being Fucked}
_mg_9362.jpg,525094,c464dc3e,\Exclusive\20180731 - Bianca Reis - She Has A Fat Cock And Loves Being Fucked\,{DT16~Excl~ME0PLAIS~20180731 - Bianca Reis - She Has A Fat Cock And Loves Being Fucked}
_mg_9363.jpg,531018,4e7b414e,\Exclusive\20180731 - Bianca Reis - She Has A Fat Cock And Loves Being Fucked\,{DT16~Excl~ME0PLAIS~20180731 - Bianca Reis - She Has A Fat Cock And Loves Being Fucked}
_mg_9364.jpg,406888,9e6b10c3,\Exclusive\20180731 - Bianca Reis - She Has A Fat Cock And Loves Being Fucked\,{DT16~Excl~ME0PLAIS~20180731 - Bianca Reis - She Has A Fat Cock And Loves Being Fucked}
_mg_9365.jpg,497877,df385d92,\Exclusive\20180731 - Bianca Reis - She Has A Fat Cock And Loves Being Fucked\,{DT16~Excl~ME0PLAIS~20180731 - Bianca Reis - She Has A Fat Cock And Loves Being Fucked}
_mg_9367.jpg,497632,5cee85e7,\Exclusive\20180731 - Bianca Reis - She Has A Fat Cock And Loves Being Fucked\,{DT16~Excl~ME0PLAIS~20180731 - Bianca Reis - She Has A Fat Cock And Loves Being Fucked}
_mg_9368.jpg,511825,7568df66,\Exclusive\20180731 - Bianca Reis - She Has A Fat Cock And Loves Being Fucked\,{DT16~Excl~ME0PLAIS~20180731 - Bianca Reis - She Has A Fat Cock And Loves Being Fucked}
img_1747.jpg,614406,3ac7b480,\Exclusive\20180803 - Bella Atrix Hanna Rios & Janaina Carvalho - A Day In The Life Of 3 Tgirls\,{DT16~Excl~ME0PLDY9~20180803 - Bella Atrix Hanna Rios & Janaina Carvalho - A Day In The Life Of 3 Tg}
img_1748.jpg,596191,964502e4,\Exclusive\20180803 - Bella Atrix Hanna Rios & Janaina Carvalho - A Day In The Life Of 3 Tgirls\,{DT16~Excl~ME0PLDY9~20180803 - Bella Atrix Hanna Rios & Janaina Carvalho - A Day In The Life Of 3 Tg}
img_1749.jpg,657066,c5ac49f4,\Exclusive\20180803 - Bella Atrix Hanna Rios & Janaina Carvalho - A Day In The Life Of 3 Tgirls\,{DT16~Excl~ME0PLDY9~20180803 - Bella Atrix Hanna Rios & Janaina Carvalho - A Day In The Life Of 3 Tg}
img_1750.jpg,571261,d0b5a54f,\Exclusive\20180803 - Bella Atrix Hanna Rios & Janaina Carvalho - A Day In The Life Of 3 Tgirls\,{DT16~Excl~ME0PLDY9~20180803 - Bella Atrix Hanna Rios & Janaina Carvalho - A Day In The Life Of 3 Tg}
img_1751.jpg,560778,754fb550,\Exclusive\20180803 - Bella Atrix Hanna Rios & Janaina Carvalho - A Day In The Life Of 3 Tgirls\,{DT16~Excl~ME0PLDY9~20180803 - Bella Atrix Hanna Rios & Janaina Carvalho - A Day In The Life Of 3 Tg}
img_1752.jpg,581714,82cf11cb,\Exclusive\20180803 - Bella Atrix Hanna Rios & Janaina Carvalho - A Day In The Life Of 3 Tgirls\,{DT16~Excl~ME0PLDY9~20180803 - Bella Atrix Hanna Rios & Janaina Carvalho - A Day In The Life Of 3 Tg}
img_1753.jpg,487721,41af05e7,\Exclusive\20180803 - Bella Atrix Hanna Rios & Janaina Carvalho - A Day In The Life Of 3 Tgirls\,{DT16~Excl~ME0PLDY9~20180803 - Bella Atrix Hanna Rios & Janaina Carvalho - A Day In The Life Of 3 Tg}
img_1754.jpg,534706,225bb6ee,\Exclusive\20180803 - Bella Atrix Hanna Rios & Janaina Carvalho - A Day In The Life Of 3 Tgirls\,{DT16~Excl~ME0PLDY9~20180803 - Bella Atrix Hanna Rios & Janaina Carvalho - A Day In The Life Of 3 Tg}
img_1755.jpg,600101,a180e2e0,\Exclusive\20180803 - Bella Atrix Hanna Rios & Janaina Carvalho - A Day In The Life Of 3 Tgirls\,{DT16~Excl~ME0PLDY9~20180803 - Bella Atrix Hanna Rios & Janaina Carvalho - A Day In The Life Of 3 Tg}
img_1756.jpg,603320,4ab66de1,\Exclusive\20180803 - Bella Atrix Hanna Rios & Janaina Carvalho - A Day In The Life Of 3 Tgirls\,{DT16~Excl~ME0PLDY9~20180803 - Bella Atrix Hanna Rios & Janaina Carvalho - A Day In The Life Of 3 Tg}
img_1757.jpg,606921,d222f181,\Exclusive\20180803 - Bella Atrix Hanna Rios & Janaina Carvalho - A Day In The Life Of 3 Tgirls\,{DT16~Excl~ME0PLDY9~20180803 - Bella Atrix Hanna Rios & Janaina Carvalho - A Day In The Life Of 3 Tg}
img_1758.jpg,570158,2a0f1a49,\Exclusive\20180803 - Bella Atrix Hanna Rios & Janaina Carvalho - A Day In The Life Of 3 Tgirls\,{DT16~Excl~ME0PLDY9~20180803 - Bella Atrix Hanna Rios & Janaina Carvalho - A Day In The Life Of 3 Tg}
img_1759.jpg,643303,9f47d73b,\Exclusive\20180803 - Bella Atrix Hanna Rios & Janaina Carvalho - A Day In The Life Of 3 Tgirls\,{DT16~Excl~ME0PLDY9~20180803 - Bella Atrix Hanna Rios & Janaina Carvalho - A Day In The Life Of 3 Tg}
img_1760.jpg,539914,b72ec4f2,\Exclusive\20180803 - Bella Atrix Hanna Rios & Janaina Carvalho - A Day In The Life Of 3 Tgirls\,{DT16~Excl~ME0PLDY9~20180803 - Bella Atrix Hanna Rios & Janaina Carvalho - A Day In The Life Of 3 Tg}
img_1761.jpg,575428,53188c27,\Exclusive\20180803 - Bella Atrix Hanna Rios & Janaina Carvalho - A Day In The Life Of 3 Tgirls\,{DT16~Excl~ME0PLDY9~20180803 - Bella Atrix Hanna Rios & Janaina Carvalho - A Day In The Life Of 3 Tg}
img_1762.jpg,537648,4e8a4c75,\Exclusive\20180803 - Bella Atrix Hanna Rios & Janaina Carvalho - A Day In The Life Of 3 Tgirls\,{DT16~Excl~ME0PLDY9~20180803 - Bella Atrix Hanna Rios & Janaina Carvalho - A Day In The Life Of 3 Tg}
img_1763.jpg,581910,c5a541a5,\Exclusive\20180803 - Bella Atrix Hanna Rios & Janaina Carvalho - A Day In The Life Of 3 Tgirls\,{DT16~Excl~ME0PLDY9~20180803 - Bella Atrix Hanna Rios & Janaina Carvalho - A Day In The Life Of 3 Tg}
img_1764.jpg,556736,c6e116e6,\Exclusive\20180803 - Bella Atrix Hanna Rios & Janaina Carvalho - A Day In The Life Of 3 Tgirls\,{DT16~Excl~ME0PLDY9~20180803 - Bella Atrix Hanna Rios & Janaina Carvalho - A Day In The Life Of 3 Tg}
img_1765.jpg,604751,f3b1de4a,\Exclusive\20180803 - Bella Atrix Hanna Rios & Janaina Carvalho - A Day In The Life Of 3 Tgirls\,{DT16~Excl~ME0PLDY9~20180803 - Bella Atrix Hanna Rios & Janaina Carvalho - A Day In The Life Of 3 Tg}
img_1766.jpg,513799,d067d5cd,\Exclusive\20180803 - Bella Atrix Hanna Rios & Janaina Carvalho - A Day In The Life Of 3 Tgirls\,{DT16~Excl~ME0PLDY9~20180803 - Bella Atrix Hanna Rios & Janaina Carvalho - A Day In The Life Of 3 Tg}
img_1767.jpg,652475,bb146f94,\Exclusive\20180803 - Bella Atrix Hanna Rios & Janaina Carvalho - A Day In The Life Of 3 Tgirls\,{DT16~Excl~ME0PLDY9~20180803 - Bella Atrix Hanna Rios & Janaina Carvalho - A Day In The Life Of 3 Tg}
img_1768.jpg,613139,1e883b1a,\Exclusive\20180803 - Bella Atrix Hanna Rios & Janaina Carvalho - A Day In The Life Of 3 Tgirls\,{DT16~Excl~ME0PLDY9~20180803 - Bella Atrix Hanna Rios & Janaina Carvalho - A Day In The Life Of 3 Tg}
img_1769.jpg,584522,1ab1fed0,\Exclusive\20180803 - Bella Atrix Hanna Rios & Janaina Carvalho - A Day In The Life Of 3 Tgirls\,{DT16~Excl~ME0PLDY9~20180803 - Bella Atrix Hanna Rios & Janaina Carvalho - A Day In The Life Of 3 Tg}
img_1770.jpg,595747,866eb23d,\Exclusive\20180803 - Bella Atrix Hanna Rios & Janaina Carvalho - A Day In The Life Of 3 Tgirls\,{DT16~Excl~ME0PLDY9~20180803 - Bella Atrix Hanna Rios & Janaina Carvalho - A Day In The Life Of 3 Tg}
img_1771.jpg,598386,ca7edf31,\Exclusive\20180803 - Bella Atrix Hanna Rios & Janaina Carvalho - A Day In The Life Of 3 Tgirls\,{DT16~Excl~ME0PLDY9~20180803 - Bella Atrix Hanna Rios & Janaina Carvalho - A Day In The Life Of 3 Tg}
img_1772.jpg,411275,72d8c63a,\Exclusive\20180803 - Bella Atrix Hanna Rios & Janaina Carvalho - A Day In The Life Of 3 Tgirls\,{DT16~Excl~ME0PLDY9~20180803 - Bella Atrix Hanna Rios & Janaina Carvalho - A Day In The Life Of 3 Tg}
img_1773.jpg,519403,4c619f3d,\Exclusive\20180803 - Bella Atrix Hanna Rios & Janaina Carvalho - A Day In The Life Of 3 Tgirls\,{DT16~Excl~ME0PLDY9~20180803 - Bella Atrix Hanna Rios & Janaina Carvalho - A Day In The Life Of 3 Tg}
img_1774.jpg,607426,510efe7a,\Exclusive\20180803 - Bella Atrix Hanna Rios & Janaina Carvalho - A Day In The Life Of 3 Tgirls\,{DT16~Excl~ME0PLDY9~20180803 - Bella Atrix Hanna Rios & Janaina Carvalho - A Day In The Life Of 3 Tg}
img_1775.jpg,585891,3a2475d6,\Exclusive\20180803 - Bella Atrix Hanna Rios & Janaina Carvalho - A Day In The Life Of 3 Tgirls\,{DT16~Excl~ME0PLDY9~20180803 - Bella Atrix Hanna Rios & Janaina Carvalho - A Day In The Life Of 3 Tg}
img_1778.jpg,523943,036b1001,\Exclusive\20180803 - Bella Atrix Hanna Rios & Janaina Carvalho - A Day In The Life Of 3 Tgirls\,{DT16~Excl~ME0PLDY9~20180803 - Bella Atrix Hanna Rios & Janaina Carvalho - A Day In The Life Of 3 Tg}
img_1779.jpg,553656,5984f7c8,\Exclusive\20180803 - Bella Atrix Hanna Rios & Janaina Carvalho - A Day In The Life Of 3 Tgirls\,{DT16~Excl~ME0PLDY9~20180803 - Bella Atrix Hanna Rios & Janaina Carvalho - A Day In The Life Of 3 Tg}
img_1780.jpg,528837,a2dd8aa8,\Exclusive\20180803 - Bella Atrix Hanna Rios & Janaina Carvalho - A Day In The Life Of 3 Tgirls\,{DT16~Excl~ME0PLDY9~20180803 - Bella Atrix Hanna Rios & Janaina Carvalho - A Day In The Life Of 3 Tg}
img_1782.jpg,541483,9b54c769,\Exclusive\20180803 - Bella Atrix Hanna Rios & Janaina Carvalho - A Day In The Life Of 3 Tgirls\,{DT16~Excl~ME0PLDY9~20180803 - Bella Atrix Hanna Rios & Janaina Carvalho - A Day In The Life Of 3 Tg}
img_1783.jpg,609671,e83bfa20,\Exclusive\20180803 - Bella Atrix Hanna Rios & Janaina Carvalho - A Day In The Life Of 3 Tgirls\,{DT16~Excl~ME0PLDY9~20180803 - Bella Atrix Hanna Rios & Janaina Carvalho - A Day In The Life Of 3 Tg}
img_1786.jpg,581370,d9312e91,\Exclusive\20180803 - Bella Atrix Hanna Rios & Janaina Carvalho - A Day In The Life Of 3 Tgirls\,{DT16~Excl~ME0PLDY9~20180803 - Bella Atrix Hanna Rios & Janaina Carvalho - A Day In The Life Of 3 Tg}
img_1787.jpg,551566,d7e71ccb,\Exclusive\20180803 - Bella Atrix Hanna Rios & Janaina Carvalho - A Day In The Life Of 3 Tgirls\,{DT16~Excl~ME0PLDY9~20180803 - Bella Atrix Hanna Rios & Janaina Carvalho - A Day In The Life Of 3 Tg}
img_1788.jpg,551073,aca63ae1,\Exclusive\20180803 - Bella Atrix Hanna Rios & Janaina Carvalho - A Day In The Life Of 3 Tgirls\,{DT16~Excl~ME0PLDY9~20180803 - Bella Atrix Hanna Rios & Janaina Carvalho - A Day In The Life Of 3 Tg}
img_1789.jpg,519409,85fe6d17,\Exclusive\20180803 - Bella Atrix Hanna Rios & Janaina Carvalho - A Day In The Life Of 3 Tgirls\,{DT16~Excl~ME0PLDY9~20180803 - Bella Atrix Hanna Rios & Janaina Carvalho - A Day In The Life Of 3 Tg}
img_1790.jpg,576181,214d534c,\Exclusive\20180803 - Bella Atrix Hanna Rios & Janaina Carvalho - A Day In The Life Of 3 Tgirls\,{DT16~Excl~ME0PLDY9~20180803 - Bella Atrix Hanna Rios & Janaina Carvalho - A Day In The Life Of 3 Tg}
img_1791.jpg,597296,3ce5b6ba,\Exclusive\20180803 - Bella Atrix Hanna Rios & Janaina Carvalho - A Day In The Life Of 3 Tgirls\,{DT16~Excl~ME0PLDY9~20180803 - Bella Atrix Hanna Rios & Janaina Carvalho - A Day In The Life Of 3 Tg}
img_1793.jpg,552099,3c96689d,\Exclusive\20180803 - Bella Atrix Hanna Rios & Janaina Carvalho - A Day In The Life Of 3 Tgirls\,{DT16~Excl~ME0PLDY9~20180803 - Bella Atrix Hanna Rios & Janaina Carvalho - A Day In The Life Of 3 Tg}
img_1794.jpg,543539,5a179fb0,\Exclusive\20180803 - Bella Atrix Hanna Rios & Janaina Carvalho - A Day In The Life Of 3 Tgirls\,{DT16~Excl~ME0PLDY9~20180803 - Bella Atrix Hanna Rios & Janaina Carvalho - A Day In The Life Of 3 Tg}
img_1795.jpg,553163,b24a6e24,\Exclusive\20180803 - Bella Atrix Hanna Rios & Janaina Carvalho - A Day In The Life Of 3 Tgirls\,{DT16~Excl~ME0PLDY9~20180803 - Bella Atrix Hanna Rios & Janaina Carvalho - A Day In The Life Of 3 Tg}
img_1797.jpg,461917,4f8b62bb,\Exclusive\20180803 - Bella Atrix Hanna Rios & Janaina Carvalho - A Day In The Life Of 3 Tgirls\,{DT16~Excl~ME0PLDY9~20180803 - Bella Atrix Hanna Rios & Janaina Carvalho - A Day In The Life Of 3 Tg}
img_1798.jpg,500679,acec73d0,\Exclusive\20180803 - Bella Atrix Hanna Rios & Janaina Carvalho - A Day In The Life Of 3 Tgirls\,{DT16~Excl~ME0PLDY9~20180803 - Bella Atrix Hanna Rios & Janaina Carvalho - A Day In The Life Of 3 Tg}
img_1799.jpg,516021,28c1e266,\Exclusive\20180803 - Bella Atrix Hanna Rios & Janaina Carvalho - A Day In The Life Of 3 Tgirls\,{DT16~Excl~ME0PLDY9~20180803 - Bella Atrix Hanna Rios & Janaina Carvalho - A Day In The Life Of 3 Tg}
img_1800.jpg,599595,61632d52,\Exclusive\20180803 - Bella Atrix Hanna Rios & Janaina Carvalho - A Day In The Life Of 3 Tgirls\,{DT16~Excl~ME0PLDY9~20180803 - Bella Atrix Hanna Rios & Janaina Carvalho - A Day In The Life Of 3 Tg}
img_1801.jpg,574440,2cfd94b5,\Exclusive\20180803 - Bella Atrix Hanna Rios & Janaina Carvalho - A Day In The Life Of 3 Tgirls\,{DT16~Excl~ME0PLDY9~20180803 - Bella Atrix Hanna Rios & Janaina Carvalho - A Day In The Life Of 3 Tg}
img_1802.jpg,603553,8a0506ee,\Exclusive\20180803 - Bella Atrix Hanna Rios & Janaina Carvalho - A Day In The Life Of 3 Tgirls\,{DT16~Excl~ME0PLDY9~20180803 - Bella Atrix Hanna Rios & Janaina Carvalho - A Day In The Life Of 3 Tg}
img_1803.jpg,537937,b7c78603,\Exclusive\20180803 - Bella Atrix Hanna Rios & Janaina Carvalho - A Day In The Life Of 3 Tgirls\,{DT16~Excl~ME0PLDY9~20180803 - Bella Atrix Hanna Rios & Janaina Carvalho - A Day In The Life Of 3 Tg}
img_1804.jpg,551852,2c095f69,\Exclusive\20180803 - Bella Atrix Hanna Rios & Janaina Carvalho - A Day In The Life Of 3 Tgirls\,{DT16~Excl~ME0PLDY9~20180803 - Bella Atrix Hanna Rios & Janaina Carvalho - A Day In The Life Of 3 Tg}
img_1805.jpg,583833,b4ec679f,\Exclusive\20180803 - Bella Atrix Hanna Rios & Janaina Carvalho - A Day In The Life Of 3 Tgirls\,{DT16~Excl~ME0PLDY9~20180803 - Bella Atrix Hanna Rios & Janaina Carvalho - A Day In The Life Of 3 Tg}
img_1806.jpg,524320,6a7ddaa8,\Exclusive\20180803 - Bella Atrix Hanna Rios & Janaina Carvalho - A Day In The Life Of 3 Tgirls\,{DT16~Excl~ME0PLDY9~20180803 - Bella Atrix Hanna Rios & Janaina Carvalho - A Day In The Life Of 3 Tg}
img_1808.jpg,520682,755f2ff5,\Exclusive\20180803 - Bella Atrix Hanna Rios & Janaina Carvalho - A Day In The Life Of 3 Tgirls\,{DT16~Excl~ME0PLDY9~20180803 - Bella Atrix Hanna Rios & Janaina Carvalho - A Day In The Life Of 3 Tg}
img_1809.jpg,583271,92d5fcc5,\Exclusive\20180803 - Bella Atrix Hanna Rios & Janaina Carvalho - A Day In The Life Of 3 Tgirls\,{DT16~Excl~ME0PLDY9~20180803 - Bella Atrix Hanna Rios & Janaina Carvalho - A Day In The Life Of 3 Tg}
img_1810.jpg,415993,753268be,\Exclusive\20180803 - Bella Atrix Hanna Rios & Janaina Carvalho - A Day In The Life Of 3 Tgirls\,{DT16~Excl~ME0PLDY9~20180803 - Bella Atrix Hanna Rios & Janaina Carvalho - A Day In The Life Of 3 Tg}
img_1811.jpg,549497,81c225b9,\Exclusive\20180803 - Bella Atrix Hanna Rios & Janaina Carvalho - A Day In The Life Of 3 Tgirls\,{DT16~Excl~ME0PLDY9~20180803 - Bella Atrix Hanna Rios & Janaina Carvalho - A Day In The Life Of 3 Tg}
img_1812.jpg,531507,0adc62fc,\Exclusive\20180803 - Bella Atrix Hanna Rios & Janaina Carvalho - A Day In The Life Of 3 Tgirls\,{DT16~Excl~ME0PLDY9~20180803 - Bella Atrix Hanna Rios & Janaina Carvalho - A Day In The Life Of 3 Tg}
img_1813.jpg,584337,5de9e343,\Exclusive\20180803 - Bella Atrix Hanna Rios & Janaina Carvalho - A Day In The Life Of 3 Tgirls\,{DT16~Excl~ME0PLDY9~20180803 - Bella Atrix Hanna Rios & Janaina Carvalho - A Day In The Life Of 3 Tg}
img_1814.jpg,528731,8732aa7c,\Exclusive\20180803 - Bella Atrix Hanna Rios & Janaina Carvalho - A Day In The Life Of 3 Tgirls\,{DT16~Excl~ME0PLDY9~20180803 - Bella Atrix Hanna Rios & Janaina Carvalho - A Day In The Life Of 3 Tg}
img_1815.jpg,584546,f32b902e,\Exclusive\20180803 - Bella Atrix Hanna Rios & Janaina Carvalho - A Day In The Life Of 3 Tgirls\,{DT16~Excl~ME0PLDY9~20180803 - Bella Atrix Hanna Rios & Janaina Carvalho - A Day In The Life Of 3 Tg}
img_1816.jpg,554619,453376de,\Exclusive\20180803 - Bella Atrix Hanna Rios & Janaina Carvalho - A Day In The Life Of 3 Tgirls\,{DT16~Excl~ME0PLDY9~20180803 - Bella Atrix Hanna Rios & Janaina Carvalho - A Day In The Life Of 3 Tg}
img_1817.jpg,460856,00f7323c,\Exclusive\20180803 - Bella Atrix Hanna Rios & Janaina Carvalho - A Day In The Life Of 3 Tgirls\,{DT16~Excl~ME0PLDY9~20180803 - Bella Atrix Hanna Rios & Janaina Carvalho - A Day In The Life Of 3 Tg}
img_1818.jpg,559805,6318b6ba,\Exclusive\20180803 - Bella Atrix Hanna Rios & Janaina Carvalho - A Day In The Life Of 3 Tgirls\,{DT16~Excl~ME0PLDY9~20180803 - Bella Atrix Hanna Rios & Janaina Carvalho - A Day In The Life Of 3 Tg}
img_1819.jpg,509773,d1ebe080,\Exclusive\20180803 - Bella Atrix Hanna Rios & Janaina Carvalho - A Day In The Life Of 3 Tgirls\,{DT16~Excl~ME0PLDY9~20180803 - Bella Atrix Hanna Rios & Janaina Carvalho - A Day In The Life Of 3 Tg}
img_1820.jpg,461130,558d3933,\Exclusive\20180803 - Bella Atrix Hanna Rios & Janaina Carvalho - A Day In The Life Of 3 Tgirls\,{DT16~Excl~ME0PLDY9~20180803 - Bella Atrix Hanna Rios & Janaina Carvalho - A Day In The Life Of 3 Tg}
img_1821.jpg,587076,38538e20,\Exclusive\20180803 - Bella Atrix Hanna Rios & Janaina Carvalho - A Day In The Life Of 3 Tgirls\,{DT16~Excl~ME0PLDY9~20180803 - Bella Atrix Hanna Rios & Janaina Carvalho - A Day In The Life Of 3 Tg}
img_1822.jpg,515554,fad2e2c4,\Exclusive\20180803 - Bella Atrix Hanna Rios & Janaina Carvalho - A Day In The Life Of 3 Tgirls\,{DT16~Excl~ME0PLDY9~20180803 - Bella Atrix Hanna Rios & Janaina Carvalho - A Day In The Life Of 3 Tg}
img_1823.jpg,560162,67bd815e,\Exclusive\20180803 - Bella Atrix Hanna Rios & Janaina Carvalho - A Day In The Life Of 3 Tgirls\,{DT16~Excl~ME0PLDY9~20180803 - Bella Atrix Hanna Rios & Janaina Carvalho - A Day In The Life Of 3 Tg}
img_1824.jpg,563812,3b9d1a2a,\Exclusive\20180803 - Bella Atrix Hanna Rios & Janaina Carvalho - A Day In The Life Of 3 Tgirls\,{DT16~Excl~ME0PLDY9~20180803 - Bella Atrix Hanna Rios & Janaina Carvalho - A Day In The Life Of 3 Tg}
img_1825.jpg,556791,4d6ee1e8,\Exclusive\20180803 - Bella Atrix Hanna Rios & Janaina Carvalho - A Day In The Life Of 3 Tgirls\,{DT16~Excl~ME0PLDY9~20180803 - Bella Atrix Hanna Rios & Janaina Carvalho - A Day In The Life Of 3 Tg}
img_1826.jpg,531172,3b25a540,\Exclusive\20180803 - Bella Atrix Hanna Rios & Janaina Carvalho - A Day In The Life Of 3 Tgirls\,{DT16~Excl~ME0PLDY9~20180803 - Bella Atrix Hanna Rios & Janaina Carvalho - A Day In The Life Of 3 Tg}
img_1827.jpg,548002,e135b063,\Exclusive\20180803 - Bella Atrix Hanna Rios & Janaina Carvalho - A Day In The Life Of 3 Tgirls\,{DT16~Excl~ME0PLDY9~20180803 - Bella Atrix Hanna Rios & Janaina Carvalho - A Day In The Life Of 3 Tg}
img_1828.jpg,532508,2957c674,\Exclusive\20180803 - Bella Atrix Hanna Rios & Janaina Carvalho - A Day In The Life Of 3 Tgirls\,{DT16~Excl~ME0PLDY9~20180803 - Bella Atrix Hanna Rios & Janaina Carvalho - A Day In The Life Of 3 Tg}
img_1829.jpg,521617,66dbb0f3,\Exclusive\20180803 - Bella Atrix Hanna Rios & Janaina Carvalho - A Day In The Life Of 3 Tgirls\,{DT16~Excl~ME0PLDY9~20180803 - Bella Atrix Hanna Rios & Janaina Carvalho - A Day In The Life Of 3 Tg}
img_1831.jpg,548319,0fe40a3f,\Exclusive\20180803 - Bella Atrix Hanna Rios & Janaina Carvalho - A Day In The Life Of 3 Tgirls\,{DT16~Excl~ME0PLDY9~20180803 - Bella Atrix Hanna Rios & Janaina Carvalho - A Day In The Life Of 3 Tg}
img_1832.jpg,574990,a9354803,\Exclusive\20180803 - Bella Atrix Hanna Rios & Janaina Carvalho - A Day In The Life Of 3 Tgirls\,{DT16~Excl~ME0PLDY9~20180803 - Bella Atrix Hanna Rios & Janaina Carvalho - A Day In The Life Of 3 Tg}
img_1833.jpg,578749,1b61c4ef,\Exclusive\20180803 - Bella Atrix Hanna Rios & Janaina Carvalho - A Day In The Life Of 3 Tgirls\,{DT16~Excl~ME0PLDY9~20180803 - Bella Atrix Hanna Rios & Janaina Carvalho - A Day In The Life Of 3 Tg}
img_1834.jpg,638443,d95fc7a4,\Exclusive\20180803 - Bella Atrix Hanna Rios & Janaina Carvalho - A Day In The Life Of 3 Tgirls\,{DT16~Excl~ME0PLDY9~20180803 - Bella Atrix Hanna Rios & Janaina Carvalho - A Day In The Life Of 3 Tg}
img_1835.jpg,523041,717586c6,\Exclusive\20180803 - Bella Atrix Hanna Rios & Janaina Carvalho - A Day In The Life Of 3 Tgirls\,{DT16~Excl~ME0PLDY9~20180803 - Bella Atrix Hanna Rios & Janaina Carvalho - A Day In The Life Of 3 Tg}
img_1836.jpg,525341,6c113da4,\Exclusive\20180803 - Bella Atrix Hanna Rios & Janaina Carvalho - A Day In The Life Of 3 Tgirls\,{DT16~Excl~ME0PLDY9~20180803 - Bella Atrix Hanna Rios & Janaina Carvalho - A Day In The Life Of 3 Tg}
img_1837.jpg,553775,3e4f1db7,\Exclusive\20180803 - Bella Atrix Hanna Rios & Janaina Carvalho - A Day In The Life Of 3 Tgirls\,{DT16~Excl~ME0PLDY9~20180803 - Bella Atrix Hanna Rios & Janaina Carvalho - A Day In The Life Of 3 Tg}
img_1838.jpg,604088,e6cd6de6,\Exclusive\20180803 - Bella Atrix Hanna Rios & Janaina Carvalho - A Day In The Life Of 3 Tgirls\,{DT16~Excl~ME0PLDY9~20180803 - Bella Atrix Hanna Rios & Janaina Carvalho - A Day In The Life Of 3 Tg}
img_1839.jpg,539249,4aa45d28,\Exclusive\20180803 - Bella Atrix Hanna Rios & Janaina Carvalho - A Day In The Life Of 3 Tgirls\,{DT16~Excl~ME0PLDY9~20180803 - Bella Atrix Hanna Rios & Janaina Carvalho - A Day In The Life Of 3 Tg}
img_1840.jpg,565670,f3164f3f,\Exclusive\20180803 - Bella Atrix Hanna Rios & Janaina Carvalho - A Day In The Life Of 3 Tgirls\,{DT16~Excl~ME0PLDY9~20180803 - Bella Atrix Hanna Rios & Janaina Carvalho - A Day In The Life Of 3 Tg}
img_1841.jpg,564331,464951b4,\Exclusive\20180803 - Bella Atrix Hanna Rios & Janaina Carvalho - A Day In The Life Of 3 Tgirls\,{DT16~Excl~ME0PLDY9~20180803 - Bella Atrix Hanna Rios & Janaina Carvalho - A Day In The Life Of 3 Tg}
img_1842.jpg,577673,92f98c20,\Exclusive\20180803 - Bella Atrix Hanna Rios & Janaina Carvalho - A Day In The Life Of 3 Tgirls\,{DT16~Excl~ME0PLDY9~20180803 - Bella Atrix Hanna Rios & Janaina Carvalho - A Day In The Life Of 3 Tg}
img_1844.jpg,651076,a3b92164,\Exclusive\20180803 - Bella Atrix Hanna Rios & Janaina Carvalho - A Day In The Life Of 3 Tgirls\,{DT16~Excl~ME0PLDY9~20180803 - Bella Atrix Hanna Rios & Janaina Carvalho - A Day In The Life Of 3 Tg}
img_1845.jpg,629217,c9040a6a,\Exclusive\20180803 - Bella Atrix Hanna Rios & Janaina Carvalho - A Day In The Life Of 3 Tgirls\,{DT16~Excl~ME0PLDY9~20180803 - Bella Atrix Hanna Rios & Janaina Carvalho - A Day In The Life Of 3 Tg}
img_1846.jpg,629275,ee9b3ef1,\Exclusive\20180803 - Bella Atrix Hanna Rios & Janaina Carvalho - A Day In The Life Of 3 Tgirls\,{DT16~Excl~ME0PLDY9~20180803 - Bella Atrix Hanna Rios & Janaina Carvalho - A Day In The Life Of 3 Tg}
img_1847.jpg,590060,d703176f,\Exclusive\20180803 - Bella Atrix Hanna Rios & Janaina Carvalho - A Day In The Life Of 3 Tgirls\,{DT16~Excl~ME0PLDY9~20180803 - Bella Atrix Hanna Rios & Janaina Carvalho - A Day In The Life Of 3 Tg}
img_1848.jpg,661810,cbf85918,\Exclusive\20180803 - Bella Atrix Hanna Rios & Janaina Carvalho - A Day In The Life Of 3 Tgirls\,{DT16~Excl~ME0PLDY9~20180803 - Bella Atrix Hanna Rios & Janaina Carvalho - A Day In The Life Of 3 Tg}
img_1849.jpg,334509,267bd962,\Exclusive\20180803 - Bella Atrix Hanna Rios & Janaina Carvalho - A Day In The Life Of 3 Tgirls\,{DT16~Excl~ME0PLDY9~20180803 - Bella Atrix Hanna Rios & Janaina Carvalho - A Day In The Life Of 3 Tg}
img_1850.jpg,627631,7154ead2,\Exclusive\20180803 - Bella Atrix Hanna Rios & Janaina Carvalho - A Day In The Life Of 3 Tgirls\,{DT16~Excl~ME0PLDY9~20180803 - Bella Atrix Hanna Rios & Janaina Carvalho - A Day In The Life Of 3 Tg}
img_1851.jpg,572501,d8fefe9d,\Exclusive\20180803 - Bella Atrix Hanna Rios & Janaina Carvalho - A Day In The Life Of 3 Tgirls\,{DT16~Excl~ME0PLDY9~20180803 - Bella Atrix Hanna Rios & Janaina Carvalho - A Day In The Life Of 3 Tg}
img_1852.jpg,511593,5301fb40,\Exclusive\20180803 - Bella Atrix Hanna Rios & Janaina Carvalho - A Day In The Life Of 3 Tgirls\,{DT16~Excl~ME0PLDY9~20180803 - Bella Atrix Hanna Rios & Janaina Carvalho - A Day In The Life Of 3 Tg}
img_1853.jpg,553866,4975e339,\Exclusive\20180803 - Bella Atrix Hanna Rios & Janaina Carvalho - A Day In The Life Of 3 Tgirls\,{DT16~Excl~ME0PLDY9~20180803 - Bella Atrix Hanna Rios & Janaina Carvalho - A Day In The Life Of 3 Tg}
img_1854.jpg,559798,ae15be9f,\Exclusive\20180803 - Bella Atrix Hanna Rios & Janaina Carvalho - A Day In The Life Of 3 Tgirls\,{DT16~Excl~ME0PLDY9~20180803 - Bella Atrix Hanna Rios & Janaina Carvalho - A Day In The Life Of 3 Tg}
img_1855.jpg,511756,06a6d64d,\Exclusive\20180803 - Bella Atrix Hanna Rios & Janaina Carvalho - A Day In The Life Of 3 Tgirls\,{DT16~Excl~ME0PLDY9~20180803 - Bella Atrix Hanna Rios & Janaina Carvalho - A Day In The Life Of 3 Tg}
img_1856.jpg,460997,b29cfcad,\Exclusive\20180803 - Bella Atrix Hanna Rios & Janaina Carvalho - A Day In The Life Of 3 Tgirls\,{DT16~Excl~ME0PLDY9~20180803 - Bella Atrix Hanna Rios & Janaina Carvalho - A Day In The Life Of 3 Tg}
img_1857.jpg,513164,cadd8cdc,\Exclusive\20180803 - Bella Atrix Hanna Rios & Janaina Carvalho - A Day In The Life Of 3 Tgirls\,{DT16~Excl~ME0PLDY9~20180803 - Bella Atrix Hanna Rios & Janaina Carvalho - A Day In The Life Of 3 Tg}
img_1858.jpg,499477,a93a7249,\Exclusive\20180803 - Bella Atrix Hanna Rios & Janaina Carvalho - A Day In The Life Of 3 Tgirls\,{DT16~Excl~ME0PLDY9~20180803 - Bella Atrix Hanna Rios & Janaina Carvalho - A Day In The Life Of 3 Tg}
img_1859.jpg,451123,63fc52d5,\Exclusive\20180803 - Bella Atrix Hanna Rios & Janaina Carvalho - A Day In The Life Of 3 Tgirls\,{DT16~Excl~ME0PLDY9~20180803 - Bella Atrix Hanna Rios & Janaina Carvalho - A Day In The Life Of 3 Tg}
img_1860.jpg,548698,9ed55f45,\Exclusive\20180803 - Bella Atrix Hanna Rios & Janaina Carvalho - A Day In The Life Of 3 Tgirls\,{DT16~Excl~ME0PLDY9~20180803 - Bella Atrix Hanna Rios & Janaina Carvalho - A Day In The Life Of 3 Tg}
img_1861.jpg,448626,87245e85,\Exclusive\20180803 - Bella Atrix Hanna Rios & Janaina Carvalho - A Day In The Life Of 3 Tgirls\,{DT16~Excl~ME0PLDY9~20180803 - Bella Atrix Hanna Rios & Janaina Carvalho - A Day In The Life Of 3 Tg}
img_1862.jpg,474093,57728cf3,\Exclusive\20180803 - Bella Atrix Hanna Rios & Janaina Carvalho - A Day In The Life Of 3 Tgirls\,{DT16~Excl~ME0PLDY9~20180803 - Bella Atrix Hanna Rios & Janaina Carvalho - A Day In The Life Of 3 Tg}
img_1863.jpg,477121,7eb60c72,\Exclusive\20180803 - Bella Atrix Hanna Rios & Janaina Carvalho - A Day In The Life Of 3 Tgirls\,{DT16~Excl~ME0PLDY9~20180803 - Bella Atrix Hanna Rios & Janaina Carvalho - A Day In The Life Of 3 Tg}
img_1864.jpg,506944,007e8fc5,\Exclusive\20180803 - Bella Atrix Hanna Rios & Janaina Carvalho - A Day In The Life Of 3 Tgirls\,{DT16~Excl~ME0PLDY9~20180803 - Bella Atrix Hanna Rios & Janaina Carvalho - A Day In The Life Of 3 Tg}
img_1865.jpg,584800,ea99374d,\Exclusive\20180803 - Bella Atrix Hanna Rios & Janaina Carvalho - A Day In The Life Of 3 Tgirls\,{DT16~Excl~ME0PLDY9~20180803 - Bella Atrix Hanna Rios & Janaina Carvalho - A Day In The Life Of 3 Tg}
img_1866.jpg,572799,4a01a1f6,\Exclusive\20180803 - Bella Atrix Hanna Rios & Janaina Carvalho - A Day In The Life Of 3 Tgirls\,{DT16~Excl~ME0PLDY9~20180803 - Bella Atrix Hanna Rios & Janaina Carvalho - A Day In The Life Of 3 Tg}
img_1867.jpg,550174,c105703c,\Exclusive\20180803 - Bella Atrix Hanna Rios & Janaina Carvalho - A Day In The Life Of 3 Tgirls\,{DT16~Excl~ME0PLDY9~20180803 - Bella Atrix Hanna Rios & Janaina Carvalho - A Day In The Life Of 3 Tg}
img_1868.jpg,522604,eb2e0368,\Exclusive\20180803 - Bella Atrix Hanna Rios & Janaina Carvalho - A Day In The Life Of 3 Tgirls\,{DT16~Excl~ME0PLDY9~20180803 - Bella Atrix Hanna Rios & Janaina Carvalho - A Day In The Life Of 3 Tg}
img_1869.jpg,587661,b0998e6f,\Exclusive\20180803 - Bella Atrix Hanna Rios & Janaina Carvalho - A Day In The Life Of 3 Tgirls\,{DT16~Excl~ME0PLDY9~20180803 - Bella Atrix Hanna Rios & Janaina Carvalho - A Day In The Life Of 3 Tg}
img_1870.jpg,666457,b908ad16,\Exclusive\20180803 - Bella Atrix Hanna Rios & Janaina Carvalho - A Day In The Life Of 3 Tgirls\,{DT16~Excl~ME0PLDY9~20180803 - Bella Atrix Hanna Rios & Janaina Carvalho - A Day In The Life Of 3 Tg}
img_1871.jpg,543593,3f640ad6,\Exclusive\20180803 - Bella Atrix Hanna Rios & Janaina Carvalho - A Day In The Life Of 3 Tgirls\,{DT16~Excl~ME0PLDY9~20180803 - Bella Atrix Hanna Rios & Janaina Carvalho - A Day In The Life Of 3 Tg}
img_1872.jpg,606490,e1d1b212,\Exclusive\20180803 - Bella Atrix Hanna Rios & Janaina Carvalho - A Day In The Life Of 3 Tgirls\,{DT16~Excl~ME0PLDY9~20180803 - Bella Atrix Hanna Rios & Janaina Carvalho - A Day In The Life Of 3 Tg}
img_1873.jpg,638596,f8088b4d,\Exclusive\20180803 - Bella Atrix Hanna Rios & Janaina Carvalho - A Day In The Life Of 3 Tgirls\,{DT16~Excl~ME0PLDY9~20180803 - Bella Atrix Hanna Rios & Janaina Carvalho - A Day In The Life Of 3 Tg}
img_1874.jpg,527433,2c58bd37,\Exclusive\20180803 - Bella Atrix Hanna Rios & Janaina Carvalho - A Day In The Life Of 3 Tgirls\,{DT16~Excl~ME0PLDY9~20180803 - Bella Atrix Hanna Rios & Janaina Carvalho - A Day In The Life Of 3 Tg}
img_1875.jpg,568705,681978f1,\Exclusive\20180803 - Bella Atrix Hanna Rios & Janaina Carvalho - A Day In The Life Of 3 Tgirls\,{DT16~Excl~ME0PLDY9~20180803 - Bella Atrix Hanna Rios & Janaina Carvalho - A Day In The Life Of 3 Tg}
img_1876.jpg,536933,8142f960,\Exclusive\20180803 - Bella Atrix Hanna Rios & Janaina Carvalho - A Day In The Life Of 3 Tgirls\,{DT16~Excl~ME0PLDY9~20180803 - Bella Atrix Hanna Rios & Janaina Carvalho - A Day In The Life Of 3 Tg}
img_1877.jpg,522094,afea445d,\Exclusive\20180803 - Bella Atrix Hanna Rios & Janaina Carvalho - A Day In The Life Of 3 Tgirls\,{DT16~Excl~ME0PLDY9~20180803 - Bella Atrix Hanna Rios & Janaina Carvalho - A Day In The Life Of 3 Tg}
img_1878.jpg,537973,7ccd1e47,\Exclusive\20180803 - Bella Atrix Hanna Rios & Janaina Carvalho - A Day In The Life Of 3 Tgirls\,{DT16~Excl~ME0PLDY9~20180803 - Bella Atrix Hanna Rios & Janaina Carvalho - A Day In The Life Of 3 Tg}
img_1879.jpg,530055,e2a492f9,\Exclusive\20180803 - Bella Atrix Hanna Rios & Janaina Carvalho - A Day In The Life Of 3 Tgirls\,{DT16~Excl~ME0PLDY9~20180803 - Bella Atrix Hanna Rios & Janaina Carvalho - A Day In The Life Of 3 Tg}
img_1880.jpg,593116,1e2dc0f9,\Exclusive\20180803 - Bella Atrix Hanna Rios & Janaina Carvalho - A Day In The Life Of 3 Tgirls\,{DT16~Excl~ME0PLDY9~20180803 - Bella Atrix Hanna Rios & Janaina Carvalho - A Day In The Life Of 3 Tg}
img_1881.jpg,502647,ac375c76,\Exclusive\20180803 - Bella Atrix Hanna Rios & Janaina Carvalho - A Day In The Life Of 3 Tgirls\,{DT16~Excl~ME0PLDY9~20180803 - Bella Atrix Hanna Rios & Janaina Carvalho - A Day In The Life Of 3 Tg}
img_1882.jpg,662285,f03b05a8,\Exclusive\20180803 - Bella Atrix Hanna Rios & Janaina Carvalho - A Day In The Life Of 3 Tgirls\,{DT16~Excl~ME0PLDY9~20180803 - Bella Atrix Hanna Rios & Janaina Carvalho - A Day In The Life Of 3 Tg}
img_1883.jpg,524194,72a52021,\Exclusive\20180803 - Bella Atrix Hanna Rios & Janaina Carvalho - A Day In The Life Of 3 Tgirls\,{DT16~Excl~ME0PLDY9~20180803 - Bella Atrix Hanna Rios & Janaina Carvalho - A Day In The Life Of 3 Tg}
img_1884.jpg,574931,f1107bea,\Exclusive\20180803 - Bella Atrix Hanna Rios & Janaina Carvalho - A Day In The Life Of 3 Tgirls\,{DT16~Excl~ME0PLDY9~20180803 - Bella Atrix Hanna Rios & Janaina Carvalho - A Day In The Life Of 3 Tg}
img_1885.jpg,494213,89b76de3,\Exclusive\20180803 - Bella Atrix Hanna Rios & Janaina Carvalho - A Day In The Life Of 3 Tgirls\,{DT16~Excl~ME0PLDY9~20180803 - Bella Atrix Hanna Rios & Janaina Carvalho - A Day In The Life Of 3 Tg}
img_1886.jpg,568538,68c1bd12,\Exclusive\20180803 - Bella Atrix Hanna Rios & Janaina Carvalho - A Day In The Life Of 3 Tgirls\,{DT16~Excl~ME0PLDY9~20180803 - Bella Atrix Hanna Rios & Janaina Carvalho - A Day In The Life Of 3 Tg}
img_1887.jpg,526095,98cb2010,\Exclusive\20180803 - Bella Atrix Hanna Rios & Janaina Carvalho - A Day In The Life Of 3 Tgirls\,{DT16~Excl~ME0PLDY9~20180803 - Bella Atrix Hanna Rios & Janaina Carvalho - A Day In The Life Of 3 Tg}
img_1888.jpg,548659,12479cb7,\Exclusive\20180803 - Bella Atrix Hanna Rios & Janaina Carvalho - A Day In The Life Of 3 Tgirls\,{DT16~Excl~ME0PLDY9~20180803 - Bella Atrix Hanna Rios & Janaina Carvalho - A Day In The Life Of 3 Tg}
img_1889.jpg,613768,2c8ac4c2,\Exclusive\20180803 - Bella Atrix Hanna Rios & Janaina Carvalho - A Day In The Life Of 3 Tgirls\,{DT16~Excl~ME0PLDY9~20180803 - Bella Atrix Hanna Rios & Janaina Carvalho - A Day In The Life Of 3 Tg}
img_1890.jpg,673565,79917446,\Exclusive\20180803 - Bella Atrix Hanna Rios & Janaina Carvalho - A Day In The Life Of 3 Tgirls\,{DT16~Excl~ME0PLDY9~20180803 - Bella Atrix Hanna Rios & Janaina Carvalho - A Day In The Life Of 3 Tg}
img_1891.jpg,745595,bcd3d5a1,\Exclusive\20180803 - Bella Atrix Hanna Rios & Janaina Carvalho - A Day In The Life Of 3 Tgirls\,{DT16~Excl~ME0PLDY9~20180803 - Bella Atrix Hanna Rios & Janaina Carvalho - A Day In The Life Of 3 Tg}
img_1892.jpg,607956,a479888b,\Exclusive\20180803 - Bella Atrix Hanna Rios & Janaina Carvalho - A Day In The Life Of 3 Tgirls\,{DT16~Excl~ME0PLDY9~20180803 - Bella Atrix Hanna Rios & Janaina Carvalho - A Day In The Life Of 3 Tg}
img_1893.jpg,480110,da563f66,\Exclusive\20180803 - Bella Atrix Hanna Rios & Janaina Carvalho - A Day In The Life Of 3 Tgirls\,{DT16~Excl~ME0PLDY9~20180803 - Bella Atrix Hanna Rios & Janaina Carvalho - A Day In The Life Of 3 Tg}
img_1894.jpg,504889,de7a0d35,\Exclusive\20180803 - Bella Atrix Hanna Rios & Janaina Carvalho - A Day In The Life Of 3 Tgirls\,{DT16~Excl~ME0PLDY9~20180803 - Bella Atrix Hanna Rios & Janaina Carvalho - A Day In The Life Of 3 Tg}
img_1895.jpg,649524,fcb135e3,\Exclusive\20180803 - Bella Atrix Hanna Rios & Janaina Carvalho - A Day In The Life Of 3 Tgirls\,{DT16~Excl~ME0PLDY9~20180803 - Bella Atrix Hanna Rios & Janaina Carvalho - A Day In The Life Of 3 Tg}
img_1896.jpg,616507,3dd246a0,\Exclusive\20180803 - Bella Atrix Hanna Rios & Janaina Carvalho - A Day In The Life Of 3 Tgirls\,{DT16~Excl~ME0PLDY9~20180803 - Bella Atrix Hanna Rios & Janaina Carvalho - A Day In The Life Of 3 Tg}
img_1897.jpg,611020,b7eb57ce,\Exclusive\20180803 - Bella Atrix Hanna Rios & Janaina Carvalho - A Day In The Life Of 3 Tgirls\,{DT16~Excl~ME0PLDY9~20180803 - Bella Atrix Hanna Rios & Janaina Carvalho - A Day In The Life Of 3 Tg}
img_1898.jpg,627035,d4da8a12,\Exclusive\20180803 - Bella Atrix Hanna Rios & Janaina Carvalho - A Day In The Life Of 3 Tgirls\,{DT16~Excl~ME0PLDY9~20180803 - Bella Atrix Hanna Rios & Janaina Carvalho - A Day In The Life Of 3 Tg}
img_1899.jpg,526168,b2e40f7f,\Exclusive\20180803 - Bella Atrix Hanna Rios & Janaina Carvalho - A Day In The Life Of 3 Tgirls\,{DT16~Excl~ME0PLDY9~20180803 - Bella Atrix Hanna Rios & Janaina Carvalho - A Day In The Life Of 3 Tg}
img_1900.jpg,616586,e58be16f,\Exclusive\20180803 - Bella Atrix Hanna Rios & Janaina Carvalho - A Day In The Life Of 3 Tgirls\,{DT16~Excl~ME0PLDY9~20180803 - Bella Atrix Hanna Rios & Janaina Carvalho - A Day In The Life Of 3 Tg}
img_1901.jpg,613643,2cbf6afe,\Exclusive\20180803 - Bella Atrix Hanna Rios & Janaina Carvalho - A Day In The Life Of 3 Tgirls\,{DT16~Excl~ME0PLDY9~20180803 - Bella Atrix Hanna Rios & Janaina Carvalho - A Day In The Life Of 3 Tg}
img_1902.jpg,496600,c34eaaff,\Exclusive\20180803 - Bella Atrix Hanna Rios & Janaina Carvalho - A Day In The Life Of 3 Tgirls\,{DT16~Excl~ME0PLDY9~20180803 - Bella Atrix Hanna Rios & Janaina Carvalho - A Day In The Life Of 3 Tg}
img_1904.jpg,600434,0d964a71,\Exclusive\20180803 - Bella Atrix Hanna Rios & Janaina Carvalho - A Day In The Life Of 3 Tgirls\,{DT16~Excl~ME0PLDY9~20180803 - Bella Atrix Hanna Rios & Janaina Carvalho - A Day In The Life Of 3 Tg}
img_1905.jpg,569089,d41d871f,\Exclusive\20180803 - Bella Atrix Hanna Rios & Janaina Carvalho - A Day In The Life Of 3 Tgirls\,{DT16~Excl~ME0PLDY9~20180803 - Bella Atrix Hanna Rios & Janaina Carvalho - A Day In The Life Of 3 Tg}
img_1906.jpg,564444,2735519c,\Exclusive\20180803 - Bella Atrix Hanna Rios & Janaina Carvalho - A Day In The Life Of 3 Tgirls\,{DT16~Excl~ME0PLDY9~20180803 - Bella Atrix Hanna Rios & Janaina Carvalho - A Day In The Life Of 3 Tg}
img_1907.jpg,518321,b3ec8882,\Exclusive\20180803 - Bella Atrix Hanna Rios & Janaina Carvalho - A Day In The Life Of 3 Tgirls\,{DT16~Excl~ME0PLDY9~20180803 - Bella Atrix Hanna Rios & Janaina Carvalho - A Day In The Life Of 3 Tg}
img_1908.jpg,506389,3fa576b2,\Exclusive\20180803 - Bella Atrix Hanna Rios & Janaina Carvalho - A Day In The Life Of 3 Tgirls\,{DT16~Excl~ME0PLDY9~20180803 - Bella Atrix Hanna Rios & Janaina Carvalho - A Day In The Life Of 3 Tg}
img_1909.jpg,699769,89586dee,\Exclusive\20180803 - Bella Atrix Hanna Rios & Janaina Carvalho - A Day In The Life Of 3 Tgirls\,{DT16~Excl~ME0PLDY9~20180803 - Bella Atrix Hanna Rios & Janaina Carvalho - A Day In The Life Of 3 Tg}
img_1910.jpg,624727,edecdc1e,\Exclusive\20180803 - Bella Atrix Hanna Rios & Janaina Carvalho - A Day In The Life Of 3 Tgirls\,{DT16~Excl~ME0PLDY9~20180803 - Bella Atrix Hanna Rios & Janaina Carvalho - A Day In The Life Of 3 Tg}
img_1911.jpg,632811,ce8d5e97,\Exclusive\20180803 - Bella Atrix Hanna Rios & Janaina Carvalho - A Day In The Life Of 3 Tgirls\,{DT16~Excl~ME0PLDY9~20180803 - Bella Atrix Hanna Rios & Janaina Carvalho - A Day In The Life Of 3 Tg}
img_1912.jpg,614220,b62d64c5,\Exclusive\20180803 - Bella Atrix Hanna Rios & Janaina Carvalho - A Day In The Life Of 3 Tgirls\,{DT16~Excl~ME0PLDY9~20180803 - Bella Atrix Hanna Rios & Janaina Carvalho - A Day In The Life Of 3 Tg}
img_1913.jpg,579962,24a4d847,\Exclusive\20180803 - Bella Atrix Hanna Rios & Janaina Carvalho - A Day In The Life Of 3 Tgirls\,{DT16~Excl~ME0PLDY9~20180803 - Bella Atrix Hanna Rios & Janaina Carvalho - A Day In The Life Of 3 Tg}
img_1914.jpg,548006,5daee1ff,\Exclusive\20180803 - Bella Atrix Hanna Rios & Janaina Carvalho - A Day In The Life Of 3 Tgirls\,{DT16~Excl~ME0PLDY9~20180803 - Bella Atrix Hanna Rios & Janaina Carvalho - A Day In The Life Of 3 Tg}
img_1915.jpg,541447,08303bf1,\Exclusive\20180803 - Bella Atrix Hanna Rios & Janaina Carvalho - A Day In The Life Of 3 Tgirls\,{DT16~Excl~ME0PLDY9~20180803 - Bella Atrix Hanna Rios & Janaina Carvalho - A Day In The Life Of 3 Tg}
img_1916.jpg,480938,0a831d41,\Exclusive\20180803 - Bella Atrix Hanna Rios & Janaina Carvalho - A Day In The Life Of 3 Tgirls\,{DT16~Excl~ME0PLDY9~20180803 - Bella Atrix Hanna Rios & Janaina Carvalho - A Day In The Life Of 3 Tg}
img_1917.jpg,528177,cdda57e8,\Exclusive\20180803 - Bella Atrix Hanna Rios & Janaina Carvalho - A Day In The Life Of 3 Tgirls\,{DT16~Excl~ME0PLDY9~20180803 - Bella Atrix Hanna Rios & Janaina Carvalho - A Day In The Life Of 3 Tg}
img_1918.jpg,586421,0a800c66,\Exclusive\20180803 - Bella Atrix Hanna Rios & Janaina Carvalho - A Day In The Life Of 3 Tgirls\,{DT16~Excl~ME0PLDY9~20180803 - Bella Atrix Hanna Rios & Janaina Carvalho - A Day In The Life Of 3 Tg}
img_1919.jpg,580228,68fb705f,\Exclusive\20180803 - Bella Atrix Hanna Rios & Janaina Carvalho - A Day In The Life Of 3 Tgirls\,{DT16~Excl~ME0PLDY9~20180803 - Bella Atrix Hanna Rios & Janaina Carvalho - A Day In The Life Of 3 Tg}
img_1920.jpg,575234,79929fd2,\Exclusive\20180803 - Bella Atrix Hanna Rios & Janaina Carvalho - A Day In The Life Of 3 Tgirls\,{DT16~Excl~ME0PLDY9~20180803 - Bella Atrix Hanna Rios & Janaina Carvalho - A Day In The Life Of 3 Tg}
img_1921.jpg,587642,6000e952,\Exclusive\20180803 - Bella Atrix Hanna Rios & Janaina Carvalho - A Day In The Life Of 3 Tgirls\,{DT16~Excl~ME0PLDY9~20180803 - Bella Atrix Hanna Rios & Janaina Carvalho - A Day In The Life Of 3 Tg}
img_1922.jpg,593143,f18306ab,\Exclusive\20180803 - Bella Atrix Hanna Rios & Janaina Carvalho - A Day In The Life Of 3 Tgirls\,{DT16~Excl~ME0PLDY9~20180803 - Bella Atrix Hanna Rios & Janaina Carvalho - A Day In The Life Of 3 Tg}
img_1923.jpg,584198,9a8e246a,\Exclusive\20180803 - Bella Atrix Hanna Rios & Janaina Carvalho - A Day In The Life Of 3 Tgirls\,{DT16~Excl~ME0PLDY9~20180803 - Bella Atrix Hanna Rios & Janaina Carvalho - A Day In The Life Of 3 Tg}
img_1924.jpg,560329,c27da242,\Exclusive\20180803 - Bella Atrix Hanna Rios & Janaina Carvalho - A Day In The Life Of 3 Tgirls\,{DT16~Excl~ME0PLDY9~20180803 - Bella Atrix Hanna Rios & Janaina Carvalho - A Day In The Life Of 3 Tg}
img_1925.jpg,568096,ceb5e29b,\Exclusive\20180803 - Bella Atrix Hanna Rios & Janaina Carvalho - A Day In The Life Of 3 Tgirls\,{DT16~Excl~ME0PLDY9~20180803 - Bella Atrix Hanna Rios & Janaina Carvalho - A Day In The Life Of 3 Tg}
img_1926.jpg,587533,459d3fc5,\Exclusive\20180803 - Bella Atrix Hanna Rios & Janaina Carvalho - A Day In The Life Of 3 Tgirls\,{DT16~Excl~ME0PLDY9~20180803 - Bella Atrix Hanna Rios & Janaina Carvalho - A Day In The Life Of 3 Tg}
img_1927.jpg,610246,94f3e77c,\Exclusive\20180803 - Bella Atrix Hanna Rios & Janaina Carvalho - A Day In The Life Of 3 Tgirls\,{DT16~Excl~ME0PLDY9~20180803 - Bella Atrix Hanna Rios & Janaina Carvalho - A Day In The Life Of 3 Tg}
img_1928.jpg,589098,fc055aed,\Exclusive\20180803 - Bella Atrix Hanna Rios & Janaina Carvalho - A Day In The Life Of 3 Tgirls\,{DT16~Excl~ME0PLDY9~20180803 - Bella Atrix Hanna Rios & Janaina Carvalho - A Day In The Life Of 3 Tg}
img_1929.jpg,552346,4b850575,\Exclusive\20180803 - Bella Atrix Hanna Rios & Janaina Carvalho - A Day In The Life Of 3 Tgirls\,{DT16~Excl~ME0PLDY9~20180803 - Bella Atrix Hanna Rios & Janaina Carvalho - A Day In The Life Of 3 Tg}
img_1930.jpg,630142,ae35c6dc,\Exclusive\20180803 - Bella Atrix Hanna Rios & Janaina Carvalho - A Day In The Life Of 3 Tgirls\,{DT16~Excl~ME0PLDY9~20180803 - Bella Atrix Hanna Rios & Janaina Carvalho - A Day In The Life Of 3 Tg}
img_1931.jpg,615984,b4a67b9e,\Exclusive\20180803 - Bella Atrix Hanna Rios & Janaina Carvalho - A Day In The Life Of 3 Tgirls\,{DT16~Excl~ME0PLDY9~20180803 - Bella Atrix Hanna Rios & Janaina Carvalho - A Day In The Life Of 3 Tg}
img_1932.jpg,592152,3f173349,\Exclusive\20180803 - Bella Atrix Hanna Rios & Janaina Carvalho - A Day In The Life Of 3 Tgirls\,{DT16~Excl~ME0PLDY9~20180803 - Bella Atrix Hanna Rios & Janaina Carvalho - A Day In The Life Of 3 Tg}
img_1933.jpg,622725,b76dda44,\Exclusive\20180803 - Bella Atrix Hanna Rios & Janaina Carvalho - A Day In The Life Of 3 Tgirls\,{DT16~Excl~ME0PLDY9~20180803 - Bella Atrix Hanna Rios & Janaina Carvalho - A Day In The Life Of 3 Tg}
img_1934.jpg,628975,84e4c2b8,\Exclusive\20180803 - Bella Atrix Hanna Rios & Janaina Carvalho - A Day In The Life Of 3 Tgirls\,{DT16~Excl~ME0PLDY9~20180803 - Bella Atrix Hanna Rios & Janaina Carvalho - A Day In The Life Of 3 Tg}
img_1935.jpg,615405,c39edf8a,\Exclusive\20180803 - Bella Atrix Hanna Rios & Janaina Carvalho - A Day In The Life Of 3 Tgirls\,{DT16~Excl~ME0PLDY9~20180803 - Bella Atrix Hanna Rios & Janaina Carvalho - A Day In The Life Of 3 Tg}
img_1936.jpg,586256,beba44cc,\Exclusive\20180803 - Bella Atrix Hanna Rios & Janaina Carvalho - A Day In The Life Of 3 Tgirls\,{DT16~Excl~ME0PLDY9~20180803 - Bella Atrix Hanna Rios & Janaina Carvalho - A Day In The Life Of 3 Tg}
img_1937.jpg,599757,3cac1d01,\Exclusive\20180803 - Bella Atrix Hanna Rios & Janaina Carvalho - A Day In The Life Of 3 Tgirls\,{DT16~Excl~ME0PLDY9~20180803 - Bella Atrix Hanna Rios & Janaina Carvalho - A Day In The Life Of 3 Tg}
img_1941.jpg,583712,9e45152b,\Exclusive\20180803 - Bella Atrix Hanna Rios & Janaina Carvalho - A Day In The Life Of 3 Tgirls\,{DT16~Excl~ME0PLDY9~20180803 - Bella Atrix Hanna Rios & Janaina Carvalho - A Day In The Life Of 3 Tg}
img_1942.jpg,584571,b6598270,\Exclusive\20180803 - Bella Atrix Hanna Rios & Janaina Carvalho - A Day In The Life Of 3 Tgirls\,{DT16~Excl~ME0PLDY9~20180803 - Bella Atrix Hanna Rios & Janaina Carvalho - A Day In The Life Of 3 Tg}
img_1943.jpg,583077,3b0d3908,\Exclusive\20180803 - Bella Atrix Hanna Rios & Janaina Carvalho - A Day In The Life Of 3 Tgirls\,{DT16~Excl~ME0PLDY9~20180803 - Bella Atrix Hanna Rios & Janaina Carvalho - A Day In The Life Of 3 Tg}
img_1944.jpg,578308,16db8e4f,\Exclusive\20180803 - Bella Atrix Hanna Rios & Janaina Carvalho - A Day In The Life Of 3 Tgirls\,{DT16~Excl~ME0PLDY9~20180803 - Bella Atrix Hanna Rios & Janaina Carvalho - A Day In The Life Of 3 Tg}
img_1945.jpg,605313,93ae311a,\Exclusive\20180803 - Bella Atrix Hanna Rios & Janaina Carvalho - A Day In The Life Of 3 Tgirls\,{DT16~Excl~ME0PLDY9~20180803 - Bella Atrix Hanna Rios & Janaina Carvalho - A Day In The Life Of 3 Tg}
img_1946.jpg,604157,a63fc190,\Exclusive\20180803 - Bella Atrix Hanna Rios & Janaina Carvalho - A Day In The Life Of 3 Tgirls\,{DT16~Excl~ME0PLDY9~20180803 - Bella Atrix Hanna Rios & Janaina Carvalho - A Day In The Life Of 3 Tg}
img_1947.jpg,558202,39fe4925,\Exclusive\20180803 - Bella Atrix Hanna Rios & Janaina Carvalho - A Day In The Life Of 3 Tgirls\,{DT16~Excl~ME0PLDY9~20180803 - Bella Atrix Hanna Rios & Janaina Carvalho - A Day In The Life Of 3 Tg}
img_1948.jpg,558296,f0fd5a86,\Exclusive\20180803 - Bella Atrix Hanna Rios & Janaina Carvalho - A Day In The Life Of 3 Tgirls\,{DT16~Excl~ME0PLDY9~20180803 - Bella Atrix Hanna Rios & Janaina Carvalho - A Day In The Life Of 3 Tg}
img_1949.jpg,503595,34e1e0cd,\Exclusive\20180803 - Bella Atrix Hanna Rios & Janaina Carvalho - A Day In The Life Of 3 Tgirls\,{DT16~Excl~ME0PLDY9~20180803 - Bella Atrix Hanna Rios & Janaina Carvalho - A Day In The Life Of 3 Tg}
img_1950.jpg,573528,1744e65a,\Exclusive\20180803 - Bella Atrix Hanna Rios & Janaina Carvalho - A Day In The Life Of 3 Tgirls\,{DT16~Excl~ME0PLDY9~20180803 - Bella Atrix Hanna Rios & Janaina Carvalho - A Day In The Life Of 3 Tg}
img_1951.jpg,527754,2ac9452d,\Exclusive\20180803 - Bella Atrix Hanna Rios & Janaina Carvalho - A Day In The Life Of 3 Tgirls\,{DT16~Excl~ME0PLDY9~20180803 - Bella Atrix Hanna Rios & Janaina Carvalho - A Day In The Life Of 3 Tg}
img_1952.jpg,530998,344a935c,\Exclusive\20180803 - Bella Atrix Hanna Rios & Janaina Carvalho - A Day In The Life Of 3 Tgirls\,{DT16~Excl~ME0PLDY9~20180803 - Bella Atrix Hanna Rios & Janaina Carvalho - A Day In The Life Of 3 Tg}
img_1953.jpg,482718,bd84fba2,\Exclusive\20180803 - Bella Atrix Hanna Rios & Janaina Carvalho - A Day In The Life Of 3 Tgirls\,{DT16~Excl~ME0PLDY9~20180803 - Bella Atrix Hanna Rios & Janaina Carvalho - A Day In The Life Of 3 Tg}
img_1954.jpg,506230,ae712916,\Exclusive\20180803 - Bella Atrix Hanna Rios & Janaina Carvalho - A Day In The Life Of 3 Tgirls\,{DT16~Excl~ME0PLDY9~20180803 - Bella Atrix Hanna Rios & Janaina Carvalho - A Day In The Life Of 3 Tg}
img_1955.jpg,566723,b321337f,\Exclusive\20180803 - Bella Atrix Hanna Rios & Janaina Carvalho - A Day In The Life Of 3 Tgirls\,{DT16~Excl~ME0PLDY9~20180803 - Bella Atrix Hanna Rios & Janaina Carvalho - A Day In The Life Of 3 Tg}
img_1956.jpg,544447,e62d9a50,\Exclusive\20180803 - Bella Atrix Hanna Rios & Janaina Carvalho - A Day In The Life Of 3 Tgirls\,{DT16~Excl~ME0PLDY9~20180803 - Bella Atrix Hanna Rios & Janaina Carvalho - A Day In The Life Of 3 Tg}
img_1957.jpg,543214,87852608,\Exclusive\20180803 - Bella Atrix Hanna Rios & Janaina Carvalho - A Day In The Life Of 3 Tgirls\,{DT16~Excl~ME0PLDY9~20180803 - Bella Atrix Hanna Rios & Janaina Carvalho - A Day In The Life Of 3 Tg}
img_1958.jpg,736666,f54e736c,\Exclusive\20180803 - Bella Atrix Hanna Rios & Janaina Carvalho - A Day In The Life Of 3 Tgirls\,{DT16~Excl~ME0PLDY9~20180803 - Bella Atrix Hanna Rios & Janaina Carvalho - A Day In The Life Of 3 Tg}
img_1959.jpg,745584,5850d40b,\Exclusive\20180803 - Bella Atrix Hanna Rios & Janaina Carvalho - A Day In The Life Of 3 Tgirls\,{DT16~Excl~ME0PLDY9~20180803 - Bella Atrix Hanna Rios & Janaina Carvalho - A Day In The Life Of 3 Tg}
img_1960.jpg,728213,7685e6e5,\Exclusive\20180803 - Bella Atrix Hanna Rios & Janaina Carvalho - A Day In The Life Of 3 Tgirls\,{DT16~Excl~ME0PLDY9~20180803 - Bella Atrix Hanna Rios & Janaina Carvalho - A Day In The Life Of 3 Tg}
img_1961.jpg,704470,fba7b9bc,\Exclusive\20180803 - Bella Atrix Hanna Rios & Janaina Carvalho - A Day In The Life Of 3 Tgirls\,{DT16~Excl~ME0PLDY9~20180803 - Bella Atrix Hanna Rios & Janaina Carvalho - A Day In The Life Of 3 Tg}
img_1962.jpg,749462,56e07a1c,\Exclusive\20180803 - Bella Atrix Hanna Rios & Janaina Carvalho - A Day In The Life Of 3 Tgirls\,{DT16~Excl~ME0PLDY9~20180803 - Bella Atrix Hanna Rios & Janaina Carvalho - A Day In The Life Of 3 Tg}
img_1963.jpg,799807,1badf2b1,\Exclusive\20180803 - Bella Atrix Hanna Rios & Janaina Carvalho - A Day In The Life Of 3 Tgirls\,{DT16~Excl~ME0PLDY9~20180803 - Bella Atrix Hanna Rios & Janaina Carvalho - A Day In The Life Of 3 Tg}
img_1964.jpg,762661,b9e5d836,\Exclusive\20180803 - Bella Atrix Hanna Rios & Janaina Carvalho - A Day In The Life Of 3 Tgirls\,{DT16~Excl~ME0PLDY9~20180803 - Bella Atrix Hanna Rios & Janaina Carvalho - A Day In The Life Of 3 Tg}
img_1965.jpg,760687,cc78794c,\Exclusive\20180803 - Bella Atrix Hanna Rios & Janaina Carvalho - A Day In The Life Of 3 Tgirls\,{DT16~Excl~ME0PLDY9~20180803 - Bella Atrix Hanna Rios & Janaina Carvalho - A Day In The Life Of 3 Tg}
img_1966.jpg,736182,17f836d3,\Exclusive\20180803 - Bella Atrix Hanna Rios & Janaina Carvalho - A Day In The Life Of 3 Tgirls\,{DT16~Excl~ME0PLDY9~20180803 - Bella Atrix Hanna Rios & Janaina Carvalho - A Day In The Life Of 3 Tg}
img_1967.jpg,644438,1c33676d,\Exclusive\20180803 - Bella Atrix Hanna Rios & Janaina Carvalho - A Day In The Life Of 3 Tgirls\,{DT16~Excl~ME0PLDY9~20180803 - Bella Atrix Hanna Rios & Janaina Carvalho - A Day In The Life Of 3 Tg}
img_1968.jpg,722494,1f5e0755,\Exclusive\20180803 - Bella Atrix Hanna Rios & Janaina Carvalho - A Day In The Life Of 3 Tgirls\,{DT16~Excl~ME0PLDY9~20180803 - Bella Atrix Hanna Rios & Janaina Carvalho - A Day In The Life Of 3 Tg}
img_1969.jpg,641444,9f7b509e,\Exclusive\20180803 - Bella Atrix Hanna Rios & Janaina Carvalho - A Day In The Life Of 3 Tgirls\,{DT16~Excl~ME0PLDY9~20180803 - Bella Atrix Hanna Rios & Janaina Carvalho - A Day In The Life Of 3 Tg}
img_1970.jpg,736709,5320f6f4,\Exclusive\20180803 - Bella Atrix Hanna Rios & Janaina Carvalho - A Day In The Life Of 3 Tgirls\,{DT16~Excl~ME0PLDY9~20180803 - Bella Atrix Hanna Rios & Janaina Carvalho - A Day In The Life Of 3 Tg}
img_1971.jpg,745268,013688e5,\Exclusive\20180803 - Bella Atrix Hanna Rios & Janaina Carvalho - A Day In The Life Of 3 Tgirls\,{DT16~Excl~ME0PLDY9~20180803 - Bella Atrix Hanna Rios & Janaina Carvalho - A Day In The Life Of 3 Tg}
img_1972.jpg,754045,ae64e4b0,\Exclusive\20180803 - Bella Atrix Hanna Rios & Janaina Carvalho - A Day In The Life Of 3 Tgirls\,{DT16~Excl~ME0PLDY9~20180803 - Bella Atrix Hanna Rios & Janaina Carvalho - A Day In The Life Of 3 Tg}
img_1973.jpg,770341,9d32ea46,\Exclusive\20180803 - Bella Atrix Hanna Rios & Janaina Carvalho - A Day In The Life Of 3 Tgirls\,{DT16~Excl~ME0PLDY9~20180803 - Bella Atrix Hanna Rios & Janaina Carvalho - A Day In The Life Of 3 Tg}
img_1974.jpg,769219,533eb486,\Exclusive\20180803 - Bella Atrix Hanna Rios & Janaina Carvalho - A Day In The Life Of 3 Tgirls\,{DT16~Excl~ME0PLDY9~20180803 - Bella Atrix Hanna Rios & Janaina Carvalho - A Day In The Life Of 3 Tg}
img_1975.jpg,513420,a24ef13b,\Exclusive\20180803 - Bella Atrix Hanna Rios & Janaina Carvalho - A Day In The Life Of 3 Tgirls\,{DT16~Excl~ME0PLDY9~20180803 - Bella Atrix Hanna Rios & Janaina Carvalho - A Day In The Life Of 3 Tg}
img_1976.jpg,413190,042ad3b0,\Exclusive\20180803 - Bella Atrix Hanna Rios & Janaina Carvalho - A Day In The Life Of 3 Tgirls\,{DT16~Excl~ME0PLDY9~20180803 - Bella Atrix Hanna Rios & Janaina Carvalho - A Day In The Life Of 3 Tg}
img_1977.jpg,470614,19a93e4f,\Exclusive\20180803 - Bella Atrix Hanna Rios & Janaina Carvalho - A Day In The Life Of 3 Tgirls\,{DT16~Excl~ME0PLDY9~20180803 - Bella Atrix Hanna Rios & Janaina Carvalho - A Day In The Life Of 3 Tg}
img_1978.jpg,501128,20cc1942,\Exclusive\20180803 - Bella Atrix Hanna Rios & Janaina Carvalho - A Day In The Life Of 3 Tgirls\,{DT16~Excl~ME0PLDY9~20180803 - Bella Atrix Hanna Rios & Janaina Carvalho - A Day In The Life Of 3 Tg}
img_1979.jpg,495670,dd79cc2a,\Exclusive\20180803 - Bella Atrix Hanna Rios & Janaina Carvalho - A Day In The Life Of 3 Tgirls\,{DT16~Excl~ME0PLDY9~20180803 - Bella Atrix Hanna Rios & Janaina Carvalho - A Day In The Life Of 3 Tg}
img_1980.jpg,408309,c589fcd3,\Exclusive\20180803 - Bella Atrix Hanna Rios & Janaina Carvalho - A Day In The Life Of 3 Tgirls\,{DT16~Excl~ME0PLDY9~20180803 - Bella Atrix Hanna Rios & Janaina Carvalho - A Day In The Life Of 3 Tg}
img_1982.jpg,608885,b6b4306b,\Exclusive\20180803 - Bella Atrix Hanna Rios & Janaina Carvalho - A Day In The Life Of 3 Tgirls\,{DT16~Excl~ME0PLDY9~20180803 - Bella Atrix Hanna Rios & Janaina Carvalho - A Day In The Life Of 3 Tg}
img_1983.jpg,604130,b503dc39,\Exclusive\20180803 - Bella Atrix Hanna Rios & Janaina Carvalho - A Day In The Life Of 3 Tgirls\,{DT16~Excl~ME0PLDY9~20180803 - Bella Atrix Hanna Rios & Janaina Carvalho - A Day In The Life Of 3 Tg}
img_1984.jpg,455294,21b7386b,\Exclusive\20180803 - Bella Atrix Hanna Rios & Janaina Carvalho - A Day In The Life Of 3 Tgirls\,{DT16~Excl~ME0PLDY9~20180803 - Bella Atrix Hanna Rios & Janaina Carvalho - A Day In The Life Of 3 Tg}
img_1985.jpg,445533,3663e2a2,\Exclusive\20180803 - Bella Atrix Hanna Rios & Janaina Carvalho - A Day In The Life Of 3 Tgirls\,{DT16~Excl~ME0PLDY9~20180803 - Bella Atrix Hanna Rios & Janaina Carvalho - A Day In The Life Of 3 Tg}
img_1986.jpg,519097,2230ec2a,\Exclusive\20180803 - Bella Atrix Hanna Rios & Janaina Carvalho - A Day In The Life Of 3 Tgirls\,{DT16~Excl~ME0PLDY9~20180803 - Bella Atrix Hanna Rios & Janaina Carvalho - A Day In The Life Of 3 Tg}
img_1987.jpg,536348,30a96dd9,\Exclusive\20180803 - Bella Atrix Hanna Rios & Janaina Carvalho - A Day In The Life Of 3 Tgirls\,{DT16~Excl~ME0PLDY9~20180803 - Bella Atrix Hanna Rios & Janaina Carvalho - A Day In The Life Of 3 Tg}
img_1988.jpg,526661,67421bbe,\Exclusive\20180803 - Bella Atrix Hanna Rios & Janaina Carvalho - A Day In The Life Of 3 Tgirls\,{DT16~Excl~ME0PLDY9~20180803 - Bella Atrix Hanna Rios & Janaina Carvalho - A Day In The Life Of 3 Tg}
img_1989.jpg,462870,0778cc3c,\Exclusive\20180803 - Bella Atrix Hanna Rios & Janaina Carvalho - A Day In The Life Of 3 Tgirls\,{DT16~Excl~ME0PLDY9~20180803 - Bella Atrix Hanna Rios & Janaina Carvalho - A Day In The Life Of 3 Tg}
img_1990.jpg,402468,23193c60,\Exclusive\20180803 - Bella Atrix Hanna Rios & Janaina Carvalho - A Day In The Life Of 3 Tgirls\,{DT16~Excl~ME0PLDY9~20180803 - Bella Atrix Hanna Rios & Janaina Carvalho - A Day In The Life Of 3 Tg}
img_1991.jpg,461948,0d6df53d,\Exclusive\20180803 - Bella Atrix Hanna Rios & Janaina Carvalho - A Day In The Life Of 3 Tgirls\,{DT16~Excl~ME0PLDY9~20180803 - Bella Atrix Hanna Rios & Janaina Carvalho - A Day In The Life Of 3 Tg}
img_1992.jpg,461352,bc5c75a7,\Exclusive\20180803 - Bella Atrix Hanna Rios & Janaina Carvalho - A Day In The Life Of 3 Tgirls\,{DT16~Excl~ME0PLDY9~20180803 - Bella Atrix Hanna Rios & Janaina Carvalho - A Day In The Life Of 3 Tg}
img_1993.jpg,465919,cf204cd9,\Exclusive\20180803 - Bella Atrix Hanna Rios & Janaina Carvalho - A Day In The Life Of 3 Tgirls\,{DT16~Excl~ME0PLDY9~20180803 - Bella Atrix Hanna Rios & Janaina Carvalho - A Day In The Life Of 3 Tg}
img_1994.jpg,555900,abdac7c3,\Exclusive\20180803 - Bella Atrix Hanna Rios & Janaina Carvalho - A Day In The Life Of 3 Tgirls\,{DT16~Excl~ME0PLDY9~20180803 - Bella Atrix Hanna Rios & Janaina Carvalho - A Day In The Life Of 3 Tg}
img_1996.jpg,522886,9146e2ba,\Exclusive\20180803 - Bella Atrix Hanna Rios & Janaina Carvalho - A Day In The Life Of 3 Tgirls\,{DT16~Excl~ME0PLDY9~20180803 - Bella Atrix Hanna Rios & Janaina Carvalho - A Day In The Life Of 3 Tg}
img_1997.jpg,559798,f9323c92,\Exclusive\20180803 - Bella Atrix Hanna Rios & Janaina Carvalho - A Day In The Life Of 3 Tgirls\,{DT16~Excl~ME0PLDY9~20180803 - Bella Atrix Hanna Rios & Janaina Carvalho - A Day In The Life Of 3 Tg}
img_1998.jpg,483431,28c566ed,\Exclusive\20180803 - Bella Atrix Hanna Rios & Janaina Carvalho - A Day In The Life Of 3 Tgirls\,{DT16~Excl~ME0PLDY9~20180803 - Bella Atrix Hanna Rios & Janaina Carvalho - A Day In The Life Of 3 Tg}
img_1999.jpg,532100,01e41b9c,\Exclusive\20180803 - Bella Atrix Hanna Rios & Janaina Carvalho - A Day In The Life Of 3 Tgirls\,{DT16~Excl~ME0PLDY9~20180803 - Bella Atrix Hanna Rios & Janaina Carvalho - A Day In The Life Of 3 Tg}
img_2000.jpg,534269,42eb2e88,\Exclusive\20180803 - Bella Atrix Hanna Rios & Janaina Carvalho - A Day In The Life Of 3 Tgirls\,{DT16~Excl~ME0PLDY9~20180803 - Bella Atrix Hanna Rios & Janaina Carvalho - A Day In The Life Of 3 Tg}
img_2001.jpg,480501,4e684b61,\Exclusive\20180803 - Bella Atrix Hanna Rios & Janaina Carvalho - A Day In The Life Of 3 Tgirls\,{DT16~Excl~ME0PLDY9~20180803 - Bella Atrix Hanna Rios & Janaina Carvalho - A Day In The Life Of 3 Tg}
img_2002.jpg,522178,83f74dc1,\Exclusive\20180803 - Bella Atrix Hanna Rios & Janaina Carvalho - A Day In The Life Of 3 Tgirls\,{DT16~Excl~ME0PLDY9~20180803 - Bella Atrix Hanna Rios & Janaina Carvalho - A Day In The Life Of 3 Tg}
img_2004.jpg,463637,db15dbfd,\Exclusive\20180803 - Bella Atrix Hanna Rios & Janaina Carvalho - A Day In The Life Of 3 Tgirls\,{DT16~Excl~ME0PLDY9~20180803 - Bella Atrix Hanna Rios & Janaina Carvalho - A Day In The Life Of 3 Tg}
img_2005.jpg,513917,7cffb464,\Exclusive\20180803 - Bella Atrix Hanna Rios & Janaina Carvalho - A Day In The Life Of 3 Tgirls\,{DT16~Excl~ME0PLDY9~20180803 - Bella Atrix Hanna Rios & Janaina Carvalho - A Day In The Life Of 3 Tg}
img_2006.jpg,508898,cb31d95f,\Exclusive\20180803 - Bella Atrix Hanna Rios & Janaina Carvalho - A Day In The Life Of 3 Tgirls\,{DT16~Excl~ME0PLDY9~20180803 - Bella Atrix Hanna Rios & Janaina Carvalho - A Day In The Life Of 3 Tg}
img_2007.jpg,517755,4402d821,\Exclusive\20180803 - Bella Atrix Hanna Rios & Janaina Carvalho - A Day In The Life Of 3 Tgirls\,{DT16~Excl~ME0PLDY9~20180803 - Bella Atrix Hanna Rios & Janaina Carvalho - A Day In The Life Of 3 Tg}
img_2008.jpg,489506,02881b02,\Exclusive\20180803 - Bella Atrix Hanna Rios & Janaina Carvalho - A Day In The Life Of 3 Tgirls\,{DT16~Excl~ME0PLDY9~20180803 - Bella Atrix Hanna Rios & Janaina Carvalho - A Day In The Life Of 3 Tg}
img_2009.jpg,529149,4efc235a,\Exclusive\20180803 - Bella Atrix Hanna Rios & Janaina Carvalho - A Day In The Life Of 3 Tgirls\,{DT16~Excl~ME0PLDY9~20180803 - Bella Atrix Hanna Rios & Janaina Carvalho - A Day In The Life Of 3 Tg}
img_2010.jpg,501252,228862ed,\Exclusive\20180803 - Bella Atrix Hanna Rios & Janaina Carvalho - A Day In The Life Of 3 Tgirls\,{DT16~Excl~ME0PLDY9~20180803 - Bella Atrix Hanna Rios & Janaina Carvalho - A Day In The Life Of 3 Tg}
img_2011.jpg,538241,8acb617d,\Exclusive\20180803 - Bella Atrix Hanna Rios & Janaina Carvalho - A Day In The Life Of 3 Tgirls\,{DT16~Excl~ME0PLDY9~20180803 - Bella Atrix Hanna Rios & Janaina Carvalho - A Day In The Life Of 3 Tg}
img_2012.jpg,421929,7394715b,\Exclusive\20180803 - Bella Atrix Hanna Rios & Janaina Carvalho - A Day In The Life Of 3 Tgirls\,{DT16~Excl~ME0PLDY9~20180803 - Bella Atrix Hanna Rios & Janaina Carvalho - A Day In The Life Of 3 Tg}
img_2013.jpg,510338,92353876,\Exclusive\20180803 - Bella Atrix Hanna Rios & Janaina Carvalho - A Day In The Life Of 3 Tgirls\,{DT16~Excl~ME0PLDY9~20180803 - Bella Atrix Hanna Rios & Janaina Carvalho - A Day In The Life Of 3 Tg}
img_2014.jpg,489967,fc05e478,\Exclusive\20180803 - Bella Atrix Hanna Rios & Janaina Carvalho - A Day In The Life Of 3 Tgirls\,{DT16~Excl~ME0PLDY9~20180803 - Bella Atrix Hanna Rios & Janaina Carvalho - A Day In The Life Of 3 Tg}
img_2015.jpg,507038,e11d12a9,\Exclusive\20180803 - Bella Atrix Hanna Rios & Janaina Carvalho - A Day In The Life Of 3 Tgirls\,{DT16~Excl~ME0PLDY9~20180803 - Bella Atrix Hanna Rios & Janaina Carvalho - A Day In The Life Of 3 Tg}
img_2016.jpg,564212,e59614b8,\Exclusive\20180803 - Bella Atrix Hanna Rios & Janaina Carvalho - A Day In The Life Of 3 Tgirls\,{DT16~Excl~ME0PLDY9~20180803 - Bella Atrix Hanna Rios & Janaina Carvalho - A Day In The Life Of 3 Tg}
img_2017.jpg,581031,ada503c2,\Exclusive\20180803 - Bella Atrix Hanna Rios & Janaina Carvalho - A Day In The Life Of 3 Tgirls\,{DT16~Excl~ME0PLDY9~20180803 - Bella Atrix Hanna Rios & Janaina Carvalho - A Day In The Life Of 3 Tg}
img_2018.jpg,472043,746aa8b9,\Exclusive\20180803 - Bella Atrix Hanna Rios & Janaina Carvalho - A Day In The Life Of 3 Tgirls\,{DT16~Excl~ME0PLDY9~20180803 - Bella Atrix Hanna Rios & Janaina Carvalho - A Day In The Life Of 3 Tg}
img_2019.jpg,502726,7789be96,\Exclusive\20180803 - Bella Atrix Hanna Rios & Janaina Carvalho - A Day In The Life Of 3 Tgirls\,{DT16~Excl~ME0PLDY9~20180803 - Bella Atrix Hanna Rios & Janaina Carvalho - A Day In The Life Of 3 Tg}
img_2020.jpg,500772,98a71c2e,\Exclusive\20180803 - Bella Atrix Hanna Rios & Janaina Carvalho - A Day In The Life Of 3 Tgirls\,{DT16~Excl~ME0PLDY9~20180803 - Bella Atrix Hanna Rios & Janaina Carvalho - A Day In The Life Of 3 Tg}
img_2021.jpg,531823,3a832e1e,\Exclusive\20180803 - Bella Atrix Hanna Rios & Janaina Carvalho - A Day In The Life Of 3 Tgirls\,{DT16~Excl~ME0PLDY9~20180803 - Bella Atrix Hanna Rios & Janaina Carvalho - A Day In The Life Of 3 Tg}
img_2022.jpg,505120,51764a11,\Exclusive\20180803 - Bella Atrix Hanna Rios & Janaina Carvalho - A Day In The Life Of 3 Tgirls\,{DT16~Excl~ME0PLDY9~20180803 - Bella Atrix Hanna Rios & Janaina Carvalho - A Day In The Life Of 3 Tg}
img_2023.jpg,517488,69e5c963,\Exclusive\20180803 - Bella Atrix Hanna Rios & Janaina Carvalho - A Day In The Life Of 3 Tgirls\,{DT16~Excl~ME0PLDY9~20180803 - Bella Atrix Hanna Rios & Janaina Carvalho - A Day In The Life Of 3 Tg}
img_2024.jpg,559156,1c1eb9bc,\Exclusive\20180803 - Bella Atrix Hanna Rios & Janaina Carvalho - A Day In The Life Of 3 Tgirls\,{DT16~Excl~ME0PLDY9~20180803 - Bella Atrix Hanna Rios & Janaina Carvalho - A Day In The Life Of 3 Tg}
img_2025.jpg,534448,ce789ccb,\Exclusive\20180803 - Bella Atrix Hanna Rios & Janaina Carvalho - A Day In The Life Of 3 Tgirls\,{DT16~Excl~ME0PLDY9~20180803 - Bella Atrix Hanna Rios & Janaina Carvalho - A Day In The Life Of 3 Tg}
img_2026.jpg,537306,42f6f23b,\Exclusive\20180803 - Bella Atrix Hanna Rios & Janaina Carvalho - A Day In The Life Of 3 Tgirls\,{DT16~Excl~ME0PLDY9~20180803 - Bella Atrix Hanna Rios & Janaina Carvalho - A Day In The Life Of 3 Tg}
img_2028.jpg,544544,ee3979ef,\Exclusive\20180803 - Bella Atrix Hanna Rios & Janaina Carvalho - A Day In The Life Of 3 Tgirls\,{DT16~Excl~ME0PLDY9~20180803 - Bella Atrix Hanna Rios & Janaina Carvalho - A Day In The Life Of 3 Tg}
img_2029.jpg,531616,e9bc28f9,\Exclusive\20180803 - Bella Atrix Hanna Rios & Janaina Carvalho - A Day In The Life Of 3 Tgirls\,{DT16~Excl~ME0PLDY9~20180803 - Bella Atrix Hanna Rios & Janaina Carvalho - A Day In The Life Of 3 Tg}
img_2030.jpg,539653,edf33ec9,\Exclusive\20180803 - Bella Atrix Hanna Rios & Janaina Carvalho - A Day In The Life Of 3 Tgirls\,{DT16~Excl~ME0PLDY9~20180803 - Bella Atrix Hanna Rios & Janaina Carvalho - A Day In The Life Of 3 Tg}
img_2031.jpg,601167,9b19c58c,\Exclusive\20180803 - Bella Atrix Hanna Rios & Janaina Carvalho - A Day In The Life Of 3 Tgirls\,{DT16~Excl~ME0PLDY9~20180803 - Bella Atrix Hanna Rios & Janaina Carvalho - A Day In The Life Of 3 Tg}
img_2032.jpg,466177,bbd623c9,\Exclusive\20180803 - Bella Atrix Hanna Rios & Janaina Carvalho - A Day In The Life Of 3 Tgirls\,{DT16~Excl~ME0PLDY9~20180803 - Bella Atrix Hanna Rios & Janaina Carvalho - A Day In The Life Of 3 Tg}
img_2033.jpg,451886,bf224198,\Exclusive\20180803 - Bella Atrix Hanna Rios & Janaina Carvalho - A Day In The Life Of 3 Tgirls\,{DT16~Excl~ME0PLDY9~20180803 - Bella Atrix Hanna Rios & Janaina Carvalho - A Day In The Life Of 3 Tg}
img_2034.jpg,461509,ce7bf3e6,\Exclusive\20180803 - Bella Atrix Hanna Rios & Janaina Carvalho - A Day In The Life Of 3 Tgirls\,{DT16~Excl~ME0PLDY9~20180803 - Bella Atrix Hanna Rios & Janaina Carvalho - A Day In The Life Of 3 Tg}
img_2035.jpg,499824,5c4210da,\Exclusive\20180803 - Bella Atrix Hanna Rios & Janaina Carvalho - A Day In The Life Of 3 Tgirls\,{DT16~Excl~ME0PLDY9~20180803 - Bella Atrix Hanna Rios & Janaina Carvalho - A Day In The Life Of 3 Tg}
img_2036.jpg,463328,6ab74ed3,\Exclusive\20180803 - Bella Atrix Hanna Rios & Janaina Carvalho - A Day In The Life Of 3 Tgirls\,{DT16~Excl~ME0PLDY9~20180803 - Bella Atrix Hanna Rios & Janaina Carvalho - A Day In The Life Of 3 Tg}
img_2037.jpg,520905,ac0a136c,\Exclusive\20180803 - Bella Atrix Hanna Rios & Janaina Carvalho - A Day In The Life Of 3 Tgirls\,{DT16~Excl~ME0PLDY9~20180803 - Bella Atrix Hanna Rios & Janaina Carvalho - A Day In The Life Of 3 Tg}
img_2038.jpg,481014,2612e8ee,\Exclusive\20180803 - Bella Atrix Hanna Rios & Janaina Carvalho - A Day In The Life Of 3 Tgirls\,{DT16~Excl~ME0PLDY9~20180803 - Bella Atrix Hanna Rios & Janaina Carvalho - A Day In The Life Of 3 Tg}
img_2039.jpg,438712,ba8a91d8,\Exclusive\20180803 - Bella Atrix Hanna Rios & Janaina Carvalho - A Day In The Life Of 3 Tgirls\,{DT16~Excl~ME0PLDY9~20180803 - Bella Atrix Hanna Rios & Janaina Carvalho - A Day In The Life Of 3 Tg}
img_2040.jpg,466276,54fbad0a,\Exclusive\20180803 - Bella Atrix Hanna Rios & Janaina Carvalho - A Day In The Life Of 3 Tgirls\,{DT16~Excl~ME0PLDY9~20180803 - Bella Atrix Hanna Rios & Janaina Carvalho - A Day In The Life Of 3 Tg}
img_2041.jpg,453584,edd9420c,\Exclusive\20180803 - Bella Atrix Hanna Rios & Janaina Carvalho - A Day In The Life Of 3 Tgirls\,{DT16~Excl~ME0PLDY9~20180803 - Bella Atrix Hanna Rios & Janaina Carvalho - A Day In The Life Of 3 Tg}
img_2042.jpg,471791,af51af67,\Exclusive\20180803 - Bella Atrix Hanna Rios & Janaina Carvalho - A Day In The Life Of 3 Tgirls\,{DT16~Excl~ME0PLDY9~20180803 - Bella Atrix Hanna Rios & Janaina Carvalho - A Day In The Life Of 3 Tg}
img_2043.jpg,501648,acca2afe,\Exclusive\20180803 - Bella Atrix Hanna Rios & Janaina Carvalho - A Day In The Life Of 3 Tgirls\,{DT16~Excl~ME0PLDY9~20180803 - Bella Atrix Hanna Rios & Janaina Carvalho - A Day In The Life Of 3 Tg}
img_2044.jpg,465132,193aab95,\Exclusive\20180803 - Bella Atrix Hanna Rios & Janaina Carvalho - A Day In The Life Of 3 Tgirls\,{DT16~Excl~ME0PLDY9~20180803 - Bella Atrix Hanna Rios & Janaina Carvalho - A Day In The Life Of 3 Tg}
img_2045.jpg,413470,e8409c3f,\Exclusive\20180803 - Bella Atrix Hanna Rios & Janaina Carvalho - A Day In The Life Of 3 Tgirls\,{DT16~Excl~ME0PLDY9~20180803 - Bella Atrix Hanna Rios & Janaina Carvalho - A Day In The Life Of 3 Tg}
img_2046.jpg,480115,ddbdf060,\Exclusive\20180803 - Bella Atrix Hanna Rios & Janaina Carvalho - A Day In The Life Of 3 Tgirls\,{DT16~Excl~ME0PLDY9~20180803 - Bella Atrix Hanna Rios & Janaina Carvalho - A Day In The Life Of 3 Tg}
img_2048.jpg,533317,b0921317,\Exclusive\20180803 - Bella Atrix Hanna Rios & Janaina Carvalho - A Day In The Life Of 3 Tgirls\,{DT16~Excl~ME0PLDY9~20180803 - Bella Atrix Hanna Rios & Janaina Carvalho - A Day In The Life Of 3 Tg}
img_2049.jpg,480606,36340c03,\Exclusive\20180803 - Bella Atrix Hanna Rios & Janaina Carvalho - A Day In The Life Of 3 Tgirls\,{DT16~Excl~ME0PLDY9~20180803 - Bella Atrix Hanna Rios & Janaina Carvalho - A Day In The Life Of 3 Tg}
img_2050.jpg,499036,1bf140c8,\Exclusive\20180803 - Bella Atrix Hanna Rios & Janaina Carvalho - A Day In The Life Of 3 Tgirls\,{DT16~Excl~ME0PLDY9~20180803 - Bella Atrix Hanna Rios & Janaina Carvalho - A Day In The Life Of 3 Tg}
img_2051.jpg,502428,0fdaa2c7,\Exclusive\20180803 - Bella Atrix Hanna Rios & Janaina Carvalho - A Day In The Life Of 3 Tgirls\,{DT16~Excl~ME0PLDY9~20180803 - Bella Atrix Hanna Rios & Janaina Carvalho - A Day In The Life Of 3 Tg}
img_2052.jpg,521780,d40d0c64,\Exclusive\20180803 - Bella Atrix Hanna Rios & Janaina Carvalho - A Day In The Life Of 3 Tgirls\,{DT16~Excl~ME0PLDY9~20180803 - Bella Atrix Hanna Rios & Janaina Carvalho - A Day In The Life Of 3 Tg}
img_2053.jpg,465503,5d7fce7f,\Exclusive\20180803 - Bella Atrix Hanna Rios & Janaina Carvalho - A Day In The Life Of 3 Tgirls\,{DT16~Excl~ME0PLDY9~20180803 - Bella Atrix Hanna Rios & Janaina Carvalho - A Day In The Life Of 3 Tg}
img_2054.jpg,468929,ae2e3b2f,\Exclusive\20180803 - Bella Atrix Hanna Rios & Janaina Carvalho - A Day In The Life Of 3 Tgirls\,{DT16~Excl~ME0PLDY9~20180803 - Bella Atrix Hanna Rios & Janaina Carvalho - A Day In The Life Of 3 Tg}
img_2055.jpg,476030,26c3bcc9,\Exclusive\20180803 - Bella Atrix Hanna Rios & Janaina Carvalho - A Day In The Life Of 3 Tgirls\,{DT16~Excl~ME0PLDY9~20180803 - Bella Atrix Hanna Rios & Janaina Carvalho - A Day In The Life Of 3 Tg}
img_2056.jpg,476116,fef02d48,\Exclusive\20180803 - Bella Atrix Hanna Rios & Janaina Carvalho - A Day In The Life Of 3 Tgirls\,{DT16~Excl~ME0PLDY9~20180803 - Bella Atrix Hanna Rios & Janaina Carvalho - A Day In The Life Of 3 Tg}
img_2057.jpg,517573,8e03da4b,\Exclusive\20180803 - Bella Atrix Hanna Rios & Janaina Carvalho - A Day In The Life Of 3 Tgirls\,{DT16~Excl~ME0PLDY9~20180803 - Bella Atrix Hanna Rios & Janaina Carvalho - A Day In The Life Of 3 Tg}
img_2058.jpg,494993,d6491216,\Exclusive\20180803 - Bella Atrix Hanna Rios & Janaina Carvalho - A Day In The Life Of 3 Tgirls\,{DT16~Excl~ME0PLDY9~20180803 - Bella Atrix Hanna Rios & Janaina Carvalho - A Day In The Life Of 3 Tg}
img_2059.jpg,523646,657086a4,\Exclusive\20180803 - Bella Atrix Hanna Rios & Janaina Carvalho - A Day In The Life Of 3 Tgirls\,{DT16~Excl~ME0PLDY9~20180803 - Bella Atrix Hanna Rios & Janaina Carvalho - A Day In The Life Of 3 Tg}
img_2060.jpg,479022,872616b7,\Exclusive\20180803 - Bella Atrix Hanna Rios & Janaina Carvalho - A Day In The Life Of 3 Tgirls\,{DT16~Excl~ME0PLDY9~20180803 - Bella Atrix Hanna Rios & Janaina Carvalho - A Day In The Life Of 3 Tg}
img_2061.jpg,476168,0ec1f526,\Exclusive\20180803 - Bella Atrix Hanna Rios & Janaina Carvalho - A Day In The Life Of 3 Tgirls\,{DT16~Excl~ME0PLDY9~20180803 - Bella Atrix Hanna Rios & Janaina Carvalho - A Day In The Life Of 3 Tg}
img_2062.jpg,514794,dff77c00,\Exclusive\20180803 - Bella Atrix Hanna Rios & Janaina Carvalho - A Day In The Life Of 3 Tgirls\,{DT16~Excl~ME0PLDY9~20180803 - Bella Atrix Hanna Rios & Janaina Carvalho - A Day In The Life Of 3 Tg}
img_2063.jpg,482492,9eeddbb7,\Exclusive\20180803 - Bella Atrix Hanna Rios & Janaina Carvalho - A Day In The Life Of 3 Tgirls\,{DT16~Excl~ME0PLDY9~20180803 - Bella Atrix Hanna Rios & Janaina Carvalho - A Day In The Life Of 3 Tg}
img_2064.jpg,473174,74458023,\Exclusive\20180803 - Bella Atrix Hanna Rios & Janaina Carvalho - A Day In The Life Of 3 Tgirls\,{DT16~Excl~ME0PLDY9~20180803 - Bella Atrix Hanna Rios & Janaina Carvalho - A Day In The Life Of 3 Tg}
img_2065.jpg,450870,c92baa7d,\Exclusive\20180803 - Bella Atrix Hanna Rios & Janaina Carvalho - A Day In The Life Of 3 Tgirls\,{DT16~Excl~ME0PLDY9~20180803 - Bella Atrix Hanna Rios & Janaina Carvalho - A Day In The Life Of 3 Tg}
img_2066.jpg,527308,cf91f18b,\Exclusive\20180803 - Bella Atrix Hanna Rios & Janaina Carvalho - A Day In The Life Of 3 Tgirls\,{DT16~Excl~ME0PLDY9~20180803 - Bella Atrix Hanna Rios & Janaina Carvalho - A Day In The Life Of 3 Tg}
img_2067.jpg,485533,4adfa46c,\Exclusive\20180803 - Bella Atrix Hanna Rios & Janaina Carvalho - A Day In The Life Of 3 Tgirls\,{DT16~Excl~ME0PLDY9~20180803 - Bella Atrix Hanna Rios & Janaina Carvalho - A Day In The Life Of 3 Tg}
img_2068.jpg,450856,51396960,\Exclusive\20180803 - Bella Atrix Hanna Rios & Janaina Carvalho - A Day In The Life Of 3 Tgirls\,{DT16~Excl~ME0PLDY9~20180803 - Bella Atrix Hanna Rios & Janaina Carvalho - A Day In The Life Of 3 Tg}
img_2069.jpg,476099,a7fe5860,\Exclusive\20180803 - Bella Atrix Hanna Rios & Janaina Carvalho - A Day In The Life Of 3 Tgirls\,{DT16~Excl~ME0PLDY9~20180803 - Bella Atrix Hanna Rios & Janaina Carvalho - A Day In The Life Of 3 Tg}
img_2070.jpg,428899,cfe9ec74,\Exclusive\20180803 - Bella Atrix Hanna Rios & Janaina Carvalho - A Day In The Life Of 3 Tgirls\,{DT16~Excl~ME0PLDY9~20180803 - Bella Atrix Hanna Rios & Janaina Carvalho - A Day In The Life Of 3 Tg}
img_2071.jpg,417566,55d32f1b,\Exclusive\20180803 - Bella Atrix Hanna Rios & Janaina Carvalho - A Day In The Life Of 3 Tgirls\,{DT16~Excl~ME0PLDY9~20180803 - Bella Atrix Hanna Rios & Janaina Carvalho - A Day In The Life Of 3 Tg}
img_2072.jpg,441483,35bdba2b,\Exclusive\20180803 - Bella Atrix Hanna Rios & Janaina Carvalho - A Day In The Life Of 3 Tgirls\,{DT16~Excl~ME0PLDY9~20180803 - Bella Atrix Hanna Rios & Janaina Carvalho - A Day In The Life Of 3 Tg}
img_2073.jpg,447850,1755f381,\Exclusive\20180803 - Bella Atrix Hanna Rios & Janaina Carvalho - A Day In The Life Of 3 Tgirls\,{DT16~Excl~ME0PLDY9~20180803 - Bella Atrix Hanna Rios & Janaina Carvalho - A Day In The Life Of 3 Tg}
img_2074.jpg,441161,f5a4362c,\Exclusive\20180803 - Bella Atrix Hanna Rios & Janaina Carvalho - A Day In The Life Of 3 Tgirls\,{DT16~Excl~ME0PLDY9~20180803 - Bella Atrix Hanna Rios & Janaina Carvalho - A Day In The Life Of 3 Tg}
img_2075.jpg,437169,498bff9d,\Exclusive\20180803 - Bella Atrix Hanna Rios & Janaina Carvalho - A Day In The Life Of 3 Tgirls\,{DT16~Excl~ME0PLDY9~20180803 - Bella Atrix Hanna Rios & Janaina Carvalho - A Day In The Life Of 3 Tg}
img_2076.jpg,411255,2fb94555,\Exclusive\20180803 - Bella Atrix Hanna Rios & Janaina Carvalho - A Day In The Life Of 3 Tgirls\,{DT16~Excl~ME0PLDY9~20180803 - Bella Atrix Hanna Rios & Janaina Carvalho - A Day In The Life Of 3 Tg}
img_2077.jpg,436630,02195df3,\Exclusive\20180803 - Bella Atrix Hanna Rios & Janaina Carvalho - A Day In The Life Of 3 Tgirls\,{DT16~Excl~ME0PLDY9~20180803 - Bella Atrix Hanna Rios & Janaina Carvalho - A Day In The Life Of 3 Tg}
img_2078.jpg,423433,f7b91688,\Exclusive\20180803 - Bella Atrix Hanna Rios & Janaina Carvalho - A Day In The Life Of 3 Tgirls\,{DT16~Excl~ME0PLDY9~20180803 - Bella Atrix Hanna Rios & Janaina Carvalho - A Day In The Life Of 3 Tg}
img_2079.jpg,465482,ec0a5aa7,\Exclusive\20180803 - Bella Atrix Hanna Rios & Janaina Carvalho - A Day In The Life Of 3 Tgirls\,{DT16~Excl~ME0PLDY9~20180803 - Bella Atrix Hanna Rios & Janaina Carvalho - A Day In The Life Of 3 Tg}
img_2080.jpg,426632,98b19117,\Exclusive\20180803 - Bella Atrix Hanna Rios & Janaina Carvalho - A Day In The Life Of 3 Tgirls\,{DT16~Excl~ME0PLDY9~20180803 - Bella Atrix Hanna Rios & Janaina Carvalho - A Day In The Life Of 3 Tg}
img_2082.jpg,492163,eb0a76bf,\Exclusive\20180803 - Bella Atrix Hanna Rios & Janaina Carvalho - A Day In The Life Of 3 Tgirls\,{DT16~Excl~ME0PLDY9~20180803 - Bella Atrix Hanna Rios & Janaina Carvalho - A Day In The Life Of 3 Tg}
img_2083.jpg,496376,c40fd286,\Exclusive\20180803 - Bella Atrix Hanna Rios & Janaina Carvalho - A Day In The Life Of 3 Tgirls\,{DT16~Excl~ME0PLDY9~20180803 - Bella Atrix Hanna Rios & Janaina Carvalho - A Day In The Life Of 3 Tg}
img_2084.jpg,501035,aa10c27d,\Exclusive\20180803 - Bella Atrix Hanna Rios & Janaina Carvalho - A Day In The Life Of 3 Tgirls\,{DT16~Excl~ME0PLDY9~20180803 - Bella Atrix Hanna Rios & Janaina Carvalho - A Day In The Life Of 3 Tg}
img_2085.jpg,510929,dff4b870,\Exclusive\20180803 - Bella Atrix Hanna Rios & Janaina Carvalho - A Day In The Life Of 3 Tgirls\,{DT16~Excl~ME0PLDY9~20180803 - Bella Atrix Hanna Rios & Janaina Carvalho - A Day In The Life Of 3 Tg}
img_2087.jpg,519719,cfaeb144,\Exclusive\20180803 - Bella Atrix Hanna Rios & Janaina Carvalho - A Day In The Life Of 3 Tgirls\,{DT16~Excl~ME0PLDY9~20180803 - Bella Atrix Hanna Rios & Janaina Carvalho - A Day In The Life Of 3 Tg}
img_2088.jpg,509721,eaa97fca,\Exclusive\20180803 - Bella Atrix Hanna Rios & Janaina Carvalho - A Day In The Life Of 3 Tgirls\,{DT16~Excl~ME0PLDY9~20180803 - Bella Atrix Hanna Rios & Janaina Carvalho - A Day In The Life Of 3 Tg}
img_2089.jpg,520251,9da12b98,\Exclusive\20180803 - Bella Atrix Hanna Rios & Janaina Carvalho - A Day In The Life Of 3 Tgirls\,{DT16~Excl~ME0PLDY9~20180803 - Bella Atrix Hanna Rios & Janaina Carvalho - A Day In The Life Of 3 Tg}
img_2090.jpg,509857,9b700191,\Exclusive\20180803 - Bella Atrix Hanna Rios & Janaina Carvalho - A Day In The Life Of 3 Tgirls\,{DT16~Excl~ME0PLDY9~20180803 - Bella Atrix Hanna Rios & Janaina Carvalho - A Day In The Life Of 3 Tg}
img_2091.jpg,557129,963f884e,\Exclusive\20180803 - Bella Atrix Hanna Rios & Janaina Carvalho - A Day In The Life Of 3 Tgirls\,{DT16~Excl~ME0PLDY9~20180803 - Bella Atrix Hanna Rios & Janaina Carvalho - A Day In The Life Of 3 Tg}
img_2092.jpg,539390,42561249,\Exclusive\20180803 - Bella Atrix Hanna Rios & Janaina Carvalho - A Day In The Life Of 3 Tgirls\,{DT16~Excl~ME0PLDY9~20180803 - Bella Atrix Hanna Rios & Janaina Carvalho - A Day In The Life Of 3 Tg}
img_2093.jpg,513535,0c539284,\Exclusive\20180803 - Bella Atrix Hanna Rios & Janaina Carvalho - A Day In The Life Of 3 Tgirls\,{DT16~Excl~ME0PLDY9~20180803 - Bella Atrix Hanna Rios & Janaina Carvalho - A Day In The Life Of 3 Tg}
img_2094.jpg,516162,87359a14,\Exclusive\20180803 - Bella Atrix Hanna Rios & Janaina Carvalho - A Day In The Life Of 3 Tgirls\,{DT16~Excl~ME0PLDY9~20180803 - Bella Atrix Hanna Rios & Janaina Carvalho - A Day In The Life Of 3 Tg}
img_2095.jpg,503886,7b63dc6b,\Exclusive\20180803 - Bella Atrix Hanna Rios & Janaina Carvalho - A Day In The Life Of 3 Tgirls\,{DT16~Excl~ME0PLDY9~20180803 - Bella Atrix Hanna Rios & Janaina Carvalho - A Day In The Life Of 3 Tg}
img_2096.jpg,508643,c33334a9,\Exclusive\20180803 - Bella Atrix Hanna Rios & Janaina Carvalho - A Day In The Life Of 3 Tgirls\,{DT16~Excl~ME0PLDY9~20180803 - Bella Atrix Hanna Rios & Janaina Carvalho - A Day In The Life Of 3 Tg}
img_2097.jpg,513119,99570471,\Exclusive\20180803 - Bella Atrix Hanna Rios & Janaina Carvalho - A Day In The Life Of 3 Tgirls\,{DT16~Excl~ME0PLDY9~20180803 - Bella Atrix Hanna Rios & Janaina Carvalho - A Day In The Life Of 3 Tg}
img_2099.jpg,589487,155f6355,\Exclusive\20180803 - Bella Atrix Hanna Rios & Janaina Carvalho - A Day In The Life Of 3 Tgirls\,{DT16~Excl~ME0PLDY9~20180803 - Bella Atrix Hanna Rios & Janaina Carvalho - A Day In The Life Of 3 Tg}
img_2100.jpg,554966,146ef662,\Exclusive\20180803 - Bella Atrix Hanna Rios & Janaina Carvalho - A Day In The Life Of 3 Tgirls\,{DT16~Excl~ME0PLDY9~20180803 - Bella Atrix Hanna Rios & Janaina Carvalho - A Day In The Life Of 3 Tg}
img_2101.jpg,511087,2ec2232d,\Exclusive\20180803 - Bella Atrix Hanna Rios & Janaina Carvalho - A Day In The Life Of 3 Tgirls\,{DT16~Excl~ME0PLDY9~20180803 - Bella Atrix Hanna Rios & Janaina Carvalho - A Day In The Life Of 3 Tg}
img_2102.jpg,503798,6a2415e2,\Exclusive\20180803 - Bella Atrix Hanna Rios & Janaina Carvalho - A Day In The Life Of 3 Tgirls\,{DT16~Excl~ME0PLDY9~20180803 - Bella Atrix Hanna Rios & Janaina Carvalho - A Day In The Life Of 3 Tg}
img_2103.jpg,538684,50e6b43e,\Exclusive\20180803 - Bella Atrix Hanna Rios & Janaina Carvalho - A Day In The Life Of 3 Tgirls\,{DT16~Excl~ME0PLDY9~20180803 - Bella Atrix Hanna Rios & Janaina Carvalho - A Day In The Life Of 3 Tg}
img_2104.jpg,483858,a8e368ae,\Exclusive\20180803 - Bella Atrix Hanna Rios & Janaina Carvalho - A Day In The Life Of 3 Tgirls\,{DT16~Excl~ME0PLDY9~20180803 - Bella Atrix Hanna Rios & Janaina Carvalho - A Day In The Life Of 3 Tg}
img_2105.jpg,516224,c62dc78e,\Exclusive\20180803 - Bella Atrix Hanna Rios & Janaina Carvalho - A Day In The Life Of 3 Tgirls\,{DT16~Excl~ME0PLDY9~20180803 - Bella Atrix Hanna Rios & Janaina Carvalho - A Day In The Life Of 3 Tg}
img_2107.jpg,611482,acb7bfdf,\Exclusive\20180803 - Bella Atrix Hanna Rios & Janaina Carvalho - A Day In The Life Of 3 Tgirls\,{DT16~Excl~ME0PLDY9~20180803 - Bella Atrix Hanna Rios & Janaina Carvalho - A Day In The Life Of 3 Tg}
img_2108.jpg,541972,10fdd674,\Exclusive\20180803 - Bella Atrix Hanna Rios & Janaina Carvalho - A Day In The Life Of 3 Tgirls\,{DT16~Excl~ME0PLDY9~20180803 - Bella Atrix Hanna Rios & Janaina Carvalho - A Day In The Life Of 3 Tg}
img_2109.jpg,534166,88d5b887,\Exclusive\20180803 - Bella Atrix Hanna Rios & Janaina Carvalho - A Day In The Life Of 3 Tgirls\,{DT16~Excl~ME0PLDY9~20180803 - Bella Atrix Hanna Rios & Janaina Carvalho - A Day In The Life Of 3 Tg}
img_2110.jpg,494218,5928d8cd,\Exclusive\20180803 - Bella Atrix Hanna Rios & Janaina Carvalho - A Day In The Life Of 3 Tgirls\,{DT16~Excl~ME0PLDY9~20180803 - Bella Atrix Hanna Rios & Janaina Carvalho - A Day In The Life Of 3 Tg}
img_2111.jpg,480162,b6daf5e8,\Exclusive\20180803 - Bella Atrix Hanna Rios & Janaina Carvalho - A Day In The Life Of 3 Tgirls\,{DT16~Excl~ME0PLDY9~20180803 - Bella Atrix Hanna Rios & Janaina Carvalho - A Day In The Life Of 3 Tg}
img_2112.jpg,434872,950c823e,\Exclusive\20180803 - Bella Atrix Hanna Rios & Janaina Carvalho - A Day In The Life Of 3 Tgirls\,{DT16~Excl~ME0PLDY9~20180803 - Bella Atrix Hanna Rios & Janaina Carvalho - A Day In The Life Of 3 Tg}
img_2113.jpg,493250,b12c87d6,\Exclusive\20180803 - Bella Atrix Hanna Rios & Janaina Carvalho - A Day In The Life Of 3 Tgirls\,{DT16~Excl~ME0PLDY9~20180803 - Bella Atrix Hanna Rios & Janaina Carvalho - A Day In The Life Of 3 Tg}
img_2114.jpg,535239,128cdeaa,\Exclusive\20180803 - Bella Atrix Hanna Rios & Janaina Carvalho - A Day In The Life Of 3 Tgirls\,{DT16~Excl~ME0PLDY9~20180803 - Bella Atrix Hanna Rios & Janaina Carvalho - A Day In The Life Of 3 Tg}
img_2115.jpg,532583,f7682141,\Exclusive\20180803 - Bella Atrix Hanna Rios & Janaina Carvalho - A Day In The Life Of 3 Tgirls\,{DT16~Excl~ME0PLDY9~20180803 - Bella Atrix Hanna Rios & Janaina Carvalho - A Day In The Life Of 3 Tg}
img_2116.jpg,528869,5274fa7e,\Exclusive\20180803 - Bella Atrix Hanna Rios & Janaina Carvalho - A Day In The Life Of 3 Tgirls\,{DT16~Excl~ME0PLDY9~20180803 - Bella Atrix Hanna Rios & Janaina Carvalho - A Day In The Life Of 3 Tg}
img_2117.jpg,473334,5167263d,\Exclusive\20180803 - Bella Atrix Hanna Rios & Janaina Carvalho - A Day In The Life Of 3 Tgirls\,{DT16~Excl~ME0PLDY9~20180803 - Bella Atrix Hanna Rios & Janaina Carvalho - A Day In The Life Of 3 Tg}
img_2118.jpg,493930,ccb3af81,\Exclusive\20180803 - Bella Atrix Hanna Rios & Janaina Carvalho - A Day In The Life Of 3 Tgirls\,{DT16~Excl~ME0PLDY9~20180803 - Bella Atrix Hanna Rios & Janaina Carvalho - A Day In The Life Of 3 Tg}
img_2119.jpg,507983,5d1621cb,\Exclusive\20180803 - Bella Atrix Hanna Rios & Janaina Carvalho - A Day In The Life Of 3 Tgirls\,{DT16~Excl~ME0PLDY9~20180803 - Bella Atrix Hanna Rios & Janaina Carvalho - A Day In The Life Of 3 Tg}
img_2120.jpg,500298,96ab8727,\Exclusive\20180803 - Bella Atrix Hanna Rios & Janaina Carvalho - A Day In The Life Of 3 Tgirls\,{DT16~Excl~ME0PLDY9~20180803 - Bella Atrix Hanna Rios & Janaina Carvalho - A Day In The Life Of 3 Tg}
img_2121.jpg,490278,696ba4e9,\Exclusive\20180803 - Bella Atrix Hanna Rios & Janaina Carvalho - A Day In The Life Of 3 Tgirls\,{DT16~Excl~ME0PLDY9~20180803 - Bella Atrix Hanna Rios & Janaina Carvalho - A Day In The Life Of 3 Tg}
img_2122.jpg,508815,874867c5,\Exclusive\20180803 - Bella Atrix Hanna Rios & Janaina Carvalho - A Day In The Life Of 3 Tgirls\,{DT16~Excl~ME0PLDY9~20180803 - Bella Atrix Hanna Rios & Janaina Carvalho - A Day In The Life Of 3 Tg}
img_2123.jpg,517574,834734bf,\Exclusive\20180803 - Bella Atrix Hanna Rios & Janaina Carvalho - A Day In The Life Of 3 Tgirls\,{DT16~Excl~ME0PLDY9~20180803 - Bella Atrix Hanna Rios & Janaina Carvalho - A Day In The Life Of 3 Tg}
img_2124.jpg,500214,890d8f69,\Exclusive\20180803 - Bella Atrix Hanna Rios & Janaina Carvalho - A Day In The Life Of 3 Tgirls\,{DT16~Excl~ME0PLDY9~20180803 - Bella Atrix Hanna Rios & Janaina Carvalho - A Day In The Life Of 3 Tg}
img_2125.jpg,518402,31679872,\Exclusive\20180803 - Bella Atrix Hanna Rios & Janaina Carvalho - A Day In The Life Of 3 Tgirls\,{DT16~Excl~ME0PLDY9~20180803 - Bella Atrix Hanna Rios & Janaina Carvalho - A Day In The Life Of 3 Tg}
img_2126.jpg,464053,ae71386e,\Exclusive\20180803 - Bella Atrix Hanna Rios & Janaina Carvalho - A Day In The Life Of 3 Tgirls\,{DT16~Excl~ME0PLDY9~20180803 - Bella Atrix Hanna Rios & Janaina Carvalho - A Day In The Life Of 3 Tg}
img_2127.jpg,486984,6a2ed442,\Exclusive\20180803 - Bella Atrix Hanna Rios & Janaina Carvalho - A Day In The Life Of 3 Tgirls\,{DT16~Excl~ME0PLDY9~20180803 - Bella Atrix Hanna Rios & Janaina Carvalho - A Day In The Life Of 3 Tg}
img_2128.jpg,500036,a5c3155a,\Exclusive\20180803 - Bella Atrix Hanna Rios & Janaina Carvalho - A Day In The Life Of 3 Tgirls\,{DT16~Excl~ME0PLDY9~20180803 - Bella Atrix Hanna Rios & Janaina Carvalho - A Day In The Life Of 3 Tg}
img_2130.jpg,550068,6da34f8f,\Exclusive\20180803 - Bella Atrix Hanna Rios & Janaina Carvalho - A Day In The Life Of 3 Tgirls\,{DT16~Excl~ME0PLDY9~20180803 - Bella Atrix Hanna Rios & Janaina Carvalho - A Day In The Life Of 3 Tg}
img_2131.jpg,572688,97c82c45,\Exclusive\20180803 - Bella Atrix Hanna Rios & Janaina Carvalho - A Day In The Life Of 3 Tgirls\,{DT16~Excl~ME0PLDY9~20180803 - Bella Atrix Hanna Rios & Janaina Carvalho - A Day In The Life Of 3 Tg}
img_2132.jpg,550310,75618a50,\Exclusive\20180803 - Bella Atrix Hanna Rios & Janaina Carvalho - A Day In The Life Of 3 Tgirls\,{DT16~Excl~ME0PLDY9~20180803 - Bella Atrix Hanna Rios & Janaina Carvalho - A Day In The Life Of 3 Tg}
img_2133.jpg,540094,1f167647,\Exclusive\20180803 - Bella Atrix Hanna Rios & Janaina Carvalho - A Day In The Life Of 3 Tgirls\,{DT16~Excl~ME0PLDY9~20180803 - Bella Atrix Hanna Rios & Janaina Carvalho - A Day In The Life Of 3 Tg}
img_2134.jpg,536958,336f7b09,\Exclusive\20180803 - Bella Atrix Hanna Rios & Janaina Carvalho - A Day In The Life Of 3 Tgirls\,{DT16~Excl~ME0PLDY9~20180803 - Bella Atrix Hanna Rios & Janaina Carvalho - A Day In The Life Of 3 Tg}
img_2135.jpg,516226,308a926b,\Exclusive\20180803 - Bella Atrix Hanna Rios & Janaina Carvalho - A Day In The Life Of 3 Tgirls\,{DT16~Excl~ME0PLDY9~20180803 - Bella Atrix Hanna Rios & Janaina Carvalho - A Day In The Life Of 3 Tg}
img_2136.jpg,603564,5b0da8a4,\Exclusive\20180803 - Bella Atrix Hanna Rios & Janaina Carvalho - A Day In The Life Of 3 Tgirls\,{DT16~Excl~ME0PLDY9~20180803 - Bella Atrix Hanna Rios & Janaina Carvalho - A Day In The Life Of 3 Tg}
img_2137.jpg,486048,2bd9a489,\Exclusive\20180803 - Bella Atrix Hanna Rios & Janaina Carvalho - A Day In The Life Of 3 Tgirls\,{DT16~Excl~ME0PLDY9~20180803 - Bella Atrix Hanna Rios & Janaina Carvalho - A Day In The Life Of 3 Tg}
img_2138.jpg,519219,99dae4b0,\Exclusive\20180803 - Bella Atrix Hanna Rios & Janaina Carvalho - A Day In The Life Of 3 Tgirls\,{DT16~Excl~ME0PLDY9~20180803 - Bella Atrix Hanna Rios & Janaina Carvalho - A Day In The Life Of 3 Tg}
img_2139.jpg,513682,905c0334,\Exclusive\20180803 - Bella Atrix Hanna Rios & Janaina Carvalho - A Day In The Life Of 3 Tgirls\,{DT16~Excl~ME0PLDY9~20180803 - Bella Atrix Hanna Rios & Janaina Carvalho - A Day In The Life Of 3 Tg}
img_2140.jpg,513369,416f9653,\Exclusive\20180803 - Bella Atrix Hanna Rios & Janaina Carvalho - A Day In The Life Of 3 Tgirls\,{DT16~Excl~ME0PLDY9~20180803 - Bella Atrix Hanna Rios & Janaina Carvalho - A Day In The Life Of 3 Tg}
img_2141.jpg,527864,7a23b023,\Exclusive\20180803 - Bella Atrix Hanna Rios & Janaina Carvalho - A Day In The Life Of 3 Tgirls\,{DT16~Excl~ME0PLDY9~20180803 - Bella Atrix Hanna Rios & Janaina Carvalho - A Day In The Life Of 3 Tg}
img_2143.jpg,495582,fd2fd195,\Exclusive\20180803 - Bella Atrix Hanna Rios & Janaina Carvalho - A Day In The Life Of 3 Tgirls\,{DT16~Excl~ME0PLDY9~20180803 - Bella Atrix Hanna Rios & Janaina Carvalho - A Day In The Life Of 3 Tg}
img_2144.jpg,478773,30518894,\Exclusive\20180803 - Bella Atrix Hanna Rios & Janaina Carvalho - A Day In The Life Of 3 Tgirls\,{DT16~Excl~ME0PLDY9~20180803 - Bella Atrix Hanna Rios & Janaina Carvalho - A Day In The Life Of 3 Tg}
img_2145.jpg,506031,78b75840,\Exclusive\20180803 - Bella Atrix Hanna Rios & Janaina Carvalho - A Day In The Life Of 3 Tgirls\,{DT16~Excl~ME0PLDY9~20180803 - Bella Atrix Hanna Rios & Janaina Carvalho - A Day In The Life Of 3 Tg}
img_2146.jpg,550941,3eb31253,\Exclusive\20180803 - Bella Atrix Hanna Rios & Janaina Carvalho - A Day In The Life Of 3 Tgirls\,{DT16~Excl~ME0PLDY9~20180803 - Bella Atrix Hanna Rios & Janaina Carvalho - A Day In The Life Of 3 Tg}
img_2147.jpg,480544,26aeb33b,\Exclusive\20180803 - Bella Atrix Hanna Rios & Janaina Carvalho - A Day In The Life Of 3 Tgirls\,{DT16~Excl~ME0PLDY9~20180803 - Bella Atrix Hanna Rios & Janaina Carvalho - A Day In The Life Of 3 Tg}
img_2148.jpg,487123,e0b1e492,\Exclusive\20180803 - Bella Atrix Hanna Rios & Janaina Carvalho - A Day In The Life Of 3 Tgirls\,{DT16~Excl~ME0PLDY9~20180803 - Bella Atrix Hanna Rios & Janaina Carvalho - A Day In The Life Of 3 Tg}
img_2149.jpg,509951,6c659025,\Exclusive\20180803 - Bella Atrix Hanna Rios & Janaina Carvalho - A Day In The Life Of 3 Tgirls\,{DT16~Excl~ME0PLDY9~20180803 - Bella Atrix Hanna Rios & Janaina Carvalho - A Day In The Life Of 3 Tg}
img_2150.jpg,499825,1fee8555,\Exclusive\20180803 - Bella Atrix Hanna Rios & Janaina Carvalho - A Day In The Life Of 3 Tgirls\,{DT16~Excl~ME0PLDY9~20180803 - Bella Atrix Hanna Rios & Janaina Carvalho - A Day In The Life Of 3 Tg}
img_2151.jpg,485326,deb2fb6c,\Exclusive\20180803 - Bella Atrix Hanna Rios & Janaina Carvalho - A Day In The Life Of 3 Tgirls\,{DT16~Excl~ME0PLDY9~20180803 - Bella Atrix Hanna Rios & Janaina Carvalho - A Day In The Life Of 3 Tg}
img_2152.jpg,487203,c4ec5e07,\Exclusive\20180803 - Bella Atrix Hanna Rios & Janaina Carvalho - A Day In The Life Of 3 Tgirls\,{DT16~Excl~ME0PLDY9~20180803 - Bella Atrix Hanna Rios & Janaina Carvalho - A Day In The Life Of 3 Tg}
img_2153.jpg,432330,a4017f00,\Exclusive\20180803 - Bella Atrix Hanna Rios & Janaina Carvalho - A Day In The Life Of 3 Tgirls\,{DT16~Excl~ME0PLDY9~20180803 - Bella Atrix Hanna Rios & Janaina Carvalho - A Day In The Life Of 3 Tg}
img_2154.jpg,510805,d71a6c62,\Exclusive\20180803 - Bella Atrix Hanna Rios & Janaina Carvalho - A Day In The Life Of 3 Tgirls\,{DT16~Excl~ME0PLDY9~20180803 - Bella Atrix Hanna Rios & Janaina Carvalho - A Day In The Life Of 3 Tg}
img_2155.jpg,541763,76c4e4f5,\Exclusive\20180803 - Bella Atrix Hanna Rios & Janaina Carvalho - A Day In The Life Of 3 Tgirls\,{DT16~Excl~ME0PLDY9~20180803 - Bella Atrix Hanna Rios & Janaina Carvalho - A Day In The Life Of 3 Tg}
_mg_8873.jpg,906019,fc88c956,\Exclusive\20180807 - Hanna Rios - Hanna Is A Fuck Machine\,{DT16~Excl~ME0PLYHB~20180807 - Hanna Rios - Hanna Is A Fuck Machine}
_mg_8877.jpg,919531,25259eaf,\Exclusive\20180807 - Hanna Rios - Hanna Is A Fuck Machine\,{DT16~Excl~ME0PLYHB~20180807 - Hanna Rios - Hanna Is A Fuck Machine}
_mg_8878.jpg,931593,d636f106,\Exclusive\20180807 - Hanna Rios - Hanna Is A Fuck Machine\,{DT16~Excl~ME0PLYHB~20180807 - Hanna Rios - Hanna Is A Fuck Machine}
_mg_8879.jpg,901616,f4490778,\Exclusive\20180807 - Hanna Rios - Hanna Is A Fuck Machine\,{DT16~Excl~ME0PLYHB~20180807 - Hanna Rios - Hanna Is A Fuck Machine}
_mg_8882.jpg,910336,24f6feac,\Exclusive\20180807 - Hanna Rios - Hanna Is A Fuck Machine\,{DT16~Excl~ME0PLYHB~20180807 - Hanna Rios - Hanna Is A Fuck Machine}
_mg_8883.jpg,914204,1d2991c6,\Exclusive\20180807 - Hanna Rios - Hanna Is A Fuck Machine\,{DT16~Excl~ME0PLYHB~20180807 - Hanna Rios - Hanna Is A Fuck Machine}
_mg_8885.jpg,955328,86033f53,\Exclusive\20180807 - Hanna Rios - Hanna Is A Fuck Machine\,{DT16~Excl~ME0PLYHB~20180807 - Hanna Rios - Hanna Is A Fuck Machine}
_mg_8886.jpg,897161,cd620fec,\Exclusive\20180807 - Hanna Rios - Hanna Is A Fuck Machine\,{DT16~Excl~ME0PLYHB~20180807 - Hanna Rios - Hanna Is A Fuck Machine}
_mg_8887.jpg,900187,3d4e8ad5,\Exclusive\20180807 - Hanna Rios - Hanna Is A Fuck Machine\,{DT16~Excl~ME0PLYHB~20180807 - Hanna Rios - Hanna Is A Fuck Machine}
_mg_8891.jpg,965953,3564233a,\Exclusive\20180807 - Hanna Rios - Hanna Is A Fuck Machine\,{DT16~Excl~ME0PLYHB~20180807 - Hanna Rios - Hanna Is A Fuck Machine}
_mg_8892.jpg,951018,544c6529,\Exclusive\20180807 - Hanna Rios - Hanna Is A Fuck Machine\,{DT16~Excl~ME0PLYHB~20180807 - Hanna Rios - Hanna Is A Fuck Machine}
_mg_8893.jpg,827940,55ef9ab4,\Exclusive\20180807 - Hanna Rios - Hanna Is A Fuck Machine\,{DT16~Excl~ME0PLYHB~20180807 - Hanna Rios - Hanna Is A Fuck Machine}
_mg_8894.jpg,887805,fa3980cb,\Exclusive\20180807 - Hanna Rios - Hanna Is A Fuck Machine\,{DT16~Excl~ME0PLYHB~20180807 - Hanna Rios - Hanna Is A Fuck Machine}
_mg_8895.jpg,867273,953a5dc0,\Exclusive\20180807 - Hanna Rios - Hanna Is A Fuck Machine\,{DT16~Excl~ME0PLYHB~20180807 - Hanna Rios - Hanna Is A Fuck Machine}
_mg_8896.jpg,867057,b8e3e46d,\Exclusive\20180807 - Hanna Rios - Hanna Is A Fuck Machine\,{DT16~Excl~ME0PLYHB~20180807 - Hanna Rios - Hanna Is A Fuck Machine}
_mg_8897.jpg,926728,9d23e93a,\Exclusive\20180807 - Hanna Rios - Hanna Is A Fuck Machine\,{DT16~Excl~ME0PLYHB~20180807 - Hanna Rios - Hanna Is A Fuck Machine}
_mg_8905.jpg,867044,6c91ea20,\Exclusive\20180807 - Hanna Rios - Hanna Is A Fuck Machine\,{DT16~Excl~ME0PLYHB~20180807 - Hanna Rios - Hanna Is A Fuck Machine}
_mg_8906.jpg,871988,b0c2da9a,\Exclusive\20180807 - Hanna Rios - Hanna Is A Fuck Machine\,{DT16~Excl~ME0PLYHB~20180807 - Hanna Rios - Hanna Is A Fuck Machine}
_mg_8907.jpg,886387,39e32343,\Exclusive\20180807 - Hanna Rios - Hanna Is A Fuck Machine\,{DT16~Excl~ME0PLYHB~20180807 - Hanna Rios - Hanna Is A Fuck Machine}
_mg_8908.jpg,869739,3d037ff7,\Exclusive\20180807 - Hanna Rios - Hanna Is A Fuck Machine\,{DT16~Excl~ME0PLYHB~20180807 - Hanna Rios - Hanna Is A Fuck Machine}
_mg_8909.jpg,830328,e122d572,\Exclusive\20180807 - Hanna Rios - Hanna Is A Fuck Machine\,{DT16~Excl~ME0PLYHB~20180807 - Hanna Rios - Hanna Is A Fuck Machine}
_mg_8910.jpg,864498,0071fd66,\Exclusive\20180807 - Hanna Rios - Hanna Is A Fuck Machine\,{DT16~Excl~ME0PLYHB~20180807 - Hanna Rios - Hanna Is A Fuck Machine}
_mg_8911.jpg,791112,1b676452,\Exclusive\20180807 - Hanna Rios - Hanna Is A Fuck Machine\,{DT16~Excl~ME0PLYHB~20180807 - Hanna Rios - Hanna Is A Fuck Machine}
_mg_8912.jpg,885232,3362d087,\Exclusive\20180807 - Hanna Rios - Hanna Is A Fuck Machine\,{DT16~Excl~ME0PLYHB~20180807 - Hanna Rios - Hanna Is A Fuck Machine}
_mg_8913.jpg,908485,3e4ba009,\Exclusive\20180807 - Hanna Rios - Hanna Is A Fuck Machine\,{DT16~Excl~ME0PLYHB~20180807 - Hanna Rios - Hanna Is A Fuck Machine}
_mg_8914.jpg,796824,1198e0a4,\Exclusive\20180807 - Hanna Rios - Hanna Is A Fuck Machine\,{DT16~Excl~ME0PLYHB~20180807 - Hanna Rios - Hanna Is A Fuck Machine}
_mg_8915.jpg,895231,9d47f4f1,\Exclusive\20180807 - Hanna Rios - Hanna Is A Fuck Machine\,{DT16~Excl~ME0PLYHB~20180807 - Hanna Rios - Hanna Is A Fuck Machine}
_mg_8916.jpg,942431,c0ed7d41,\Exclusive\20180807 - Hanna Rios - Hanna Is A Fuck Machine\,{DT16~Excl~ME0PLYHB~20180807 - Hanna Rios - Hanna Is A Fuck Machine}
_mg_8917.jpg,951378,859cb634,\Exclusive\20180807 - Hanna Rios - Hanna Is A Fuck Machine\,{DT16~Excl~ME0PLYHB~20180807 - Hanna Rios - Hanna Is A Fuck Machine}
_mg_8918.jpg,928134,c3c6968f,\Exclusive\20180807 - Hanna Rios - Hanna Is A Fuck Machine\,{DT16~Excl~ME0PLYHB~20180807 - Hanna Rios - Hanna Is A Fuck Machine}
_mg_8922.jpg,927182,48ab773b,\Exclusive\20180807 - Hanna Rios - Hanna Is A Fuck Machine\,{DT16~Excl~ME0PLYHB~20180807 - Hanna Rios - Hanna Is A Fuck Machine}
_mg_8923.jpg,954994,c5668d9e,\Exclusive\20180807 - Hanna Rios - Hanna Is A Fuck Machine\,{DT16~Excl~ME0PLYHB~20180807 - Hanna Rios - Hanna Is A Fuck Machine}
_mg_8925.jpg,856987,fc9c2a34,\Exclusive\20180807 - Hanna Rios - Hanna Is A Fuck Machine\,{DT16~Excl~ME0PLYHB~20180807 - Hanna Rios - Hanna Is A Fuck Machine}
_mg_8926.jpg,907406,e1426016,\Exclusive\20180807 - Hanna Rios - Hanna Is A Fuck Machine\,{DT16~Excl~ME0PLYHB~20180807 - Hanna Rios - Hanna Is A Fuck Machine}
_mg_8927.jpg,821736,8eff1926,\Exclusive\20180807 - Hanna Rios - Hanna Is A Fuck Machine\,{DT16~Excl~ME0PLYHB~20180807 - Hanna Rios - Hanna Is A Fuck Machine}
_mg_8931.jpg,751149,f68db0d3,\Exclusive\20180807 - Hanna Rios - Hanna Is A Fuck Machine\,{DT16~Excl~ME0PLYHB~20180807 - Hanna Rios - Hanna Is A Fuck Machine}
_mg_8932.jpg,810648,5747952f,\Exclusive\20180807 - Hanna Rios - Hanna Is A Fuck Machine\,{DT16~Excl~ME0PLYHB~20180807 - Hanna Rios - Hanna Is A Fuck Machine}
_mg_8933.jpg,793098,3f99adf8,\Exclusive\20180807 - Hanna Rios - Hanna Is A Fuck Machine\,{DT16~Excl~ME0PLYHB~20180807 - Hanna Rios - Hanna Is A Fuck Machine}
_mg_8934.jpg,891565,378915b4,\Exclusive\20180807 - Hanna Rios - Hanna Is A Fuck Machine\,{DT16~Excl~ME0PLYHB~20180807 - Hanna Rios - Hanna Is A Fuck Machine}
_mg_8935.jpg,919434,ee9eea1d,\Exclusive\20180807 - Hanna Rios - Hanna Is A Fuck Machine\,{DT16~Excl~ME0PLYHB~20180807 - Hanna Rios - Hanna Is A Fuck Machine}
_mg_8936.jpg,899272,d79ed5a1,\Exclusive\20180807 - Hanna Rios - Hanna Is A Fuck Machine\,{DT16~Excl~ME0PLYHB~20180807 - Hanna Rios - Hanna Is A Fuck Machine}
_mg_8937.jpg,837693,43e7854c,\Exclusive\20180807 - Hanna Rios - Hanna Is A Fuck Machine\,{DT16~Excl~ME0PLYHB~20180807 - Hanna Rios - Hanna Is A Fuck Machine}
_mg_8938.jpg,1016947,c0c90bac,\Exclusive\20180807 - Hanna Rios - Hanna Is A Fuck Machine\,{DT16~Excl~ME0PLYHB~20180807 - Hanna Rios - Hanna Is A Fuck Machine}
_mg_8939.jpg,814968,c76b28e3,\Exclusive\20180807 - Hanna Rios - Hanna Is A Fuck Machine\,{DT16~Excl~ME0PLYHB~20180807 - Hanna Rios - Hanna Is A Fuck Machine}
_mg_8941.jpg,855657,c9c5bb21,\Exclusive\20180807 - Hanna Rios - Hanna Is A Fuck Machine\,{DT16~Excl~ME0PLYHB~20180807 - Hanna Rios - Hanna Is A Fuck Machine}
_mg_8942.jpg,780712,a2b82faf,\Exclusive\20180807 - Hanna Rios - Hanna Is A Fuck Machine\,{DT16~Excl~ME0PLYHB~20180807 - Hanna Rios - Hanna Is A Fuck Machine}
_mg_8943.jpg,849624,3d92ce86,\Exclusive\20180807 - Hanna Rios - Hanna Is A Fuck Machine\,{DT16~Excl~ME0PLYHB~20180807 - Hanna Rios - Hanna Is A Fuck Machine}
_mg_8944.jpg,784485,1465e178,\Exclusive\20180807 - Hanna Rios - Hanna Is A Fuck Machine\,{DT16~Excl~ME0PLYHB~20180807 - Hanna Rios - Hanna Is A Fuck Machine}
_mg_8945.jpg,837310,b04a1c43,\Exclusive\20180807 - Hanna Rios - Hanna Is A Fuck Machine\,{DT16~Excl~ME0PLYHB~20180807 - Hanna Rios - Hanna Is A Fuck Machine}
_mg_8946.jpg,752102,c1bf14c7,\Exclusive\20180807 - Hanna Rios - Hanna Is A Fuck Machine\,{DT16~Excl~ME0PLYHB~20180807 - Hanna Rios - Hanna Is A Fuck Machine}
_mg_8947.jpg,847867,f21506df,\Exclusive\20180807 - Hanna Rios - Hanna Is A Fuck Machine\,{DT16~Excl~ME0PLYHB~20180807 - Hanna Rios - Hanna Is A Fuck Machine}
_mg_8948.jpg,704205,f9090c95,\Exclusive\20180807 - Hanna Rios - Hanna Is A Fuck Machine\,{DT16~Excl~ME0PLYHB~20180807 - Hanna Rios - Hanna Is A Fuck Machine}
_mg_8950.jpg,785954,36b1f912,\Exclusive\20180807 - Hanna Rios - Hanna Is A Fuck Machine\,{DT16~Excl~ME0PLYHB~20180807 - Hanna Rios - Hanna Is A Fuck Machine}
_mg_8951.jpg,906563,a5787026,\Exclusive\20180807 - Hanna Rios - Hanna Is A Fuck Machine\,{DT16~Excl~ME0PLYHB~20180807 - Hanna Rios - Hanna Is A Fuck Machine}
_mg_8952.jpg,985562,6f4e1ce1,\Exclusive\20180807 - Hanna Rios - Hanna Is A Fuck Machine\,{DT16~Excl~ME0PLYHB~20180807 - Hanna Rios - Hanna Is A Fuck Machine}
_mg_8954.jpg,934634,5ce6d1ef,\Exclusive\20180807 - Hanna Rios - Hanna Is A Fuck Machine\,{DT16~Excl~ME0PLYHB~20180807 - Hanna Rios - Hanna Is A Fuck Machine}
_mg_8955.jpg,925101,d3a4c69a,\Exclusive\20180807 - Hanna Rios - Hanna Is A Fuck Machine\,{DT16~Excl~ME0PLYHB~20180807 - Hanna Rios - Hanna Is A Fuck Machine}
_mg_8957.jpg,903474,09e84d96,\Exclusive\20180807 - Hanna Rios - Hanna Is A Fuck Machine\,{DT16~Excl~ME0PLYHB~20180807 - Hanna Rios - Hanna Is A Fuck Machine}
_mg_8958.jpg,907042,30f0777c,\Exclusive\20180807 - Hanna Rios - Hanna Is A Fuck Machine\,{DT16~Excl~ME0PLYHB~20180807 - Hanna Rios - Hanna Is A Fuck Machine}
_mg_8970.jpg,892067,12a2dfc3,\Exclusive\20180807 - Hanna Rios - Hanna Is A Fuck Machine\,{DT16~Excl~ME0PLYHB~20180807 - Hanna Rios - Hanna Is A Fuck Machine}
_mg_8971.jpg,772358,6e11e790,\Exclusive\20180807 - Hanna Rios - Hanna Is A Fuck Machine\,{DT16~Excl~ME0PLYHB~20180807 - Hanna Rios - Hanna Is A Fuck Machine}
_mg_8972.jpg,791481,3980a8b1,\Exclusive\20180807 - Hanna Rios - Hanna Is A Fuck Machine\,{DT16~Excl~ME0PLYHB~20180807 - Hanna Rios - Hanna Is A Fuck Machine}
_mg_8973.jpg,854389,80d3a925,\Exclusive\20180807 - Hanna Rios - Hanna Is A Fuck Machine\,{DT16~Excl~ME0PLYHB~20180807 - Hanna Rios - Hanna Is A Fuck Machine}
_mg_8974.jpg,749736,05885284,\Exclusive\20180807 - Hanna Rios - Hanna Is A Fuck Machine\,{DT16~Excl~ME0PLYHB~20180807 - Hanna Rios - Hanna Is A Fuck Machine}
_mg_8975.jpg,757648,97655502,\Exclusive\20180807 - Hanna Rios - Hanna Is A Fuck Machine\,{DT16~Excl~ME0PLYHB~20180807 - Hanna Rios - Hanna Is A Fuck Machine}
_mg_8976.jpg,1044444,e1f30ac2,\Exclusive\20180807 - Hanna Rios - Hanna Is A Fuck Machine\,{DT16~Excl~ME0PLYHB~20180807 - Hanna Rios - Hanna Is A Fuck Machine}
_mg_8979.jpg,939260,2eec7614,\Exclusive\20180807 - Hanna Rios - Hanna Is A Fuck Machine\,{DT16~Excl~ME0PLYHB~20180807 - Hanna Rios - Hanna Is A Fuck Machine}
_mg_8981.jpg,709746,685f2395,\Exclusive\20180807 - Hanna Rios - Hanna Is A Fuck Machine\,{DT16~Excl~ME0PLYHB~20180807 - Hanna Rios - Hanna Is A Fuck Machine}
_mg_8982.jpg,550935,93ef3a1e,\Exclusive\20180807 - Hanna Rios - Hanna Is A Fuck Machine\,{DT16~Excl~ME0PLYHB~20180807 - Hanna Rios - Hanna Is A Fuck Machine}
_mg_8983.jpg,752650,9a3d8ef5,\Exclusive\20180807 - Hanna Rios - Hanna Is A Fuck Machine\,{DT16~Excl~ME0PLYHB~20180807 - Hanna Rios - Hanna Is A Fuck Machine}
_mg_8984.jpg,805793,c25a6b95,\Exclusive\20180807 - Hanna Rios - Hanna Is A Fuck Machine\,{DT16~Excl~ME0PLYHB~20180807 - Hanna Rios - Hanna Is A Fuck Machine}
_mg_8985.jpg,765848,20164985,\Exclusive\20180807 - Hanna Rios - Hanna Is A Fuck Machine\,{DT16~Excl~ME0PLYHB~20180807 - Hanna Rios - Hanna Is A Fuck Machine}
_mg_8986.jpg,754650,cb2ca428,\Exclusive\20180807 - Hanna Rios - Hanna Is A Fuck Machine\,{DT16~Excl~ME0PLYHB~20180807 - Hanna Rios - Hanna Is A Fuck Machine}
_mg_8987.jpg,765442,1de7db71,\Exclusive\20180807 - Hanna Rios - Hanna Is A Fuck Machine\,{DT16~Excl~ME0PLYHB~20180807 - Hanna Rios - Hanna Is A Fuck Machine}
_mg_8988.jpg,655552,c6d3bad8,\Exclusive\20180807 - Hanna Rios - Hanna Is A Fuck Machine\,{DT16~Excl~ME0PLYHB~20180807 - Hanna Rios - Hanna Is A Fuck Machine}
_mg_8989.jpg,956781,4a89b4ec,\Exclusive\20180807 - Hanna Rios - Hanna Is A Fuck Machine\,{DT16~Excl~ME0PLYHB~20180807 - Hanna Rios - Hanna Is A Fuck Machine}
_mg_8991.jpg,994435,04adac07,\Exclusive\20180807 - Hanna Rios - Hanna Is A Fuck Machine\,{DT16~Excl~ME0PLYHB~20180807 - Hanna Rios - Hanna Is A Fuck Machine}
_mg_8993.jpg,1015801,a963288b,\Exclusive\20180807 - Hanna Rios - Hanna Is A Fuck Machine\,{DT16~Excl~ME0PLYHB~20180807 - Hanna Rios - Hanna Is A Fuck Machine}
_mg_8994.jpg,979932,9e8929e0,\Exclusive\20180807 - Hanna Rios - Hanna Is A Fuck Machine\,{DT16~Excl~ME0PLYHB~20180807 - Hanna Rios - Hanna Is A Fuck Machine}
_mg_8995.jpg,980792,96746cf1,\Exclusive\20180807 - Hanna Rios - Hanna Is A Fuck Machine\,{DT16~Excl~ME0PLYHB~20180807 - Hanna Rios - Hanna Is A Fuck Machine}
_mg_8996.jpg,784998,463c1465,\Exclusive\20180807 - Hanna Rios - Hanna Is A Fuck Machine\,{DT16~Excl~ME0PLYHB~20180807 - Hanna Rios - Hanna Is A Fuck Machine}
_mg_8997.jpg,825064,0d21e21e,\Exclusive\20180807 - Hanna Rios - Hanna Is A Fuck Machine\,{DT16~Excl~ME0PLYHB~20180807 - Hanna Rios - Hanna Is A Fuck Machine}
_mg_8998.jpg,815903,86a5816a,\Exclusive\20180807 - Hanna Rios - Hanna Is A Fuck Machine\,{DT16~Excl~ME0PLYHB~20180807 - Hanna Rios - Hanna Is A Fuck Machine}
_mg_9000.jpg,914013,5100364a,\Exclusive\20180807 - Hanna Rios - Hanna Is A Fuck Machine\,{DT16~Excl~ME0PLYHB~20180807 - Hanna Rios - Hanna Is A Fuck Machine}
_mg_9001.jpg,876828,8f5dcaa0,\Exclusive\20180807 - Hanna Rios - Hanna Is A Fuck Machine\,{DT16~Excl~ME0PLYHB~20180807 - Hanna Rios - Hanna Is A Fuck Machine}
_mg_9004.jpg,916197,3d5af482,\Exclusive\20180807 - Hanna Rios - Hanna Is A Fuck Machine\,{DT16~Excl~ME0PLYHB~20180807 - Hanna Rios - Hanna Is A Fuck Machine}
_mg_9005.jpg,919778,37a46d42,\Exclusive\20180807 - Hanna Rios - Hanna Is A Fuck Machine\,{DT16~Excl~ME0PLYHB~20180807 - Hanna Rios - Hanna Is A Fuck Machine}
_mg_9006.jpg,915809,2f7ac08f,\Exclusive\20180807 - Hanna Rios - Hanna Is A Fuck Machine\,{DT16~Excl~ME0PLYHB~20180807 - Hanna Rios - Hanna Is A Fuck Machine}
_mg_9007.jpg,901429,cae3ec5f,\Exclusive\20180807 - Hanna Rios - Hanna Is A Fuck Machine\,{DT16~Excl~ME0PLYHB~20180807 - Hanna Rios - Hanna Is A Fuck Machine}
_mg_9008.jpg,904702,b8385dcf,\Exclusive\20180807 - Hanna Rios - Hanna Is A Fuck Machine\,{DT16~Excl~ME0PLYHB~20180807 - Hanna Rios - Hanna Is A Fuck Machine}
_mg_9009.jpg,983886,dbdd3f60,\Exclusive\20180807 - Hanna Rios - Hanna Is A Fuck Machine\,{DT16~Excl~ME0PLYHB~20180807 - Hanna Rios - Hanna Is A Fuck Machine}
_mg_9010.jpg,968260,0fb2d0f9,\Exclusive\20180807 - Hanna Rios - Hanna Is A Fuck Machine\,{DT16~Excl~ME0PLYHB~20180807 - Hanna Rios - Hanna Is A Fuck Machine}
_mg_9011.jpg,957045,7f8bfe69,\Exclusive\20180807 - Hanna Rios - Hanna Is A Fuck Machine\,{DT16~Excl~ME0PLYHB~20180807 - Hanna Rios - Hanna Is A Fuck Machine}
_mg_9013.jpg,977121,3331f084,\Exclusive\20180807 - Hanna Rios - Hanna Is A Fuck Machine\,{DT16~Excl~ME0PLYHB~20180807 - Hanna Rios - Hanna Is A Fuck Machine}
_mg_9014.jpg,735541,381f2572,\Exclusive\20180807 - Hanna Rios - Hanna Is A Fuck Machine\,{DT16~Excl~ME0PLYHB~20180807 - Hanna Rios - Hanna Is A Fuck Machine}
_mg_9015.jpg,978650,06752b98,\Exclusive\20180807 - Hanna Rios - Hanna Is A Fuck Machine\,{DT16~Excl~ME0PLYHB~20180807 - Hanna Rios - Hanna Is A Fuck Machine}
_mg_9017.jpg,989120,5b990c6f,\Exclusive\20180807 - Hanna Rios - Hanna Is A Fuck Machine\,{DT16~Excl~ME0PLYHB~20180807 - Hanna Rios - Hanna Is A Fuck Machine}
_mg_9018.jpg,1042862,7b29a863,\Exclusive\20180807 - Hanna Rios - Hanna Is A Fuck Machine\,{DT16~Excl~ME0PLYHB~20180807 - Hanna Rios - Hanna Is A Fuck Machine}
_mg_9019.jpg,1012800,9b4b1a21,\Exclusive\20180807 - Hanna Rios - Hanna Is A Fuck Machine\,{DT16~Excl~ME0PLYHB~20180807 - Hanna Rios - Hanna Is A Fuck Machine}
_mg_9020.jpg,955631,68a00545,\Exclusive\20180807 - Hanna Rios - Hanna Is A Fuck Machine\,{DT16~Excl~ME0PLYHB~20180807 - Hanna Rios - Hanna Is A Fuck Machine}
_mg_9021.jpg,960993,14394a37,\Exclusive\20180807 - Hanna Rios - Hanna Is A Fuck Machine\,{DT16~Excl~ME0PLYHB~20180807 - Hanna Rios - Hanna Is A Fuck Machine}
_mg_9022.jpg,959148,499db845,\Exclusive\20180807 - Hanna Rios - Hanna Is A Fuck Machine\,{DT16~Excl~ME0PLYHB~20180807 - Hanna Rios - Hanna Is A Fuck Machine}
_mg_9023.jpg,818017,71e9fe29,\Exclusive\20180807 - Hanna Rios - Hanna Is A Fuck Machine\,{DT16~Excl~ME0PLYHB~20180807 - Hanna Rios - Hanna Is A Fuck Machine}
_mg_9024.jpg,804869,f3c2b6d8,\Exclusive\20180807 - Hanna Rios - Hanna Is A Fuck Machine\,{DT16~Excl~ME0PLYHB~20180807 - Hanna Rios - Hanna Is A Fuck Machine}
_mg_9025.jpg,815190,dd0bd6fb,\Exclusive\20180807 - Hanna Rios - Hanna Is A Fuck Machine\,{DT16~Excl~ME0PLYHB~20180807 - Hanna Rios - Hanna Is A Fuck Machine}
_mg_9026.jpg,821529,fabfe976,\Exclusive\20180807 - Hanna Rios - Hanna Is A Fuck Machine\,{DT16~Excl~ME0PLYHB~20180807 - Hanna Rios - Hanna Is A Fuck Machine}
_mg_9028.jpg,860054,9dac3db4,\Exclusive\20180807 - Hanna Rios - Hanna Is A Fuck Machine\,{DT16~Excl~ME0PLYHB~20180807 - Hanna Rios - Hanna Is A Fuck Machine}
_mg_9029.jpg,926637,f315bf4b,\Exclusive\20180807 - Hanna Rios - Hanna Is A Fuck Machine\,{DT16~Excl~ME0PLYHB~20180807 - Hanna Rios - Hanna Is A Fuck Machine}
_mg_9030.jpg,938029,14488d90,\Exclusive\20180807 - Hanna Rios - Hanna Is A Fuck Machine\,{DT16~Excl~ME0PLYHB~20180807 - Hanna Rios - Hanna Is A Fuck Machine}
_mg_9031.jpg,874043,827ad7ca,\Exclusive\20180807 - Hanna Rios - Hanna Is A Fuck Machine\,{DT16~Excl~ME0PLYHB~20180807 - Hanna Rios - Hanna Is A Fuck Machine}
_mg_9032.jpg,835054,69815c38,\Exclusive\20180807 - Hanna Rios - Hanna Is A Fuck Machine\,{DT16~Excl~ME0PLYHB~20180807 - Hanna Rios - Hanna Is A Fuck Machine}
_mg_9033.jpg,909635,061654e9,\Exclusive\20180807 - Hanna Rios - Hanna Is A Fuck Machine\,{DT16~Excl~ME0PLYHB~20180807 - Hanna Rios - Hanna Is A Fuck Machine}
_mg_9035.jpg,952366,02a81cdc,\Exclusive\20180807 - Hanna Rios - Hanna Is A Fuck Machine\,{DT16~Excl~ME0PLYHB~20180807 - Hanna Rios - Hanna Is A Fuck Machine}
_mg_9036.jpg,890485,afc14a47,\Exclusive\20180807 - Hanna Rios - Hanna Is A Fuck Machine\,{DT16~Excl~ME0PLYHB~20180807 - Hanna Rios - Hanna Is A Fuck Machine}
_mg_9037.jpg,786966,95570d8e,\Exclusive\20180807 - Hanna Rios - Hanna Is A Fuck Machine\,{DT16~Excl~ME0PLYHB~20180807 - Hanna Rios - Hanna Is A Fuck Machine}
_mg_9038.jpg,886774,35b6afd8,\Exclusive\20180807 - Hanna Rios - Hanna Is A Fuck Machine\,{DT16~Excl~ME0PLYHB~20180807 - Hanna Rios - Hanna Is A Fuck Machine}
_mg_9040.jpg,721813,101d894f,\Exclusive\20180807 - Hanna Rios - Hanna Is A Fuck Machine\,{DT16~Excl~ME0PLYHB~20180807 - Hanna Rios - Hanna Is A Fuck Machine}
_mg_9042.jpg,959864,aa4c0e52,\Exclusive\20180807 - Hanna Rios - Hanna Is A Fuck Machine\,{DT16~Excl~ME0PLYHB~20180807 - Hanna Rios - Hanna Is A Fuck Machine}
_mg_9043.jpg,890026,2a7f19a1,\Exclusive\20180807 - Hanna Rios - Hanna Is A Fuck Machine\,{DT16~Excl~ME0PLYHB~20180807 - Hanna Rios - Hanna Is A Fuck Machine}
_mg_9044.jpg,856424,893bdc2a,\Exclusive\20180807 - Hanna Rios - Hanna Is A Fuck Machine\,{DT16~Excl~ME0PLYHB~20180807 - Hanna Rios - Hanna Is A Fuck Machine}
_mg_9045.jpg,780290,4af31f2c,\Exclusive\20180807 - Hanna Rios - Hanna Is A Fuck Machine\,{DT16~Excl~ME0PLYHB~20180807 - Hanna Rios - Hanna Is A Fuck Machine}
_mg_9046.jpg,887822,eb7cfe3d,\Exclusive\20180807 - Hanna Rios - Hanna Is A Fuck Machine\,{DT16~Excl~ME0PLYHB~20180807 - Hanna Rios - Hanna Is A Fuck Machine}
_mg_9047.jpg,974432,ad456e2a,\Exclusive\20180807 - Hanna Rios - Hanna Is A Fuck Machine\,{DT16~Excl~ME0PLYHB~20180807 - Hanna Rios - Hanna Is A Fuck Machine}
_mg_9048.jpg,933702,15073f66,\Exclusive\20180807 - Hanna Rios - Hanna Is A Fuck Machine\,{DT16~Excl~ME0PLYHB~20180807 - Hanna Rios - Hanna Is A Fuck Machine}
_mg_9049.jpg,855092,bebf2860,\Exclusive\20180807 - Hanna Rios - Hanna Is A Fuck Machine\,{DT16~Excl~ME0PLYHB~20180807 - Hanna Rios - Hanna Is A Fuck Machine}
_mg_9050.jpg,936195,b29f0a86,\Exclusive\20180807 - Hanna Rios - Hanna Is A Fuck Machine\,{DT16~Excl~ME0PLYHB~20180807 - Hanna Rios - Hanna Is A Fuck Machine}
_mg_9052.jpg,971743,f6500475,\Exclusive\20180807 - Hanna Rios - Hanna Is A Fuck Machine\,{DT16~Excl~ME0PLYHB~20180807 - Hanna Rios - Hanna Is A Fuck Machine}
_mg_9053.jpg,858657,b9433083,\Exclusive\20180807 - Hanna Rios - Hanna Is A Fuck Machine\,{DT16~Excl~ME0PLYHB~20180807 - Hanna Rios - Hanna Is A Fuck Machine}
_mg_9054.jpg,841579,9bb9449a,\Exclusive\20180807 - Hanna Rios - Hanna Is A Fuck Machine\,{DT16~Excl~ME0PLYHB~20180807 - Hanna Rios - Hanna Is A Fuck Machine}
_mg_9055.jpg,872622,d4e0ab5e,\Exclusive\20180807 - Hanna Rios - Hanna Is A Fuck Machine\,{DT16~Excl~ME0PLYHB~20180807 - Hanna Rios - Hanna Is A Fuck Machine}
_mg_9056.jpg,822665,1962b38b,\Exclusive\20180807 - Hanna Rios - Hanna Is A Fuck Machine\,{DT16~Excl~ME0PLYHB~20180807 - Hanna Rios - Hanna Is A Fuck Machine}
_mg_9057.jpg,861039,dfa0a312,\Exclusive\20180807 - Hanna Rios - Hanna Is A Fuck Machine\,{DT16~Excl~ME0PLYHB~20180807 - Hanna Rios - Hanna Is A Fuck Machine}
_mg_9058.jpg,800985,993fccda,\Exclusive\20180807 - Hanna Rios - Hanna Is A Fuck Machine\,{DT16~Excl~ME0PLYHB~20180807 - Hanna Rios - Hanna Is A Fuck Machine}
_mg_9059.jpg,854779,42c3c1c9,\Exclusive\20180807 - Hanna Rios - Hanna Is A Fuck Machine\,{DT16~Excl~ME0PLYHB~20180807 - Hanna Rios - Hanna Is A Fuck Machine}
_mg_9060.jpg,978286,70a2cd97,\Exclusive\20180807 - Hanna Rios - Hanna Is A Fuck Machine\,{DT16~Excl~ME0PLYHB~20180807 - Hanna Rios - Hanna Is A Fuck Machine}
img_2123.jpg,1038061,44f7966b,\Exclusive\20180810 - Sabrina Sousa - How To Fuck A Tranny\,{DT16~Excl~ME0PM129~20180810 - Sabrina Sousa - How To Fuck A Tranny}
img_2124.jpg,1006729,d36c5f0a,\Exclusive\20180810 - Sabrina Sousa - How To Fuck A Tranny\,{DT16~Excl~ME0PM129~20180810 - Sabrina Sousa - How To Fuck A Tranny}
img_2125.jpg,1008737,47bef2be,\Exclusive\20180810 - Sabrina Sousa - How To Fuck A Tranny\,{DT16~Excl~ME0PM129~20180810 - Sabrina Sousa - How To Fuck A Tranny}
img_2126.jpg,929678,62b0bbc8,\Exclusive\20180810 - Sabrina Sousa - How To Fuck A Tranny\,{DT16~Excl~ME0PM129~20180810 - Sabrina Sousa - How To Fuck A Tranny}
img_2127.jpg,1009108,cb251e0b,\Exclusive\20180810 - Sabrina Sousa - How To Fuck A Tranny\,{DT16~Excl~ME0PM129~20180810 - Sabrina Sousa - How To Fuck A Tranny}
img_2128.jpg,1042561,0f1a804b,\Exclusive\20180810 - Sabrina Sousa - How To Fuck A Tranny\,{DT16~Excl~ME0PM129~20180810 - Sabrina Sousa - How To Fuck A Tranny}
img_2129.jpg,1033621,30eb2ea1,\Exclusive\20180810 - Sabrina Sousa - How To Fuck A Tranny\,{DT16~Excl~ME0PM129~20180810 - Sabrina Sousa - How To Fuck A Tranny}
img_2130.jpg,995637,150a66d8,\Exclusive\20180810 - Sabrina Sousa - How To Fuck A Tranny\,{DT16~Excl~ME0PM129~20180810 - Sabrina Sousa - How To Fuck A Tranny}
img_2131.jpg,969249,1dc0fcc3,\Exclusive\20180810 - Sabrina Sousa - How To Fuck A Tranny\,{DT16~Excl~ME0PM129~20180810 - Sabrina Sousa - How To Fuck A Tranny}
img_2132.jpg,962196,5bd06402,\Exclusive\20180810 - Sabrina Sousa - How To Fuck A Tranny\,{DT16~Excl~ME0PM129~20180810 - Sabrina Sousa - How To Fuck A Tranny}
img_2133.jpg,915192,81bbb015,\Exclusive\20180810 - Sabrina Sousa - How To Fuck A Tranny\,{DT16~Excl~ME0PM129~20180810 - Sabrina Sousa - How To Fuck A Tranny}
img_2134.jpg,1017231,f249a0f5,\Exclusive\20180810 - Sabrina Sousa - How To Fuck A Tranny\,{DT16~Excl~ME0PM129~20180810 - Sabrina Sousa - How To Fuck A Tranny}
img_2135.jpg,988517,fa7094b5,\Exclusive\20180810 - Sabrina Sousa - How To Fuck A Tranny\,{DT16~Excl~ME0PM129~20180810 - Sabrina Sousa - How To Fuck A Tranny}
img_2136.jpg,1002027,296d1654,\Exclusive\20180810 - Sabrina Sousa - How To Fuck A Tranny\,{DT16~Excl~ME0PM129~20180810 - Sabrina Sousa - How To Fuck A Tranny}
img_2137.jpg,1043415,91049c77,\Exclusive\20180810 - Sabrina Sousa - How To Fuck A Tranny\,{DT16~Excl~ME0PM129~20180810 - Sabrina Sousa - How To Fuck A Tranny}
img_2138.jpg,938205,80cb8c5d,\Exclusive\20180810 - Sabrina Sousa - How To Fuck A Tranny\,{DT16~Excl~ME0PM129~20180810 - Sabrina Sousa - How To Fuck A Tranny}
img_2139.jpg,1035835,8e24c14a,\Exclusive\20180810 - Sabrina Sousa - How To Fuck A Tranny\,{DT16~Excl~ME0PM129~20180810 - Sabrina Sousa - How To Fuck A Tranny}
img_2140.jpg,834344,23c2cab1,\Exclusive\20180810 - Sabrina Sousa - How To Fuck A Tranny\,{DT16~Excl~ME0PM129~20180810 - Sabrina Sousa - How To Fuck A Tranny}
img_2141.jpg,789713,ac6f20c9,\Exclusive\20180810 - Sabrina Sousa - How To Fuck A Tranny\,{DT16~Excl~ME0PM129~20180810 - Sabrina Sousa - How To Fuck A Tranny}
img_2142.jpg,848431,1e958323,\Exclusive\20180810 - Sabrina Sousa - How To Fuck A Tranny\,{DT16~Excl~ME0PM129~20180810 - Sabrina Sousa - How To Fuck A Tranny}
img_2143.jpg,873490,2449352e,\Exclusive\20180810 - Sabrina Sousa - How To Fuck A Tranny\,{DT16~Excl~ME0PM129~20180810 - Sabrina Sousa - How To Fuck A Tranny}
img_2144.jpg,923131,1da831ee,\Exclusive\20180810 - Sabrina Sousa - How To Fuck A Tranny\,{DT16~Excl~ME0PM129~20180810 - Sabrina Sousa - How To Fuck A Tranny}
img_2145.jpg,929514,f164d152,\Exclusive\20180810 - Sabrina Sousa - How To Fuck A Tranny\,{DT16~Excl~ME0PM129~20180810 - Sabrina Sousa - How To Fuck A Tranny}
img_2146.jpg,942405,bc0cdc52,\Exclusive\20180810 - Sabrina Sousa - How To Fuck A Tranny\,{DT16~Excl~ME0PM129~20180810 - Sabrina Sousa - How To Fuck A Tranny}
img_2147.jpg,995941,63b7fa47,\Exclusive\20180810 - Sabrina Sousa - How To Fuck A Tranny\,{DT16~Excl~ME0PM129~20180810 - Sabrina Sousa - How To Fuck A Tranny}
img_2148.jpg,883420,a2362081,\Exclusive\20180810 - Sabrina Sousa - How To Fuck A Tranny\,{DT16~Excl~ME0PM129~20180810 - Sabrina Sousa - How To Fuck A Tranny}
img_2149.jpg,986819,9f27754e,\Exclusive\20180810 - Sabrina Sousa - How To Fuck A Tranny\,{DT16~Excl~ME0PM129~20180810 - Sabrina Sousa - How To Fuck A Tranny}
img_2150.jpg,921635,38b689f7,\Exclusive\20180810 - Sabrina Sousa - How To Fuck A Tranny\,{DT16~Excl~ME0PM129~20180810 - Sabrina Sousa - How To Fuck A Tranny}
img_2151.jpg,854706,da6a4172,\Exclusive\20180810 - Sabrina Sousa - How To Fuck A Tranny\,{DT16~Excl~ME0PM129~20180810 - Sabrina Sousa - How To Fuck A Tranny}
img_2152.jpg,900149,04f2951a,\Exclusive\20180810 - Sabrina Sousa - How To Fuck A Tranny\,{DT16~Excl~ME0PM129~20180810 - Sabrina Sousa - How To Fuck A Tranny}
img_2153.jpg,877645,dbe86115,\Exclusive\20180810 - Sabrina Sousa - How To Fuck A Tranny\,{DT16~Excl~ME0PM129~20180810 - Sabrina Sousa - How To Fuck A Tranny}
img_2154.jpg,841502,17ecc89c,\Exclusive\20180810 - Sabrina Sousa - How To Fuck A Tranny\,{DT16~Excl~ME0PM129~20180810 - Sabrina Sousa - How To Fuck A Tranny}
img_2155.jpg,890469,bd14b0a7,\Exclusive\20180810 - Sabrina Sousa - How To Fuck A Tranny\,{DT16~Excl~ME0PM129~20180810 - Sabrina Sousa - How To Fuck A Tranny}
img_2156.jpg,851136,66f1ff4f,\Exclusive\20180810 - Sabrina Sousa - How To Fuck A Tranny\,{DT16~Excl~ME0PM129~20180810 - Sabrina Sousa - How To Fuck A Tranny}
img_2157.jpg,727709,f6422ef3,\Exclusive\20180810 - Sabrina Sousa - How To Fuck A Tranny\,{DT16~Excl~ME0PM129~20180810 - Sabrina Sousa - How To Fuck A Tranny}
img_2158.jpg,738461,1e39dafe,\Exclusive\20180810 - Sabrina Sousa - How To Fuck A Tranny\,{DT16~Excl~ME0PM129~20180810 - Sabrina Sousa - How To Fuck A Tranny}
img_2159.jpg,758824,6b787e36,\Exclusive\20180810 - Sabrina Sousa - How To Fuck A Tranny\,{DT16~Excl~ME0PM129~20180810 - Sabrina Sousa - How To Fuck A Tranny}
img_2160.jpg,871002,09ed9a77,\Exclusive\20180810 - Sabrina Sousa - How To Fuck A Tranny\,{DT16~Excl~ME0PM129~20180810 - Sabrina Sousa - How To Fuck A Tranny}
img_2161.jpg,771449,b70d1392,\Exclusive\20180810 - Sabrina Sousa - How To Fuck A Tranny\,{DT16~Excl~ME0PM129~20180810 - Sabrina Sousa - How To Fuck A Tranny}
img_2162.jpg,1019208,ce2a3cc8,\Exclusive\20180810 - Sabrina Sousa - How To Fuck A Tranny\,{DT16~Excl~ME0PM129~20180810 - Sabrina Sousa - How To Fuck A Tranny}
img_2163.jpg,932807,551bb6d0,\Exclusive\20180810 - Sabrina Sousa - How To Fuck A Tranny\,{DT16~Excl~ME0PM129~20180810 - Sabrina Sousa - How To Fuck A Tranny}
img_2164.jpg,1008571,3152b347,\Exclusive\20180810 - Sabrina Sousa - How To Fuck A Tranny\,{DT16~Excl~ME0PM129~20180810 - Sabrina Sousa - How To Fuck A Tranny}
img_2165.jpg,1027796,a725cfdd,\Exclusive\20180810 - Sabrina Sousa - How To Fuck A Tranny\,{DT16~Excl~ME0PM129~20180810 - Sabrina Sousa - How To Fuck A Tranny}
img_2166.jpg,986404,637b1767,\Exclusive\20180810 - Sabrina Sousa - How To Fuck A Tranny\,{DT16~Excl~ME0PM129~20180810 - Sabrina Sousa - How To Fuck A Tranny}
img_2167.jpg,919882,8ebc5743,\Exclusive\20180810 - Sabrina Sousa - How To Fuck A Tranny\,{DT16~Excl~ME0PM129~20180810 - Sabrina Sousa - How To Fuck A Tranny}
img_2168.jpg,873328,c97f5803,\Exclusive\20180810 - Sabrina Sousa - How To Fuck A Tranny\,{DT16~Excl~ME0PM129~20180810 - Sabrina Sousa - How To Fuck A Tranny}
img_2169.jpg,909246,2154361b,\Exclusive\20180810 - Sabrina Sousa - How To Fuck A Tranny\,{DT16~Excl~ME0PM129~20180810 - Sabrina Sousa - How To Fuck A Tranny}
img_2170.jpg,907546,f6dd3131,\Exclusive\20180810 - Sabrina Sousa - How To Fuck A Tranny\,{DT16~Excl~ME0PM129~20180810 - Sabrina Sousa - How To Fuck A Tranny}
img_2171.jpg,919401,8c11fbe8,\Exclusive\20180810 - Sabrina Sousa - How To Fuck A Tranny\,{DT16~Excl~ME0PM129~20180810 - Sabrina Sousa - How To Fuck A Tranny}
img_2172.jpg,891395,9f30d9aa,\Exclusive\20180810 - Sabrina Sousa - How To Fuck A Tranny\,{DT16~Excl~ME0PM129~20180810 - Sabrina Sousa - How To Fuck A Tranny}
img_2173.jpg,886557,999cb415,\Exclusive\20180810 - Sabrina Sousa - How To Fuck A Tranny\,{DT16~Excl~ME0PM129~20180810 - Sabrina Sousa - How To Fuck A Tranny}
img_2174.jpg,954481,0dcc59ec,\Exclusive\20180810 - Sabrina Sousa - How To Fuck A Tranny\,{DT16~Excl~ME0PM129~20180810 - Sabrina Sousa - How To Fuck A Tranny}
img_2175.jpg,786358,0002fc8c,\Exclusive\20180810 - Sabrina Sousa - How To Fuck A Tranny\,{DT16~Excl~ME0PM129~20180810 - Sabrina Sousa - How To Fuck A Tranny}
img_2176.jpg,848462,de1a7b9b,\Exclusive\20180810 - Sabrina Sousa - How To Fuck A Tranny\,{DT16~Excl~ME0PM129~20180810 - Sabrina Sousa - How To Fuck A Tranny}
img_2177.jpg,870680,f71bd67f,\Exclusive\20180810 - Sabrina Sousa - How To Fuck A Tranny\,{DT16~Excl~ME0PM129~20180810 - Sabrina Sousa - How To Fuck A Tranny}
img_2178.jpg,843092,b4ddb043,\Exclusive\20180810 - Sabrina Sousa - How To Fuck A Tranny\,{DT16~Excl~ME0PM129~20180810 - Sabrina Sousa - How To Fuck A Tranny}
img_2179.jpg,953317,eecd09d0,\Exclusive\20180810 - Sabrina Sousa - How To Fuck A Tranny\,{DT16~Excl~ME0PM129~20180810 - Sabrina Sousa - How To Fuck A Tranny}
img_2180.jpg,961816,2f1d6411,\Exclusive\20180810 - Sabrina Sousa - How To Fuck A Tranny\,{DT16~Excl~ME0PM129~20180810 - Sabrina Sousa - How To Fuck A Tranny}
img_2181.jpg,979208,a4da8cf3,\Exclusive\20180810 - Sabrina Sousa - How To Fuck A Tranny\,{DT16~Excl~ME0PM129~20180810 - Sabrina Sousa - How To Fuck A Tranny}
img_2182.jpg,983933,a4760e89,\Exclusive\20180810 - Sabrina Sousa - How To Fuck A Tranny\,{DT16~Excl~ME0PM129~20180810 - Sabrina Sousa - How To Fuck A Tranny}
img_2183.jpg,1013159,a243aa7f,\Exclusive\20180810 - Sabrina Sousa - How To Fuck A Tranny\,{DT16~Excl~ME0PM129~20180810 - Sabrina Sousa - How To Fuck A Tranny}
img_2184.jpg,914572,92de3f20,\Exclusive\20180810 - Sabrina Sousa - How To Fuck A Tranny\,{DT16~Excl~ME0PM129~20180810 - Sabrina Sousa - How To Fuck A Tranny}
img_2185.jpg,919250,5f1299f3,\Exclusive\20180810 - Sabrina Sousa - How To Fuck A Tranny\,{DT16~Excl~ME0PM129~20180810 - Sabrina Sousa - How To Fuck A Tranny}
img_2186.jpg,920358,f7d1c71f,\Exclusive\20180810 - Sabrina Sousa - How To Fuck A Tranny\,{DT16~Excl~ME0PM129~20180810 - Sabrina Sousa - How To Fuck A Tranny}
img_2187.jpg,923943,5ae5fb36,\Exclusive\20180810 - Sabrina Sousa - How To Fuck A Tranny\,{DT16~Excl~ME0PM129~20180810 - Sabrina Sousa - How To Fuck A Tranny}
img_2188.jpg,936492,eeb2ec22,\Exclusive\20180810 - Sabrina Sousa - How To Fuck A Tranny\,{DT16~Excl~ME0PM129~20180810 - Sabrina Sousa - How To Fuck A Tranny}
img_2189.jpg,895631,4bc5bc15,\Exclusive\20180810 - Sabrina Sousa - How To Fuck A Tranny\,{DT16~Excl~ME0PM129~20180810 - Sabrina Sousa - How To Fuck A Tranny}
img_2190.jpg,957516,31bd3d27,\Exclusive\20180810 - Sabrina Sousa - How To Fuck A Tranny\,{DT16~Excl~ME0PM129~20180810 - Sabrina Sousa - How To Fuck A Tranny}
img_2191.jpg,815610,b8d8b58e,\Exclusive\20180810 - Sabrina Sousa - How To Fuck A Tranny\,{DT16~Excl~ME0PM129~20180810 - Sabrina Sousa - How To Fuck A Tranny}
img_2192.jpg,933212,17be115c,\Exclusive\20180810 - Sabrina Sousa - How To Fuck A Tranny\,{DT16~Excl~ME0PM129~20180810 - Sabrina Sousa - How To Fuck A Tranny}
img_2193.jpg,875295,ab05b32e,\Exclusive\20180810 - Sabrina Sousa - How To Fuck A Tranny\,{DT16~Excl~ME0PM129~20180810 - Sabrina Sousa - How To Fuck A Tranny}
img_2194.jpg,871507,57c814bc,\Exclusive\20180810 - Sabrina Sousa - How To Fuck A Tranny\,{DT16~Excl~ME0PM129~20180810 - Sabrina Sousa - How To Fuck A Tranny}
img_2195.jpg,884157,f77740d4,\Exclusive\20180810 - Sabrina Sousa - How To Fuck A Tranny\,{DT16~Excl~ME0PM129~20180810 - Sabrina Sousa - How To Fuck A Tranny}
img_2196.jpg,880415,a444358a,\Exclusive\20180810 - Sabrina Sousa - How To Fuck A Tranny\,{DT16~Excl~ME0PM129~20180810 - Sabrina Sousa - How To Fuck A Tranny}
img_2197.jpg,813632,4dfc959e,\Exclusive\20180810 - Sabrina Sousa - How To Fuck A Tranny\,{DT16~Excl~ME0PM129~20180810 - Sabrina Sousa - How To Fuck A Tranny}
img_2198.jpg,724418,e12fbbab,\Exclusive\20180810 - Sabrina Sousa - How To Fuck A Tranny\,{DT16~Excl~ME0PM129~20180810 - Sabrina Sousa - How To Fuck A Tranny}
img_2199.jpg,812484,8250fda7,\Exclusive\20180810 - Sabrina Sousa - How To Fuck A Tranny\,{DT16~Excl~ME0PM129~20180810 - Sabrina Sousa - How To Fuck A Tranny}
img_2200.jpg,835080,3a1fa3c9,\Exclusive\20180810 - Sabrina Sousa - How To Fuck A Tranny\,{DT16~Excl~ME0PM129~20180810 - Sabrina Sousa - How To Fuck A Tranny}
img_2201.jpg,763729,9b700eca,\Exclusive\20180810 - Sabrina Sousa - How To Fuck A Tranny\,{DT16~Excl~ME0PM129~20180810 - Sabrina Sousa - How To Fuck A Tranny}
img_2202.jpg,689258,e49ec4b9,\Exclusive\20180810 - Sabrina Sousa - How To Fuck A Tranny\,{DT16~Excl~ME0PM129~20180810 - Sabrina Sousa - How To Fuck A Tranny}
img_2203.jpg,762664,2ff10376,\Exclusive\20180810 - Sabrina Sousa - How To Fuck A Tranny\,{DT16~Excl~ME0PM129~20180810 - Sabrina Sousa - How To Fuck A Tranny}
img_2204.jpg,865080,fd72ce8a,\Exclusive\20180810 - Sabrina Sousa - How To Fuck A Tranny\,{DT16~Excl~ME0PM129~20180810 - Sabrina Sousa - How To Fuck A Tranny}
img_2205.jpg,805329,e5bf8cd6,\Exclusive\20180810 - Sabrina Sousa - How To Fuck A Tranny\,{DT16~Excl~ME0PM129~20180810 - Sabrina Sousa - How To Fuck A Tranny}
img_2206.jpg,638953,7a1c0e16,\Exclusive\20180810 - Sabrina Sousa - How To Fuck A Tranny\,{DT16~Excl~ME0PM129~20180810 - Sabrina Sousa - How To Fuck A Tranny}
img_2207.jpg,863902,72014ca7,\Exclusive\20180810 - Sabrina Sousa - How To Fuck A Tranny\,{DT16~Excl~ME0PM129~20180810 - Sabrina Sousa - How To Fuck A Tranny}
img_2208.jpg,1049524,432f8bee,\Exclusive\20180810 - Sabrina Sousa - How To Fuck A Tranny\,{DT16~Excl~ME0PM129~20180810 - Sabrina Sousa - How To Fuck A Tranny}
img_2209.jpg,973686,6d51cbd0,\Exclusive\20180810 - Sabrina Sousa - How To Fuck A Tranny\,{DT16~Excl~ME0PM129~20180810 - Sabrina Sousa - How To Fuck A Tranny}
img_2210.jpg,1040673,b8ee6b24,\Exclusive\20180810 - Sabrina Sousa - How To Fuck A Tranny\,{DT16~Excl~ME0PM129~20180810 - Sabrina Sousa - How To Fuck A Tranny}
img_2211.jpg,1004756,0ce545fc,\Exclusive\20180810 - Sabrina Sousa - How To Fuck A Tranny\,{DT16~Excl~ME0PM129~20180810 - Sabrina Sousa - How To Fuck A Tranny}
img_2212.jpg,1052488,8b2669bc,\Exclusive\20180810 - Sabrina Sousa - How To Fuck A Tranny\,{DT16~Excl~ME0PM129~20180810 - Sabrina Sousa - How To Fuck A Tranny}
img_2213.jpg,923497,e1a17c74,\Exclusive\20180810 - Sabrina Sousa - How To Fuck A Tranny\,{DT16~Excl~ME0PM129~20180810 - Sabrina Sousa - How To Fuck A Tranny}
img_2214.jpg,910044,6043b21b,\Exclusive\20180810 - Sabrina Sousa - How To Fuck A Tranny\,{DT16~Excl~ME0PM129~20180810 - Sabrina Sousa - How To Fuck A Tranny}
img_2215.jpg,1041683,fa4b83bd,\Exclusive\20180810 - Sabrina Sousa - How To Fuck A Tranny\,{DT16~Excl~ME0PM129~20180810 - Sabrina Sousa - How To Fuck A Tranny}
img_2216.jpg,985476,8134cfdb,\Exclusive\20180810 - Sabrina Sousa - How To Fuck A Tranny\,{DT16~Excl~ME0PM129~20180810 - Sabrina Sousa - How To Fuck A Tranny}
img_2217.jpg,1058102,abd0211c,\Exclusive\20180810 - Sabrina Sousa - How To Fuck A Tranny\,{DT16~Excl~ME0PM129~20180810 - Sabrina Sousa - How To Fuck A Tranny}
img_2218.jpg,1102319,d970c0b2,\Exclusive\20180810 - Sabrina Sousa - How To Fuck A Tranny\,{DT16~Excl~ME0PM129~20180810 - Sabrina Sousa - How To Fuck A Tranny}
img_2219.jpg,979226,6be87d7c,\Exclusive\20180810 - Sabrina Sousa - How To Fuck A Tranny\,{DT16~Excl~ME0PM129~20180810 - Sabrina Sousa - How To Fuck A Tranny}
img_2220.jpg,890253,24993087,\Exclusive\20180810 - Sabrina Sousa - How To Fuck A Tranny\,{DT16~Excl~ME0PM129~20180810 - Sabrina Sousa - How To Fuck A Tranny}
img_2221.jpg,996252,8fb7e518,\Exclusive\20180810 - Sabrina Sousa - How To Fuck A Tranny\,{DT16~Excl~ME0PM129~20180810 - Sabrina Sousa - How To Fuck A Tranny}
img_2222.jpg,900241,ca6fa674,\Exclusive\20180810 - Sabrina Sousa - How To Fuck A Tranny\,{DT16~Excl~ME0PM129~20180810 - Sabrina Sousa - How To Fuck A Tranny}
img_2223.jpg,927353,4c85fbd5,\Exclusive\20180810 - Sabrina Sousa - How To Fuck A Tranny\,{DT16~Excl~ME0PM129~20180810 - Sabrina Sousa - How To Fuck A Tranny}
img_2224.jpg,1005147,a4698235,\Exclusive\20180810 - Sabrina Sousa - How To Fuck A Tranny\,{DT16~Excl~ME0PM129~20180810 - Sabrina Sousa - How To Fuck A Tranny}
img_2225.jpg,977027,ac970e0a,\Exclusive\20180810 - Sabrina Sousa - How To Fuck A Tranny\,{DT16~Excl~ME0PM129~20180810 - Sabrina Sousa - How To Fuck A Tranny}
img_2226.jpg,1084177,99904d71,\Exclusive\20180810 - Sabrina Sousa - How To Fuck A Tranny\,{DT16~Excl~ME0PM129~20180810 - Sabrina Sousa - How To Fuck A Tranny}
img_2227.jpg,1065434,8c3fcb25,\Exclusive\20180810 - Sabrina Sousa - How To Fuck A Tranny\,{DT16~Excl~ME0PM129~20180810 - Sabrina Sousa - How To Fuck A Tranny}
img_2228.jpg,982311,bd743a0a,\Exclusive\20180810 - Sabrina Sousa - How To Fuck A Tranny\,{DT16~Excl~ME0PM129~20180810 - Sabrina Sousa - How To Fuck A Tranny}
img_2229.jpg,1040756,071d99c1,\Exclusive\20180810 - Sabrina Sousa - How To Fuck A Tranny\,{DT16~Excl~ME0PM129~20180810 - Sabrina Sousa - How To Fuck A Tranny}
img_2230.jpg,1028826,55e9eb8d,\Exclusive\20180810 - Sabrina Sousa - How To Fuck A Tranny\,{DT16~Excl~ME0PM129~20180810 - Sabrina Sousa - How To Fuck A Tranny}
img_2231.jpg,998462,1182b526,\Exclusive\20180810 - Sabrina Sousa - How To Fuck A Tranny\,{DT16~Excl~ME0PM129~20180810 - Sabrina Sousa - How To Fuck A Tranny}
img_2232.jpg,996394,1818595b,\Exclusive\20180810 - Sabrina Sousa - How To Fuck A Tranny\,{DT16~Excl~ME0PM129~20180810 - Sabrina Sousa - How To Fuck A Tranny}
img_2233.jpg,874769,9d7a66bd,\Exclusive\20180810 - Sabrina Sousa - How To Fuck A Tranny\,{DT16~Excl~ME0PM129~20180810 - Sabrina Sousa - How To Fuck A Tranny}
img_2234.jpg,897376,08c843c2,\Exclusive\20180810 - Sabrina Sousa - How To Fuck A Tranny\,{DT16~Excl~ME0PM129~20180810 - Sabrina Sousa - How To Fuck A Tranny}
img_2235.jpg,913429,de7018f6,\Exclusive\20180810 - Sabrina Sousa - How To Fuck A Tranny\,{DT16~Excl~ME0PM129~20180810 - Sabrina Sousa - How To Fuck A Tranny}
img_2236.jpg,922574,1ac18f9b,\Exclusive\20180810 - Sabrina Sousa - How To Fuck A Tranny\,{DT16~Excl~ME0PM129~20180810 - Sabrina Sousa - How To Fuck A Tranny}
img_2237.jpg,740497,c42d7003,\Exclusive\20180810 - Sabrina Sousa - How To Fuck A Tranny\,{DT16~Excl~ME0PM129~20180810 - Sabrina Sousa - How To Fuck A Tranny}
img_2238.jpg,1175501,3a2aedda,\Exclusive\20180810 - Sabrina Sousa - How To Fuck A Tranny\,{DT16~Excl~ME0PM129~20180810 - Sabrina Sousa - How To Fuck A Tranny}
img_2239.jpg,1285958,29c1e38e,\Exclusive\20180810 - Sabrina Sousa - How To Fuck A Tranny\,{DT16~Excl~ME0PM129~20180810 - Sabrina Sousa - How To Fuck A Tranny}
img_2240.jpg,1224770,4352338f,\Exclusive\20180810 - Sabrina Sousa - How To Fuck A Tranny\,{DT16~Excl~ME0PM129~20180810 - Sabrina Sousa - How To Fuck A Tranny}
img_2241.jpg,1265508,69ee581a,\Exclusive\20180810 - Sabrina Sousa - How To Fuck A Tranny\,{DT16~Excl~ME0PM129~20180810 - Sabrina Sousa - How To Fuck A Tranny}
img_2242.jpg,1218310,73d73fb5,\Exclusive\20180810 - Sabrina Sousa - How To Fuck A Tranny\,{DT16~Excl~ME0PM129~20180810 - Sabrina Sousa - How To Fuck A Tranny}
img_2243.jpg,1309503,25a66927,\Exclusive\20180810 - Sabrina Sousa - How To Fuck A Tranny\,{DT16~Excl~ME0PM129~20180810 - Sabrina Sousa - How To Fuck A Tranny}
img_2244.jpg,1137916,ef9e1600,\Exclusive\20180810 - Sabrina Sousa - How To Fuck A Tranny\,{DT16~Excl~ME0PM129~20180810 - Sabrina Sousa - How To Fuck A Tranny}
img_2245.jpg,1015016,4128881d,\Exclusive\20180810 - Sabrina Sousa - How To Fuck A Tranny\,{DT16~Excl~ME0PM129~20180810 - Sabrina Sousa - How To Fuck A Tranny}
img_2246.jpg,1016055,e50a6b4c,\Exclusive\20180810 - Sabrina Sousa - How To Fuck A Tranny\,{DT16~Excl~ME0PM129~20180810 - Sabrina Sousa - How To Fuck A Tranny}
img_2247.jpg,968978,b2a33489,\Exclusive\20180810 - Sabrina Sousa - How To Fuck A Tranny\,{DT16~Excl~ME0PM129~20180810 - Sabrina Sousa - How To Fuck A Tranny}
img_2248.jpg,1012908,92411416,\Exclusive\20180810 - Sabrina Sousa - How To Fuck A Tranny\,{DT16~Excl~ME0PM129~20180810 - Sabrina Sousa - How To Fuck A Tranny}
img_2249.jpg,1000658,8b58ca68,\Exclusive\20180810 - Sabrina Sousa - How To Fuck A Tranny\,{DT16~Excl~ME0PM129~20180810 - Sabrina Sousa - How To Fuck A Tranny}
img_2250.jpg,808387,c7a7f6d5,\Exclusive\20180810 - Sabrina Sousa - How To Fuck A Tranny\,{DT16~Excl~ME0PM129~20180810 - Sabrina Sousa - How To Fuck A Tranny}
img_2251.jpg,672157,224bd523,\Exclusive\20180810 - Sabrina Sousa - How To Fuck A Tranny\,{DT16~Excl~ME0PM129~20180810 - Sabrina Sousa - How To Fuck A Tranny}
img_2252.jpg,608815,87defa01,\Exclusive\20180810 - Sabrina Sousa - How To Fuck A Tranny\,{DT16~Excl~ME0PM129~20180810 - Sabrina Sousa - How To Fuck A Tranny}
img_2253.jpg,657170,224304c6,\Exclusive\20180810 - Sabrina Sousa - How To Fuck A Tranny\,{DT16~Excl~ME0PM129~20180810 - Sabrina Sousa - How To Fuck A Tranny}
img_2254.jpg,337426,eb9addcb,\Exclusive\20180810 - Sabrina Sousa - How To Fuck A Tranny\,{DT16~Excl~ME0PM129~20180810 - Sabrina Sousa - How To Fuck A Tranny}
img_2255.jpg,444576,3e9c7d87,\Exclusive\20180810 - Sabrina Sousa - How To Fuck A Tranny\,{DT16~Excl~ME0PM129~20180810 - Sabrina Sousa - How To Fuck A Tranny}
img_2256.jpg,538084,1310c949,\Exclusive\20180810 - Sabrina Sousa - How To Fuck A Tranny\,{DT16~Excl~ME0PM129~20180810 - Sabrina Sousa - How To Fuck A Tranny}
img_2257.jpg,620213,06b9e37b,\Exclusive\20180810 - Sabrina Sousa - How To Fuck A Tranny\,{DT16~Excl~ME0PM129~20180810 - Sabrina Sousa - How To Fuck A Tranny}
img_2258.jpg,644033,3ce2a0b8,\Exclusive\20180810 - Sabrina Sousa - How To Fuck A Tranny\,{DT16~Excl~ME0PM129~20180810 - Sabrina Sousa - How To Fuck A Tranny}
img_2259.jpg,521893,df17ca82,\Exclusive\20180810 - Sabrina Sousa - How To Fuck A Tranny\,{DT16~Excl~ME0PM129~20180810 - Sabrina Sousa - How To Fuck A Tranny}
img_2260.jpg,556912,baad7f7c,\Exclusive\20180810 - Sabrina Sousa - How To Fuck A Tranny\,{DT16~Excl~ME0PM129~20180810 - Sabrina Sousa - How To Fuck A Tranny}
img_2261.jpg,671105,fa490234,\Exclusive\20180810 - Sabrina Sousa - How To Fuck A Tranny\,{DT16~Excl~ME0PM129~20180810 - Sabrina Sousa - How To Fuck A Tranny}
img_2262.jpg,576716,3295ff36,\Exclusive\20180810 - Sabrina Sousa - How To Fuck A Tranny\,{DT16~Excl~ME0PM129~20180810 - Sabrina Sousa - How To Fuck A Tranny}
img_2263.jpg,584733,77fe7874,\Exclusive\20180810 - Sabrina Sousa - How To Fuck A Tranny\,{DT16~Excl~ME0PM129~20180810 - Sabrina Sousa - How To Fuck A Tranny}
img_2264.jpg,639095,71cd2675,\Exclusive\20180810 - Sabrina Sousa - How To Fuck A Tranny\,{DT16~Excl~ME0PM129~20180810 - Sabrina Sousa - How To Fuck A Tranny}
img_2265.jpg,639927,916413d9,\Exclusive\20180810 - Sabrina Sousa - How To Fuck A Tranny\,{DT16~Excl~ME0PM129~20180810 - Sabrina Sousa - How To Fuck A Tranny}
img_2266.jpg,643953,b004f236,\Exclusive\20180810 - Sabrina Sousa - How To Fuck A Tranny\,{DT16~Excl~ME0PM129~20180810 - Sabrina Sousa - How To Fuck A Tranny}
img_2267.jpg,665642,64d09950,\Exclusive\20180810 - Sabrina Sousa - How To Fuck A Tranny\,{DT16~Excl~ME0PM129~20180810 - Sabrina Sousa - How To Fuck A Tranny}
img_2268.jpg,633393,84beb07a,\Exclusive\20180810 - Sabrina Sousa - How To Fuck A Tranny\,{DT16~Excl~ME0PM129~20180810 - Sabrina Sousa - How To Fuck A Tranny}
img_2269.jpg,687148,eff22d7d,\Exclusive\20180810 - Sabrina Sousa - How To Fuck A Tranny\,{DT16~Excl~ME0PM129~20180810 - Sabrina Sousa - How To Fuck A Tranny}
img_2270.jpg,685911,4910e29e,\Exclusive\20180810 - Sabrina Sousa - How To Fuck A Tranny\,{DT16~Excl~ME0PM129~20180810 - Sabrina Sousa - How To Fuck A Tranny}
img_2271.jpg,697288,18c6a3d7,\Exclusive\20180810 - Sabrina Sousa - How To Fuck A Tranny\,{DT16~Excl~ME0PM129~20180810 - Sabrina Sousa - How To Fuck A Tranny}
img_2272.jpg,684016,82002c6b,\Exclusive\20180810 - Sabrina Sousa - How To Fuck A Tranny\,{DT16~Excl~ME0PM129~20180810 - Sabrina Sousa - How To Fuck A Tranny}
img_2273.jpg,706639,8abd2207,\Exclusive\20180810 - Sabrina Sousa - How To Fuck A Tranny\,{DT16~Excl~ME0PM129~20180810 - Sabrina Sousa - How To Fuck A Tranny}
img_2274.jpg,667125,f127de9e,\Exclusive\20180810 - Sabrina Sousa - How To Fuck A Tranny\,{DT16~Excl~ME0PM129~20180810 - Sabrina Sousa - How To Fuck A Tranny}
img_2275.jpg,672260,bf9c3618,\Exclusive\20180810 - Sabrina Sousa - How To Fuck A Tranny\,{DT16~Excl~ME0PM129~20180810 - Sabrina Sousa - How To Fuck A Tranny}
img_2276.jpg,665713,0cebdfef,\Exclusive\20180810 - Sabrina Sousa - How To Fuck A Tranny\,{DT16~Excl~ME0PM129~20180810 - Sabrina Sousa - How To Fuck A Tranny}
img_2277.jpg,734104,e4900221,\Exclusive\20180810 - Sabrina Sousa - How To Fuck A Tranny\,{DT16~Excl~ME0PM129~20180810 - Sabrina Sousa - How To Fuck A Tranny}
img_2278.jpg,704766,41c0916f,\Exclusive\20180810 - Sabrina Sousa - How To Fuck A Tranny\,{DT16~Excl~ME0PM129~20180810 - Sabrina Sousa - How To Fuck A Tranny}
img_2279.jpg,664605,9eb64a97,\Exclusive\20180810 - Sabrina Sousa - How To Fuck A Tranny\,{DT16~Excl~ME0PM129~20180810 - Sabrina Sousa - How To Fuck A Tranny}
img_2280.jpg,709752,56825a24,\Exclusive\20180810 - Sabrina Sousa - How To Fuck A Tranny\,{DT16~Excl~ME0PM129~20180810 - Sabrina Sousa - How To Fuck A Tranny}
img_2281.jpg,625796,36f936c6,\Exclusive\20180810 - Sabrina Sousa - How To Fuck A Tranny\,{DT16~Excl~ME0PM129~20180810 - Sabrina Sousa - How To Fuck A Tranny}
img_2282.jpg,660186,2677c20e,\Exclusive\20180810 - Sabrina Sousa - How To Fuck A Tranny\,{DT16~Excl~ME0PM129~20180810 - Sabrina Sousa - How To Fuck A Tranny}
img_2283.jpg,627566,cba18517,\Exclusive\20180810 - Sabrina Sousa - How To Fuck A Tranny\,{DT16~Excl~ME0PM129~20180810 - Sabrina Sousa - How To Fuck A Tranny}
img_2284.jpg,513975,3104ef1b,\Exclusive\20180810 - Sabrina Sousa - How To Fuck A Tranny\,{DT16~Excl~ME0PM129~20180810 - Sabrina Sousa - How To Fuck A Tranny}
img_2285.jpg,717140,5c59e062,\Exclusive\20180810 - Sabrina Sousa - How To Fuck A Tranny\,{DT16~Excl~ME0PM129~20180810 - Sabrina Sousa - How To Fuck A Tranny}
img_2286.jpg,655888,bdc1ea25,\Exclusive\20180810 - Sabrina Sousa - How To Fuck A Tranny\,{DT16~Excl~ME0PM129~20180810 - Sabrina Sousa - How To Fuck A Tranny}
img_2287.jpg,624078,42bd963a,\Exclusive\20180810 - Sabrina Sousa - How To Fuck A Tranny\,{DT16~Excl~ME0PM129~20180810 - Sabrina Sousa - How To Fuck A Tranny}
img_2288.jpg,731825,8e22a362,\Exclusive\20180810 - Sabrina Sousa - How To Fuck A Tranny\,{DT16~Excl~ME0PM129~20180810 - Sabrina Sousa - How To Fuck A Tranny}
img_2289.jpg,641121,e521fccc,\Exclusive\20180810 - Sabrina Sousa - How To Fuck A Tranny\,{DT16~Excl~ME0PM129~20180810 - Sabrina Sousa - How To Fuck A Tranny}
img_2290.jpg,549868,5ed4fbe5,\Exclusive\20180810 - Sabrina Sousa - How To Fuck A Tranny\,{DT16~Excl~ME0PM129~20180810 - Sabrina Sousa - How To Fuck A Tranny}
img_2291.jpg,510756,4b6f3fae,\Exclusive\20180810 - Sabrina Sousa - How To Fuck A Tranny\,{DT16~Excl~ME0PM129~20180810 - Sabrina Sousa - How To Fuck A Tranny}
img_2292.jpg,631147,89e9d278,\Exclusive\20180810 - Sabrina Sousa - How To Fuck A Tranny\,{DT16~Excl~ME0PM129~20180810 - Sabrina Sousa - How To Fuck A Tranny}
img_2293.jpg,569687,effb277d,\Exclusive\20180810 - Sabrina Sousa - How To Fuck A Tranny\,{DT16~Excl~ME0PM129~20180810 - Sabrina Sousa - How To Fuck A Tranny}
img_2294.jpg,616977,205ef909,\Exclusive\20180810 - Sabrina Sousa - How To Fuck A Tranny\,{DT16~Excl~ME0PM129~20180810 - Sabrina Sousa - How To Fuck A Tranny}
img_2295.jpg,478562,3c9caaca,\Exclusive\20180810 - Sabrina Sousa - How To Fuck A Tranny\,{DT16~Excl~ME0PM129~20180810 - Sabrina Sousa - How To Fuck A Tranny}
img_2296.jpg,597480,8e2b95a6,\Exclusive\20180810 - Sabrina Sousa - How To Fuck A Tranny\,{DT16~Excl~ME0PM129~20180810 - Sabrina Sousa - How To Fuck A Tranny}
img_2297.jpg,599544,5d0782fb,\Exclusive\20180810 - Sabrina Sousa - How To Fuck A Tranny\,{DT16~Excl~ME0PM129~20180810 - Sabrina Sousa - How To Fuck A Tranny}
img_2298.jpg,567692,db195591,\Exclusive\20180810 - Sabrina Sousa - How To Fuck A Tranny\,{DT16~Excl~ME0PM129~20180810 - Sabrina Sousa - How To Fuck A Tranny}
img_2299.jpg,578624,5873fc54,\Exclusive\20180810 - Sabrina Sousa - How To Fuck A Tranny\,{DT16~Excl~ME0PM129~20180810 - Sabrina Sousa - How To Fuck A Tranny}
img_2300.jpg,612394,88d38436,\Exclusive\20180810 - Sabrina Sousa - How To Fuck A Tranny\,{DT16~Excl~ME0PM129~20180810 - Sabrina Sousa - How To Fuck A Tranny}
img_2301.jpg,695586,a8b875c7,\Exclusive\20180810 - Sabrina Sousa - How To Fuck A Tranny\,{DT16~Excl~ME0PM129~20180810 - Sabrina Sousa - How To Fuck A Tranny}
img_2302.jpg,644794,5c8f9ca0,\Exclusive\20180810 - Sabrina Sousa - How To Fuck A Tranny\,{DT16~Excl~ME0PM129~20180810 - Sabrina Sousa - How To Fuck A Tranny}
img_2303.jpg,491655,577509a4,\Exclusive\20180810 - Sabrina Sousa - How To Fuck A Tranny\,{DT16~Excl~ME0PM129~20180810 - Sabrina Sousa - How To Fuck A Tranny}
img_2304.jpg,540703,9ce86f05,\Exclusive\20180810 - Sabrina Sousa - How To Fuck A Tranny\,{DT16~Excl~ME0PM129~20180810 - Sabrina Sousa - How To Fuck A Tranny}
img_2305.jpg,567100,91403b7d,\Exclusive\20180810 - Sabrina Sousa - How To Fuck A Tranny\,{DT16~Excl~ME0PM129~20180810 - Sabrina Sousa - How To Fuck A Tranny}
img_2306.jpg,563242,c58b2224,\Exclusive\20180810 - Sabrina Sousa - How To Fuck A Tranny\,{DT16~Excl~ME0PM129~20180810 - Sabrina Sousa - How To Fuck A Tranny}
img_2307.jpg,599633,0dce9188,\Exclusive\20180810 - Sabrina Sousa - How To Fuck A Tranny\,{DT16~Excl~ME0PM129~20180810 - Sabrina Sousa - How To Fuck A Tranny}
img_2308.jpg,634604,781ab702,\Exclusive\20180810 - Sabrina Sousa - How To Fuck A Tranny\,{DT16~Excl~ME0PM129~20180810 - Sabrina Sousa - How To Fuck A Tranny}
img_2309.jpg,645380,8de6c151,\Exclusive\20180810 - Sabrina Sousa - How To Fuck A Tranny\,{DT16~Excl~ME0PM129~20180810 - Sabrina Sousa - How To Fuck A Tranny}
img_2310.jpg,563979,a2e2219b,\Exclusive\20180810 - Sabrina Sousa - How To Fuck A Tranny\,{DT16~Excl~ME0PM129~20180810 - Sabrina Sousa - How To Fuck A Tranny}
img_2311.jpg,620611,e7957fbc,\Exclusive\20180810 - Sabrina Sousa - How To Fuck A Tranny\,{DT16~Excl~ME0PM129~20180810 - Sabrina Sousa - How To Fuck A Tranny}
img_2312.jpg,616460,ae4ce90e,\Exclusive\20180810 - Sabrina Sousa - How To Fuck A Tranny\,{DT16~Excl~ME0PM129~20180810 - Sabrina Sousa - How To Fuck A Tranny}
img_2313.jpg,622929,c7af104d,\Exclusive\20180810 - Sabrina Sousa - How To Fuck A Tranny\,{DT16~Excl~ME0PM129~20180810 - Sabrina Sousa - How To Fuck A Tranny}
img_2314.jpg,584249,e3d2895b,\Exclusive\20180810 - Sabrina Sousa - How To Fuck A Tranny\,{DT16~Excl~ME0PM129~20180810 - Sabrina Sousa - How To Fuck A Tranny}
img_2315.jpg,490815,2db16cd4,\Exclusive\20180810 - Sabrina Sousa - How To Fuck A Tranny\,{DT16~Excl~ME0PM129~20180810 - Sabrina Sousa - How To Fuck A Tranny}
img_2316.jpg,673739,c60eb38a,\Exclusive\20180810 - Sabrina Sousa - How To Fuck A Tranny\,{DT16~Excl~ME0PM129~20180810 - Sabrina Sousa - How To Fuck A Tranny}
img_2317.jpg,705809,4ad6b8da,\Exclusive\20180810 - Sabrina Sousa - How To Fuck A Tranny\,{DT16~Excl~ME0PM129~20180810 - Sabrina Sousa - How To Fuck A Tranny}
img_2318.jpg,719673,32b8113d,\Exclusive\20180810 - Sabrina Sousa - How To Fuck A Tranny\,{DT16~Excl~ME0PM129~20180810 - Sabrina Sousa - How To Fuck A Tranny}
img_2319.jpg,760277,0c5f7db5,\Exclusive\20180810 - Sabrina Sousa - How To Fuck A Tranny\,{DT16~Excl~ME0PM129~20180810 - Sabrina Sousa - How To Fuck A Tranny}
img_2320.jpg,745447,94620f74,\Exclusive\20180810 - Sabrina Sousa - How To Fuck A Tranny\,{DT16~Excl~ME0PM129~20180810 - Sabrina Sousa - How To Fuck A Tranny}
img_2321.jpg,689476,68a434d8,\Exclusive\20180810 - Sabrina Sousa - How To Fuck A Tranny\,{DT16~Excl~ME0PM129~20180810 - Sabrina Sousa - How To Fuck A Tranny}
img_2322.jpg,512568,eccd81ee,\Exclusive\20180810 - Sabrina Sousa - How To Fuck A Tranny\,{DT16~Excl~ME0PM129~20180810 - Sabrina Sousa - How To Fuck A Tranny}
img_2323.jpg,655332,cccc03e1,\Exclusive\20180810 - Sabrina Sousa - How To Fuck A Tranny\,{DT16~Excl~ME0PM129~20180810 - Sabrina Sousa - How To Fuck A Tranny}
img_2324.jpg,605790,b70baf5b,\Exclusive\20180810 - Sabrina Sousa - How To Fuck A Tranny\,{DT16~Excl~ME0PM129~20180810 - Sabrina Sousa - How To Fuck A Tranny}
img_2325.jpg,755570,d059a32d,\Exclusive\20180810 - Sabrina Sousa - How To Fuck A Tranny\,{DT16~Excl~ME0PM129~20180810 - Sabrina Sousa - How To Fuck A Tranny}
img_2326.jpg,671356,0736ee19,\Exclusive\20180810 - Sabrina Sousa - How To Fuck A Tranny\,{DT16~Excl~ME0PM129~20180810 - Sabrina Sousa - How To Fuck A Tranny}
img_2327.jpg,628963,941657e9,\Exclusive\20180810 - Sabrina Sousa - How To Fuck A Tranny\,{DT16~Excl~ME0PM129~20180810 - Sabrina Sousa - How To Fuck A Tranny}
img_2328.jpg,584510,6e2ddd74,\Exclusive\20180810 - Sabrina Sousa - How To Fuck A Tranny\,{DT16~Excl~ME0PM129~20180810 - Sabrina Sousa - How To Fuck A Tranny}
img_2329.jpg,623818,48b78574,\Exclusive\20180810 - Sabrina Sousa - How To Fuck A Tranny\,{DT16~Excl~ME0PM129~20180810 - Sabrina Sousa - How To Fuck A Tranny}
img_2330.jpg,638753,da714bf2,\Exclusive\20180810 - Sabrina Sousa - How To Fuck A Tranny\,{DT16~Excl~ME0PM129~20180810 - Sabrina Sousa - How To Fuck A Tranny}
img_2331.jpg,536382,ab9fd779,\Exclusive\20180810 - Sabrina Sousa - How To Fuck A Tranny\,{DT16~Excl~ME0PM129~20180810 - Sabrina Sousa - How To Fuck A Tranny}
img_2332.jpg,451489,d03bbdbd,\Exclusive\20180810 - Sabrina Sousa - How To Fuck A Tranny\,{DT16~Excl~ME0PM129~20180810 - Sabrina Sousa - How To Fuck A Tranny}
img_2333.jpg,460951,2b417a84,\Exclusive\20180810 - Sabrina Sousa - How To Fuck A Tranny\,{DT16~Excl~ME0PM129~20180810 - Sabrina Sousa - How To Fuck A Tranny}
img_2334.jpg,455663,68ed8a4c,\Exclusive\20180810 - Sabrina Sousa - How To Fuck A Tranny\,{DT16~Excl~ME0PM129~20180810 - Sabrina Sousa - How To Fuck A Tranny}
img_2335.jpg,423934,2261de6d,\Exclusive\20180810 - Sabrina Sousa - How To Fuck A Tranny\,{DT16~Excl~ME0PM129~20180810 - Sabrina Sousa - How To Fuck A Tranny}
img_2336.jpg,479794,8071e185,\Exclusive\20180810 - Sabrina Sousa - How To Fuck A Tranny\,{DT16~Excl~ME0PM129~20180810 - Sabrina Sousa - How To Fuck A Tranny}
img_2337.jpg,672178,b8c91040,\Exclusive\20180810 - Sabrina Sousa - How To Fuck A Tranny\,{DT16~Excl~ME0PM129~20180810 - Sabrina Sousa - How To Fuck A Tranny}
img_2338.jpg,404552,1a61116b,\Exclusive\20180810 - Sabrina Sousa - How To Fuck A Tranny\,{DT16~Excl~ME0PM129~20180810 - Sabrina Sousa - How To Fuck A Tranny}
img_2339.jpg,589764,cf747aad,\Exclusive\20180810 - Sabrina Sousa - How To Fuck A Tranny\,{DT16~Excl~ME0PM129~20180810 - Sabrina Sousa - How To Fuck A Tranny}
img_2340.jpg,578692,10da6a33,\Exclusive\20180810 - Sabrina Sousa - How To Fuck A Tranny\,{DT16~Excl~ME0PM129~20180810 - Sabrina Sousa - How To Fuck A Tranny}
img_2341.jpg,699908,c05c2675,\Exclusive\20180810 - Sabrina Sousa - How To Fuck A Tranny\,{DT16~Excl~ME0PM129~20180810 - Sabrina Sousa - How To Fuck A Tranny}
img_2342.jpg,724054,dd74fe95,\Exclusive\20180810 - Sabrina Sousa - How To Fuck A Tranny\,{DT16~Excl~ME0PM129~20180810 - Sabrina Sousa - How To Fuck A Tranny}
img_2343.jpg,686635,96bfa6d5,\Exclusive\20180810 - Sabrina Sousa - How To Fuck A Tranny\,{DT16~Excl~ME0PM129~20180810 - Sabrina Sousa - How To Fuck A Tranny}
img_2344.jpg,685747,ba3e26a9,\Exclusive\20180810 - Sabrina Sousa - How To Fuck A Tranny\,{DT16~Excl~ME0PM129~20180810 - Sabrina Sousa - How To Fuck A Tranny}
img_2345.jpg,646271,ad6c0c49,\Exclusive\20180810 - Sabrina Sousa - How To Fuck A Tranny\,{DT16~Excl~ME0PM129~20180810 - Sabrina Sousa - How To Fuck A Tranny}
img_2346.jpg,668998,7066e65b,\Exclusive\20180810 - Sabrina Sousa - How To Fuck A Tranny\,{DT16~Excl~ME0PM129~20180810 - Sabrina Sousa - How To Fuck A Tranny}
img_2347.jpg,597683,2ebbab81,\Exclusive\20180810 - Sabrina Sousa - How To Fuck A Tranny\,{DT16~Excl~ME0PM129~20180810 - Sabrina Sousa - How To Fuck A Tranny}
img_2348.jpg,522005,4a5729e8,\Exclusive\20180810 - Sabrina Sousa - How To Fuck A Tranny\,{DT16~Excl~ME0PM129~20180810 - Sabrina Sousa - How To Fuck A Tranny}
img_2349.jpg,539954,29ec1c27,\Exclusive\20180810 - Sabrina Sousa - How To Fuck A Tranny\,{DT16~Excl~ME0PM129~20180810 - Sabrina Sousa - How To Fuck A Tranny}
img_2350.jpg,622432,21ca99e1,\Exclusive\20180810 - Sabrina Sousa - How To Fuck A Tranny\,{DT16~Excl~ME0PM129~20180810 - Sabrina Sousa - How To Fuck A Tranny}
img_2351.jpg,645432,4ee0ecc5,\Exclusive\20180810 - Sabrina Sousa - How To Fuck A Tranny\,{DT16~Excl~ME0PM129~20180810 - Sabrina Sousa - How To Fuck A Tranny}
img_2352.jpg,553251,74ccc0fd,\Exclusive\20180810 - Sabrina Sousa - How To Fuck A Tranny\,{DT16~Excl~ME0PM129~20180810 - Sabrina Sousa - How To Fuck A Tranny}
img_2353.jpg,577573,3a0e7a3d,\Exclusive\20180810 - Sabrina Sousa - How To Fuck A Tranny\,{DT16~Excl~ME0PM129~20180810 - Sabrina Sousa - How To Fuck A Tranny}
img_2354.jpg,561346,42beb929,\Exclusive\20180810 - Sabrina Sousa - How To Fuck A Tranny\,{DT16~Excl~ME0PM129~20180810 - Sabrina Sousa - How To Fuck A Tranny}
img_2355.jpg,613239,d343d59b,\Exclusive\20180810 - Sabrina Sousa - How To Fuck A Tranny\,{DT16~Excl~ME0PM129~20180810 - Sabrina Sousa - How To Fuck A Tranny}
img_2356.jpg,567689,45c3ff9a,\Exclusive\20180810 - Sabrina Sousa - How To Fuck A Tranny\,{DT16~Excl~ME0PM129~20180810 - Sabrina Sousa - How To Fuck A Tranny}
img_2357.jpg,554340,6f6e0eae,\Exclusive\20180810 - Sabrina Sousa - How To Fuck A Tranny\,{DT16~Excl~ME0PM129~20180810 - Sabrina Sousa - How To Fuck A Tranny}
img_2358.jpg,464093,ed49bf66,\Exclusive\20180810 - Sabrina Sousa - How To Fuck A Tranny\,{DT16~Excl~ME0PM129~20180810 - Sabrina Sousa - How To Fuck A Tranny}
img_2359.jpg,602038,3593786a,\Exclusive\20180810 - Sabrina Sousa - How To Fuck A Tranny\,{DT16~Excl~ME0PM129~20180810 - Sabrina Sousa - How To Fuck A Tranny}
img_2360.jpg,562351,00c1c6a2,\Exclusive\20180810 - Sabrina Sousa - How To Fuck A Tranny\,{DT16~Excl~ME0PM129~20180810 - Sabrina Sousa - How To Fuck A Tranny}
img_2361.jpg,575714,72962eac,\Exclusive\20180810 - Sabrina Sousa - How To Fuck A Tranny\,{DT16~Excl~ME0PM129~20180810 - Sabrina Sousa - How To Fuck A Tranny}
img_2362.jpg,609097,3a6d9416,\Exclusive\20180810 - Sabrina Sousa - How To Fuck A Tranny\,{DT16~Excl~ME0PM129~20180810 - Sabrina Sousa - How To Fuck A Tranny}
img_2363.jpg,607728,20faa752,\Exclusive\20180810 - Sabrina Sousa - How To Fuck A Tranny\,{DT16~Excl~ME0PM129~20180810 - Sabrina Sousa - How To Fuck A Tranny}
img_2364.jpg,552731,7551afbb,\Exclusive\20180810 - Sabrina Sousa - How To Fuck A Tranny\,{DT16~Excl~ME0PM129~20180810 - Sabrina Sousa - How To Fuck A Tranny}
img_2365.jpg,570375,c491f8e9,\Exclusive\20180810 - Sabrina Sousa - How To Fuck A Tranny\,{DT16~Excl~ME0PM129~20180810 - Sabrina Sousa - How To Fuck A Tranny}
img_2366.jpg,610243,22f9ee0e,\Exclusive\20180810 - Sabrina Sousa - How To Fuck A Tranny\,{DT16~Excl~ME0PM129~20180810 - Sabrina Sousa - How To Fuck A Tranny}
img_2367.jpg,653171,921ce206,\Exclusive\20180810 - Sabrina Sousa - How To Fuck A Tranny\,{DT16~Excl~ME0PM129~20180810 - Sabrina Sousa - How To Fuck A Tranny}
img_2368.jpg,483560,30395289,\Exclusive\20180810 - Sabrina Sousa - How To Fuck A Tranny\,{DT16~Excl~ME0PM129~20180810 - Sabrina Sousa - How To Fuck A Tranny}
img_2369.jpg,354742,4b64a16b,\Exclusive\20180810 - Sabrina Sousa - How To Fuck A Tranny\,{DT16~Excl~ME0PM129~20180810 - Sabrina Sousa - How To Fuck A Tranny}
img_2370.jpg,624273,3f92559e,\Exclusive\20180810 - Sabrina Sousa - How To Fuck A Tranny\,{DT16~Excl~ME0PM129~20180810 - Sabrina Sousa - How To Fuck A Tranny}
img_2371.jpg,504431,18f30654,\Exclusive\20180810 - Sabrina Sousa - How To Fuck A Tranny\,{DT16~Excl~ME0PM129~20180810 - Sabrina Sousa - How To Fuck A Tranny}
img_2372.jpg,479134,3f7b3aed,\Exclusive\20180810 - Sabrina Sousa - How To Fuck A Tranny\,{DT16~Excl~ME0PM129~20180810 - Sabrina Sousa - How To Fuck A Tranny}
img_2373.jpg,597475,c17bab52,\Exclusive\20180810 - Sabrina Sousa - How To Fuck A Tranny\,{DT16~Excl~ME0PM129~20180810 - Sabrina Sousa - How To Fuck A Tranny}
img_2374.jpg,527902,fb47bb55,\Exclusive\20180810 - Sabrina Sousa - How To Fuck A Tranny\,{DT16~Excl~ME0PM129~20180810 - Sabrina Sousa - How To Fuck A Tranny}
img_2375.jpg,500579,9a03165e,\Exclusive\20180810 - Sabrina Sousa - How To Fuck A Tranny\,{DT16~Excl~ME0PM129~20180810 - Sabrina Sousa - How To Fuck A Tranny}
img_2376.jpg,570192,a5c32534,\Exclusive\20180810 - Sabrina Sousa - How To Fuck A Tranny\,{DT16~Excl~ME0PM129~20180810 - Sabrina Sousa - How To Fuck A Tranny}
img_2377.jpg,458815,83815645,\Exclusive\20180810 - Sabrina Sousa - How To Fuck A Tranny\,{DT16~Excl~ME0PM129~20180810 - Sabrina Sousa - How To Fuck A Tranny}
img_2378.jpg,609656,2b0cf38f,\Exclusive\20180810 - Sabrina Sousa - How To Fuck A Tranny\,{DT16~Excl~ME0PM129~20180810 - Sabrina Sousa - How To Fuck A Tranny}
img_2379.jpg,621142,903ea03e,\Exclusive\20180810 - Sabrina Sousa - How To Fuck A Tranny\,{DT16~Excl~ME0PM129~20180810 - Sabrina Sousa - How To Fuck A Tranny}
img_2380.jpg,639366,8f14b2a0,\Exclusive\20180810 - Sabrina Sousa - How To Fuck A Tranny\,{DT16~Excl~ME0PM129~20180810 - Sabrina Sousa - How To Fuck A Tranny}
img_2381.jpg,586418,b3661a10,\Exclusive\20180810 - Sabrina Sousa - How To Fuck A Tranny\,{DT16~Excl~ME0PM129~20180810 - Sabrina Sousa - How To Fuck A Tranny}
img_2382.jpg,469539,a0055a29,\Exclusive\20180810 - Sabrina Sousa - How To Fuck A Tranny\,{DT16~Excl~ME0PM129~20180810 - Sabrina Sousa - How To Fuck A Tranny}
img_2383.jpg,566153,7dfb3236,\Exclusive\20180810 - Sabrina Sousa - How To Fuck A Tranny\,{DT16~Excl~ME0PM129~20180810 - Sabrina Sousa - How To Fuck A Tranny}
img_2384.jpg,621850,31856dc9,\Exclusive\20180810 - Sabrina Sousa - How To Fuck A Tranny\,{DT16~Excl~ME0PM129~20180810 - Sabrina Sousa - How To Fuck A Tranny}
img_2385.jpg,685840,89e1712a,\Exclusive\20180810 - Sabrina Sousa - How To Fuck A Tranny\,{DT16~Excl~ME0PM129~20180810 - Sabrina Sousa - How To Fuck A Tranny}
img_2386.jpg,675038,1f770a4b,\Exclusive\20180810 - Sabrina Sousa - How To Fuck A Tranny\,{DT16~Excl~ME0PM129~20180810 - Sabrina Sousa - How To Fuck A Tranny}
img_2387.jpg,630286,cc0fa9e6,\Exclusive\20180810 - Sabrina Sousa - How To Fuck A Tranny\,{DT16~Excl~ME0PM129~20180810 - Sabrina Sousa - How To Fuck A Tranny}
img_2388.jpg,681366,17847e2d,\Exclusive\20180810 - Sabrina Sousa - How To Fuck A Tranny\,{DT16~Excl~ME0PM129~20180810 - Sabrina Sousa - How To Fuck A Tranny}
img_2389.jpg,639536,4ece8d01,\Exclusive\20180810 - Sabrina Sousa - How To Fuck A Tranny\,{DT16~Excl~ME0PM129~20180810 - Sabrina Sousa - How To Fuck A Tranny}
img_2390.jpg,672680,cb17a5eb,\Exclusive\20180810 - Sabrina Sousa - How To Fuck A Tranny\,{DT16~Excl~ME0PM129~20180810 - Sabrina Sousa - How To Fuck A Tranny}
img_2391.jpg,683248,a55e7e51,\Exclusive\20180810 - Sabrina Sousa - How To Fuck A Tranny\,{DT16~Excl~ME0PM129~20180810 - Sabrina Sousa - How To Fuck A Tranny}
img_2392.jpg,752304,cf2fab65,\Exclusive\20180810 - Sabrina Sousa - How To Fuck A Tranny\,{DT16~Excl~ME0PM129~20180810 - Sabrina Sousa - How To Fuck A Tranny}
img_2393.jpg,633935,b4ae30f0,\Exclusive\20180810 - Sabrina Sousa - How To Fuck A Tranny\,{DT16~Excl~ME0PM129~20180810 - Sabrina Sousa - How To Fuck A Tranny}
img_2394.jpg,646315,afd9e68d,\Exclusive\20180810 - Sabrina Sousa - How To Fuck A Tranny\,{DT16~Excl~ME0PM129~20180810 - Sabrina Sousa - How To Fuck A Tranny}
img_2395.jpg,643360,05b8febf,\Exclusive\20180810 - Sabrina Sousa - How To Fuck A Tranny\,{DT16~Excl~ME0PM129~20180810 - Sabrina Sousa - How To Fuck A Tranny}
img_2396.jpg,609295,4ba229f6,\Exclusive\20180810 - Sabrina Sousa - How To Fuck A Tranny\,{DT16~Excl~ME0PM129~20180810 - Sabrina Sousa - How To Fuck A Tranny}
img_2397.jpg,543865,6504df41,\Exclusive\20180810 - Sabrina Sousa - How To Fuck A Tranny\,{DT16~Excl~ME0PM129~20180810 - Sabrina Sousa - How To Fuck A Tranny}
img_2398.jpg,428932,3e4a02da,\Exclusive\20180810 - Sabrina Sousa - How To Fuck A Tranny\,{DT16~Excl~ME0PM129~20180810 - Sabrina Sousa - How To Fuck A Tranny}
img_2399.jpg,546980,31eb4b4a,\Exclusive\20180810 - Sabrina Sousa - How To Fuck A Tranny\,{DT16~Excl~ME0PM129~20180810 - Sabrina Sousa - How To Fuck A Tranny}
img_2400.jpg,585016,11a6d810,\Exclusive\20180810 - Sabrina Sousa - How To Fuck A Tranny\,{DT16~Excl~ME0PM129~20180810 - Sabrina Sousa - How To Fuck A Tranny}
img_2401.jpg,689931,e68115b4,\Exclusive\20180810 - Sabrina Sousa - How To Fuck A Tranny\,{DT16~Excl~ME0PM129~20180810 - Sabrina Sousa - How To Fuck A Tranny}
img_2402.jpg,672309,1072a73e,\Exclusive\20180810 - Sabrina Sousa - How To Fuck A Tranny\,{DT16~Excl~ME0PM129~20180810 - Sabrina Sousa - How To Fuck A Tranny}
img_2403.jpg,649921,e8462684,\Exclusive\20180810 - Sabrina Sousa - How To Fuck A Tranny\,{DT16~Excl~ME0PM129~20180810 - Sabrina Sousa - How To Fuck A Tranny}
img_2404.jpg,690137,59985709,\Exclusive\20180810 - Sabrina Sousa - How To Fuck A Tranny\,{DT16~Excl~ME0PM129~20180810 - Sabrina Sousa - How To Fuck A Tranny}
img_2405.jpg,647350,8aa0e6ec,\Exclusive\20180810 - Sabrina Sousa - How To Fuck A Tranny\,{DT16~Excl~ME0PM129~20180810 - Sabrina Sousa - How To Fuck A Tranny}
img_2406.jpg,638589,7d0deba1,\Exclusive\20180810 - Sabrina Sousa - How To Fuck A Tranny\,{DT16~Excl~ME0PM129~20180810 - Sabrina Sousa - How To Fuck A Tranny}
img_2407.jpg,654184,d62f51d6,\Exclusive\20180810 - Sabrina Sousa - How To Fuck A Tranny\,{DT16~Excl~ME0PM129~20180810 - Sabrina Sousa - How To Fuck A Tranny}
img_2408.jpg,679709,7bac8839,\Exclusive\20180810 - Sabrina Sousa - How To Fuck A Tranny\,{DT16~Excl~ME0PM129~20180810 - Sabrina Sousa - How To Fuck A Tranny}
img_2409.jpg,665704,e83fc023,\Exclusive\20180810 - Sabrina Sousa - How To Fuck A Tranny\,{DT16~Excl~ME0PM129~20180810 - Sabrina Sousa - How To Fuck A Tranny}
img_2410.jpg,647990,0720ea0c,\Exclusive\20180810 - Sabrina Sousa - How To Fuck A Tranny\,{DT16~Excl~ME0PM129~20180810 - Sabrina Sousa - How To Fuck A Tranny}
img_2411.jpg,650737,4954cd02,\Exclusive\20180810 - Sabrina Sousa - How To Fuck A Tranny\,{DT16~Excl~ME0PM129~20180810 - Sabrina Sousa - How To Fuck A Tranny}
img_2412.jpg,709316,c7aa18ea,\Exclusive\20180810 - Sabrina Sousa - How To Fuck A Tranny\,{DT16~Excl~ME0PM129~20180810 - Sabrina Sousa - How To Fuck A Tranny}
img_2413.jpg,689876,d481776e,\Exclusive\20180810 - Sabrina Sousa - How To Fuck A Tranny\,{DT16~Excl~ME0PM129~20180810 - Sabrina Sousa - How To Fuck A Tranny}
img_2414.jpg,652086,70611939,\Exclusive\20180810 - Sabrina Sousa - How To Fuck A Tranny\,{DT16~Excl~ME0PM129~20180810 - Sabrina Sousa - How To Fuck A Tranny}
img_2415.jpg,698322,b8ae24b7,\Exclusive\20180810 - Sabrina Sousa - How To Fuck A Tranny\,{DT16~Excl~ME0PM129~20180810 - Sabrina Sousa - How To Fuck A Tranny}
img_2416.jpg,757363,8a99eb00,\Exclusive\20180810 - Sabrina Sousa - How To Fuck A Tranny\,{DT16~Excl~ME0PM129~20180810 - Sabrina Sousa - How To Fuck A Tranny}
img_2417.jpg,708364,d1a91478,\Exclusive\20180810 - Sabrina Sousa - How To Fuck A Tranny\,{DT16~Excl~ME0PM129~20180810 - Sabrina Sousa - How To Fuck A Tranny}
img_2418.jpg,681287,da1818fd,\Exclusive\20180810 - Sabrina Sousa - How To Fuck A Tranny\,{DT16~Excl~ME0PM129~20180810 - Sabrina Sousa - How To Fuck A Tranny}
img_2419.jpg,732521,cd30e33c,\Exclusive\20180810 - Sabrina Sousa - How To Fuck A Tranny\,{DT16~Excl~ME0PM129~20180810 - Sabrina Sousa - How To Fuck A Tranny}
img_2420.jpg,709452,5e0cf2ac,\Exclusive\20180810 - Sabrina Sousa - How To Fuck A Tranny\,{DT16~Excl~ME0PM129~20180810 - Sabrina Sousa - How To Fuck A Tranny}
img_2421.jpg,580844,dbdb0cb3,\Exclusive\20180810 - Sabrina Sousa - How To Fuck A Tranny\,{DT16~Excl~ME0PM129~20180810 - Sabrina Sousa - How To Fuck A Tranny}
img_2422.jpg,585128,730bb6b1,\Exclusive\20180810 - Sabrina Sousa - How To Fuck A Tranny\,{DT16~Excl~ME0PM129~20180810 - Sabrina Sousa - How To Fuck A Tranny}
img_2423.jpg,670259,0cadd77b,\Exclusive\20180810 - Sabrina Sousa - How To Fuck A Tranny\,{DT16~Excl~ME0PM129~20180810 - Sabrina Sousa - How To Fuck A Tranny}
img_2424.jpg,688853,faef8311,\Exclusive\20180810 - Sabrina Sousa - How To Fuck A Tranny\,{DT16~Excl~ME0PM129~20180810 - Sabrina Sousa - How To Fuck A Tranny}
img_2425.jpg,655330,16133df3,\Exclusive\20180810 - Sabrina Sousa - How To Fuck A Tranny\,{DT16~Excl~ME0PM129~20180810 - Sabrina Sousa - How To Fuck A Tranny}
img_2426.jpg,530257,26080bb5,\Exclusive\20180810 - Sabrina Sousa - How To Fuck A Tranny\,{DT16~Excl~ME0PM129~20180810 - Sabrina Sousa - How To Fuck A Tranny}
img_2427.jpg,608739,8ac97818,\Exclusive\20180810 - Sabrina Sousa - How To Fuck A Tranny\,{DT16~Excl~ME0PM129~20180810 - Sabrina Sousa - How To Fuck A Tranny}
img_2428.jpg,593684,b16141e5,\Exclusive\20180810 - Sabrina Sousa - How To Fuck A Tranny\,{DT16~Excl~ME0PM129~20180810 - Sabrina Sousa - How To Fuck A Tranny}
img_2429.jpg,588398,2d7038af,\Exclusive\20180810 - Sabrina Sousa - How To Fuck A Tranny\,{DT16~Excl~ME0PM129~20180810 - Sabrina Sousa - How To Fuck A Tranny}
img_2430.jpg,581140,43532ca8,\Exclusive\20180810 - Sabrina Sousa - How To Fuck A Tranny\,{DT16~Excl~ME0PM129~20180810 - Sabrina Sousa - How To Fuck A Tranny}
img_2431.jpg,582963,ba3f80e3,\Exclusive\20180810 - Sabrina Sousa - How To Fuck A Tranny\,{DT16~Excl~ME0PM129~20180810 - Sabrina Sousa - How To Fuck A Tranny}
img_2432.jpg,605838,1740a845,\Exclusive\20180810 - Sabrina Sousa - How To Fuck A Tranny\,{DT16~Excl~ME0PM129~20180810 - Sabrina Sousa - How To Fuck A Tranny}
img_2433.jpg,637160,fbd10303,\Exclusive\20180810 - Sabrina Sousa - How To Fuck A Tranny\,{DT16~Excl~ME0PM129~20180810 - Sabrina Sousa - How To Fuck A Tranny}
img_2434.jpg,671827,b4c4ba26,\Exclusive\20180810 - Sabrina Sousa - How To Fuck A Tranny\,{DT16~Excl~ME0PM129~20180810 - Sabrina Sousa - How To Fuck A Tranny}
img_2435.jpg,715646,139ac7b4,\Exclusive\20180810 - Sabrina Sousa - How To Fuck A Tranny\,{DT16~Excl~ME0PM129~20180810 - Sabrina Sousa - How To Fuck A Tranny}
img_2436.jpg,712222,33560d41,\Exclusive\20180810 - Sabrina Sousa - How To Fuck A Tranny\,{DT16~Excl~ME0PM129~20180810 - Sabrina Sousa - How To Fuck A Tranny}
img_2437.jpg,762343,286ba590,\Exclusive\20180810 - Sabrina Sousa - How To Fuck A Tranny\,{DT16~Excl~ME0PM129~20180810 - Sabrina Sousa - How To Fuck A Tranny}
img_2438.jpg,706880,d58aca12,\Exclusive\20180810 - Sabrina Sousa - How To Fuck A Tranny\,{DT16~Excl~ME0PM129~20180810 - Sabrina Sousa - How To Fuck A Tranny}
img_2439.jpg,648804,421ed7a8,\Exclusive\20180810 - Sabrina Sousa - How To Fuck A Tranny\,{DT16~Excl~ME0PM129~20180810 - Sabrina Sousa - How To Fuck A Tranny}
img_2440.jpg,744257,d07e048b,\Exclusive\20180810 - Sabrina Sousa - How To Fuck A Tranny\,{DT16~Excl~ME0PM129~20180810 - Sabrina Sousa - How To Fuck A Tranny}
img_2441.jpg,842306,92f6afbd,\Exclusive\20180810 - Sabrina Sousa - How To Fuck A Tranny\,{DT16~Excl~ME0PM129~20180810 - Sabrina Sousa - How To Fuck A Tranny}
img_2442.jpg,758971,a5b20316,\Exclusive\20180810 - Sabrina Sousa - How To Fuck A Tranny\,{DT16~Excl~ME0PM129~20180810 - Sabrina Sousa - How To Fuck A Tranny}
img_2443.jpg,738193,276c064f,\Exclusive\20180810 - Sabrina Sousa - How To Fuck A Tranny\,{DT16~Excl~ME0PM129~20180810 - Sabrina Sousa - How To Fuck A Tranny}
img_2444.jpg,588829,1d7a7e21,\Exclusive\20180810 - Sabrina Sousa - How To Fuck A Tranny\,{DT16~Excl~ME0PM129~20180810 - Sabrina Sousa - How To Fuck A Tranny}
img_2445.jpg,617101,b3a99b96,\Exclusive\20180810 - Sabrina Sousa - How To Fuck A Tranny\,{DT16~Excl~ME0PM129~20180810 - Sabrina Sousa - How To Fuck A Tranny}
img_2446.jpg,683829,76015adf,\Exclusive\20180810 - Sabrina Sousa - How To Fuck A Tranny\,{DT16~Excl~ME0PM129~20180810 - Sabrina Sousa - How To Fuck A Tranny}
img_2447.jpg,814906,e7a84390,\Exclusive\20180810 - Sabrina Sousa - How To Fuck A Tranny\,{DT16~Excl~ME0PM129~20180810 - Sabrina Sousa - How To Fuck A Tranny}
img_2448.jpg,685627,c8b36dc0,\Exclusive\20180810 - Sabrina Sousa - How To Fuck A Tranny\,{DT16~Excl~ME0PM129~20180810 - Sabrina Sousa - How To Fuck A Tranny}
img_2449.jpg,606545,7f66d9d0,\Exclusive\20180810 - Sabrina Sousa - How To Fuck A Tranny\,{DT16~Excl~ME0PM129~20180810 - Sabrina Sousa - How To Fuck A Tranny}
img_2450.jpg,652780,93ceedf9,\Exclusive\20180810 - Sabrina Sousa - How To Fuck A Tranny\,{DT16~Excl~ME0PM129~20180810 - Sabrina Sousa - How To Fuck A Tranny}
img_2451.jpg,618436,1ce60983,\Exclusive\20180810 - Sabrina Sousa - How To Fuck A Tranny\,{DT16~Excl~ME0PM129~20180810 - Sabrina Sousa - How To Fuck A Tranny}
img_2452.jpg,602296,8e177180,\Exclusive\20180810 - Sabrina Sousa - How To Fuck A Tranny\,{DT16~Excl~ME0PM129~20180810 - Sabrina Sousa - How To Fuck A Tranny}
img_2453.jpg,606784,d442236d,\Exclusive\20180810 - Sabrina Sousa - How To Fuck A Tranny\,{DT16~Excl~ME0PM129~20180810 - Sabrina Sousa - How To Fuck A Tranny}
img_2454.jpg,623976,e74deb6f,\Exclusive\20180810 - Sabrina Sousa - How To Fuck A Tranny\,{DT16~Excl~ME0PM129~20180810 - Sabrina Sousa - How To Fuck A Tranny}
img_2455.jpg,654458,1c520b77,\Exclusive\20180810 - Sabrina Sousa - How To Fuck A Tranny\,{DT16~Excl~ME0PM129~20180810 - Sabrina Sousa - How To Fuck A Tranny}
img_2456.jpg,598624,735d5d4e,\Exclusive\20180810 - Sabrina Sousa - How To Fuck A Tranny\,{DT16~Excl~ME0PM129~20180810 - Sabrina Sousa - How To Fuck A Tranny}
img_2457.jpg,646689,38dbe0b9,\Exclusive\20180810 - Sabrina Sousa - How To Fuck A Tranny\,{DT16~Excl~ME0PM129~20180810 - Sabrina Sousa - How To Fuck A Tranny}
img_2458.jpg,639455,69517c3d,\Exclusive\20180810 - Sabrina Sousa - How To Fuck A Tranny\,{DT16~Excl~ME0PM129~20180810 - Sabrina Sousa - How To Fuck A Tranny}
img_2459.jpg,682959,371d68e2,\Exclusive\20180810 - Sabrina Sousa - How To Fuck A Tranny\,{DT16~Excl~ME0PM129~20180810 - Sabrina Sousa - How To Fuck A Tranny}
img_2460.jpg,611488,0827b083,\Exclusive\20180810 - Sabrina Sousa - How To Fuck A Tranny\,{DT16~Excl~ME0PM129~20180810 - Sabrina Sousa - How To Fuck A Tranny}
img_2461.jpg,605976,0324ed3f,\Exclusive\20180810 - Sabrina Sousa - How To Fuck A Tranny\,{DT16~Excl~ME0PM129~20180810 - Sabrina Sousa - How To Fuck A Tranny}
img_2462.jpg,563029,d7ed34ed,\Exclusive\20180810 - Sabrina Sousa - How To Fuck A Tranny\,{DT16~Excl~ME0PM129~20180810 - Sabrina Sousa - How To Fuck A Tranny}
img_2463.jpg,641840,89ed614e,\Exclusive\20180810 - Sabrina Sousa - How To Fuck A Tranny\,{DT16~Excl~ME0PM129~20180810 - Sabrina Sousa - How To Fuck A Tranny}
img_2464.jpg,588088,bb1bc630,\Exclusive\20180810 - Sabrina Sousa - How To Fuck A Tranny\,{DT16~Excl~ME0PM129~20180810 - Sabrina Sousa - How To Fuck A Tranny}
img_2465.jpg,649061,b4ba08d1,\Exclusive\20180810 - Sabrina Sousa - How To Fuck A Tranny\,{DT16~Excl~ME0PM129~20180810 - Sabrina Sousa - How To Fuck A Tranny}
img_2466.jpg,614005,ce70d5d4,\Exclusive\20180810 - Sabrina Sousa - How To Fuck A Tranny\,{DT16~Excl~ME0PM129~20180810 - Sabrina Sousa - How To Fuck A Tranny}
img_2467.jpg,546862,4afdc684,\Exclusive\20180810 - Sabrina Sousa - How To Fuck A Tranny\,{DT16~Excl~ME0PM129~20180810 - Sabrina Sousa - How To Fuck A Tranny}
img_2468.jpg,554689,338b3bf8,\Exclusive\20180810 - Sabrina Sousa - How To Fuck A Tranny\,{DT16~Excl~ME0PM129~20180810 - Sabrina Sousa - How To Fuck A Tranny}
img_2469.jpg,553226,b32a9ea0,\Exclusive\20180810 - Sabrina Sousa - How To Fuck A Tranny\,{DT16~Excl~ME0PM129~20180810 - Sabrina Sousa - How To Fuck A Tranny}
img_2470.jpg,703175,29ddfaa0,\Exclusive\20180810 - Sabrina Sousa - How To Fuck A Tranny\,{DT16~Excl~ME0PM129~20180810 - Sabrina Sousa - How To Fuck A Tranny}
img_2471.jpg,653719,8df5fa8d,\Exclusive\20180810 - Sabrina Sousa - How To Fuck A Tranny\,{DT16~Excl~ME0PM129~20180810 - Sabrina Sousa - How To Fuck A Tranny}
_mg_6844.jpg,613751,5d1d85b7,\Exclusive\20180814 - Paulinha Lima - Getting It Up There\,{DT16~Excl~ME0PM71F~20180814 - Paulinha Lima - Getting It Up There}
_mg_6846.jpg,599529,ada3cb04,\Exclusive\20180814 - Paulinha Lima - Getting It Up There\,{DT16~Excl~ME0PM71F~20180814 - Paulinha Lima - Getting It Up There}
_mg_6848.jpg,626001,77b10e53,\Exclusive\20180814 - Paulinha Lima - Getting It Up There\,{DT16~Excl~ME0PM71F~20180814 - Paulinha Lima - Getting It Up There}
_mg_6849.jpg,646429,acd8000a,\Exclusive\20180814 - Paulinha Lima - Getting It Up There\,{DT16~Excl~ME0PM71F~20180814 - Paulinha Lima - Getting It Up There}
_mg_6850.jpg,589077,d903835a,\Exclusive\20180814 - Paulinha Lima - Getting It Up There\,{DT16~Excl~ME0PM71F~20180814 - Paulinha Lima - Getting It Up There}
_mg_6851.jpg,632063,9c5eed05,\Exclusive\20180814 - Paulinha Lima - Getting It Up There\,{DT16~Excl~ME0PM71F~20180814 - Paulinha Lima - Getting It Up There}
_mg_6852.jpg,596946,d215c2fa,\Exclusive\20180814 - Paulinha Lima - Getting It Up There\,{DT16~Excl~ME0PM71F~20180814 - Paulinha Lima - Getting It Up There}
_mg_6853.jpg,565095,29a7df1e,\Exclusive\20180814 - Paulinha Lima - Getting It Up There\,{DT16~Excl~ME0PM71F~20180814 - Paulinha Lima - Getting It Up There}
_mg_6856.jpg,565297,6d24dc91,\Exclusive\20180814 - Paulinha Lima - Getting It Up There\,{DT16~Excl~ME0PM71F~20180814 - Paulinha Lima - Getting It Up There}
_mg_6857.jpg,527108,f0ca57d1,\Exclusive\20180814 - Paulinha Lima - Getting It Up There\,{DT16~Excl~ME0PM71F~20180814 - Paulinha Lima - Getting It Up There}
_mg_6858.jpg,578800,641caf8f,\Exclusive\20180814 - Paulinha Lima - Getting It Up There\,{DT16~Excl~ME0PM71F~20180814 - Paulinha Lima - Getting It Up There}
_mg_6859.jpg,539805,d4d41581,\Exclusive\20180814 - Paulinha Lima - Getting It Up There\,{DT16~Excl~ME0PM71F~20180814 - Paulinha Lima - Getting It Up There}
_mg_6860.jpg,542565,ed5852c7,\Exclusive\20180814 - Paulinha Lima - Getting It Up There\,{DT16~Excl~ME0PM71F~20180814 - Paulinha Lima - Getting It Up There}
_mg_6862.jpg,646327,ca1d5ade,\Exclusive\20180814 - Paulinha Lima - Getting It Up There\,{DT16~Excl~ME0PM71F~20180814 - Paulinha Lima - Getting It Up There}
_mg_6863.jpg,641454,b9b78a7d,\Exclusive\20180814 - Paulinha Lima - Getting It Up There\,{DT16~Excl~ME0PM71F~20180814 - Paulinha Lima - Getting It Up There}
_mg_6864.jpg,623389,9818625c,\Exclusive\20180814 - Paulinha Lima - Getting It Up There\,{DT16~Excl~ME0PM71F~20180814 - Paulinha Lima - Getting It Up There}
_mg_6866.jpg,484574,2707269f,\Exclusive\20180814 - Paulinha Lima - Getting It Up There\,{DT16~Excl~ME0PM71F~20180814 - Paulinha Lima - Getting It Up There}
_mg_6867.jpg,504568,fe2d6467,\Exclusive\20180814 - Paulinha Lima - Getting It Up There\,{DT16~Excl~ME0PM71F~20180814 - Paulinha Lima - Getting It Up There}
_mg_6868.jpg,533099,155da537,\Exclusive\20180814 - Paulinha Lima - Getting It Up There\,{DT16~Excl~ME0PM71F~20180814 - Paulinha Lima - Getting It Up There}
_mg_6869.jpg,620777,58bccb7e,\Exclusive\20180814 - Paulinha Lima - Getting It Up There\,{DT16~Excl~ME0PM71F~20180814 - Paulinha Lima - Getting It Up There}
_mg_6870.jpg,596580,660cdc42,\Exclusive\20180814 - Paulinha Lima - Getting It Up There\,{DT16~Excl~ME0PM71F~20180814 - Paulinha Lima - Getting It Up There}
_mg_6871.jpg,548310,ae11c544,\Exclusive\20180814 - Paulinha Lima - Getting It Up There\,{DT16~Excl~ME0PM71F~20180814 - Paulinha Lima - Getting It Up There}
_mg_6872.jpg,539739,ac0c9bd4,\Exclusive\20180814 - Paulinha Lima - Getting It Up There\,{DT16~Excl~ME0PM71F~20180814 - Paulinha Lima - Getting It Up There}
_mg_6873.jpg,536451,c09babc2,\Exclusive\20180814 - Paulinha Lima - Getting It Up There\,{DT16~Excl~ME0PM71F~20180814 - Paulinha Lima - Getting It Up There}
_mg_6874.jpg,529940,961e2ddb,\Exclusive\20180814 - Paulinha Lima - Getting It Up There\,{DT16~Excl~ME0PM71F~20180814 - Paulinha Lima - Getting It Up There}
_mg_6875.jpg,587140,8cd4bebc,\Exclusive\20180814 - Paulinha Lima - Getting It Up There\,{DT16~Excl~ME0PM71F~20180814 - Paulinha Lima - Getting It Up There}
_mg_6877.jpg,481171,1e3efe4d,\Exclusive\20180814 - Paulinha Lima - Getting It Up There\,{DT16~Excl~ME0PM71F~20180814 - Paulinha Lima - Getting It Up There}
_mg_6878.jpg,471599,fdda40a1,\Exclusive\20180814 - Paulinha Lima - Getting It Up There\,{DT16~Excl~ME0PM71F~20180814 - Paulinha Lima - Getting It Up There}
_mg_6879.jpg,483146,6d0e8c0f,\Exclusive\20180814 - Paulinha Lima - Getting It Up There\,{DT16~Excl~ME0PM71F~20180814 - Paulinha Lima - Getting It Up There}
_mg_6882.jpg,497471,b0aa6278,\Exclusive\20180814 - Paulinha Lima - Getting It Up There\,{DT16~Excl~ME0PM71F~20180814 - Paulinha Lima - Getting It Up There}
_mg_6883.jpg,473263,e686ca02,\Exclusive\20180814 - Paulinha Lima - Getting It Up There\,{DT16~Excl~ME0PM71F~20180814 - Paulinha Lima - Getting It Up There}
_mg_6884.jpg,518946,e5b88446,\Exclusive\20180814 - Paulinha Lima - Getting It Up There\,{DT16~Excl~ME0PM71F~20180814 - Paulinha Lima - Getting It Up There}
_mg_6885.jpg,515009,65c5f6a5,\Exclusive\20180814 - Paulinha Lima - Getting It Up There\,{DT16~Excl~ME0PM71F~20180814 - Paulinha Lima - Getting It Up There}
_mg_6886.jpg,517528,14dd5d69,\Exclusive\20180814 - Paulinha Lima - Getting It Up There\,{DT16~Excl~ME0PM71F~20180814 - Paulinha Lima - Getting It Up There}
_mg_6887.jpg,497011,b40a53d4,\Exclusive\20180814 - Paulinha Lima - Getting It Up There\,{DT16~Excl~ME0PM71F~20180814 - Paulinha Lima - Getting It Up There}
_mg_6888.jpg,507442,7e9f9fde,\Exclusive\20180814 - Paulinha Lima - Getting It Up There\,{DT16~Excl~ME0PM71F~20180814 - Paulinha Lima - Getting It Up There}
_mg_6889.jpg,485562,8b7cd4a8,\Exclusive\20180814 - Paulinha Lima - Getting It Up There\,{DT16~Excl~ME0PM71F~20180814 - Paulinha Lima - Getting It Up There}
_mg_6891.jpg,451132,30e94f80,\Exclusive\20180814 - Paulinha Lima - Getting It Up There\,{DT16~Excl~ME0PM71F~20180814 - Paulinha Lima - Getting It Up There}
_mg_6892.jpg,493736,9f4626fa,\Exclusive\20180814 - Paulinha Lima - Getting It Up There\,{DT16~Excl~ME0PM71F~20180814 - Paulinha Lima - Getting It Up There}
_mg_6893.jpg,500367,662cb4ad,\Exclusive\20180814 - Paulinha Lima - Getting It Up There\,{DT16~Excl~ME0PM71F~20180814 - Paulinha Lima - Getting It Up There}
_mg_6894.jpg,498196,6ab2c704,\Exclusive\20180814 - Paulinha Lima - Getting It Up There\,{DT16~Excl~ME0PM71F~20180814 - Paulinha Lima - Getting It Up There}
_mg_6895.jpg,520344,7f0b4645,\Exclusive\20180814 - Paulinha Lima - Getting It Up There\,{DT16~Excl~ME0PM71F~20180814 - Paulinha Lima - Getting It Up There}
_mg_6896.jpg,569963,38641399,\Exclusive\20180814 - Paulinha Lima - Getting It Up There\,{DT16~Excl~ME0PM71F~20180814 - Paulinha Lima - Getting It Up There}
_mg_6897.jpg,549207,94471fe3,\Exclusive\20180814 - Paulinha Lima - Getting It Up There\,{DT16~Excl~ME0PM71F~20180814 - Paulinha Lima - Getting It Up There}
_mg_6898.jpg,505019,e4de1178,\Exclusive\20180814 - Paulinha Lima - Getting It Up There\,{DT16~Excl~ME0PM71F~20180814 - Paulinha Lima - Getting It Up There}
_mg_6899.jpg,538505,e7e030bb,\Exclusive\20180814 - Paulinha Lima - Getting It Up There\,{DT16~Excl~ME0PM71F~20180814 - Paulinha Lima - Getting It Up There}
_mg_6901.jpg,606425,a89cae48,\Exclusive\20180814 - Paulinha Lima - Getting It Up There\,{DT16~Excl~ME0PM71F~20180814 - Paulinha Lima - Getting It Up There}
_mg_6902.jpg,606007,963ede93,\Exclusive\20180814 - Paulinha Lima - Getting It Up There\,{DT16~Excl~ME0PM71F~20180814 - Paulinha Lima - Getting It Up There}
_mg_6903.jpg,553029,cbe48774,\Exclusive\20180814 - Paulinha Lima - Getting It Up There\,{DT16~Excl~ME0PM71F~20180814 - Paulinha Lima - Getting It Up There}
_mg_6904.jpg,599949,9a6cfdb3,\Exclusive\20180814 - Paulinha Lima - Getting It Up There\,{DT16~Excl~ME0PM71F~20180814 - Paulinha Lima - Getting It Up There}
_mg_6905.jpg,601358,ed98521d,\Exclusive\20180814 - Paulinha Lima - Getting It Up There\,{DT16~Excl~ME0PM71F~20180814 - Paulinha Lima - Getting It Up There}
_mg_6906.jpg,516334,67218b47,\Exclusive\20180814 - Paulinha Lima - Getting It Up There\,{DT16~Excl~ME0PM71F~20180814 - Paulinha Lima - Getting It Up There}
_mg_6907.jpg,590261,af275b75,\Exclusive\20180814 - Paulinha Lima - Getting It Up There\,{DT16~Excl~ME0PM71F~20180814 - Paulinha Lima - Getting It Up There}
_mg_6908.jpg,565122,2b90bf26,\Exclusive\20180814 - Paulinha Lima - Getting It Up There\,{DT16~Excl~ME0PM71F~20180814 - Paulinha Lima - Getting It Up There}
_mg_6909.jpg,511408,7db763a9,\Exclusive\20180814 - Paulinha Lima - Getting It Up There\,{DT16~Excl~ME0PM71F~20180814 - Paulinha Lima - Getting It Up There}
_mg_6910.jpg,589664,fc2a84c5,\Exclusive\20180814 - Paulinha Lima - Getting It Up There\,{DT16~Excl~ME0PM71F~20180814 - Paulinha Lima - Getting It Up There}
_mg_6911.jpg,599343,bf2d4842,\Exclusive\20180814 - Paulinha Lima - Getting It Up There\,{DT16~Excl~ME0PM71F~20180814 - Paulinha Lima - Getting It Up There}
_mg_6912.jpg,567863,87bf1375,\Exclusive\20180814 - Paulinha Lima - Getting It Up There\,{DT16~Excl~ME0PM71F~20180814 - Paulinha Lima - Getting It Up There}
_mg_6913.jpg,587685,544650e6,\Exclusive\20180814 - Paulinha Lima - Getting It Up There\,{DT16~Excl~ME0PM71F~20180814 - Paulinha Lima - Getting It Up There}
_mg_6914.jpg,449175,c1ede21a,\Exclusive\20180814 - Paulinha Lima - Getting It Up There\,{DT16~Excl~ME0PM71F~20180814 - Paulinha Lima - Getting It Up There}
_mg_6915.jpg,515948,3ac1b614,\Exclusive\20180814 - Paulinha Lima - Getting It Up There\,{DT16~Excl~ME0PM71F~20180814 - Paulinha Lima - Getting It Up There}
_mg_6916.jpg,469005,1cd56fc1,\Exclusive\20180814 - Paulinha Lima - Getting It Up There\,{DT16~Excl~ME0PM71F~20180814 - Paulinha Lima - Getting It Up There}
_mg_6917.jpg,508158,b0220cb5,\Exclusive\20180814 - Paulinha Lima - Getting It Up There\,{DT16~Excl~ME0PM71F~20180814 - Paulinha Lima - Getting It Up There}
_mg_6918.jpg,586789,af17b71c,\Exclusive\20180814 - Paulinha Lima - Getting It Up There\,{DT16~Excl~ME0PM71F~20180814 - Paulinha Lima - Getting It Up There}
_mg_6921.jpg,604203,9277960f,\Exclusive\20180814 - Paulinha Lima - Getting It Up There\,{DT16~Excl~ME0PM71F~20180814 - Paulinha Lima - Getting It Up There}
_mg_6922.jpg,598615,ef202d6d,\Exclusive\20180814 - Paulinha Lima - Getting It Up There\,{DT16~Excl~ME0PM71F~20180814 - Paulinha Lima - Getting It Up There}
_mg_6923.jpg,623775,c1de4f27,\Exclusive\20180814 - Paulinha Lima - Getting It Up There\,{DT16~Excl~ME0PM71F~20180814 - Paulinha Lima - Getting It Up There}
_mg_6925.jpg,587482,07bef2b6,\Exclusive\20180814 - Paulinha Lima - Getting It Up There\,{DT16~Excl~ME0PM71F~20180814 - Paulinha Lima - Getting It Up There}
_mg_6926.jpg,585251,9a417fc7,\Exclusive\20180814 - Paulinha Lima - Getting It Up There\,{DT16~Excl~ME0PM71F~20180814 - Paulinha Lima - Getting It Up There}
_mg_6927.jpg,569888,7bfc3c8c,\Exclusive\20180814 - Paulinha Lima - Getting It Up There\,{DT16~Excl~ME0PM71F~20180814 - Paulinha Lima - Getting It Up There}
_mg_6929.jpg,481960,1508900c,\Exclusive\20180814 - Paulinha Lima - Getting It Up There\,{DT16~Excl~ME0PM71F~20180814 - Paulinha Lima - Getting It Up There}
_mg_6930.jpg,576162,18ba9b70,\Exclusive\20180814 - Paulinha Lima - Getting It Up There\,{DT16~Excl~ME0PM71F~20180814 - Paulinha Lima - Getting It Up There}
_mg_6931.jpg,483066,2e2b1191,\Exclusive\20180814 - Paulinha Lima - Getting It Up There\,{DT16~Excl~ME0PM71F~20180814 - Paulinha Lima - Getting It Up There}
_mg_6933.jpg,561809,0f3f28a9,\Exclusive\20180814 - Paulinha Lima - Getting It Up There\,{DT16~Excl~ME0PM71F~20180814 - Paulinha Lima - Getting It Up There}
_mg_6938.jpg,582183,1d71e3c5,\Exclusive\20180814 - Paulinha Lima - Getting It Up There\,{DT16~Excl~ME0PM71F~20180814 - Paulinha Lima - Getting It Up There}
_mg_6939.jpg,580093,070718c2,\Exclusive\20180814 - Paulinha Lima - Getting It Up There\,{DT16~Excl~ME0PM71F~20180814 - Paulinha Lima - Getting It Up There}
_mg_6940.jpg,554707,4ec0e1b5,\Exclusive\20180814 - Paulinha Lima - Getting It Up There\,{DT16~Excl~ME0PM71F~20180814 - Paulinha Lima - Getting It Up There}
_mg_6941.jpg,567314,34022df9,\Exclusive\20180814 - Paulinha Lima - Getting It Up There\,{DT16~Excl~ME0PM71F~20180814 - Paulinha Lima - Getting It Up There}
_mg_6942.jpg,464000,c099c0ac,\Exclusive\20180814 - Paulinha Lima - Getting It Up There\,{DT16~Excl~ME0PM71F~20180814 - Paulinha Lima - Getting It Up There}
_mg_6943.jpg,601586,16154269,\Exclusive\20180814 - Paulinha Lima - Getting It Up There\,{DT16~Excl~ME0PM71F~20180814 - Paulinha Lima - Getting It Up There}
_mg_6944.jpg,617689,fe805658,\Exclusive\20180814 - Paulinha Lima - Getting It Up There\,{DT16~Excl~ME0PM71F~20180814 - Paulinha Lima - Getting It Up There}
_mg_6945.jpg,429558,c21592c8,\Exclusive\20180814 - Paulinha Lima - Getting It Up There\,{DT16~Excl~ME0PM71F~20180814 - Paulinha Lima - Getting It Up There}
_mg_6947.jpg,607234,8c0aed2e,\Exclusive\20180814 - Paulinha Lima - Getting It Up There\,{DT16~Excl~ME0PM71F~20180814 - Paulinha Lima - Getting It Up There}
_mg_6948.jpg,511174,bb45e953,\Exclusive\20180814 - Paulinha Lima - Getting It Up There\,{DT16~Excl~ME0PM71F~20180814 - Paulinha Lima - Getting It Up There}
_mg_6949.jpg,531218,e7332ef6,\Exclusive\20180814 - Paulinha Lima - Getting It Up There\,{DT16~Excl~ME0PM71F~20180814 - Paulinha Lima - Getting It Up There}
_mg_6950.jpg,624638,df67faf9,\Exclusive\20180814 - Paulinha Lima - Getting It Up There\,{DT16~Excl~ME0PM71F~20180814 - Paulinha Lima - Getting It Up There}
_mg_6951.jpg,383289,99e4e5a0,\Exclusive\20180814 - Paulinha Lima - Getting It Up There\,{DT16~Excl~ME0PM71F~20180814 - Paulinha Lima - Getting It Up There}
_mg_6952.jpg,589591,cdd43364,\Exclusive\20180814 - Paulinha Lima - Getting It Up There\,{DT16~Excl~ME0PM71F~20180814 - Paulinha Lima - Getting It Up There}
_mg_6953.jpg,593477,053aa10c,\Exclusive\20180814 - Paulinha Lima - Getting It Up There\,{DT16~Excl~ME0PM71F~20180814 - Paulinha Lima - Getting It Up There}
_mg_6954.jpg,587444,287f1476,\Exclusive\20180814 - Paulinha Lima - Getting It Up There\,{DT16~Excl~ME0PM71F~20180814 - Paulinha Lima - Getting It Up There}
_mg_6955.jpg,418855,d53fcc64,\Exclusive\20180814 - Paulinha Lima - Getting It Up There\,{DT16~Excl~ME0PM71F~20180814 - Paulinha Lima - Getting It Up There}
_mg_6956.jpg,496663,641fe2d7,\Exclusive\20180814 - Paulinha Lima - Getting It Up There\,{DT16~Excl~ME0PM71F~20180814 - Paulinha Lima - Getting It Up There}
_mg_6957.jpg,459197,5ac7fa99,\Exclusive\20180814 - Paulinha Lima - Getting It Up There\,{DT16~Excl~ME0PM71F~20180814 - Paulinha Lima - Getting It Up There}
_mg_6958.jpg,544356,0cfd9df0,\Exclusive\20180814 - Paulinha Lima - Getting It Up There\,{DT16~Excl~ME0PM71F~20180814 - Paulinha Lima - Getting It Up There}
_mg_6959.jpg,621570,6fbb52d7,\Exclusive\20180814 - Paulinha Lima - Getting It Up There\,{DT16~Excl~ME0PM71F~20180814 - Paulinha Lima - Getting It Up There}
_mg_6960.jpg,553204,b7cc0ee4,\Exclusive\20180814 - Paulinha Lima - Getting It Up There\,{DT16~Excl~ME0PM71F~20180814 - Paulinha Lima - Getting It Up There}
_mg_6961.jpg,558228,af0f589a,\Exclusive\20180814 - Paulinha Lima - Getting It Up There\,{DT16~Excl~ME0PM71F~20180814 - Paulinha Lima - Getting It Up There}
_mg_6963.jpg,526213,e54ceeb1,\Exclusive\20180814 - Paulinha Lima - Getting It Up There\,{DT16~Excl~ME0PM71F~20180814 - Paulinha Lima - Getting It Up There}
_mg_6964.jpg,623943,90acdae8,\Exclusive\20180814 - Paulinha Lima - Getting It Up There\,{DT16~Excl~ME0PM71F~20180814 - Paulinha Lima - Getting It Up There}
_mg_6965.jpg,616779,875c750e,\Exclusive\20180814 - Paulinha Lima - Getting It Up There\,{DT16~Excl~ME0PM71F~20180814 - Paulinha Lima - Getting It Up There}
_mg_6966.jpg,599365,f02d1eb9,\Exclusive\20180814 - Paulinha Lima - Getting It Up There\,{DT16~Excl~ME0PM71F~20180814 - Paulinha Lima - Getting It Up There}
_mg_6967.jpg,607670,6f0cacdd,\Exclusive\20180814 - Paulinha Lima - Getting It Up There\,{DT16~Excl~ME0PM71F~20180814 - Paulinha Lima - Getting It Up There}
_mg_6968.jpg,557471,219316e9,\Exclusive\20180814 - Paulinha Lima - Getting It Up There\,{DT16~Excl~ME0PM71F~20180814 - Paulinha Lima - Getting It Up There}
_mg_6969.jpg,552116,cd404b4b,\Exclusive\20180814 - Paulinha Lima - Getting It Up There\,{DT16~Excl~ME0PM71F~20180814 - Paulinha Lima - Getting It Up There}
_mg_6970.jpg,447616,2218136d,\Exclusive\20180814 - Paulinha Lima - Getting It Up There\,{DT16~Excl~ME0PM71F~20180814 - Paulinha Lima - Getting It Up There}
_mg_6971.jpg,633426,4155ed85,\Exclusive\20180814 - Paulinha Lima - Getting It Up There\,{DT16~Excl~ME0PM71F~20180814 - Paulinha Lima - Getting It Up There}
_mg_6972.jpg,538489,bd48e31d,\Exclusive\20180814 - Paulinha Lima - Getting It Up There\,{DT16~Excl~ME0PM71F~20180814 - Paulinha Lima - Getting It Up There}
_mg_6973.jpg,612240,60b68bdb,\Exclusive\20180814 - Paulinha Lima - Getting It Up There\,{DT16~Excl~ME0PM71F~20180814 - Paulinha Lima - Getting It Up There}
_mg_6974.jpg,602744,fb4f5035,\Exclusive\20180814 - Paulinha Lima - Getting It Up There\,{DT16~Excl~ME0PM71F~20180814 - Paulinha Lima - Getting It Up There}
_mg_6975.jpg,546271,18a2a46f,\Exclusive\20180814 - Paulinha Lima - Getting It Up There\,{DT16~Excl~ME0PM71F~20180814 - Paulinha Lima - Getting It Up There}
_mg_6976.jpg,586337,7f3e8746,\Exclusive\20180814 - Paulinha Lima - Getting It Up There\,{DT16~Excl~ME0PM71F~20180814 - Paulinha Lima - Getting It Up There}
_mg_6977.jpg,570478,4b33885c,\Exclusive\20180814 - Paulinha Lima - Getting It Up There\,{DT16~Excl~ME0PM71F~20180814 - Paulinha Lima - Getting It Up There}
_mg_6978.jpg,583533,41c2bf18,\Exclusive\20180814 - Paulinha Lima - Getting It Up There\,{DT16~Excl~ME0PM71F~20180814 - Paulinha Lima - Getting It Up There}
_mg_6979.jpg,632671,6a026712,\Exclusive\20180814 - Paulinha Lima - Getting It Up There\,{DT16~Excl~ME0PM71F~20180814 - Paulinha Lima - Getting It Up There}
_mg_6980.jpg,650892,03756d43,\Exclusive\20180814 - Paulinha Lima - Getting It Up There\,{DT16~Excl~ME0PM71F~20180814 - Paulinha Lima - Getting It Up There}
_mg_6981.jpg,611674,a6a8cb75,\Exclusive\20180814 - Paulinha Lima - Getting It Up There\,{DT16~Excl~ME0PM71F~20180814 - Paulinha Lima - Getting It Up There}
_mg_6982.jpg,595796,e20b5a18,\Exclusive\20180814 - Paulinha Lima - Getting It Up There\,{DT16~Excl~ME0PM71F~20180814 - Paulinha Lima - Getting It Up There}
_mg_6983.jpg,609226,650c9647,\Exclusive\20180814 - Paulinha Lima - Getting It Up There\,{DT16~Excl~ME0PM71F~20180814 - Paulinha Lima - Getting It Up There}
_mg_6984.jpg,639791,c2df5823,\Exclusive\20180814 - Paulinha Lima - Getting It Up There\,{DT16~Excl~ME0PM71F~20180814 - Paulinha Lima - Getting It Up There}
_mg_6985.jpg,599125,3a39aeac,\Exclusive\20180814 - Paulinha Lima - Getting It Up There\,{DT16~Excl~ME0PM71F~20180814 - Paulinha Lima - Getting It Up There}
_mg_6986.jpg,605155,309e97a6,\Exclusive\20180814 - Paulinha Lima - Getting It Up There\,{DT16~Excl~ME0PM71F~20180814 - Paulinha Lima - Getting It Up There}
_mg_6987.jpg,604277,4756019e,\Exclusive\20180814 - Paulinha Lima - Getting It Up There\,{DT16~Excl~ME0PM71F~20180814 - Paulinha Lima - Getting It Up There}
_mg_6988.jpg,438434,b0171758,\Exclusive\20180814 - Paulinha Lima - Getting It Up There\,{DT16~Excl~ME0PM71F~20180814 - Paulinha Lima - Getting It Up There}
_mg_6989.jpg,476103,891715bc,\Exclusive\20180814 - Paulinha Lima - Getting It Up There\,{DT16~Excl~ME0PM71F~20180814 - Paulinha Lima - Getting It Up There}
_mg_6990.jpg,550116,61616707,\Exclusive\20180814 - Paulinha Lima - Getting It Up There\,{DT16~Excl~ME0PM71F~20180814 - Paulinha Lima - Getting It Up There}
_mg_6991.jpg,509339,87af3ea4,\Exclusive\20180814 - Paulinha Lima - Getting It Up There\,{DT16~Excl~ME0PM71F~20180814 - Paulinha Lima - Getting It Up There}
_mg_6992.jpg,437554,b3edca71,\Exclusive\20180814 - Paulinha Lima - Getting It Up There\,{DT16~Excl~ME0PM71F~20180814 - Paulinha Lima - Getting It Up There}
_mg_6993.jpg,469053,04af680d,\Exclusive\20180814 - Paulinha Lima - Getting It Up There\,{DT16~Excl~ME0PM71F~20180814 - Paulinha Lima - Getting It Up There}
_mg_6994.jpg,530414,ec97a166,\Exclusive\20180814 - Paulinha Lima - Getting It Up There\,{DT16~Excl~ME0PM71F~20180814 - Paulinha Lima - Getting It Up There}
_mg_6995.jpg,530543,64e7f488,\Exclusive\20180814 - Paulinha Lima - Getting It Up There\,{DT16~Excl~ME0PM71F~20180814 - Paulinha Lima - Getting It Up There}
_mg_6996.jpg,480038,52b1c5bc,\Exclusive\20180814 - Paulinha Lima - Getting It Up There\,{DT16~Excl~ME0PM71F~20180814 - Paulinha Lima - Getting It Up There}
_mg_6997.jpg,580469,c87b5197,\Exclusive\20180814 - Paulinha Lima - Getting It Up There\,{DT16~Excl~ME0PM71F~20180814 - Paulinha Lima - Getting It Up There}
_mg_6998.jpg,598655,66771ab8,\Exclusive\20180814 - Paulinha Lima - Getting It Up There\,{DT16~Excl~ME0PM71F~20180814 - Paulinha Lima - Getting It Up There}
_mg_6999.jpg,499327,e6e7425f,\Exclusive\20180814 - Paulinha Lima - Getting It Up There\,{DT16~Excl~ME0PM71F~20180814 - Paulinha Lima - Getting It Up There}
_mg_7000.jpg,507977,478b8ca1,\Exclusive\20180814 - Paulinha Lima - Getting It Up There\,{DT16~Excl~ME0PM71F~20180814 - Paulinha Lima - Getting It Up There}
_mg_7001.jpg,519901,2a1703c4,\Exclusive\20180814 - Paulinha Lima - Getting It Up There\,{DT16~Excl~ME0PM71F~20180814 - Paulinha Lima - Getting It Up There}
_mg_7002.jpg,559097,680c34f0,\Exclusive\20180814 - Paulinha Lima - Getting It Up There\,{DT16~Excl~ME0PM71F~20180814 - Paulinha Lima - Getting It Up There}
_mg_7003.jpg,620803,875d2910,\Exclusive\20180814 - Paulinha Lima - Getting It Up There\,{DT16~Excl~ME0PM71F~20180814 - Paulinha Lima - Getting It Up There}
_mg_7004.jpg,548063,2c8bb389,\Exclusive\20180814 - Paulinha Lima - Getting It Up There\,{DT16~Excl~ME0PM71F~20180814 - Paulinha Lima - Getting It Up There}
_mg_7005.jpg,544749,32881621,\Exclusive\20180814 - Paulinha Lima - Getting It Up There\,{DT16~Excl~ME0PM71F~20180814 - Paulinha Lima - Getting It Up There}
_mg_7006.jpg,487579,6332203b,\Exclusive\20180814 - Paulinha Lima - Getting It Up There\,{DT16~Excl~ME0PM71F~20180814 - Paulinha Lima - Getting It Up There}
_mg_7007.jpg,594604,b6852661,\Exclusive\20180814 - Paulinha Lima - Getting It Up There\,{DT16~Excl~ME0PM71F~20180814 - Paulinha Lima - Getting It Up There}
_mg_7008.jpg,544531,8aaa7c39,\Exclusive\20180814 - Paulinha Lima - Getting It Up There\,{DT16~Excl~ME0PM71F~20180814 - Paulinha Lima - Getting It Up There}
_mg_0449.jpg,568739,17cbadeb,\Exclusive\20180817 - Janaina Carvalho - 2 Dicks In Janaina's Asshole\,{DT16~Excl~ME0PM9LS~20180817 - Janaina Carvalho - 2 Dicks In Janaina's Asshole}
_mg_0453.jpg,539308,d570a562,\Exclusive\20180817 - Janaina Carvalho - 2 Dicks In Janaina's Asshole\,{DT16~Excl~ME0PM9LS~20180817 - Janaina Carvalho - 2 Dicks In Janaina's Asshole}
_mg_0454.jpg,537693,76f70f2c,\Exclusive\20180817 - Janaina Carvalho - 2 Dicks In Janaina's Asshole\,{DT16~Excl~ME0PM9LS~20180817 - Janaina Carvalho - 2 Dicks In Janaina's Asshole}
_mg_0456.jpg,511877,f74af1e9,\Exclusive\20180817 - Janaina Carvalho - 2 Dicks In Janaina's Asshole\,{DT16~Excl~ME0PM9LS~20180817 - Janaina Carvalho - 2 Dicks In Janaina's Asshole}
_mg_0457.jpg,516043,a4846b51,\Exclusive\20180817 - Janaina Carvalho - 2 Dicks In Janaina's Asshole\,{DT16~Excl~ME0PM9LS~20180817 - Janaina Carvalho - 2 Dicks In Janaina's Asshole}
_mg_0458.jpg,564987,07d8a7f1,\Exclusive\20180817 - Janaina Carvalho - 2 Dicks In Janaina's Asshole\,{DT16~Excl~ME0PM9LS~20180817 - Janaina Carvalho - 2 Dicks In Janaina's Asshole}
_mg_0459.jpg,534422,0627b877,\Exclusive\20180817 - Janaina Carvalho - 2 Dicks In Janaina's Asshole\,{DT16~Excl~ME0PM9LS~20180817 - Janaina Carvalho - 2 Dicks In Janaina's Asshole}
_mg_0460.jpg,536940,84d75dc0,\Exclusive\20180817 - Janaina Carvalho - 2 Dicks In Janaina's Asshole\,{DT16~Excl~ME0PM9LS~20180817 - Janaina Carvalho - 2 Dicks In Janaina's Asshole}
_mg_0461.jpg,555593,4e2dae3a,\Exclusive\20180817 - Janaina Carvalho - 2 Dicks In Janaina's Asshole\,{DT16~Excl~ME0PM9LS~20180817 - Janaina Carvalho - 2 Dicks In Janaina's Asshole}
_mg_0462.jpg,533012,68eb13dd,\Exclusive\20180817 - Janaina Carvalho - 2 Dicks In Janaina's Asshole\,{DT16~Excl~ME0PM9LS~20180817 - Janaina Carvalho - 2 Dicks In Janaina's Asshole}
_mg_0463.jpg,547886,82e4b374,\Exclusive\20180817 - Janaina Carvalho - 2 Dicks In Janaina's Asshole\,{DT16~Excl~ME0PM9LS~20180817 - Janaina Carvalho - 2 Dicks In Janaina's Asshole}
_mg_0464.jpg,535003,214337eb,\Exclusive\20180817 - Janaina Carvalho - 2 Dicks In Janaina's Asshole\,{DT16~Excl~ME0PM9LS~20180817 - Janaina Carvalho - 2 Dicks In Janaina's Asshole}
_mg_0465.jpg,504944,1d1b1c4f,\Exclusive\20180817 - Janaina Carvalho - 2 Dicks In Janaina's Asshole\,{DT16~Excl~ME0PM9LS~20180817 - Janaina Carvalho - 2 Dicks In Janaina's Asshole}
_mg_0466.jpg,513346,e38d5b64,\Exclusive\20180817 - Janaina Carvalho - 2 Dicks In Janaina's Asshole\,{DT16~Excl~ME0PM9LS~20180817 - Janaina Carvalho - 2 Dicks In Janaina's Asshole}
_mg_0467.jpg,523572,67a1ab47,\Exclusive\20180817 - Janaina Carvalho - 2 Dicks In Janaina's Asshole\,{DT16~Excl~ME0PM9LS~20180817 - Janaina Carvalho - 2 Dicks In Janaina's Asshole}
_mg_0468.jpg,510468,c8375052,\Exclusive\20180817 - Janaina Carvalho - 2 Dicks In Janaina's Asshole\,{DT16~Excl~ME0PM9LS~20180817 - Janaina Carvalho - 2 Dicks In Janaina's Asshole}
_mg_0469.jpg,502093,7390a8f0,\Exclusive\20180817 - Janaina Carvalho - 2 Dicks In Janaina's Asshole\,{DT16~Excl~ME0PM9LS~20180817 - Janaina Carvalho - 2 Dicks In Janaina's Asshole}
_mg_0471.jpg,564490,d083aa77,\Exclusive\20180817 - Janaina Carvalho - 2 Dicks In Janaina's Asshole\,{DT16~Excl~ME0PM9LS~20180817 - Janaina Carvalho - 2 Dicks In Janaina's Asshole}
_mg_0472.jpg,546244,029e2021,\Exclusive\20180817 - Janaina Carvalho - 2 Dicks In Janaina's Asshole\,{DT16~Excl~ME0PM9LS~20180817 - Janaina Carvalho - 2 Dicks In Janaina's Asshole}
_mg_0473.jpg,559325,cfdc6204,\Exclusive\20180817 - Janaina Carvalho - 2 Dicks In Janaina's Asshole\,{DT16~Excl~ME0PM9LS~20180817 - Janaina Carvalho - 2 Dicks In Janaina's Asshole}
_mg_0474.jpg,516824,6ceebd82,\Exclusive\20180817 - Janaina Carvalho - 2 Dicks In Janaina's Asshole\,{DT16~Excl~ME0PM9LS~20180817 - Janaina Carvalho - 2 Dicks In Janaina's Asshole}
_mg_0475.jpg,496381,dcbac9c7,\Exclusive\20180817 - Janaina Carvalho - 2 Dicks In Janaina's Asshole\,{DT16~Excl~ME0PM9LS~20180817 - Janaina Carvalho - 2 Dicks In Janaina's Asshole}
_mg_0477.jpg,496269,2f027465,\Exclusive\20180817 - Janaina Carvalho - 2 Dicks In Janaina's Asshole\,{DT16~Excl~ME0PM9LS~20180817 - Janaina Carvalho - 2 Dicks In Janaina's Asshole}
_mg_0478.jpg,489331,6e7dd11b,\Exclusive\20180817 - Janaina Carvalho - 2 Dicks In Janaina's Asshole\,{DT16~Excl~ME0PM9LS~20180817 - Janaina Carvalho - 2 Dicks In Janaina's Asshole}
_mg_0479.jpg,500927,debf202a,\Exclusive\20180817 - Janaina Carvalho - 2 Dicks In Janaina's Asshole\,{DT16~Excl~ME0PM9LS~20180817 - Janaina Carvalho - 2 Dicks In Janaina's Asshole}
_mg_0480.jpg,540095,529afd7d,\Exclusive\20180817 - Janaina Carvalho - 2 Dicks In Janaina's Asshole\,{DT16~Excl~ME0PM9LS~20180817 - Janaina Carvalho - 2 Dicks In Janaina's Asshole}
_mg_0481.jpg,553801,4a56c726,\Exclusive\20180817 - Janaina Carvalho - 2 Dicks In Janaina's Asshole\,{DT16~Excl~ME0PM9LS~20180817 - Janaina Carvalho - 2 Dicks In Janaina's Asshole}
_mg_0484.jpg,530619,3e64f382,\Exclusive\20180817 - Janaina Carvalho - 2 Dicks In Janaina's Asshole\,{DT16~Excl~ME0PM9LS~20180817 - Janaina Carvalho - 2 Dicks In Janaina's Asshole}
_mg_0485.jpg,524831,f9e2b2b3,\Exclusive\20180817 - Janaina Carvalho - 2 Dicks In Janaina's Asshole\,{DT16~Excl~ME0PM9LS~20180817 - Janaina Carvalho - 2 Dicks In Janaina's Asshole}
_mg_0486.jpg,591893,fa4de278,\Exclusive\20180817 - Janaina Carvalho - 2 Dicks In Janaina's Asshole\,{DT16~Excl~ME0PM9LS~20180817 - Janaina Carvalho - 2 Dicks In Janaina's Asshole}
_mg_0487.jpg,570754,4ebba4ec,\Exclusive\20180817 - Janaina Carvalho - 2 Dicks In Janaina's Asshole\,{DT16~Excl~ME0PM9LS~20180817 - Janaina Carvalho - 2 Dicks In Janaina's Asshole}
_mg_0488.jpg,560534,253d3bc7,\Exclusive\20180817 - Janaina Carvalho - 2 Dicks In Janaina's Asshole\,{DT16~Excl~ME0PM9LS~20180817 - Janaina Carvalho - 2 Dicks In Janaina's Asshole}
_mg_0489.jpg,560560,dd57d144,\Exclusive\20180817 - Janaina Carvalho - 2 Dicks In Janaina's Asshole\,{DT16~Excl~ME0PM9LS~20180817 - Janaina Carvalho - 2 Dicks In Janaina's Asshole}
_mg_0490.jpg,590282,402cab24,\Exclusive\20180817 - Janaina Carvalho - 2 Dicks In Janaina's Asshole\,{DT16~Excl~ME0PM9LS~20180817 - Janaina Carvalho - 2 Dicks In Janaina's Asshole}
_mg_0491.jpg,477649,98297867,\Exclusive\20180817 - Janaina Carvalho - 2 Dicks In Janaina's Asshole\,{DT16~Excl~ME0PM9LS~20180817 - Janaina Carvalho - 2 Dicks In Janaina's Asshole}
_mg_0492.jpg,502219,efff17fc,\Exclusive\20180817 - Janaina Carvalho - 2 Dicks In Janaina's Asshole\,{DT16~Excl~ME0PM9LS~20180817 - Janaina Carvalho - 2 Dicks In Janaina's Asshole}
_mg_0493.jpg,490044,37ef873f,\Exclusive\20180817 - Janaina Carvalho - 2 Dicks In Janaina's Asshole\,{DT16~Excl~ME0PM9LS~20180817 - Janaina Carvalho - 2 Dicks In Janaina's Asshole}
_mg_0496.jpg,473584,8ace8f2a,\Exclusive\20180817 - Janaina Carvalho - 2 Dicks In Janaina's Asshole\,{DT16~Excl~ME0PM9LS~20180817 - Janaina Carvalho - 2 Dicks In Janaina's Asshole}
_mg_0497.jpg,508979,f2766a5a,\Exclusive\20180817 - Janaina Carvalho - 2 Dicks In Janaina's Asshole\,{DT16~Excl~ME0PM9LS~20180817 - Janaina Carvalho - 2 Dicks In Janaina's Asshole}
_mg_0498.jpg,539498,b1e7f71b,\Exclusive\20180817 - Janaina Carvalho - 2 Dicks In Janaina's Asshole\,{DT16~Excl~ME0PM9LS~20180817 - Janaina Carvalho - 2 Dicks In Janaina's Asshole}
_mg_0499.jpg,553909,f16b3078,\Exclusive\20180817 - Janaina Carvalho - 2 Dicks In Janaina's Asshole\,{DT16~Excl~ME0PM9LS~20180817 - Janaina Carvalho - 2 Dicks In Janaina's Asshole}
_mg_0500.jpg,497277,28f1c0e8,\Exclusive\20180817 - Janaina Carvalho - 2 Dicks In Janaina's Asshole\,{DT16~Excl~ME0PM9LS~20180817 - Janaina Carvalho - 2 Dicks In Janaina's Asshole}
_mg_0501.jpg,506895,a5db9cde,\Exclusive\20180817 - Janaina Carvalho - 2 Dicks In Janaina's Asshole\,{DT16~Excl~ME0PM9LS~20180817 - Janaina Carvalho - 2 Dicks In Janaina's Asshole}
_mg_0502.jpg,522865,8d000750,\Exclusive\20180817 - Janaina Carvalho - 2 Dicks In Janaina's Asshole\,{DT16~Excl~ME0PM9LS~20180817 - Janaina Carvalho - 2 Dicks In Janaina's Asshole}
_mg_0503.jpg,490143,1e946846,\Exclusive\20180817 - Janaina Carvalho - 2 Dicks In Janaina's Asshole\,{DT16~Excl~ME0PM9LS~20180817 - Janaina Carvalho - 2 Dicks In Janaina's Asshole}
_mg_0504.jpg,533070,95298279,\Exclusive\20180817 - Janaina Carvalho - 2 Dicks In Janaina's Asshole\,{DT16~Excl~ME0PM9LS~20180817 - Janaina Carvalho - 2 Dicks In Janaina's Asshole}
_mg_0505.jpg,553083,2a80c1ad,\Exclusive\20180817 - Janaina Carvalho - 2 Dicks In Janaina's Asshole\,{DT16~Excl~ME0PM9LS~20180817 - Janaina Carvalho - 2 Dicks In Janaina's Asshole}
_mg_0506.jpg,536358,f7bdf43a,\Exclusive\20180817 - Janaina Carvalho - 2 Dicks In Janaina's Asshole\,{DT16~Excl~ME0PM9LS~20180817 - Janaina Carvalho - 2 Dicks In Janaina's Asshole}
_mg_0507.jpg,531140,38e753a1,\Exclusive\20180817 - Janaina Carvalho - 2 Dicks In Janaina's Asshole\,{DT16~Excl~ME0PM9LS~20180817 - Janaina Carvalho - 2 Dicks In Janaina's Asshole}
_mg_0508.jpg,515195,b1e07853,\Exclusive\20180817 - Janaina Carvalho - 2 Dicks In Janaina's Asshole\,{DT16~Excl~ME0PM9LS~20180817 - Janaina Carvalho - 2 Dicks In Janaina's Asshole}
_mg_0509.jpg,480873,6fbf850d,\Exclusive\20180817 - Janaina Carvalho - 2 Dicks In Janaina's Asshole\,{DT16~Excl~ME0PM9LS~20180817 - Janaina Carvalho - 2 Dicks In Janaina's Asshole}
_mg_0511.jpg,486631,b9f587e8,\Exclusive\20180817 - Janaina Carvalho - 2 Dicks In Janaina's Asshole\,{DT16~Excl~ME0PM9LS~20180817 - Janaina Carvalho - 2 Dicks In Janaina's Asshole}
_mg_0512.jpg,490591,edbadbf7,\Exclusive\20180817 - Janaina Carvalho - 2 Dicks In Janaina's Asshole\,{DT16~Excl~ME0PM9LS~20180817 - Janaina Carvalho - 2 Dicks In Janaina's Asshole}
_mg_0513.jpg,458329,9ae26a02,\Exclusive\20180817 - Janaina Carvalho - 2 Dicks In Janaina's Asshole\,{DT16~Excl~ME0PM9LS~20180817 - Janaina Carvalho - 2 Dicks In Janaina's Asshole}
_mg_0514.jpg,498232,c6fb0d47,\Exclusive\20180817 - Janaina Carvalho - 2 Dicks In Janaina's Asshole\,{DT16~Excl~ME0PM9LS~20180817 - Janaina Carvalho - 2 Dicks In Janaina's Asshole}
_mg_0515.jpg,479454,c39b535c,\Exclusive\20180817 - Janaina Carvalho - 2 Dicks In Janaina's Asshole\,{DT16~Excl~ME0PM9LS~20180817 - Janaina Carvalho - 2 Dicks In Janaina's Asshole}
_mg_0516.jpg,476469,8462cf0d,\Exclusive\20180817 - Janaina Carvalho - 2 Dicks In Janaina's Asshole\,{DT16~Excl~ME0PM9LS~20180817 - Janaina Carvalho - 2 Dicks In Janaina's Asshole}
_mg_0517.jpg,505484,d3aeeea1,\Exclusive\20180817 - Janaina Carvalho - 2 Dicks In Janaina's Asshole\,{DT16~Excl~ME0PM9LS~20180817 - Janaina Carvalho - 2 Dicks In Janaina's Asshole}
_mg_0518.jpg,511740,9af840d1,\Exclusive\20180817 - Janaina Carvalho - 2 Dicks In Janaina's Asshole\,{DT16~Excl~ME0PM9LS~20180817 - Janaina Carvalho - 2 Dicks In Janaina's Asshole}
_mg_0519.jpg,522416,b130a325,\Exclusive\20180817 - Janaina Carvalho - 2 Dicks In Janaina's Asshole\,{DT16~Excl~ME0PM9LS~20180817 - Janaina Carvalho - 2 Dicks In Janaina's Asshole}
_mg_0520.jpg,526906,826e6860,\Exclusive\20180817 - Janaina Carvalho - 2 Dicks In Janaina's Asshole\,{DT16~Excl~ME0PM9LS~20180817 - Janaina Carvalho - 2 Dicks In Janaina's Asshole}
_mg_0521.jpg,471066,17c138bf,\Exclusive\20180817 - Janaina Carvalho - 2 Dicks In Janaina's Asshole\,{DT16~Excl~ME0PM9LS~20180817 - Janaina Carvalho - 2 Dicks In Janaina's Asshole}
_mg_0522.jpg,545954,ffc45361,\Exclusive\20180817 - Janaina Carvalho - 2 Dicks In Janaina's Asshole\,{DT16~Excl~ME0PM9LS~20180817 - Janaina Carvalho - 2 Dicks In Janaina's Asshole}
_mg_0523.jpg,513211,0ad92b2a,\Exclusive\20180817 - Janaina Carvalho - 2 Dicks In Janaina's Asshole\,{DT16~Excl~ME0PM9LS~20180817 - Janaina Carvalho - 2 Dicks In Janaina's Asshole}
_mg_0524.jpg,490757,9023fa45,\Exclusive\20180817 - Janaina Carvalho - 2 Dicks In Janaina's Asshole\,{DT16~Excl~ME0PM9LS~20180817 - Janaina Carvalho - 2 Dicks In Janaina's Asshole}
_mg_0525.jpg,580151,91db5e0e,\Exclusive\20180817 - Janaina Carvalho - 2 Dicks In Janaina's Asshole\,{DT16~Excl~ME0PM9LS~20180817 - Janaina Carvalho - 2 Dicks In Janaina's Asshole}
_mg_0527.jpg,620504,5df72dbb,\Exclusive\20180817 - Janaina Carvalho - 2 Dicks In Janaina's Asshole\,{DT16~Excl~ME0PM9LS~20180817 - Janaina Carvalho - 2 Dicks In Janaina's Asshole}
_mg_0529.jpg,582727,0414ff00,\Exclusive\20180817 - Janaina Carvalho - 2 Dicks In Janaina's Asshole\,{DT16~Excl~ME0PM9LS~20180817 - Janaina Carvalho - 2 Dicks In Janaina's Asshole}
_mg_0530.jpg,519289,22a52557,\Exclusive\20180817 - Janaina Carvalho - 2 Dicks In Janaina's Asshole\,{DT16~Excl~ME0PM9LS~20180817 - Janaina Carvalho - 2 Dicks In Janaina's Asshole}
_mg_0531.jpg,499071,9ea8983e,\Exclusive\20180817 - Janaina Carvalho - 2 Dicks In Janaina's Asshole\,{DT16~Excl~ME0PM9LS~20180817 - Janaina Carvalho - 2 Dicks In Janaina's Asshole}
_mg_0532.jpg,463390,1332588c,\Exclusive\20180817 - Janaina Carvalho - 2 Dicks In Janaina's Asshole\,{DT16~Excl~ME0PM9LS~20180817 - Janaina Carvalho - 2 Dicks In Janaina's Asshole}
_mg_0533.jpg,532273,c6ec2519,\Exclusive\20180817 - Janaina Carvalho - 2 Dicks In Janaina's Asshole\,{DT16~Excl~ME0PM9LS~20180817 - Janaina Carvalho - 2 Dicks In Janaina's Asshole}
_mg_0534.jpg,536332,9da691d2,\Exclusive\20180817 - Janaina Carvalho - 2 Dicks In Janaina's Asshole\,{DT16~Excl~ME0PM9LS~20180817 - Janaina Carvalho - 2 Dicks In Janaina's Asshole}
_mg_0535.jpg,554105,c1706250,\Exclusive\20180817 - Janaina Carvalho - 2 Dicks In Janaina's Asshole\,{DT16~Excl~ME0PM9LS~20180817 - Janaina Carvalho - 2 Dicks In Janaina's Asshole}
_mg_0536.jpg,478425,7b92996f,\Exclusive\20180817 - Janaina Carvalho - 2 Dicks In Janaina's Asshole\,{DT16~Excl~ME0PM9LS~20180817 - Janaina Carvalho - 2 Dicks In Janaina's Asshole}
_mg_0537.jpg,436886,5f0cca32,\Exclusive\20180817 - Janaina Carvalho - 2 Dicks In Janaina's Asshole\,{DT16~Excl~ME0PM9LS~20180817 - Janaina Carvalho - 2 Dicks In Janaina's Asshole}
_mg_0538.jpg,559414,8fe9d69d,\Exclusive\20180817 - Janaina Carvalho - 2 Dicks In Janaina's Asshole\,{DT16~Excl~ME0PM9LS~20180817 - Janaina Carvalho - 2 Dicks In Janaina's Asshole}
_mg_0539.jpg,448492,7dfffcac,\Exclusive\20180817 - Janaina Carvalho - 2 Dicks In Janaina's Asshole\,{DT16~Excl~ME0PM9LS~20180817 - Janaina Carvalho - 2 Dicks In Janaina's Asshole}
_mg_0540.jpg,459977,4d9bf171,\Exclusive\20180817 - Janaina Carvalho - 2 Dicks In Janaina's Asshole\,{DT16~Excl~ME0PM9LS~20180817 - Janaina Carvalho - 2 Dicks In Janaina's Asshole}
_mg_0541.jpg,503388,d05229fa,\Exclusive\20180817 - Janaina Carvalho - 2 Dicks In Janaina's Asshole\,{DT16~Excl~ME0PM9LS~20180817 - Janaina Carvalho - 2 Dicks In Janaina's Asshole}
_mg_0542.jpg,475383,b64ded57,\Exclusive\20180817 - Janaina Carvalho - 2 Dicks In Janaina's Asshole\,{DT16~Excl~ME0PM9LS~20180817 - Janaina Carvalho - 2 Dicks In Janaina's Asshole}
_mg_0543.jpg,470088,6d46166b,\Exclusive\20180817 - Janaina Carvalho - 2 Dicks In Janaina's Asshole\,{DT16~Excl~ME0PM9LS~20180817 - Janaina Carvalho - 2 Dicks In Janaina's Asshole}
_mg_0544.jpg,484691,7f8afb71,\Exclusive\20180817 - Janaina Carvalho - 2 Dicks In Janaina's Asshole\,{DT16~Excl~ME0PM9LS~20180817 - Janaina Carvalho - 2 Dicks In Janaina's Asshole}
_mg_0545.jpg,483873,1b97bfe5,\Exclusive\20180817 - Janaina Carvalho - 2 Dicks In Janaina's Asshole\,{DT16~Excl~ME0PM9LS~20180817 - Janaina Carvalho - 2 Dicks In Janaina's Asshole}
_mg_0546.jpg,448447,68fcbf30,\Exclusive\20180817 - Janaina Carvalho - 2 Dicks In Janaina's Asshole\,{DT16~Excl~ME0PM9LS~20180817 - Janaina Carvalho - 2 Dicks In Janaina's Asshole}
_mg_0547.jpg,475777,482013b5,\Exclusive\20180817 - Janaina Carvalho - 2 Dicks In Janaina's Asshole\,{DT16~Excl~ME0PM9LS~20180817 - Janaina Carvalho - 2 Dicks In Janaina's Asshole}
_mg_0548.jpg,532027,7e2ec4da,\Exclusive\20180817 - Janaina Carvalho - 2 Dicks In Janaina's Asshole\,{DT16~Excl~ME0PM9LS~20180817 - Janaina Carvalho - 2 Dicks In Janaina's Asshole}
_mg_0549.jpg,484736,9cc7c005,\Exclusive\20180817 - Janaina Carvalho - 2 Dicks In Janaina's Asshole\,{DT16~Excl~ME0PM9LS~20180817 - Janaina Carvalho - 2 Dicks In Janaina's Asshole}
_mg_0550.jpg,525167,bb51f977,\Exclusive\20180817 - Janaina Carvalho - 2 Dicks In Janaina's Asshole\,{DT16~Excl~ME0PM9LS~20180817 - Janaina Carvalho - 2 Dicks In Janaina's Asshole}
_mg_0551.jpg,562514,8fa0b510,\Exclusive\20180817 - Janaina Carvalho - 2 Dicks In Janaina's Asshole\,{DT16~Excl~ME0PM9LS~20180817 - Janaina Carvalho - 2 Dicks In Janaina's Asshole}
_mg_0552.jpg,577647,b1c99d4d,\Exclusive\20180817 - Janaina Carvalho - 2 Dicks In Janaina's Asshole\,{DT16~Excl~ME0PM9LS~20180817 - Janaina Carvalho - 2 Dicks In Janaina's Asshole}
_mg_0553.jpg,484779,f52da3f8,\Exclusive\20180817 - Janaina Carvalho - 2 Dicks In Janaina's Asshole\,{DT16~Excl~ME0PM9LS~20180817 - Janaina Carvalho - 2 Dicks In Janaina's Asshole}
_mg_0554.jpg,467922,9574cdda,\Exclusive\20180817 - Janaina Carvalho - 2 Dicks In Janaina's Asshole\,{DT16~Excl~ME0PM9LS~20180817 - Janaina Carvalho - 2 Dicks In Janaina's Asshole}
_mg_0555.jpg,500580,43f0b9c3,\Exclusive\20180817 - Janaina Carvalho - 2 Dicks In Janaina's Asshole\,{DT16~Excl~ME0PM9LS~20180817 - Janaina Carvalho - 2 Dicks In Janaina's Asshole}
_mg_0556.jpg,538300,c67f6980,\Exclusive\20180817 - Janaina Carvalho - 2 Dicks In Janaina's Asshole\,{DT16~Excl~ME0PM9LS~20180817 - Janaina Carvalho - 2 Dicks In Janaina's Asshole}
_mg_0558.jpg,493737,0bb11b80,\Exclusive\20180817 - Janaina Carvalho - 2 Dicks In Janaina's Asshole\,{DT16~Excl~ME0PM9LS~20180817 - Janaina Carvalho - 2 Dicks In Janaina's Asshole}
_mg_0559.jpg,510503,96a28b69,\Exclusive\20180817 - Janaina Carvalho - 2 Dicks In Janaina's Asshole\,{DT16~Excl~ME0PM9LS~20180817 - Janaina Carvalho - 2 Dicks In Janaina's Asshole}
_mg_0560.jpg,570254,bfaab66b,\Exclusive\20180817 - Janaina Carvalho - 2 Dicks In Janaina's Asshole\,{DT16~Excl~ME0PM9LS~20180817 - Janaina Carvalho - 2 Dicks In Janaina's Asshole}
_mg_0561.jpg,567891,a2f26e6e,\Exclusive\20180817 - Janaina Carvalho - 2 Dicks In Janaina's Asshole\,{DT16~Excl~ME0PM9LS~20180817 - Janaina Carvalho - 2 Dicks In Janaina's Asshole}
_mg_0562.jpg,508139,9a24ba39,\Exclusive\20180817 - Janaina Carvalho - 2 Dicks In Janaina's Asshole\,{DT16~Excl~ME0PM9LS~20180817 - Janaina Carvalho - 2 Dicks In Janaina's Asshole}
_mg_0563.jpg,460549,5a5e70e8,\Exclusive\20180817 - Janaina Carvalho - 2 Dicks In Janaina's Asshole\,{DT16~Excl~ME0PM9LS~20180817 - Janaina Carvalho - 2 Dicks In Janaina's Asshole}
_mg_0564.jpg,549472,e9d9b9bf,\Exclusive\20180817 - Janaina Carvalho - 2 Dicks In Janaina's Asshole\,{DT16~Excl~ME0PM9LS~20180817 - Janaina Carvalho - 2 Dicks In Janaina's Asshole}
_mg_0565.jpg,522669,8e699f68,\Exclusive\20180817 - Janaina Carvalho - 2 Dicks In Janaina's Asshole\,{DT16~Excl~ME0PM9LS~20180817 - Janaina Carvalho - 2 Dicks In Janaina's Asshole}
_mg_0566.jpg,575569,15670537,\Exclusive\20180817 - Janaina Carvalho - 2 Dicks In Janaina's Asshole\,{DT16~Excl~ME0PM9LS~20180817 - Janaina Carvalho - 2 Dicks In Janaina's Asshole}
_mg_0567.jpg,482322,1c6d58f9,\Exclusive\20180817 - Janaina Carvalho - 2 Dicks In Janaina's Asshole\,{DT16~Excl~ME0PM9LS~20180817 - Janaina Carvalho - 2 Dicks In Janaina's Asshole}
_mg_0568.jpg,480825,c9291072,\Exclusive\20180817 - Janaina Carvalho - 2 Dicks In Janaina's Asshole\,{DT16~Excl~ME0PM9LS~20180817 - Janaina Carvalho - 2 Dicks In Janaina's Asshole}
_mg_0569.jpg,475029,ef52fe5d,\Exclusive\20180817 - Janaina Carvalho - 2 Dicks In Janaina's Asshole\,{DT16~Excl~ME0PM9LS~20180817 - Janaina Carvalho - 2 Dicks In Janaina's Asshole}
_mg_0570.jpg,496892,e97e86ec,\Exclusive\20180817 - Janaina Carvalho - 2 Dicks In Janaina's Asshole\,{DT16~Excl~ME0PM9LS~20180817 - Janaina Carvalho - 2 Dicks In Janaina's Asshole}
_mg_0571.jpg,513478,0d25656a,\Exclusive\20180817 - Janaina Carvalho - 2 Dicks In Janaina's Asshole\,{DT16~Excl~ME0PM9LS~20180817 - Janaina Carvalho - 2 Dicks In Janaina's Asshole}
_mg_0572.jpg,497771,48868941,\Exclusive\20180817 - Janaina Carvalho - 2 Dicks In Janaina's Asshole\,{DT16~Excl~ME0PM9LS~20180817 - Janaina Carvalho - 2 Dicks In Janaina's Asshole}
_mg_0573.jpg,495771,1cd419aa,\Exclusive\20180817 - Janaina Carvalho - 2 Dicks In Janaina's Asshole\,{DT16~Excl~ME0PM9LS~20180817 - Janaina Carvalho - 2 Dicks In Janaina's Asshole}
_mg_0574.jpg,523208,1844f4cb,\Exclusive\20180817 - Janaina Carvalho - 2 Dicks In Janaina's Asshole\,{DT16~Excl~ME0PM9LS~20180817 - Janaina Carvalho - 2 Dicks In Janaina's Asshole}
_mg_0575.jpg,440264,d20af944,\Exclusive\20180817 - Janaina Carvalho - 2 Dicks In Janaina's Asshole\,{DT16~Excl~ME0PM9LS~20180817 - Janaina Carvalho - 2 Dicks In Janaina's Asshole}
_mg_0576.jpg,513548,d12b674d,\Exclusive\20180817 - Janaina Carvalho - 2 Dicks In Janaina's Asshole\,{DT16~Excl~ME0PM9LS~20180817 - Janaina Carvalho - 2 Dicks In Janaina's Asshole}
_mg_0581.jpg,650862,826e3bca,\Exclusive\20180817 - Janaina Carvalho - 2 Dicks In Janaina's Asshole\,{DT16~Excl~ME0PM9LS~20180817 - Janaina Carvalho - 2 Dicks In Janaina's Asshole}
_mg_0582.jpg,486190,033bb529,\Exclusive\20180817 - Janaina Carvalho - 2 Dicks In Janaina's Asshole\,{DT16~Excl~ME0PM9LS~20180817 - Janaina Carvalho - 2 Dicks In Janaina's Asshole}
_mg_0583.jpg,569815,b5b94c1c,\Exclusive\20180817 - Janaina Carvalho - 2 Dicks In Janaina's Asshole\,{DT16~Excl~ME0PM9LS~20180817 - Janaina Carvalho - 2 Dicks In Janaina's Asshole}
_mg_0584.jpg,540887,766cc1d0,\Exclusive\20180817 - Janaina Carvalho - 2 Dicks In Janaina's Asshole\,{DT16~Excl~ME0PM9LS~20180817 - Janaina Carvalho - 2 Dicks In Janaina's Asshole}
_mg_0585.jpg,574317,099f61a3,\Exclusive\20180817 - Janaina Carvalho - 2 Dicks In Janaina's Asshole\,{DT16~Excl~ME0PM9LS~20180817 - Janaina Carvalho - 2 Dicks In Janaina's Asshole}
_mg_0586.jpg,673437,269cbe0c,\Exclusive\20180817 - Janaina Carvalho - 2 Dicks In Janaina's Asshole\,{DT16~Excl~ME0PM9LS~20180817 - Janaina Carvalho - 2 Dicks In Janaina's Asshole}
_mg_0587.jpg,517745,0379a577,\Exclusive\20180817 - Janaina Carvalho - 2 Dicks In Janaina's Asshole\,{DT16~Excl~ME0PM9LS~20180817 - Janaina Carvalho - 2 Dicks In Janaina's Asshole}
_mg_0588.jpg,530102,bb8512f7,\Exclusive\20180817 - Janaina Carvalho - 2 Dicks In Janaina's Asshole\,{DT16~Excl~ME0PM9LS~20180817 - Janaina Carvalho - 2 Dicks In Janaina's Asshole}
_mg_0589.jpg,506777,b5fb42b8,\Exclusive\20180817 - Janaina Carvalho - 2 Dicks In Janaina's Asshole\,{DT16~Excl~ME0PM9LS~20180817 - Janaina Carvalho - 2 Dicks In Janaina's Asshole}
_mg_0590.jpg,422174,ca68a824,\Exclusive\20180817 - Janaina Carvalho - 2 Dicks In Janaina's Asshole\,{DT16~Excl~ME0PM9LS~20180817 - Janaina Carvalho - 2 Dicks In Janaina's Asshole}
_mg_0591.jpg,431752,64c16052,\Exclusive\20180817 - Janaina Carvalho - 2 Dicks In Janaina's Asshole\,{DT16~Excl~ME0PM9LS~20180817 - Janaina Carvalho - 2 Dicks In Janaina's Asshole}
_mg_0592.jpg,410352,d9f15c8c,\Exclusive\20180817 - Janaina Carvalho - 2 Dicks In Janaina's Asshole\,{DT16~Excl~ME0PM9LS~20180817 - Janaina Carvalho - 2 Dicks In Janaina's Asshole}
_mg_0594.jpg,439416,30aaa455,\Exclusive\20180817 - Janaina Carvalho - 2 Dicks In Janaina's Asshole\,{DT16~Excl~ME0PM9LS~20180817 - Janaina Carvalho - 2 Dicks In Janaina's Asshole}
_mg_0595.jpg,480410,1a8a6322,\Exclusive\20180817 - Janaina Carvalho - 2 Dicks In Janaina's Asshole\,{DT16~Excl~ME0PM9LS~20180817 - Janaina Carvalho - 2 Dicks In Janaina's Asshole}
_mg_0596.jpg,487551,18cad16e,\Exclusive\20180817 - Janaina Carvalho - 2 Dicks In Janaina's Asshole\,{DT16~Excl~ME0PM9LS~20180817 - Janaina Carvalho - 2 Dicks In Janaina's Asshole}
_mg_0598.jpg,474713,16c39d86,\Exclusive\20180817 - Janaina Carvalho - 2 Dicks In Janaina's Asshole\,{DT16~Excl~ME0PM9LS~20180817 - Janaina Carvalho - 2 Dicks In Janaina's Asshole}
_mg_0599.jpg,477737,1de981f4,\Exclusive\20180817 - Janaina Carvalho - 2 Dicks In Janaina's Asshole\,{DT16~Excl~ME0PM9LS~20180817 - Janaina Carvalho - 2 Dicks In Janaina's Asshole}
_mg_0600.jpg,521281,5d8bdb39,\Exclusive\20180817 - Janaina Carvalho - 2 Dicks In Janaina's Asshole\,{DT16~Excl~ME0PM9LS~20180817 - Janaina Carvalho - 2 Dicks In Janaina's Asshole}
_mg_0603.jpg,490499,28a7ca38,\Exclusive\20180817 - Janaina Carvalho - 2 Dicks In Janaina's Asshole\,{DT16~Excl~ME0PM9LS~20180817 - Janaina Carvalho - 2 Dicks In Janaina's Asshole}
_mg_0604.jpg,553047,3eb38bbd,\Exclusive\20180817 - Janaina Carvalho - 2 Dicks In Janaina's Asshole\,{DT16~Excl~ME0PM9LS~20180817 - Janaina Carvalho - 2 Dicks In Janaina's Asshole}
_mg_0605.jpg,579302,290fbca6,\Exclusive\20180817 - Janaina Carvalho - 2 Dicks In Janaina's Asshole\,{DT16~Excl~ME0PM9LS~20180817 - Janaina Carvalho - 2 Dicks In Janaina's Asshole}
_mg_0606.jpg,535740,c01dbf63,\Exclusive\20180817 - Janaina Carvalho - 2 Dicks In Janaina's Asshole\,{DT16~Excl~ME0PM9LS~20180817 - Janaina Carvalho - 2 Dicks In Janaina's Asshole}
_mg_0609.jpg,575123,11a27471,\Exclusive\20180817 - Janaina Carvalho - 2 Dicks In Janaina's Asshole\,{DT16~Excl~ME0PM9LS~20180817 - Janaina Carvalho - 2 Dicks In Janaina's Asshole}
_mg_0612.jpg,612559,3f40c565,\Exclusive\20180817 - Janaina Carvalho - 2 Dicks In Janaina's Asshole\,{DT16~Excl~ME0PM9LS~20180817 - Janaina Carvalho - 2 Dicks In Janaina's Asshole}
_mg_0616.jpg,602720,78cac573,\Exclusive\20180817 - Janaina Carvalho - 2 Dicks In Janaina's Asshole\,{DT16~Excl~ME0PM9LS~20180817 - Janaina Carvalho - 2 Dicks In Janaina's Asshole}
_mg_0617.jpg,640490,ee12c0cb,\Exclusive\20180817 - Janaina Carvalho - 2 Dicks In Janaina's Asshole\,{DT16~Excl~ME0PM9LS~20180817 - Janaina Carvalho - 2 Dicks In Janaina's Asshole}
_mg_0619.jpg,604048,8f8f5e21,\Exclusive\20180817 - Janaina Carvalho - 2 Dicks In Janaina's Asshole\,{DT16~Excl~ME0PM9LS~20180817 - Janaina Carvalho - 2 Dicks In Janaina's Asshole}
_mg_0620.jpg,639516,0d2b9b97,\Exclusive\20180817 - Janaina Carvalho - 2 Dicks In Janaina's Asshole\,{DT16~Excl~ME0PM9LS~20180817 - Janaina Carvalho - 2 Dicks In Janaina's Asshole}
_mg_0621.jpg,642944,3ba19fb8,\Exclusive\20180817 - Janaina Carvalho - 2 Dicks In Janaina's Asshole\,{DT16~Excl~ME0PM9LS~20180817 - Janaina Carvalho - 2 Dicks In Janaina's Asshole}
_mg_0622.jpg,612308,ef74a527,\Exclusive\20180817 - Janaina Carvalho - 2 Dicks In Janaina's Asshole\,{DT16~Excl~ME0PM9LS~20180817 - Janaina Carvalho - 2 Dicks In Janaina's Asshole}
_mg_0624.jpg,659053,e784d98d,\Exclusive\20180817 - Janaina Carvalho - 2 Dicks In Janaina's Asshole\,{DT16~Excl~ME0PM9LS~20180817 - Janaina Carvalho - 2 Dicks In Janaina's Asshole}
_mg_0625.jpg,673772,2df58852,\Exclusive\20180817 - Janaina Carvalho - 2 Dicks In Janaina's Asshole\,{DT16~Excl~ME0PM9LS~20180817 - Janaina Carvalho - 2 Dicks In Janaina's Asshole}
_mg_0626.jpg,618379,b572bbca,\Exclusive\20180817 - Janaina Carvalho - 2 Dicks In Janaina's Asshole\,{DT16~Excl~ME0PM9LS~20180817 - Janaina Carvalho - 2 Dicks In Janaina's Asshole}
_mg_0627.jpg,635233,84f614b8,\Exclusive\20180817 - Janaina Carvalho - 2 Dicks In Janaina's Asshole\,{DT16~Excl~ME0PM9LS~20180817 - Janaina Carvalho - 2 Dicks In Janaina's Asshole}
_mg_0628.jpg,623689,44f431cd,\Exclusive\20180817 - Janaina Carvalho - 2 Dicks In Janaina's Asshole\,{DT16~Excl~ME0PM9LS~20180817 - Janaina Carvalho - 2 Dicks In Janaina's Asshole}
_mg_0630.jpg,744779,6dee40a3,\Exclusive\20180817 - Janaina Carvalho - 2 Dicks In Janaina's Asshole\,{DT16~Excl~ME0PM9LS~20180817 - Janaina Carvalho - 2 Dicks In Janaina's Asshole}
_mg_0632.jpg,672914,5ba2fcbc,\Exclusive\20180817 - Janaina Carvalho - 2 Dicks In Janaina's Asshole\,{DT16~Excl~ME0PM9LS~20180817 - Janaina Carvalho - 2 Dicks In Janaina's Asshole}
_mg_0634.jpg,611263,e8cac389,\Exclusive\20180817 - Janaina Carvalho - 2 Dicks In Janaina's Asshole\,{DT16~Excl~ME0PM9LS~20180817 - Janaina Carvalho - 2 Dicks In Janaina's Asshole}
_mg_0635.jpg,628222,4386b7f0,\Exclusive\20180817 - Janaina Carvalho - 2 Dicks In Janaina's Asshole\,{DT16~Excl~ME0PM9LS~20180817 - Janaina Carvalho - 2 Dicks In Janaina's Asshole}
_mg_0636.jpg,440523,760be8c7,\Exclusive\20180817 - Janaina Carvalho - 2 Dicks In Janaina's Asshole\,{DT16~Excl~ME0PM9LS~20180817 - Janaina Carvalho - 2 Dicks In Janaina's Asshole}
_mg_0640.jpg,646936,14fbcb4a,\Exclusive\20180817 - Janaina Carvalho - 2 Dicks In Janaina's Asshole\,{DT16~Excl~ME0PM9LS~20180817 - Janaina Carvalho - 2 Dicks In Janaina's Asshole}
_mg_0649.jpg,677665,54c4ef03,\Exclusive\20180817 - Janaina Carvalho - 2 Dicks In Janaina's Asshole\,{DT16~Excl~ME0PM9LS~20180817 - Janaina Carvalho - 2 Dicks In Janaina's Asshole}
_mg_0653.jpg,727914,b02b1a93,\Exclusive\20180817 - Janaina Carvalho - 2 Dicks In Janaina's Asshole\,{DT16~Excl~ME0PM9LS~20180817 - Janaina Carvalho - 2 Dicks In Janaina's Asshole}
_mg_0654.jpg,737014,a63a246b,\Exclusive\20180817 - Janaina Carvalho - 2 Dicks In Janaina's Asshole\,{DT16~Excl~ME0PM9LS~20180817 - Janaina Carvalho - 2 Dicks In Janaina's Asshole}
_mg_0655.jpg,720405,1ee4e24a,\Exclusive\20180817 - Janaina Carvalho - 2 Dicks In Janaina's Asshole\,{DT16~Excl~ME0PM9LS~20180817 - Janaina Carvalho - 2 Dicks In Janaina's Asshole}
_mg_0659.jpg,621401,870def83,\Exclusive\20180817 - Janaina Carvalho - 2 Dicks In Janaina's Asshole\,{DT16~Excl~ME0PM9LS~20180817 - Janaina Carvalho - 2 Dicks In Janaina's Asshole}
_mg_0661.jpg,656160,08468f8c,\Exclusive\20180817 - Janaina Carvalho - 2 Dicks In Janaina's Asshole\,{DT16~Excl~ME0PM9LS~20180817 - Janaina Carvalho - 2 Dicks In Janaina's Asshole}
_mg_0662.jpg,655202,6ed33700,\Exclusive\20180817 - Janaina Carvalho - 2 Dicks In Janaina's Asshole\,{DT16~Excl~ME0PM9LS~20180817 - Janaina Carvalho - 2 Dicks In Janaina's Asshole}
_mg_0663.jpg,728985,054ad7eb,\Exclusive\20180817 - Janaina Carvalho - 2 Dicks In Janaina's Asshole\,{DT16~Excl~ME0PM9LS~20180817 - Janaina Carvalho - 2 Dicks In Janaina's Asshole}
_mg_0664.jpg,741844,66de5f28,\Exclusive\20180817 - Janaina Carvalho - 2 Dicks In Janaina's Asshole\,{DT16~Excl~ME0PM9LS~20180817 - Janaina Carvalho - 2 Dicks In Janaina's Asshole}
_mg_0665.jpg,677655,7e6858ab,\Exclusive\20180817 - Janaina Carvalho - 2 Dicks In Janaina's Asshole\,{DT16~Excl~ME0PM9LS~20180817 - Janaina Carvalho - 2 Dicks In Janaina's Asshole}
_mg_0666.jpg,634530,ab0b73e5,\Exclusive\20180817 - Janaina Carvalho - 2 Dicks In Janaina's Asshole\,{DT16~Excl~ME0PM9LS~20180817 - Janaina Carvalho - 2 Dicks In Janaina's Asshole}
_mg_0668.jpg,625253,e02ddfb7,\Exclusive\20180817 - Janaina Carvalho - 2 Dicks In Janaina's Asshole\,{DT16~Excl~ME0PM9LS~20180817 - Janaina Carvalho - 2 Dicks In Janaina's Asshole}
_mg_0669.jpg,605812,f14ba83a,\Exclusive\20180817 - Janaina Carvalho - 2 Dicks In Janaina's Asshole\,{DT16~Excl~ME0PM9LS~20180817 - Janaina Carvalho - 2 Dicks In Janaina's Asshole}
_mg_0671.jpg,675494,394dcca7,\Exclusive\20180817 - Janaina Carvalho - 2 Dicks In Janaina's Asshole\,{DT16~Excl~ME0PM9LS~20180817 - Janaina Carvalho - 2 Dicks In Janaina's Asshole}
_mg_0672.jpg,671766,1cab82c2,\Exclusive\20180817 - Janaina Carvalho - 2 Dicks In Janaina's Asshole\,{DT16~Excl~ME0PM9LS~20180817 - Janaina Carvalho - 2 Dicks In Janaina's Asshole}
_mg_0673.jpg,701307,e8507bdd,\Exclusive\20180817 - Janaina Carvalho - 2 Dicks In Janaina's Asshole\,{DT16~Excl~ME0PM9LS~20180817 - Janaina Carvalho - 2 Dicks In Janaina's Asshole}
_mg_0674.jpg,713074,d82eecb8,\Exclusive\20180817 - Janaina Carvalho - 2 Dicks In Janaina's Asshole\,{DT16~Excl~ME0PM9LS~20180817 - Janaina Carvalho - 2 Dicks In Janaina's Asshole}
_mg_0675.jpg,745798,2c86a075,\Exclusive\20180817 - Janaina Carvalho - 2 Dicks In Janaina's Asshole\,{DT16~Excl~ME0PM9LS~20180817 - Janaina Carvalho - 2 Dicks In Janaina's Asshole}
_mg_0676.jpg,654330,525ccba9,\Exclusive\20180817 - Janaina Carvalho - 2 Dicks In Janaina's Asshole\,{DT16~Excl~ME0PM9LS~20180817 - Janaina Carvalho - 2 Dicks In Janaina's Asshole}
_mg_0677.jpg,713155,f436d2da,\Exclusive\20180817 - Janaina Carvalho - 2 Dicks In Janaina's Asshole\,{DT16~Excl~ME0PM9LS~20180817 - Janaina Carvalho - 2 Dicks In Janaina's Asshole}
_mg_0678.jpg,728034,3f6a3281,\Exclusive\20180817 - Janaina Carvalho - 2 Dicks In Janaina's Asshole\,{DT16~Excl~ME0PM9LS~20180817 - Janaina Carvalho - 2 Dicks In Janaina's Asshole}
_mg_0679.jpg,688057,1601f3b7,\Exclusive\20180817 - Janaina Carvalho - 2 Dicks In Janaina's Asshole\,{DT16~Excl~ME0PM9LS~20180817 - Janaina Carvalho - 2 Dicks In Janaina's Asshole}
_mg_0680.jpg,760152,f40352d0,\Exclusive\20180817 - Janaina Carvalho - 2 Dicks In Janaina's Asshole\,{DT16~Excl~ME0PM9LS~20180817 - Janaina Carvalho - 2 Dicks In Janaina's Asshole}
_mg_0682.jpg,728840,e3d414b8,\Exclusive\20180817 - Janaina Carvalho - 2 Dicks In Janaina's Asshole\,{DT16~Excl~ME0PM9LS~20180817 - Janaina Carvalho - 2 Dicks In Janaina's Asshole}
_mg_0683.jpg,636860,222133ae,\Exclusive\20180817 - Janaina Carvalho - 2 Dicks In Janaina's Asshole\,{DT16~Excl~ME0PM9LS~20180817 - Janaina Carvalho - 2 Dicks In Janaina's Asshole}
_mg_0684.jpg,681438,97c506f5,\Exclusive\20180817 - Janaina Carvalho - 2 Dicks In Janaina's Asshole\,{DT16~Excl~ME0PM9LS~20180817 - Janaina Carvalho - 2 Dicks In Janaina's Asshole}
_mg_0685.jpg,569746,effd73dc,\Exclusive\20180817 - Janaina Carvalho - 2 Dicks In Janaina's Asshole\,{DT16~Excl~ME0PM9LS~20180817 - Janaina Carvalho - 2 Dicks In Janaina's Asshole}
_mg_0686.jpg,564352,ba6134fa,\Exclusive\20180817 - Janaina Carvalho - 2 Dicks In Janaina's Asshole\,{DT16~Excl~ME0PM9LS~20180817 - Janaina Carvalho - 2 Dicks In Janaina's Asshole}
_mg_0687.jpg,620493,bfbed0c2,\Exclusive\20180817 - Janaina Carvalho - 2 Dicks In Janaina's Asshole\,{DT16~Excl~ME0PM9LS~20180817 - Janaina Carvalho - 2 Dicks In Janaina's Asshole}
_mg_0688.jpg,591428,bd7ccb42,\Exclusive\20180817 - Janaina Carvalho - 2 Dicks In Janaina's Asshole\,{DT16~Excl~ME0PM9LS~20180817 - Janaina Carvalho - 2 Dicks In Janaina's Asshole}
_mg_0689.jpg,591586,c31ed826,\Exclusive\20180817 - Janaina Carvalho - 2 Dicks In Janaina's Asshole\,{DT16~Excl~ME0PM9LS~20180817 - Janaina Carvalho - 2 Dicks In Janaina's Asshole}
_mg_0690.jpg,573560,8448e32f,\Exclusive\20180817 - Janaina Carvalho - 2 Dicks In Janaina's Asshole\,{DT16~Excl~ME0PM9LS~20180817 - Janaina Carvalho - 2 Dicks In Janaina's Asshole}
_mg_0691.jpg,629744,4d78d69e,\Exclusive\20180817 - Janaina Carvalho - 2 Dicks In Janaina's Asshole\,{DT16~Excl~ME0PM9LS~20180817 - Janaina Carvalho - 2 Dicks In Janaina's Asshole}
_mg_0692.jpg,638130,4b5737a3,\Exclusive\20180817 - Janaina Carvalho - 2 Dicks In Janaina's Asshole\,{DT16~Excl~ME0PM9LS~20180817 - Janaina Carvalho - 2 Dicks In Janaina's Asshole}
_mg_0694.jpg,591161,1d6dccde,\Exclusive\20180817 - Janaina Carvalho - 2 Dicks In Janaina's Asshole\,{DT16~Excl~ME0PM9LS~20180817 - Janaina Carvalho - 2 Dicks In Janaina's Asshole}
_mg_0696.jpg,698442,29d3a997,\Exclusive\20180817 - Janaina Carvalho - 2 Dicks In Janaina's Asshole\,{DT16~Excl~ME0PM9LS~20180817 - Janaina Carvalho - 2 Dicks In Janaina's Asshole}
_mg_0697.jpg,654761,ca133460,\Exclusive\20180817 - Janaina Carvalho - 2 Dicks In Janaina's Asshole\,{DT16~Excl~ME0PM9LS~20180817 - Janaina Carvalho - 2 Dicks In Janaina's Asshole}
_mg_0698.jpg,605855,8e35db83,\Exclusive\20180817 - Janaina Carvalho - 2 Dicks In Janaina's Asshole\,{DT16~Excl~ME0PM9LS~20180817 - Janaina Carvalho - 2 Dicks In Janaina's Asshole}
_mg_0699.jpg,655878,cb50085a,\Exclusive\20180817 - Janaina Carvalho - 2 Dicks In Janaina's Asshole\,{DT16~Excl~ME0PM9LS~20180817 - Janaina Carvalho - 2 Dicks In Janaina's Asshole}
_mg_0701.jpg,576245,2540a7a1,\Exclusive\20180817 - Janaina Carvalho - 2 Dicks In Janaina's Asshole\,{DT16~Excl~ME0PM9LS~20180817 - Janaina Carvalho - 2 Dicks In Janaina's Asshole}
_mg_0702.jpg,625592,75244670,\Exclusive\20180817 - Janaina Carvalho - 2 Dicks In Janaina's Asshole\,{DT16~Excl~ME0PM9LS~20180817 - Janaina Carvalho - 2 Dicks In Janaina's Asshole}
_mg_0703.jpg,549441,74b392cb,\Exclusive\20180817 - Janaina Carvalho - 2 Dicks In Janaina's Asshole\,{DT16~Excl~ME0PM9LS~20180817 - Janaina Carvalho - 2 Dicks In Janaina's Asshole}
_mg_0704.jpg,563952,78ef2c8a,\Exclusive\20180817 - Janaina Carvalho - 2 Dicks In Janaina's Asshole\,{DT16~Excl~ME0PM9LS~20180817 - Janaina Carvalho - 2 Dicks In Janaina's Asshole}
_mg_0705.jpg,537933,d2b11d4c,\Exclusive\20180817 - Janaina Carvalho - 2 Dicks In Janaina's Asshole\,{DT16~Excl~ME0PM9LS~20180817 - Janaina Carvalho - 2 Dicks In Janaina's Asshole}
_mg_0706.jpg,559331,df328614,\Exclusive\20180817 - Janaina Carvalho - 2 Dicks In Janaina's Asshole\,{DT16~Excl~ME0PM9LS~20180817 - Janaina Carvalho - 2 Dicks In Janaina's Asshole}
_mg_0707.jpg,426361,fbb974d7,\Exclusive\20180817 - Janaina Carvalho - 2 Dicks In Janaina's Asshole\,{DT16~Excl~ME0PM9LS~20180817 - Janaina Carvalho - 2 Dicks In Janaina's Asshole}
_mg_0708.jpg,518652,bbd97f7f,\Exclusive\20180817 - Janaina Carvalho - 2 Dicks In Janaina's Asshole\,{DT16~Excl~ME0PM9LS~20180817 - Janaina Carvalho - 2 Dicks In Janaina's Asshole}
_mg_0709.jpg,671483,b2bf76c5,\Exclusive\20180817 - Janaina Carvalho - 2 Dicks In Janaina's Asshole\,{DT16~Excl~ME0PM9LS~20180817 - Janaina Carvalho - 2 Dicks In Janaina's Asshole}
_mg_0710.jpg,569696,ab76d3d8,\Exclusive\20180817 - Janaina Carvalho - 2 Dicks In Janaina's Asshole\,{DT16~Excl~ME0PM9LS~20180817 - Janaina Carvalho - 2 Dicks In Janaina's Asshole}
_mg_0711.jpg,593606,3d87d36c,\Exclusive\20180817 - Janaina Carvalho - 2 Dicks In Janaina's Asshole\,{DT16~Excl~ME0PM9LS~20180817 - Janaina Carvalho - 2 Dicks In Janaina's Asshole}
_mg_0712.jpg,614748,3059b4ce,\Exclusive\20180817 - Janaina Carvalho - 2 Dicks In Janaina's Asshole\,{DT16~Excl~ME0PM9LS~20180817 - Janaina Carvalho - 2 Dicks In Janaina's Asshole}
_mg_0713.jpg,612013,0977e3e0,\Exclusive\20180817 - Janaina Carvalho - 2 Dicks In Janaina's Asshole\,{DT16~Excl~ME0PM9LS~20180817 - Janaina Carvalho - 2 Dicks In Janaina's Asshole}
_mg_0715.jpg,705744,52fc73f2,\Exclusive\20180817 - Janaina Carvalho - 2 Dicks In Janaina's Asshole\,{DT16~Excl~ME0PM9LS~20180817 - Janaina Carvalho - 2 Dicks In Janaina's Asshole}
_mg_0717.jpg,483407,3811793a,\Exclusive\20180817 - Janaina Carvalho - 2 Dicks In Janaina's Asshole\,{DT16~Excl~ME0PM9LS~20180817 - Janaina Carvalho - 2 Dicks In Janaina's Asshole}
_mg_0718.jpg,622941,73e08468,\Exclusive\20180817 - Janaina Carvalho - 2 Dicks In Janaina's Asshole\,{DT16~Excl~ME0PM9LS~20180817 - Janaina Carvalho - 2 Dicks In Janaina's Asshole}
_mg_0719.jpg,667969,cc18961d,\Exclusive\20180817 - Janaina Carvalho - 2 Dicks In Janaina's Asshole\,{DT16~Excl~ME0PM9LS~20180817 - Janaina Carvalho - 2 Dicks In Janaina's Asshole}
_mg_0720.jpg,468170,fe854173,\Exclusive\20180817 - Janaina Carvalho - 2 Dicks In Janaina's Asshole\,{DT16~Excl~ME0PM9LS~20180817 - Janaina Carvalho - 2 Dicks In Janaina's Asshole}
_mg_0721.jpg,567415,9d202e30,\Exclusive\20180817 - Janaina Carvalho - 2 Dicks In Janaina's Asshole\,{DT16~Excl~ME0PM9LS~20180817 - Janaina Carvalho - 2 Dicks In Janaina's Asshole}
_mg_0722.jpg,551390,efa28b13,\Exclusive\20180817 - Janaina Carvalho - 2 Dicks In Janaina's Asshole\,{DT16~Excl~ME0PM9LS~20180817 - Janaina Carvalho - 2 Dicks In Janaina's Asshole}
_mg_0725.jpg,473028,a64f5bec,\Exclusive\20180817 - Janaina Carvalho - 2 Dicks In Janaina's Asshole\,{DT16~Excl~ME0PM9LS~20180817 - Janaina Carvalho - 2 Dicks In Janaina's Asshole}
_mg_0726.jpg,557279,570b5c7a,\Exclusive\20180817 - Janaina Carvalho - 2 Dicks In Janaina's Asshole\,{DT16~Excl~ME0PM9LS~20180817 - Janaina Carvalho - 2 Dicks In Janaina's Asshole}
_mg_0727.jpg,656851,d0143022,\Exclusive\20180817 - Janaina Carvalho - 2 Dicks In Janaina's Asshole\,{DT16~Excl~ME0PM9LS~20180817 - Janaina Carvalho - 2 Dicks In Janaina's Asshole}
_mg_0728.jpg,567355,8e97122e,\Exclusive\20180817 - Janaina Carvalho - 2 Dicks In Janaina's Asshole\,{DT16~Excl~ME0PM9LS~20180817 - Janaina Carvalho - 2 Dicks In Janaina's Asshole}
_mg_0729.jpg,553674,5710aab8,\Exclusive\20180817 - Janaina Carvalho - 2 Dicks In Janaina's Asshole\,{DT16~Excl~ME0PM9LS~20180817 - Janaina Carvalho - 2 Dicks In Janaina's Asshole}
_mg_0730.jpg,582689,a5625d1b,\Exclusive\20180817 - Janaina Carvalho - 2 Dicks In Janaina's Asshole\,{DT16~Excl~ME0PM9LS~20180817 - Janaina Carvalho - 2 Dicks In Janaina's Asshole}
_mg_0731.jpg,612933,548b450d,\Exclusive\20180817 - Janaina Carvalho - 2 Dicks In Janaina's Asshole\,{DT16~Excl~ME0PM9LS~20180817 - Janaina Carvalho - 2 Dicks In Janaina's Asshole}
_mg_0733.jpg,559770,5f738877,\Exclusive\20180817 - Janaina Carvalho - 2 Dicks In Janaina's Asshole\,{DT16~Excl~ME0PM9LS~20180817 - Janaina Carvalho - 2 Dicks In Janaina's Asshole}
_mg_0734.jpg,572787,46dee1af,\Exclusive\20180817 - Janaina Carvalho - 2 Dicks In Janaina's Asshole\,{DT16~Excl~ME0PM9LS~20180817 - Janaina Carvalho - 2 Dicks In Janaina's Asshole}
_mg_0735.jpg,554503,1681da1e,\Exclusive\20180817 - Janaina Carvalho - 2 Dicks In Janaina's Asshole\,{DT16~Excl~ME0PM9LS~20180817 - Janaina Carvalho - 2 Dicks In Janaina's Asshole}
_mg_0736.jpg,561171,567f3878,\Exclusive\20180817 - Janaina Carvalho - 2 Dicks In Janaina's Asshole\,{DT16~Excl~ME0PM9LS~20180817 - Janaina Carvalho - 2 Dicks In Janaina's Asshole}
_mg_0737.jpg,613311,83642a23,\Exclusive\20180817 - Janaina Carvalho - 2 Dicks In Janaina's Asshole\,{DT16~Excl~ME0PM9LS~20180817 - Janaina Carvalho - 2 Dicks In Janaina's Asshole}
_mg_0738.jpg,626841,86192196,\Exclusive\20180817 - Janaina Carvalho - 2 Dicks In Janaina's Asshole\,{DT16~Excl~ME0PM9LS~20180817 - Janaina Carvalho - 2 Dicks In Janaina's Asshole}
_mg_0739.jpg,611132,ad147ba6,\Exclusive\20180817 - Janaina Carvalho - 2 Dicks In Janaina's Asshole\,{DT16~Excl~ME0PM9LS~20180817 - Janaina Carvalho - 2 Dicks In Janaina's Asshole}
_mg_0740.jpg,521041,cdf17ca3,\Exclusive\20180817 - Janaina Carvalho - 2 Dicks In Janaina's Asshole\,{DT16~Excl~ME0PM9LS~20180817 - Janaina Carvalho - 2 Dicks In Janaina's Asshole}
_mg_0741.jpg,584772,3d99176c,\Exclusive\20180817 - Janaina Carvalho - 2 Dicks In Janaina's Asshole\,{DT16~Excl~ME0PM9LS~20180817 - Janaina Carvalho - 2 Dicks In Janaina's Asshole}
_mg_0742.jpg,557491,1b7431f8,\Exclusive\20180817 - Janaina Carvalho - 2 Dicks In Janaina's Asshole\,{DT16~Excl~ME0PM9LS~20180817 - Janaina Carvalho - 2 Dicks In Janaina's Asshole}
_mg_0744.jpg,526320,8f274d31,\Exclusive\20180817 - Janaina Carvalho - 2 Dicks In Janaina's Asshole\,{DT16~Excl~ME0PM9LS~20180817 - Janaina Carvalho - 2 Dicks In Janaina's Asshole}
_mg_0745.jpg,674207,ae2fa238,\Exclusive\20180817 - Janaina Carvalho - 2 Dicks In Janaina's Asshole\,{DT16~Excl~ME0PM9LS~20180817 - Janaina Carvalho - 2 Dicks In Janaina's Asshole}
_mg_0748.jpg,607919,9ba4063d,\Exclusive\20180817 - Janaina Carvalho - 2 Dicks In Janaina's Asshole\,{DT16~Excl~ME0PM9LS~20180817 - Janaina Carvalho - 2 Dicks In Janaina's Asshole}
_mg_0749.jpg,623015,9aac1f92,\Exclusive\20180817 - Janaina Carvalho - 2 Dicks In Janaina's Asshole\,{DT16~Excl~ME0PM9LS~20180817 - Janaina Carvalho - 2 Dicks In Janaina's Asshole}
_mg_0752.jpg,585438,4e4a0cb9,\Exclusive\20180817 - Janaina Carvalho - 2 Dicks In Janaina's Asshole\,{DT16~Excl~ME0PM9LS~20180817 - Janaina Carvalho - 2 Dicks In Janaina's Asshole}
_mg_0754.jpg,572221,9bb5c462,\Exclusive\20180817 - Janaina Carvalho - 2 Dicks In Janaina's Asshole\,{DT16~Excl~ME0PM9LS~20180817 - Janaina Carvalho - 2 Dicks In Janaina's Asshole}
_mg_0755.jpg,647142,99fc83c3,\Exclusive\20180817 - Janaina Carvalho - 2 Dicks In Janaina's Asshole\,{DT16~Excl~ME0PM9LS~20180817 - Janaina Carvalho - 2 Dicks In Janaina's Asshole}
_mg_0756.jpg,585697,73b7950f,\Exclusive\20180817 - Janaina Carvalho - 2 Dicks In Janaina's Asshole\,{DT16~Excl~ME0PM9LS~20180817 - Janaina Carvalho - 2 Dicks In Janaina's Asshole}
_mg_0757.jpg,679630,c493aae4,\Exclusive\20180817 - Janaina Carvalho - 2 Dicks In Janaina's Asshole\,{DT16~Excl~ME0PM9LS~20180817 - Janaina Carvalho - 2 Dicks In Janaina's Asshole}
_mg_0758.jpg,670892,2186f853,\Exclusive\20180817 - Janaina Carvalho - 2 Dicks In Janaina's Asshole\,{DT16~Excl~ME0PM9LS~20180817 - Janaina Carvalho - 2 Dicks In Janaina's Asshole}
_mg_0759.jpg,482675,ad9973f4,\Exclusive\20180817 - Janaina Carvalho - 2 Dicks In Janaina's Asshole\,{DT16~Excl~ME0PM9LS~20180817 - Janaina Carvalho - 2 Dicks In Janaina's Asshole}
_mg_0760.jpg,622678,36a798e7,\Exclusive\20180817 - Janaina Carvalho - 2 Dicks In Janaina's Asshole\,{DT16~Excl~ME0PM9LS~20180817 - Janaina Carvalho - 2 Dicks In Janaina's Asshole}
_mg_0761.jpg,628723,173bb092,\Exclusive\20180817 - Janaina Carvalho - 2 Dicks In Janaina's Asshole\,{DT16~Excl~ME0PM9LS~20180817 - Janaina Carvalho - 2 Dicks In Janaina's Asshole}
_mg_0762.jpg,607216,3d326fa4,\Exclusive\20180817 - Janaina Carvalho - 2 Dicks In Janaina's Asshole\,{DT16~Excl~ME0PM9LS~20180817 - Janaina Carvalho - 2 Dicks In Janaina's Asshole}
_mg_0765.jpg,588915,1ebf2725,\Exclusive\20180817 - Janaina Carvalho - 2 Dicks In Janaina's Asshole\,{DT16~Excl~ME0PM9LS~20180817 - Janaina Carvalho - 2 Dicks In Janaina's Asshole}
_mg_0766.jpg,629284,bd5baeb8,\Exclusive\20180817 - Janaina Carvalho - 2 Dicks In Janaina's Asshole\,{DT16~Excl~ME0PM9LS~20180817 - Janaina Carvalho - 2 Dicks In Janaina's Asshole}
_mg_0767.jpg,636439,992da580,\Exclusive\20180817 - Janaina Carvalho - 2 Dicks In Janaina's Asshole\,{DT16~Excl~ME0PM9LS~20180817 - Janaina Carvalho - 2 Dicks In Janaina's Asshole}
_mg_0768.jpg,555541,71dc72fb,\Exclusive\20180817 - Janaina Carvalho - 2 Dicks In Janaina's Asshole\,{DT16~Excl~ME0PM9LS~20180817 - Janaina Carvalho - 2 Dicks In Janaina's Asshole}
_mg_0769.jpg,607732,752fd217,\Exclusive\20180817 - Janaina Carvalho - 2 Dicks In Janaina's Asshole\,{DT16~Excl~ME0PM9LS~20180817 - Janaina Carvalho - 2 Dicks In Janaina's Asshole}
_mg_0770.jpg,631962,1dee1016,\Exclusive\20180817 - Janaina Carvalho - 2 Dicks In Janaina's Asshole\,{DT16~Excl~ME0PM9LS~20180817 - Janaina Carvalho - 2 Dicks In Janaina's Asshole}
_mg_0771.jpg,608020,c1073533,\Exclusive\20180817 - Janaina Carvalho - 2 Dicks In Janaina's Asshole\,{DT16~Excl~ME0PM9LS~20180817 - Janaina Carvalho - 2 Dicks In Janaina's Asshole}
_mg_0772.jpg,691889,30cdf288,\Exclusive\20180817 - Janaina Carvalho - 2 Dicks In Janaina's Asshole\,{DT16~Excl~ME0PM9LS~20180817 - Janaina Carvalho - 2 Dicks In Janaina's Asshole}
_mg_0775.jpg,584270,01d8f7e3,\Exclusive\20180817 - Janaina Carvalho - 2 Dicks In Janaina's Asshole\,{DT16~Excl~ME0PM9LS~20180817 - Janaina Carvalho - 2 Dicks In Janaina's Asshole}
_mg_0776.jpg,577825,b7670ff6,\Exclusive\20180817 - Janaina Carvalho - 2 Dicks In Janaina's Asshole\,{DT16~Excl~ME0PM9LS~20180817 - Janaina Carvalho - 2 Dicks In Janaina's Asshole}
_mg_0777.jpg,546610,472bd700,\Exclusive\20180817 - Janaina Carvalho - 2 Dicks In Janaina's Asshole\,{DT16~Excl~ME0PM9LS~20180817 - Janaina Carvalho - 2 Dicks In Janaina's Asshole}
_mg_0779.jpg,593436,9a7104c5,\Exclusive\20180817 - Janaina Carvalho - 2 Dicks In Janaina's Asshole\,{DT16~Excl~ME0PM9LS~20180817 - Janaina Carvalho - 2 Dicks In Janaina's Asshole}
_mg_0780.jpg,615299,45f8485d,\Exclusive\20180817 - Janaina Carvalho - 2 Dicks In Janaina's Asshole\,{DT16~Excl~ME0PM9LS~20180817 - Janaina Carvalho - 2 Dicks In Janaina's Asshole}
_mg_0782.jpg,634844,61ce8dd2,\Exclusive\20180817 - Janaina Carvalho - 2 Dicks In Janaina's Asshole\,{DT16~Excl~ME0PM9LS~20180817 - Janaina Carvalho - 2 Dicks In Janaina's Asshole}
_mg_0783.jpg,602484,17dd4388,\Exclusive\20180817 - Janaina Carvalho - 2 Dicks In Janaina's Asshole\,{DT16~Excl~ME0PM9LS~20180817 - Janaina Carvalho - 2 Dicks In Janaina's Asshole}
_mg_0784.jpg,616971,02dd43f0,\Exclusive\20180817 - Janaina Carvalho - 2 Dicks In Janaina's Asshole\,{DT16~Excl~ME0PM9LS~20180817 - Janaina Carvalho - 2 Dicks In Janaina's Asshole}
_mg_0785.jpg,613620,b18d7d03,\Exclusive\20180817 - Janaina Carvalho - 2 Dicks In Janaina's Asshole\,{DT16~Excl~ME0PM9LS~20180817 - Janaina Carvalho - 2 Dicks In Janaina's Asshole}
_mg_0786.jpg,615018,5678ce90,\Exclusive\20180817 - Janaina Carvalho - 2 Dicks In Janaina's Asshole\,{DT16~Excl~ME0PM9LS~20180817 - Janaina Carvalho - 2 Dicks In Janaina's Asshole}
_mg_0787.jpg,557824,14106792,\Exclusive\20180817 - Janaina Carvalho - 2 Dicks In Janaina's Asshole\,{DT16~Excl~ME0PM9LS~20180817 - Janaina Carvalho - 2 Dicks In Janaina's Asshole}
_mg_0788.jpg,564075,0518aa46,\Exclusive\20180817 - Janaina Carvalho - 2 Dicks In Janaina's Asshole\,{DT16~Excl~ME0PM9LS~20180817 - Janaina Carvalho - 2 Dicks In Janaina's Asshole}
_mg_0789.jpg,626055,adc0c939,\Exclusive\20180817 - Janaina Carvalho - 2 Dicks In Janaina's Asshole\,{DT16~Excl~ME0PM9LS~20180817 - Janaina Carvalho - 2 Dicks In Janaina's Asshole}
_mg_0791.jpg,607647,acaeddb1,\Exclusive\20180817 - Janaina Carvalho - 2 Dicks In Janaina's Asshole\,{DT16~Excl~ME0PM9LS~20180817 - Janaina Carvalho - 2 Dicks In Janaina's Asshole}
_mg_0792.jpg,582647,31dd18e6,\Exclusive\20180817 - Janaina Carvalho - 2 Dicks In Janaina's Asshole\,{DT16~Excl~ME0PM9LS~20180817 - Janaina Carvalho - 2 Dicks In Janaina's Asshole}
_mg_0793.jpg,607897,300762c3,\Exclusive\20180817 - Janaina Carvalho - 2 Dicks In Janaina's Asshole\,{DT16~Excl~ME0PM9LS~20180817 - Janaina Carvalho - 2 Dicks In Janaina's Asshole}
_mg_0794.jpg,600761,05b68d3b,\Exclusive\20180817 - Janaina Carvalho - 2 Dicks In Janaina's Asshole\,{DT16~Excl~ME0PM9LS~20180817 - Janaina Carvalho - 2 Dicks In Janaina's Asshole}
_mg_0795.jpg,538156,2713b165,\Exclusive\20180817 - Janaina Carvalho - 2 Dicks In Janaina's Asshole\,{DT16~Excl~ME0PM9LS~20180817 - Janaina Carvalho - 2 Dicks In Janaina's Asshole}
_mg_0797.jpg,636582,e7287d65,\Exclusive\20180817 - Janaina Carvalho - 2 Dicks In Janaina's Asshole\,{DT16~Excl~ME0PM9LS~20180817 - Janaina Carvalho - 2 Dicks In Janaina's Asshole}
_mg_0798.jpg,610608,b0bdc06f,\Exclusive\20180817 - Janaina Carvalho - 2 Dicks In Janaina's Asshole\,{DT16~Excl~ME0PM9LS~20180817 - Janaina Carvalho - 2 Dicks In Janaina's Asshole}
_mg_0800.jpg,530704,5d5f001c,\Exclusive\20180817 - Janaina Carvalho - 2 Dicks In Janaina's Asshole\,{DT16~Excl~ME0PM9LS~20180817 - Janaina Carvalho - 2 Dicks In Janaina's Asshole}
_mg_0801.jpg,518665,42ceef2e,\Exclusive\20180817 - Janaina Carvalho - 2 Dicks In Janaina's Asshole\,{DT16~Excl~ME0PM9LS~20180817 - Janaina Carvalho - 2 Dicks In Janaina's Asshole}
_mg_0802.jpg,470280,5787c042,\Exclusive\20180817 - Janaina Carvalho - 2 Dicks In Janaina's Asshole\,{DT16~Excl~ME0PM9LS~20180817 - Janaina Carvalho - 2 Dicks In Janaina's Asshole}
_mg_0804.jpg,713720,6ef15453,\Exclusive\20180817 - Janaina Carvalho - 2 Dicks In Janaina's Asshole\,{DT16~Excl~ME0PM9LS~20180817 - Janaina Carvalho - 2 Dicks In Janaina's Asshole}
_mg_0808.jpg,488106,e3fccf2b,\Exclusive\20180817 - Janaina Carvalho - 2 Dicks In Janaina's Asshole\,{DT16~Excl~ME0PM9LS~20180817 - Janaina Carvalho - 2 Dicks In Janaina's Asshole}
_mg_0809.jpg,520064,b4d01509,\Exclusive\20180817 - Janaina Carvalho - 2 Dicks In Janaina's Asshole\,{DT16~Excl~ME0PM9LS~20180817 - Janaina Carvalho - 2 Dicks In Janaina's Asshole}
_mg_0810.jpg,507998,0948373e,\Exclusive\20180817 - Janaina Carvalho - 2 Dicks In Janaina's Asshole\,{DT16~Excl~ME0PM9LS~20180817 - Janaina Carvalho - 2 Dicks In Janaina's Asshole}
_mg_0811.jpg,655109,76188e3e,\Exclusive\20180817 - Janaina Carvalho - 2 Dicks In Janaina's Asshole\,{DT16~Excl~ME0PM9LS~20180817 - Janaina Carvalho - 2 Dicks In Janaina's Asshole}
_mg_0812.jpg,562960,2f0c6cb8,\Exclusive\20180817 - Janaina Carvalho - 2 Dicks In Janaina's Asshole\,{DT16~Excl~ME0PM9LS~20180817 - Janaina Carvalho - 2 Dicks In Janaina's Asshole}
_mg_0813.jpg,691459,8dcff276,\Exclusive\20180817 - Janaina Carvalho - 2 Dicks In Janaina's Asshole\,{DT16~Excl~ME0PM9LS~20180817 - Janaina Carvalho - 2 Dicks In Janaina's Asshole}
_mg_0815.jpg,516365,deea1217,\Exclusive\20180817 - Janaina Carvalho - 2 Dicks In Janaina's Asshole\,{DT16~Excl~ME0PM9LS~20180817 - Janaina Carvalho - 2 Dicks In Janaina's Asshole}
_mg_0816.jpg,520792,3a102886,\Exclusive\20180817 - Janaina Carvalho - 2 Dicks In Janaina's Asshole\,{DT16~Excl~ME0PM9LS~20180817 - Janaina Carvalho - 2 Dicks In Janaina's Asshole}
_mg_0819.jpg,439260,ad1b64b8,\Exclusive\20180817 - Janaina Carvalho - 2 Dicks In Janaina's Asshole\,{DT16~Excl~ME0PM9LS~20180817 - Janaina Carvalho - 2 Dicks In Janaina's Asshole}
_mg_0820.jpg,564854,5cbcbdfa,\Exclusive\20180817 - Janaina Carvalho - 2 Dicks In Janaina's Asshole\,{DT16~Excl~ME0PM9LS~20180817 - Janaina Carvalho - 2 Dicks In Janaina's Asshole}
_mg_0821.jpg,627838,5fd3ca02,\Exclusive\20180817 - Janaina Carvalho - 2 Dicks In Janaina's Asshole\,{DT16~Excl~ME0PM9LS~20180817 - Janaina Carvalho - 2 Dicks In Janaina's Asshole}
_mg_0824.jpg,533160,7653d0f9,\Exclusive\20180817 - Janaina Carvalho - 2 Dicks In Janaina's Asshole\,{DT16~Excl~ME0PM9LS~20180817 - Janaina Carvalho - 2 Dicks In Janaina's Asshole}
_mg_0825.jpg,717799,e60e1bc5,\Exclusive\20180817 - Janaina Carvalho - 2 Dicks In Janaina's Asshole\,{DT16~Excl~ME0PM9LS~20180817 - Janaina Carvalho - 2 Dicks In Janaina's Asshole}
_mg_0826.jpg,687068,c5973fc9,\Exclusive\20180817 - Janaina Carvalho - 2 Dicks In Janaina's Asshole\,{DT16~Excl~ME0PM9LS~20180817 - Janaina Carvalho - 2 Dicks In Janaina's Asshole}
_mg_0828.jpg,513642,e5964bcc,\Exclusive\20180817 - Janaina Carvalho - 2 Dicks In Janaina's Asshole\,{DT16~Excl~ME0PM9LS~20180817 - Janaina Carvalho - 2 Dicks In Janaina's Asshole}
_mg_0829.jpg,536773,c04bf25d,\Exclusive\20180817 - Janaina Carvalho - 2 Dicks In Janaina's Asshole\,{DT16~Excl~ME0PM9LS~20180817 - Janaina Carvalho - 2 Dicks In Janaina's Asshole}
_mg_0830.jpg,509934,0094ab54,\Exclusive\20180817 - Janaina Carvalho - 2 Dicks In Janaina's Asshole\,{DT16~Excl~ME0PM9LS~20180817 - Janaina Carvalho - 2 Dicks In Janaina's Asshole}
_mg_0831.jpg,536108,afd0eb69,\Exclusive\20180817 - Janaina Carvalho - 2 Dicks In Janaina's Asshole\,{DT16~Excl~ME0PM9LS~20180817 - Janaina Carvalho - 2 Dicks In Janaina's Asshole}
_mg_0832.jpg,512094,fe728980,\Exclusive\20180817 - Janaina Carvalho - 2 Dicks In Janaina's Asshole\,{DT16~Excl~ME0PM9LS~20180817 - Janaina Carvalho - 2 Dicks In Janaina's Asshole}
_mg_0833.jpg,611311,0f77578f,\Exclusive\20180817 - Janaina Carvalho - 2 Dicks In Janaina's Asshole\,{DT16~Excl~ME0PM9LS~20180817 - Janaina Carvalho - 2 Dicks In Janaina's Asshole}
_mg_0834.jpg,631942,f76c19d7,\Exclusive\20180817 - Janaina Carvalho - 2 Dicks In Janaina's Asshole\,{DT16~Excl~ME0PM9LS~20180817 - Janaina Carvalho - 2 Dicks In Janaina's Asshole}
_mg_0837.jpg,699579,085af757,\Exclusive\20180817 - Janaina Carvalho - 2 Dicks In Janaina's Asshole\,{DT16~Excl~ME0PM9LS~20180817 - Janaina Carvalho - 2 Dicks In Janaina's Asshole}
_mg_0838.jpg,691235,4dde4a08,\Exclusive\20180817 - Janaina Carvalho - 2 Dicks In Janaina's Asshole\,{DT16~Excl~ME0PM9LS~20180817 - Janaina Carvalho - 2 Dicks In Janaina's Asshole}
_mg_0839.jpg,572119,3843eade,\Exclusive\20180817 - Janaina Carvalho - 2 Dicks In Janaina's Asshole\,{DT16~Excl~ME0PM9LS~20180817 - Janaina Carvalho - 2 Dicks In Janaina's Asshole}
_mg_0840.jpg,551131,28cf7c96,\Exclusive\20180817 - Janaina Carvalho - 2 Dicks In Janaina's Asshole\,{DT16~Excl~ME0PM9LS~20180817 - Janaina Carvalho - 2 Dicks In Janaina's Asshole}
_mg_0841.jpg,569983,2add310e,\Exclusive\20180817 - Janaina Carvalho - 2 Dicks In Janaina's Asshole\,{DT16~Excl~ME0PM9LS~20180817 - Janaina Carvalho - 2 Dicks In Janaina's Asshole}
_mg_0844.jpg,669467,c90bd49d,\Exclusive\20180817 - Janaina Carvalho - 2 Dicks In Janaina's Asshole\,{DT16~Excl~ME0PM9LS~20180817 - Janaina Carvalho - 2 Dicks In Janaina's Asshole}
_mg_0845.jpg,622644,a86f8b2e,\Exclusive\20180817 - Janaina Carvalho - 2 Dicks In Janaina's Asshole\,{DT16~Excl~ME0PM9LS~20180817 - Janaina Carvalho - 2 Dicks In Janaina's Asshole}
_mg_0846.jpg,638143,b2238b90,\Exclusive\20180817 - Janaina Carvalho - 2 Dicks In Janaina's Asshole\,{DT16~Excl~ME0PM9LS~20180817 - Janaina Carvalho - 2 Dicks In Janaina's Asshole}
_mg_0847.jpg,653195,00b25269,\Exclusive\20180817 - Janaina Carvalho - 2 Dicks In Janaina's Asshole\,{DT16~Excl~ME0PM9LS~20180817 - Janaina Carvalho - 2 Dicks In Janaina's Asshole}
_mg_0849.jpg,628622,496fbaf3,\Exclusive\20180817 - Janaina Carvalho - 2 Dicks In Janaina's Asshole\,{DT16~Excl~ME0PM9LS~20180817 - Janaina Carvalho - 2 Dicks In Janaina's Asshole}
_mg_0850.jpg,589587,5ed7b28d,\Exclusive\20180817 - Janaina Carvalho - 2 Dicks In Janaina's Asshole\,{DT16~Excl~ME0PM9LS~20180817 - Janaina Carvalho - 2 Dicks In Janaina's Asshole}
_mg_0851.jpg,640827,856fa0a8,\Exclusive\20180817 - Janaina Carvalho - 2 Dicks In Janaina's Asshole\,{DT16~Excl~ME0PM9LS~20180817 - Janaina Carvalho - 2 Dicks In Janaina's Asshole}
_mg_0854.jpg,645875,93529b75,\Exclusive\20180817 - Janaina Carvalho - 2 Dicks In Janaina's Asshole\,{DT16~Excl~ME0PM9LS~20180817 - Janaina Carvalho - 2 Dicks In Janaina's Asshole}
_mg_0855.jpg,663132,c5a26328,\Exclusive\20180817 - Janaina Carvalho - 2 Dicks In Janaina's Asshole\,{DT16~Excl~ME0PM9LS~20180817 - Janaina Carvalho - 2 Dicks In Janaina's Asshole}
_mg_0858.jpg,645175,23042815,\Exclusive\20180817 - Janaina Carvalho - 2 Dicks In Janaina's Asshole\,{DT16~Excl~ME0PM9LS~20180817 - Janaina Carvalho - 2 Dicks In Janaina's Asshole}
_mg_0859.jpg,645190,54559343,\Exclusive\20180817 - Janaina Carvalho - 2 Dicks In Janaina's Asshole\,{DT16~Excl~ME0PM9LS~20180817 - Janaina Carvalho - 2 Dicks In Janaina's Asshole}
_mg_0860.jpg,599695,d9ca3d09,\Exclusive\20180817 - Janaina Carvalho - 2 Dicks In Janaina's Asshole\,{DT16~Excl~ME0PM9LS~20180817 - Janaina Carvalho - 2 Dicks In Janaina's Asshole}
_mg_0861.jpg,605758,dbca557d,\Exclusive\20180817 - Janaina Carvalho - 2 Dicks In Janaina's Asshole\,{DT16~Excl~ME0PM9LS~20180817 - Janaina Carvalho - 2 Dicks In Janaina's Asshole}
_mg_0862.jpg,653097,892dcc0e,\Exclusive\20180817 - Janaina Carvalho - 2 Dicks In Janaina's Asshole\,{DT16~Excl~ME0PM9LS~20180817 - Janaina Carvalho - 2 Dicks In Janaina's Asshole}
_mg_0863.jpg,613233,2f618fb9,\Exclusive\20180817 - Janaina Carvalho - 2 Dicks In Janaina's Asshole\,{DT16~Excl~ME0PM9LS~20180817 - Janaina Carvalho - 2 Dicks In Janaina's Asshole}
_mg_0864.jpg,576238,31ad2567,\Exclusive\20180817 - Janaina Carvalho - 2 Dicks In Janaina's Asshole\,{DT16~Excl~ME0PM9LS~20180817 - Janaina Carvalho - 2 Dicks In Janaina's Asshole}
_mg_0865.jpg,577219,6014d059,\Exclusive\20180817 - Janaina Carvalho - 2 Dicks In Janaina's Asshole\,{DT16~Excl~ME0PM9LS~20180817 - Janaina Carvalho - 2 Dicks In Janaina's Asshole}
_mg_0866.jpg,605518,40f2d6a5,\Exclusive\20180817 - Janaina Carvalho - 2 Dicks In Janaina's Asshole\,{DT16~Excl~ME0PM9LS~20180817 - Janaina Carvalho - 2 Dicks In Janaina's Asshole}
_mg_0867.jpg,651441,3e9e5794,\Exclusive\20180817 - Janaina Carvalho - 2 Dicks In Janaina's Asshole\,{DT16~Excl~ME0PM9LS~20180817 - Janaina Carvalho - 2 Dicks In Janaina's Asshole}
_mg_0868.jpg,579064,9775582c,\Exclusive\20180817 - Janaina Carvalho - 2 Dicks In Janaina's Asshole\,{DT16~Excl~ME0PM9LS~20180817 - Janaina Carvalho - 2 Dicks In Janaina's Asshole}
_mg_0869.jpg,646247,37daf071,\Exclusive\20180817 - Janaina Carvalho - 2 Dicks In Janaina's Asshole\,{DT16~Excl~ME0PM9LS~20180817 - Janaina Carvalho - 2 Dicks In Janaina's Asshole}
_mg_0870.jpg,645222,0e5664bd,\Exclusive\20180817 - Janaina Carvalho - 2 Dicks In Janaina's Asshole\,{DT16~Excl~ME0PM9LS~20180817 - Janaina Carvalho - 2 Dicks In Janaina's Asshole}
_mg_0871.jpg,566304,b7dc0285,\Exclusive\20180817 - Janaina Carvalho - 2 Dicks In Janaina's Asshole\,{DT16~Excl~ME0PM9LS~20180817 - Janaina Carvalho - 2 Dicks In Janaina's Asshole}
_mg_0872.jpg,590903,4a9a0212,\Exclusive\20180817 - Janaina Carvalho - 2 Dicks In Janaina's Asshole\,{DT16~Excl~ME0PM9LS~20180817 - Janaina Carvalho - 2 Dicks In Janaina's Asshole}
_mg_0873.jpg,630769,0a36582e,\Exclusive\20180817 - Janaina Carvalho - 2 Dicks In Janaina's Asshole\,{DT16~Excl~ME0PM9LS~20180817 - Janaina Carvalho - 2 Dicks In Janaina's Asshole}
_mg_0874.jpg,644930,370bbce0,\Exclusive\20180817 - Janaina Carvalho - 2 Dicks In Janaina's Asshole\,{DT16~Excl~ME0PM9LS~20180817 - Janaina Carvalho - 2 Dicks In Janaina's Asshole}
_mg_0245.jpg,960339,97feeffa,\Exclusive\20180821 - Sabrina Sousa - There It Is\,{DT16~Excl~ME0PMFGZ~20180821 - Sabrina Sousa - There It Is}
_mg_0246.jpg,987780,b26a430b,\Exclusive\20180821 - Sabrina Sousa - There It Is\,{DT16~Excl~ME0PMFGZ~20180821 - Sabrina Sousa - There It Is}
_mg_0247.jpg,939793,6bd28682,\Exclusive\20180821 - Sabrina Sousa - There It Is\,{DT16~Excl~ME0PMFGZ~20180821 - Sabrina Sousa - There It Is}
_mg_0249.jpg,983852,f29ad0ce,\Exclusive\20180821 - Sabrina Sousa - There It Is\,{DT16~Excl~ME0PMFGZ~20180821 - Sabrina Sousa - There It Is}
_mg_0250.jpg,961308,d7e48ce3,\Exclusive\20180821 - Sabrina Sousa - There It Is\,{DT16~Excl~ME0PMFGZ~20180821 - Sabrina Sousa - There It Is}
_mg_0251.jpg,929346,e9929db1,\Exclusive\20180821 - Sabrina Sousa - There It Is\,{DT16~Excl~ME0PMFGZ~20180821 - Sabrina Sousa - There It Is}
_mg_0252.jpg,915291,0016ce0d,\Exclusive\20180821 - Sabrina Sousa - There It Is\,{DT16~Excl~ME0PMFGZ~20180821 - Sabrina Sousa - There It Is}
_mg_0253.jpg,904161,c700192c,\Exclusive\20180821 - Sabrina Sousa - There It Is\,{DT16~Excl~ME0PMFGZ~20180821 - Sabrina Sousa - There It Is}
_mg_0254.jpg,937063,ff2842ff,\Exclusive\20180821 - Sabrina Sousa - There It Is\,{DT16~Excl~ME0PMFGZ~20180821 - Sabrina Sousa - There It Is}
_mg_0255.jpg,844159,1ee72d75,\Exclusive\20180821 - Sabrina Sousa - There It Is\,{DT16~Excl~ME0PMFGZ~20180821 - Sabrina Sousa - There It Is}
_mg_0256.jpg,884614,44101d54,\Exclusive\20180821 - Sabrina Sousa - There It Is\,{DT16~Excl~ME0PMFGZ~20180821 - Sabrina Sousa - There It Is}
_mg_0257.jpg,937247,117fb14f,\Exclusive\20180821 - Sabrina Sousa - There It Is\,{DT16~Excl~ME0PMFGZ~20180821 - Sabrina Sousa - There It Is}
_mg_0258.jpg,957400,c8197f82,\Exclusive\20180821 - Sabrina Sousa - There It Is\,{DT16~Excl~ME0PMFGZ~20180821 - Sabrina Sousa - There It Is}
_mg_0259.jpg,864767,8eb0dc8f,\Exclusive\20180821 - Sabrina Sousa - There It Is\,{DT16~Excl~ME0PMFGZ~20180821 - Sabrina Sousa - There It Is}
_mg_0260.jpg,811748,e277cfc2,\Exclusive\20180821 - Sabrina Sousa - There It Is\,{DT16~Excl~ME0PMFGZ~20180821 - Sabrina Sousa - There It Is}
_mg_0261.jpg,924079,9562271c,\Exclusive\20180821 - Sabrina Sousa - There It Is\,{DT16~Excl~ME0PMFGZ~20180821 - Sabrina Sousa - There It Is}
_mg_0262.jpg,926627,1556a480,\Exclusive\20180821 - Sabrina Sousa - There It Is\,{DT16~Excl~ME0PMFGZ~20180821 - Sabrina Sousa - There It Is}
_mg_0263.jpg,865652,ee5ee450,\Exclusive\20180821 - Sabrina Sousa - There It Is\,{DT16~Excl~ME0PMFGZ~20180821 - Sabrina Sousa - There It Is}
_mg_0264.jpg,960719,7cf02585,\Exclusive\20180821 - Sabrina Sousa - There It Is\,{DT16~Excl~ME0PMFGZ~20180821 - Sabrina Sousa - There It Is}
_mg_0265.jpg,914980,16cd42f9,\Exclusive\20180821 - Sabrina Sousa - There It Is\,{DT16~Excl~ME0PMFGZ~20180821 - Sabrina Sousa - There It Is}
_mg_0266.jpg,983673,296e5b25,\Exclusive\20180821 - Sabrina Sousa - There It Is\,{DT16~Excl~ME0PMFGZ~20180821 - Sabrina Sousa - There It Is}
_mg_0267.jpg,1019027,3bda55d6,\Exclusive\20180821 - Sabrina Sousa - There It Is\,{DT16~Excl~ME0PMFGZ~20180821 - Sabrina Sousa - There It Is}
_mg_0268.jpg,1026839,d7a9f8e4,\Exclusive\20180821 - Sabrina Sousa - There It Is\,{DT16~Excl~ME0PMFGZ~20180821 - Sabrina Sousa - There It Is}
_mg_0269.jpg,921548,2ba5f6ad,\Exclusive\20180821 - Sabrina Sousa - There It Is\,{DT16~Excl~ME0PMFGZ~20180821 - Sabrina Sousa - There It Is}
_mg_0270.jpg,985784,8d456248,\Exclusive\20180821 - Sabrina Sousa - There It Is\,{DT16~Excl~ME0PMFGZ~20180821 - Sabrina Sousa - There It Is}
_mg_0271.jpg,973019,9ed9d3bb,\Exclusive\20180821 - Sabrina Sousa - There It Is\,{DT16~Excl~ME0PMFGZ~20180821 - Sabrina Sousa - There It Is}
_mg_0272.jpg,925394,358be5b7,\Exclusive\20180821 - Sabrina Sousa - There It Is\,{DT16~Excl~ME0PMFGZ~20180821 - Sabrina Sousa - There It Is}
_mg_0273.jpg,1020038,bc0fda54,\Exclusive\20180821 - Sabrina Sousa - There It Is\,{DT16~Excl~ME0PMFGZ~20180821 - Sabrina Sousa - There It Is}
_mg_0274.jpg,900569,ec2e892f,\Exclusive\20180821 - Sabrina Sousa - There It Is\,{DT16~Excl~ME0PMFGZ~20180821 - Sabrina Sousa - There It Is}
_mg_0276.jpg,633022,800110ed,\Exclusive\20180821 - Sabrina Sousa - There It Is\,{DT16~Excl~ME0PMFGZ~20180821 - Sabrina Sousa - There It Is}
_mg_0277.jpg,658530,e733a5ca,\Exclusive\20180821 - Sabrina Sousa - There It Is\,{DT16~Excl~ME0PMFGZ~20180821 - Sabrina Sousa - There It Is}
_mg_0278.jpg,703261,5ae6958f,\Exclusive\20180821 - Sabrina Sousa - There It Is\,{DT16~Excl~ME0PMFGZ~20180821 - Sabrina Sousa - There It Is}
_mg_0279.jpg,825347,4f83b78e,\Exclusive\20180821 - Sabrina Sousa - There It Is\,{DT16~Excl~ME0PMFGZ~20180821 - Sabrina Sousa - There It Is}
_mg_0280.jpg,882579,c1280e5f,\Exclusive\20180821 - Sabrina Sousa - There It Is\,{DT16~Excl~ME0PMFGZ~20180821 - Sabrina Sousa - There It Is}
_mg_0281.jpg,830876,9775088f,\Exclusive\20180821 - Sabrina Sousa - There It Is\,{DT16~Excl~ME0PMFGZ~20180821 - Sabrina Sousa - There It Is}
_mg_0282.jpg,913513,71fd0331,\Exclusive\20180821 - Sabrina Sousa - There It Is\,{DT16~Excl~ME0PMFGZ~20180821 - Sabrina Sousa - There It Is}
_mg_0283.jpg,907553,6e423dff,\Exclusive\20180821 - Sabrina Sousa - There It Is\,{DT16~Excl~ME0PMFGZ~20180821 - Sabrina Sousa - There It Is}
_mg_0284.jpg,884327,7ca13602,\Exclusive\20180821 - Sabrina Sousa - There It Is\,{DT16~Excl~ME0PMFGZ~20180821 - Sabrina Sousa - There It Is}
_mg_0285.jpg,807234,2a1c6d15,\Exclusive\20180821 - Sabrina Sousa - There It Is\,{DT16~Excl~ME0PMFGZ~20180821 - Sabrina Sousa - There It Is}
_mg_0286.jpg,825864,e26aca86,\Exclusive\20180821 - Sabrina Sousa - There It Is\,{DT16~Excl~ME0PMFGZ~20180821 - Sabrina Sousa - There It Is}
_mg_0287.jpg,793182,9b2b8c71,\Exclusive\20180821 - Sabrina Sousa - There It Is\,{DT16~Excl~ME0PMFGZ~20180821 - Sabrina Sousa - There It Is}
_mg_0289.jpg,527452,c4d01c8c,\Exclusive\20180821 - Sabrina Sousa - There It Is\,{DT16~Excl~ME0PMFGZ~20180821 - Sabrina Sousa - There It Is}
_mg_0290.jpg,642594,d6e55bcb,\Exclusive\20180821 - Sabrina Sousa - There It Is\,{DT16~Excl~ME0PMFGZ~20180821 - Sabrina Sousa - There It Is}
_mg_0291.jpg,570758,695351ad,\Exclusive\20180821 - Sabrina Sousa - There It Is\,{DT16~Excl~ME0PMFGZ~20180821 - Sabrina Sousa - There It Is}
_mg_0292.jpg,565468,dbbb11c6,\Exclusive\20180821 - Sabrina Sousa - There It Is\,{DT16~Excl~ME0PMFGZ~20180821 - Sabrina Sousa - There It Is}
_mg_0293.jpg,535229,dd7889a4,\Exclusive\20180821 - Sabrina Sousa - There It Is\,{DT16~Excl~ME0PMFGZ~20180821 - Sabrina Sousa - There It Is}
_mg_0295.jpg,622394,1f0fa8c0,\Exclusive\20180821 - Sabrina Sousa - There It Is\,{DT16~Excl~ME0PMFGZ~20180821 - Sabrina Sousa - There It Is}
_mg_0296.jpg,538324,b077efa6,\Exclusive\20180821 - Sabrina Sousa - There It Is\,{DT16~Excl~ME0PMFGZ~20180821 - Sabrina Sousa - There It Is}
_mg_0297.jpg,611458,46ecd660,\Exclusive\20180821 - Sabrina Sousa - There It Is\,{DT16~Excl~ME0PMFGZ~20180821 - Sabrina Sousa - There It Is}
_mg_0298.jpg,554020,293ddb83,\Exclusive\20180821 - Sabrina Sousa - There It Is\,{DT16~Excl~ME0PMFGZ~20180821 - Sabrina Sousa - There It Is}
_mg_0299.jpg,732968,1cf5af68,\Exclusive\20180821 - Sabrina Sousa - There It Is\,{DT16~Excl~ME0PMFGZ~20180821 - Sabrina Sousa - There It Is}
_mg_0301.jpg,626812,11d2f30d,\Exclusive\20180821 - Sabrina Sousa - There It Is\,{DT16~Excl~ME0PMFGZ~20180821 - Sabrina Sousa - There It Is}
_mg_0303.jpg,607819,17294b15,\Exclusive\20180821 - Sabrina Sousa - There It Is\,{DT16~Excl~ME0PMFGZ~20180821 - Sabrina Sousa - There It Is}
_mg_0304.jpg,699419,86b6bd36,\Exclusive\20180821 - Sabrina Sousa - There It Is\,{DT16~Excl~ME0PMFGZ~20180821 - Sabrina Sousa - There It Is}
_mg_0305.jpg,674804,f7cd1811,\Exclusive\20180821 - Sabrina Sousa - There It Is\,{DT16~Excl~ME0PMFGZ~20180821 - Sabrina Sousa - There It Is}
_mg_0307.jpg,666677,9cc8073f,\Exclusive\20180821 - Sabrina Sousa - There It Is\,{DT16~Excl~ME0PMFGZ~20180821 - Sabrina Sousa - There It Is}
_mg_0308.jpg,698967,c49e454c,\Exclusive\20180821 - Sabrina Sousa - There It Is\,{DT16~Excl~ME0PMFGZ~20180821 - Sabrina Sousa - There It Is}
_mg_0310.jpg,622230,3f355c92,\Exclusive\20180821 - Sabrina Sousa - There It Is\,{DT16~Excl~ME0PMFGZ~20180821 - Sabrina Sousa - There It Is}
_mg_0312.jpg,588571,6437e3c4,\Exclusive\20180821 - Sabrina Sousa - There It Is\,{DT16~Excl~ME0PMFGZ~20180821 - Sabrina Sousa - There It Is}
_mg_0313.jpg,602624,92493e60,\Exclusive\20180821 - Sabrina Sousa - There It Is\,{DT16~Excl~ME0PMFGZ~20180821 - Sabrina Sousa - There It Is}
_mg_0314.jpg,616200,0d246137,\Exclusive\20180821 - Sabrina Sousa - There It Is\,{DT16~Excl~ME0PMFGZ~20180821 - Sabrina Sousa - There It Is}
_mg_0315.jpg,550168,41eaebd3,\Exclusive\20180821 - Sabrina Sousa - There It Is\,{DT16~Excl~ME0PMFGZ~20180821 - Sabrina Sousa - There It Is}
_mg_0316.jpg,675182,2d774f8b,\Exclusive\20180821 - Sabrina Sousa - There It Is\,{DT16~Excl~ME0PMFGZ~20180821 - Sabrina Sousa - There It Is}
_mg_0318.jpg,686910,48ebfc8f,\Exclusive\20180821 - Sabrina Sousa - There It Is\,{DT16~Excl~ME0PMFGZ~20180821 - Sabrina Sousa - There It Is}
_mg_0320.jpg,553050,daf3763f,\Exclusive\20180821 - Sabrina Sousa - There It Is\,{DT16~Excl~ME0PMFGZ~20180821 - Sabrina Sousa - There It Is}
_mg_0321.jpg,624519,8981ccd9,\Exclusive\20180821 - Sabrina Sousa - There It Is\,{DT16~Excl~ME0PMFGZ~20180821 - Sabrina Sousa - There It Is}
_mg_0322.jpg,552367,5f17b9dc,\Exclusive\20180821 - Sabrina Sousa - There It Is\,{DT16~Excl~ME0PMFGZ~20180821 - Sabrina Sousa - There It Is}
_mg_0323.jpg,679939,2d0bd613,\Exclusive\20180821 - Sabrina Sousa - There It Is\,{DT16~Excl~ME0PMFGZ~20180821 - Sabrina Sousa - There It Is}
_mg_0324.jpg,627248,dbce4904,\Exclusive\20180821 - Sabrina Sousa - There It Is\,{DT16~Excl~ME0PMFGZ~20180821 - Sabrina Sousa - There It Is}
_mg_0325.jpg,647957,542fd85f,\Exclusive\20180821 - Sabrina Sousa - There It Is\,{DT16~Excl~ME0PMFGZ~20180821 - Sabrina Sousa - There It Is}
_mg_0326.jpg,649388,aeec1c08,\Exclusive\20180821 - Sabrina Sousa - There It Is\,{DT16~Excl~ME0PMFGZ~20180821 - Sabrina Sousa - There It Is}
_mg_0328.jpg,682151,24d7eddb,\Exclusive\20180821 - Sabrina Sousa - There It Is\,{DT16~Excl~ME0PMFGZ~20180821 - Sabrina Sousa - There It Is}
_mg_0329.jpg,671179,de069b55,\Exclusive\20180821 - Sabrina Sousa - There It Is\,{DT16~Excl~ME0PMFGZ~20180821 - Sabrina Sousa - There It Is}
_mg_0330.jpg,795346,5542b90c,\Exclusive\20180821 - Sabrina Sousa - There It Is\,{DT16~Excl~ME0PMFGZ~20180821 - Sabrina Sousa - There It Is}
_mg_0331.jpg,586453,91cb6511,\Exclusive\20180821 - Sabrina Sousa - There It Is\,{DT16~Excl~ME0PMFGZ~20180821 - Sabrina Sousa - There It Is}
_mg_0332.jpg,615891,cf775a23,\Exclusive\20180821 - Sabrina Sousa - There It Is\,{DT16~Excl~ME0PMFGZ~20180821 - Sabrina Sousa - There It Is}
_mg_0333.jpg,533647,84ae9d47,\Exclusive\20180821 - Sabrina Sousa - There It Is\,{DT16~Excl~ME0PMFGZ~20180821 - Sabrina Sousa - There It Is}
_mg_0334.jpg,554830,0380b745,\Exclusive\20180821 - Sabrina Sousa - There It Is\,{DT16~Excl~ME0PMFGZ~20180821 - Sabrina Sousa - There It Is}
_mg_0335.jpg,695746,d95933f5,\Exclusive\20180821 - Sabrina Sousa - There It Is\,{DT16~Excl~ME0PMFGZ~20180821 - Sabrina Sousa - There It Is}
_mg_0336.jpg,441618,76d5cb55,\Exclusive\20180821 - Sabrina Sousa - There It Is\,{DT16~Excl~ME0PMFGZ~20180821 - Sabrina Sousa - There It Is}
_mg_0338.jpg,646936,9c51ea56,\Exclusive\20180821 - Sabrina Sousa - There It Is\,{DT16~Excl~ME0PMFGZ~20180821 - Sabrina Sousa - There It Is}
_mg_0339.jpg,622626,a4523985,\Exclusive\20180821 - Sabrina Sousa - There It Is\,{DT16~Excl~ME0PMFGZ~20180821 - Sabrina Sousa - There It Is}
_mg_0340.jpg,662678,c2c6eca9,\Exclusive\20180821 - Sabrina Sousa - There It Is\,{DT16~Excl~ME0PMFGZ~20180821 - Sabrina Sousa - There It Is}
_mg_0341.jpg,797972,9dbaecec,\Exclusive\20180821 - Sabrina Sousa - There It Is\,{DT16~Excl~ME0PMFGZ~20180821 - Sabrina Sousa - There It Is}
_mg_0342.jpg,760129,337dad88,\Exclusive\20180821 - Sabrina Sousa - There It Is\,{DT16~Excl~ME0PMFGZ~20180821 - Sabrina Sousa - There It Is}
_mg_0343.jpg,783597,2e54ae35,\Exclusive\20180821 - Sabrina Sousa - There It Is\,{DT16~Excl~ME0PMFGZ~20180821 - Sabrina Sousa - There It Is}
_mg_0344.jpg,810299,ae779c50,\Exclusive\20180821 - Sabrina Sousa - There It Is\,{DT16~Excl~ME0PMFGZ~20180821 - Sabrina Sousa - There It Is}
_mg_0345.jpg,780442,7c848f7c,\Exclusive\20180821 - Sabrina Sousa - There It Is\,{DT16~Excl~ME0PMFGZ~20180821 - Sabrina Sousa - There It Is}
_mg_0346.jpg,765188,c5623cd8,\Exclusive\20180821 - Sabrina Sousa - There It Is\,{DT16~Excl~ME0PMFGZ~20180821 - Sabrina Sousa - There It Is}
_mg_0347.jpg,792267,9c3884a5,\Exclusive\20180821 - Sabrina Sousa - There It Is\,{DT16~Excl~ME0PMFGZ~20180821 - Sabrina Sousa - There It Is}
_mg_0348.jpg,745641,0bec30f0,\Exclusive\20180821 - Sabrina Sousa - There It Is\,{DT16~Excl~ME0PMFGZ~20180821 - Sabrina Sousa - There It Is}
_mg_0349.jpg,781348,b6b2e122,\Exclusive\20180821 - Sabrina Sousa - There It Is\,{DT16~Excl~ME0PMFGZ~20180821 - Sabrina Sousa - There It Is}
_mg_0350.jpg,730333,1902581a,\Exclusive\20180821 - Sabrina Sousa - There It Is\,{DT16~Excl~ME0PMFGZ~20180821 - Sabrina Sousa - There It Is}
_mg_0351.jpg,823175,55d8f57d,\Exclusive\20180821 - Sabrina Sousa - There It Is\,{DT16~Excl~ME0PMFGZ~20180821 - Sabrina Sousa - There It Is}
_mg_0352.jpg,822403,afc6e3ca,\Exclusive\20180821 - Sabrina Sousa - There It Is\,{DT16~Excl~ME0PMFGZ~20180821 - Sabrina Sousa - There It Is}
_mg_0353.jpg,779678,42152d81,\Exclusive\20180821 - Sabrina Sousa - There It Is\,{DT16~Excl~ME0PMFGZ~20180821 - Sabrina Sousa - There It Is}
_mg_0354.jpg,514680,7f8d5f03,\Exclusive\20180821 - Sabrina Sousa - There It Is\,{DT16~Excl~ME0PMFGZ~20180821 - Sabrina Sousa - There It Is}
_mg_0355.jpg,436999,fcbd2351,\Exclusive\20180821 - Sabrina Sousa - There It Is\,{DT16~Excl~ME0PMFGZ~20180821 - Sabrina Sousa - There It Is}
_mg_0356.jpg,689078,4f14f8e4,\Exclusive\20180821 - Sabrina Sousa - There It Is\,{DT16~Excl~ME0PMFGZ~20180821 - Sabrina Sousa - There It Is}
_mg_0357.jpg,816296,3a5b9cf6,\Exclusive\20180821 - Sabrina Sousa - There It Is\,{DT16~Excl~ME0PMFGZ~20180821 - Sabrina Sousa - There It Is}
_mg_0358.jpg,767585,7b9bd6c6,\Exclusive\20180821 - Sabrina Sousa - There It Is\,{DT16~Excl~ME0PMFGZ~20180821 - Sabrina Sousa - There It Is}
_mg_0359.jpg,451996,952ef8aa,\Exclusive\20180821 - Sabrina Sousa - There It Is\,{DT16~Excl~ME0PMFGZ~20180821 - Sabrina Sousa - There It Is}
_mg_0361.jpg,542560,85c3dacc,\Exclusive\20180821 - Sabrina Sousa - There It Is\,{DT16~Excl~ME0PMFGZ~20180821 - Sabrina Sousa - There It Is}
_mg_0362.jpg,600566,02cf28eb,\Exclusive\20180821 - Sabrina Sousa - There It Is\,{DT16~Excl~ME0PMFGZ~20180821 - Sabrina Sousa - There It Is}
_mg_0363.jpg,793328,a6ea3be1,\Exclusive\20180821 - Sabrina Sousa - There It Is\,{DT16~Excl~ME0PMFGZ~20180821 - Sabrina Sousa - There It Is}
_mg_0365.jpg,738700,a5c2fdc5,\Exclusive\20180821 - Sabrina Sousa - There It Is\,{DT16~Excl~ME0PMFGZ~20180821 - Sabrina Sousa - There It Is}
_mg_0366.jpg,782067,086b96a4,\Exclusive\20180821 - Sabrina Sousa - There It Is\,{DT16~Excl~ME0PMFGZ~20180821 - Sabrina Sousa - There It Is}
_mg_0367.jpg,823186,58a980dd,\Exclusive\20180821 - Sabrina Sousa - There It Is\,{DT16~Excl~ME0PMFGZ~20180821 - Sabrina Sousa - There It Is}
_mg_0368.jpg,807197,28b0c681,\Exclusive\20180821 - Sabrina Sousa - There It Is\,{DT16~Excl~ME0PMFGZ~20180821 - Sabrina Sousa - There It Is}
_mg_0369.jpg,777222,4abc9730,\Exclusive\20180821 - Sabrina Sousa - There It Is\,{DT16~Excl~ME0PMFGZ~20180821 - Sabrina Sousa - There It Is}
_mg_0370.jpg,776352,2b08ed88,\Exclusive\20180821 - Sabrina Sousa - There It Is\,{DT16~Excl~ME0PMFGZ~20180821 - Sabrina Sousa - There It Is}
_mg_0371.jpg,754400,0450eac6,\Exclusive\20180821 - Sabrina Sousa - There It Is\,{DT16~Excl~ME0PMFGZ~20180821 - Sabrina Sousa - There It Is}
_mg_0372.jpg,715266,80660b9a,\Exclusive\20180821 - Sabrina Sousa - There It Is\,{DT16~Excl~ME0PMFGZ~20180821 - Sabrina Sousa - There It Is}
_mg_0373.jpg,752735,3bd63943,\Exclusive\20180821 - Sabrina Sousa - There It Is\,{DT16~Excl~ME0PMFGZ~20180821 - Sabrina Sousa - There It Is}
_mg_0374.jpg,756476,e43ea213,\Exclusive\20180821 - Sabrina Sousa - There It Is\,{DT16~Excl~ME0PMFGZ~20180821 - Sabrina Sousa - There It Is}
_mg_0375.jpg,651754,988d91de,\Exclusive\20180821 - Sabrina Sousa - There It Is\,{DT16~Excl~ME0PMFGZ~20180821 - Sabrina Sousa - There It Is}
_mg_0376.jpg,537487,cdc93e29,\Exclusive\20180821 - Sabrina Sousa - There It Is\,{DT16~Excl~ME0PMFGZ~20180821 - Sabrina Sousa - There It Is}
_mg_0377.jpg,576234,d7e87541,\Exclusive\20180821 - Sabrina Sousa - There It Is\,{DT16~Excl~ME0PMFGZ~20180821 - Sabrina Sousa - There It Is}
_mg_0378.jpg,791674,856155fc,\Exclusive\20180821 - Sabrina Sousa - There It Is\,{DT16~Excl~ME0PMFGZ~20180821 - Sabrina Sousa - There It Is}
_mg_0379.jpg,459138,407be2f2,\Exclusive\20180821 - Sabrina Sousa - There It Is\,{DT16~Excl~ME0PMFGZ~20180821 - Sabrina Sousa - There It Is}
_mg_0380.jpg,571070,fcb2bf14,\Exclusive\20180821 - Sabrina Sousa - There It Is\,{DT16~Excl~ME0PMFGZ~20180821 - Sabrina Sousa - There It Is}
_mg_0381.jpg,789445,d5b6fd44,\Exclusive\20180821 - Sabrina Sousa - There It Is\,{DT16~Excl~ME0PMFGZ~20180821 - Sabrina Sousa - There It Is}
_mg_0382.jpg,642217,60f79cf6,\Exclusive\20180821 - Sabrina Sousa - There It Is\,{DT16~Excl~ME0PMFGZ~20180821 - Sabrina Sousa - There It Is}
_mg_0383.jpg,767089,7067c9f0,\Exclusive\20180821 - Sabrina Sousa - There It Is\,{DT16~Excl~ME0PMFGZ~20180821 - Sabrina Sousa - There It Is}
_mg_0384.jpg,709059,8b5a6c67,\Exclusive\20180821 - Sabrina Sousa - There It Is\,{DT16~Excl~ME0PMFGZ~20180821 - Sabrina Sousa - There It Is}
_mg_0387.jpg,612088,0d915c87,\Exclusive\20180821 - Sabrina Sousa - There It Is\,{DT16~Excl~ME0PMFGZ~20180821 - Sabrina Sousa - There It Is}
_mg_0388.jpg,590078,a4f48e5a,\Exclusive\20180821 - Sabrina Sousa - There It Is\,{DT16~Excl~ME0PMFGZ~20180821 - Sabrina Sousa - There It Is}
_mg_0390.jpg,620009,79a03cf1,\Exclusive\20180821 - Sabrina Sousa - There It Is\,{DT16~Excl~ME0PMFGZ~20180821 - Sabrina Sousa - There It Is}
_mg_0391.jpg,669417,ce5ef16f,\Exclusive\20180821 - Sabrina Sousa - There It Is\,{DT16~Excl~ME0PMFGZ~20180821 - Sabrina Sousa - There It Is}
_mg_0392.jpg,624371,f046307b,\Exclusive\20180821 - Sabrina Sousa - There It Is\,{DT16~Excl~ME0PMFGZ~20180821 - Sabrina Sousa - There It Is}
_mg_0393.jpg,772557,2f4f1a11,\Exclusive\20180821 - Sabrina Sousa - There It Is\,{DT16~Excl~ME0PMFGZ~20180821 - Sabrina Sousa - There It Is}
_mg_0394.jpg,824247,56791dfc,\Exclusive\20180821 - Sabrina Sousa - There It Is\,{DT16~Excl~ME0PMFGZ~20180821 - Sabrina Sousa - There It Is}
_mg_0395.jpg,477585,2e29d8d7,\Exclusive\20180821 - Sabrina Sousa - There It Is\,{DT16~Excl~ME0PMFGZ~20180821 - Sabrina Sousa - There It Is}
_mg_0396.jpg,512819,875e6948,\Exclusive\20180821 - Sabrina Sousa - There It Is\,{DT16~Excl~ME0PMFGZ~20180821 - Sabrina Sousa - There It Is}
_mg_0397.jpg,536964,3a3074a6,\Exclusive\20180821 - Sabrina Sousa - There It Is\,{DT16~Excl~ME0PMFGZ~20180821 - Sabrina Sousa - There It Is}
_mg_0398.jpg,809913,e40b0ada,\Exclusive\20180821 - Sabrina Sousa - There It Is\,{DT16~Excl~ME0PMFGZ~20180821 - Sabrina Sousa - There It Is}
_mg_0399.jpg,766594,3cdc94aa,\Exclusive\20180821 - Sabrina Sousa - There It Is\,{DT16~Excl~ME0PMFGZ~20180821 - Sabrina Sousa - There It Is}
_mg_0401.jpg,589778,ae7a7133,\Exclusive\20180821 - Sabrina Sousa - There It Is\,{DT16~Excl~ME0PMFGZ~20180821 - Sabrina Sousa - There It Is}
_mg_0402.jpg,733038,55b93690,\Exclusive\20180821 - Sabrina Sousa - There It Is\,{DT16~Excl~ME0PMFGZ~20180821 - Sabrina Sousa - There It Is}
_mg_0403.jpg,773047,e7af51ac,\Exclusive\20180821 - Sabrina Sousa - There It Is\,{DT16~Excl~ME0PMFGZ~20180821 - Sabrina Sousa - There It Is}
_mg_0404.jpg,745584,4e2c7948,\Exclusive\20180821 - Sabrina Sousa - There It Is\,{DT16~Excl~ME0PMFGZ~20180821 - Sabrina Sousa - There It Is}
_mg_0405.jpg,687340,017cf910,\Exclusive\20180821 - Sabrina Sousa - There It Is\,{DT16~Excl~ME0PMFGZ~20180821 - Sabrina Sousa - There It Is}
_mg_0406.jpg,690955,0048f9f9,\Exclusive\20180821 - Sabrina Sousa - There It Is\,{DT16~Excl~ME0PMFGZ~20180821 - Sabrina Sousa - There It Is}
_mg_0407.jpg,722333,8ef20421,\Exclusive\20180821 - Sabrina Sousa - There It Is\,{DT16~Excl~ME0PMFGZ~20180821 - Sabrina Sousa - There It Is}
_mg_0408.jpg,694858,2ba8a99a,\Exclusive\20180821 - Sabrina Sousa - There It Is\,{DT16~Excl~ME0PMFGZ~20180821 - Sabrina Sousa - There It Is}
_mg_0409.jpg,679924,11f0ea5a,\Exclusive\20180821 - Sabrina Sousa - There It Is\,{DT16~Excl~ME0PMFGZ~20180821 - Sabrina Sousa - There It Is}
_mg_0410.jpg,631347,a0a65988,\Exclusive\20180821 - Sabrina Sousa - There It Is\,{DT16~Excl~ME0PMFGZ~20180821 - Sabrina Sousa - There It Is}
_mg_0411.jpg,686117,9de1c024,\Exclusive\20180821 - Sabrina Sousa - There It Is\,{DT16~Excl~ME0PMFGZ~20180821 - Sabrina Sousa - There It Is}
_mg_0412.jpg,706691,656c84f6,\Exclusive\20180821 - Sabrina Sousa - There It Is\,{DT16~Excl~ME0PMFGZ~20180821 - Sabrina Sousa - There It Is}
_mg_0413.jpg,576142,ae3b0f69,\Exclusive\20180821 - Sabrina Sousa - There It Is\,{DT16~Excl~ME0PMFGZ~20180821 - Sabrina Sousa - There It Is}
_mg_0414.jpg,587278,891bb459,\Exclusive\20180821 - Sabrina Sousa - There It Is\,{DT16~Excl~ME0PMFGZ~20180821 - Sabrina Sousa - There It Is}
_mg_0415.jpg,477259,a5189a48,\Exclusive\20180821 - Sabrina Sousa - There It Is\,{DT16~Excl~ME0PMFGZ~20180821 - Sabrina Sousa - There It Is}
_mg_0416.jpg,424591,7277c43d,\Exclusive\20180821 - Sabrina Sousa - There It Is\,{DT16~Excl~ME0PMFGZ~20180821 - Sabrina Sousa - There It Is}
_mg_0417.jpg,580226,d469a41d,\Exclusive\20180821 - Sabrina Sousa - There It Is\,{DT16~Excl~ME0PMFGZ~20180821 - Sabrina Sousa - There It Is}
_mg_0418.jpg,580800,830cf5c1,\Exclusive\20180821 - Sabrina Sousa - There It Is\,{DT16~Excl~ME0PMFGZ~20180821 - Sabrina Sousa - There It Is}
_mg_0419.jpg,570641,2538b9d9,\Exclusive\20180821 - Sabrina Sousa - There It Is\,{DT16~Excl~ME0PMFGZ~20180821 - Sabrina Sousa - There It Is}
_mg_0900.jpg,647040,df916d24,\Exclusive\20180824 - Bianca Reis - Drilling His Asshole\,{DT16~Excl~ME0PMHXT~20180824 - Bianca Reis - Drilling His Asshole}
_mg_0901.jpg,685915,ce57fd84,\Exclusive\20180824 - Bianca Reis - Drilling His Asshole\,{DT16~Excl~ME0PMHXT~20180824 - Bianca Reis - Drilling His Asshole}
_mg_0902.jpg,689435,c97f7b44,\Exclusive\20180824 - Bianca Reis - Drilling His Asshole\,{DT16~Excl~ME0PMHXT~20180824 - Bianca Reis - Drilling His Asshole}
_mg_0903.jpg,564795,67cf3882,\Exclusive\20180824 - Bianca Reis - Drilling His Asshole\,{DT16~Excl~ME0PMHXT~20180824 - Bianca Reis - Drilling His Asshole}
_mg_0906.jpg,657752,1f9aabf2,\Exclusive\20180824 - Bianca Reis - Drilling His Asshole\,{DT16~Excl~ME0PMHXT~20180824 - Bianca Reis - Drilling His Asshole}
_mg_0909.jpg,648824,e3557a3b,\Exclusive\20180824 - Bianca Reis - Drilling His Asshole\,{DT16~Excl~ME0PMHXT~20180824 - Bianca Reis - Drilling His Asshole}
_mg_0911.jpg,654441,00c99939,\Exclusive\20180824 - Bianca Reis - Drilling His Asshole\,{DT16~Excl~ME0PMHXT~20180824 - Bianca Reis - Drilling His Asshole}
_mg_0912.jpg,617737,8cacc4e5,\Exclusive\20180824 - Bianca Reis - Drilling His Asshole\,{DT16~Excl~ME0PMHXT~20180824 - Bianca Reis - Drilling His Asshole}
_mg_0913.jpg,615863,8cb80ddb,\Exclusive\20180824 - Bianca Reis - Drilling His Asshole\,{DT16~Excl~ME0PMHXT~20180824 - Bianca Reis - Drilling His Asshole}
_mg_0914.jpg,567963,166312e9,\Exclusive\20180824 - Bianca Reis - Drilling His Asshole\,{DT16~Excl~ME0PMHXT~20180824 - Bianca Reis - Drilling His Asshole}
_mg_0915.jpg,561316,fe24fbc9,\Exclusive\20180824 - Bianca Reis - Drilling His Asshole\,{DT16~Excl~ME0PMHXT~20180824 - Bianca Reis - Drilling His Asshole}
_mg_0916.jpg,651426,9fbaedb4,\Exclusive\20180824 - Bianca Reis - Drilling His Asshole\,{DT16~Excl~ME0PMHXT~20180824 - Bianca Reis - Drilling His Asshole}
_mg_0919.jpg,570897,059b794d,\Exclusive\20180824 - Bianca Reis - Drilling His Asshole\,{DT16~Excl~ME0PMHXT~20180824 - Bianca Reis - Drilling His Asshole}
_mg_0920.jpg,628120,a61aa19a,\Exclusive\20180824 - Bianca Reis - Drilling His Asshole\,{DT16~Excl~ME0PMHXT~20180824 - Bianca Reis - Drilling His Asshole}
_mg_0921.jpg,613321,f0470a21,\Exclusive\20180824 - Bianca Reis - Drilling His Asshole\,{DT16~Excl~ME0PMHXT~20180824 - Bianca Reis - Drilling His Asshole}
_mg_0922.jpg,656963,b91f0f0d,\Exclusive\20180824 - Bianca Reis - Drilling His Asshole\,{DT16~Excl~ME0PMHXT~20180824 - Bianca Reis - Drilling His Asshole}
_mg_0923.jpg,595756,7f875455,\Exclusive\20180824 - Bianca Reis - Drilling His Asshole\,{DT16~Excl~ME0PMHXT~20180824 - Bianca Reis - Drilling His Asshole}
_mg_0924.jpg,630716,7e969cbf,\Exclusive\20180824 - Bianca Reis - Drilling His Asshole\,{DT16~Excl~ME0PMHXT~20180824 - Bianca Reis - Drilling His Asshole}
_mg_0925.jpg,667420,c62d47bf,\Exclusive\20180824 - Bianca Reis - Drilling His Asshole\,{DT16~Excl~ME0PMHXT~20180824 - Bianca Reis - Drilling His Asshole}
_mg_0926.jpg,625152,ce99119c,\Exclusive\20180824 - Bianca Reis - Drilling His Asshole\,{DT16~Excl~ME0PMHXT~20180824 - Bianca Reis - Drilling His Asshole}
_mg_0927.jpg,623287,341d51aa,\Exclusive\20180824 - Bianca Reis - Drilling His Asshole\,{DT16~Excl~ME0PMHXT~20180824 - Bianca Reis - Drilling His Asshole}
_mg_0928.jpg,662254,320c7b17,\Exclusive\20180824 - Bianca Reis - Drilling His Asshole\,{DT16~Excl~ME0PMHXT~20180824 - Bianca Reis - Drilling His Asshole}
_mg_0929.jpg,636718,848afa47,\Exclusive\20180824 - Bianca Reis - Drilling His Asshole\,{DT16~Excl~ME0PMHXT~20180824 - Bianca Reis - Drilling His Asshole}
_mg_0930.jpg,590811,9aed5368,\Exclusive\20180824 - Bianca Reis - Drilling His Asshole\,{DT16~Excl~ME0PMHXT~20180824 - Bianca Reis - Drilling His Asshole}
_mg_0931.jpg,626746,84f0e52d,\Exclusive\20180824 - Bianca Reis - Drilling His Asshole\,{DT16~Excl~ME0PMHXT~20180824 - Bianca Reis - Drilling His Asshole}
_mg_0932.jpg,623898,e33719ca,\Exclusive\20180824 - Bianca Reis - Drilling His Asshole\,{DT16~Excl~ME0PMHXT~20180824 - Bianca Reis - Drilling His Asshole}
_mg_0933.jpg,656466,738c3853,\Exclusive\20180824 - Bianca Reis - Drilling His Asshole\,{DT16~Excl~ME0PMHXT~20180824 - Bianca Reis - Drilling His Asshole}
_mg_0934.jpg,660510,6cc4c9dd,\Exclusive\20180824 - Bianca Reis - Drilling His Asshole\,{DT16~Excl~ME0PMHXT~20180824 - Bianca Reis - Drilling His Asshole}
_mg_0935.jpg,680153,168f5ca2,\Exclusive\20180824 - Bianca Reis - Drilling His Asshole\,{DT16~Excl~ME0PMHXT~20180824 - Bianca Reis - Drilling His Asshole}
_mg_0936.jpg,577433,bdcbc7ec,\Exclusive\20180824 - Bianca Reis - Drilling His Asshole\,{DT16~Excl~ME0PMHXT~20180824 - Bianca Reis - Drilling His Asshole}
_mg_0937.jpg,615365,67c765e6,\Exclusive\20180824 - Bianca Reis - Drilling His Asshole\,{DT16~Excl~ME0PMHXT~20180824 - Bianca Reis - Drilling His Asshole}
_mg_0938.jpg,548852,680d5d5c,\Exclusive\20180824 - Bianca Reis - Drilling His Asshole\,{DT16~Excl~ME0PMHXT~20180824 - Bianca Reis - Drilling His Asshole}
_mg_0939.jpg,568193,8eb0ef0a,\Exclusive\20180824 - Bianca Reis - Drilling His Asshole\,{DT16~Excl~ME0PMHXT~20180824 - Bianca Reis - Drilling His Asshole}
_mg_0940.jpg,464793,ddb0570a,\Exclusive\20180824 - Bianca Reis - Drilling His Asshole\,{DT16~Excl~ME0PMHXT~20180824 - Bianca Reis - Drilling His Asshole}
_mg_0941.jpg,674812,055240b2,\Exclusive\20180824 - Bianca Reis - Drilling His Asshole\,{DT16~Excl~ME0PMHXT~20180824 - Bianca Reis - Drilling His Asshole}
_mg_0942.jpg,659126,52948c28,\Exclusive\20180824 - Bianca Reis - Drilling His Asshole\,{DT16~Excl~ME0PMHXT~20180824 - Bianca Reis - Drilling His Asshole}
_mg_0943.jpg,646661,0dbf3c05,\Exclusive\20180824 - Bianca Reis - Drilling His Asshole\,{DT16~Excl~ME0PMHXT~20180824 - Bianca Reis - Drilling His Asshole}
_mg_0944.jpg,570885,76c2770b,\Exclusive\20180824 - Bianca Reis - Drilling His Asshole\,{DT16~Excl~ME0PMHXT~20180824 - Bianca Reis - Drilling His Asshole}
_mg_0947.jpg,567413,02712ee2,\Exclusive\20180824 - Bianca Reis - Drilling His Asshole\,{DT16~Excl~ME0PMHXT~20180824 - Bianca Reis - Drilling His Asshole}
_mg_0948.jpg,625178,11c6e9f8,\Exclusive\20180824 - Bianca Reis - Drilling His Asshole\,{DT16~Excl~ME0PMHXT~20180824 - Bianca Reis - Drilling His Asshole}
_mg_0949.jpg,576208,510fb431,\Exclusive\20180824 - Bianca Reis - Drilling His Asshole\,{DT16~Excl~ME0PMHXT~20180824 - Bianca Reis - Drilling His Asshole}
_mg_0952.jpg,594387,2e04d197,\Exclusive\20180824 - Bianca Reis - Drilling His Asshole\,{DT16~Excl~ME0PMHXT~20180824 - Bianca Reis - Drilling His Asshole}
_mg_0954.jpg,675648,af34a907,\Exclusive\20180824 - Bianca Reis - Drilling His Asshole\,{DT16~Excl~ME0PMHXT~20180824 - Bianca Reis - Drilling His Asshole}
_mg_0955.jpg,591134,5cb75cbc,\Exclusive\20180824 - Bianca Reis - Drilling His Asshole\,{DT16~Excl~ME0PMHXT~20180824 - Bianca Reis - Drilling His Asshole}
_mg_0956.jpg,614497,2dd459ec,\Exclusive\20180824 - Bianca Reis - Drilling His Asshole\,{DT16~Excl~ME0PMHXT~20180824 - Bianca Reis - Drilling His Asshole}
_mg_0957.jpg,585360,7f83fd48,\Exclusive\20180824 - Bianca Reis - Drilling His Asshole\,{DT16~Excl~ME0PMHXT~20180824 - Bianca Reis - Drilling His Asshole}
_mg_0959.jpg,676640,8e62b564,\Exclusive\20180824 - Bianca Reis - Drilling His Asshole\,{DT16~Excl~ME0PMHXT~20180824 - Bianca Reis - Drilling His Asshole}
_mg_0960.jpg,652742,d7d749c3,\Exclusive\20180824 - Bianca Reis - Drilling His Asshole\,{DT16~Excl~ME0PMHXT~20180824 - Bianca Reis - Drilling His Asshole}
_mg_0961.jpg,628986,23b5e5ac,\Exclusive\20180824 - Bianca Reis - Drilling His Asshole\,{DT16~Excl~ME0PMHXT~20180824 - Bianca Reis - Drilling His Asshole}
_mg_0962.jpg,589753,9b1fddcd,\Exclusive\20180824 - Bianca Reis - Drilling His Asshole\,{DT16~Excl~ME0PMHXT~20180824 - Bianca Reis - Drilling His Asshole}
_mg_0963.jpg,623110,4a47bb34,\Exclusive\20180824 - Bianca Reis - Drilling His Asshole\,{DT16~Excl~ME0PMHXT~20180824 - Bianca Reis - Drilling His Asshole}
_mg_0964.jpg,631819,449d55c8,\Exclusive\20180824 - Bianca Reis - Drilling His Asshole\,{DT16~Excl~ME0PMHXT~20180824 - Bianca Reis - Drilling His Asshole}
_mg_0965.jpg,636065,d6d1b2aa,\Exclusive\20180824 - Bianca Reis - Drilling His Asshole\,{DT16~Excl~ME0PMHXT~20180824 - Bianca Reis - Drilling His Asshole}
_mg_0966.jpg,571429,ae9050c7,\Exclusive\20180824 - Bianca Reis - Drilling His Asshole\,{DT16~Excl~ME0PMHXT~20180824 - Bianca Reis - Drilling His Asshole}
_mg_0967.jpg,672314,eed72188,\Exclusive\20180824 - Bianca Reis - Drilling His Asshole\,{DT16~Excl~ME0PMHXT~20180824 - Bianca Reis - Drilling His Asshole}
_mg_0968.jpg,686006,aa5dd951,\Exclusive\20180824 - Bianca Reis - Drilling His Asshole\,{DT16~Excl~ME0PMHXT~20180824 - Bianca Reis - Drilling His Asshole}
_mg_0969.jpg,619938,28bba0c5,\Exclusive\20180824 - Bianca Reis - Drilling His Asshole\,{DT16~Excl~ME0PMHXT~20180824 - Bianca Reis - Drilling His Asshole}
_mg_0970.jpg,600452,90c47639,\Exclusive\20180824 - Bianca Reis - Drilling His Asshole\,{DT16~Excl~ME0PMHXT~20180824 - Bianca Reis - Drilling His Asshole}
_mg_0971.jpg,598481,9bd1fa55,\Exclusive\20180824 - Bianca Reis - Drilling His Asshole\,{DT16~Excl~ME0PMHXT~20180824 - Bianca Reis - Drilling His Asshole}
_mg_0972.jpg,628446,7383058c,\Exclusive\20180824 - Bianca Reis - Drilling His Asshole\,{DT16~Excl~ME0PMHXT~20180824 - Bianca Reis - Drilling His Asshole}
_mg_0973.jpg,660261,d4035f92,\Exclusive\20180824 - Bianca Reis - Drilling His Asshole\,{DT16~Excl~ME0PMHXT~20180824 - Bianca Reis - Drilling His Asshole}
_mg_0975.jpg,613497,a276bf7b,\Exclusive\20180824 - Bianca Reis - Drilling His Asshole\,{DT16~Excl~ME0PMHXT~20180824 - Bianca Reis - Drilling His Asshole}
_mg_0976.jpg,640770,841f25fb,\Exclusive\20180824 - Bianca Reis - Drilling His Asshole\,{DT16~Excl~ME0PMHXT~20180824 - Bianca Reis - Drilling His Asshole}
_mg_0977.jpg,628804,b75c6acb,\Exclusive\20180824 - Bianca Reis - Drilling His Asshole\,{DT16~Excl~ME0PMHXT~20180824 - Bianca Reis - Drilling His Asshole}
_mg_0978.jpg,711720,05174f41,\Exclusive\20180824 - Bianca Reis - Drilling His Asshole\,{DT16~Excl~ME0PMHXT~20180824 - Bianca Reis - Drilling His Asshole}
_mg_0979.jpg,653542,247aa897,\Exclusive\20180824 - Bianca Reis - Drilling His Asshole\,{DT16~Excl~ME0PMHXT~20180824 - Bianca Reis - Drilling His Asshole}
_mg_0981.jpg,576450,a2dc6345,\Exclusive\20180824 - Bianca Reis - Drilling His Asshole\,{DT16~Excl~ME0PMHXT~20180824 - Bianca Reis - Drilling His Asshole}
_mg_0983.jpg,536252,0c1b6d64,\Exclusive\20180824 - Bianca Reis - Drilling His Asshole\,{DT16~Excl~ME0PMHXT~20180824 - Bianca Reis - Drilling His Asshole}
_mg_0984.jpg,500745,33dd1d79,\Exclusive\20180824 - Bianca Reis - Drilling His Asshole\,{DT16~Excl~ME0PMHXT~20180824 - Bianca Reis - Drilling His Asshole}
_mg_0986.jpg,564571,4e0f42ed,\Exclusive\20180824 - Bianca Reis - Drilling His Asshole\,{DT16~Excl~ME0PMHXT~20180824 - Bianca Reis - Drilling His Asshole}
_mg_0988.jpg,589204,4b6a3a8f,\Exclusive\20180824 - Bianca Reis - Drilling His Asshole\,{DT16~Excl~ME0PMHXT~20180824 - Bianca Reis - Drilling His Asshole}
_mg_0990.jpg,457384,fda84666,\Exclusive\20180824 - Bianca Reis - Drilling His Asshole\,{DT16~Excl~ME0PMHXT~20180824 - Bianca Reis - Drilling His Asshole}
_mg_0991.jpg,438858,c5bd6148,\Exclusive\20180824 - Bianca Reis - Drilling His Asshole\,{DT16~Excl~ME0PMHXT~20180824 - Bianca Reis - Drilling His Asshole}
_mg_0992.jpg,502480,4564ce1c,\Exclusive\20180824 - Bianca Reis - Drilling His Asshole\,{DT16~Excl~ME0PMHXT~20180824 - Bianca Reis - Drilling His Asshole}
_mg_0993.jpg,481372,71711fab,\Exclusive\20180824 - Bianca Reis - Drilling His Asshole\,{DT16~Excl~ME0PMHXT~20180824 - Bianca Reis - Drilling His Asshole}
_mg_0996.jpg,505289,8ae5512a,\Exclusive\20180824 - Bianca Reis - Drilling His Asshole\,{DT16~Excl~ME0PMHXT~20180824 - Bianca Reis - Drilling His Asshole}
_mg_0997.jpg,507127,f8ab1852,\Exclusive\20180824 - Bianca Reis - Drilling His Asshole\,{DT16~Excl~ME0PMHXT~20180824 - Bianca Reis - Drilling His Asshole}
_mg_0998.jpg,571707,bea48150,\Exclusive\20180824 - Bianca Reis - Drilling His Asshole\,{DT16~Excl~ME0PMHXT~20180824 - Bianca Reis - Drilling His Asshole}
_mg_1000.jpg,522264,7b0ae520,\Exclusive\20180824 - Bianca Reis - Drilling His Asshole\,{DT16~Excl~ME0PMHXT~20180824 - Bianca Reis - Drilling His Asshole}
_mg_1001.jpg,511521,99c95a8a,\Exclusive\20180824 - Bianca Reis - Drilling His Asshole\,{DT16~Excl~ME0PMHXT~20180824 - Bianca Reis - Drilling His Asshole}
_mg_1002.jpg,515734,18ff81dc,\Exclusive\20180824 - Bianca Reis - Drilling His Asshole\,{DT16~Excl~ME0PMHXT~20180824 - Bianca Reis - Drilling His Asshole}
_mg_1003.jpg,617072,0914515f,\Exclusive\20180824 - Bianca Reis - Drilling His Asshole\,{DT16~Excl~ME0PMHXT~20180824 - Bianca Reis - Drilling His Asshole}
_mg_1004.jpg,553606,160eef1f,\Exclusive\20180824 - Bianca Reis - Drilling His Asshole\,{DT16~Excl~ME0PMHXT~20180824 - Bianca Reis - Drilling His Asshole}
_mg_1005.jpg,657968,794ea3d0,\Exclusive\20180824 - Bianca Reis - Drilling His Asshole\,{DT16~Excl~ME0PMHXT~20180824 - Bianca Reis - Drilling His Asshole}
_mg_1006.jpg,560858,aba5a187,\Exclusive\20180824 - Bianca Reis - Drilling His Asshole\,{DT16~Excl~ME0PMHXT~20180824 - Bianca Reis - Drilling His Asshole}
_mg_1008.jpg,672159,0792bab3,\Exclusive\20180824 - Bianca Reis - Drilling His Asshole\,{DT16~Excl~ME0PMHXT~20180824 - Bianca Reis - Drilling His Asshole}
_mg_1009.jpg,635343,5735c06d,\Exclusive\20180824 - Bianca Reis - Drilling His Asshole\,{DT16~Excl~ME0PMHXT~20180824 - Bianca Reis - Drilling His Asshole}
_mg_1010.jpg,632380,99c745f8,\Exclusive\20180824 - Bianca Reis - Drilling His Asshole\,{DT16~Excl~ME0PMHXT~20180824 - Bianca Reis - Drilling His Asshole}
_mg_1011.jpg,769797,3ff090b8,\Exclusive\20180824 - Bianca Reis - Drilling His Asshole\,{DT16~Excl~ME0PMHXT~20180824 - Bianca Reis - Drilling His Asshole}
_mg_1012.jpg,758036,f5a8e0bf,\Exclusive\20180824 - Bianca Reis - Drilling His Asshole\,{DT16~Excl~ME0PMHXT~20180824 - Bianca Reis - Drilling His Asshole}
_mg_1013.jpg,639896,562f6110,\Exclusive\20180824 - Bianca Reis - Drilling His Asshole\,{DT16~Excl~ME0PMHXT~20180824 - Bianca Reis - Drilling His Asshole}
_mg_1014.jpg,611811,c55d8dfa,\Exclusive\20180824 - Bianca Reis - Drilling His Asshole\,{DT16~Excl~ME0PMHXT~20180824 - Bianca Reis - Drilling His Asshole}
_mg_1015.jpg,646331,e4a23350,\Exclusive\20180824 - Bianca Reis - Drilling His Asshole\,{DT16~Excl~ME0PMHXT~20180824 - Bianca Reis - Drilling His Asshole}
_mg_1016.jpg,652306,4a1c00ac,\Exclusive\20180824 - Bianca Reis - Drilling His Asshole\,{DT16~Excl~ME0PMHXT~20180824 - Bianca Reis - Drilling His Asshole}
_mg_1017.jpg,602859,c9f17423,\Exclusive\20180824 - Bianca Reis - Drilling His Asshole\,{DT16~Excl~ME0PMHXT~20180824 - Bianca Reis - Drilling His Asshole}
_mg_1018.jpg,549969,10c905eb,\Exclusive\20180824 - Bianca Reis - Drilling His Asshole\,{DT16~Excl~ME0PMHXT~20180824 - Bianca Reis - Drilling His Asshole}
_mg_1019.jpg,567736,59f360fe,\Exclusive\20180824 - Bianca Reis - Drilling His Asshole\,{DT16~Excl~ME0PMHXT~20180824 - Bianca Reis - Drilling His Asshole}
_mg_1020.jpg,595175,b158659e,\Exclusive\20180824 - Bianca Reis - Drilling His Asshole\,{DT16~Excl~ME0PMHXT~20180824 - Bianca Reis - Drilling His Asshole}
_mg_1023.jpg,538746,3341d0c7,\Exclusive\20180824 - Bianca Reis - Drilling His Asshole\,{DT16~Excl~ME0PMHXT~20180824 - Bianca Reis - Drilling His Asshole}
_mg_1024.jpg,601774,e454fde0,\Exclusive\20180824 - Bianca Reis - Drilling His Asshole\,{DT16~Excl~ME0PMHXT~20180824 - Bianca Reis - Drilling His Asshole}
_mg_1025.jpg,616297,39e33059,\Exclusive\20180824 - Bianca Reis - Drilling His Asshole\,{DT16~Excl~ME0PMHXT~20180824 - Bianca Reis - Drilling His Asshole}
_mg_1026.jpg,645074,551ffbc9,\Exclusive\20180824 - Bianca Reis - Drilling His Asshole\,{DT16~Excl~ME0PMHXT~20180824 - Bianca Reis - Drilling His Asshole}
_mg_1027.jpg,625076,9aec950c,\Exclusive\20180824 - Bianca Reis - Drilling His Asshole\,{DT16~Excl~ME0PMHXT~20180824 - Bianca Reis - Drilling His Asshole}
_mg_1028.jpg,626671,682d19d8,\Exclusive\20180824 - Bianca Reis - Drilling His Asshole\,{DT16~Excl~ME0PMHXT~20180824 - Bianca Reis - Drilling His Asshole}
_mg_1029.jpg,578618,c0f776d3,\Exclusive\20180824 - Bianca Reis - Drilling His Asshole\,{DT16~Excl~ME0PMHXT~20180824 - Bianca Reis - Drilling His Asshole}
_mg_1030.jpg,611122,e9f9df94,\Exclusive\20180824 - Bianca Reis - Drilling His Asshole\,{DT16~Excl~ME0PMHXT~20180824 - Bianca Reis - Drilling His Asshole}
_mg_1031.jpg,613968,58c167fd,\Exclusive\20180824 - Bianca Reis - Drilling His Asshole\,{DT16~Excl~ME0PMHXT~20180824 - Bianca Reis - Drilling His Asshole}
_mg_1032.jpg,623298,031f0421,\Exclusive\20180824 - Bianca Reis - Drilling His Asshole\,{DT16~Excl~ME0PMHXT~20180824 - Bianca Reis - Drilling His Asshole}
_mg_1033.jpg,522579,4eb74a6a,\Exclusive\20180824 - Bianca Reis - Drilling His Asshole\,{DT16~Excl~ME0PMHXT~20180824 - Bianca Reis - Drilling His Asshole}
_mg_1039.jpg,540450,05a9e6f0,\Exclusive\20180824 - Bianca Reis - Drilling His Asshole\,{DT16~Excl~ME0PMHXT~20180824 - Bianca Reis - Drilling His Asshole}
_mg_1040.jpg,617093,9fe40418,\Exclusive\20180824 - Bianca Reis - Drilling His Asshole\,{DT16~Excl~ME0PMHXT~20180824 - Bianca Reis - Drilling His Asshole}
_mg_1041.jpg,642789,26dfb7df,\Exclusive\20180824 - Bianca Reis - Drilling His Asshole\,{DT16~Excl~ME0PMHXT~20180824 - Bianca Reis - Drilling His Asshole}
_mg_1043.jpg,560755,ee2f54ad,\Exclusive\20180824 - Bianca Reis - Drilling His Asshole\,{DT16~Excl~ME0PMHXT~20180824 - Bianca Reis - Drilling His Asshole}
_mg_1045.jpg,544437,6e78b39e,\Exclusive\20180824 - Bianca Reis - Drilling His Asshole\,{DT16~Excl~ME0PMHXT~20180824 - Bianca Reis - Drilling His Asshole}
_mg_1046.jpg,513181,6a40ac97,\Exclusive\20180824 - Bianca Reis - Drilling His Asshole\,{DT16~Excl~ME0PMHXT~20180824 - Bianca Reis - Drilling His Asshole}
_mg_1047.jpg,534588,7f328a0d,\Exclusive\20180824 - Bianca Reis - Drilling His Asshole\,{DT16~Excl~ME0PMHXT~20180824 - Bianca Reis - Drilling His Asshole}
_mg_1048.jpg,534586,f21ef6a1,\Exclusive\20180824 - Bianca Reis - Drilling His Asshole\,{DT16~Excl~ME0PMHXT~20180824 - Bianca Reis - Drilling His Asshole}
_mg_1050.jpg,554203,7ec9f860,\Exclusive\20180824 - Bianca Reis - Drilling His Asshole\,{DT16~Excl~ME0PMHXT~20180824 - Bianca Reis - Drilling His Asshole}
_mg_1055.jpg,365184,735b3f78,\Exclusive\20180824 - Bianca Reis - Drilling His Asshole\,{DT16~Excl~ME0PMHXT~20180824 - Bianca Reis - Drilling His Asshole}
_mg_1056.jpg,430867,7a575773,\Exclusive\20180824 - Bianca Reis - Drilling His Asshole\,{DT16~Excl~ME0PMHXT~20180824 - Bianca Reis - Drilling His Asshole}
_mg_1058.jpg,473219,fee3159e,\Exclusive\20180824 - Bianca Reis - Drilling His Asshole\,{DT16~Excl~ME0PMHXT~20180824 - Bianca Reis - Drilling His Asshole}
_mg_1059.jpg,570929,30481081,\Exclusive\20180824 - Bianca Reis - Drilling His Asshole\,{DT16~Excl~ME0PMHXT~20180824 - Bianca Reis - Drilling His Asshole}
_mg_1063.jpg,517617,c5411dde,\Exclusive\20180824 - Bianca Reis - Drilling His Asshole\,{DT16~Excl~ME0PMHXT~20180824 - Bianca Reis - Drilling His Asshole}
_mg_1064.jpg,538752,394e9287,\Exclusive\20180824 - Bianca Reis - Drilling His Asshole\,{DT16~Excl~ME0PMHXT~20180824 - Bianca Reis - Drilling His Asshole}
_mg_1065.jpg,667466,de6c1c11,\Exclusive\20180824 - Bianca Reis - Drilling His Asshole\,{DT16~Excl~ME0PMHXT~20180824 - Bianca Reis - Drilling His Asshole}
_mg_1066.jpg,529647,bc33ad89,\Exclusive\20180824 - Bianca Reis - Drilling His Asshole\,{DT16~Excl~ME0PMHXT~20180824 - Bianca Reis - Drilling His Asshole}
_mg_1067.jpg,629089,0842760d,\Exclusive\20180824 - Bianca Reis - Drilling His Asshole\,{DT16~Excl~ME0PMHXT~20180824 - Bianca Reis - Drilling His Asshole}
_mg_1068.jpg,532692,358f93c6,\Exclusive\20180824 - Bianca Reis - Drilling His Asshole\,{DT16~Excl~ME0PMHXT~20180824 - Bianca Reis - Drilling His Asshole}
_mg_1069.jpg,534111,a4ae71c5,\Exclusive\20180824 - Bianca Reis - Drilling His Asshole\,{DT16~Excl~ME0PMHXT~20180824 - Bianca Reis - Drilling His Asshole}
_mg_1070.jpg,397221,0bb72690,\Exclusive\20180824 - Bianca Reis - Drilling His Asshole\,{DT16~Excl~ME0PMHXT~20180824 - Bianca Reis - Drilling His Asshole}
_mg_1071.jpg,505379,b411ee29,\Exclusive\20180824 - Bianca Reis - Drilling His Asshole\,{DT16~Excl~ME0PMHXT~20180824 - Bianca Reis - Drilling His Asshole}
_mg_1072.jpg,510188,13623a8d,\Exclusive\20180824 - Bianca Reis - Drilling His Asshole\,{DT16~Excl~ME0PMHXT~20180824 - Bianca Reis - Drilling His Asshole}
_mg_1073.jpg,507725,99d05e05,\Exclusive\20180824 - Bianca Reis - Drilling His Asshole\,{DT16~Excl~ME0PMHXT~20180824 - Bianca Reis - Drilling His Asshole}
_mg_1074.jpg,541674,f0c08914,\Exclusive\20180824 - Bianca Reis - Drilling His Asshole\,{DT16~Excl~ME0PMHXT~20180824 - Bianca Reis - Drilling His Asshole}
_mg_1075.jpg,579689,eb9b9862,\Exclusive\20180824 - Bianca Reis - Drilling His Asshole\,{DT16~Excl~ME0PMHXT~20180824 - Bianca Reis - Drilling His Asshole}
_mg_1076.jpg,556614,8be383d0,\Exclusive\20180824 - Bianca Reis - Drilling His Asshole\,{DT16~Excl~ME0PMHXT~20180824 - Bianca Reis - Drilling His Asshole}
_mg_1077.jpg,563415,073e6e66,\Exclusive\20180824 - Bianca Reis - Drilling His Asshole\,{DT16~Excl~ME0PMHXT~20180824 - Bianca Reis - Drilling His Asshole}
_mg_1079.jpg,616595,597fb8fd,\Exclusive\20180824 - Bianca Reis - Drilling His Asshole\,{DT16~Excl~ME0PMHXT~20180824 - Bianca Reis - Drilling His Asshole}
_mg_1081.jpg,639620,49210258,\Exclusive\20180824 - Bianca Reis - Drilling His Asshole\,{DT16~Excl~ME0PMHXT~20180824 - Bianca Reis - Drilling His Asshole}
_mg_1082.jpg,594322,598840cd,\Exclusive\20180824 - Bianca Reis - Drilling His Asshole\,{DT16~Excl~ME0PMHXT~20180824 - Bianca Reis - Drilling His Asshole}
_mg_1083.jpg,701473,2a768c40,\Exclusive\20180824 - Bianca Reis - Drilling His Asshole\,{DT16~Excl~ME0PMHXT~20180824 - Bianca Reis - Drilling His Asshole}
_mg_1084.jpg,638037,5cebd5cf,\Exclusive\20180824 - Bianca Reis - Drilling His Asshole\,{DT16~Excl~ME0PMHXT~20180824 - Bianca Reis - Drilling His Asshole}
_mg_1085.jpg,492550,bb8896d4,\Exclusive\20180824 - Bianca Reis - Drilling His Asshole\,{DT16~Excl~ME0PMHXT~20180824 - Bianca Reis - Drilling His Asshole}
_mg_1086.jpg,577285,ef92fb0a,\Exclusive\20180824 - Bianca Reis - Drilling His Asshole\,{DT16~Excl~ME0PMHXT~20180824 - Bianca Reis - Drilling His Asshole}
_mg_1089.jpg,585800,31caf357,\Exclusive\20180824 - Bianca Reis - Drilling His Asshole\,{DT16~Excl~ME0PMHXT~20180824 - Bianca Reis - Drilling His Asshole}
_mg_1090.jpg,604116,a54b1ef8,\Exclusive\20180824 - Bianca Reis - Drilling His Asshole\,{DT16~Excl~ME0PMHXT~20180824 - Bianca Reis - Drilling His Asshole}
_mg_1094.jpg,687402,fb07d3fe,\Exclusive\20180824 - Bianca Reis - Drilling His Asshole\,{DT16~Excl~ME0PMHXT~20180824 - Bianca Reis - Drilling His Asshole}
_mg_1096.jpg,604274,c70fd95d,\Exclusive\20180824 - Bianca Reis - Drilling His Asshole\,{DT16~Excl~ME0PMHXT~20180824 - Bianca Reis - Drilling His Asshole}
_mg_1097.jpg,628774,2d6279eb,\Exclusive\20180824 - Bianca Reis - Drilling His Asshole\,{DT16~Excl~ME0PMHXT~20180824 - Bianca Reis - Drilling His Asshole}
_mg_1100.jpg,547845,271ae4bf,\Exclusive\20180824 - Bianca Reis - Drilling His Asshole\,{DT16~Excl~ME0PMHXT~20180824 - Bianca Reis - Drilling His Asshole}
_mg_1101.jpg,571979,d8eafc86,\Exclusive\20180824 - Bianca Reis - Drilling His Asshole\,{DT16~Excl~ME0PMHXT~20180824 - Bianca Reis - Drilling His Asshole}
_mg_1102.jpg,654732,83e31971,\Exclusive\20180824 - Bianca Reis - Drilling His Asshole\,{DT16~Excl~ME0PMHXT~20180824 - Bianca Reis - Drilling His Asshole}
_mg_1103.jpg,538320,cca0e21e,\Exclusive\20180824 - Bianca Reis - Drilling His Asshole\,{DT16~Excl~ME0PMHXT~20180824 - Bianca Reis - Drilling His Asshole}
_mg_1104.jpg,613339,9c8cf18d,\Exclusive\20180824 - Bianca Reis - Drilling His Asshole\,{DT16~Excl~ME0PMHXT~20180824 - Bianca Reis - Drilling His Asshole}
_mg_1105.jpg,687046,17c5dfbd,\Exclusive\20180824 - Bianca Reis - Drilling His Asshole\,{DT16~Excl~ME0PMHXT~20180824 - Bianca Reis - Drilling His Asshole}
_mg_1107.jpg,578403,604072ff,\Exclusive\20180824 - Bianca Reis - Drilling His Asshole\,{DT16~Excl~ME0PMHXT~20180824 - Bianca Reis - Drilling His Asshole}
_mg_1109.jpg,586537,d3f470b4,\Exclusive\20180824 - Bianca Reis - Drilling His Asshole\,{DT16~Excl~ME0PMHXT~20180824 - Bianca Reis - Drilling His Asshole}
_mg_1112.jpg,691330,920c3e7e,\Exclusive\20180824 - Bianca Reis - Drilling His Asshole\,{DT16~Excl~ME0PMHXT~20180824 - Bianca Reis - Drilling His Asshole}
_mg_1114.jpg,557241,a62bd329,\Exclusive\20180824 - Bianca Reis - Drilling His Asshole\,{DT16~Excl~ME0PMHXT~20180824 - Bianca Reis - Drilling His Asshole}
_mg_1120.jpg,543745,79a7850e,\Exclusive\20180824 - Bianca Reis - Drilling His Asshole\,{DT16~Excl~ME0PMHXT~20180824 - Bianca Reis - Drilling His Asshole}
_mg_1128.jpg,541030,e263389d,\Exclusive\20180824 - Bianca Reis - Drilling His Asshole\,{DT16~Excl~ME0PMHXT~20180824 - Bianca Reis - Drilling His Asshole}
_mg_1129.jpg,596367,b73cb7b4,\Exclusive\20180824 - Bianca Reis - Drilling His Asshole\,{DT16~Excl~ME0PMHXT~20180824 - Bianca Reis - Drilling His Asshole}
_mg_1130.jpg,660562,73dae45b,\Exclusive\20180824 - Bianca Reis - Drilling His Asshole\,{DT16~Excl~ME0PMHXT~20180824 - Bianca Reis - Drilling His Asshole}
_mg_1131.jpg,686106,14cafd46,\Exclusive\20180824 - Bianca Reis - Drilling His Asshole\,{DT16~Excl~ME0PMHXT~20180824 - Bianca Reis - Drilling His Asshole}
_mg_1132.jpg,635571,27f84825,\Exclusive\20180824 - Bianca Reis - Drilling His Asshole\,{DT16~Excl~ME0PMHXT~20180824 - Bianca Reis - Drilling His Asshole}
_mg_1133.jpg,602616,d8bb0518,\Exclusive\20180824 - Bianca Reis - Drilling His Asshole\,{DT16~Excl~ME0PMHXT~20180824 - Bianca Reis - Drilling His Asshole}
_mg_1134.jpg,631780,80ce286d,\Exclusive\20180824 - Bianca Reis - Drilling His Asshole\,{DT16~Excl~ME0PMHXT~20180824 - Bianca Reis - Drilling His Asshole}
_mg_1146.jpg,532971,640d5197,\Exclusive\20180824 - Bianca Reis - Drilling His Asshole\,{DT16~Excl~ME0PMHXT~20180824 - Bianca Reis - Drilling His Asshole}
_mg_1147.jpg,608421,7e9eae72,\Exclusive\20180824 - Bianca Reis - Drilling His Asshole\,{DT16~Excl~ME0PMHXT~20180824 - Bianca Reis - Drilling His Asshole}
_mg_1148.jpg,610064,80fba581,\Exclusive\20180824 - Bianca Reis - Drilling His Asshole\,{DT16~Excl~ME0PMHXT~20180824 - Bianca Reis - Drilling His Asshole}
_mg_1154.jpg,637649,e60c7ec5,\Exclusive\20180824 - Bianca Reis - Drilling His Asshole\,{DT16~Excl~ME0PMHXT~20180824 - Bianca Reis - Drilling His Asshole}
_mg_1155.jpg,651709,96c0664d,\Exclusive\20180824 - Bianca Reis - Drilling His Asshole\,{DT16~Excl~ME0PMHXT~20180824 - Bianca Reis - Drilling His Asshole}
_mg_1156.jpg,583453,8a7740e1,\Exclusive\20180824 - Bianca Reis - Drilling His Asshole\,{DT16~Excl~ME0PMHXT~20180824 - Bianca Reis - Drilling His Asshole}
_mg_1157.jpg,649460,a2202f31,\Exclusive\20180824 - Bianca Reis - Drilling His Asshole\,{DT16~Excl~ME0PMHXT~20180824 - Bianca Reis - Drilling His Asshole}
_mg_1159.jpg,694376,b54c14cc,\Exclusive\20180824 - Bianca Reis - Drilling His Asshole\,{DT16~Excl~ME0PMHXT~20180824 - Bianca Reis - Drilling His Asshole}
_mg_1160.jpg,538422,d79f44ea,\Exclusive\20180824 - Bianca Reis - Drilling His Asshole\,{DT16~Excl~ME0PMHXT~20180824 - Bianca Reis - Drilling His Asshole}
_mg_1161.jpg,581052,c5790ff4,\Exclusive\20180824 - Bianca Reis - Drilling His Asshole\,{DT16~Excl~ME0PMHXT~20180824 - Bianca Reis - Drilling His Asshole}
_mg_1162.jpg,630127,e5da03a1,\Exclusive\20180824 - Bianca Reis - Drilling His Asshole\,{DT16~Excl~ME0PMHXT~20180824 - Bianca Reis - Drilling His Asshole}
_mg_1165.jpg,679908,bb0696f9,\Exclusive\20180824 - Bianca Reis - Drilling His Asshole\,{DT16~Excl~ME0PMHXT~20180824 - Bianca Reis - Drilling His Asshole}
_mg_1166.jpg,684157,45fe4bb5,\Exclusive\20180824 - Bianca Reis - Drilling His Asshole\,{DT16~Excl~ME0PMHXT~20180824 - Bianca Reis - Drilling His Asshole}
_mg_1167.jpg,615744,cf21021f,\Exclusive\20180824 - Bianca Reis - Drilling His Asshole\,{DT16~Excl~ME0PMHXT~20180824 - Bianca Reis - Drilling His Asshole}
_mg_1168.jpg,717965,6262f26f,\Exclusive\20180824 - Bianca Reis - Drilling His Asshole\,{DT16~Excl~ME0PMHXT~20180824 - Bianca Reis - Drilling His Asshole}
_mg_1171.jpg,571209,ef5bdf85,\Exclusive\20180824 - Bianca Reis - Drilling His Asshole\,{DT16~Excl~ME0PMHXT~20180824 - Bianca Reis - Drilling His Asshole}
_mg_1173.jpg,586949,8b12ba70,\Exclusive\20180824 - Bianca Reis - Drilling His Asshole\,{DT16~Excl~ME0PMHXT~20180824 - Bianca Reis - Drilling His Asshole}
_mg_1174.jpg,527285,1c547327,\Exclusive\20180824 - Bianca Reis - Drilling His Asshole\,{DT16~Excl~ME0PMHXT~20180824 - Bianca Reis - Drilling His Asshole}
_mg_1175.jpg,664430,d4bea043,\Exclusive\20180824 - Bianca Reis - Drilling His Asshole\,{DT16~Excl~ME0PMHXT~20180824 - Bianca Reis - Drilling His Asshole}
_mg_1177.jpg,588721,e305e8c4,\Exclusive\20180824 - Bianca Reis - Drilling His Asshole\,{DT16~Excl~ME0PMHXT~20180824 - Bianca Reis - Drilling His Asshole}
_mg_1178.jpg,551605,5d87d6d6,\Exclusive\20180824 - Bianca Reis - Drilling His Asshole\,{DT16~Excl~ME0PMHXT~20180824 - Bianca Reis - Drilling His Asshole}
_mg_1179.jpg,515023,8d2d01aa,\Exclusive\20180824 - Bianca Reis - Drilling His Asshole\,{DT16~Excl~ME0PMHXT~20180824 - Bianca Reis - Drilling His Asshole}
_mg_1180.jpg,604975,bc28ddde,\Exclusive\20180824 - Bianca Reis - Drilling His Asshole\,{DT16~Excl~ME0PMHXT~20180824 - Bianca Reis - Drilling His Asshole}
_mg_1181.jpg,672142,8e85229d,\Exclusive\20180824 - Bianca Reis - Drilling His Asshole\,{DT16~Excl~ME0PMHXT~20180824 - Bianca Reis - Drilling His Asshole}
_mg_1183.jpg,632885,e8dea9dc,\Exclusive\20180824 - Bianca Reis - Drilling His Asshole\,{DT16~Excl~ME0PMHXT~20180824 - Bianca Reis - Drilling His Asshole}
_mg_1184.jpg,627669,7cded0df,\Exclusive\20180824 - Bianca Reis - Drilling His Asshole\,{DT16~Excl~ME0PMHXT~20180824 - Bianca Reis - Drilling His Asshole}
_mg_1185.jpg,632988,61245f1f,\Exclusive\20180824 - Bianca Reis - Drilling His Asshole\,{DT16~Excl~ME0PMHXT~20180824 - Bianca Reis - Drilling His Asshole}
_mg_1186.jpg,646091,d56b5fa9,\Exclusive\20180824 - Bianca Reis - Drilling His Asshole\,{DT16~Excl~ME0PMHXT~20180824 - Bianca Reis - Drilling His Asshole}
_mg_1187.jpg,539457,5297cf80,\Exclusive\20180824 - Bianca Reis - Drilling His Asshole\,{DT16~Excl~ME0PMHXT~20180824 - Bianca Reis - Drilling His Asshole}
_mg_1188.jpg,608948,7f344946,\Exclusive\20180824 - Bianca Reis - Drilling His Asshole\,{DT16~Excl~ME0PMHXT~20180824 - Bianca Reis - Drilling His Asshole}
_mg_1189.jpg,590104,f8c60d85,\Exclusive\20180824 - Bianca Reis - Drilling His Asshole\,{DT16~Excl~ME0PMHXT~20180824 - Bianca Reis - Drilling His Asshole}
_mg_1191.jpg,655321,68661278,\Exclusive\20180824 - Bianca Reis - Drilling His Asshole\,{DT16~Excl~ME0PMHXT~20180824 - Bianca Reis - Drilling His Asshole}
_mg_1192.jpg,703000,d7da53de,\Exclusive\20180824 - Bianca Reis - Drilling His Asshole\,{DT16~Excl~ME0PMHXT~20180824 - Bianca Reis - Drilling His Asshole}
_mg_1193.jpg,681676,7eebb5d4,\Exclusive\20180824 - Bianca Reis - Drilling His Asshole\,{DT16~Excl~ME0PMHXT~20180824 - Bianca Reis - Drilling His Asshole}
_mg_1196.jpg,623522,cb81194d,\Exclusive\20180824 - Bianca Reis - Drilling His Asshole\,{DT16~Excl~ME0PMHXT~20180824 - Bianca Reis - Drilling His Asshole}
_mg_1198.jpg,534166,e993889c,\Exclusive\20180824 - Bianca Reis - Drilling His Asshole\,{DT16~Excl~ME0PMHXT~20180824 - Bianca Reis - Drilling His Asshole}
_mg_1199.jpg,487245,4f6a7e9e,\Exclusive\20180824 - Bianca Reis - Drilling His Asshole\,{DT16~Excl~ME0PMHXT~20180824 - Bianca Reis - Drilling His Asshole}
_mg_1202.jpg,657325,f6a0041b,\Exclusive\20180824 - Bianca Reis - Drilling His Asshole\,{DT16~Excl~ME0PMHXT~20180824 - Bianca Reis - Drilling His Asshole}
_mg_1204.jpg,619440,aa792c9c,\Exclusive\20180824 - Bianca Reis - Drilling His Asshole\,{DT16~Excl~ME0PMHXT~20180824 - Bianca Reis - Drilling His Asshole}
_mg_1205.jpg,561231,881f07d4,\Exclusive\20180824 - Bianca Reis - Drilling His Asshole\,{DT16~Excl~ME0PMHXT~20180824 - Bianca Reis - Drilling His Asshole}
_mg_1206.jpg,619414,f7141793,\Exclusive\20180824 - Bianca Reis - Drilling His Asshole\,{DT16~Excl~ME0PMHXT~20180824 - Bianca Reis - Drilling His Asshole}
_mg_1208.jpg,640828,dc4f7fed,\Exclusive\20180824 - Bianca Reis - Drilling His Asshole\,{DT16~Excl~ME0PMHXT~20180824 - Bianca Reis - Drilling His Asshole}
_mg_1209.jpg,675059,61b2f213,\Exclusive\20180824 - Bianca Reis - Drilling His Asshole\,{DT16~Excl~ME0PMHXT~20180824 - Bianca Reis - Drilling His Asshole}
_mg_1210.jpg,700076,c8b9f29e,\Exclusive\20180824 - Bianca Reis - Drilling His Asshole\,{DT16~Excl~ME0PMHXT~20180824 - Bianca Reis - Drilling His Asshole}
_mg_1211.jpg,561006,0d72542f,\Exclusive\20180824 - Bianca Reis - Drilling His Asshole\,{DT16~Excl~ME0PMHXT~20180824 - Bianca Reis - Drilling His Asshole}
_mg_1212.jpg,619745,08f69b31,\Exclusive\20180824 - Bianca Reis - Drilling His Asshole\,{DT16~Excl~ME0PMHXT~20180824 - Bianca Reis - Drilling His Asshole}
_mg_1214.jpg,635265,49df710f,\Exclusive\20180824 - Bianca Reis - Drilling His Asshole\,{DT16~Excl~ME0PMHXT~20180824 - Bianca Reis - Drilling His Asshole}
_mg_1215.jpg,653019,84693a7a,\Exclusive\20180824 - Bianca Reis - Drilling His Asshole\,{DT16~Excl~ME0PMHXT~20180824 - Bianca Reis - Drilling His Asshole}
_mg_1216.jpg,632331,b7438f01,\Exclusive\20180824 - Bianca Reis - Drilling His Asshole\,{DT16~Excl~ME0PMHXT~20180824 - Bianca Reis - Drilling His Asshole}
_mg_1217.jpg,721402,588fde70,\Exclusive\20180824 - Bianca Reis - Drilling His Asshole\,{DT16~Excl~ME0PMHXT~20180824 - Bianca Reis - Drilling His Asshole}
_mg_1218.jpg,659336,df0e2538,\Exclusive\20180824 - Bianca Reis - Drilling His Asshole\,{DT16~Excl~ME0PMHXT~20180824 - Bianca Reis - Drilling His Asshole}
_mg_1219.jpg,652060,733f7e5d,\Exclusive\20180824 - Bianca Reis - Drilling His Asshole\,{DT16~Excl~ME0PMHXT~20180824 - Bianca Reis - Drilling His Asshole}
_mg_1220.jpg,616243,be031268,\Exclusive\20180824 - Bianca Reis - Drilling His Asshole\,{DT16~Excl~ME0PMHXT~20180824 - Bianca Reis - Drilling His Asshole}
_mg_1223.jpg,690037,19faf11a,\Exclusive\20180824 - Bianca Reis - Drilling His Asshole\,{DT16~Excl~ME0PMHXT~20180824 - Bianca Reis - Drilling His Asshole}
_mg_1224.jpg,640583,a5d6dbb3,\Exclusive\20180824 - Bianca Reis - Drilling His Asshole\,{DT16~Excl~ME0PMHXT~20180824 - Bianca Reis - Drilling His Asshole}
_mg_1225.jpg,706732,66edf278,\Exclusive\20180824 - Bianca Reis - Drilling His Asshole\,{DT16~Excl~ME0PMHXT~20180824 - Bianca Reis - Drilling His Asshole}
_mg_1227.jpg,597581,09cdf3c7,\Exclusive\20180824 - Bianca Reis - Drilling His Asshole\,{DT16~Excl~ME0PMHXT~20180824 - Bianca Reis - Drilling His Asshole}
_mg_1228.jpg,673965,a813e643,\Exclusive\20180824 - Bianca Reis - Drilling His Asshole\,{DT16~Excl~ME0PMHXT~20180824 - Bianca Reis - Drilling His Asshole}
_mg_1229.jpg,667992,5d410a1a,\Exclusive\20180824 - Bianca Reis - Drilling His Asshole\,{DT16~Excl~ME0PMHXT~20180824 - Bianca Reis - Drilling His Asshole}
_mg_1231.jpg,676222,bec8ee48,\Exclusive\20180824 - Bianca Reis - Drilling His Asshole\,{DT16~Excl~ME0PMHXT~20180824 - Bianca Reis - Drilling His Asshole}
_mg_1236.jpg,533003,cde03684,\Exclusive\20180824 - Bianca Reis - Drilling His Asshole\,{DT16~Excl~ME0PMHXT~20180824 - Bianca Reis - Drilling His Asshole}
_mg_1238.jpg,667658,a8548ac6,\Exclusive\20180824 - Bianca Reis - Drilling His Asshole\,{DT16~Excl~ME0PMHXT~20180824 - Bianca Reis - Drilling His Asshole}
_mg_1240.jpg,648385,5fbfc912,\Exclusive\20180824 - Bianca Reis - Drilling His Asshole\,{DT16~Excl~ME0PMHXT~20180824 - Bianca Reis - Drilling His Asshole}
_mg_1241.jpg,592427,f4104f55,\Exclusive\20180824 - Bianca Reis - Drilling His Asshole\,{DT16~Excl~ME0PMHXT~20180824 - Bianca Reis - Drilling His Asshole}
_mg_1246.jpg,553473,f1eb24a6,\Exclusive\20180824 - Bianca Reis - Drilling His Asshole\,{DT16~Excl~ME0PMHXT~20180824 - Bianca Reis - Drilling His Asshole}
_mg_1247.jpg,577753,301053fe,\Exclusive\20180824 - Bianca Reis - Drilling His Asshole\,{DT16~Excl~ME0PMHXT~20180824 - Bianca Reis - Drilling His Asshole}
_mg_1248.jpg,514515,4c128069,\Exclusive\20180824 - Bianca Reis - Drilling His Asshole\,{DT16~Excl~ME0PMHXT~20180824 - Bianca Reis - Drilling His Asshole}
_mg_1249.jpg,674435,70aeb7e3,\Exclusive\20180824 - Bianca Reis - Drilling His Asshole\,{DT16~Excl~ME0PMHXT~20180824 - Bianca Reis - Drilling His Asshole}
_mg_1252.jpg,551812,a6d57bb6,\Exclusive\20180824 - Bianca Reis - Drilling His Asshole\,{DT16~Excl~ME0PMHXT~20180824 - Bianca Reis - Drilling His Asshole}
_mg_1255.jpg,540581,3fee7d3f,\Exclusive\20180824 - Bianca Reis - Drilling His Asshole\,{DT16~Excl~ME0PMHXT~20180824 - Bianca Reis - Drilling His Asshole}
_mg_1257.jpg,575504,47f0181d,\Exclusive\20180824 - Bianca Reis - Drilling His Asshole\,{DT16~Excl~ME0PMHXT~20180824 - Bianca Reis - Drilling His Asshole}
_mg_1261.jpg,516561,aedb80db,\Exclusive\20180824 - Bianca Reis - Drilling His Asshole\,{DT16~Excl~ME0PMHXT~20180824 - Bianca Reis - Drilling His Asshole}
_mg_1262.jpg,615647,a6b59951,\Exclusive\20180824 - Bianca Reis - Drilling His Asshole\,{DT16~Excl~ME0PMHXT~20180824 - Bianca Reis - Drilling His Asshole}
_mg_1263.jpg,532881,bd4e49f4,\Exclusive\20180824 - Bianca Reis - Drilling His Asshole\,{DT16~Excl~ME0PMHXT~20180824 - Bianca Reis - Drilling His Asshole}
_mg_1264.jpg,578405,9f69fb81,\Exclusive\20180824 - Bianca Reis - Drilling His Asshole\,{DT16~Excl~ME0PMHXT~20180824 - Bianca Reis - Drilling His Asshole}
_mg_1265.jpg,606630,1b643126,\Exclusive\20180824 - Bianca Reis - Drilling His Asshole\,{DT16~Excl~ME0PMHXT~20180824 - Bianca Reis - Drilling His Asshole}
_mg_1266.jpg,547163,e378b380,\Exclusive\20180824 - Bianca Reis - Drilling His Asshole\,{DT16~Excl~ME0PMHXT~20180824 - Bianca Reis - Drilling His Asshole}
_mg_1268.jpg,552110,2c99a0f8,\Exclusive\20180824 - Bianca Reis - Drilling His Asshole\,{DT16~Excl~ME0PMHXT~20180824 - Bianca Reis - Drilling His Asshole}
_mg_1270.jpg,632334,1f2dcfbe,\Exclusive\20180824 - Bianca Reis - Drilling His Asshole\,{DT16~Excl~ME0PMHXT~20180824 - Bianca Reis - Drilling His Asshole}
_mg_1271.jpg,531161,d6d36da4,\Exclusive\20180824 - Bianca Reis - Drilling His Asshole\,{DT16~Excl~ME0PMHXT~20180824 - Bianca Reis - Drilling His Asshole}
_mg_1272.jpg,538632,dd5b96f4,\Exclusive\20180824 - Bianca Reis - Drilling His Asshole\,{DT16~Excl~ME0PMHXT~20180824 - Bianca Reis - Drilling His Asshole}
_mg_1273.jpg,536973,b4c161cb,\Exclusive\20180824 - Bianca Reis - Drilling His Asshole\,{DT16~Excl~ME0PMHXT~20180824 - Bianca Reis - Drilling His Asshole}
_mg_1274.jpg,489062,1d90dc12,\Exclusive\20180824 - Bianca Reis - Drilling His Asshole\,{DT16~Excl~ME0PMHXT~20180824 - Bianca Reis - Drilling His Asshole}
_mg_1275.jpg,523020,20bdb378,\Exclusive\20180824 - Bianca Reis - Drilling His Asshole\,{DT16~Excl~ME0PMHXT~20180824 - Bianca Reis - Drilling His Asshole}
_mg_1276.jpg,520237,a3f714ad,\Exclusive\20180824 - Bianca Reis - Drilling His Asshole\,{DT16~Excl~ME0PMHXT~20180824 - Bianca Reis - Drilling His Asshole}
_mg_1277.jpg,542918,2fc05373,\Exclusive\20180824 - Bianca Reis - Drilling His Asshole\,{DT16~Excl~ME0PMHXT~20180824 - Bianca Reis - Drilling His Asshole}
_mg_1278.jpg,527142,b604ea39,\Exclusive\20180824 - Bianca Reis - Drilling His Asshole\,{DT16~Excl~ME0PMHXT~20180824 - Bianca Reis - Drilling His Asshole}
_mg_1279.jpg,508284,aa5a31a1,\Exclusive\20180824 - Bianca Reis - Drilling His Asshole\,{DT16~Excl~ME0PMHXT~20180824 - Bianca Reis - Drilling His Asshole}
_mg_1280.jpg,641561,002df0b8,\Exclusive\20180824 - Bianca Reis - Drilling His Asshole\,{DT16~Excl~ME0PMHXT~20180824 - Bianca Reis - Drilling His Asshole}
_mg_1281.jpg,589053,4783ef97,\Exclusive\20180824 - Bianca Reis - Drilling His Asshole\,{DT16~Excl~ME0PMHXT~20180824 - Bianca Reis - Drilling His Asshole}
_mg_1283.jpg,537163,9a25abd1,\Exclusive\20180824 - Bianca Reis - Drilling His Asshole\,{DT16~Excl~ME0PMHXT~20180824 - Bianca Reis - Drilling His Asshole}
_mg_1284.jpg,520444,2d4bcd12,\Exclusive\20180824 - Bianca Reis - Drilling His Asshole\,{DT16~Excl~ME0PMHXT~20180824 - Bianca Reis - Drilling His Asshole}
_mg_1286.jpg,542656,26287e27,\Exclusive\20180824 - Bianca Reis - Drilling His Asshole\,{DT16~Excl~ME0PMHXT~20180824 - Bianca Reis - Drilling His Asshole}
_mg_1287.jpg,596652,389d95a0,\Exclusive\20180824 - Bianca Reis - Drilling His Asshole\,{DT16~Excl~ME0PMHXT~20180824 - Bianca Reis - Drilling His Asshole}
_mg_1288.jpg,583633,27d8d12b,\Exclusive\20180824 - Bianca Reis - Drilling His Asshole\,{DT16~Excl~ME0PMHXT~20180824 - Bianca Reis - Drilling His Asshole}
_mg_1289.jpg,543002,02f9a50e,\Exclusive\20180824 - Bianca Reis - Drilling His Asshole\,{DT16~Excl~ME0PMHXT~20180824 - Bianca Reis - Drilling His Asshole}
_mg_1290.jpg,622057,a9f4974c,\Exclusive\20180824 - Bianca Reis - Drilling His Asshole\,{DT16~Excl~ME0PMHXT~20180824 - Bianca Reis - Drilling His Asshole}
_mg_1292.jpg,478615,42ec95fe,\Exclusive\20180824 - Bianca Reis - Drilling His Asshole\,{DT16~Excl~ME0PMHXT~20180824 - Bianca Reis - Drilling His Asshole}
_mg_1293.jpg,562709,4503c9ce,\Exclusive\20180824 - Bianca Reis - Drilling His Asshole\,{DT16~Excl~ME0PMHXT~20180824 - Bianca Reis - Drilling His Asshole}
_mg_1294.jpg,559945,7ebaf524,\Exclusive\20180824 - Bianca Reis - Drilling His Asshole\,{DT16~Excl~ME0PMHXT~20180824 - Bianca Reis - Drilling His Asshole}
_mg_1295.jpg,555673,5ce4d443,\Exclusive\20180824 - Bianca Reis - Drilling His Asshole\,{DT16~Excl~ME0PMHXT~20180824 - Bianca Reis - Drilling His Asshole}
_mg_1296.jpg,608919,27405a5d,\Exclusive\20180824 - Bianca Reis - Drilling His Asshole\,{DT16~Excl~ME0PMHXT~20180824 - Bianca Reis - Drilling His Asshole}
_mg_1297.jpg,643865,3e3f9ed2,\Exclusive\20180824 - Bianca Reis - Drilling His Asshole\,{DT16~Excl~ME0PMHXT~20180824 - Bianca Reis - Drilling His Asshole}
_mg_1298.jpg,655868,ca0599bf,\Exclusive\20180824 - Bianca Reis - Drilling His Asshole\,{DT16~Excl~ME0PMHXT~20180824 - Bianca Reis - Drilling His Asshole}
_mg_1303.jpg,580360,da08e3da,\Exclusive\20180824 - Bianca Reis - Drilling His Asshole\,{DT16~Excl~ME0PMHXT~20180824 - Bianca Reis - Drilling His Asshole}
_mg_1304.jpg,636049,cdf794ee,\Exclusive\20180824 - Bianca Reis - Drilling His Asshole\,{DT16~Excl~ME0PMHXT~20180824 - Bianca Reis - Drilling His Asshole}
_mg_1306.jpg,522895,7fc6c6fd,\Exclusive\20180824 - Bianca Reis - Drilling His Asshole\,{DT16~Excl~ME0PMHXT~20180824 - Bianca Reis - Drilling His Asshole}
_mg_1307.jpg,650556,eebe6717,\Exclusive\20180824 - Bianca Reis - Drilling His Asshole\,{DT16~Excl~ME0PMHXT~20180824 - Bianca Reis - Drilling His Asshole}
_mg_1310.jpg,463619,ec32273b,\Exclusive\20180824 - Bianca Reis - Drilling His Asshole\,{DT16~Excl~ME0PMHXT~20180824 - Bianca Reis - Drilling His Asshole}
_mg_1311.jpg,509769,350c3a18,\Exclusive\20180824 - Bianca Reis - Drilling His Asshole\,{DT16~Excl~ME0PMHXT~20180824 - Bianca Reis - Drilling His Asshole}
_mg_1312.jpg,521838,b4083b5d,\Exclusive\20180824 - Bianca Reis - Drilling His Asshole\,{DT16~Excl~ME0PMHXT~20180824 - Bianca Reis - Drilling His Asshole}
_mg_1315.jpg,582250,e484c7db,\Exclusive\20180824 - Bianca Reis - Drilling His Asshole\,{DT16~Excl~ME0PMHXT~20180824 - Bianca Reis - Drilling His Asshole}
_mg_1316.jpg,561915,1f2f07f9,\Exclusive\20180824 - Bianca Reis - Drilling His Asshole\,{DT16~Excl~ME0PMHXT~20180824 - Bianca Reis - Drilling His Asshole}
_mg_1317.jpg,598110,daf0a830,\Exclusive\20180824 - Bianca Reis - Drilling His Asshole\,{DT16~Excl~ME0PMHXT~20180824 - Bianca Reis - Drilling His Asshole}
_mg_1318.jpg,558976,c589c64c,\Exclusive\20180824 - Bianca Reis - Drilling His Asshole\,{DT16~Excl~ME0PMHXT~20180824 - Bianca Reis - Drilling His Asshole}
_mg_1319.jpg,625886,e8bcf5f5,\Exclusive\20180824 - Bianca Reis - Drilling His Asshole\,{DT16~Excl~ME0PMHXT~20180824 - Bianca Reis - Drilling His Asshole}
_mg_1320.jpg,527543,cdb2b416,\Exclusive\20180824 - Bianca Reis - Drilling His Asshole\,{DT16~Excl~ME0PMHXT~20180824 - Bianca Reis - Drilling His Asshole}
_mg_1321.jpg,573251,1a6ed3ad,\Exclusive\20180824 - Bianca Reis - Drilling His Asshole\,{DT16~Excl~ME0PMHXT~20180824 - Bianca Reis - Drilling His Asshole}
_mg_1323.jpg,621978,78abbf06,\Exclusive\20180824 - Bianca Reis - Drilling His Asshole\,{DT16~Excl~ME0PMHXT~20180824 - Bianca Reis - Drilling His Asshole}
_mg_1324.jpg,705201,015c09d6,\Exclusive\20180824 - Bianca Reis - Drilling His Asshole\,{DT16~Excl~ME0PMHXT~20180824 - Bianca Reis - Drilling His Asshole}
_mg_1325.jpg,616089,657abd7a,\Exclusive\20180824 - Bianca Reis - Drilling His Asshole\,{DT16~Excl~ME0PMHXT~20180824 - Bianca Reis - Drilling His Asshole}
_mg_1326.jpg,586222,962ea79b,\Exclusive\20180824 - Bianca Reis - Drilling His Asshole\,{DT16~Excl~ME0PMHXT~20180824 - Bianca Reis - Drilling His Asshole}
_mg_1327.jpg,594063,eb2d92ae,\Exclusive\20180824 - Bianca Reis - Drilling His Asshole\,{DT16~Excl~ME0PMHXT~20180824 - Bianca Reis - Drilling His Asshole}
_mg_1328.jpg,645752,4d7d04d6,\Exclusive\20180824 - Bianca Reis - Drilling His Asshole\,{DT16~Excl~ME0PMHXT~20180824 - Bianca Reis - Drilling His Asshole}
_mg_1329.jpg,630068,45c5ae75,\Exclusive\20180824 - Bianca Reis - Drilling His Asshole\,{DT16~Excl~ME0PMHXT~20180824 - Bianca Reis - Drilling His Asshole}
_mg_0172.jpg,933635,2d52bc03,\Exclusive\20180828 - Adriana Rodrigues - I Have An Extra Large Dick\,{DT16~Excl~ME0PMMHW~20180828 - Adriana Rodrigues - I Have An Extra Large Dick}
_mg_0174.jpg,600203,4677047a,\Exclusive\20180828 - Adriana Rodrigues - I Have An Extra Large Dick\,{DT16~Excl~ME0PMMHW~20180828 - Adriana Rodrigues - I Have An Extra Large Dick}
_mg_0175.jpg,972895,40c390c8,\Exclusive\20180828 - Adriana Rodrigues - I Have An Extra Large Dick\,{DT16~Excl~ME0PMMHW~20180828 - Adriana Rodrigues - I Have An Extra Large Dick}
_mg_0177.jpg,697687,222aceb1,\Exclusive\20180828 - Adriana Rodrigues - I Have An Extra Large Dick\,{DT16~Excl~ME0PMMHW~20180828 - Adriana Rodrigues - I Have An Extra Large Dick}
_mg_0178.jpg,930541,b90015e7,\Exclusive\20180828 - Adriana Rodrigues - I Have An Extra Large Dick\,{DT16~Excl~ME0PMMHW~20180828 - Adriana Rodrigues - I Have An Extra Large Dick}
_mg_0180.jpg,936712,cc619810,\Exclusive\20180828 - Adriana Rodrigues - I Have An Extra Large Dick\,{DT16~Excl~ME0PMMHW~20180828 - Adriana Rodrigues - I Have An Extra Large Dick}
_mg_0182.jpg,628122,04c4cb60,\Exclusive\20180828 - Adriana Rodrigues - I Have An Extra Large Dick\,{DT16~Excl~ME0PMMHW~20180828 - Adriana Rodrigues - I Have An Extra Large Dick}
_mg_0183.jpg,917149,747eae40,\Exclusive\20180828 - Adriana Rodrigues - I Have An Extra Large Dick\,{DT16~Excl~ME0PMMHW~20180828 - Adriana Rodrigues - I Have An Extra Large Dick}
_mg_0184.jpg,872022,f1449c2a,\Exclusive\20180828 - Adriana Rodrigues - I Have An Extra Large Dick\,{DT16~Excl~ME0PMMHW~20180828 - Adriana Rodrigues - I Have An Extra Large Dick}
_mg_0185.jpg,850793,f382aa0e,\Exclusive\20180828 - Adriana Rodrigues - I Have An Extra Large Dick\,{DT16~Excl~ME0PMMHW~20180828 - Adriana Rodrigues - I Have An Extra Large Dick}
_mg_0186.jpg,660520,8330cea0,\Exclusive\20180828 - Adriana Rodrigues - I Have An Extra Large Dick\,{DT16~Excl~ME0PMMHW~20180828 - Adriana Rodrigues - I Have An Extra Large Dick}
_mg_0187.jpg,561472,36d14951,\Exclusive\20180828 - Adriana Rodrigues - I Have An Extra Large Dick\,{DT16~Excl~ME0PMMHW~20180828 - Adriana Rodrigues - I Have An Extra Large Dick}
_mg_0189.jpg,922910,06c88add,\Exclusive\20180828 - Adriana Rodrigues - I Have An Extra Large Dick\,{DT16~Excl~ME0PMMHW~20180828 - Adriana Rodrigues - I Have An Extra Large Dick}
_mg_0191.jpg,561353,bcc2e2fb,\Exclusive\20180828 - Adriana Rodrigues - I Have An Extra Large Dick\,{DT16~Excl~ME0PMMHW~20180828 - Adriana Rodrigues - I Have An Extra Large Dick}
_mg_0192.jpg,740180,c8bab583,\Exclusive\20180828 - Adriana Rodrigues - I Have An Extra Large Dick\,{DT16~Excl~ME0PMMHW~20180828 - Adriana Rodrigues - I Have An Extra Large Dick}
_mg_0193.jpg,927375,ad1ff66d,\Exclusive\20180828 - Adriana Rodrigues - I Have An Extra Large Dick\,{DT16~Excl~ME0PMMHW~20180828 - Adriana Rodrigues - I Have An Extra Large Dick}
_mg_0194.jpg,976627,cb700e0c,\Exclusive\20180828 - Adriana Rodrigues - I Have An Extra Large Dick\,{DT16~Excl~ME0PMMHW~20180828 - Adriana Rodrigues - I Have An Extra Large Dick}
_mg_0196.jpg,842593,4d03c7c8,\Exclusive\20180828 - Adriana Rodrigues - I Have An Extra Large Dick\,{DT16~Excl~ME0PMMHW~20180828 - Adriana Rodrigues - I Have An Extra Large Dick}
_mg_0198.jpg,809708,6ef83a6f,\Exclusive\20180828 - Adriana Rodrigues - I Have An Extra Large Dick\,{DT16~Excl~ME0PMMHW~20180828 - Adriana Rodrigues - I Have An Extra Large Dick}
_mg_0199.jpg,822045,e2e135f9,\Exclusive\20180828 - Adriana Rodrigues - I Have An Extra Large Dick\,{DT16~Excl~ME0PMMHW~20180828 - Adriana Rodrigues - I Have An Extra Large Dick}
_mg_0200.jpg,726360,c060cbe5,\Exclusive\20180828 - Adriana Rodrigues - I Have An Extra Large Dick\,{DT16~Excl~ME0PMMHW~20180828 - Adriana Rodrigues - I Have An Extra Large Dick}
_mg_0201.jpg,674550,4a3f6acd,\Exclusive\20180828 - Adriana Rodrigues - I Have An Extra Large Dick\,{DT16~Excl~ME0PMMHW~20180828 - Adriana Rodrigues - I Have An Extra Large Dick}
_mg_0202.jpg,658998,5286b2ad,\Exclusive\20180828 - Adriana Rodrigues - I Have An Extra Large Dick\,{DT16~Excl~ME0PMMHW~20180828 - Adriana Rodrigues - I Have An Extra Large Dick}
_mg_0203.jpg,982135,798b583e,\Exclusive\20180828 - Adriana Rodrigues - I Have An Extra Large Dick\,{DT16~Excl~ME0PMMHW~20180828 - Adriana Rodrigues - I Have An Extra Large Dick}
_mg_0204.jpg,810186,94010388,\Exclusive\20180828 - Adriana Rodrigues - I Have An Extra Large Dick\,{DT16~Excl~ME0PMMHW~20180828 - Adriana Rodrigues - I Have An Extra Large Dick}
_mg_0206.jpg,591669,6ca22faf,\Exclusive\20180828 - Adriana Rodrigues - I Have An Extra Large Dick\,{DT16~Excl~ME0PMMHW~20180828 - Adriana Rodrigues - I Have An Extra Large Dick}
_mg_0207.jpg,844939,4535d258,\Exclusive\20180828 - Adriana Rodrigues - I Have An Extra Large Dick\,{DT16~Excl~ME0PMMHW~20180828 - Adriana Rodrigues - I Have An Extra Large Dick}
_mg_0208.jpg,832629,9d2ae89c,\Exclusive\20180828 - Adriana Rodrigues - I Have An Extra Large Dick\,{DT16~Excl~ME0PMMHW~20180828 - Adriana Rodrigues - I Have An Extra Large Dick}
_mg_0210.jpg,647438,a593433d,\Exclusive\20180828 - Adriana Rodrigues - I Have An Extra Large Dick\,{DT16~Excl~ME0PMMHW~20180828 - Adriana Rodrigues - I Have An Extra Large Dick}
_mg_0211.jpg,938098,281d4048,\Exclusive\20180828 - Adriana Rodrigues - I Have An Extra Large Dick\,{DT16~Excl~ME0PMMHW~20180828 - Adriana Rodrigues - I Have An Extra Large Dick}
_mg_0212.jpg,760785,0ecb5510,\Exclusive\20180828 - Adriana Rodrigues - I Have An Extra Large Dick\,{DT16~Excl~ME0PMMHW~20180828 - Adriana Rodrigues - I Have An Extra Large Dick}
_mg_0213.jpg,832437,b787340a,\Exclusive\20180828 - Adriana Rodrigues - I Have An Extra Large Dick\,{DT16~Excl~ME0PMMHW~20180828 - Adriana Rodrigues - I Have An Extra Large Dick}
_mg_0215.jpg,730541,10cb6755,\Exclusive\20180828 - Adriana Rodrigues - I Have An Extra Large Dick\,{DT16~Excl~ME0PMMHW~20180828 - Adriana Rodrigues - I Have An Extra Large Dick}
_mg_0216.jpg,667247,c2eb5896,\Exclusive\20180828 - Adriana Rodrigues - I Have An Extra Large Dick\,{DT16~Excl~ME0PMMHW~20180828 - Adriana Rodrigues - I Have An Extra Large Dick}
_mg_0217.jpg,921065,32a69801,\Exclusive\20180828 - Adriana Rodrigues - I Have An Extra Large Dick\,{DT16~Excl~ME0PMMHW~20180828 - Adriana Rodrigues - I Have An Extra Large Dick}
_mg_0218.jpg,863964,bae90b5a,\Exclusive\20180828 - Adriana Rodrigues - I Have An Extra Large Dick\,{DT16~Excl~ME0PMMHW~20180828 - Adriana Rodrigues - I Have An Extra Large Dick}
_mg_0220.jpg,597496,710a3e3f,\Exclusive\20180828 - Adriana Rodrigues - I Have An Extra Large Dick\,{DT16~Excl~ME0PMMHW~20180828 - Adriana Rodrigues - I Have An Extra Large Dick}
_mg_0221.jpg,671875,75ba23db,\Exclusive\20180828 - Adriana Rodrigues - I Have An Extra Large Dick\,{DT16~Excl~ME0PMMHW~20180828 - Adriana Rodrigues - I Have An Extra Large Dick}
_mg_0222.jpg,933135,80d06cd8,\Exclusive\20180828 - Adriana Rodrigues - I Have An Extra Large Dick\,{DT16~Excl~ME0PMMHW~20180828 - Adriana Rodrigues - I Have An Extra Large Dick}
_mg_0224.jpg,923972,1095d7d2,\Exclusive\20180828 - Adriana Rodrigues - I Have An Extra Large Dick\,{DT16~Excl~ME0PMMHW~20180828 - Adriana Rodrigues - I Have An Extra Large Dick}
_mg_0227.jpg,663458,59adb04c,\Exclusive\20180828 - Adriana Rodrigues - I Have An Extra Large Dick\,{DT16~Excl~ME0PMMHW~20180828 - Adriana Rodrigues - I Have An Extra Large Dick}
_mg_0228.jpg,883489,12232dad,\Exclusive\20180828 - Adriana Rodrigues - I Have An Extra Large Dick\,{DT16~Excl~ME0PMMHW~20180828 - Adriana Rodrigues - I Have An Extra Large Dick}
_mg_0229.jpg,879529,0ebdafd1,\Exclusive\20180828 - Adriana Rodrigues - I Have An Extra Large Dick\,{DT16~Excl~ME0PMMHW~20180828 - Adriana Rodrigues - I Have An Extra Large Dick}
_mg_0230.jpg,571776,4eaa1506,\Exclusive\20180828 - Adriana Rodrigues - I Have An Extra Large Dick\,{DT16~Excl~ME0PMMHW~20180828 - Adriana Rodrigues - I Have An Extra Large Dick}
_mg_0231.jpg,581581,aa5aa83e,\Exclusive\20180828 - Adriana Rodrigues - I Have An Extra Large Dick\,{DT16~Excl~ME0PMMHW~20180828 - Adriana Rodrigues - I Have An Extra Large Dick}
_mg_0232.jpg,983519,d9807c8e,\Exclusive\20180828 - Adriana Rodrigues - I Have An Extra Large Dick\,{DT16~Excl~ME0PMMHW~20180828 - Adriana Rodrigues - I Have An Extra Large Dick}
_mg_0234.jpg,898014,b8443560,\Exclusive\20180828 - Adriana Rodrigues - I Have An Extra Large Dick\,{DT16~Excl~ME0PMMHW~20180828 - Adriana Rodrigues - I Have An Extra Large Dick}
_mg_0235.jpg,858817,dde6bf61,\Exclusive\20180828 - Adriana Rodrigues - I Have An Extra Large Dick\,{DT16~Excl~ME0PMMHW~20180828 - Adriana Rodrigues - I Have An Extra Large Dick}
_mg_0236.jpg,795118,dfa08f4f,\Exclusive\20180828 - Adriana Rodrigues - I Have An Extra Large Dick\,{DT16~Excl~ME0PMMHW~20180828 - Adriana Rodrigues - I Have An Extra Large Dick}
_mg_0238.jpg,829606,9531ff7b,\Exclusive\20180828 - Adriana Rodrigues - I Have An Extra Large Dick\,{DT16~Excl~ME0PMMHW~20180828 - Adriana Rodrigues - I Have An Extra Large Dick}
_mg_0239.jpg,954957,270756a1,\Exclusive\20180828 - Adriana Rodrigues - I Have An Extra Large Dick\,{DT16~Excl~ME0PMMHW~20180828 - Adriana Rodrigues - I Have An Extra Large Dick}
_mg_0241.jpg,894264,c54a6bdc,\Exclusive\20180828 - Adriana Rodrigues - I Have An Extra Large Dick\,{DT16~Excl~ME0PMMHW~20180828 - Adriana Rodrigues - I Have An Extra Large Dick}
_mg_0242.jpg,869614,caac0a37,\Exclusive\20180828 - Adriana Rodrigues - I Have An Extra Large Dick\,{DT16~Excl~ME0PMMHW~20180828 - Adriana Rodrigues - I Have An Extra Large Dick}
_mg_0243.jpg,868938,2e264e7f,\Exclusive\20180828 - Adriana Rodrigues - I Have An Extra Large Dick\,{DT16~Excl~ME0PMMHW~20180828 - Adriana Rodrigues - I Have An Extra Large Dick}
_mg_0244.jpg,807997,8a735ff6,\Exclusive\20180828 - Adriana Rodrigues - I Have An Extra Large Dick\,{DT16~Excl~ME0PMMHW~20180828 - Adriana Rodrigues - I Have An Extra Large Dick}
_mg_0245.jpg,847530,5701f68e,\Exclusive\20180828 - Adriana Rodrigues - I Have An Extra Large Dick\,{DT16~Excl~ME0PMMHW~20180828 - Adriana Rodrigues - I Have An Extra Large Dick}
_mg_0246.jpg,892906,6924bb80,\Exclusive\20180828 - Adriana Rodrigues - I Have An Extra Large Dick\,{DT16~Excl~ME0PMMHW~20180828 - Adriana Rodrigues - I Have An Extra Large Dick}
_mg_0247.jpg,872702,5037f1b4,\Exclusive\20180828 - Adriana Rodrigues - I Have An Extra Large Dick\,{DT16~Excl~ME0PMMHW~20180828 - Adriana Rodrigues - I Have An Extra Large Dick}
_mg_0251.jpg,986801,0a4bd892,\Exclusive\20180828 - Adriana Rodrigues - I Have An Extra Large Dick\,{DT16~Excl~ME0PMMHW~20180828 - Adriana Rodrigues - I Have An Extra Large Dick}
_mg_0252.jpg,535899,3b6b688a,\Exclusive\20180828 - Adriana Rodrigues - I Have An Extra Large Dick\,{DT16~Excl~ME0PMMHW~20180828 - Adriana Rodrigues - I Have An Extra Large Dick}
_mg_0253.jpg,658985,9ebd47bd,\Exclusive\20180828 - Adriana Rodrigues - I Have An Extra Large Dick\,{DT16~Excl~ME0PMMHW~20180828 - Adriana Rodrigues - I Have An Extra Large Dick}
_mg_0254.jpg,776785,e07f5d82,\Exclusive\20180828 - Adriana Rodrigues - I Have An Extra Large Dick\,{DT16~Excl~ME0PMMHW~20180828 - Adriana Rodrigues - I Have An Extra Large Dick}
_mg_0255.jpg,846609,1a2c1555,\Exclusive\20180828 - Adriana Rodrigues - I Have An Extra Large Dick\,{DT16~Excl~ME0PMMHW~20180828 - Adriana Rodrigues - I Have An Extra Large Dick}
_mg_0257.jpg,571242,8af17c72,\Exclusive\20180828 - Adriana Rodrigues - I Have An Extra Large Dick\,{DT16~Excl~ME0PMMHW~20180828 - Adriana Rodrigues - I Have An Extra Large Dick}
_mg_0258.jpg,906946,98fb58ad,\Exclusive\20180828 - Adriana Rodrigues - I Have An Extra Large Dick\,{DT16~Excl~ME0PMMHW~20180828 - Adriana Rodrigues - I Have An Extra Large Dick}
_mg_0261.jpg,582124,c7e648b6,\Exclusive\20180828 - Adriana Rodrigues - I Have An Extra Large Dick\,{DT16~Excl~ME0PMMHW~20180828 - Adriana Rodrigues - I Have An Extra Large Dick}
_mg_0262.jpg,850973,6164dc69,\Exclusive\20180828 - Adriana Rodrigues - I Have An Extra Large Dick\,{DT16~Excl~ME0PMMHW~20180828 - Adriana Rodrigues - I Have An Extra Large Dick}
_mg_0263.jpg,741607,425b6fe2,\Exclusive\20180828 - Adriana Rodrigues - I Have An Extra Large Dick\,{DT16~Excl~ME0PMMHW~20180828 - Adriana Rodrigues - I Have An Extra Large Dick}
_mg_0264.jpg,764734,1d3bc2e1,\Exclusive\20180828 - Adriana Rodrigues - I Have An Extra Large Dick\,{DT16~Excl~ME0PMMHW~20180828 - Adriana Rodrigues - I Have An Extra Large Dick}
_mg_0265.jpg,739950,c78d103c,\Exclusive\20180828 - Adriana Rodrigues - I Have An Extra Large Dick\,{DT16~Excl~ME0PMMHW~20180828 - Adriana Rodrigues - I Have An Extra Large Dick}
_mg_0266.jpg,879799,c95493f3,\Exclusive\20180828 - Adriana Rodrigues - I Have An Extra Large Dick\,{DT16~Excl~ME0PMMHW~20180828 - Adriana Rodrigues - I Have An Extra Large Dick}
_mg_0267.jpg,666892,fe55d503,\Exclusive\20180828 - Adriana Rodrigues - I Have An Extra Large Dick\,{DT16~Excl~ME0PMMHW~20180828 - Adriana Rodrigues - I Have An Extra Large Dick}
_mg_0268.jpg,698762,84e48e91,\Exclusive\20180828 - Adriana Rodrigues - I Have An Extra Large Dick\,{DT16~Excl~ME0PMMHW~20180828 - Adriana Rodrigues - I Have An Extra Large Dick}
_mg_0269.jpg,823509,71703b25,\Exclusive\20180828 - Adriana Rodrigues - I Have An Extra Large Dick\,{DT16~Excl~ME0PMMHW~20180828 - Adriana Rodrigues - I Have An Extra Large Dick}
_mg_0271.jpg,655559,9acfe178,\Exclusive\20180828 - Adriana Rodrigues - I Have An Extra Large Dick\,{DT16~Excl~ME0PMMHW~20180828 - Adriana Rodrigues - I Have An Extra Large Dick}
_mg_0272.jpg,677854,45ef50f5,\Exclusive\20180828 - Adriana Rodrigues - I Have An Extra Large Dick\,{DT16~Excl~ME0PMMHW~20180828 - Adriana Rodrigues - I Have An Extra Large Dick}
_mg_0273.jpg,668400,9776e6d6,\Exclusive\20180828 - Adriana Rodrigues - I Have An Extra Large Dick\,{DT16~Excl~ME0PMMHW~20180828 - Adriana Rodrigues - I Have An Extra Large Dick}
_mg_0274.jpg,920187,33e846c2,\Exclusive\20180828 - Adriana Rodrigues - I Have An Extra Large Dick\,{DT16~Excl~ME0PMMHW~20180828 - Adriana Rodrigues - I Have An Extra Large Dick}
_mg_0275.jpg,869787,4e76e5bd,\Exclusive\20180828 - Adriana Rodrigues - I Have An Extra Large Dick\,{DT16~Excl~ME0PMMHW~20180828 - Adriana Rodrigues - I Have An Extra Large Dick}
_mg_0276.jpg,659905,1848f2b1,\Exclusive\20180828 - Adriana Rodrigues - I Have An Extra Large Dick\,{DT16~Excl~ME0PMMHW~20180828 - Adriana Rodrigues - I Have An Extra Large Dick}
_mg_0277.jpg,886499,05b1a8ff,\Exclusive\20180828 - Adriana Rodrigues - I Have An Extra Large Dick\,{DT16~Excl~ME0PMMHW~20180828 - Adriana Rodrigues - I Have An Extra Large Dick}
_mg_0278.jpg,835810,618a55a2,\Exclusive\20180828 - Adriana Rodrigues - I Have An Extra Large Dick\,{DT16~Excl~ME0PMMHW~20180828 - Adriana Rodrigues - I Have An Extra Large Dick}
_mg_0280.jpg,810204,f3b6a4dd,\Exclusive\20180828 - Adriana Rodrigues - I Have An Extra Large Dick\,{DT16~Excl~ME0PMMHW~20180828 - Adriana Rodrigues - I Have An Extra Large Dick}
_mg_0282.jpg,660591,9f12a949,\Exclusive\20180828 - Adriana Rodrigues - I Have An Extra Large Dick\,{DT16~Excl~ME0PMMHW~20180828 - Adriana Rodrigues - I Have An Extra Large Dick}
_mg_0283.jpg,731394,3e0fed4c,\Exclusive\20180828 - Adriana Rodrigues - I Have An Extra Large Dick\,{DT16~Excl~ME0PMMHW~20180828 - Adriana Rodrigues - I Have An Extra Large Dick}
_mg_0284.jpg,700476,712d3e6d,\Exclusive\20180828 - Adriana Rodrigues - I Have An Extra Large Dick\,{DT16~Excl~ME0PMMHW~20180828 - Adriana Rodrigues - I Have An Extra Large Dick}
_mg_0285.jpg,741031,39d942bf,\Exclusive\20180828 - Adriana Rodrigues - I Have An Extra Large Dick\,{DT16~Excl~ME0PMMHW~20180828 - Adriana Rodrigues - I Have An Extra Large Dick}
_mg_0287.jpg,980858,1fa7eac2,\Exclusive\20180828 - Adriana Rodrigues - I Have An Extra Large Dick\,{DT16~Excl~ME0PMMHW~20180828 - Adriana Rodrigues - I Have An Extra Large Dick}
_mg_0288.jpg,866727,10106530,\Exclusive\20180828 - Adriana Rodrigues - I Have An Extra Large Dick\,{DT16~Excl~ME0PMMHW~20180828 - Adriana Rodrigues - I Have An Extra Large Dick}
_mg_0289.jpg,809800,21eacb7f,\Exclusive\20180828 - Adriana Rodrigues - I Have An Extra Large Dick\,{DT16~Excl~ME0PMMHW~20180828 - Adriana Rodrigues - I Have An Extra Large Dick}
_mg_0290.jpg,758983,e70dc8f6,\Exclusive\20180828 - Adriana Rodrigues - I Have An Extra Large Dick\,{DT16~Excl~ME0PMMHW~20180828 - Adriana Rodrigues - I Have An Extra Large Dick}
_mg_0291.jpg,766012,328c49ad,\Exclusive\20180828 - Adriana Rodrigues - I Have An Extra Large Dick\,{DT16~Excl~ME0PMMHW~20180828 - Adriana Rodrigues - I Have An Extra Large Dick}
_mg_0292.jpg,739960,35a17cd0,\Exclusive\20180828 - Adriana Rodrigues - I Have An Extra Large Dick\,{DT16~Excl~ME0PMMHW~20180828 - Adriana Rodrigues - I Have An Extra Large Dick}
_mg_0293.jpg,674542,0d698f6b,\Exclusive\20180828 - Adriana Rodrigues - I Have An Extra Large Dick\,{DT16~Excl~ME0PMMHW~20180828 - Adriana Rodrigues - I Have An Extra Large Dick}
_mg_0294.jpg,850089,838f635f,\Exclusive\20180828 - Adriana Rodrigues - I Have An Extra Large Dick\,{DT16~Excl~ME0PMMHW~20180828 - Adriana Rodrigues - I Have An Extra Large Dick}
_mg_0295.jpg,902787,d5f81c46,\Exclusive\20180828 - Adriana Rodrigues - I Have An Extra Large Dick\,{DT16~Excl~ME0PMMHW~20180828 - Adriana Rodrigues - I Have An Extra Large Dick}
_mg_0297.jpg,674900,b8947679,\Exclusive\20180828 - Adriana Rodrigues - I Have An Extra Large Dick\,{DT16~Excl~ME0PMMHW~20180828 - Adriana Rodrigues - I Have An Extra Large Dick}
_mg_0298.jpg,697533,c5657537,\Exclusive\20180828 - Adriana Rodrigues - I Have An Extra Large Dick\,{DT16~Excl~ME0PMMHW~20180828 - Adriana Rodrigues - I Have An Extra Large Dick}
_mg_0299.jpg,873404,3d1b6e15,\Exclusive\20180828 - Adriana Rodrigues - I Have An Extra Large Dick\,{DT16~Excl~ME0PMMHW~20180828 - Adriana Rodrigues - I Have An Extra Large Dick}
_mg_0300.jpg,849385,c05239fa,\Exclusive\20180828 - Adriana Rodrigues - I Have An Extra Large Dick\,{DT16~Excl~ME0PMMHW~20180828 - Adriana Rodrigues - I Have An Extra Large Dick}
_mg_0301.jpg,682904,5ad85294,\Exclusive\20180828 - Adriana Rodrigues - I Have An Extra Large Dick\,{DT16~Excl~ME0PMMHW~20180828 - Adriana Rodrigues - I Have An Extra Large Dick}
_mg_0303.jpg,650779,9d889ed3,\Exclusive\20180828 - Adriana Rodrigues - I Have An Extra Large Dick\,{DT16~Excl~ME0PMMHW~20180828 - Adriana Rodrigues - I Have An Extra Large Dick}
_mg_0304.jpg,489427,5bbd8735,\Exclusive\20180828 - Adriana Rodrigues - I Have An Extra Large Dick\,{DT16~Excl~ME0PMMHW~20180828 - Adriana Rodrigues - I Have An Extra Large Dick}
_mg_0306.jpg,841647,39866f19,\Exclusive\20180828 - Adriana Rodrigues - I Have An Extra Large Dick\,{DT16~Excl~ME0PMMHW~20180828 - Adriana Rodrigues - I Have An Extra Large Dick}
_mg_0307.jpg,659721,d4a72911,\Exclusive\20180828 - Adriana Rodrigues - I Have An Extra Large Dick\,{DT16~Excl~ME0PMMHW~20180828 - Adriana Rodrigues - I Have An Extra Large Dick}
_mg_0308.jpg,670362,4b339732,\Exclusive\20180828 - Adriana Rodrigues - I Have An Extra Large Dick\,{DT16~Excl~ME0PMMHW~20180828 - Adriana Rodrigues - I Have An Extra Large Dick}
_mg_0313.jpg,655762,dfc6b2b3,\Exclusive\20180828 - Adriana Rodrigues - I Have An Extra Large Dick\,{DT16~Excl~ME0PMMHW~20180828 - Adriana Rodrigues - I Have An Extra Large Dick}
_mg_0315.jpg,991823,e0564e38,\Exclusive\20180828 - Adriana Rodrigues - I Have An Extra Large Dick\,{DT16~Excl~ME0PMMHW~20180828 - Adriana Rodrigues - I Have An Extra Large Dick}
_mg_0319.jpg,836620,4e97622b,\Exclusive\20180828 - Adriana Rodrigues - I Have An Extra Large Dick\,{DT16~Excl~ME0PMMHW~20180828 - Adriana Rodrigues - I Have An Extra Large Dick}
_mg_0320.jpg,708112,9c46f6b4,\Exclusive\20180828 - Adriana Rodrigues - I Have An Extra Large Dick\,{DT16~Excl~ME0PMMHW~20180828 - Adriana Rodrigues - I Have An Extra Large Dick}
_mg_0321.jpg,703396,283a6c53,\Exclusive\20180828 - Adriana Rodrigues - I Have An Extra Large Dick\,{DT16~Excl~ME0PMMHW~20180828 - Adriana Rodrigues - I Have An Extra Large Dick}
_mg_0322.jpg,685409,5e8e0f45,\Exclusive\20180828 - Adriana Rodrigues - I Have An Extra Large Dick\,{DT16~Excl~ME0PMMHW~20180828 - Adriana Rodrigues - I Have An Extra Large Dick}
_mg_0323.jpg,471772,795be761,\Exclusive\20180828 - Adriana Rodrigues - I Have An Extra Large Dick\,{DT16~Excl~ME0PMMHW~20180828 - Adriana Rodrigues - I Have An Extra Large Dick}
_mg_0324.jpg,459724,2e80983d,\Exclusive\20180828 - Adriana Rodrigues - I Have An Extra Large Dick\,{DT16~Excl~ME0PMMHW~20180828 - Adriana Rodrigues - I Have An Extra Large Dick}
_mg_0325.jpg,457870,82490204,\Exclusive\20180828 - Adriana Rodrigues - I Have An Extra Large Dick\,{DT16~Excl~ME0PMMHW~20180828 - Adriana Rodrigues - I Have An Extra Large Dick}
_mg_0326.jpg,460660,9d4fe3e0,\Exclusive\20180828 - Adriana Rodrigues - I Have An Extra Large Dick\,{DT16~Excl~ME0PMMHW~20180828 - Adriana Rodrigues - I Have An Extra Large Dick}
_mg_0327.jpg,536772,acb1eef6,\Exclusive\20180828 - Adriana Rodrigues - I Have An Extra Large Dick\,{DT16~Excl~ME0PMMHW~20180828 - Adriana Rodrigues - I Have An Extra Large Dick}
_mg_0328.jpg,509700,63d6f991,\Exclusive\20180828 - Adriana Rodrigues - I Have An Extra Large Dick\,{DT16~Excl~ME0PMMHW~20180828 - Adriana Rodrigues - I Have An Extra Large Dick}
_mg_0329.jpg,447890,c594383e,\Exclusive\20180828 - Adriana Rodrigues - I Have An Extra Large Dick\,{DT16~Excl~ME0PMMHW~20180828 - Adriana Rodrigues - I Have An Extra Large Dick}
_mg_0330.jpg,492965,3536fb90,\Exclusive\20180828 - Adriana Rodrigues - I Have An Extra Large Dick\,{DT16~Excl~ME0PMMHW~20180828 - Adriana Rodrigues - I Have An Extra Large Dick}
_mg_0331.jpg,540009,8a241ef6,\Exclusive\20180828 - Adriana Rodrigues - I Have An Extra Large Dick\,{DT16~Excl~ME0PMMHW~20180828 - Adriana Rodrigues - I Have An Extra Large Dick}
_mg_0333.jpg,465995,1727d6f5,\Exclusive\20180828 - Adriana Rodrigues - I Have An Extra Large Dick\,{DT16~Excl~ME0PMMHW~20180828 - Adriana Rodrigues - I Have An Extra Large Dick}
_mg_0334.jpg,582430,a8da8f0b,\Exclusive\20180828 - Adriana Rodrigues - I Have An Extra Large Dick\,{DT16~Excl~ME0PMMHW~20180828 - Adriana Rodrigues - I Have An Extra Large Dick}
_mg_0335.jpg,587611,6e9f6d55,\Exclusive\20180828 - Adriana Rodrigues - I Have An Extra Large Dick\,{DT16~Excl~ME0PMMHW~20180828 - Adriana Rodrigues - I Have An Extra Large Dick}
_mg_0336.jpg,556867,12789963,\Exclusive\20180828 - Adriana Rodrigues - I Have An Extra Large Dick\,{DT16~Excl~ME0PMMHW~20180828 - Adriana Rodrigues - I Have An Extra Large Dick}
_mg_0337.jpg,512301,80392c02,\Exclusive\20180828 - Adriana Rodrigues - I Have An Extra Large Dick\,{DT16~Excl~ME0PMMHW~20180828 - Adriana Rodrigues - I Have An Extra Large Dick}
_mg_0338.jpg,672363,74aef7dd,\Exclusive\20180828 - Adriana Rodrigues - I Have An Extra Large Dick\,{DT16~Excl~ME0PMMHW~20180828 - Adriana Rodrigues - I Have An Extra Large Dick}
_mg_0341.jpg,608015,31034943,\Exclusive\20180828 - Adriana Rodrigues - I Have An Extra Large Dick\,{DT16~Excl~ME0PMMHW~20180828 - Adriana Rodrigues - I Have An Extra Large Dick}
_mg_0342.jpg,592741,057dee41,\Exclusive\20180828 - Adriana Rodrigues - I Have An Extra Large Dick\,{DT16~Excl~ME0PMMHW~20180828 - Adriana Rodrigues - I Have An Extra Large Dick}
_mg_0346.jpg,603310,e523b76e,\Exclusive\20180828 - Adriana Rodrigues - I Have An Extra Large Dick\,{DT16~Excl~ME0PMMHW~20180828 - Adriana Rodrigues - I Have An Extra Large Dick}
_mg_0347.jpg,600196,b710acb0,\Exclusive\20180828 - Adriana Rodrigues - I Have An Extra Large Dick\,{DT16~Excl~ME0PMMHW~20180828 - Adriana Rodrigues - I Have An Extra Large Dick}
_mg_0348.jpg,597007,33d83c31,\Exclusive\20180828 - Adriana Rodrigues - I Have An Extra Large Dick\,{DT16~Excl~ME0PMMHW~20180828 - Adriana Rodrigues - I Have An Extra Large Dick}
_mg_0349.jpg,564652,2b890457,\Exclusive\20180828 - Adriana Rodrigues - I Have An Extra Large Dick\,{DT16~Excl~ME0PMMHW~20180828 - Adriana Rodrigues - I Have An Extra Large Dick}
_mg_0350.jpg,572749,28f7398e,\Exclusive\20180828 - Adriana Rodrigues - I Have An Extra Large Dick\,{DT16~Excl~ME0PMMHW~20180828 - Adriana Rodrigues - I Have An Extra Large Dick}
_mg_0352.jpg,608682,191f367b,\Exclusive\20180828 - Adriana Rodrigues - I Have An Extra Large Dick\,{DT16~Excl~ME0PMMHW~20180828 - Adriana Rodrigues - I Have An Extra Large Dick}
_mg_0353.jpg,597456,59d79e40,\Exclusive\20180828 - Adriana Rodrigues - I Have An Extra Large Dick\,{DT16~Excl~ME0PMMHW~20180828 - Adriana Rodrigues - I Have An Extra Large Dick}
_mg_0354.jpg,597449,d8fce74f,\Exclusive\20180828 - Adriana Rodrigues - I Have An Extra Large Dick\,{DT16~Excl~ME0PMMHW~20180828 - Adriana Rodrigues - I Have An Extra Large Dick}
_mg_0357.jpg,458504,b6738d72,\Exclusive\20180828 - Adriana Rodrigues - I Have An Extra Large Dick\,{DT16~Excl~ME0PMMHW~20180828 - Adriana Rodrigues - I Have An Extra Large Dick}
_mg_0359.jpg,537415,5d45e110,\Exclusive\20180828 - Adriana Rodrigues - I Have An Extra Large Dick\,{DT16~Excl~ME0PMMHW~20180828 - Adriana Rodrigues - I Have An Extra Large Dick}
_mg_0360.jpg,598903,a7b0ff44,\Exclusive\20180828 - Adriana Rodrigues - I Have An Extra Large Dick\,{DT16~Excl~ME0PMMHW~20180828 - Adriana Rodrigues - I Have An Extra Large Dick}
_mg_0361.jpg,530223,e61d154c,\Exclusive\20180828 - Adriana Rodrigues - I Have An Extra Large Dick\,{DT16~Excl~ME0PMMHW~20180828 - Adriana Rodrigues - I Have An Extra Large Dick}
_mg_1375.jpg,821828,b1c94d14,\Exclusive\20180831 - Mayna Santini - Young Tranny Fucked\,{DT16~Excl~ME0PMP6T~20180831 - Mayna Santini - Young Tranny Fucked}
_mg_1376.jpg,726188,a598e491,\Exclusive\20180831 - Mayna Santini - Young Tranny Fucked\,{DT16~Excl~ME0PMP6T~20180831 - Mayna Santini - Young Tranny Fucked}
_mg_1378.jpg,745670,c5196e31,\Exclusive\20180831 - Mayna Santini - Young Tranny Fucked\,{DT16~Excl~ME0PMP6T~20180831 - Mayna Santini - Young Tranny Fucked}
_mg_1379.jpg,779384,f621528d,\Exclusive\20180831 - Mayna Santini - Young Tranny Fucked\,{DT16~Excl~ME0PMP6T~20180831 - Mayna Santini - Young Tranny Fucked}
_mg_1381.jpg,763233,6b03f724,\Exclusive\20180831 - Mayna Santini - Young Tranny Fucked\,{DT16~Excl~ME0PMP6T~20180831 - Mayna Santini - Young Tranny Fucked}
_mg_1394.jpg,467911,55b08564,\Exclusive\20180831 - Mayna Santini - Young Tranny Fucked\,{DT16~Excl~ME0PMP6T~20180831 - Mayna Santini - Young Tranny Fucked}
_mg_1395.jpg,493316,490f0f30,\Exclusive\20180831 - Mayna Santini - Young Tranny Fucked\,{DT16~Excl~ME0PMP6T~20180831 - Mayna Santini - Young Tranny Fucked}
_mg_1396.jpg,500193,0e1bb60c,\Exclusive\20180831 - Mayna Santini - Young Tranny Fucked\,{DT16~Excl~ME0PMP6T~20180831 - Mayna Santini - Young Tranny Fucked}
_mg_1399.jpg,486928,849ee9b3,\Exclusive\20180831 - Mayna Santini - Young Tranny Fucked\,{DT16~Excl~ME0PMP6T~20180831 - Mayna Santini - Young Tranny Fucked}
_mg_1401.jpg,486797,8bd49a4f,\Exclusive\20180831 - Mayna Santini - Young Tranny Fucked\,{DT16~Excl~ME0PMP6T~20180831 - Mayna Santini - Young Tranny Fucked}
_mg_1402.jpg,479651,6456ad2c,\Exclusive\20180831 - Mayna Santini - Young Tranny Fucked\,{DT16~Excl~ME0PMP6T~20180831 - Mayna Santini - Young Tranny Fucked}
_mg_1403.jpg,444781,3efb3d99,\Exclusive\20180831 - Mayna Santini - Young Tranny Fucked\,{DT16~Excl~ME0PMP6T~20180831 - Mayna Santini - Young Tranny Fucked}
_mg_1404.jpg,477361,5216130d,\Exclusive\20180831 - Mayna Santini - Young Tranny Fucked\,{DT16~Excl~ME0PMP6T~20180831 - Mayna Santini - Young Tranny Fucked}
_mg_1405.jpg,471977,d29f1864,\Exclusive\20180831 - Mayna Santini - Young Tranny Fucked\,{DT16~Excl~ME0PMP6T~20180831 - Mayna Santini - Young Tranny Fucked}
_mg_1410.jpg,487663,7f91629d,\Exclusive\20180831 - Mayna Santini - Young Tranny Fucked\,{DT16~Excl~ME0PMP6T~20180831 - Mayna Santini - Young Tranny Fucked}
_mg_1412.jpg,459461,f145e21e,\Exclusive\20180831 - Mayna Santini - Young Tranny Fucked\,{DT16~Excl~ME0PMP6T~20180831 - Mayna Santini - Young Tranny Fucked}
_mg_1414.jpg,492375,faf3fdcf,\Exclusive\20180831 - Mayna Santini - Young Tranny Fucked\,{DT16~Excl~ME0PMP6T~20180831 - Mayna Santini - Young Tranny Fucked}
_mg_1415.jpg,467209,f2f72032,\Exclusive\20180831 - Mayna Santini - Young Tranny Fucked\,{DT16~Excl~ME0PMP6T~20180831 - Mayna Santini - Young Tranny Fucked}
_mg_1416.jpg,475811,0d5e0cd5,\Exclusive\20180831 - Mayna Santini - Young Tranny Fucked\,{DT16~Excl~ME0PMP6T~20180831 - Mayna Santini - Young Tranny Fucked}
_mg_1417.jpg,485808,993d4c68,\Exclusive\20180831 - Mayna Santini - Young Tranny Fucked\,{DT16~Excl~ME0PMP6T~20180831 - Mayna Santini - Young Tranny Fucked}
_mg_1418.jpg,475897,0a0fdc15,\Exclusive\20180831 - Mayna Santini - Young Tranny Fucked\,{DT16~Excl~ME0PMP6T~20180831 - Mayna Santini - Young Tranny Fucked}
_mg_1419.jpg,479809,f94a85a0,\Exclusive\20180831 - Mayna Santini - Young Tranny Fucked\,{DT16~Excl~ME0PMP6T~20180831 - Mayna Santini - Young Tranny Fucked}
_mg_1421.jpg,489615,75595ff6,\Exclusive\20180831 - Mayna Santini - Young Tranny Fucked\,{DT16~Excl~ME0PMP6T~20180831 - Mayna Santini - Young Tranny Fucked}
_mg_1423.jpg,471100,57274872,\Exclusive\20180831 - Mayna Santini - Young Tranny Fucked\,{DT16~Excl~ME0PMP6T~20180831 - Mayna Santini - Young Tranny Fucked}
_mg_1426.jpg,480355,557bbddd,\Exclusive\20180831 - Mayna Santini - Young Tranny Fucked\,{DT16~Excl~ME0PMP6T~20180831 - Mayna Santini - Young Tranny Fucked}
_mg_1427.jpg,478029,0f9242d9,\Exclusive\20180831 - Mayna Santini - Young Tranny Fucked\,{DT16~Excl~ME0PMP6T~20180831 - Mayna Santini - Young Tranny Fucked}
_mg_1429.jpg,514279,defb5016,\Exclusive\20180831 - Mayna Santini - Young Tranny Fucked\,{DT16~Excl~ME0PMP6T~20180831 - Mayna Santini - Young Tranny Fucked}
_mg_1430.jpg,480405,25fd10cb,\Exclusive\20180831 - Mayna Santini - Young Tranny Fucked\,{DT16~Excl~ME0PMP6T~20180831 - Mayna Santini - Young Tranny Fucked}
_mg_1431.jpg,490293,3167ed7d,\Exclusive\20180831 - Mayna Santini - Young Tranny Fucked\,{DT16~Excl~ME0PMP6T~20180831 - Mayna Santini - Young Tranny Fucked}
_mg_1432.jpg,473463,2f500163,\Exclusive\20180831 - Mayna Santini - Young Tranny Fucked\,{DT16~Excl~ME0PMP6T~20180831 - Mayna Santini - Young Tranny Fucked}
_mg_1433.jpg,472908,62a99a4f,\Exclusive\20180831 - Mayna Santini - Young Tranny Fucked\,{DT16~Excl~ME0PMP6T~20180831 - Mayna Santini - Young Tranny Fucked}
_mg_1434.jpg,463280,3e5e4fb7,\Exclusive\20180831 - Mayna Santini - Young Tranny Fucked\,{DT16~Excl~ME0PMP6T~20180831 - Mayna Santini - Young Tranny Fucked}
_mg_1435.jpg,466998,d9e6fbb4,\Exclusive\20180831 - Mayna Santini - Young Tranny Fucked\,{DT16~Excl~ME0PMP6T~20180831 - Mayna Santini - Young Tranny Fucked}
_mg_1438.jpg,459272,6d0b8c92,\Exclusive\20180831 - Mayna Santini - Young Tranny Fucked\,{DT16~Excl~ME0PMP6T~20180831 - Mayna Santini - Young Tranny Fucked}
_mg_1439.jpg,466387,1a541e53,\Exclusive\20180831 - Mayna Santini - Young Tranny Fucked\,{DT16~Excl~ME0PMP6T~20180831 - Mayna Santini - Young Tranny Fucked}
_mg_1440.jpg,440025,046699b1,\Exclusive\20180831 - Mayna Santini - Young Tranny Fucked\,{DT16~Excl~ME0PMP6T~20180831 - Mayna Santini - Young Tranny Fucked}
_mg_1441.jpg,463043,a70d6fcf,\Exclusive\20180831 - Mayna Santini - Young Tranny Fucked\,{DT16~Excl~ME0PMP6T~20180831 - Mayna Santini - Young Tranny Fucked}
_mg_1442.jpg,459552,9e089f16,\Exclusive\20180831 - Mayna Santini - Young Tranny Fucked\,{DT16~Excl~ME0PMP6T~20180831 - Mayna Santini - Young Tranny Fucked}
_mg_1443.jpg,423005,6774381b,\Exclusive\20180831 - Mayna Santini - Young Tranny Fucked\,{DT16~Excl~ME0PMP6T~20180831 - Mayna Santini - Young Tranny Fucked}
_mg_1445.jpg,434533,419e9fdc,\Exclusive\20180831 - Mayna Santini - Young Tranny Fucked\,{DT16~Excl~ME0PMP6T~20180831 - Mayna Santini - Young Tranny Fucked}
_mg_1446.jpg,479539,0eeca4a0,\Exclusive\20180831 - Mayna Santini - Young Tranny Fucked\,{DT16~Excl~ME0PMP6T~20180831 - Mayna Santini - Young Tranny Fucked}
_mg_1447.jpg,461533,ee2ab62d,\Exclusive\20180831 - Mayna Santini - Young Tranny Fucked\,{DT16~Excl~ME0PMP6T~20180831 - Mayna Santini - Young Tranny Fucked}
_mg_1448.jpg,468167,288c209e,\Exclusive\20180831 - Mayna Santini - Young Tranny Fucked\,{DT16~Excl~ME0PMP6T~20180831 - Mayna Santini - Young Tranny Fucked}
_mg_1449.jpg,493550,c0626ad0,\Exclusive\20180831 - Mayna Santini - Young Tranny Fucked\,{DT16~Excl~ME0PMP6T~20180831 - Mayna Santini - Young Tranny Fucked}
_mg_1450.jpg,465497,8e42e19e,\Exclusive\20180831 - Mayna Santini - Young Tranny Fucked\,{DT16~Excl~ME0PMP6T~20180831 - Mayna Santini - Young Tranny Fucked}
_mg_1453.jpg,461082,b5dd1db3,\Exclusive\20180831 - Mayna Santini - Young Tranny Fucked\,{DT16~Excl~ME0PMP6T~20180831 - Mayna Santini - Young Tranny Fucked}
_mg_1454.jpg,488584,6c2e5654,\Exclusive\20180831 - Mayna Santini - Young Tranny Fucked\,{DT16~Excl~ME0PMP6T~20180831 - Mayna Santini - Young Tranny Fucked}
_mg_1455.jpg,477515,5e76fd32,\Exclusive\20180831 - Mayna Santini - Young Tranny Fucked\,{DT16~Excl~ME0PMP6T~20180831 - Mayna Santini - Young Tranny Fucked}
_mg_1456.jpg,469878,97607b48,\Exclusive\20180831 - Mayna Santini - Young Tranny Fucked\,{DT16~Excl~ME0PMP6T~20180831 - Mayna Santini - Young Tranny Fucked}
_mg_1457.jpg,489459,a9393001,\Exclusive\20180831 - Mayna Santini - Young Tranny Fucked\,{DT16~Excl~ME0PMP6T~20180831 - Mayna Santini - Young Tranny Fucked}
_mg_1458.jpg,449731,1d9c61de,\Exclusive\20180831 - Mayna Santini - Young Tranny Fucked\,{DT16~Excl~ME0PMP6T~20180831 - Mayna Santini - Young Tranny Fucked}
_mg_1459.jpg,448903,0a77cf75,\Exclusive\20180831 - Mayna Santini - Young Tranny Fucked\,{DT16~Excl~ME0PMP6T~20180831 - Mayna Santini - Young Tranny Fucked}
_mg_1461.jpg,480028,c99d6349,\Exclusive\20180831 - Mayna Santini - Young Tranny Fucked\,{DT16~Excl~ME0PMP6T~20180831 - Mayna Santini - Young Tranny Fucked}
_mg_1462.jpg,492122,5d0692d4,\Exclusive\20180831 - Mayna Santini - Young Tranny Fucked\,{DT16~Excl~ME0PMP6T~20180831 - Mayna Santini - Young Tranny Fucked}
_mg_1464.jpg,453974,760a3dda,\Exclusive\20180831 - Mayna Santini - Young Tranny Fucked\,{DT16~Excl~ME0PMP6T~20180831 - Mayna Santini - Young Tranny Fucked}
_mg_1466.jpg,459602,000f9c57,\Exclusive\20180831 - Mayna Santini - Young Tranny Fucked\,{DT16~Excl~ME0PMP6T~20180831 - Mayna Santini - Young Tranny Fucked}
_mg_1467.jpg,444159,837a30f3,\Exclusive\20180831 - Mayna Santini - Young Tranny Fucked\,{DT16~Excl~ME0PMP6T~20180831 - Mayna Santini - Young Tranny Fucked}
_mg_1468.jpg,454645,2689be6a,\Exclusive\20180831 - Mayna Santini - Young Tranny Fucked\,{DT16~Excl~ME0PMP6T~20180831 - Mayna Santini - Young Tranny Fucked}
_mg_1469.jpg,450594,ce1fe9fe,\Exclusive\20180831 - Mayna Santini - Young Tranny Fucked\,{DT16~Excl~ME0PMP6T~20180831 - Mayna Santini - Young Tranny Fucked}
_mg_1470.jpg,437834,fc0e5a64,\Exclusive\20180831 - Mayna Santini - Young Tranny Fucked\,{DT16~Excl~ME0PMP6T~20180831 - Mayna Santini - Young Tranny Fucked}
_mg_1471.jpg,452640,5171bd25,\Exclusive\20180831 - Mayna Santini - Young Tranny Fucked\,{DT16~Excl~ME0PMP6T~20180831 - Mayna Santini - Young Tranny Fucked}
_mg_1473.jpg,440578,b60e1b77,\Exclusive\20180831 - Mayna Santini - Young Tranny Fucked\,{DT16~Excl~ME0PMP6T~20180831 - Mayna Santini - Young Tranny Fucked}
_mg_1474.jpg,491004,40a04a93,\Exclusive\20180831 - Mayna Santini - Young Tranny Fucked\,{DT16~Excl~ME0PMP6T~20180831 - Mayna Santini - Young Tranny Fucked}
_mg_1476.jpg,470212,63344ff4,\Exclusive\20180831 - Mayna Santini - Young Tranny Fucked\,{DT16~Excl~ME0PMP6T~20180831 - Mayna Santini - Young Tranny Fucked}
_mg_1478.jpg,464682,14ee4a76,\Exclusive\20180831 - Mayna Santini - Young Tranny Fucked\,{DT16~Excl~ME0PMP6T~20180831 - Mayna Santini - Young Tranny Fucked}
_mg_1479.jpg,420651,47f37fbf,\Exclusive\20180831 - Mayna Santini - Young Tranny Fucked\,{DT16~Excl~ME0PMP6T~20180831 - Mayna Santini - Young Tranny Fucked}
_mg_1481.jpg,482190,7dfb163f,\Exclusive\20180831 - Mayna Santini - Young Tranny Fucked\,{DT16~Excl~ME0PMP6T~20180831 - Mayna Santini - Young Tranny Fucked}
_mg_1483.jpg,460071,add9ee9c,\Exclusive\20180831 - Mayna Santini - Young Tranny Fucked\,{DT16~Excl~ME0PMP6T~20180831 - Mayna Santini - Young Tranny Fucked}
_mg_1484.jpg,399798,509af543,\Exclusive\20180831 - Mayna Santini - Young Tranny Fucked\,{DT16~Excl~ME0PMP6T~20180831 - Mayna Santini - Young Tranny Fucked}
_mg_1485.jpg,406242,071d3e12,\Exclusive\20180831 - Mayna Santini - Young Tranny Fucked\,{DT16~Excl~ME0PMP6T~20180831 - Mayna Santini - Young Tranny Fucked}
_mg_1486.jpg,488815,1dc46e05,\Exclusive\20180831 - Mayna Santini - Young Tranny Fucked\,{DT16~Excl~ME0PMP6T~20180831 - Mayna Santini - Young Tranny Fucked}
_mg_1487.jpg,487810,dc1ecde3,\Exclusive\20180831 - Mayna Santini - Young Tranny Fucked\,{DT16~Excl~ME0PMP6T~20180831 - Mayna Santini - Young Tranny Fucked}
_mg_1488.jpg,479114,1eb07ac2,\Exclusive\20180831 - Mayna Santini - Young Tranny Fucked\,{DT16~Excl~ME0PMP6T~20180831 - Mayna Santini - Young Tranny Fucked}
_mg_1490.jpg,444107,18ef52e2,\Exclusive\20180831 - Mayna Santini - Young Tranny Fucked\,{DT16~Excl~ME0PMP6T~20180831 - Mayna Santini - Young Tranny Fucked}
_mg_1491.jpg,490122,3a2bf05c,\Exclusive\20180831 - Mayna Santini - Young Tranny Fucked\,{DT16~Excl~ME0PMP6T~20180831 - Mayna Santini - Young Tranny Fucked}
_mg_1492.jpg,477246,a8bb5cf8,\Exclusive\20180831 - Mayna Santini - Young Tranny Fucked\,{DT16~Excl~ME0PMP6T~20180831 - Mayna Santini - Young Tranny Fucked}
_mg_1493.jpg,451717,5c5f9771,\Exclusive\20180831 - Mayna Santini - Young Tranny Fucked\,{DT16~Excl~ME0PMP6T~20180831 - Mayna Santini - Young Tranny Fucked}
_mg_1494.jpg,505227,a8357297,\Exclusive\20180831 - Mayna Santini - Young Tranny Fucked\,{DT16~Excl~ME0PMP6T~20180831 - Mayna Santini - Young Tranny Fucked}
_mg_1495.jpg,491240,02b53957,\Exclusive\20180831 - Mayna Santini - Young Tranny Fucked\,{DT16~Excl~ME0PMP6T~20180831 - Mayna Santini - Young Tranny Fucked}
_mg_1496.jpg,463377,e4c66345,\Exclusive\20180831 - Mayna Santini - Young Tranny Fucked\,{DT16~Excl~ME0PMP6T~20180831 - Mayna Santini - Young Tranny Fucked}
_mg_1497.jpg,508197,0f95c093,\Exclusive\20180831 - Mayna Santini - Young Tranny Fucked\,{DT16~Excl~ME0PMP6T~20180831 - Mayna Santini - Young Tranny Fucked}
_mg_1498.jpg,520856,d4bf1f5a,\Exclusive\20180831 - Mayna Santini - Young Tranny Fucked\,{DT16~Excl~ME0PMP6T~20180831 - Mayna Santini - Young Tranny Fucked}
_mg_1499.jpg,450805,dc3d52c0,\Exclusive\20180831 - Mayna Santini - Young Tranny Fucked\,{DT16~Excl~ME0PMP6T~20180831 - Mayna Santini - Young Tranny Fucked}
_mg_1500.jpg,466767,e09d5e0c,\Exclusive\20180831 - Mayna Santini - Young Tranny Fucked\,{DT16~Excl~ME0PMP6T~20180831 - Mayna Santini - Young Tranny Fucked}
_mg_1501.jpg,467911,9ec0e8ce,\Exclusive\20180831 - Mayna Santini - Young Tranny Fucked\,{DT16~Excl~ME0PMP6T~20180831 - Mayna Santini - Young Tranny Fucked}
_mg_1502.jpg,463638,7921dee6,\Exclusive\20180831 - Mayna Santini - Young Tranny Fucked\,{DT16~Excl~ME0PMP6T~20180831 - Mayna Santini - Young Tranny Fucked}
_mg_1503.jpg,454318,b14faa8c,\Exclusive\20180831 - Mayna Santini - Young Tranny Fucked\,{DT16~Excl~ME0PMP6T~20180831 - Mayna Santini - Young Tranny Fucked}
_mg_1506.jpg,453740,a8c8e8ce,\Exclusive\20180831 - Mayna Santini - Young Tranny Fucked\,{DT16~Excl~ME0PMP6T~20180831 - Mayna Santini - Young Tranny Fucked}
_mg_1508.jpg,467364,fafbf9d0,\Exclusive\20180831 - Mayna Santini - Young Tranny Fucked\,{DT16~Excl~ME0PMP6T~20180831 - Mayna Santini - Young Tranny Fucked}
_mg_1509.jpg,465394,6b96d080,\Exclusive\20180831 - Mayna Santini - Young Tranny Fucked\,{DT16~Excl~ME0PMP6T~20180831 - Mayna Santini - Young Tranny Fucked}
_mg_1510.jpg,474960,6af577a1,\Exclusive\20180831 - Mayna Santini - Young Tranny Fucked\,{DT16~Excl~ME0PMP6T~20180831 - Mayna Santini - Young Tranny Fucked}
_mg_1511.jpg,464011,d5682dbd,\Exclusive\20180831 - Mayna Santini - Young Tranny Fucked\,{DT16~Excl~ME0PMP6T~20180831 - Mayna Santini - Young Tranny Fucked}
_mg_1512.jpg,460966,10b93f5e,\Exclusive\20180831 - Mayna Santini - Young Tranny Fucked\,{DT16~Excl~ME0PMP6T~20180831 - Mayna Santini - Young Tranny Fucked}
_mg_1518.jpg,523144,13d8ff6d,\Exclusive\20180831 - Mayna Santini - Young Tranny Fucked\,{DT16~Excl~ME0PMP6T~20180831 - Mayna Santini - Young Tranny Fucked}
_mg_1519.jpg,550825,fee179da,\Exclusive\20180831 - Mayna Santini - Young Tranny Fucked\,{DT16~Excl~ME0PMP6T~20180831 - Mayna Santini - Young Tranny Fucked}
_mg_1520.jpg,564956,3a353090,\Exclusive\20180831 - Mayna Santini - Young Tranny Fucked\,{DT16~Excl~ME0PMP6T~20180831 - Mayna Santini - Young Tranny Fucked}
_mg_1521.jpg,570353,455b1c71,\Exclusive\20180831 - Mayna Santini - Young Tranny Fucked\,{DT16~Excl~ME0PMP6T~20180831 - Mayna Santini - Young Tranny Fucked}
_mg_1523.jpg,568212,0b159fd3,\Exclusive\20180831 - Mayna Santini - Young Tranny Fucked\,{DT16~Excl~ME0PMP6T~20180831 - Mayna Santini - Young Tranny Fucked}
_mg_1524.jpg,609628,ef239820,\Exclusive\20180831 - Mayna Santini - Young Tranny Fucked\,{DT16~Excl~ME0PMP6T~20180831 - Mayna Santini - Young Tranny Fucked}
_mg_1525.jpg,630028,69380d88,\Exclusive\20180831 - Mayna Santini - Young Tranny Fucked\,{DT16~Excl~ME0PMP6T~20180831 - Mayna Santini - Young Tranny Fucked}
_mg_1529.jpg,600311,429a6ed5,\Exclusive\20180831 - Mayna Santini - Young Tranny Fucked\,{DT16~Excl~ME0PMP6T~20180831 - Mayna Santini - Young Tranny Fucked}
_mg_1530.jpg,580127,899fa6dd,\Exclusive\20180831 - Mayna Santini - Young Tranny Fucked\,{DT16~Excl~ME0PMP6T~20180831 - Mayna Santini - Young Tranny Fucked}
_mg_1531.jpg,577777,ea634d89,\Exclusive\20180831 - Mayna Santini - Young Tranny Fucked\,{DT16~Excl~ME0PMP6T~20180831 - Mayna Santini - Young Tranny Fucked}
_mg_1532.jpg,608752,9190be4e,\Exclusive\20180831 - Mayna Santini - Young Tranny Fucked\,{DT16~Excl~ME0PMP6T~20180831 - Mayna Santini - Young Tranny Fucked}
_mg_1533.jpg,445050,c882952d,\Exclusive\20180831 - Mayna Santini - Young Tranny Fucked\,{DT16~Excl~ME0PMP6T~20180831 - Mayna Santini - Young Tranny Fucked}
_mg_1534.jpg,540710,036a0db0,\Exclusive\20180831 - Mayna Santini - Young Tranny Fucked\,{DT16~Excl~ME0PMP6T~20180831 - Mayna Santini - Young Tranny Fucked}
_mg_1535.jpg,515713,1072d8f8,\Exclusive\20180831 - Mayna Santini - Young Tranny Fucked\,{DT16~Excl~ME0PMP6T~20180831 - Mayna Santini - Young Tranny Fucked}
_mg_1536.jpg,484681,aee3fcd1,\Exclusive\20180831 - Mayna Santini - Young Tranny Fucked\,{DT16~Excl~ME0PMP6T~20180831 - Mayna Santini - Young Tranny Fucked}
_mg_1538.jpg,674983,0d34fc82,\Exclusive\20180831 - Mayna Santini - Young Tranny Fucked\,{DT16~Excl~ME0PMP6T~20180831 - Mayna Santini - Young Tranny Fucked}
_mg_1539.jpg,627328,510fc344,\Exclusive\20180831 - Mayna Santini - Young Tranny Fucked\,{DT16~Excl~ME0PMP6T~20180831 - Mayna Santini - Young Tranny Fucked}
_mg_1542.jpg,644514,2408889e,\Exclusive\20180831 - Mayna Santini - Young Tranny Fucked\,{DT16~Excl~ME0PMP6T~20180831 - Mayna Santini - Young Tranny Fucked}
_mg_1543.jpg,645608,bff3c787,\Exclusive\20180831 - Mayna Santini - Young Tranny Fucked\,{DT16~Excl~ME0PMP6T~20180831 - Mayna Santini - Young Tranny Fucked}
_mg_1544.jpg,724223,4c3eea91,\Exclusive\20180831 - Mayna Santini - Young Tranny Fucked\,{DT16~Excl~ME0PMP6T~20180831 - Mayna Santini - Young Tranny Fucked}
_mg_1545.jpg,627212,228918f2,\Exclusive\20180831 - Mayna Santini - Young Tranny Fucked\,{DT16~Excl~ME0PMP6T~20180831 - Mayna Santini - Young Tranny Fucked}
_mg_1546.jpg,592497,61db44dd,\Exclusive\20180831 - Mayna Santini - Young Tranny Fucked\,{DT16~Excl~ME0PMP6T~20180831 - Mayna Santini - Young Tranny Fucked}
_mg_1548.jpg,720741,e4c635fa,\Exclusive\20180831 - Mayna Santini - Young Tranny Fucked\,{DT16~Excl~ME0PMP6T~20180831 - Mayna Santini - Young Tranny Fucked}
_mg_1550.jpg,581753,ca980307,\Exclusive\20180831 - Mayna Santini - Young Tranny Fucked\,{DT16~Excl~ME0PMP6T~20180831 - Mayna Santini - Young Tranny Fucked}
_mg_1551.jpg,609676,163a3284,\Exclusive\20180831 - Mayna Santini - Young Tranny Fucked\,{DT16~Excl~ME0PMP6T~20180831 - Mayna Santini - Young Tranny Fucked}
_mg_1553.jpg,737701,b49bc932,\Exclusive\20180831 - Mayna Santini - Young Tranny Fucked\,{DT16~Excl~ME0PMP6T~20180831 - Mayna Santini - Young Tranny Fucked}
_mg_1556.jpg,809965,be918bda,\Exclusive\20180831 - Mayna Santini - Young Tranny Fucked\,{DT16~Excl~ME0PMP6T~20180831 - Mayna Santini - Young Tranny Fucked}
_mg_1557.jpg,697713,52a03fca,\Exclusive\20180831 - Mayna Santini - Young Tranny Fucked\,{DT16~Excl~ME0PMP6T~20180831 - Mayna Santini - Young Tranny Fucked}
_mg_1558.jpg,641192,1799f3c4,\Exclusive\20180831 - Mayna Santini - Young Tranny Fucked\,{DT16~Excl~ME0PMP6T~20180831 - Mayna Santini - Young Tranny Fucked}
_mg_1561.jpg,648420,b216fe61,\Exclusive\20180831 - Mayna Santini - Young Tranny Fucked\,{DT16~Excl~ME0PMP6T~20180831 - Mayna Santini - Young Tranny Fucked}
_mg_1563.jpg,521239,1615b108,\Exclusive\20180831 - Mayna Santini - Young Tranny Fucked\,{DT16~Excl~ME0PMP6T~20180831 - Mayna Santini - Young Tranny Fucked}
_mg_1564.jpg,613666,57371e6e,\Exclusive\20180831 - Mayna Santini - Young Tranny Fucked\,{DT16~Excl~ME0PMP6T~20180831 - Mayna Santini - Young Tranny Fucked}
_mg_1567.jpg,725923,255afe19,\Exclusive\20180831 - Mayna Santini - Young Tranny Fucked\,{DT16~Excl~ME0PMP6T~20180831 - Mayna Santini - Young Tranny Fucked}
_mg_1578.jpg,689763,b86bfe28,\Exclusive\20180831 - Mayna Santini - Young Tranny Fucked\,{DT16~Excl~ME0PMP6T~20180831 - Mayna Santini - Young Tranny Fucked}
_mg_1579.jpg,605112,5ba752b9,\Exclusive\20180831 - Mayna Santini - Young Tranny Fucked\,{DT16~Excl~ME0PMP6T~20180831 - Mayna Santini - Young Tranny Fucked}
_mg_1582.jpg,465342,fab515e2,\Exclusive\20180831 - Mayna Santini - Young Tranny Fucked\,{DT16~Excl~ME0PMP6T~20180831 - Mayna Santini - Young Tranny Fucked}
_mg_1583.jpg,502626,b8b0bf7d,\Exclusive\20180831 - Mayna Santini - Young Tranny Fucked\,{DT16~Excl~ME0PMP6T~20180831 - Mayna Santini - Young Tranny Fucked}
_mg_1584.jpg,629765,048bc7f1,\Exclusive\20180831 - Mayna Santini - Young Tranny Fucked\,{DT16~Excl~ME0PMP6T~20180831 - Mayna Santini - Young Tranny Fucked}
_mg_1585.jpg,618163,1e5e4ef9,\Exclusive\20180831 - Mayna Santini - Young Tranny Fucked\,{DT16~Excl~ME0PMP6T~20180831 - Mayna Santini - Young Tranny Fucked}
_mg_1587.jpg,686878,b09bd764,\Exclusive\20180831 - Mayna Santini - Young Tranny Fucked\,{DT16~Excl~ME0PMP6T~20180831 - Mayna Santini - Young Tranny Fucked}
_mg_1588.jpg,650771,54b56e40,\Exclusive\20180831 - Mayna Santini - Young Tranny Fucked\,{DT16~Excl~ME0PMP6T~20180831 - Mayna Santini - Young Tranny Fucked}
_mg_1589.jpg,662511,2595e031,\Exclusive\20180831 - Mayna Santini - Young Tranny Fucked\,{DT16~Excl~ME0PMP6T~20180831 - Mayna Santini - Young Tranny Fucked}
_mg_1590.jpg,655171,15f898c4,\Exclusive\20180831 - Mayna Santini - Young Tranny Fucked\,{DT16~Excl~ME0PMP6T~20180831 - Mayna Santini - Young Tranny Fucked}
_mg_1591.jpg,616033,d4e8201d,\Exclusive\20180831 - Mayna Santini - Young Tranny Fucked\,{DT16~Excl~ME0PMP6T~20180831 - Mayna Santini - Young Tranny Fucked}
_mg_1592.jpg,654226,d6a64c2f,\Exclusive\20180831 - Mayna Santini - Young Tranny Fucked\,{DT16~Excl~ME0PMP6T~20180831 - Mayna Santini - Young Tranny Fucked}
_mg_1593.jpg,674620,2d60c68e,\Exclusive\20180831 - Mayna Santini - Young Tranny Fucked\,{DT16~Excl~ME0PMP6T~20180831 - Mayna Santini - Young Tranny Fucked}
_mg_1595.jpg,533757,4647e502,\Exclusive\20180831 - Mayna Santini - Young Tranny Fucked\,{DT16~Excl~ME0PMP6T~20180831 - Mayna Santini - Young Tranny Fucked}
_mg_1598.jpg,620515,da645723,\Exclusive\20180831 - Mayna Santini - Young Tranny Fucked\,{DT16~Excl~ME0PMP6T~20180831 - Mayna Santini - Young Tranny Fucked}
_mg_1602.jpg,617760,9dbc7156,\Exclusive\20180831 - Mayna Santini - Young Tranny Fucked\,{DT16~Excl~ME0PMP6T~20180831 - Mayna Santini - Young Tranny Fucked}
_mg_1603.jpg,581047,1478c13b,\Exclusive\20180831 - Mayna Santini - Young Tranny Fucked\,{DT16~Excl~ME0PMP6T~20180831 - Mayna Santini - Young Tranny Fucked}
_mg_1604.jpg,572033,64fe5218,\Exclusive\20180831 - Mayna Santini - Young Tranny Fucked\,{DT16~Excl~ME0PMP6T~20180831 - Mayna Santini - Young Tranny Fucked}
_mg_1605.jpg,625639,39afa3ad,\Exclusive\20180831 - Mayna Santini - Young Tranny Fucked\,{DT16~Excl~ME0PMP6T~20180831 - Mayna Santini - Young Tranny Fucked}
_mg_1607.jpg,568670,e228c77e,\Exclusive\20180831 - Mayna Santini - Young Tranny Fucked\,{DT16~Excl~ME0PMP6T~20180831 - Mayna Santini - Young Tranny Fucked}
_mg_1608.jpg,582386,4ecbbb38,\Exclusive\20180831 - Mayna Santini - Young Tranny Fucked\,{DT16~Excl~ME0PMP6T~20180831 - Mayna Santini - Young Tranny Fucked}
_mg_1610.jpg,659042,aa85f173,\Exclusive\20180831 - Mayna Santini - Young Tranny Fucked\,{DT16~Excl~ME0PMP6T~20180831 - Mayna Santini - Young Tranny Fucked}
_mg_1611.jpg,522542,ac331eb8,\Exclusive\20180831 - Mayna Santini - Young Tranny Fucked\,{DT16~Excl~ME0PMP6T~20180831 - Mayna Santini - Young Tranny Fucked}
_mg_1612.jpg,646935,a5c2a183,\Exclusive\20180831 - Mayna Santini - Young Tranny Fucked\,{DT16~Excl~ME0PMP6T~20180831 - Mayna Santini - Young Tranny Fucked}
_mg_1613.jpg,734078,de3fb9f2,\Exclusive\20180831 - Mayna Santini - Young Tranny Fucked\,{DT16~Excl~ME0PMP6T~20180831 - Mayna Santini - Young Tranny Fucked}
_mg_1614.jpg,580866,8f582008,\Exclusive\20180831 - Mayna Santini - Young Tranny Fucked\,{DT16~Excl~ME0PMP6T~20180831 - Mayna Santini - Young Tranny Fucked}
_mg_1615.jpg,593595,719e37a5,\Exclusive\20180831 - Mayna Santini - Young Tranny Fucked\,{DT16~Excl~ME0PMP6T~20180831 - Mayna Santini - Young Tranny Fucked}
_mg_1616.jpg,594633,d174cca9,\Exclusive\20180831 - Mayna Santini - Young Tranny Fucked\,{DT16~Excl~ME0PMP6T~20180831 - Mayna Santini - Young Tranny Fucked}
_mg_1617.jpg,512384,63eecc76,\Exclusive\20180831 - Mayna Santini - Young Tranny Fucked\,{DT16~Excl~ME0PMP6T~20180831 - Mayna Santini - Young Tranny Fucked}
_mg_1619.jpg,552064,e84768e3,\Exclusive\20180831 - Mayna Santini - Young Tranny Fucked\,{DT16~Excl~ME0PMP6T~20180831 - Mayna Santini - Young Tranny Fucked}
_mg_1620.jpg,547340,129ebf95,\Exclusive\20180831 - Mayna Santini - Young Tranny Fucked\,{DT16~Excl~ME0PMP6T~20180831 - Mayna Santini - Young Tranny Fucked}
_mg_1621.jpg,546878,83cc5d24,\Exclusive\20180831 - Mayna Santini - Young Tranny Fucked\,{DT16~Excl~ME0PMP6T~20180831 - Mayna Santini - Young Tranny Fucked}
_mg_1622.jpg,558002,3c81dcf2,\Exclusive\20180831 - Mayna Santini - Young Tranny Fucked\,{DT16~Excl~ME0PMP6T~20180831 - Mayna Santini - Young Tranny Fucked}
_mg_1625.jpg,614391,16fb6d07,\Exclusive\20180831 - Mayna Santini - Young Tranny Fucked\,{DT16~Excl~ME0PMP6T~20180831 - Mayna Santini - Young Tranny Fucked}
_mg_1627.jpg,566721,263b85aa,\Exclusive\20180831 - Mayna Santini - Young Tranny Fucked\,{DT16~Excl~ME0PMP6T~20180831 - Mayna Santini - Young Tranny Fucked}
_mg_1632.jpg,600747,16345fe9,\Exclusive\20180831 - Mayna Santini - Young Tranny Fucked\,{DT16~Excl~ME0PMP6T~20180831 - Mayna Santini - Young Tranny Fucked}
_mg_1633.jpg,576139,a20d4ad9,\Exclusive\20180831 - Mayna Santini - Young Tranny Fucked\,{DT16~Excl~ME0PMP6T~20180831 - Mayna Santini - Young Tranny Fucked}
_mg_1634.jpg,562887,dd47da13,\Exclusive\20180831 - Mayna Santini - Young Tranny Fucked\,{DT16~Excl~ME0PMP6T~20180831 - Mayna Santini - Young Tranny Fucked}
_mg_1636.jpg,516261,5b650a5d,\Exclusive\20180831 - Mayna Santini - Young Tranny Fucked\,{DT16~Excl~ME0PMP6T~20180831 - Mayna Santini - Young Tranny Fucked}
_mg_1637.jpg,633357,de84fe63,\Exclusive\20180831 - Mayna Santini - Young Tranny Fucked\,{DT16~Excl~ME0PMP6T~20180831 - Mayna Santini - Young Tranny Fucked}
_mg_1638.jpg,534251,0c55a85f,\Exclusive\20180831 - Mayna Santini - Young Tranny Fucked\,{DT16~Excl~ME0PMP6T~20180831 - Mayna Santini - Young Tranny Fucked}
_mg_1639.jpg,562484,7a4abaaa,\Exclusive\20180831 - Mayna Santini - Young Tranny Fucked\,{DT16~Excl~ME0PMP6T~20180831 - Mayna Santini - Young Tranny Fucked}
_mg_1640.jpg,402959,580dc2c4,\Exclusive\20180831 - Mayna Santini - Young Tranny Fucked\,{DT16~Excl~ME0PMP6T~20180831 - Mayna Santini - Young Tranny Fucked}
_mg_1641.jpg,641085,6a144713,\Exclusive\20180831 - Mayna Santini - Young Tranny Fucked\,{DT16~Excl~ME0PMP6T~20180831 - Mayna Santini - Young Tranny Fucked}
_mg_1642.jpg,588349,66cd1536,\Exclusive\20180831 - Mayna Santini - Young Tranny Fucked\,{DT16~Excl~ME0PMP6T~20180831 - Mayna Santini - Young Tranny Fucked}
_mg_1645.jpg,629300,137dfe7a,\Exclusive\20180831 - Mayna Santini - Young Tranny Fucked\,{DT16~Excl~ME0PMP6T~20180831 - Mayna Santini - Young Tranny Fucked}
_mg_1646.jpg,555513,ddad4b9e,\Exclusive\20180831 - Mayna Santini - Young Tranny Fucked\,{DT16~Excl~ME0PMP6T~20180831 - Mayna Santini - Young Tranny Fucked}
_mg_1647.jpg,559988,930d260e,\Exclusive\20180831 - Mayna Santini - Young Tranny Fucked\,{DT16~Excl~ME0PMP6T~20180831 - Mayna Santini - Young Tranny Fucked}
_mg_1648.jpg,666716,c1140742,\Exclusive\20180831 - Mayna Santini - Young Tranny Fucked\,{DT16~Excl~ME0PMP6T~20180831 - Mayna Santini - Young Tranny Fucked}
_mg_1651.jpg,656691,22369c3a,\Exclusive\20180831 - Mayna Santini - Young Tranny Fucked\,{DT16~Excl~ME0PMP6T~20180831 - Mayna Santini - Young Tranny Fucked}
_mg_1652.jpg,680437,86c93f3d,\Exclusive\20180831 - Mayna Santini - Young Tranny Fucked\,{DT16~Excl~ME0PMP6T~20180831 - Mayna Santini - Young Tranny Fucked}
_mg_1653.jpg,592344,e8c3874b,\Exclusive\20180831 - Mayna Santini - Young Tranny Fucked\,{DT16~Excl~ME0PMP6T~20180831 - Mayna Santini - Young Tranny Fucked}
_mg_1654.jpg,615784,21decfb9,\Exclusive\20180831 - Mayna Santini - Young Tranny Fucked\,{DT16~Excl~ME0PMP6T~20180831 - Mayna Santini - Young Tranny Fucked}
_mg_1658.jpg,630775,2f626bd5,\Exclusive\20180831 - Mayna Santini - Young Tranny Fucked\,{DT16~Excl~ME0PMP6T~20180831 - Mayna Santini - Young Tranny Fucked}
_mg_1660.jpg,645425,64fbeac0,\Exclusive\20180831 - Mayna Santini - Young Tranny Fucked\,{DT16~Excl~ME0PMP6T~20180831 - Mayna Santini - Young Tranny Fucked}
_mg_1661.jpg,616830,75789995,\Exclusive\20180831 - Mayna Santini - Young Tranny Fucked\,{DT16~Excl~ME0PMP6T~20180831 - Mayna Santini - Young Tranny Fucked}
_mg_1663.jpg,527078,80708075,\Exclusive\20180831 - Mayna Santini - Young Tranny Fucked\,{DT16~Excl~ME0PMP6T~20180831 - Mayna Santini - Young Tranny Fucked}
_mg_1664.jpg,508730,15b07287,\Exclusive\20180831 - Mayna Santini - Young Tranny Fucked\,{DT16~Excl~ME0PMP6T~20180831 - Mayna Santini - Young Tranny Fucked}
_mg_1667.jpg,594876,75916fd2,\Exclusive\20180831 - Mayna Santini - Young Tranny Fucked\,{DT16~Excl~ME0PMP6T~20180831 - Mayna Santini - Young Tranny Fucked}
_mg_1669.jpg,512193,5f7a226f,\Exclusive\20180831 - Mayna Santini - Young Tranny Fucked\,{DT16~Excl~ME0PMP6T~20180831 - Mayna Santini - Young Tranny Fucked}
_mg_1672.jpg,573515,1738cd20,\Exclusive\20180831 - Mayna Santini - Young Tranny Fucked\,{DT16~Excl~ME0PMP6T~20180831 - Mayna Santini - Young Tranny Fucked}
_mg_1673.jpg,619580,2e7c0d1d,\Exclusive\20180831 - Mayna Santini - Young Tranny Fucked\,{DT16~Excl~ME0PMP6T~20180831 - Mayna Santini - Young Tranny Fucked}
_mg_1674.jpg,593525,7f94af5f,\Exclusive\20180831 - Mayna Santini - Young Tranny Fucked\,{DT16~Excl~ME0PMP6T~20180831 - Mayna Santini - Young Tranny Fucked}
_mg_1678.jpg,565597,97fec95a,\Exclusive\20180831 - Mayna Santini - Young Tranny Fucked\,{DT16~Excl~ME0PMP6T~20180831 - Mayna Santini - Young Tranny Fucked}
_mg_1680.jpg,505669,265bfe9a,\Exclusive\20180831 - Mayna Santini - Young Tranny Fucked\,{DT16~Excl~ME0PMP6T~20180831 - Mayna Santini - Young Tranny Fucked}
_mg_1681.jpg,610011,90ebb3fb,\Exclusive\20180831 - Mayna Santini - Young Tranny Fucked\,{DT16~Excl~ME0PMP6T~20180831 - Mayna Santini - Young Tranny Fucked}
_mg_1682.jpg,554342,05fc6c02,\Exclusive\20180831 - Mayna Santini - Young Tranny Fucked\,{DT16~Excl~ME0PMP6T~20180831 - Mayna Santini - Young Tranny Fucked}
_mg_1683.jpg,551678,25c9fafc,\Exclusive\20180831 - Mayna Santini - Young Tranny Fucked\,{DT16~Excl~ME0PMP6T~20180831 - Mayna Santini - Young Tranny Fucked}
_mg_1684.jpg,594201,5b950a77,\Exclusive\20180831 - Mayna Santini - Young Tranny Fucked\,{DT16~Excl~ME0PMP6T~20180831 - Mayna Santini - Young Tranny Fucked}
_mg_1686.jpg,566219,f453a35b,\Exclusive\20180831 - Mayna Santini - Young Tranny Fucked\,{DT16~Excl~ME0PMP6T~20180831 - Mayna Santini - Young Tranny Fucked}
_mg_1687.jpg,660782,74613402,\Exclusive\20180831 - Mayna Santini - Young Tranny Fucked\,{DT16~Excl~ME0PMP6T~20180831 - Mayna Santini - Young Tranny Fucked}
_mg_1688.jpg,576900,ebc319df,\Exclusive\20180831 - Mayna Santini - Young Tranny Fucked\,{DT16~Excl~ME0PMP6T~20180831 - Mayna Santini - Young Tranny Fucked}
_mg_1689.jpg,686654,c4e991af,\Exclusive\20180831 - Mayna Santini - Young Tranny Fucked\,{DT16~Excl~ME0PMP6T~20180831 - Mayna Santini - Young Tranny Fucked}
_mg_1690.jpg,531866,2cd88adf,\Exclusive\20180831 - Mayna Santini - Young Tranny Fucked\,{DT16~Excl~ME0PMP6T~20180831 - Mayna Santini - Young Tranny Fucked}
_mg_1692.jpg,660848,a53b75f8,\Exclusive\20180831 - Mayna Santini - Young Tranny Fucked\,{DT16~Excl~ME0PMP6T~20180831 - Mayna Santini - Young Tranny Fucked}
_mg_1693.jpg,605692,f99298cb,\Exclusive\20180831 - Mayna Santini - Young Tranny Fucked\,{DT16~Excl~ME0PMP6T~20180831 - Mayna Santini - Young Tranny Fucked}
_mg_1694.jpg,542464,b7790498,\Exclusive\20180831 - Mayna Santini - Young Tranny Fucked\,{DT16~Excl~ME0PMP6T~20180831 - Mayna Santini - Young Tranny Fucked}
_mg_1695.jpg,603736,297212af,\Exclusive\20180831 - Mayna Santini - Young Tranny Fucked\,{DT16~Excl~ME0PMP6T~20180831 - Mayna Santini - Young Tranny Fucked}
_mg_1696.jpg,518014,025459b8,\Exclusive\20180831 - Mayna Santini - Young Tranny Fucked\,{DT16~Excl~ME0PMP6T~20180831 - Mayna Santini - Young Tranny Fucked}
_mg_1697.jpg,585052,3a3b3d49,\Exclusive\20180831 - Mayna Santini - Young Tranny Fucked\,{DT16~Excl~ME0PMP6T~20180831 - Mayna Santini - Young Tranny Fucked}
_mg_1698.jpg,542059,df66bc33,\Exclusive\20180831 - Mayna Santini - Young Tranny Fucked\,{DT16~Excl~ME0PMP6T~20180831 - Mayna Santini - Young Tranny Fucked}
_mg_1699.jpg,555052,c842043a,\Exclusive\20180831 - Mayna Santini - Young Tranny Fucked\,{DT16~Excl~ME0PMP6T~20180831 - Mayna Santini - Young Tranny Fucked}
_mg_1700.jpg,617252,226b862f,\Exclusive\20180831 - Mayna Santini - Young Tranny Fucked\,{DT16~Excl~ME0PMP6T~20180831 - Mayna Santini - Young Tranny Fucked}
_mg_1703.jpg,607543,9e025a2d,\Exclusive\20180831 - Mayna Santini - Young Tranny Fucked\,{DT16~Excl~ME0PMP6T~20180831 - Mayna Santini - Young Tranny Fucked}
_mg_1704.jpg,595745,c497faf9,\Exclusive\20180831 - Mayna Santini - Young Tranny Fucked\,{DT16~Excl~ME0PMP6T~20180831 - Mayna Santini - Young Tranny Fucked}
_mg_1705.jpg,594008,043ea722,\Exclusive\20180831 - Mayna Santini - Young Tranny Fucked\,{DT16~Excl~ME0PMP6T~20180831 - Mayna Santini - Young Tranny Fucked}
_mg_1707.jpg,625696,d4a6fb9c,\Exclusive\20180831 - Mayna Santini - Young Tranny Fucked\,{DT16~Excl~ME0PMP6T~20180831 - Mayna Santini - Young Tranny Fucked}
_mg_1708.jpg,603749,af7c7796,\Exclusive\20180831 - Mayna Santini - Young Tranny Fucked\,{DT16~Excl~ME0PMP6T~20180831 - Mayna Santini - Young Tranny Fucked}
_mg_1709.jpg,582678,04b6886d,\Exclusive\20180831 - Mayna Santini - Young Tranny Fucked\,{DT16~Excl~ME0PMP6T~20180831 - Mayna Santini - Young Tranny Fucked}
_mg_1710.jpg,590125,35965262,\Exclusive\20180831 - Mayna Santini - Young Tranny Fucked\,{DT16~Excl~ME0PMP6T~20180831 - Mayna Santini - Young Tranny Fucked}
_mg_1712.jpg,593004,cfb5311c,\Exclusive\20180831 - Mayna Santini - Young Tranny Fucked\,{DT16~Excl~ME0PMP6T~20180831 - Mayna Santini - Young Tranny Fucked}
_mg_1713.jpg,518379,9ae538ba,\Exclusive\20180831 - Mayna Santini - Young Tranny Fucked\,{DT16~Excl~ME0PMP6T~20180831 - Mayna Santini - Young Tranny Fucked}
_mg_1714.jpg,479854,be675a16,\Exclusive\20180831 - Mayna Santini - Young Tranny Fucked\,{DT16~Excl~ME0PMP6T~20180831 - Mayna Santini - Young Tranny Fucked}
_mg_1716.jpg,670444,1d5cea66,\Exclusive\20180831 - Mayna Santini - Young Tranny Fucked\,{DT16~Excl~ME0PMP6T~20180831 - Mayna Santini - Young Tranny Fucked}
_mg_1717.jpg,591629,c5e34122,\Exclusive\20180831 - Mayna Santini - Young Tranny Fucked\,{DT16~Excl~ME0PMP6T~20180831 - Mayna Santini - Young Tranny Fucked}
_mg_1718.jpg,629951,28a3b194,\Exclusive\20180831 - Mayna Santini - Young Tranny Fucked\,{DT16~Excl~ME0PMP6T~20180831 - Mayna Santini - Young Tranny Fucked}
_mg_1719.jpg,530315,ee1e2ee0,\Exclusive\20180831 - Mayna Santini - Young Tranny Fucked\,{DT16~Excl~ME0PMP6T~20180831 - Mayna Santini - Young Tranny Fucked}
_mg_1720.jpg,559438,611756b8,\Exclusive\20180831 - Mayna Santini - Young Tranny Fucked\,{DT16~Excl~ME0PMP6T~20180831 - Mayna Santini - Young Tranny Fucked}
_mg_1721.jpg,575221,06559c21,\Exclusive\20180831 - Mayna Santini - Young Tranny Fucked\,{DT16~Excl~ME0PMP6T~20180831 - Mayna Santini - Young Tranny Fucked}
_mg_1722.jpg,559398,6676a1ce,\Exclusive\20180831 - Mayna Santini - Young Tranny Fucked\,{DT16~Excl~ME0PMP6T~20180831 - Mayna Santini - Young Tranny Fucked}
_mg_1723.jpg,525383,fbc894f3,\Exclusive\20180831 - Mayna Santini - Young Tranny Fucked\,{DT16~Excl~ME0PMP6T~20180831 - Mayna Santini - Young Tranny Fucked}
_mg_1725.jpg,574444,db2d4833,\Exclusive\20180831 - Mayna Santini - Young Tranny Fucked\,{DT16~Excl~ME0PMP6T~20180831 - Mayna Santini - Young Tranny Fucked}
_mg_1726.jpg,571672,1de36898,\Exclusive\20180831 - Mayna Santini - Young Tranny Fucked\,{DT16~Excl~ME0PMP6T~20180831 - Mayna Santini - Young Tranny Fucked}
_mg_1727.jpg,585231,df34b46e,\Exclusive\20180831 - Mayna Santini - Young Tranny Fucked\,{DT16~Excl~ME0PMP6T~20180831 - Mayna Santini - Young Tranny Fucked}
_mg_1728.jpg,548523,d603cf8b,\Exclusive\20180831 - Mayna Santini - Young Tranny Fucked\,{DT16~Excl~ME0PMP6T~20180831 - Mayna Santini - Young Tranny Fucked}
_mg_1729.jpg,586074,0b8d7df0,\Exclusive\20180831 - Mayna Santini - Young Tranny Fucked\,{DT16~Excl~ME0PMP6T~20180831 - Mayna Santini - Young Tranny Fucked}
_mg_1731.jpg,432441,469c1121,\Exclusive\20180831 - Mayna Santini - Young Tranny Fucked\,{DT16~Excl~ME0PMP6T~20180831 - Mayna Santini - Young Tranny Fucked}
_mg_1732.jpg,452523,e4d059d1,\Exclusive\20180831 - Mayna Santini - Young Tranny Fucked\,{DT16~Excl~ME0PMP6T~20180831 - Mayna Santini - Young Tranny Fucked}
_mg_1733.jpg,551496,60f6e238,\Exclusive\20180831 - Mayna Santini - Young Tranny Fucked\,{DT16~Excl~ME0PMP6T~20180831 - Mayna Santini - Young Tranny Fucked}
_mg_1734.jpg,524486,cd87c8e0,\Exclusive\20180831 - Mayna Santini - Young Tranny Fucked\,{DT16~Excl~ME0PMP6T~20180831 - Mayna Santini - Young Tranny Fucked}
_mg_1736.jpg,499248,e92cfd44,\Exclusive\20180831 - Mayna Santini - Young Tranny Fucked\,{DT16~Excl~ME0PMP6T~20180831 - Mayna Santini - Young Tranny Fucked}
_mg_1737.jpg,498318,47a34fb4,\Exclusive\20180831 - Mayna Santini - Young Tranny Fucked\,{DT16~Excl~ME0PMP6T~20180831 - Mayna Santini - Young Tranny Fucked}
_mg_1739.jpg,455141,c7030f94,\Exclusive\20180831 - Mayna Santini - Young Tranny Fucked\,{DT16~Excl~ME0PMP6T~20180831 - Mayna Santini - Young Tranny Fucked}
_mg_1741.jpg,486668,685ca83a,\Exclusive\20180831 - Mayna Santini - Young Tranny Fucked\,{DT16~Excl~ME0PMP6T~20180831 - Mayna Santini - Young Tranny Fucked}
_mg_1742.jpg,471207,09582c7e,\Exclusive\20180831 - Mayna Santini - Young Tranny Fucked\,{DT16~Excl~ME0PMP6T~20180831 - Mayna Santini - Young Tranny Fucked}
_mg_1743.jpg,484114,4ab60e62,\Exclusive\20180831 - Mayna Santini - Young Tranny Fucked\,{DT16~Excl~ME0PMP6T~20180831 - Mayna Santini - Young Tranny Fucked}
_mg_1748.jpg,450416,1ee82142,\Exclusive\20180831 - Mayna Santini - Young Tranny Fucked\,{DT16~Excl~ME0PMP6T~20180831 - Mayna Santini - Young Tranny Fucked}
_mg_1749.jpg,413574,424cf203,\Exclusive\20180831 - Mayna Santini - Young Tranny Fucked\,{DT16~Excl~ME0PMP6T~20180831 - Mayna Santini - Young Tranny Fucked}
_mg_1750.jpg,456776,de93051a,\Exclusive\20180831 - Mayna Santini - Young Tranny Fucked\,{DT16~Excl~ME0PMP6T~20180831 - Mayna Santini - Young Tranny Fucked}
_mg_1751.jpg,523295,6f6f29de,\Exclusive\20180831 - Mayna Santini - Young Tranny Fucked\,{DT16~Excl~ME0PMP6T~20180831 - Mayna Santini - Young Tranny Fucked}
_mg_1753.jpg,486756,0bb86c27,\Exclusive\20180831 - Mayna Santini - Young Tranny Fucked\,{DT16~Excl~ME0PMP6T~20180831 - Mayna Santini - Young Tranny Fucked}
_mg_1754.jpg,477697,0f0681c7,\Exclusive\20180831 - Mayna Santini - Young Tranny Fucked\,{DT16~Excl~ME0PMP6T~20180831 - Mayna Santini - Young Tranny Fucked}
_mg_1755.jpg,561694,aa1057e7,\Exclusive\20180831 - Mayna Santini - Young Tranny Fucked\,{DT16~Excl~ME0PMP6T~20180831 - Mayna Santini - Young Tranny Fucked}
_mg_1756.jpg,516003,65a9ea60,\Exclusive\20180831 - Mayna Santini - Young Tranny Fucked\,{DT16~Excl~ME0PMP6T~20180831 - Mayna Santini - Young Tranny Fucked}
_mg_1758.jpg,451723,8f600553,\Exclusive\20180831 - Mayna Santini - Young Tranny Fucked\,{DT16~Excl~ME0PMP6T~20180831 - Mayna Santini - Young Tranny Fucked}
_mg_1759.jpg,458941,edb78ea1,\Exclusive\20180831 - Mayna Santini - Young Tranny Fucked\,{DT16~Excl~ME0PMP6T~20180831 - Mayna Santini - Young Tranny Fucked}
_mg_1760.jpg,516061,db414358,\Exclusive\20180831 - Mayna Santini - Young Tranny Fucked\,{DT16~Excl~ME0PMP6T~20180831 - Mayna Santini - Young Tranny Fucked}
_mg_1761.jpg,474646,c5f3a63c,\Exclusive\20180831 - Mayna Santini - Young Tranny Fucked\,{DT16~Excl~ME0PMP6T~20180831 - Mayna Santini - Young Tranny Fucked}
_mg_1762.jpg,443767,08ce1a4b,\Exclusive\20180831 - Mayna Santini - Young Tranny Fucked\,{DT16~Excl~ME0PMP6T~20180831 - Mayna Santini - Young Tranny Fucked}
_mg_1763.jpg,445031,067a04fc,\Exclusive\20180831 - Mayna Santini - Young Tranny Fucked\,{DT16~Excl~ME0PMP6T~20180831 - Mayna Santini - Young Tranny Fucked}
_mg_1764.jpg,449399,5a3dd299,\Exclusive\20180831 - Mayna Santini - Young Tranny Fucked\,{DT16~Excl~ME0PMP6T~20180831 - Mayna Santini - Young Tranny Fucked}
_mg_1765.jpg,494973,6b12ae9f,\Exclusive\20180831 - Mayna Santini - Young Tranny Fucked\,{DT16~Excl~ME0PMP6T~20180831 - Mayna Santini - Young Tranny Fucked}
_mg_1766.jpg,492677,7d1ed2b1,\Exclusive\20180831 - Mayna Santini - Young Tranny Fucked\,{DT16~Excl~ME0PMP6T~20180831 - Mayna Santini - Young Tranny Fucked}
_mg_1767.jpg,461587,c73cc0f1,\Exclusive\20180831 - Mayna Santini - Young Tranny Fucked\,{DT16~Excl~ME0PMP6T~20180831 - Mayna Santini - Young Tranny Fucked}
_mg_1768.jpg,461680,ce8fcbaf,\Exclusive\20180831 - Mayna Santini - Young Tranny Fucked\,{DT16~Excl~ME0PMP6T~20180831 - Mayna Santini - Young Tranny Fucked}
_mg_1769.jpg,459036,1073c36b,\Exclusive\20180831 - Mayna Santini - Young Tranny Fucked\,{DT16~Excl~ME0PMP6T~20180831 - Mayna Santini - Young Tranny Fucked}
_mg_1770.jpg,537805,ef5251d4,\Exclusive\20180831 - Mayna Santini - Young Tranny Fucked\,{DT16~Excl~ME0PMP6T~20180831 - Mayna Santini - Young Tranny Fucked}
_mg_1771.jpg,505957,8da67680,\Exclusive\20180831 - Mayna Santini - Young Tranny Fucked\,{DT16~Excl~ME0PMP6T~20180831 - Mayna Santini - Young Tranny Fucked}
_mg_1773.jpg,570760,657776fe,\Exclusive\20180831 - Mayna Santini - Young Tranny Fucked\,{DT16~Excl~ME0PMP6T~20180831 - Mayna Santini - Young Tranny Fucked}
_mg_1775.jpg,542780,9e8a8114,\Exclusive\20180831 - Mayna Santini - Young Tranny Fucked\,{DT16~Excl~ME0PMP6T~20180831 - Mayna Santini - Young Tranny Fucked}
_mg_1776.jpg,597050,f9ee610c,\Exclusive\20180831 - Mayna Santini - Young Tranny Fucked\,{DT16~Excl~ME0PMP6T~20180831 - Mayna Santini - Young Tranny Fucked}
_mg_1777.jpg,512894,ae99e364,\Exclusive\20180831 - Mayna Santini - Young Tranny Fucked\,{DT16~Excl~ME0PMP6T~20180831 - Mayna Santini - Young Tranny Fucked}
_mg_1778.jpg,487870,65414c8c,\Exclusive\20180831 - Mayna Santini - Young Tranny Fucked\,{DT16~Excl~ME0PMP6T~20180831 - Mayna Santini - Young Tranny Fucked}
_mg_1779.jpg,529670,2cc4400a,\Exclusive\20180831 - Mayna Santini - Young Tranny Fucked\,{DT16~Excl~ME0PMP6T~20180831 - Mayna Santini - Young Tranny Fucked}
_mg_1780.jpg,476137,db59dd0d,\Exclusive\20180831 - Mayna Santini - Young Tranny Fucked\,{DT16~Excl~ME0PMP6T~20180831 - Mayna Santini - Young Tranny Fucked}
_mg_1781.jpg,571358,334decb6,\Exclusive\20180831 - Mayna Santini - Young Tranny Fucked\,{DT16~Excl~ME0PMP6T~20180831 - Mayna Santini - Young Tranny Fucked}
_mg_1782.jpg,609831,cf25f410,\Exclusive\20180831 - Mayna Santini - Young Tranny Fucked\,{DT16~Excl~ME0PMP6T~20180831 - Mayna Santini - Young Tranny Fucked}
_mg_1783.jpg,533714,dcb61a7f,\Exclusive\20180831 - Mayna Santini - Young Tranny Fucked\,{DT16~Excl~ME0PMP6T~20180831 - Mayna Santini - Young Tranny Fucked}
_mg_1784.jpg,543617,cde75e42,\Exclusive\20180831 - Mayna Santini - Young Tranny Fucked\,{DT16~Excl~ME0PMP6T~20180831 - Mayna Santini - Young Tranny Fucked}
_mg_1785.jpg,561893,af27d353,\Exclusive\20180831 - Mayna Santini - Young Tranny Fucked\,{DT16~Excl~ME0PMP6T~20180831 - Mayna Santini - Young Tranny Fucked}
_mg_1786.jpg,588458,461eb2d9,\Exclusive\20180831 - Mayna Santini - Young Tranny Fucked\,{DT16~Excl~ME0PMP6T~20180831 - Mayna Santini - Young Tranny Fucked}
_mg_1787.jpg,558584,392b58b9,\Exclusive\20180831 - Mayna Santini - Young Tranny Fucked\,{DT16~Excl~ME0PMP6T~20180831 - Mayna Santini - Young Tranny Fucked}
_mg_1788.jpg,536255,9fc1b761,\Exclusive\20180831 - Mayna Santini - Young Tranny Fucked\,{DT16~Excl~ME0PMP6T~20180831 - Mayna Santini - Young Tranny Fucked}
_mg_1789.jpg,567816,783754de,\Exclusive\20180831 - Mayna Santini - Young Tranny Fucked\,{DT16~Excl~ME0PMP6T~20180831 - Mayna Santini - Young Tranny Fucked}
_mg_1790.jpg,613385,f5837cc6,\Exclusive\20180831 - Mayna Santini - Young Tranny Fucked\,{DT16~Excl~ME0PMP6T~20180831 - Mayna Santini - Young Tranny Fucked}
_mg_1791.jpg,602131,14bc72a9,\Exclusive\20180831 - Mayna Santini - Young Tranny Fucked\,{DT16~Excl~ME0PMP6T~20180831 - Mayna Santini - Young Tranny Fucked}
_mg_1792.jpg,586848,4be06efc,\Exclusive\20180831 - Mayna Santini - Young Tranny Fucked\,{DT16~Excl~ME0PMP6T~20180831 - Mayna Santini - Young Tranny Fucked}
_mg_1793.jpg,572170,d40d6da6,\Exclusive\20180831 - Mayna Santini - Young Tranny Fucked\,{DT16~Excl~ME0PMP6T~20180831 - Mayna Santini - Young Tranny Fucked}
_mg_1794.jpg,607712,d45fed68,\Exclusive\20180831 - Mayna Santini - Young Tranny Fucked\,{DT16~Excl~ME0PMP6T~20180831 - Mayna Santini - Young Tranny Fucked}
_mg_1795.jpg,546174,a0417705,\Exclusive\20180831 - Mayna Santini - Young Tranny Fucked\,{DT16~Excl~ME0PMP6T~20180831 - Mayna Santini - Young Tranny Fucked}
_mg_1796.jpg,502012,03795e0e,\Exclusive\20180831 - Mayna Santini - Young Tranny Fucked\,{DT16~Excl~ME0PMP6T~20180831 - Mayna Santini - Young Tranny Fucked}
_mg_1800.jpg,633085,ce8a4718,\Exclusive\20180831 - Mayna Santini - Young Tranny Fucked\,{DT16~Excl~ME0PMP6T~20180831 - Mayna Santini - Young Tranny Fucked}
_mg_1802.jpg,615396,7b3f9dcf,\Exclusive\20180831 - Mayna Santini - Young Tranny Fucked\,{DT16~Excl~ME0PMP6T~20180831 - Mayna Santini - Young Tranny Fucked}
_mg_1803.jpg,625999,cf30fc57,\Exclusive\20180831 - Mayna Santini - Young Tranny Fucked\,{DT16~Excl~ME0PMP6T~20180831 - Mayna Santini - Young Tranny Fucked}
_mg_1804.jpg,607064,e53d327d,\Exclusive\20180831 - Mayna Santini - Young Tranny Fucked\,{DT16~Excl~ME0PMP6T~20180831 - Mayna Santini - Young Tranny Fucked}
_mg_1805.jpg,568769,6947323a,\Exclusive\20180831 - Mayna Santini - Young Tranny Fucked\,{DT16~Excl~ME0PMP6T~20180831 - Mayna Santini - Young Tranny Fucked}
_mg_1806.jpg,568408,428e35bf,\Exclusive\20180831 - Mayna Santini - Young Tranny Fucked\,{DT16~Excl~ME0PMP6T~20180831 - Mayna Santini - Young Tranny Fucked}
_mg_1807.jpg,565959,89429fa1,\Exclusive\20180831 - Mayna Santini - Young Tranny Fucked\,{DT16~Excl~ME0PMP6T~20180831 - Mayna Santini - Young Tranny Fucked}
_mg_1809.jpg,514636,6cbd7265,\Exclusive\20180831 - Mayna Santini - Young Tranny Fucked\,{DT16~Excl~ME0PMP6T~20180831 - Mayna Santini - Young Tranny Fucked}
_mg_1810.jpg,566294,5ef5c422,\Exclusive\20180831 - Mayna Santini - Young Tranny Fucked\,{DT16~Excl~ME0PMP6T~20180831 - Mayna Santini - Young Tranny Fucked}
_mg_7120.jpg,408731,73e11e00,\Exclusive\20180904 - Mayna Santini - Newbie And The Fuck Machine\,{DT16~Excl~ME0PMTZU~20180904 - Mayna Santini - Newbie And The Fuck Machine}
_mg_7121.jpg,477044,90e8149e,\Exclusive\20180904 - Mayna Santini - Newbie And The Fuck Machine\,{DT16~Excl~ME0PMTZU~20180904 - Mayna Santini - Newbie And The Fuck Machine}
_mg_7122.jpg,413026,6e4ce560,\Exclusive\20180904 - Mayna Santini - Newbie And The Fuck Machine\,{DT16~Excl~ME0PMTZU~20180904 - Mayna Santini - Newbie And The Fuck Machine}
_mg_7124.jpg,523701,5d47e095,\Exclusive\20180904 - Mayna Santini - Newbie And The Fuck Machine\,{DT16~Excl~ME0PMTZU~20180904 - Mayna Santini - Newbie And The Fuck Machine}
_mg_7126.jpg,535872,79345114,\Exclusive\20180904 - Mayna Santini - Newbie And The Fuck Machine\,{DT16~Excl~ME0PMTZU~20180904 - Mayna Santini - Newbie And The Fuck Machine}
_mg_7127.jpg,437166,463d7ab2,\Exclusive\20180904 - Mayna Santini - Newbie And The Fuck Machine\,{DT16~Excl~ME0PMTZU~20180904 - Mayna Santini - Newbie And The Fuck Machine}
_mg_7128.jpg,461230,4f54b9ed,\Exclusive\20180904 - Mayna Santini - Newbie And The Fuck Machine\,{DT16~Excl~ME0PMTZU~20180904 - Mayna Santini - Newbie And The Fuck Machine}
_mg_7129.jpg,377656,cfe0331f,\Exclusive\20180904 - Mayna Santini - Newbie And The Fuck Machine\,{DT16~Excl~ME0PMTZU~20180904 - Mayna Santini - Newbie And The Fuck Machine}
_mg_7130.jpg,381331,2b6bcdb0,\Exclusive\20180904 - Mayna Santini - Newbie And The Fuck Machine\,{DT16~Excl~ME0PMTZU~20180904 - Mayna Santini - Newbie And The Fuck Machine}
_mg_7131.jpg,383483,bb80bf14,\Exclusive\20180904 - Mayna Santini - Newbie And The Fuck Machine\,{DT16~Excl~ME0PMTZU~20180904 - Mayna Santini - Newbie And The Fuck Machine}
_mg_7134.jpg,423884,f4a25bf6,\Exclusive\20180904 - Mayna Santini - Newbie And The Fuck Machine\,{DT16~Excl~ME0PMTZU~20180904 - Mayna Santini - Newbie And The Fuck Machine}
_mg_7135.jpg,415907,40c96aae,\Exclusive\20180904 - Mayna Santini - Newbie And The Fuck Machine\,{DT16~Excl~ME0PMTZU~20180904 - Mayna Santini - Newbie And The Fuck Machine}
_mg_7136.jpg,418254,7caff2d1,\Exclusive\20180904 - Mayna Santini - Newbie And The Fuck Machine\,{DT16~Excl~ME0PMTZU~20180904 - Mayna Santini - Newbie And The Fuck Machine}
_mg_7137.jpg,466804,77447216,\Exclusive\20180904 - Mayna Santini - Newbie And The Fuck Machine\,{DT16~Excl~ME0PMTZU~20180904 - Mayna Santini - Newbie And The Fuck Machine}
_mg_7139.jpg,478253,7e3d2a5a,\Exclusive\20180904 - Mayna Santini - Newbie And The Fuck Machine\,{DT16~Excl~ME0PMTZU~20180904 - Mayna Santini - Newbie And The Fuck Machine}
_mg_7140.jpg,406474,a2e7640d,\Exclusive\20180904 - Mayna Santini - Newbie And The Fuck Machine\,{DT16~Excl~ME0PMTZU~20180904 - Mayna Santini - Newbie And The Fuck Machine}
_mg_7141.jpg,410350,96bf9e25,\Exclusive\20180904 - Mayna Santini - Newbie And The Fuck Machine\,{DT16~Excl~ME0PMTZU~20180904 - Mayna Santini - Newbie And The Fuck Machine}
_mg_7142.jpg,460690,b2c20c1c,\Exclusive\20180904 - Mayna Santini - Newbie And The Fuck Machine\,{DT16~Excl~ME0PMTZU~20180904 - Mayna Santini - Newbie And The Fuck Machine}
_mg_7143.jpg,423262,96fa8d2d,\Exclusive\20180904 - Mayna Santini - Newbie And The Fuck Machine\,{DT16~Excl~ME0PMTZU~20180904 - Mayna Santini - Newbie And The Fuck Machine}
_mg_7144.jpg,412799,4901d9ef,\Exclusive\20180904 - Mayna Santini - Newbie And The Fuck Machine\,{DT16~Excl~ME0PMTZU~20180904 - Mayna Santini - Newbie And The Fuck Machine}
_mg_7145.jpg,437669,e50b904f,\Exclusive\20180904 - Mayna Santini - Newbie And The Fuck Machine\,{DT16~Excl~ME0PMTZU~20180904 - Mayna Santini - Newbie And The Fuck Machine}
_mg_7146.jpg,396668,de173dcb,\Exclusive\20180904 - Mayna Santini - Newbie And The Fuck Machine\,{DT16~Excl~ME0PMTZU~20180904 - Mayna Santini - Newbie And The Fuck Machine}
_mg_7147.jpg,406594,e4db8c97,\Exclusive\20180904 - Mayna Santini - Newbie And The Fuck Machine\,{DT16~Excl~ME0PMTZU~20180904 - Mayna Santini - Newbie And The Fuck Machine}
_mg_7148.jpg,357828,02012c9b,\Exclusive\20180904 - Mayna Santini - Newbie And The Fuck Machine\,{DT16~Excl~ME0PMTZU~20180904 - Mayna Santini - Newbie And The Fuck Machine}
_mg_7149.jpg,366208,8c45c0c0,\Exclusive\20180904 - Mayna Santini - Newbie And The Fuck Machine\,{DT16~Excl~ME0PMTZU~20180904 - Mayna Santini - Newbie And The Fuck Machine}
_mg_7150.jpg,390635,e6bb63b3,\Exclusive\20180904 - Mayna Santini - Newbie And The Fuck Machine\,{DT16~Excl~ME0PMTZU~20180904 - Mayna Santini - Newbie And The Fuck Machine}
_mg_7151.jpg,366417,6a76e7c9,\Exclusive\20180904 - Mayna Santini - Newbie And The Fuck Machine\,{DT16~Excl~ME0PMTZU~20180904 - Mayna Santini - Newbie And The Fuck Machine}
_mg_7152.jpg,378859,726f267b,\Exclusive\20180904 - Mayna Santini - Newbie And The Fuck Machine\,{DT16~Excl~ME0PMTZU~20180904 - Mayna Santini - Newbie And The Fuck Machine}
_mg_7153.jpg,389680,419b006d,\Exclusive\20180904 - Mayna Santini - Newbie And The Fuck Machine\,{DT16~Excl~ME0PMTZU~20180904 - Mayna Santini - Newbie And The Fuck Machine}
_mg_7154.jpg,398515,3ce916f2,\Exclusive\20180904 - Mayna Santini - Newbie And The Fuck Machine\,{DT16~Excl~ME0PMTZU~20180904 - Mayna Santini - Newbie And The Fuck Machine}
_mg_7155.jpg,377941,5a8d890f,\Exclusive\20180904 - Mayna Santini - Newbie And The Fuck Machine\,{DT16~Excl~ME0PMTZU~20180904 - Mayna Santini - Newbie And The Fuck Machine}
_mg_7156.jpg,399583,91ac161f,\Exclusive\20180904 - Mayna Santini - Newbie And The Fuck Machine\,{DT16~Excl~ME0PMTZU~20180904 - Mayna Santini - Newbie And The Fuck Machine}
_mg_7158.jpg,366240,c61744b8,\Exclusive\20180904 - Mayna Santini - Newbie And The Fuck Machine\,{DT16~Excl~ME0PMTZU~20180904 - Mayna Santini - Newbie And The Fuck Machine}
_mg_7159.jpg,347560,972a0533,\Exclusive\20180904 - Mayna Santini - Newbie And The Fuck Machine\,{DT16~Excl~ME0PMTZU~20180904 - Mayna Santini - Newbie And The Fuck Machine}
_mg_7161.jpg,419444,ac0b1f8d,\Exclusive\20180904 - Mayna Santini - Newbie And The Fuck Machine\,{DT16~Excl~ME0PMTZU~20180904 - Mayna Santini - Newbie And The Fuck Machine}
_mg_7162.jpg,437339,ba2f8ba8,\Exclusive\20180904 - Mayna Santini - Newbie And The Fuck Machine\,{DT16~Excl~ME0PMTZU~20180904 - Mayna Santini - Newbie And The Fuck Machine}
_mg_7163.jpg,458638,98fa4bac,\Exclusive\20180904 - Mayna Santini - Newbie And The Fuck Machine\,{DT16~Excl~ME0PMTZU~20180904 - Mayna Santini - Newbie And The Fuck Machine}
_mg_7164.jpg,413517,18bde6d6,\Exclusive\20180904 - Mayna Santini - Newbie And The Fuck Machine\,{DT16~Excl~ME0PMTZU~20180904 - Mayna Santini - Newbie And The Fuck Machine}
_mg_7165.jpg,472390,2a4d245e,\Exclusive\20180904 - Mayna Santini - Newbie And The Fuck Machine\,{DT16~Excl~ME0PMTZU~20180904 - Mayna Santini - Newbie And The Fuck Machine}
_mg_7166.jpg,440772,614e7d36,\Exclusive\20180904 - Mayna Santini - Newbie And The Fuck Machine\,{DT16~Excl~ME0PMTZU~20180904 - Mayna Santini - Newbie And The Fuck Machine}
_mg_7167.jpg,482066,a5c8f987,\Exclusive\20180904 - Mayna Santini - Newbie And The Fuck Machine\,{DT16~Excl~ME0PMTZU~20180904 - Mayna Santini - Newbie And The Fuck Machine}
_mg_7168.jpg,385319,6e77108b,\Exclusive\20180904 - Mayna Santini - Newbie And The Fuck Machine\,{DT16~Excl~ME0PMTZU~20180904 - Mayna Santini - Newbie And The Fuck Machine}
_mg_7170.jpg,417744,e9b0e2be,\Exclusive\20180904 - Mayna Santini - Newbie And The Fuck Machine\,{DT16~Excl~ME0PMTZU~20180904 - Mayna Santini - Newbie And The Fuck Machine}
_mg_7171.jpg,403535,f87ba050,\Exclusive\20180904 - Mayna Santini - Newbie And The Fuck Machine\,{DT16~Excl~ME0PMTZU~20180904 - Mayna Santini - Newbie And The Fuck Machine}
_mg_7172.jpg,455134,6734a3d4,\Exclusive\20180904 - Mayna Santini - Newbie And The Fuck Machine\,{DT16~Excl~ME0PMTZU~20180904 - Mayna Santini - Newbie And The Fuck Machine}
_mg_7173.jpg,492132,2d53fcb6,\Exclusive\20180904 - Mayna Santini - Newbie And The Fuck Machine\,{DT16~Excl~ME0PMTZU~20180904 - Mayna Santini - Newbie And The Fuck Machine}
_mg_7174.jpg,499929,e4801d84,\Exclusive\20180904 - Mayna Santini - Newbie And The Fuck Machine\,{DT16~Excl~ME0PMTZU~20180904 - Mayna Santini - Newbie And The Fuck Machine}
_mg_7175.jpg,470920,aa100967,\Exclusive\20180904 - Mayna Santini - Newbie And The Fuck Machine\,{DT16~Excl~ME0PMTZU~20180904 - Mayna Santini - Newbie And The Fuck Machine}
_mg_7176.jpg,457711,d6c9dfc0,\Exclusive\20180904 - Mayna Santini - Newbie And The Fuck Machine\,{DT16~Excl~ME0PMTZU~20180904 - Mayna Santini - Newbie And The Fuck Machine}
_mg_7177.jpg,458676,06ee0684,\Exclusive\20180904 - Mayna Santini - Newbie And The Fuck Machine\,{DT16~Excl~ME0PMTZU~20180904 - Mayna Santini - Newbie And The Fuck Machine}
_mg_7178.jpg,454236,7b391f03,\Exclusive\20180904 - Mayna Santini - Newbie And The Fuck Machine\,{DT16~Excl~ME0PMTZU~20180904 - Mayna Santini - Newbie And The Fuck Machine}
_mg_7179.jpg,448419,b569a85b,\Exclusive\20180904 - Mayna Santini - Newbie And The Fuck Machine\,{DT16~Excl~ME0PMTZU~20180904 - Mayna Santini - Newbie And The Fuck Machine}
_mg_7180.jpg,428701,48fa6c40,\Exclusive\20180904 - Mayna Santini - Newbie And The Fuck Machine\,{DT16~Excl~ME0PMTZU~20180904 - Mayna Santini - Newbie And The Fuck Machine}
_mg_7181.jpg,490007,fc1f9c26,\Exclusive\20180904 - Mayna Santini - Newbie And The Fuck Machine\,{DT16~Excl~ME0PMTZU~20180904 - Mayna Santini - Newbie And The Fuck Machine}
_mg_7182.jpg,509561,860dd465,\Exclusive\20180904 - Mayna Santini - Newbie And The Fuck Machine\,{DT16~Excl~ME0PMTZU~20180904 - Mayna Santini - Newbie And The Fuck Machine}
_mg_7183.jpg,461722,7c4ba9ba,\Exclusive\20180904 - Mayna Santini - Newbie And The Fuck Machine\,{DT16~Excl~ME0PMTZU~20180904 - Mayna Santini - Newbie And The Fuck Machine}
_mg_7184.jpg,448902,0ffd120c,\Exclusive\20180904 - Mayna Santini - Newbie And The Fuck Machine\,{DT16~Excl~ME0PMTZU~20180904 - Mayna Santini - Newbie And The Fuck Machine}
_mg_7186.jpg,514715,b20e6fb7,\Exclusive\20180904 - Mayna Santini - Newbie And The Fuck Machine\,{DT16~Excl~ME0PMTZU~20180904 - Mayna Santini - Newbie And The Fuck Machine}
_mg_7187.jpg,519227,90532b44,\Exclusive\20180904 - Mayna Santini - Newbie And The Fuck Machine\,{DT16~Excl~ME0PMTZU~20180904 - Mayna Santini - Newbie And The Fuck Machine}
_mg_7188.jpg,485736,e5ff417f,\Exclusive\20180904 - Mayna Santini - Newbie And The Fuck Machine\,{DT16~Excl~ME0PMTZU~20180904 - Mayna Santini - Newbie And The Fuck Machine}
_mg_7189.jpg,467863,45837c98,\Exclusive\20180904 - Mayna Santini - Newbie And The Fuck Machine\,{DT16~Excl~ME0PMTZU~20180904 - Mayna Santini - Newbie And The Fuck Machine}
_mg_7190.jpg,437249,317fab21,\Exclusive\20180904 - Mayna Santini - Newbie And The Fuck Machine\,{DT16~Excl~ME0PMTZU~20180904 - Mayna Santini - Newbie And The Fuck Machine}
_mg_7191.jpg,441162,cf5a99c6,\Exclusive\20180904 - Mayna Santini - Newbie And The Fuck Machine\,{DT16~Excl~ME0PMTZU~20180904 - Mayna Santini - Newbie And The Fuck Machine}
_mg_7192.jpg,430695,f7efb8fa,\Exclusive\20180904 - Mayna Santini - Newbie And The Fuck Machine\,{DT16~Excl~ME0PMTZU~20180904 - Mayna Santini - Newbie And The Fuck Machine}
_mg_7194.jpg,393716,6d1daac1,\Exclusive\20180904 - Mayna Santini - Newbie And The Fuck Machine\,{DT16~Excl~ME0PMTZU~20180904 - Mayna Santini - Newbie And The Fuck Machine}
_mg_7195.jpg,478650,46822099,\Exclusive\20180904 - Mayna Santini - Newbie And The Fuck Machine\,{DT16~Excl~ME0PMTZU~20180904 - Mayna Santini - Newbie And The Fuck Machine}
_mg_7196.jpg,420380,136aaaa3,\Exclusive\20180904 - Mayna Santini - Newbie And The Fuck Machine\,{DT16~Excl~ME0PMTZU~20180904 - Mayna Santini - Newbie And The Fuck Machine}
_mg_7199.jpg,460906,f9987777,\Exclusive\20180904 - Mayna Santini - Newbie And The Fuck Machine\,{DT16~Excl~ME0PMTZU~20180904 - Mayna Santini - Newbie And The Fuck Machine}
_mg_7200.jpg,489838,4baad923,\Exclusive\20180904 - Mayna Santini - Newbie And The Fuck Machine\,{DT16~Excl~ME0PMTZU~20180904 - Mayna Santini - Newbie And The Fuck Machine}
_mg_7201.jpg,527535,8170e0e2,\Exclusive\20180904 - Mayna Santini - Newbie And The Fuck Machine\,{DT16~Excl~ME0PMTZU~20180904 - Mayna Santini - Newbie And The Fuck Machine}
_mg_7202.jpg,439237,c1804850,\Exclusive\20180904 - Mayna Santini - Newbie And The Fuck Machine\,{DT16~Excl~ME0PMTZU~20180904 - Mayna Santini - Newbie And The Fuck Machine}
_mg_7203.jpg,483646,1483a564,\Exclusive\20180904 - Mayna Santini - Newbie And The Fuck Machine\,{DT16~Excl~ME0PMTZU~20180904 - Mayna Santini - Newbie And The Fuck Machine}
_mg_7205.jpg,659431,700de169,\Exclusive\20180904 - Mayna Santini - Newbie And The Fuck Machine\,{DT16~Excl~ME0PMTZU~20180904 - Mayna Santini - Newbie And The Fuck Machine}
_mg_7206.jpg,487257,96c45831,\Exclusive\20180904 - Mayna Santini - Newbie And The Fuck Machine\,{DT16~Excl~ME0PMTZU~20180904 - Mayna Santini - Newbie And The Fuck Machine}
_mg_7207.jpg,436350,80a3f958,\Exclusive\20180904 - Mayna Santini - Newbie And The Fuck Machine\,{DT16~Excl~ME0PMTZU~20180904 - Mayna Santini - Newbie And The Fuck Machine}
_mg_7208.jpg,390116,023708d5,\Exclusive\20180904 - Mayna Santini - Newbie And The Fuck Machine\,{DT16~Excl~ME0PMTZU~20180904 - Mayna Santini - Newbie And The Fuck Machine}
_mg_7209.jpg,433422,93666f54,\Exclusive\20180904 - Mayna Santini - Newbie And The Fuck Machine\,{DT16~Excl~ME0PMTZU~20180904 - Mayna Santini - Newbie And The Fuck Machine}
_mg_7210.jpg,444726,195c4afe,\Exclusive\20180904 - Mayna Santini - Newbie And The Fuck Machine\,{DT16~Excl~ME0PMTZU~20180904 - Mayna Santini - Newbie And The Fuck Machine}
_mg_7211.jpg,494249,c271f403,\Exclusive\20180904 - Mayna Santini - Newbie And The Fuck Machine\,{DT16~Excl~ME0PMTZU~20180904 - Mayna Santini - Newbie And The Fuck Machine}
_mg_7212.jpg,395731,d3400aa8,\Exclusive\20180904 - Mayna Santini - Newbie And The Fuck Machine\,{DT16~Excl~ME0PMTZU~20180904 - Mayna Santini - Newbie And The Fuck Machine}
_mg_7213.jpg,426873,fcbc19a5,\Exclusive\20180904 - Mayna Santini - Newbie And The Fuck Machine\,{DT16~Excl~ME0PMTZU~20180904 - Mayna Santini - Newbie And The Fuck Machine}
_mg_7214.jpg,426002,6d3e0bab,\Exclusive\20180904 - Mayna Santini - Newbie And The Fuck Machine\,{DT16~Excl~ME0PMTZU~20180904 - Mayna Santini - Newbie And The Fuck Machine}
_mg_7215.jpg,431242,b73866ed,\Exclusive\20180904 - Mayna Santini - Newbie And The Fuck Machine\,{DT16~Excl~ME0PMTZU~20180904 - Mayna Santini - Newbie And The Fuck Machine}
_mg_7216.jpg,766791,d82534bb,\Exclusive\20180904 - Mayna Santini - Newbie And The Fuck Machine\,{DT16~Excl~ME0PMTZU~20180904 - Mayna Santini - Newbie And The Fuck Machine}
_mg_7217.jpg,603145,3b36ea5d,\Exclusive\20180904 - Mayna Santini - Newbie And The Fuck Machine\,{DT16~Excl~ME0PMTZU~20180904 - Mayna Santini - Newbie And The Fuck Machine}
_mg_7219.jpg,372126,c624c384,\Exclusive\20180904 - Mayna Santini - Newbie And The Fuck Machine\,{DT16~Excl~ME0PMTZU~20180904 - Mayna Santini - Newbie And The Fuck Machine}
_mg_7220.jpg,314022,fb5f9d4e,\Exclusive\20180904 - Mayna Santini - Newbie And The Fuck Machine\,{DT16~Excl~ME0PMTZU~20180904 - Mayna Santini - Newbie And The Fuck Machine}
_mg_7222.jpg,444446,e162ebab,\Exclusive\20180904 - Mayna Santini - Newbie And The Fuck Machine\,{DT16~Excl~ME0PMTZU~20180904 - Mayna Santini - Newbie And The Fuck Machine}
_mg_7224.jpg,435795,f6e3c44c,\Exclusive\20180904 - Mayna Santini - Newbie And The Fuck Machine\,{DT16~Excl~ME0PMTZU~20180904 - Mayna Santini - Newbie And The Fuck Machine}
_mg_7227.jpg,426701,38f82cfa,\Exclusive\20180904 - Mayna Santini - Newbie And The Fuck Machine\,{DT16~Excl~ME0PMTZU~20180904 - Mayna Santini - Newbie And The Fuck Machine}
_mg_7228.jpg,435311,fdb9cdea,\Exclusive\20180904 - Mayna Santini - Newbie And The Fuck Machine\,{DT16~Excl~ME0PMTZU~20180904 - Mayna Santini - Newbie And The Fuck Machine}
_mg_7229.jpg,436561,f1b05d9e,\Exclusive\20180904 - Mayna Santini - Newbie And The Fuck Machine\,{DT16~Excl~ME0PMTZU~20180904 - Mayna Santini - Newbie And The Fuck Machine}
_mg_7231.jpg,483919,d073668f,\Exclusive\20180904 - Mayna Santini - Newbie And The Fuck Machine\,{DT16~Excl~ME0PMTZU~20180904 - Mayna Santini - Newbie And The Fuck Machine}
_mg_7233.jpg,488130,6395dc56,\Exclusive\20180904 - Mayna Santini - Newbie And The Fuck Machine\,{DT16~Excl~ME0PMTZU~20180904 - Mayna Santini - Newbie And The Fuck Machine}
_mg_7234.jpg,452986,8f812027,\Exclusive\20180904 - Mayna Santini - Newbie And The Fuck Machine\,{DT16~Excl~ME0PMTZU~20180904 - Mayna Santini - Newbie And The Fuck Machine}
_mg_7235.jpg,481251,bbe5a004,\Exclusive\20180904 - Mayna Santini - Newbie And The Fuck Machine\,{DT16~Excl~ME0PMTZU~20180904 - Mayna Santini - Newbie And The Fuck Machine}
_mg_7236.jpg,510095,325d8e66,\Exclusive\20180904 - Mayna Santini - Newbie And The Fuck Machine\,{DT16~Excl~ME0PMTZU~20180904 - Mayna Santini - Newbie And The Fuck Machine}
_mg_7237.jpg,504931,44ac1e8a,\Exclusive\20180904 - Mayna Santini - Newbie And The Fuck Machine\,{DT16~Excl~ME0PMTZU~20180904 - Mayna Santini - Newbie And The Fuck Machine}
_mg_7240.jpg,470899,4ea89be5,\Exclusive\20180904 - Mayna Santini - Newbie And The Fuck Machine\,{DT16~Excl~ME0PMTZU~20180904 - Mayna Santini - Newbie And The Fuck Machine}
_mg_7241.jpg,616539,7f4b0afe,\Exclusive\20180904 - Mayna Santini - Newbie And The Fuck Machine\,{DT16~Excl~ME0PMTZU~20180904 - Mayna Santini - Newbie And The Fuck Machine}
_mg_7242.jpg,469054,83f25cf5,\Exclusive\20180904 - Mayna Santini - Newbie And The Fuck Machine\,{DT16~Excl~ME0PMTZU~20180904 - Mayna Santini - Newbie And The Fuck Machine}
_mg_7243.jpg,361216,a8a07b49,\Exclusive\20180904 - Mayna Santini - Newbie And The Fuck Machine\,{DT16~Excl~ME0PMTZU~20180904 - Mayna Santini - Newbie And The Fuck Machine}
_mg_7245.jpg,465810,2fbfad22,\Exclusive\20180904 - Mayna Santini - Newbie And The Fuck Machine\,{DT16~Excl~ME0PMTZU~20180904 - Mayna Santini - Newbie And The Fuck Machine}
_mg_7247.jpg,548146,43c962ee,\Exclusive\20180904 - Mayna Santini - Newbie And The Fuck Machine\,{DT16~Excl~ME0PMTZU~20180904 - Mayna Santini - Newbie And The Fuck Machine}
_mg_7248.jpg,557013,db7ae405,\Exclusive\20180904 - Mayna Santini - Newbie And The Fuck Machine\,{DT16~Excl~ME0PMTZU~20180904 - Mayna Santini - Newbie And The Fuck Machine}
_mg_7249.jpg,469586,6229a6eb,\Exclusive\20180904 - Mayna Santini - Newbie And The Fuck Machine\,{DT16~Excl~ME0PMTZU~20180904 - Mayna Santini - Newbie And The Fuck Machine}
_mg_7253.jpg,519984,9efb7cef,\Exclusive\20180904 - Mayna Santini - Newbie And The Fuck Machine\,{DT16~Excl~ME0PMTZU~20180904 - Mayna Santini - Newbie And The Fuck Machine}
_mg_7255.jpg,542185,c7b12441,\Exclusive\20180904 - Mayna Santini - Newbie And The Fuck Machine\,{DT16~Excl~ME0PMTZU~20180904 - Mayna Santini - Newbie And The Fuck Machine}
_mg_7256.jpg,525302,c2404f5f,\Exclusive\20180904 - Mayna Santini - Newbie And The Fuck Machine\,{DT16~Excl~ME0PMTZU~20180904 - Mayna Santini - Newbie And The Fuck Machine}
_mg_7257.jpg,501328,9d2386fc,\Exclusive\20180904 - Mayna Santini - Newbie And The Fuck Machine\,{DT16~Excl~ME0PMTZU~20180904 - Mayna Santini - Newbie And The Fuck Machine}
_mg_7258.jpg,517189,58b955f1,\Exclusive\20180904 - Mayna Santini - Newbie And The Fuck Machine\,{DT16~Excl~ME0PMTZU~20180904 - Mayna Santini - Newbie And The Fuck Machine}
_mg_7259.jpg,506784,1b3ec6d2,\Exclusive\20180904 - Mayna Santini - Newbie And The Fuck Machine\,{DT16~Excl~ME0PMTZU~20180904 - Mayna Santini - Newbie And The Fuck Machine}
_mg_7261.jpg,703880,121deb12,\Exclusive\20180904 - Mayna Santini - Newbie And The Fuck Machine\,{DT16~Excl~ME0PMTZU~20180904 - Mayna Santini - Newbie And The Fuck Machine}
_mg_7263.jpg,504730,33b249fc,\Exclusive\20180904 - Mayna Santini - Newbie And The Fuck Machine\,{DT16~Excl~ME0PMTZU~20180904 - Mayna Santini - Newbie And The Fuck Machine}
_mg_7264.jpg,564975,409bf2a0,\Exclusive\20180904 - Mayna Santini - Newbie And The Fuck Machine\,{DT16~Excl~ME0PMTZU~20180904 - Mayna Santini - Newbie And The Fuck Machine}
_mg_7265.jpg,558289,5fd25e6b,\Exclusive\20180904 - Mayna Santini - Newbie And The Fuck Machine\,{DT16~Excl~ME0PMTZU~20180904 - Mayna Santini - Newbie And The Fuck Machine}
_mg_7266.jpg,526093,8a124e26,\Exclusive\20180904 - Mayna Santini - Newbie And The Fuck Machine\,{DT16~Excl~ME0PMTZU~20180904 - Mayna Santini - Newbie And The Fuck Machine}
_mg_7267.jpg,512557,edd5c11a,\Exclusive\20180904 - Mayna Santini - Newbie And The Fuck Machine\,{DT16~Excl~ME0PMTZU~20180904 - Mayna Santini - Newbie And The Fuck Machine}
_mg_7268.jpg,506466,a899a9ec,\Exclusive\20180904 - Mayna Santini - Newbie And The Fuck Machine\,{DT16~Excl~ME0PMTZU~20180904 - Mayna Santini - Newbie And The Fuck Machine}
_mg_7271.jpg,399601,cbf2e233,\Exclusive\20180904 - Mayna Santini - Newbie And The Fuck Machine\,{DT16~Excl~ME0PMTZU~20180904 - Mayna Santini - Newbie And The Fuck Machine}
_mg_7273.jpg,430167,2e6b4fd0,\Exclusive\20180904 - Mayna Santini - Newbie And The Fuck Machine\,{DT16~Excl~ME0PMTZU~20180904 - Mayna Santini - Newbie And The Fuck Machine}
_mg_7274.jpg,461232,4c287d2b,\Exclusive\20180904 - Mayna Santini - Newbie And The Fuck Machine\,{DT16~Excl~ME0PMTZU~20180904 - Mayna Santini - Newbie And The Fuck Machine}
_mg_7275.jpg,432376,ac556917,\Exclusive\20180904 - Mayna Santini - Newbie And The Fuck Machine\,{DT16~Excl~ME0PMTZU~20180904 - Mayna Santini - Newbie And The Fuck Machine}
_mg_7276.jpg,437433,0aa7c1d1,\Exclusive\20180904 - Mayna Santini - Newbie And The Fuck Machine\,{DT16~Excl~ME0PMTZU~20180904 - Mayna Santini - Newbie And The Fuck Machine}
_mg_7278.jpg,453547,712c31aa,\Exclusive\20180904 - Mayna Santini - Newbie And The Fuck Machine\,{DT16~Excl~ME0PMTZU~20180904 - Mayna Santini - Newbie And The Fuck Machine}
_mg_7279.jpg,440662,ebfb9fa4,\Exclusive\20180904 - Mayna Santini - Newbie And The Fuck Machine\,{DT16~Excl~ME0PMTZU~20180904 - Mayna Santini - Newbie And The Fuck Machine}
_mg_7280.jpg,397000,42d15141,\Exclusive\20180904 - Mayna Santini - Newbie And The Fuck Machine\,{DT16~Excl~ME0PMTZU~20180904 - Mayna Santini - Newbie And The Fuck Machine}
_mg_7281.jpg,454811,765adb00,\Exclusive\20180904 - Mayna Santini - Newbie And The Fuck Machine\,{DT16~Excl~ME0PMTZU~20180904 - Mayna Santini - Newbie And The Fuck Machine}
_mg_7282.jpg,487472,94881d5c,\Exclusive\20180904 - Mayna Santini - Newbie And The Fuck Machine\,{DT16~Excl~ME0PMTZU~20180904 - Mayna Santini - Newbie And The Fuck Machine}
_mg_7283.jpg,414468,422286dd,\Exclusive\20180904 - Mayna Santini - Newbie And The Fuck Machine\,{DT16~Excl~ME0PMTZU~20180904 - Mayna Santini - Newbie And The Fuck Machine}
_mg_7284.jpg,438872,48d76570,\Exclusive\20180904 - Mayna Santini - Newbie And The Fuck Machine\,{DT16~Excl~ME0PMTZU~20180904 - Mayna Santini - Newbie And The Fuck Machine}
_mg_7286.jpg,457303,13f49b43,\Exclusive\20180904 - Mayna Santini - Newbie And The Fuck Machine\,{DT16~Excl~ME0PMTZU~20180904 - Mayna Santini - Newbie And The Fuck Machine}
_mg_7287.jpg,420756,c0cad5ec,\Exclusive\20180904 - Mayna Santini - Newbie And The Fuck Machine\,{DT16~Excl~ME0PMTZU~20180904 - Mayna Santini - Newbie And The Fuck Machine}
_mg_7289.jpg,426982,e3a5aa9b,\Exclusive\20180904 - Mayna Santini - Newbie And The Fuck Machine\,{DT16~Excl~ME0PMTZU~20180904 - Mayna Santini - Newbie And The Fuck Machine}
_mg_7291.jpg,466378,6fa2e7d8,\Exclusive\20180904 - Mayna Santini - Newbie And The Fuck Machine\,{DT16~Excl~ME0PMTZU~20180904 - Mayna Santini - Newbie And The Fuck Machine}
_mg_7294.jpg,504397,ebc5495e,\Exclusive\20180904 - Mayna Santini - Newbie And The Fuck Machine\,{DT16~Excl~ME0PMTZU~20180904 - Mayna Santini - Newbie And The Fuck Machine}
_mg_7295.jpg,498314,b82968d2,\Exclusive\20180904 - Mayna Santini - Newbie And The Fuck Machine\,{DT16~Excl~ME0PMTZU~20180904 - Mayna Santini - Newbie And The Fuck Machine}
_mg_7296.jpg,515716,8df3939e,\Exclusive\20180904 - Mayna Santini - Newbie And The Fuck Machine\,{DT16~Excl~ME0PMTZU~20180904 - Mayna Santini - Newbie And The Fuck Machine}
_mg_7297.jpg,482774,a8d7947b,\Exclusive\20180904 - Mayna Santini - Newbie And The Fuck Machine\,{DT16~Excl~ME0PMTZU~20180904 - Mayna Santini - Newbie And The Fuck Machine}
_mg_7298.jpg,493332,58b5158b,\Exclusive\20180904 - Mayna Santini - Newbie And The Fuck Machine\,{DT16~Excl~ME0PMTZU~20180904 - Mayna Santini - Newbie And The Fuck Machine}
_mg_7299.jpg,467588,132d3415,\Exclusive\20180904 - Mayna Santini - Newbie And The Fuck Machine\,{DT16~Excl~ME0PMTZU~20180904 - Mayna Santini - Newbie And The Fuck Machine}
_mg_7302.jpg,483485,032f9414,\Exclusive\20180904 - Mayna Santini - Newbie And The Fuck Machine\,{DT16~Excl~ME0PMTZU~20180904 - Mayna Santini - Newbie And The Fuck Machine}
_mg_7304.jpg,443755,40d97dfa,\Exclusive\20180904 - Mayna Santini - Newbie And The Fuck Machine\,{DT16~Excl~ME0PMTZU~20180904 - Mayna Santini - Newbie And The Fuck Machine}
_mg_7306.jpg,470717,7f1139f5,\Exclusive\20180904 - Mayna Santini - Newbie And The Fuck Machine\,{DT16~Excl~ME0PMTZU~20180904 - Mayna Santini - Newbie And The Fuck Machine}
_mg_7307.jpg,437774,57d91541,\Exclusive\20180904 - Mayna Santini - Newbie And The Fuck Machine\,{DT16~Excl~ME0PMTZU~20180904 - Mayna Santini - Newbie And The Fuck Machine}
_mg_7308.jpg,470531,7aec6f25,\Exclusive\20180904 - Mayna Santini - Newbie And The Fuck Machine\,{DT16~Excl~ME0PMTZU~20180904 - Mayna Santini - Newbie And The Fuck Machine}
_mg_7309.jpg,443022,6068460e,\Exclusive\20180904 - Mayna Santini - Newbie And The Fuck Machine\,{DT16~Excl~ME0PMTZU~20180904 - Mayna Santini - Newbie And The Fuck Machine}
_mg_7310.jpg,476097,56e9fc1e,\Exclusive\20180904 - Mayna Santini - Newbie And The Fuck Machine\,{DT16~Excl~ME0PMTZU~20180904 - Mayna Santini - Newbie And The Fuck Machine}
_mg_7311.jpg,479377,815cf538,\Exclusive\20180904 - Mayna Santini - Newbie And The Fuck Machine\,{DT16~Excl~ME0PMTZU~20180904 - Mayna Santini - Newbie And The Fuck Machine}
_mg_7312.jpg,478707,bae42153,\Exclusive\20180904 - Mayna Santini - Newbie And The Fuck Machine\,{DT16~Excl~ME0PMTZU~20180904 - Mayna Santini - Newbie And The Fuck Machine}
_mg_7528.jpg,513147,9bad2554,\Exclusive\20180907 - Nicolly Pantoja - She's Seriously Getting Her Dick Up His Ass\,{DT16~Excl~ME0PMWJR~20180907 - Nicolly Pantoja - She's Seriously Getting Her Dick Up His Ass}
_mg_7540.jpg,519012,9b1a7292,\Exclusive\20180907 - Nicolly Pantoja - She's Seriously Getting Her Dick Up His Ass\,{DT16~Excl~ME0PMWJR~20180907 - Nicolly Pantoja - She's Seriously Getting Her Dick Up His Ass}
_mg_7541.jpg,515924,c0ebde9c,\Exclusive\20180907 - Nicolly Pantoja - She's Seriously Getting Her Dick Up His Ass\,{DT16~Excl~ME0PMWJR~20180907 - Nicolly Pantoja - She's Seriously Getting Her Dick Up His Ass}
_mg_7542.jpg,513893,2b9008b3,\Exclusive\20180907 - Nicolly Pantoja - She's Seriously Getting Her Dick Up His Ass\,{DT16~Excl~ME0PMWJR~20180907 - Nicolly Pantoja - She's Seriously Getting Her Dick Up His Ass}
_mg_7543.jpg,506800,b2d4ef67,\Exclusive\20180907 - Nicolly Pantoja - She's Seriously Getting Her Dick Up His Ass\,{DT16~Excl~ME0PMWJR~20180907 - Nicolly Pantoja - She's Seriously Getting Her Dick Up His Ass}
_mg_7544.jpg,583243,0f91766a,\Exclusive\20180907 - Nicolly Pantoja - She's Seriously Getting Her Dick Up His Ass\,{DT16~Excl~ME0PMWJR~20180907 - Nicolly Pantoja - She's Seriously Getting Her Dick Up His Ass}
_mg_7547.jpg,509478,49de4c50,\Exclusive\20180907 - Nicolly Pantoja - She's Seriously Getting Her Dick Up His Ass\,{DT16~Excl~ME0PMWJR~20180907 - Nicolly Pantoja - She's Seriously Getting Her Dick Up His Ass}
_mg_7548.jpg,593346,5aa01076,\Exclusive\20180907 - Nicolly Pantoja - She's Seriously Getting Her Dick Up His Ass\,{DT16~Excl~ME0PMWJR~20180907 - Nicolly Pantoja - She's Seriously Getting Her Dick Up His Ass}
_mg_7549.jpg,605497,678ea75d,\Exclusive\20180907 - Nicolly Pantoja - She's Seriously Getting Her Dick Up His Ass\,{DT16~Excl~ME0PMWJR~20180907 - Nicolly Pantoja - She's Seriously Getting Her Dick Up His Ass}
_mg_7550.jpg,545124,343049d8,\Exclusive\20180907 - Nicolly Pantoja - She's Seriously Getting Her Dick Up His Ass\,{DT16~Excl~ME0PMWJR~20180907 - Nicolly Pantoja - She's Seriously Getting Her Dick Up His Ass}
_mg_7551.jpg,556959,ec8ce9ac,\Exclusive\20180907 - Nicolly Pantoja - She's Seriously Getting Her Dick Up His Ass\,{DT16~Excl~ME0PMWJR~20180907 - Nicolly Pantoja - She's Seriously Getting Her Dick Up His Ass}
_mg_7553.jpg,441908,0fbe18cd,\Exclusive\20180907 - Nicolly Pantoja - She's Seriously Getting Her Dick Up His Ass\,{DT16~Excl~ME0PMWJR~20180907 - Nicolly Pantoja - She's Seriously Getting Her Dick Up His Ass}
_mg_7554.jpg,484936,a73b6670,\Exclusive\20180907 - Nicolly Pantoja - She's Seriously Getting Her Dick Up His Ass\,{DT16~Excl~ME0PMWJR~20180907 - Nicolly Pantoja - She's Seriously Getting Her Dick Up His Ass}
_mg_7556.jpg,459053,64b26107,\Exclusive\20180907 - Nicolly Pantoja - She's Seriously Getting Her Dick Up His Ass\,{DT16~Excl~ME0PMWJR~20180907 - Nicolly Pantoja - She's Seriously Getting Her Dick Up His Ass}
_mg_7557.jpg,435967,dfb7b3bf,\Exclusive\20180907 - Nicolly Pantoja - She's Seriously Getting Her Dick Up His Ass\,{DT16~Excl~ME0PMWJR~20180907 - Nicolly Pantoja - She's Seriously Getting Her Dick Up His Ass}
_mg_7558.jpg,430212,b90c77b2,\Exclusive\20180907 - Nicolly Pantoja - She's Seriously Getting Her Dick Up His Ass\,{DT16~Excl~ME0PMWJR~20180907 - Nicolly Pantoja - She's Seriously Getting Her Dick Up His Ass}
_mg_7559.jpg,518463,3928ae55,\Exclusive\20180907 - Nicolly Pantoja - She's Seriously Getting Her Dick Up His Ass\,{DT16~Excl~ME0PMWJR~20180907 - Nicolly Pantoja - She's Seriously Getting Her Dick Up His Ass}
_mg_7560.jpg,563140,e0ebf715,\Exclusive\20180907 - Nicolly Pantoja - She's Seriously Getting Her Dick Up His Ass\,{DT16~Excl~ME0PMWJR~20180907 - Nicolly Pantoja - She's Seriously Getting Her Dick Up His Ass}
_mg_7561.jpg,537081,68627d76,\Exclusive\20180907 - Nicolly Pantoja - She's Seriously Getting Her Dick Up His Ass\,{DT16~Excl~ME0PMWJR~20180907 - Nicolly Pantoja - She's Seriously Getting Her Dick Up His Ass}
_mg_7562.jpg,641080,019ea7f8,\Exclusive\20180907 - Nicolly Pantoja - She's Seriously Getting Her Dick Up His Ass\,{DT16~Excl~ME0PMWJR~20180907 - Nicolly Pantoja - She's Seriously Getting Her Dick Up His Ass}
_mg_7563.jpg,539242,73a08810,\Exclusive\20180907 - Nicolly Pantoja - She's Seriously Getting Her Dick Up His Ass\,{DT16~Excl~ME0PMWJR~20180907 - Nicolly Pantoja - She's Seriously Getting Her Dick Up His Ass}
_mg_7564.jpg,502315,f856bf81,\Exclusive\20180907 - Nicolly Pantoja - She's Seriously Getting Her Dick Up His Ass\,{DT16~Excl~ME0PMWJR~20180907 - Nicolly Pantoja - She's Seriously Getting Her Dick Up His Ass}
_mg_7565.jpg,532227,038f555d,\Exclusive\20180907 - Nicolly Pantoja - She's Seriously Getting Her Dick Up His Ass\,{DT16~Excl~ME0PMWJR~20180907 - Nicolly Pantoja - She's Seriously Getting Her Dick Up His Ass}
_mg_7566.jpg,526772,f88f352a,\Exclusive\20180907 - Nicolly Pantoja - She's Seriously Getting Her Dick Up His Ass\,{DT16~Excl~ME0PMWJR~20180907 - Nicolly Pantoja - She's Seriously Getting Her Dick Up His Ass}
_mg_7567.jpg,554632,13f55fd9,\Exclusive\20180907 - Nicolly Pantoja - She's Seriously Getting Her Dick Up His Ass\,{DT16~Excl~ME0PMWJR~20180907 - Nicolly Pantoja - She's Seriously Getting Her Dick Up His Ass}
_mg_7568.jpg,508669,2ab3983d,\Exclusive\20180907 - Nicolly Pantoja - She's Seriously Getting Her Dick Up His Ass\,{DT16~Excl~ME0PMWJR~20180907 - Nicolly Pantoja - She's Seriously Getting Her Dick Up His Ass}
_mg_7569.jpg,507730,05b5e517,\Exclusive\20180907 - Nicolly Pantoja - She's Seriously Getting Her Dick Up His Ass\,{DT16~Excl~ME0PMWJR~20180907 - Nicolly Pantoja - She's Seriously Getting Her Dick Up His Ass}
_mg_7571.jpg,517148,30ef027b,\Exclusive\20180907 - Nicolly Pantoja - She's Seriously Getting Her Dick Up His Ass\,{DT16~Excl~ME0PMWJR~20180907 - Nicolly Pantoja - She's Seriously Getting Her Dick Up His Ass}
_mg_7572.jpg,547084,37f70974,\Exclusive\20180907 - Nicolly Pantoja - She's Seriously Getting Her Dick Up His Ass\,{DT16~Excl~ME0PMWJR~20180907 - Nicolly Pantoja - She's Seriously Getting Her Dick Up His Ass}
_mg_7574.jpg,509266,e0a9739f,\Exclusive\20180907 - Nicolly Pantoja - She's Seriously Getting Her Dick Up His Ass\,{DT16~Excl~ME0PMWJR~20180907 - Nicolly Pantoja - She's Seriously Getting Her Dick Up His Ass}
_mg_7575.jpg,511197,e25738f3,\Exclusive\20180907 - Nicolly Pantoja - She's Seriously Getting Her Dick Up His Ass\,{DT16~Excl~ME0PMWJR~20180907 - Nicolly Pantoja - She's Seriously Getting Her Dick Up His Ass}
_mg_7576.jpg,527949,31eac930,\Exclusive\20180907 - Nicolly Pantoja - She's Seriously Getting Her Dick Up His Ass\,{DT16~Excl~ME0PMWJR~20180907 - Nicolly Pantoja - She's Seriously Getting Her Dick Up His Ass}
_mg_7577.jpg,543886,e60c98ef,\Exclusive\20180907 - Nicolly Pantoja - She's Seriously Getting Her Dick Up His Ass\,{DT16~Excl~ME0PMWJR~20180907 - Nicolly Pantoja - She's Seriously Getting Her Dick Up His Ass}
_mg_7578.jpg,574419,659315a6,\Exclusive\20180907 - Nicolly Pantoja - She's Seriously Getting Her Dick Up His Ass\,{DT16~Excl~ME0PMWJR~20180907 - Nicolly Pantoja - She's Seriously Getting Her Dick Up His Ass}
_mg_7580.jpg,570580,73df7ef4,\Exclusive\20180907 - Nicolly Pantoja - She's Seriously Getting Her Dick Up His Ass\,{DT16~Excl~ME0PMWJR~20180907 - Nicolly Pantoja - She's Seriously Getting Her Dick Up His Ass}
_mg_7581.jpg,495094,42cea97b,\Exclusive\20180907 - Nicolly Pantoja - She's Seriously Getting Her Dick Up His Ass\,{DT16~Excl~ME0PMWJR~20180907 - Nicolly Pantoja - She's Seriously Getting Her Dick Up His Ass}
_mg_7582.jpg,523818,36163951,\Exclusive\20180907 - Nicolly Pantoja - She's Seriously Getting Her Dick Up His Ass\,{DT16~Excl~ME0PMWJR~20180907 - Nicolly Pantoja - She's Seriously Getting Her Dick Up His Ass}
_mg_7583.jpg,527314,abb46010,\Exclusive\20180907 - Nicolly Pantoja - She's Seriously Getting Her Dick Up His Ass\,{DT16~Excl~ME0PMWJR~20180907 - Nicolly Pantoja - She's Seriously Getting Her Dick Up His Ass}
_mg_7584.jpg,572970,b79aa4e3,\Exclusive\20180907 - Nicolly Pantoja - She's Seriously Getting Her Dick Up His Ass\,{DT16~Excl~ME0PMWJR~20180907 - Nicolly Pantoja - She's Seriously Getting Her Dick Up His Ass}
_mg_7586.jpg,518519,f072a437,\Exclusive\20180907 - Nicolly Pantoja - She's Seriously Getting Her Dick Up His Ass\,{DT16~Excl~ME0PMWJR~20180907 - Nicolly Pantoja - She's Seriously Getting Her Dick Up His Ass}
_mg_7588.jpg,545370,734bfcf4,\Exclusive\20180907 - Nicolly Pantoja - She's Seriously Getting Her Dick Up His Ass\,{DT16~Excl~ME0PMWJR~20180907 - Nicolly Pantoja - She's Seriously Getting Her Dick Up His Ass}
_mg_7589.jpg,488126,9928dc0a,\Exclusive\20180907 - Nicolly Pantoja - She's Seriously Getting Her Dick Up His Ass\,{DT16~Excl~ME0PMWJR~20180907 - Nicolly Pantoja - She's Seriously Getting Her Dick Up His Ass}
_mg_7590.jpg,477738,f6c1c99b,\Exclusive\20180907 - Nicolly Pantoja - She's Seriously Getting Her Dick Up His Ass\,{DT16~Excl~ME0PMWJR~20180907 - Nicolly Pantoja - She's Seriously Getting Her Dick Up His Ass}
_mg_7591.jpg,469159,2aa5e007,\Exclusive\20180907 - Nicolly Pantoja - She's Seriously Getting Her Dick Up His Ass\,{DT16~Excl~ME0PMWJR~20180907 - Nicolly Pantoja - She's Seriously Getting Her Dick Up His Ass}
_mg_7592.jpg,505060,7575b03f,\Exclusive\20180907 - Nicolly Pantoja - She's Seriously Getting Her Dick Up His Ass\,{DT16~Excl~ME0PMWJR~20180907 - Nicolly Pantoja - She's Seriously Getting Her Dick Up His Ass}
_mg_7593.jpg,417995,27fb03cd,\Exclusive\20180907 - Nicolly Pantoja - She's Seriously Getting Her Dick Up His Ass\,{DT16~Excl~ME0PMWJR~20180907 - Nicolly Pantoja - She's Seriously Getting Her Dick Up His Ass}
_mg_7594.jpg,487620,e8891b55,\Exclusive\20180907 - Nicolly Pantoja - She's Seriously Getting Her Dick Up His Ass\,{DT16~Excl~ME0PMWJR~20180907 - Nicolly Pantoja - She's Seriously Getting Her Dick Up His Ass}
_mg_7597.jpg,526280,bd9e9d23,\Exclusive\20180907 - Nicolly Pantoja - She's Seriously Getting Her Dick Up His Ass\,{DT16~Excl~ME0PMWJR~20180907 - Nicolly Pantoja - She's Seriously Getting Her Dick Up His Ass}
_mg_7598.jpg,512282,4e2e3af6,\Exclusive\20180907 - Nicolly Pantoja - She's Seriously Getting Her Dick Up His Ass\,{DT16~Excl~ME0PMWJR~20180907 - Nicolly Pantoja - She's Seriously Getting Her Dick Up His Ass}
_mg_7599.jpg,551363,d720b749,\Exclusive\20180907 - Nicolly Pantoja - She's Seriously Getting Her Dick Up His Ass\,{DT16~Excl~ME0PMWJR~20180907 - Nicolly Pantoja - She's Seriously Getting Her Dick Up His Ass}
_mg_7600.jpg,531123,bbd36375,\Exclusive\20180907 - Nicolly Pantoja - She's Seriously Getting Her Dick Up His Ass\,{DT16~Excl~ME0PMWJR~20180907 - Nicolly Pantoja - She's Seriously Getting Her Dick Up His Ass}
_mg_7601.jpg,545025,5e9e49bc,\Exclusive\20180907 - Nicolly Pantoja - She's Seriously Getting Her Dick Up His Ass\,{DT16~Excl~ME0PMWJR~20180907 - Nicolly Pantoja - She's Seriously Getting Her Dick Up His Ass}
_mg_7602.jpg,472614,b04be75f,\Exclusive\20180907 - Nicolly Pantoja - She's Seriously Getting Her Dick Up His Ass\,{DT16~Excl~ME0PMWJR~20180907 - Nicolly Pantoja - She's Seriously Getting Her Dick Up His Ass}
_mg_7603.jpg,425519,4300e373,\Exclusive\20180907 - Nicolly Pantoja - She's Seriously Getting Her Dick Up His Ass\,{DT16~Excl~ME0PMWJR~20180907 - Nicolly Pantoja - She's Seriously Getting Her Dick Up His Ass}
_mg_7604.jpg,510786,a1c35548,\Exclusive\20180907 - Nicolly Pantoja - She's Seriously Getting Her Dick Up His Ass\,{DT16~Excl~ME0PMWJR~20180907 - Nicolly Pantoja - She's Seriously Getting Her Dick Up His Ass}
_mg_7605.jpg,483843,26f8aeaf,\Exclusive\20180907 - Nicolly Pantoja - She's Seriously Getting Her Dick Up His Ass\,{DT16~Excl~ME0PMWJR~20180907 - Nicolly Pantoja - She's Seriously Getting Her Dick Up His Ass}
_mg_7606.jpg,489910,07bba262,\Exclusive\20180907 - Nicolly Pantoja - She's Seriously Getting Her Dick Up His Ass\,{DT16~Excl~ME0PMWJR~20180907 - Nicolly Pantoja - She's Seriously Getting Her Dick Up His Ass}
_mg_7607.jpg,513342,e71bab93,\Exclusive\20180907 - Nicolly Pantoja - She's Seriously Getting Her Dick Up His Ass\,{DT16~Excl~ME0PMWJR~20180907 - Nicolly Pantoja - She's Seriously Getting Her Dick Up His Ass}
_mg_7608.jpg,541737,2bf75a7f,\Exclusive\20180907 - Nicolly Pantoja - She's Seriously Getting Her Dick Up His Ass\,{DT16~Excl~ME0PMWJR~20180907 - Nicolly Pantoja - She's Seriously Getting Her Dick Up His Ass}
_mg_7609.jpg,598834,990bd654,\Exclusive\20180907 - Nicolly Pantoja - She's Seriously Getting Her Dick Up His Ass\,{DT16~Excl~ME0PMWJR~20180907 - Nicolly Pantoja - She's Seriously Getting Her Dick Up His Ass}
_mg_7611.jpg,601655,816eb827,\Exclusive\20180907 - Nicolly Pantoja - She's Seriously Getting Her Dick Up His Ass\,{DT16~Excl~ME0PMWJR~20180907 - Nicolly Pantoja - She's Seriously Getting Her Dick Up His Ass}
_mg_7612.jpg,622775,6abae570,\Exclusive\20180907 - Nicolly Pantoja - She's Seriously Getting Her Dick Up His Ass\,{DT16~Excl~ME0PMWJR~20180907 - Nicolly Pantoja - She's Seriously Getting Her Dick Up His Ass}
_mg_7614.jpg,561638,ca244ca2,\Exclusive\20180907 - Nicolly Pantoja - She's Seriously Getting Her Dick Up His Ass\,{DT16~Excl~ME0PMWJR~20180907 - Nicolly Pantoja - She's Seriously Getting Her Dick Up His Ass}
_mg_7615.jpg,604772,590ac0c6,\Exclusive\20180907 - Nicolly Pantoja - She's Seriously Getting Her Dick Up His Ass\,{DT16~Excl~ME0PMWJR~20180907 - Nicolly Pantoja - She's Seriously Getting Her Dick Up His Ass}
_mg_7616.jpg,602946,9321eac4,\Exclusive\20180907 - Nicolly Pantoja - She's Seriously Getting Her Dick Up His Ass\,{DT16~Excl~ME0PMWJR~20180907 - Nicolly Pantoja - She's Seriously Getting Her Dick Up His Ass}
_mg_7617.jpg,578493,a569dbd5,\Exclusive\20180907 - Nicolly Pantoja - She's Seriously Getting Her Dick Up His Ass\,{DT16~Excl~ME0PMWJR~20180907 - Nicolly Pantoja - She's Seriously Getting Her Dick Up His Ass}
_mg_7618.jpg,615927,30788264,\Exclusive\20180907 - Nicolly Pantoja - She's Seriously Getting Her Dick Up His Ass\,{DT16~Excl~ME0PMWJR~20180907 - Nicolly Pantoja - She's Seriously Getting Her Dick Up His Ass}
_mg_7619.jpg,530643,85e99ebd,\Exclusive\20180907 - Nicolly Pantoja - She's Seriously Getting Her Dick Up His Ass\,{DT16~Excl~ME0PMWJR~20180907 - Nicolly Pantoja - She's Seriously Getting Her Dick Up His Ass}
_mg_7620.jpg,533273,ce81654d,\Exclusive\20180907 - Nicolly Pantoja - She's Seriously Getting Her Dick Up His Ass\,{DT16~Excl~ME0PMWJR~20180907 - Nicolly Pantoja - She's Seriously Getting Her Dick Up His Ass}
_mg_7621.jpg,537222,48670742,\Exclusive\20180907 - Nicolly Pantoja - She's Seriously Getting Her Dick Up His Ass\,{DT16~Excl~ME0PMWJR~20180907 - Nicolly Pantoja - She's Seriously Getting Her Dick Up His Ass}
_mg_7622.jpg,598704,507dc640,\Exclusive\20180907 - Nicolly Pantoja - She's Seriously Getting Her Dick Up His Ass\,{DT16~Excl~ME0PMWJR~20180907 - Nicolly Pantoja - She's Seriously Getting Her Dick Up His Ass}
_mg_7624.jpg,403499,42779c5c,\Exclusive\20180907 - Nicolly Pantoja - She's Seriously Getting Her Dick Up His Ass\,{DT16~Excl~ME0PMWJR~20180907 - Nicolly Pantoja - She's Seriously Getting Her Dick Up His Ass}
_mg_7625.jpg,455912,08f15681,\Exclusive\20180907 - Nicolly Pantoja - She's Seriously Getting Her Dick Up His Ass\,{DT16~Excl~ME0PMWJR~20180907 - Nicolly Pantoja - She's Seriously Getting Her Dick Up His Ass}
_mg_7626.jpg,476398,48ec05f1,\Exclusive\20180907 - Nicolly Pantoja - She's Seriously Getting Her Dick Up His Ass\,{DT16~Excl~ME0PMWJR~20180907 - Nicolly Pantoja - She's Seriously Getting Her Dick Up His Ass}
_mg_7628.jpg,461296,9c76e73e,\Exclusive\20180907 - Nicolly Pantoja - She's Seriously Getting Her Dick Up His Ass\,{DT16~Excl~ME0PMWJR~20180907 - Nicolly Pantoja - She's Seriously Getting Her Dick Up His Ass}
_mg_7629.jpg,572525,6396c631,\Exclusive\20180907 - Nicolly Pantoja - She's Seriously Getting Her Dick Up His Ass\,{DT16~Excl~ME0PMWJR~20180907 - Nicolly Pantoja - She's Seriously Getting Her Dick Up His Ass}
_mg_7630.jpg,535095,db568810,\Exclusive\20180907 - Nicolly Pantoja - She's Seriously Getting Her Dick Up His Ass\,{DT16~Excl~ME0PMWJR~20180907 - Nicolly Pantoja - She's Seriously Getting Her Dick Up His Ass}
_mg_7631.jpg,563351,aea1562f,\Exclusive\20180907 - Nicolly Pantoja - She's Seriously Getting Her Dick Up His Ass\,{DT16~Excl~ME0PMWJR~20180907 - Nicolly Pantoja - She's Seriously Getting Her Dick Up His Ass}
_mg_7634.jpg,491114,cf7bf2ae,\Exclusive\20180907 - Nicolly Pantoja - She's Seriously Getting Her Dick Up His Ass\,{DT16~Excl~ME0PMWJR~20180907 - Nicolly Pantoja - She's Seriously Getting Her Dick Up His Ass}
_mg_7635.jpg,491827,d43115e2,\Exclusive\20180907 - Nicolly Pantoja - She's Seriously Getting Her Dick Up His Ass\,{DT16~Excl~ME0PMWJR~20180907 - Nicolly Pantoja - She's Seriously Getting Her Dick Up His Ass}
_mg_7636.jpg,496173,f09552df,\Exclusive\20180907 - Nicolly Pantoja - She's Seriously Getting Her Dick Up His Ass\,{DT16~Excl~ME0PMWJR~20180907 - Nicolly Pantoja - She's Seriously Getting Her Dick Up His Ass}
_mg_7637.jpg,480267,f0779a19,\Exclusive\20180907 - Nicolly Pantoja - She's Seriously Getting Her Dick Up His Ass\,{DT16~Excl~ME0PMWJR~20180907 - Nicolly Pantoja - She's Seriously Getting Her Dick Up His Ass}
_mg_7638.jpg,470237,c6dd9fde,\Exclusive\20180907 - Nicolly Pantoja - She's Seriously Getting Her Dick Up His Ass\,{DT16~Excl~ME0PMWJR~20180907 - Nicolly Pantoja - She's Seriously Getting Her Dick Up His Ass}
_mg_7639.jpg,467545,96777588,\Exclusive\20180907 - Nicolly Pantoja - She's Seriously Getting Her Dick Up His Ass\,{DT16~Excl~ME0PMWJR~20180907 - Nicolly Pantoja - She's Seriously Getting Her Dick Up His Ass}
_mg_7640.jpg,547283,1d7408f6,\Exclusive\20180907 - Nicolly Pantoja - She's Seriously Getting Her Dick Up His Ass\,{DT16~Excl~ME0PMWJR~20180907 - Nicolly Pantoja - She's Seriously Getting Her Dick Up His Ass}
_mg_7641.jpg,430245,548490b7,\Exclusive\20180907 - Nicolly Pantoja - She's Seriously Getting Her Dick Up His Ass\,{DT16~Excl~ME0PMWJR~20180907 - Nicolly Pantoja - She's Seriously Getting Her Dick Up His Ass}
_mg_7642.jpg,421232,08c4832d,\Exclusive\20180907 - Nicolly Pantoja - She's Seriously Getting Her Dick Up His Ass\,{DT16~Excl~ME0PMWJR~20180907 - Nicolly Pantoja - She's Seriously Getting Her Dick Up His Ass}
_mg_7643.jpg,365751,44eca871,\Exclusive\20180907 - Nicolly Pantoja - She's Seriously Getting Her Dick Up His Ass\,{DT16~Excl~ME0PMWJR~20180907 - Nicolly Pantoja - She's Seriously Getting Her Dick Up His Ass}
_mg_7644.jpg,431793,4086356d,\Exclusive\20180907 - Nicolly Pantoja - She's Seriously Getting Her Dick Up His Ass\,{DT16~Excl~ME0PMWJR~20180907 - Nicolly Pantoja - She's Seriously Getting Her Dick Up His Ass}
_mg_7645.jpg,422950,e79a970a,\Exclusive\20180907 - Nicolly Pantoja - She's Seriously Getting Her Dick Up His Ass\,{DT16~Excl~ME0PMWJR~20180907 - Nicolly Pantoja - She's Seriously Getting Her Dick Up His Ass}
_mg_7646.jpg,439721,c60c0192,\Exclusive\20180907 - Nicolly Pantoja - She's Seriously Getting Her Dick Up His Ass\,{DT16~Excl~ME0PMWJR~20180907 - Nicolly Pantoja - She's Seriously Getting Her Dick Up His Ass}
_mg_7648.jpg,527400,23b50677,\Exclusive\20180907 - Nicolly Pantoja - She's Seriously Getting Her Dick Up His Ass\,{DT16~Excl~ME0PMWJR~20180907 - Nicolly Pantoja - She's Seriously Getting Her Dick Up His Ass}
_mg_7649.jpg,541667,d29c6cb4,\Exclusive\20180907 - Nicolly Pantoja - She's Seriously Getting Her Dick Up His Ass\,{DT16~Excl~ME0PMWJR~20180907 - Nicolly Pantoja - She's Seriously Getting Her Dick Up His Ass}
_mg_7650.jpg,487809,8cb5e6a4,\Exclusive\20180907 - Nicolly Pantoja - She's Seriously Getting Her Dick Up His Ass\,{DT16~Excl~ME0PMWJR~20180907 - Nicolly Pantoja - She's Seriously Getting Her Dick Up His Ass}
_mg_7651.jpg,481922,a11e6845,\Exclusive\20180907 - Nicolly Pantoja - She's Seriously Getting Her Dick Up His Ass\,{DT16~Excl~ME0PMWJR~20180907 - Nicolly Pantoja - She's Seriously Getting Her Dick Up His Ass}
_mg_7652.jpg,487422,6015532f,\Exclusive\20180907 - Nicolly Pantoja - She's Seriously Getting Her Dick Up His Ass\,{DT16~Excl~ME0PMWJR~20180907 - Nicolly Pantoja - She's Seriously Getting Her Dick Up His Ass}
_mg_7653.jpg,460956,87ca2656,\Exclusive\20180907 - Nicolly Pantoja - She's Seriously Getting Her Dick Up His Ass\,{DT16~Excl~ME0PMWJR~20180907 - Nicolly Pantoja - She's Seriously Getting Her Dick Up His Ass}
_mg_7655.jpg,396715,68cbbbbd,\Exclusive\20180907 - Nicolly Pantoja - She's Seriously Getting Her Dick Up His Ass\,{DT16~Excl~ME0PMWJR~20180907 - Nicolly Pantoja - She's Seriously Getting Her Dick Up His Ass}
_mg_7656.jpg,435412,7a02ca7a,\Exclusive\20180907 - Nicolly Pantoja - She's Seriously Getting Her Dick Up His Ass\,{DT16~Excl~ME0PMWJR~20180907 - Nicolly Pantoja - She's Seriously Getting Her Dick Up His Ass}
_mg_7657.jpg,521654,b9986416,\Exclusive\20180907 - Nicolly Pantoja - She's Seriously Getting Her Dick Up His Ass\,{DT16~Excl~ME0PMWJR~20180907 - Nicolly Pantoja - She's Seriously Getting Her Dick Up His Ass}
_mg_7660.jpg,449506,1d2186f6,\Exclusive\20180907 - Nicolly Pantoja - She's Seriously Getting Her Dick Up His Ass\,{DT16~Excl~ME0PMWJR~20180907 - Nicolly Pantoja - She's Seriously Getting Her Dick Up His Ass}
_mg_7661.jpg,481350,d08ac9c3,\Exclusive\20180907 - Nicolly Pantoja - She's Seriously Getting Her Dick Up His Ass\,{DT16~Excl~ME0PMWJR~20180907 - Nicolly Pantoja - She's Seriously Getting Her Dick Up His Ass}
_mg_7662.jpg,476067,58bf3393,\Exclusive\20180907 - Nicolly Pantoja - She's Seriously Getting Her Dick Up His Ass\,{DT16~Excl~ME0PMWJR~20180907 - Nicolly Pantoja - She's Seriously Getting Her Dick Up His Ass}
_mg_7663.jpg,458102,94ddc0ce,\Exclusive\20180907 - Nicolly Pantoja - She's Seriously Getting Her Dick Up His Ass\,{DT16~Excl~ME0PMWJR~20180907 - Nicolly Pantoja - She's Seriously Getting Her Dick Up His Ass}
_mg_7665.jpg,460121,f7539b15,\Exclusive\20180907 - Nicolly Pantoja - She's Seriously Getting Her Dick Up His Ass\,{DT16~Excl~ME0PMWJR~20180907 - Nicolly Pantoja - She's Seriously Getting Her Dick Up His Ass}
_mg_7666.jpg,431554,1d13401f,\Exclusive\20180907 - Nicolly Pantoja - She's Seriously Getting Her Dick Up His Ass\,{DT16~Excl~ME0PMWJR~20180907 - Nicolly Pantoja - She's Seriously Getting Her Dick Up His Ass}
_mg_7667.jpg,386059,73090bd6,\Exclusive\20180907 - Nicolly Pantoja - She's Seriously Getting Her Dick Up His Ass\,{DT16~Excl~ME0PMWJR~20180907 - Nicolly Pantoja - She's Seriously Getting Her Dick Up His Ass}
_mg_7668.jpg,418223,29b2a5d6,\Exclusive\20180907 - Nicolly Pantoja - She's Seriously Getting Her Dick Up His Ass\,{DT16~Excl~ME0PMWJR~20180907 - Nicolly Pantoja - She's Seriously Getting Her Dick Up His Ass}
_mg_7675.jpg,583595,271d18a3,\Exclusive\20180907 - Nicolly Pantoja - She's Seriously Getting Her Dick Up His Ass\,{DT16~Excl~ME0PMWJR~20180907 - Nicolly Pantoja - She's Seriously Getting Her Dick Up His Ass}
_mg_7676.jpg,588143,d44564a2,\Exclusive\20180907 - Nicolly Pantoja - She's Seriously Getting Her Dick Up His Ass\,{DT16~Excl~ME0PMWJR~20180907 - Nicolly Pantoja - She's Seriously Getting Her Dick Up His Ass}
_mg_7677.jpg,653330,69a7d493,\Exclusive\20180907 - Nicolly Pantoja - She's Seriously Getting Her Dick Up His Ass\,{DT16~Excl~ME0PMWJR~20180907 - Nicolly Pantoja - She's Seriously Getting Her Dick Up His Ass}
_mg_7678.jpg,630107,6391128c,\Exclusive\20180907 - Nicolly Pantoja - She's Seriously Getting Her Dick Up His Ass\,{DT16~Excl~ME0PMWJR~20180907 - Nicolly Pantoja - She's Seriously Getting Her Dick Up His Ass}
_mg_7680.jpg,706352,6e4492f8,\Exclusive\20180907 - Nicolly Pantoja - She's Seriously Getting Her Dick Up His Ass\,{DT16~Excl~ME0PMWJR~20180907 - Nicolly Pantoja - She's Seriously Getting Her Dick Up His Ass}
_mg_7681.jpg,772443,99e1cb14,\Exclusive\20180907 - Nicolly Pantoja - She's Seriously Getting Her Dick Up His Ass\,{DT16~Excl~ME0PMWJR~20180907 - Nicolly Pantoja - She's Seriously Getting Her Dick Up His Ass}
_mg_7682.jpg,689585,e2d9b31c,\Exclusive\20180907 - Nicolly Pantoja - She's Seriously Getting Her Dick Up His Ass\,{DT16~Excl~ME0PMWJR~20180907 - Nicolly Pantoja - She's Seriously Getting Her Dick Up His Ass}
_mg_7684.jpg,677878,5ee0450f,\Exclusive\20180907 - Nicolly Pantoja - She's Seriously Getting Her Dick Up His Ass\,{DT16~Excl~ME0PMWJR~20180907 - Nicolly Pantoja - She's Seriously Getting Her Dick Up His Ass}
_mg_7686.jpg,710591,1fb9f466,\Exclusive\20180907 - Nicolly Pantoja - She's Seriously Getting Her Dick Up His Ass\,{DT16~Excl~ME0PMWJR~20180907 - Nicolly Pantoja - She's Seriously Getting Her Dick Up His Ass}
_mg_7687.jpg,689356,f4105126,\Exclusive\20180907 - Nicolly Pantoja - She's Seriously Getting Her Dick Up His Ass\,{DT16~Excl~ME0PMWJR~20180907 - Nicolly Pantoja - She's Seriously Getting Her Dick Up His Ass}
_mg_7689.jpg,841203,e23b8df2,\Exclusive\20180907 - Nicolly Pantoja - She's Seriously Getting Her Dick Up His Ass\,{DT16~Excl~ME0PMWJR~20180907 - Nicolly Pantoja - She's Seriously Getting Her Dick Up His Ass}
_mg_7690.jpg,704115,abc3f2ff,\Exclusive\20180907 - Nicolly Pantoja - She's Seriously Getting Her Dick Up His Ass\,{DT16~Excl~ME0PMWJR~20180907 - Nicolly Pantoja - She's Seriously Getting Her Dick Up His Ass}
_mg_7691.jpg,740432,d317f36f,\Exclusive\20180907 - Nicolly Pantoja - She's Seriously Getting Her Dick Up His Ass\,{DT16~Excl~ME0PMWJR~20180907 - Nicolly Pantoja - She's Seriously Getting Her Dick Up His Ass}
_mg_7692.jpg,820676,590ef40f,\Exclusive\20180907 - Nicolly Pantoja - She's Seriously Getting Her Dick Up His Ass\,{DT16~Excl~ME0PMWJR~20180907 - Nicolly Pantoja - She's Seriously Getting Her Dick Up His Ass}
_mg_7693.jpg,843788,dd82dcb9,\Exclusive\20180907 - Nicolly Pantoja - She's Seriously Getting Her Dick Up His Ass\,{DT16~Excl~ME0PMWJR~20180907 - Nicolly Pantoja - She's Seriously Getting Her Dick Up His Ass}
_mg_7694.jpg,843270,6b992ec8,\Exclusive\20180907 - Nicolly Pantoja - She's Seriously Getting Her Dick Up His Ass\,{DT16~Excl~ME0PMWJR~20180907 - Nicolly Pantoja - She's Seriously Getting Her Dick Up His Ass}
_mg_7695.jpg,818701,3238cef2,\Exclusive\20180907 - Nicolly Pantoja - She's Seriously Getting Her Dick Up His Ass\,{DT16~Excl~ME0PMWJR~20180907 - Nicolly Pantoja - She's Seriously Getting Her Dick Up His Ass}
_mg_7696.jpg,827496,cd4a84ca,\Exclusive\20180907 - Nicolly Pantoja - She's Seriously Getting Her Dick Up His Ass\,{DT16~Excl~ME0PMWJR~20180907 - Nicolly Pantoja - She's Seriously Getting Her Dick Up His Ass}
_mg_7697.jpg,755545,41000d5d,\Exclusive\20180907 - Nicolly Pantoja - She's Seriously Getting Her Dick Up His Ass\,{DT16~Excl~ME0PMWJR~20180907 - Nicolly Pantoja - She's Seriously Getting Her Dick Up His Ass}
_mg_7698.jpg,844703,39b40c19,\Exclusive\20180907 - Nicolly Pantoja - She's Seriously Getting Her Dick Up His Ass\,{DT16~Excl~ME0PMWJR~20180907 - Nicolly Pantoja - She's Seriously Getting Her Dick Up His Ass}
_mg_7700.jpg,807628,065da5c3,\Exclusive\20180907 - Nicolly Pantoja - She's Seriously Getting Her Dick Up His Ass\,{DT16~Excl~ME0PMWJR~20180907 - Nicolly Pantoja - She's Seriously Getting Her Dick Up His Ass}
_mg_7701.jpg,894795,0f4bd452,\Exclusive\20180907 - Nicolly Pantoja - She's Seriously Getting Her Dick Up His Ass\,{DT16~Excl~ME0PMWJR~20180907 - Nicolly Pantoja - She's Seriously Getting Her Dick Up His Ass}
_mg_7702.jpg,753586,22f6be62,\Exclusive\20180907 - Nicolly Pantoja - She's Seriously Getting Her Dick Up His Ass\,{DT16~Excl~ME0PMWJR~20180907 - Nicolly Pantoja - She's Seriously Getting Her Dick Up His Ass}
_mg_7703.jpg,788191,a7d1ff0b,\Exclusive\20180907 - Nicolly Pantoja - She's Seriously Getting Her Dick Up His Ass\,{DT16~Excl~ME0PMWJR~20180907 - Nicolly Pantoja - She's Seriously Getting Her Dick Up His Ass}
_mg_7704.jpg,851070,647ebbef,\Exclusive\20180907 - Nicolly Pantoja - She's Seriously Getting Her Dick Up His Ass\,{DT16~Excl~ME0PMWJR~20180907 - Nicolly Pantoja - She's Seriously Getting Her Dick Up His Ass}
_mg_7705.jpg,692259,16693d9b,\Exclusive\20180907 - Nicolly Pantoja - She's Seriously Getting Her Dick Up His Ass\,{DT16~Excl~ME0PMWJR~20180907 - Nicolly Pantoja - She's Seriously Getting Her Dick Up His Ass}
_mg_7706.jpg,758789,a1b600fa,\Exclusive\20180907 - Nicolly Pantoja - She's Seriously Getting Her Dick Up His Ass\,{DT16~Excl~ME0PMWJR~20180907 - Nicolly Pantoja - She's Seriously Getting Her Dick Up His Ass}
_mg_7708.jpg,806799,300ff493,\Exclusive\20180907 - Nicolly Pantoja - She's Seriously Getting Her Dick Up His Ass\,{DT16~Excl~ME0PMWJR~20180907 - Nicolly Pantoja - She's Seriously Getting Her Dick Up His Ass}
_mg_7709.jpg,815727,d00bf304,\Exclusive\20180907 - Nicolly Pantoja - She's Seriously Getting Her Dick Up His Ass\,{DT16~Excl~ME0PMWJR~20180907 - Nicolly Pantoja - She's Seriously Getting Her Dick Up His Ass}
_mg_7710.jpg,636276,c32cff09,\Exclusive\20180907 - Nicolly Pantoja - She's Seriously Getting Her Dick Up His Ass\,{DT16~Excl~ME0PMWJR~20180907 - Nicolly Pantoja - She's Seriously Getting Her Dick Up His Ass}
_mg_7711.jpg,689936,1b97d648,\Exclusive\20180907 - Nicolly Pantoja - She's Seriously Getting Her Dick Up His Ass\,{DT16~Excl~ME0PMWJR~20180907 - Nicolly Pantoja - She's Seriously Getting Her Dick Up His Ass}
_mg_7713.jpg,651629,d6bdcca8,\Exclusive\20180907 - Nicolly Pantoja - She's Seriously Getting Her Dick Up His Ass\,{DT16~Excl~ME0PMWJR~20180907 - Nicolly Pantoja - She's Seriously Getting Her Dick Up His Ass}
_mg_7714.jpg,721394,0403232d,\Exclusive\20180907 - Nicolly Pantoja - She's Seriously Getting Her Dick Up His Ass\,{DT16~Excl~ME0PMWJR~20180907 - Nicolly Pantoja - She's Seriously Getting Her Dick Up His Ass}
_mg_7716.jpg,582693,3cea7933,\Exclusive\20180907 - Nicolly Pantoja - She's Seriously Getting Her Dick Up His Ass\,{DT16~Excl~ME0PMWJR~20180907 - Nicolly Pantoja - She's Seriously Getting Her Dick Up His Ass}
_mg_7718.jpg,618111,68d327d8,\Exclusive\20180907 - Nicolly Pantoja - She's Seriously Getting Her Dick Up His Ass\,{DT16~Excl~ME0PMWJR~20180907 - Nicolly Pantoja - She's Seriously Getting Her Dick Up His Ass}
_mg_7719.jpg,661733,36117043,\Exclusive\20180907 - Nicolly Pantoja - She's Seriously Getting Her Dick Up His Ass\,{DT16~Excl~ME0PMWJR~20180907 - Nicolly Pantoja - She's Seriously Getting Her Dick Up His Ass}
_mg_7720.jpg,657833,e73cff29,\Exclusive\20180907 - Nicolly Pantoja - She's Seriously Getting Her Dick Up His Ass\,{DT16~Excl~ME0PMWJR~20180907 - Nicolly Pantoja - She's Seriously Getting Her Dick Up His Ass}
_mg_7721.jpg,594369,e5dbad97,\Exclusive\20180907 - Nicolly Pantoja - She's Seriously Getting Her Dick Up His Ass\,{DT16~Excl~ME0PMWJR~20180907 - Nicolly Pantoja - She's Seriously Getting Her Dick Up His Ass}
_mg_7722.jpg,719102,347cb78a,\Exclusive\20180907 - Nicolly Pantoja - She's Seriously Getting Her Dick Up His Ass\,{DT16~Excl~ME0PMWJR~20180907 - Nicolly Pantoja - She's Seriously Getting Her Dick Up His Ass}
_mg_7723.jpg,671368,5d9c26d7,\Exclusive\20180907 - Nicolly Pantoja - She's Seriously Getting Her Dick Up His Ass\,{DT16~Excl~ME0PMWJR~20180907 - Nicolly Pantoja - She's Seriously Getting Her Dick Up His Ass}
_mg_7724.jpg,642560,82897fee,\Exclusive\20180907 - Nicolly Pantoja - She's Seriously Getting Her Dick Up His Ass\,{DT16~Excl~ME0PMWJR~20180907 - Nicolly Pantoja - She's Seriously Getting Her Dick Up His Ass}
_mg_7725.jpg,656318,16e50d5c,\Exclusive\20180907 - Nicolly Pantoja - She's Seriously Getting Her Dick Up His Ass\,{DT16~Excl~ME0PMWJR~20180907 - Nicolly Pantoja - She's Seriously Getting Her Dick Up His Ass}
_mg_7726.jpg,593117,a881b9d8,\Exclusive\20180907 - Nicolly Pantoja - She's Seriously Getting Her Dick Up His Ass\,{DT16~Excl~ME0PMWJR~20180907 - Nicolly Pantoja - She's Seriously Getting Her Dick Up His Ass}
_mg_7727.jpg,619543,1ea54080,\Exclusive\20180907 - Nicolly Pantoja - She's Seriously Getting Her Dick Up His Ass\,{DT16~Excl~ME0PMWJR~20180907 - Nicolly Pantoja - She's Seriously Getting Her Dick Up His Ass}
_mg_7728.jpg,628014,fa98223c,\Exclusive\20180907 - Nicolly Pantoja - She's Seriously Getting Her Dick Up His Ass\,{DT16~Excl~ME0PMWJR~20180907 - Nicolly Pantoja - She's Seriously Getting Her Dick Up His Ass}
_mg_7729.jpg,617247,a8b98339,\Exclusive\20180907 - Nicolly Pantoja - She's Seriously Getting Her Dick Up His Ass\,{DT16~Excl~ME0PMWJR~20180907 - Nicolly Pantoja - She's Seriously Getting Her Dick Up His Ass}
_mg_7730.jpg,614801,89eb8994,\Exclusive\20180907 - Nicolly Pantoja - She's Seriously Getting Her Dick Up His Ass\,{DT16~Excl~ME0PMWJR~20180907 - Nicolly Pantoja - She's Seriously Getting Her Dick Up His Ass}
_mg_7731.jpg,599381,9b5a3261,\Exclusive\20180907 - Nicolly Pantoja - She's Seriously Getting Her Dick Up His Ass\,{DT16~Excl~ME0PMWJR~20180907 - Nicolly Pantoja - She's Seriously Getting Her Dick Up His Ass}
_mg_7732.jpg,636735,c352e20d,\Exclusive\20180907 - Nicolly Pantoja - She's Seriously Getting Her Dick Up His Ass\,{DT16~Excl~ME0PMWJR~20180907 - Nicolly Pantoja - She's Seriously Getting Her Dick Up His Ass}
_mg_7733.jpg,603543,787b9b42,\Exclusive\20180907 - Nicolly Pantoja - She's Seriously Getting Her Dick Up His Ass\,{DT16~Excl~ME0PMWJR~20180907 - Nicolly Pantoja - She's Seriously Getting Her Dick Up His Ass}
_mg_7734.jpg,649806,2321cb82,\Exclusive\20180907 - Nicolly Pantoja - She's Seriously Getting Her Dick Up His Ass\,{DT16~Excl~ME0PMWJR~20180907 - Nicolly Pantoja - She's Seriously Getting Her Dick Up His Ass}
_mg_7735.jpg,650755,5008ce2e,\Exclusive\20180907 - Nicolly Pantoja - She's Seriously Getting Her Dick Up His Ass\,{DT16~Excl~ME0PMWJR~20180907 - Nicolly Pantoja - She's Seriously Getting Her Dick Up His Ass}
_mg_7736.jpg,629704,07a11f43,\Exclusive\20180907 - Nicolly Pantoja - She's Seriously Getting Her Dick Up His Ass\,{DT16~Excl~ME0PMWJR~20180907 - Nicolly Pantoja - She's Seriously Getting Her Dick Up His Ass}
_mg_7737.jpg,703221,22dd81db,\Exclusive\20180907 - Nicolly Pantoja - She's Seriously Getting Her Dick Up His Ass\,{DT16~Excl~ME0PMWJR~20180907 - Nicolly Pantoja - She's Seriously Getting Her Dick Up His Ass}
_mg_7738.jpg,626389,cf97506e,\Exclusive\20180907 - Nicolly Pantoja - She's Seriously Getting Her Dick Up His Ass\,{DT16~Excl~ME0PMWJR~20180907 - Nicolly Pantoja - She's Seriously Getting Her Dick Up His Ass}
_mg_7739.jpg,565415,071dfb73,\Exclusive\20180907 - Nicolly Pantoja - She's Seriously Getting Her Dick Up His Ass\,{DT16~Excl~ME0PMWJR~20180907 - Nicolly Pantoja - She's Seriously Getting Her Dick Up His Ass}
_mg_7740.jpg,612736,87935884,\Exclusive\20180907 - Nicolly Pantoja - She's Seriously Getting Her Dick Up His Ass\,{DT16~Excl~ME0PMWJR~20180907 - Nicolly Pantoja - She's Seriously Getting Her Dick Up His Ass}
_mg_7741.jpg,594396,5ee5c03f,\Exclusive\20180907 - Nicolly Pantoja - She's Seriously Getting Her Dick Up His Ass\,{DT16~Excl~ME0PMWJR~20180907 - Nicolly Pantoja - She's Seriously Getting Her Dick Up His Ass}
_mg_7742.jpg,573369,15a3c98f,\Exclusive\20180907 - Nicolly Pantoja - She's Seriously Getting Her Dick Up His Ass\,{DT16~Excl~ME0PMWJR~20180907 - Nicolly Pantoja - She's Seriously Getting Her Dick Up His Ass}
_mg_7743.jpg,540584,b8139f7e,\Exclusive\20180907 - Nicolly Pantoja - She's Seriously Getting Her Dick Up His Ass\,{DT16~Excl~ME0PMWJR~20180907 - Nicolly Pantoja - She's Seriously Getting Her Dick Up His Ass}
_mg_7744.jpg,593320,d61db46f,\Exclusive\20180907 - Nicolly Pantoja - She's Seriously Getting Her Dick Up His Ass\,{DT16~Excl~ME0PMWJR~20180907 - Nicolly Pantoja - She's Seriously Getting Her Dick Up His Ass}
_mg_7745.jpg,579516,bc1ec2fb,\Exclusive\20180907 - Nicolly Pantoja - She's Seriously Getting Her Dick Up His Ass\,{DT16~Excl~ME0PMWJR~20180907 - Nicolly Pantoja - She's Seriously Getting Her Dick Up His Ass}
_mg_7746.jpg,579255,e1f67db2,\Exclusive\20180907 - Nicolly Pantoja - She's Seriously Getting Her Dick Up His Ass\,{DT16~Excl~ME0PMWJR~20180907 - Nicolly Pantoja - She's Seriously Getting Her Dick Up His Ass}
_mg_7747.jpg,564315,eeb67062,\Exclusive\20180907 - Nicolly Pantoja - She's Seriously Getting Her Dick Up His Ass\,{DT16~Excl~ME0PMWJR~20180907 - Nicolly Pantoja - She's Seriously Getting Her Dick Up His Ass}
_mg_7748.jpg,584528,f46676d9,\Exclusive\20180907 - Nicolly Pantoja - She's Seriously Getting Her Dick Up His Ass\,{DT16~Excl~ME0PMWJR~20180907 - Nicolly Pantoja - She's Seriously Getting Her Dick Up His Ass}
_mg_7749.jpg,596329,433b6d97,\Exclusive\20180907 - Nicolly Pantoja - She's Seriously Getting Her Dick Up His Ass\,{DT16~Excl~ME0PMWJR~20180907 - Nicolly Pantoja - She's Seriously Getting Her Dick Up His Ass}
_mg_7750.jpg,623076,b916e87f,\Exclusive\20180907 - Nicolly Pantoja - She's Seriously Getting Her Dick Up His Ass\,{DT16~Excl~ME0PMWJR~20180907 - Nicolly Pantoja - She's Seriously Getting Her Dick Up His Ass}
_mg_7751.jpg,586011,9bc39e78,\Exclusive\20180907 - Nicolly Pantoja - She's Seriously Getting Her Dick Up His Ass\,{DT16~Excl~ME0PMWJR~20180907 - Nicolly Pantoja - She's Seriously Getting Her Dick Up His Ass}
_mg_7752.jpg,614688,76e66baf,\Exclusive\20180907 - Nicolly Pantoja - She's Seriously Getting Her Dick Up His Ass\,{DT16~Excl~ME0PMWJR~20180907 - Nicolly Pantoja - She's Seriously Getting Her Dick Up His Ass}
_mg_7754.jpg,604650,fa4f983e,\Exclusive\20180907 - Nicolly Pantoja - She's Seriously Getting Her Dick Up His Ass\,{DT16~Excl~ME0PMWJR~20180907 - Nicolly Pantoja - She's Seriously Getting Her Dick Up His Ass}
_mg_7755.jpg,600323,cc765b1c,\Exclusive\20180907 - Nicolly Pantoja - She's Seriously Getting Her Dick Up His Ass\,{DT16~Excl~ME0PMWJR~20180907 - Nicolly Pantoja - She's Seriously Getting Her Dick Up His Ass}
_mg_7756.jpg,608460,c1f1a5d5,\Exclusive\20180907 - Nicolly Pantoja - She's Seriously Getting Her Dick Up His Ass\,{DT16~Excl~ME0PMWJR~20180907 - Nicolly Pantoja - She's Seriously Getting Her Dick Up His Ass}
_mg_7758.jpg,618802,a7566fdf,\Exclusive\20180907 - Nicolly Pantoja - She's Seriously Getting Her Dick Up His Ass\,{DT16~Excl~ME0PMWJR~20180907 - Nicolly Pantoja - She's Seriously Getting Her Dick Up His Ass}
_mg_7759.jpg,550616,1df57fc9,\Exclusive\20180907 - Nicolly Pantoja - She's Seriously Getting Her Dick Up His Ass\,{DT16~Excl~ME0PMWJR~20180907 - Nicolly Pantoja - She's Seriously Getting Her Dick Up His Ass}
_mg_7760.jpg,633867,5278618e,\Exclusive\20180907 - Nicolly Pantoja - She's Seriously Getting Her Dick Up His Ass\,{DT16~Excl~ME0PMWJR~20180907 - Nicolly Pantoja - She's Seriously Getting Her Dick Up His Ass}
_mg_7761.jpg,661004,679a0844,\Exclusive\20180907 - Nicolly Pantoja - She's Seriously Getting Her Dick Up His Ass\,{DT16~Excl~ME0PMWJR~20180907 - Nicolly Pantoja - She's Seriously Getting Her Dick Up His Ass}
_mg_7764.jpg,631308,0fd987b7,\Exclusive\20180907 - Nicolly Pantoja - She's Seriously Getting Her Dick Up His Ass\,{DT16~Excl~ME0PMWJR~20180907 - Nicolly Pantoja - She's Seriously Getting Her Dick Up His Ass}
_mg_7765.jpg,669225,21fd9358,\Exclusive\20180907 - Nicolly Pantoja - She's Seriously Getting Her Dick Up His Ass\,{DT16~Excl~ME0PMWJR~20180907 - Nicolly Pantoja - She's Seriously Getting Her Dick Up His Ass}
_mg_7766.jpg,534222,ddb216b2,\Exclusive\20180907 - Nicolly Pantoja - She's Seriously Getting Her Dick Up His Ass\,{DT16~Excl~ME0PMWJR~20180907 - Nicolly Pantoja - She's Seriously Getting Her Dick Up His Ass}
_mg_7768.jpg,647870,83da9f23,\Exclusive\20180907 - Nicolly Pantoja - She's Seriously Getting Her Dick Up His Ass\,{DT16~Excl~ME0PMWJR~20180907 - Nicolly Pantoja - She's Seriously Getting Her Dick Up His Ass}
_mg_7770.jpg,590783,72ecbbd9,\Exclusive\20180907 - Nicolly Pantoja - She's Seriously Getting Her Dick Up His Ass\,{DT16~Excl~ME0PMWJR~20180907 - Nicolly Pantoja - She's Seriously Getting Her Dick Up His Ass}
_mg_7772.jpg,616538,2d940e0d,\Exclusive\20180907 - Nicolly Pantoja - She's Seriously Getting Her Dick Up His Ass\,{DT16~Excl~ME0PMWJR~20180907 - Nicolly Pantoja - She's Seriously Getting Her Dick Up His Ass}
_mg_7773.jpg,610868,ac8189ce,\Exclusive\20180907 - Nicolly Pantoja - She's Seriously Getting Her Dick Up His Ass\,{DT16~Excl~ME0PMWJR~20180907 - Nicolly Pantoja - She's Seriously Getting Her Dick Up His Ass}
_mg_7774.jpg,548044,0d6d2252,\Exclusive\20180907 - Nicolly Pantoja - She's Seriously Getting Her Dick Up His Ass\,{DT16~Excl~ME0PMWJR~20180907 - Nicolly Pantoja - She's Seriously Getting Her Dick Up His Ass}
_mg_7775.jpg,512301,02e439e3,\Exclusive\20180907 - Nicolly Pantoja - She's Seriously Getting Her Dick Up His Ass\,{DT16~Excl~ME0PMWJR~20180907 - Nicolly Pantoja - She's Seriously Getting Her Dick Up His Ass}
_mg_7776.jpg,519819,e2609fd2,\Exclusive\20180907 - Nicolly Pantoja - She's Seriously Getting Her Dick Up His Ass\,{DT16~Excl~ME0PMWJR~20180907 - Nicolly Pantoja - She's Seriously Getting Her Dick Up His Ass}
_mg_7778.jpg,560722,5da882aa,\Exclusive\20180907 - Nicolly Pantoja - She's Seriously Getting Her Dick Up His Ass\,{DT16~Excl~ME0PMWJR~20180907 - Nicolly Pantoja - She's Seriously Getting Her Dick Up His Ass}
_mg_7781.jpg,547181,de4b0ca7,\Exclusive\20180907 - Nicolly Pantoja - She's Seriously Getting Her Dick Up His Ass\,{DT16~Excl~ME0PMWJR~20180907 - Nicolly Pantoja - She's Seriously Getting Her Dick Up His Ass}
_mg_7782.jpg,633879,14b16894,\Exclusive\20180907 - Nicolly Pantoja - She's Seriously Getting Her Dick Up His Ass\,{DT16~Excl~ME0PMWJR~20180907 - Nicolly Pantoja - She's Seriously Getting Her Dick Up His Ass}
_mg_7784.jpg,538700,2b603dd6,\Exclusive\20180907 - Nicolly Pantoja - She's Seriously Getting Her Dick Up His Ass\,{DT16~Excl~ME0PMWJR~20180907 - Nicolly Pantoja - She's Seriously Getting Her Dick Up His Ass}
_mg_7785.jpg,597462,3f4f2bfd,\Exclusive\20180907 - Nicolly Pantoja - She's Seriously Getting Her Dick Up His Ass\,{DT16~Excl~ME0PMWJR~20180907 - Nicolly Pantoja - She's Seriously Getting Her Dick Up His Ass}
_mg_7786.jpg,551996,d338e9cd,\Exclusive\20180907 - Nicolly Pantoja - She's Seriously Getting Her Dick Up His Ass\,{DT16~Excl~ME0PMWJR~20180907 - Nicolly Pantoja - She's Seriously Getting Her Dick Up His Ass}
_mg_7787.jpg,552847,136bbc00,\Exclusive\20180907 - Nicolly Pantoja - She's Seriously Getting Her Dick Up His Ass\,{DT16~Excl~ME0PMWJR~20180907 - Nicolly Pantoja - She's Seriously Getting Her Dick Up His Ass}
_mg_7788.jpg,538489,77a21d42,\Exclusive\20180907 - Nicolly Pantoja - She's Seriously Getting Her Dick Up His Ass\,{DT16~Excl~ME0PMWJR~20180907 - Nicolly Pantoja - She's Seriously Getting Her Dick Up His Ass}
_mg_7789.jpg,585523,c2758cd9,\Exclusive\20180907 - Nicolly Pantoja - She's Seriously Getting Her Dick Up His Ass\,{DT16~Excl~ME0PMWJR~20180907 - Nicolly Pantoja - She's Seriously Getting Her Dick Up His Ass}
_mg_7790.jpg,561043,78a49385,\Exclusive\20180907 - Nicolly Pantoja - She's Seriously Getting Her Dick Up His Ass\,{DT16~Excl~ME0PMWJR~20180907 - Nicolly Pantoja - She's Seriously Getting Her Dick Up His Ass}
_mg_7791.jpg,557891,820f7fb7,\Exclusive\20180907 - Nicolly Pantoja - She's Seriously Getting Her Dick Up His Ass\,{DT16~Excl~ME0PMWJR~20180907 - Nicolly Pantoja - She's Seriously Getting Her Dick Up His Ass}
_mg_7792.jpg,490241,59af68ef,\Exclusive\20180907 - Nicolly Pantoja - She's Seriously Getting Her Dick Up His Ass\,{DT16~Excl~ME0PMWJR~20180907 - Nicolly Pantoja - She's Seriously Getting Her Dick Up His Ass}
_mg_7793.jpg,434867,8d1f0b22,\Exclusive\20180907 - Nicolly Pantoja - She's Seriously Getting Her Dick Up His Ass\,{DT16~Excl~ME0PMWJR~20180907 - Nicolly Pantoja - She's Seriously Getting Her Dick Up His Ass}
_mg_7795.jpg,621037,c68d4911,\Exclusive\20180907 - Nicolly Pantoja - She's Seriously Getting Her Dick Up His Ass\,{DT16~Excl~ME0PMWJR~20180907 - Nicolly Pantoja - She's Seriously Getting Her Dick Up His Ass}
_mg_7796.jpg,626139,d69c3a8a,\Exclusive\20180907 - Nicolly Pantoja - She's Seriously Getting Her Dick Up His Ass\,{DT16~Excl~ME0PMWJR~20180907 - Nicolly Pantoja - She's Seriously Getting Her Dick Up His Ass}
_mg_7797.jpg,636694,1d47eeee,\Exclusive\20180907 - Nicolly Pantoja - She's Seriously Getting Her Dick Up His Ass\,{DT16~Excl~ME0PMWJR~20180907 - Nicolly Pantoja - She's Seriously Getting Her Dick Up His Ass}
_mg_7798.jpg,656000,1504c004,\Exclusive\20180907 - Nicolly Pantoja - She's Seriously Getting Her Dick Up His Ass\,{DT16~Excl~ME0PMWJR~20180907 - Nicolly Pantoja - She's Seriously Getting Her Dick Up His Ass}
_mg_7799.jpg,649903,0cff6077,\Exclusive\20180907 - Nicolly Pantoja - She's Seriously Getting Her Dick Up His Ass\,{DT16~Excl~ME0PMWJR~20180907 - Nicolly Pantoja - She's Seriously Getting Her Dick Up His Ass}
_mg_7800.jpg,677504,87de9798,\Exclusive\20180907 - Nicolly Pantoja - She's Seriously Getting Her Dick Up His Ass\,{DT16~Excl~ME0PMWJR~20180907 - Nicolly Pantoja - She's Seriously Getting Her Dick Up His Ass}
_mg_7801.jpg,651665,94c1598a,\Exclusive\20180907 - Nicolly Pantoja - She's Seriously Getting Her Dick Up His Ass\,{DT16~Excl~ME0PMWJR~20180907 - Nicolly Pantoja - She's Seriously Getting Her Dick Up His Ass}
_mg_7802.jpg,675643,c1bd3935,\Exclusive\20180907 - Nicolly Pantoja - She's Seriously Getting Her Dick Up His Ass\,{DT16~Excl~ME0PMWJR~20180907 - Nicolly Pantoja - She's Seriously Getting Her Dick Up His Ass}
_mg_7803.jpg,685465,aeccc9be,\Exclusive\20180907 - Nicolly Pantoja - She's Seriously Getting Her Dick Up His Ass\,{DT16~Excl~ME0PMWJR~20180907 - Nicolly Pantoja - She's Seriously Getting Her Dick Up His Ass}
_mg_7807.jpg,593226,27d72c77,\Exclusive\20180907 - Nicolly Pantoja - She's Seriously Getting Her Dick Up His Ass\,{DT16~Excl~ME0PMWJR~20180907 - Nicolly Pantoja - She's Seriously Getting Her Dick Up His Ass}
_mg_7808.jpg,645424,4c063cb8,\Exclusive\20180907 - Nicolly Pantoja - She's Seriously Getting Her Dick Up His Ass\,{DT16~Excl~ME0PMWJR~20180907 - Nicolly Pantoja - She's Seriously Getting Her Dick Up His Ass}
_mg_7809.jpg,658361,6ab09a5b,\Exclusive\20180907 - Nicolly Pantoja - She's Seriously Getting Her Dick Up His Ass\,{DT16~Excl~ME0PMWJR~20180907 - Nicolly Pantoja - She's Seriously Getting Her Dick Up His Ass}
_mg_7810.jpg,737488,67fa2f5e,\Exclusive\20180907 - Nicolly Pantoja - She's Seriously Getting Her Dick Up His Ass\,{DT16~Excl~ME0PMWJR~20180907 - Nicolly Pantoja - She's Seriously Getting Her Dick Up His Ass}
_mg_7811.jpg,686643,07dcae30,\Exclusive\20180907 - Nicolly Pantoja - She's Seriously Getting Her Dick Up His Ass\,{DT16~Excl~ME0PMWJR~20180907 - Nicolly Pantoja - She's Seriously Getting Her Dick Up His Ass}
_mg_7812.jpg,680183,e888c798,\Exclusive\20180907 - Nicolly Pantoja - She's Seriously Getting Her Dick Up His Ass\,{DT16~Excl~ME0PMWJR~20180907 - Nicolly Pantoja - She's Seriously Getting Her Dick Up His Ass}
_mg_7813.jpg,702419,44d09bdb,\Exclusive\20180907 - Nicolly Pantoja - She's Seriously Getting Her Dick Up His Ass\,{DT16~Excl~ME0PMWJR~20180907 - Nicolly Pantoja - She's Seriously Getting Her Dick Up His Ass}
_mg_7814.jpg,653291,cae8ea7b,\Exclusive\20180907 - Nicolly Pantoja - She's Seriously Getting Her Dick Up His Ass\,{DT16~Excl~ME0PMWJR~20180907 - Nicolly Pantoja - She's Seriously Getting Her Dick Up His Ass}
_mg_7815.jpg,609781,7723fe15,\Exclusive\20180907 - Nicolly Pantoja - She's Seriously Getting Her Dick Up His Ass\,{DT16~Excl~ME0PMWJR~20180907 - Nicolly Pantoja - She's Seriously Getting Her Dick Up His Ass}
_mg_7816.jpg,610374,6953d4df,\Exclusive\20180907 - Nicolly Pantoja - She's Seriously Getting Her Dick Up His Ass\,{DT16~Excl~ME0PMWJR~20180907 - Nicolly Pantoja - She's Seriously Getting Her Dick Up His Ass}
_mg_7817.jpg,618910,c8881e55,\Exclusive\20180907 - Nicolly Pantoja - She's Seriously Getting Her Dick Up His Ass\,{DT16~Excl~ME0PMWJR~20180907 - Nicolly Pantoja - She's Seriously Getting Her Dick Up His Ass}
_mg_7818.jpg,518701,ba81ce44,\Exclusive\20180907 - Nicolly Pantoja - She's Seriously Getting Her Dick Up His Ass\,{DT16~Excl~ME0PMWJR~20180907 - Nicolly Pantoja - She's Seriously Getting Her Dick Up His Ass}
_mg_7819.jpg,512601,f06046cc,\Exclusive\20180907 - Nicolly Pantoja - She's Seriously Getting Her Dick Up His Ass\,{DT16~Excl~ME0PMWJR~20180907 - Nicolly Pantoja - She's Seriously Getting Her Dick Up His Ass}
_mg_7820.jpg,506883,25d3eb93,\Exclusive\20180907 - Nicolly Pantoja - She's Seriously Getting Her Dick Up His Ass\,{DT16~Excl~ME0PMWJR~20180907 - Nicolly Pantoja - She's Seriously Getting Her Dick Up His Ass}
_mg_7821.jpg,623985,9823f0d0,\Exclusive\20180907 - Nicolly Pantoja - She's Seriously Getting Her Dick Up His Ass\,{DT16~Excl~ME0PMWJR~20180907 - Nicolly Pantoja - She's Seriously Getting Her Dick Up His Ass}
_mg_7822.jpg,612690,6aa6e36e,\Exclusive\20180907 - Nicolly Pantoja - She's Seriously Getting Her Dick Up His Ass\,{DT16~Excl~ME0PMWJR~20180907 - Nicolly Pantoja - She's Seriously Getting Her Dick Up His Ass}
_mg_7823.jpg,602784,2a7e03c5,\Exclusive\20180907 - Nicolly Pantoja - She's Seriously Getting Her Dick Up His Ass\,{DT16~Excl~ME0PMWJR~20180907 - Nicolly Pantoja - She's Seriously Getting Her Dick Up His Ass}
_mg_7824.jpg,586949,f1b95ac3,\Exclusive\20180907 - Nicolly Pantoja - She's Seriously Getting Her Dick Up His Ass\,{DT16~Excl~ME0PMWJR~20180907 - Nicolly Pantoja - She's Seriously Getting Her Dick Up His Ass}
_mg_7825.jpg,609425,3894afa9,\Exclusive\20180907 - Nicolly Pantoja - She's Seriously Getting Her Dick Up His Ass\,{DT16~Excl~ME0PMWJR~20180907 - Nicolly Pantoja - She's Seriously Getting Her Dick Up His Ass}
_mg_7826.jpg,611253,700db505,\Exclusive\20180907 - Nicolly Pantoja - She's Seriously Getting Her Dick Up His Ass\,{DT16~Excl~ME0PMWJR~20180907 - Nicolly Pantoja - She's Seriously Getting Her Dick Up His Ass}
_mg_7827.jpg,615566,c81e27fb,\Exclusive\20180907 - Nicolly Pantoja - She's Seriously Getting Her Dick Up His Ass\,{DT16~Excl~ME0PMWJR~20180907 - Nicolly Pantoja - She's Seriously Getting Her Dick Up His Ass}
_mg_7828.jpg,584081,ca4574c6,\Exclusive\20180907 - Nicolly Pantoja - She's Seriously Getting Her Dick Up His Ass\,{DT16~Excl~ME0PMWJR~20180907 - Nicolly Pantoja - She's Seriously Getting Her Dick Up His Ass}
_mg_7829.jpg,615435,1c05686c,\Exclusive\20180907 - Nicolly Pantoja - She's Seriously Getting Her Dick Up His Ass\,{DT16~Excl~ME0PMWJR~20180907 - Nicolly Pantoja - She's Seriously Getting Her Dick Up His Ass}
_mg_7830.jpg,555101,193f6b86,\Exclusive\20180907 - Nicolly Pantoja - She's Seriously Getting Her Dick Up His Ass\,{DT16~Excl~ME0PMWJR~20180907 - Nicolly Pantoja - She's Seriously Getting Her Dick Up His Ass}
_mg_7831.jpg,570449,df03eeb5,\Exclusive\20180907 - Nicolly Pantoja - She's Seriously Getting Her Dick Up His Ass\,{DT16~Excl~ME0PMWJR~20180907 - Nicolly Pantoja - She's Seriously Getting Her Dick Up His Ass}
_mg_7832.jpg,580204,56cb8404,\Exclusive\20180907 - Nicolly Pantoja - She's Seriously Getting Her Dick Up His Ass\,{DT16~Excl~ME0PMWJR~20180907 - Nicolly Pantoja - She's Seriously Getting Her Dick Up His Ass}
_mg_7833.jpg,579693,75bc7aaf,\Exclusive\20180907 - Nicolly Pantoja - She's Seriously Getting Her Dick Up His Ass\,{DT16~Excl~ME0PMWJR~20180907 - Nicolly Pantoja - She's Seriously Getting Her Dick Up His Ass}
_mg_7834.jpg,612070,dbd920d4,\Exclusive\20180907 - Nicolly Pantoja - She's Seriously Getting Her Dick Up His Ass\,{DT16~Excl~ME0PMWJR~20180907 - Nicolly Pantoja - She's Seriously Getting Her Dick Up His Ass}
_mg_7836.jpg,488354,2643be18,\Exclusive\20180907 - Nicolly Pantoja - She's Seriously Getting Her Dick Up His Ass\,{DT16~Excl~ME0PMWJR~20180907 - Nicolly Pantoja - She's Seriously Getting Her Dick Up His Ass}
_mg_7837.jpg,533712,7efeb161,\Exclusive\20180907 - Nicolly Pantoja - She's Seriously Getting Her Dick Up His Ass\,{DT16~Excl~ME0PMWJR~20180907 - Nicolly Pantoja - She's Seriously Getting Her Dick Up His Ass}
_mg_7838.jpg,510566,4431c5ea,\Exclusive\20180907 - Nicolly Pantoja - She's Seriously Getting Her Dick Up His Ass\,{DT16~Excl~ME0PMWJR~20180907 - Nicolly Pantoja - She's Seriously Getting Her Dick Up His Ass}
_mg_7839.jpg,470637,96d3912b,\Exclusive\20180907 - Nicolly Pantoja - She's Seriously Getting Her Dick Up His Ass\,{DT16~Excl~ME0PMWJR~20180907 - Nicolly Pantoja - She's Seriously Getting Her Dick Up His Ass}
_mg_7840.jpg,511085,800f3ba3,\Exclusive\20180907 - Nicolly Pantoja - She's Seriously Getting Her Dick Up His Ass\,{DT16~Excl~ME0PMWJR~20180907 - Nicolly Pantoja - She's Seriously Getting Her Dick Up His Ass}
_mg_7841.jpg,603761,c29988ea,\Exclusive\20180907 - Nicolly Pantoja - She's Seriously Getting Her Dick Up His Ass\,{DT16~Excl~ME0PMWJR~20180907 - Nicolly Pantoja - She's Seriously Getting Her Dick Up His Ass}
_mg_7842.jpg,483048,aba3bc12,\Exclusive\20180907 - Nicolly Pantoja - She's Seriously Getting Her Dick Up His Ass\,{DT16~Excl~ME0PMWJR~20180907 - Nicolly Pantoja - She's Seriously Getting Her Dick Up His Ass}
_mg_7843.jpg,543528,9b77bfe6,\Exclusive\20180907 - Nicolly Pantoja - She's Seriously Getting Her Dick Up His Ass\,{DT16~Excl~ME0PMWJR~20180907 - Nicolly Pantoja - She's Seriously Getting Her Dick Up His Ass}
_mg_7844.jpg,555997,6e52a695,\Exclusive\20180907 - Nicolly Pantoja - She's Seriously Getting Her Dick Up His Ass\,{DT16~Excl~ME0PMWJR~20180907 - Nicolly Pantoja - She's Seriously Getting Her Dick Up His Ass}
_mg_7845.jpg,590435,35a8819a,\Exclusive\20180907 - Nicolly Pantoja - She's Seriously Getting Her Dick Up His Ass\,{DT16~Excl~ME0PMWJR~20180907 - Nicolly Pantoja - She's Seriously Getting Her Dick Up His Ass}
_mg_7846.jpg,482455,083b54a4,\Exclusive\20180907 - Nicolly Pantoja - She's Seriously Getting Her Dick Up His Ass\,{DT16~Excl~ME0PMWJR~20180907 - Nicolly Pantoja - She's Seriously Getting Her Dick Up His Ass}
_mg_7847.jpg,481570,555d5c3f,\Exclusive\20180907 - Nicolly Pantoja - She's Seriously Getting Her Dick Up His Ass\,{DT16~Excl~ME0PMWJR~20180907 - Nicolly Pantoja - She's Seriously Getting Her Dick Up His Ass}
_mg_7848.jpg,461832,7d797a8d,\Exclusive\20180907 - Nicolly Pantoja - She's Seriously Getting Her Dick Up His Ass\,{DT16~Excl~ME0PMWJR~20180907 - Nicolly Pantoja - She's Seriously Getting Her Dick Up His Ass}
_mg_7850.jpg,505986,31726ecd,\Exclusive\20180907 - Nicolly Pantoja - She's Seriously Getting Her Dick Up His Ass\,{DT16~Excl~ME0PMWJR~20180907 - Nicolly Pantoja - She's Seriously Getting Her Dick Up His Ass}
_mg_7851.jpg,516355,699b2311,\Exclusive\20180907 - Nicolly Pantoja - She's Seriously Getting Her Dick Up His Ass\,{DT16~Excl~ME0PMWJR~20180907 - Nicolly Pantoja - She's Seriously Getting Her Dick Up His Ass}
_mg_7853.jpg,537133,39fbe9e0,\Exclusive\20180907 - Nicolly Pantoja - She's Seriously Getting Her Dick Up His Ass\,{DT16~Excl~ME0PMWJR~20180907 - Nicolly Pantoja - She's Seriously Getting Her Dick Up His Ass}
_mg_7854.jpg,525873,f76e5ada,\Exclusive\20180907 - Nicolly Pantoja - She's Seriously Getting Her Dick Up His Ass\,{DT16~Excl~ME0PMWJR~20180907 - Nicolly Pantoja - She's Seriously Getting Her Dick Up His Ass}
_mg_7855.jpg,493361,2a1cb6e4,\Exclusive\20180907 - Nicolly Pantoja - She's Seriously Getting Her Dick Up His Ass\,{DT16~Excl~ME0PMWJR~20180907 - Nicolly Pantoja - She's Seriously Getting Her Dick Up His Ass}
_mg_7856.jpg,503122,6949d7e3,\Exclusive\20180907 - Nicolly Pantoja - She's Seriously Getting Her Dick Up His Ass\,{DT16~Excl~ME0PMWJR~20180907 - Nicolly Pantoja - She's Seriously Getting Her Dick Up His Ass}
_mg_7858.jpg,477881,e73a583c,\Exclusive\20180907 - Nicolly Pantoja - She's Seriously Getting Her Dick Up His Ass\,{DT16~Excl~ME0PMWJR~20180907 - Nicolly Pantoja - She's Seriously Getting Her Dick Up His Ass}
_mg_7859.jpg,524083,e45705b3,\Exclusive\20180907 - Nicolly Pantoja - She's Seriously Getting Her Dick Up His Ass\,{DT16~Excl~ME0PMWJR~20180907 - Nicolly Pantoja - She's Seriously Getting Her Dick Up His Ass}
_mg_7860.jpg,492416,fd129837,\Exclusive\20180907 - Nicolly Pantoja - She's Seriously Getting Her Dick Up His Ass\,{DT16~Excl~ME0PMWJR~20180907 - Nicolly Pantoja - She's Seriously Getting Her Dick Up His Ass}
_mg_7861.jpg,509785,922403b2,\Exclusive\20180907 - Nicolly Pantoja - She's Seriously Getting Her Dick Up His Ass\,{DT16~Excl~ME0PMWJR~20180907 - Nicolly Pantoja - She's Seriously Getting Her Dick Up His Ass}
_mg_7862.jpg,515919,11b582bf,\Exclusive\20180907 - Nicolly Pantoja - She's Seriously Getting Her Dick Up His Ass\,{DT16~Excl~ME0PMWJR~20180907 - Nicolly Pantoja - She's Seriously Getting Her Dick Up His Ass}
_mg_7863.jpg,489538,5bfb3569,\Exclusive\20180907 - Nicolly Pantoja - She's Seriously Getting Her Dick Up His Ass\,{DT16~Excl~ME0PMWJR~20180907 - Nicolly Pantoja - She's Seriously Getting Her Dick Up His Ass}
_mg_7864.jpg,527854,8a7ebd0d,\Exclusive\20180907 - Nicolly Pantoja - She's Seriously Getting Her Dick Up His Ass\,{DT16~Excl~ME0PMWJR~20180907 - Nicolly Pantoja - She's Seriously Getting Her Dick Up His Ass}
_mg_7865.jpg,527890,09469119,\Exclusive\20180907 - Nicolly Pantoja - She's Seriously Getting Her Dick Up His Ass\,{DT16~Excl~ME0PMWJR~20180907 - Nicolly Pantoja - She's Seriously Getting Her Dick Up His Ass}
_mg_7866.jpg,520880,7efcda90,\Exclusive\20180907 - Nicolly Pantoja - She's Seriously Getting Her Dick Up His Ass\,{DT16~Excl~ME0PMWJR~20180907 - Nicolly Pantoja - She's Seriously Getting Her Dick Up His Ass}
_mg_7868.jpg,711455,4d74b6ec,\Exclusive\20180907 - Nicolly Pantoja - She's Seriously Getting Her Dick Up His Ass\,{DT16~Excl~ME0PMWJR~20180907 - Nicolly Pantoja - She's Seriously Getting Her Dick Up His Ass}
_mg_7869.jpg,488887,7e045636,\Exclusive\20180907 - Nicolly Pantoja - She's Seriously Getting Her Dick Up His Ass\,{DT16~Excl~ME0PMWJR~20180907 - Nicolly Pantoja - She's Seriously Getting Her Dick Up His Ass}
_mg_7870.jpg,543081,34c62c47,\Exclusive\20180907 - Nicolly Pantoja - She's Seriously Getting Her Dick Up His Ass\,{DT16~Excl~ME0PMWJR~20180907 - Nicolly Pantoja - She's Seriously Getting Her Dick Up His Ass}
_mg_7871.jpg,532653,df70d923,\Exclusive\20180907 - Nicolly Pantoja - She's Seriously Getting Her Dick Up His Ass\,{DT16~Excl~ME0PMWJR~20180907 - Nicolly Pantoja - She's Seriously Getting Her Dick Up His Ass}
_mg_7873.jpg,636540,53f89d3a,\Exclusive\20180907 - Nicolly Pantoja - She's Seriously Getting Her Dick Up His Ass\,{DT16~Excl~ME0PMWJR~20180907 - Nicolly Pantoja - She's Seriously Getting Her Dick Up His Ass}
_mg_7874.jpg,645670,58fd695a,\Exclusive\20180907 - Nicolly Pantoja - She's Seriously Getting Her Dick Up His Ass\,{DT16~Excl~ME0PMWJR~20180907 - Nicolly Pantoja - She's Seriously Getting Her Dick Up His Ass}
_mg_7876.jpg,475213,86d1d3ae,\Exclusive\20180907 - Nicolly Pantoja - She's Seriously Getting Her Dick Up His Ass\,{DT16~Excl~ME0PMWJR~20180907 - Nicolly Pantoja - She's Seriously Getting Her Dick Up His Ass}
_mg_7877.jpg,508209,18b39d4a,\Exclusive\20180907 - Nicolly Pantoja - She's Seriously Getting Her Dick Up His Ass\,{DT16~Excl~ME0PMWJR~20180907 - Nicolly Pantoja - She's Seriously Getting Her Dick Up His Ass}
_mg_8048.jpg,986405,2d0362ad,\Exclusive\20180911 - Nicolly Pantoja - Fucking Machine Made Her Cum\,{DT16~Excl~ME0PN0L1~20180911 - Nicolly Pantoja - Fucking Machine Made Her Cum}
_mg_8049.jpg,953944,cc7e640a,\Exclusive\20180911 - Nicolly Pantoja - Fucking Machine Made Her Cum\,{DT16~Excl~ME0PN0L1~20180911 - Nicolly Pantoja - Fucking Machine Made Her Cum}
_mg_8051.jpg,1016838,1b3b3a4f,\Exclusive\20180911 - Nicolly Pantoja - Fucking Machine Made Her Cum\,{DT16~Excl~ME0PN0L1~20180911 - Nicolly Pantoja - Fucking Machine Made Her Cum}
_mg_8052.jpg,910405,86d66ec4,\Exclusive\20180911 - Nicolly Pantoja - Fucking Machine Made Her Cum\,{DT16~Excl~ME0PN0L1~20180911 - Nicolly Pantoja - Fucking Machine Made Her Cum}
_mg_8053.jpg,910808,84f52481,\Exclusive\20180911 - Nicolly Pantoja - Fucking Machine Made Her Cum\,{DT16~Excl~ME0PN0L1~20180911 - Nicolly Pantoja - Fucking Machine Made Her Cum}
_mg_8055.jpg,907209,9750d2bc,\Exclusive\20180911 - Nicolly Pantoja - Fucking Machine Made Her Cum\,{DT16~Excl~ME0PN0L1~20180911 - Nicolly Pantoja - Fucking Machine Made Her Cum}
_mg_8056.jpg,940036,d4a274b4,\Exclusive\20180911 - Nicolly Pantoja - Fucking Machine Made Her Cum\,{DT16~Excl~ME0PN0L1~20180911 - Nicolly Pantoja - Fucking Machine Made Her Cum}
_mg_8057.jpg,1054539,01e74d46,\Exclusive\20180911 - Nicolly Pantoja - Fucking Machine Made Her Cum\,{DT16~Excl~ME0PN0L1~20180911 - Nicolly Pantoja - Fucking Machine Made Her Cum}
_mg_8058.jpg,899795,3a8c585a,\Exclusive\20180911 - Nicolly Pantoja - Fucking Machine Made Her Cum\,{DT16~Excl~ME0PN0L1~20180911 - Nicolly Pantoja - Fucking Machine Made Her Cum}
_mg_8059.jpg,952613,7c3f512e,\Exclusive\20180911 - Nicolly Pantoja - Fucking Machine Made Her Cum\,{DT16~Excl~ME0PN0L1~20180911 - Nicolly Pantoja - Fucking Machine Made Her Cum}
_mg_8060.jpg,937955,19061214,\Exclusive\20180911 - Nicolly Pantoja - Fucking Machine Made Her Cum\,{DT16~Excl~ME0PN0L1~20180911 - Nicolly Pantoja - Fucking Machine Made Her Cum}
_mg_8061.jpg,965466,b8c5aacd,\Exclusive\20180911 - Nicolly Pantoja - Fucking Machine Made Her Cum\,{DT16~Excl~ME0PN0L1~20180911 - Nicolly Pantoja - Fucking Machine Made Her Cum}
_mg_8062.jpg,917893,e2280a52,\Exclusive\20180911 - Nicolly Pantoja - Fucking Machine Made Her Cum\,{DT16~Excl~ME0PN0L1~20180911 - Nicolly Pantoja - Fucking Machine Made Her Cum}
_mg_8063.jpg,874073,8918a323,\Exclusive\20180911 - Nicolly Pantoja - Fucking Machine Made Her Cum\,{DT16~Excl~ME0PN0L1~20180911 - Nicolly Pantoja - Fucking Machine Made Her Cum}
_mg_8064.jpg,909652,fd58bfdc,\Exclusive\20180911 - Nicolly Pantoja - Fucking Machine Made Her Cum\,{DT16~Excl~ME0PN0L1~20180911 - Nicolly Pantoja - Fucking Machine Made Her Cum}
_mg_8065.jpg,1155746,990499c2,\Exclusive\20180911 - Nicolly Pantoja - Fucking Machine Made Her Cum\,{DT16~Excl~ME0PN0L1~20180911 - Nicolly Pantoja - Fucking Machine Made Her Cum}
_mg_8068.jpg,904919,11240138,\Exclusive\20180911 - Nicolly Pantoja - Fucking Machine Made Her Cum\,{DT16~Excl~ME0PN0L1~20180911 - Nicolly Pantoja - Fucking Machine Made Her Cum}
_mg_8069.jpg,1090134,93dc78f2,\Exclusive\20180911 - Nicolly Pantoja - Fucking Machine Made Her Cum\,{DT16~Excl~ME0PN0L1~20180911 - Nicolly Pantoja - Fucking Machine Made Her Cum}
_mg_8072.jpg,750588,31e578cc,\Exclusive\20180911 - Nicolly Pantoja - Fucking Machine Made Her Cum\,{DT16~Excl~ME0PN0L1~20180911 - Nicolly Pantoja - Fucking Machine Made Her Cum}
_mg_8073.jpg,1010421,0e1bc1f6,\Exclusive\20180911 - Nicolly Pantoja - Fucking Machine Made Her Cum\,{DT16~Excl~ME0PN0L1~20180911 - Nicolly Pantoja - Fucking Machine Made Her Cum}
_mg_8076.jpg,850063,59dcf7b3,\Exclusive\20180911 - Nicolly Pantoja - Fucking Machine Made Her Cum\,{DT16~Excl~ME0PN0L1~20180911 - Nicolly Pantoja - Fucking Machine Made Her Cum}
_mg_8077.jpg,891781,46065ba2,\Exclusive\20180911 - Nicolly Pantoja - Fucking Machine Made Her Cum\,{DT16~Excl~ME0PN0L1~20180911 - Nicolly Pantoja - Fucking Machine Made Her Cum}
_mg_8078.jpg,686391,3d70aad7,\Exclusive\20180911 - Nicolly Pantoja - Fucking Machine Made Her Cum\,{DT16~Excl~ME0PN0L1~20180911 - Nicolly Pantoja - Fucking Machine Made Her Cum}
_mg_8079.jpg,631218,bae8317f,\Exclusive\20180911 - Nicolly Pantoja - Fucking Machine Made Her Cum\,{DT16~Excl~ME0PN0L1~20180911 - Nicolly Pantoja - Fucking Machine Made Her Cum}
_mg_8080.jpg,660977,fde88eec,\Exclusive\20180911 - Nicolly Pantoja - Fucking Machine Made Her Cum\,{DT16~Excl~ME0PN0L1~20180911 - Nicolly Pantoja - Fucking Machine Made Her Cum}
_mg_8085.jpg,778129,12e58154,\Exclusive\20180911 - Nicolly Pantoja - Fucking Machine Made Her Cum\,{DT16~Excl~ME0PN0L1~20180911 - Nicolly Pantoja - Fucking Machine Made Her Cum}
_mg_8086.jpg,782885,6b9e2a4f,\Exclusive\20180911 - Nicolly Pantoja - Fucking Machine Made Her Cum\,{DT16~Excl~ME0PN0L1~20180911 - Nicolly Pantoja - Fucking Machine Made Her Cum}
_mg_8087.jpg,834754,4dd086a6,\Exclusive\20180911 - Nicolly Pantoja - Fucking Machine Made Her Cum\,{DT16~Excl~ME0PN0L1~20180911 - Nicolly Pantoja - Fucking Machine Made Her Cum}
_mg_8088.jpg,919922,7aaee230,\Exclusive\20180911 - Nicolly Pantoja - Fucking Machine Made Her Cum\,{DT16~Excl~ME0PN0L1~20180911 - Nicolly Pantoja - Fucking Machine Made Her Cum}
_mg_8089.jpg,998588,69f93399,\Exclusive\20180911 - Nicolly Pantoja - Fucking Machine Made Her Cum\,{DT16~Excl~ME0PN0L1~20180911 - Nicolly Pantoja - Fucking Machine Made Her Cum}
_mg_8090.jpg,1049437,8e8f59c9,\Exclusive\20180911 - Nicolly Pantoja - Fucking Machine Made Her Cum\,{DT16~Excl~ME0PN0L1~20180911 - Nicolly Pantoja - Fucking Machine Made Her Cum}
_mg_8091.jpg,964711,86439ed2,\Exclusive\20180911 - Nicolly Pantoja - Fucking Machine Made Her Cum\,{DT16~Excl~ME0PN0L1~20180911 - Nicolly Pantoja - Fucking Machine Made Her Cum}
_mg_8092.jpg,969059,ed56d93c,\Exclusive\20180911 - Nicolly Pantoja - Fucking Machine Made Her Cum\,{DT16~Excl~ME0PN0L1~20180911 - Nicolly Pantoja - Fucking Machine Made Her Cum}
_mg_8093.jpg,855593,2631c9df,\Exclusive\20180911 - Nicolly Pantoja - Fucking Machine Made Her Cum\,{DT16~Excl~ME0PN0L1~20180911 - Nicolly Pantoja - Fucking Machine Made Her Cum}
_mg_8094.jpg,1000940,6231a1f5,\Exclusive\20180911 - Nicolly Pantoja - Fucking Machine Made Her Cum\,{DT16~Excl~ME0PN0L1~20180911 - Nicolly Pantoja - Fucking Machine Made Her Cum}
_mg_8096.jpg,792500,8d3551f6,\Exclusive\20180911 - Nicolly Pantoja - Fucking Machine Made Her Cum\,{DT16~Excl~ME0PN0L1~20180911 - Nicolly Pantoja - Fucking Machine Made Her Cum}
_mg_8098.jpg,911711,b063c5d9,\Exclusive\20180911 - Nicolly Pantoja - Fucking Machine Made Her Cum\,{DT16~Excl~ME0PN0L1~20180911 - Nicolly Pantoja - Fucking Machine Made Her Cum}
_mg_8099.jpg,1064115,49a13b79,\Exclusive\20180911 - Nicolly Pantoja - Fucking Machine Made Her Cum\,{DT16~Excl~ME0PN0L1~20180911 - Nicolly Pantoja - Fucking Machine Made Her Cum}
_mg_8100.jpg,911732,95825fde,\Exclusive\20180911 - Nicolly Pantoja - Fucking Machine Made Her Cum\,{DT16~Excl~ME0PN0L1~20180911 - Nicolly Pantoja - Fucking Machine Made Her Cum}
_mg_8101.jpg,775836,e95d091a,\Exclusive\20180911 - Nicolly Pantoja - Fucking Machine Made Her Cum\,{DT16~Excl~ME0PN0L1~20180911 - Nicolly Pantoja - Fucking Machine Made Her Cum}
_mg_8102.jpg,703058,d82771a2,\Exclusive\20180911 - Nicolly Pantoja - Fucking Machine Made Her Cum\,{DT16~Excl~ME0PN0L1~20180911 - Nicolly Pantoja - Fucking Machine Made Her Cum}
_mg_8104.jpg,757973,e9d5420e,\Exclusive\20180911 - Nicolly Pantoja - Fucking Machine Made Her Cum\,{DT16~Excl~ME0PN0L1~20180911 - Nicolly Pantoja - Fucking Machine Made Her Cum}
_mg_8105.jpg,1013712,956241a5,\Exclusive\20180911 - Nicolly Pantoja - Fucking Machine Made Her Cum\,{DT16~Excl~ME0PN0L1~20180911 - Nicolly Pantoja - Fucking Machine Made Her Cum}
_mg_8106.jpg,593551,8b305650,\Exclusive\20180911 - Nicolly Pantoja - Fucking Machine Made Her Cum\,{DT16~Excl~ME0PN0L1~20180911 - Nicolly Pantoja - Fucking Machine Made Her Cum}
_mg_8107.jpg,587864,9a8a83e7,\Exclusive\20180911 - Nicolly Pantoja - Fucking Machine Made Her Cum\,{DT16~Excl~ME0PN0L1~20180911 - Nicolly Pantoja - Fucking Machine Made Her Cum}
_mg_8108.jpg,669684,a0de799e,\Exclusive\20180911 - Nicolly Pantoja - Fucking Machine Made Her Cum\,{DT16~Excl~ME0PN0L1~20180911 - Nicolly Pantoja - Fucking Machine Made Her Cum}
_mg_8109.jpg,847033,31f33db0,\Exclusive\20180911 - Nicolly Pantoja - Fucking Machine Made Her Cum\,{DT16~Excl~ME0PN0L1~20180911 - Nicolly Pantoja - Fucking Machine Made Her Cum}
_mg_8110.jpg,875736,d7a85b17,\Exclusive\20180911 - Nicolly Pantoja - Fucking Machine Made Her Cum\,{DT16~Excl~ME0PN0L1~20180911 - Nicolly Pantoja - Fucking Machine Made Her Cum}
_mg_8111.jpg,926567,06be7f66,\Exclusive\20180911 - Nicolly Pantoja - Fucking Machine Made Her Cum\,{DT16~Excl~ME0PN0L1~20180911 - Nicolly Pantoja - Fucking Machine Made Her Cum}
_mg_8112.jpg,641461,c94330b2,\Exclusive\20180911 - Nicolly Pantoja - Fucking Machine Made Her Cum\,{DT16~Excl~ME0PN0L1~20180911 - Nicolly Pantoja - Fucking Machine Made Her Cum}
_mg_8113.jpg,771136,8c0df0b6,\Exclusive\20180911 - Nicolly Pantoja - Fucking Machine Made Her Cum\,{DT16~Excl~ME0PN0L1~20180911 - Nicolly Pantoja - Fucking Machine Made Her Cum}
_mg_8115.jpg,576154,b943dc08,\Exclusive\20180911 - Nicolly Pantoja - Fucking Machine Made Her Cum\,{DT16~Excl~ME0PN0L1~20180911 - Nicolly Pantoja - Fucking Machine Made Her Cum}
_mg_8116.jpg,732060,dd8a62cc,\Exclusive\20180911 - Nicolly Pantoja - Fucking Machine Made Her Cum\,{DT16~Excl~ME0PN0L1~20180911 - Nicolly Pantoja - Fucking Machine Made Her Cum}
_mg_8117.jpg,579169,263986fd,\Exclusive\20180911 - Nicolly Pantoja - Fucking Machine Made Her Cum\,{DT16~Excl~ME0PN0L1~20180911 - Nicolly Pantoja - Fucking Machine Made Her Cum}
_mg_8120.jpg,801813,da812926,\Exclusive\20180911 - Nicolly Pantoja - Fucking Machine Made Her Cum\,{DT16~Excl~ME0PN0L1~20180911 - Nicolly Pantoja - Fucking Machine Made Her Cum}
_mg_8121.jpg,622506,ae4e644a,\Exclusive\20180911 - Nicolly Pantoja - Fucking Machine Made Her Cum\,{DT16~Excl~ME0PN0L1~20180911 - Nicolly Pantoja - Fucking Machine Made Her Cum}
_mg_8122.jpg,493304,4e948800,\Exclusive\20180911 - Nicolly Pantoja - Fucking Machine Made Her Cum\,{DT16~Excl~ME0PN0L1~20180911 - Nicolly Pantoja - Fucking Machine Made Her Cum}
_mg_8123.jpg,701940,8a1a99e9,\Exclusive\20180911 - Nicolly Pantoja - Fucking Machine Made Her Cum\,{DT16~Excl~ME0PN0L1~20180911 - Nicolly Pantoja - Fucking Machine Made Her Cum}
_mg_8124.jpg,525944,e8f6a227,\Exclusive\20180911 - Nicolly Pantoja - Fucking Machine Made Her Cum\,{DT16~Excl~ME0PN0L1~20180911 - Nicolly Pantoja - Fucking Machine Made Her Cum}
_mg_8125.jpg,513988,6baacdd9,\Exclusive\20180911 - Nicolly Pantoja - Fucking Machine Made Her Cum\,{DT16~Excl~ME0PN0L1~20180911 - Nicolly Pantoja - Fucking Machine Made Her Cum}
_mg_8126.jpg,552504,e1bdd9c9,\Exclusive\20180911 - Nicolly Pantoja - Fucking Machine Made Her Cum\,{DT16~Excl~ME0PN0L1~20180911 - Nicolly Pantoja - Fucking Machine Made Her Cum}
_mg_8127.jpg,419634,0621add2,\Exclusive\20180911 - Nicolly Pantoja - Fucking Machine Made Her Cum\,{DT16~Excl~ME0PN0L1~20180911 - Nicolly Pantoja - Fucking Machine Made Her Cum}
_mg_8128.jpg,520083,020ef87a,\Exclusive\20180911 - Nicolly Pantoja - Fucking Machine Made Her Cum\,{DT16~Excl~ME0PN0L1~20180911 - Nicolly Pantoja - Fucking Machine Made Her Cum}
_mg_8129.jpg,483448,24a93d09,\Exclusive\20180911 - Nicolly Pantoja - Fucking Machine Made Her Cum\,{DT16~Excl~ME0PN0L1~20180911 - Nicolly Pantoja - Fucking Machine Made Her Cum}
_mg_8130.jpg,501253,322da2c2,\Exclusive\20180911 - Nicolly Pantoja - Fucking Machine Made Her Cum\,{DT16~Excl~ME0PN0L1~20180911 - Nicolly Pantoja - Fucking Machine Made Her Cum}
_mg_8131.jpg,498539,ccbdb9b9,\Exclusive\20180911 - Nicolly Pantoja - Fucking Machine Made Her Cum\,{DT16~Excl~ME0PN0L1~20180911 - Nicolly Pantoja - Fucking Machine Made Her Cum}
_mg_8132.jpg,443839,cb15bcff,\Exclusive\20180911 - Nicolly Pantoja - Fucking Machine Made Her Cum\,{DT16~Excl~ME0PN0L1~20180911 - Nicolly Pantoja - Fucking Machine Made Her Cum}
_mg_8133.jpg,735145,382049dc,\Exclusive\20180911 - Nicolly Pantoja - Fucking Machine Made Her Cum\,{DT16~Excl~ME0PN0L1~20180911 - Nicolly Pantoja - Fucking Machine Made Her Cum}
_mg_8137.jpg,424352,3053ce8b,\Exclusive\20180911 - Nicolly Pantoja - Fucking Machine Made Her Cum\,{DT16~Excl~ME0PN0L1~20180911 - Nicolly Pantoja - Fucking Machine Made Her Cum}
_mg_8138.jpg,479545,4c8dda64,\Exclusive\20180911 - Nicolly Pantoja - Fucking Machine Made Her Cum\,{DT16~Excl~ME0PN0L1~20180911 - Nicolly Pantoja - Fucking Machine Made Her Cum}
_mg_8140.jpg,408967,cadddad9,\Exclusive\20180911 - Nicolly Pantoja - Fucking Machine Made Her Cum\,{DT16~Excl~ME0PN0L1~20180911 - Nicolly Pantoja - Fucking Machine Made Her Cum}
_mg_8141.jpg,408277,89dfb7cb,\Exclusive\20180911 - Nicolly Pantoja - Fucking Machine Made Her Cum\,{DT16~Excl~ME0PN0L1~20180911 - Nicolly Pantoja - Fucking Machine Made Her Cum}
_mg_8142.jpg,365247,87f32673,\Exclusive\20180911 - Nicolly Pantoja - Fucking Machine Made Her Cum\,{DT16~Excl~ME0PN0L1~20180911 - Nicolly Pantoja - Fucking Machine Made Her Cum}
_mg_8144.jpg,437431,a8a2c74f,\Exclusive\20180911 - Nicolly Pantoja - Fucking Machine Made Her Cum\,{DT16~Excl~ME0PN0L1~20180911 - Nicolly Pantoja - Fucking Machine Made Her Cum}
_mg_8146.jpg,396666,c8401653,\Exclusive\20180911 - Nicolly Pantoja - Fucking Machine Made Her Cum\,{DT16~Excl~ME0PN0L1~20180911 - Nicolly Pantoja - Fucking Machine Made Her Cum}
_mg_8149.jpg,459491,e764da25,\Exclusive\20180911 - Nicolly Pantoja - Fucking Machine Made Her Cum\,{DT16~Excl~ME0PN0L1~20180911 - Nicolly Pantoja - Fucking Machine Made Her Cum}
_mg_8150.jpg,421175,fda3fff2,\Exclusive\20180911 - Nicolly Pantoja - Fucking Machine Made Her Cum\,{DT16~Excl~ME0PN0L1~20180911 - Nicolly Pantoja - Fucking Machine Made Her Cum}
_mg_8151.jpg,417596,508aa8b6,\Exclusive\20180911 - Nicolly Pantoja - Fucking Machine Made Her Cum\,{DT16~Excl~ME0PN0L1~20180911 - Nicolly Pantoja - Fucking Machine Made Her Cum}
_mg_8152.jpg,417347,c9b5d890,\Exclusive\20180911 - Nicolly Pantoja - Fucking Machine Made Her Cum\,{DT16~Excl~ME0PN0L1~20180911 - Nicolly Pantoja - Fucking Machine Made Her Cum}
_mg_8153.jpg,391201,a7b48411,\Exclusive\20180911 - Nicolly Pantoja - Fucking Machine Made Her Cum\,{DT16~Excl~ME0PN0L1~20180911 - Nicolly Pantoja - Fucking Machine Made Her Cum}
_mg_8154.jpg,566122,14de72c9,\Exclusive\20180911 - Nicolly Pantoja - Fucking Machine Made Her Cum\,{DT16~Excl~ME0PN0L1~20180911 - Nicolly Pantoja - Fucking Machine Made Her Cum}
_mg_8156.jpg,788932,f2fb89cb,\Exclusive\20180911 - Nicolly Pantoja - Fucking Machine Made Her Cum\,{DT16~Excl~ME0PN0L1~20180911 - Nicolly Pantoja - Fucking Machine Made Her Cum}
_mg_8157.jpg,656790,069d0a41,\Exclusive\20180911 - Nicolly Pantoja - Fucking Machine Made Her Cum\,{DT16~Excl~ME0PN0L1~20180911 - Nicolly Pantoja - Fucking Machine Made Her Cum}
_mg_8158.jpg,600709,2b568ded,\Exclusive\20180911 - Nicolly Pantoja - Fucking Machine Made Her Cum\,{DT16~Excl~ME0PN0L1~20180911 - Nicolly Pantoja - Fucking Machine Made Her Cum}
_mg_8159.jpg,864111,74ea2962,\Exclusive\20180911 - Nicolly Pantoja - Fucking Machine Made Her Cum\,{DT16~Excl~ME0PN0L1~20180911 - Nicolly Pantoja - Fucking Machine Made Her Cum}
_mg_8160.jpg,793635,984c07cc,\Exclusive\20180911 - Nicolly Pantoja - Fucking Machine Made Her Cum\,{DT16~Excl~ME0PN0L1~20180911 - Nicolly Pantoja - Fucking Machine Made Her Cum}
_mg_8161.jpg,526031,7edb36d5,\Exclusive\20180911 - Nicolly Pantoja - Fucking Machine Made Her Cum\,{DT16~Excl~ME0PN0L1~20180911 - Nicolly Pantoja - Fucking Machine Made Her Cum}
_mg_8162.jpg,773332,febc1a39,\Exclusive\20180911 - Nicolly Pantoja - Fucking Machine Made Her Cum\,{DT16~Excl~ME0PN0L1~20180911 - Nicolly Pantoja - Fucking Machine Made Her Cum}
_mg_8163.jpg,693100,4bf3f193,\Exclusive\20180911 - Nicolly Pantoja - Fucking Machine Made Her Cum\,{DT16~Excl~ME0PN0L1~20180911 - Nicolly Pantoja - Fucking Machine Made Her Cum}
_mg_8164.jpg,741006,56bd0064,\Exclusive\20180911 - Nicolly Pantoja - Fucking Machine Made Her Cum\,{DT16~Excl~ME0PN0L1~20180911 - Nicolly Pantoja - Fucking Machine Made Her Cum}
_mg_8165.jpg,648884,18035554,\Exclusive\20180911 - Nicolly Pantoja - Fucking Machine Made Her Cum\,{DT16~Excl~ME0PN0L1~20180911 - Nicolly Pantoja - Fucking Machine Made Her Cum}
_mg_8166.jpg,549990,46b44414,\Exclusive\20180911 - Nicolly Pantoja - Fucking Machine Made Her Cum\,{DT16~Excl~ME0PN0L1~20180911 - Nicolly Pantoja - Fucking Machine Made Her Cum}
_mg_8167.jpg,614357,2487d9a7,\Exclusive\20180911 - Nicolly Pantoja - Fucking Machine Made Her Cum\,{DT16~Excl~ME0PN0L1~20180911 - Nicolly Pantoja - Fucking Machine Made Her Cum}
_mg_8168.jpg,583379,f5b61997,\Exclusive\20180911 - Nicolly Pantoja - Fucking Machine Made Her Cum\,{DT16~Excl~ME0PN0L1~20180911 - Nicolly Pantoja - Fucking Machine Made Her Cum}
_mg_8169.jpg,572719,e79a0223,\Exclusive\20180911 - Nicolly Pantoja - Fucking Machine Made Her Cum\,{DT16~Excl~ME0PN0L1~20180911 - Nicolly Pantoja - Fucking Machine Made Her Cum}
_mg_8170.jpg,621193,aa312f69,\Exclusive\20180911 - Nicolly Pantoja - Fucking Machine Made Her Cum\,{DT16~Excl~ME0PN0L1~20180911 - Nicolly Pantoja - Fucking Machine Made Her Cum}
_mg_8171.jpg,598046,df65a84a,\Exclusive\20180911 - Nicolly Pantoja - Fucking Machine Made Her Cum\,{DT16~Excl~ME0PN0L1~20180911 - Nicolly Pantoja - Fucking Machine Made Her Cum}
_mg_8172.jpg,639903,7cc7c52c,\Exclusive\20180911 - Nicolly Pantoja - Fucking Machine Made Her Cum\,{DT16~Excl~ME0PN0L1~20180911 - Nicolly Pantoja - Fucking Machine Made Her Cum}
_mg_8173.jpg,640872,837e7607,\Exclusive\20180911 - Nicolly Pantoja - Fucking Machine Made Her Cum\,{DT16~Excl~ME0PN0L1~20180911 - Nicolly Pantoja - Fucking Machine Made Her Cum}
_mg_8174.jpg,604132,9da80ff3,\Exclusive\20180911 - Nicolly Pantoja - Fucking Machine Made Her Cum\,{DT16~Excl~ME0PN0L1~20180911 - Nicolly Pantoja - Fucking Machine Made Her Cum}
_mg_8175.jpg,639270,908e9d6b,\Exclusive\20180911 - Nicolly Pantoja - Fucking Machine Made Her Cum\,{DT16~Excl~ME0PN0L1~20180911 - Nicolly Pantoja - Fucking Machine Made Her Cum}
_mg_8176.jpg,568563,233bb010,\Exclusive\20180911 - Nicolly Pantoja - Fucking Machine Made Her Cum\,{DT16~Excl~ME0PN0L1~20180911 - Nicolly Pantoja - Fucking Machine Made Her Cum}
_mg_8177.jpg,617688,6cfcc104,\Exclusive\20180911 - Nicolly Pantoja - Fucking Machine Made Her Cum\,{DT16~Excl~ME0PN0L1~20180911 - Nicolly Pantoja - Fucking Machine Made Her Cum}
_mg_8178.jpg,551219,11c5b3af,\Exclusive\20180911 - Nicolly Pantoja - Fucking Machine Made Her Cum\,{DT16~Excl~ME0PN0L1~20180911 - Nicolly Pantoja - Fucking Machine Made Her Cum}
_mg_8179.jpg,528922,462ab5dd,\Exclusive\20180911 - Nicolly Pantoja - Fucking Machine Made Her Cum\,{DT16~Excl~ME0PN0L1~20180911 - Nicolly Pantoja - Fucking Machine Made Her Cum}
_mg_8180.jpg,472209,ef48f431,\Exclusive\20180911 - Nicolly Pantoja - Fucking Machine Made Her Cum\,{DT16~Excl~ME0PN0L1~20180911 - Nicolly Pantoja - Fucking Machine Made Her Cum}
_mg_8181.jpg,472395,013aef5d,\Exclusive\20180911 - Nicolly Pantoja - Fucking Machine Made Her Cum\,{DT16~Excl~ME0PN0L1~20180911 - Nicolly Pantoja - Fucking Machine Made Her Cum}
_mg_8182.jpg,583278,977d637e,\Exclusive\20180911 - Nicolly Pantoja - Fucking Machine Made Her Cum\,{DT16~Excl~ME0PN0L1~20180911 - Nicolly Pantoja - Fucking Machine Made Her Cum}
_mg_8183.jpg,664024,3cdd85c5,\Exclusive\20180911 - Nicolly Pantoja - Fucking Machine Made Her Cum\,{DT16~Excl~ME0PN0L1~20180911 - Nicolly Pantoja - Fucking Machine Made Her Cum}
_mg_8184.jpg,551693,e358e0b0,\Exclusive\20180911 - Nicolly Pantoja - Fucking Machine Made Her Cum\,{DT16~Excl~ME0PN0L1~20180911 - Nicolly Pantoja - Fucking Machine Made Her Cum}
_mg_8185.jpg,553151,d69453ad,\Exclusive\20180911 - Nicolly Pantoja - Fucking Machine Made Her Cum\,{DT16~Excl~ME0PN0L1~20180911 - Nicolly Pantoja - Fucking Machine Made Her Cum}
_mg_8186.jpg,554108,2505ff1f,\Exclusive\20180911 - Nicolly Pantoja - Fucking Machine Made Her Cum\,{DT16~Excl~ME0PN0L1~20180911 - Nicolly Pantoja - Fucking Machine Made Her Cum}
_mg_8187.jpg,675125,7a3e31da,\Exclusive\20180911 - Nicolly Pantoja - Fucking Machine Made Her Cum\,{DT16~Excl~ME0PN0L1~20180911 - Nicolly Pantoja - Fucking Machine Made Her Cum}
_mg_8188.jpg,449811,fe288847,\Exclusive\20180911 - Nicolly Pantoja - Fucking Machine Made Her Cum\,{DT16~Excl~ME0PN0L1~20180911 - Nicolly Pantoja - Fucking Machine Made Her Cum}
_mg_8189.jpg,450302,e075c8c9,\Exclusive\20180911 - Nicolly Pantoja - Fucking Machine Made Her Cum\,{DT16~Excl~ME0PN0L1~20180911 - Nicolly Pantoja - Fucking Machine Made Her Cum}
_mg_8190.jpg,532388,684ca143,\Exclusive\20180911 - Nicolly Pantoja - Fucking Machine Made Her Cum\,{DT16~Excl~ME0PN0L1~20180911 - Nicolly Pantoja - Fucking Machine Made Her Cum}
_mg_8191.jpg,548134,afccb4c6,\Exclusive\20180911 - Nicolly Pantoja - Fucking Machine Made Her Cum\,{DT16~Excl~ME0PN0L1~20180911 - Nicolly Pantoja - Fucking Machine Made Her Cum}
_mg_8192.jpg,511496,9c2417ad,\Exclusive\20180911 - Nicolly Pantoja - Fucking Machine Made Her Cum\,{DT16~Excl~ME0PN0L1~20180911 - Nicolly Pantoja - Fucking Machine Made Her Cum}
_mg_8193.jpg,501053,8410edb2,\Exclusive\20180911 - Nicolly Pantoja - Fucking Machine Made Her Cum\,{DT16~Excl~ME0PN0L1~20180911 - Nicolly Pantoja - Fucking Machine Made Her Cum}
_mg_8194.jpg,427477,0801a51b,\Exclusive\20180911 - Nicolly Pantoja - Fucking Machine Made Her Cum\,{DT16~Excl~ME0PN0L1~20180911 - Nicolly Pantoja - Fucking Machine Made Her Cum}
_mg_8195.jpg,511929,d3017933,\Exclusive\20180911 - Nicolly Pantoja - Fucking Machine Made Her Cum\,{DT16~Excl~ME0PN0L1~20180911 - Nicolly Pantoja - Fucking Machine Made Her Cum}
_mg_8196.jpg,566500,bbf8ac21,\Exclusive\20180911 - Nicolly Pantoja - Fucking Machine Made Her Cum\,{DT16~Excl~ME0PN0L1~20180911 - Nicolly Pantoja - Fucking Machine Made Her Cum}
_mg_8197.jpg,562690,e7a04ad6,\Exclusive\20180911 - Nicolly Pantoja - Fucking Machine Made Her Cum\,{DT16~Excl~ME0PN0L1~20180911 - Nicolly Pantoja - Fucking Machine Made Her Cum}
_mg_8198.jpg,541874,adcf9ba8,\Exclusive\20180911 - Nicolly Pantoja - Fucking Machine Made Her Cum\,{DT16~Excl~ME0PN0L1~20180911 - Nicolly Pantoja - Fucking Machine Made Her Cum}
_mg_8199.jpg,381750,53a78120,\Exclusive\20180911 - Nicolly Pantoja - Fucking Machine Made Her Cum\,{DT16~Excl~ME0PN0L1~20180911 - Nicolly Pantoja - Fucking Machine Made Her Cum}
_mg_8200.jpg,440017,fe2ab5c1,\Exclusive\20180911 - Nicolly Pantoja - Fucking Machine Made Her Cum\,{DT16~Excl~ME0PN0L1~20180911 - Nicolly Pantoja - Fucking Machine Made Her Cum}
_mg_8201.jpg,597346,0dd5c275,\Exclusive\20180911 - Nicolly Pantoja - Fucking Machine Made Her Cum\,{DT16~Excl~ME0PN0L1~20180911 - Nicolly Pantoja - Fucking Machine Made Her Cum}
_mg_8202.jpg,657412,358d92e4,\Exclusive\20180911 - Nicolly Pantoja - Fucking Machine Made Her Cum\,{DT16~Excl~ME0PN0L1~20180911 - Nicolly Pantoja - Fucking Machine Made Her Cum}
_mg_8203.jpg,544251,79dbd8a0,\Exclusive\20180911 - Nicolly Pantoja - Fucking Machine Made Her Cum\,{DT16~Excl~ME0PN0L1~20180911 - Nicolly Pantoja - Fucking Machine Made Her Cum}
_mg_8204.jpg,611557,51c9b2bf,\Exclusive\20180911 - Nicolly Pantoja - Fucking Machine Made Her Cum\,{DT16~Excl~ME0PN0L1~20180911 - Nicolly Pantoja - Fucking Machine Made Her Cum}
_mg_8205.jpg,573944,72dac578,\Exclusive\20180911 - Nicolly Pantoja - Fucking Machine Made Her Cum\,{DT16~Excl~ME0PN0L1~20180911 - Nicolly Pantoja - Fucking Machine Made Her Cum}
_mg_8206.jpg,571212,03b0c614,\Exclusive\20180911 - Nicolly Pantoja - Fucking Machine Made Her Cum\,{DT16~Excl~ME0PN0L1~20180911 - Nicolly Pantoja - Fucking Machine Made Her Cum}
_mg_8207.jpg,564409,5e99ff5d,\Exclusive\20180911 - Nicolly Pantoja - Fucking Machine Made Her Cum\,{DT16~Excl~ME0PN0L1~20180911 - Nicolly Pantoja - Fucking Machine Made Her Cum}
_mg_8209.jpg,663417,b0ef5e13,\Exclusive\20180911 - Nicolly Pantoja - Fucking Machine Made Her Cum\,{DT16~Excl~ME0PN0L1~20180911 - Nicolly Pantoja - Fucking Machine Made Her Cum}
_mg_8210.jpg,491941,22a8062b,\Exclusive\20180911 - Nicolly Pantoja - Fucking Machine Made Her Cum\,{DT16~Excl~ME0PN0L1~20180911 - Nicolly Pantoja - Fucking Machine Made Her Cum}
_mg_8211.jpg,502412,3eef1a56,\Exclusive\20180911 - Nicolly Pantoja - Fucking Machine Made Her Cum\,{DT16~Excl~ME0PN0L1~20180911 - Nicolly Pantoja - Fucking Machine Made Her Cum}
_mg_8212.jpg,522154,e648c928,\Exclusive\20180911 - Nicolly Pantoja - Fucking Machine Made Her Cum\,{DT16~Excl~ME0PN0L1~20180911 - Nicolly Pantoja - Fucking Machine Made Her Cum}
_mg_8213.jpg,496985,148af4f2,\Exclusive\20180911 - Nicolly Pantoja - Fucking Machine Made Her Cum\,{DT16~Excl~ME0PN0L1~20180911 - Nicolly Pantoja - Fucking Machine Made Her Cum}
_mg_8214.jpg,493208,8f654aa5,\Exclusive\20180911 - Nicolly Pantoja - Fucking Machine Made Her Cum\,{DT16~Excl~ME0PN0L1~20180911 - Nicolly Pantoja - Fucking Machine Made Her Cum}
_mg_8215.jpg,704398,7c61a58f,\Exclusive\20180911 - Nicolly Pantoja - Fucking Machine Made Her Cum\,{DT16~Excl~ME0PN0L1~20180911 - Nicolly Pantoja - Fucking Machine Made Her Cum}
_mg_8216.jpg,683753,6d22a819,\Exclusive\20180911 - Nicolly Pantoja - Fucking Machine Made Her Cum\,{DT16~Excl~ME0PN0L1~20180911 - Nicolly Pantoja - Fucking Machine Made Her Cum}
_mg_8217.jpg,690243,669225ee,\Exclusive\20180911 - Nicolly Pantoja - Fucking Machine Made Her Cum\,{DT16~Excl~ME0PN0L1~20180911 - Nicolly Pantoja - Fucking Machine Made Her Cum}
_mg_8218.jpg,478171,f858cb62,\Exclusive\20180911 - Nicolly Pantoja - Fucking Machine Made Her Cum\,{DT16~Excl~ME0PN0L1~20180911 - Nicolly Pantoja - Fucking Machine Made Her Cum}
_mg_8219.jpg,482976,bb89335e,\Exclusive\20180911 - Nicolly Pantoja - Fucking Machine Made Her Cum\,{DT16~Excl~ME0PN0L1~20180911 - Nicolly Pantoja - Fucking Machine Made Her Cum}
_mg_8220.jpg,461469,c7c882b6,\Exclusive\20180911 - Nicolly Pantoja - Fucking Machine Made Her Cum\,{DT16~Excl~ME0PN0L1~20180911 - Nicolly Pantoja - Fucking Machine Made Her Cum}
_mg_8221.jpg,484150,86e10c5a,\Exclusive\20180911 - Nicolly Pantoja - Fucking Machine Made Her Cum\,{DT16~Excl~ME0PN0L1~20180911 - Nicolly Pantoja - Fucking Machine Made Her Cum}
_mg_8224.jpg,605306,31bd62af,\Exclusive\20180911 - Nicolly Pantoja - Fucking Machine Made Her Cum\,{DT16~Excl~ME0PN0L1~20180911 - Nicolly Pantoja - Fucking Machine Made Her Cum}
_mg_8225.jpg,547942,3f47b5b0,\Exclusive\20180911 - Nicolly Pantoja - Fucking Machine Made Her Cum\,{DT16~Excl~ME0PN0L1~20180911 - Nicolly Pantoja - Fucking Machine Made Her Cum}
_mg_8226.jpg,610908,a8d8e259,\Exclusive\20180911 - Nicolly Pantoja - Fucking Machine Made Her Cum\,{DT16~Excl~ME0PN0L1~20180911 - Nicolly Pantoja - Fucking Machine Made Her Cum}
_mg_8227.jpg,658861,effa1450,\Exclusive\20180911 - Nicolly Pantoja - Fucking Machine Made Her Cum\,{DT16~Excl~ME0PN0L1~20180911 - Nicolly Pantoja - Fucking Machine Made Her Cum}
_mg_8228.jpg,492530,2c6053ba,\Exclusive\20180911 - Nicolly Pantoja - Fucking Machine Made Her Cum\,{DT16~Excl~ME0PN0L1~20180911 - Nicolly Pantoja - Fucking Machine Made Her Cum}
_mg_8229.jpg,495542,495f54d7,\Exclusive\20180911 - Nicolly Pantoja - Fucking Machine Made Her Cum\,{DT16~Excl~ME0PN0L1~20180911 - Nicolly Pantoja - Fucking Machine Made Her Cum}
_mg_8230.jpg,502316,f04e3f0e,\Exclusive\20180911 - Nicolly Pantoja - Fucking Machine Made Her Cum\,{DT16~Excl~ME0PN0L1~20180911 - Nicolly Pantoja - Fucking Machine Made Her Cum}
_mg_8231.jpg,473771,cb4948a9,\Exclusive\20180911 - Nicolly Pantoja - Fucking Machine Made Her Cum\,{DT16~Excl~ME0PN0L1~20180911 - Nicolly Pantoja - Fucking Machine Made Her Cum}
_mg_8232.jpg,510269,e7e53287,\Exclusive\20180911 - Nicolly Pantoja - Fucking Machine Made Her Cum\,{DT16~Excl~ME0PN0L1~20180911 - Nicolly Pantoja - Fucking Machine Made Her Cum}
_mg_8233.jpg,504929,cf35473e,\Exclusive\20180911 - Nicolly Pantoja - Fucking Machine Made Her Cum\,{DT16~Excl~ME0PN0L1~20180911 - Nicolly Pantoja - Fucking Machine Made Her Cum}
_mg_8234.jpg,485461,375ef7ce,\Exclusive\20180911 - Nicolly Pantoja - Fucking Machine Made Her Cum\,{DT16~Excl~ME0PN0L1~20180911 - Nicolly Pantoja - Fucking Machine Made Her Cum}
_mg_1841.jpg,776267,33c31b49,\Exclusive\20180914 - Mayna Santini - Trap Fucked\,{DT16~Excl~ME0PN3CA~20180914 - Mayna Santini - Trap Fucked}
_mg_1842.jpg,766061,839e1834,\Exclusive\20180914 - Mayna Santini - Trap Fucked\,{DT16~Excl~ME0PN3CA~20180914 - Mayna Santini - Trap Fucked}
_mg_1843.jpg,786572,6fd1f779,\Exclusive\20180914 - Mayna Santini - Trap Fucked\,{DT16~Excl~ME0PN3CA~20180914 - Mayna Santini - Trap Fucked}
_mg_1845.jpg,775045,ef4061d3,\Exclusive\20180914 - Mayna Santini - Trap Fucked\,{DT16~Excl~ME0PN3CA~20180914 - Mayna Santini - Trap Fucked}
_mg_1847.jpg,748810,e46f2e36,\Exclusive\20180914 - Mayna Santini - Trap Fucked\,{DT16~Excl~ME0PN3CA~20180914 - Mayna Santini - Trap Fucked}
_mg_1850.jpg,748312,2b12ac6e,\Exclusive\20180914 - Mayna Santini - Trap Fucked\,{DT16~Excl~ME0PN3CA~20180914 - Mayna Santini - Trap Fucked}
_mg_1852.jpg,755789,cb5e106c,\Exclusive\20180914 - Mayna Santini - Trap Fucked\,{DT16~Excl~ME0PN3CA~20180914 - Mayna Santini - Trap Fucked}
_mg_1853.jpg,762542,4e9dfc01,\Exclusive\20180914 - Mayna Santini - Trap Fucked\,{DT16~Excl~ME0PN3CA~20180914 - Mayna Santini - Trap Fucked}
_mg_1854.jpg,728009,fb6cc3e5,\Exclusive\20180914 - Mayna Santini - Trap Fucked\,{DT16~Excl~ME0PN3CA~20180914 - Mayna Santini - Trap Fucked}
_mg_1855.jpg,790888,d5110072,\Exclusive\20180914 - Mayna Santini - Trap Fucked\,{DT16~Excl~ME0PN3CA~20180914 - Mayna Santini - Trap Fucked}
_mg_1856.jpg,744009,d374bced,\Exclusive\20180914 - Mayna Santini - Trap Fucked\,{DT16~Excl~ME0PN3CA~20180914 - Mayna Santini - Trap Fucked}
_mg_1857.jpg,739268,269bf613,\Exclusive\20180914 - Mayna Santini - Trap Fucked\,{DT16~Excl~ME0PN3CA~20180914 - Mayna Santini - Trap Fucked}
_mg_1858.jpg,729116,13a9abb5,\Exclusive\20180914 - Mayna Santini - Trap Fucked\,{DT16~Excl~ME0PN3CA~20180914 - Mayna Santini - Trap Fucked}
_mg_1859.jpg,706381,e4eb8d64,\Exclusive\20180914 - Mayna Santini - Trap Fucked\,{DT16~Excl~ME0PN3CA~20180914 - Mayna Santini - Trap Fucked}
_mg_1860.jpg,732372,c8022bcc,\Exclusive\20180914 - Mayna Santini - Trap Fucked\,{DT16~Excl~ME0PN3CA~20180914 - Mayna Santini - Trap Fucked}
_mg_1861.jpg,801085,180d7f72,\Exclusive\20180914 - Mayna Santini - Trap Fucked\,{DT16~Excl~ME0PN3CA~20180914 - Mayna Santini - Trap Fucked}
_mg_1862.jpg,753240,952e5641,\Exclusive\20180914 - Mayna Santini - Trap Fucked\,{DT16~Excl~ME0PN3CA~20180914 - Mayna Santini - Trap Fucked}
_mg_1863.jpg,743079,8c8dfc0b,\Exclusive\20180914 - Mayna Santini - Trap Fucked\,{DT16~Excl~ME0PN3CA~20180914 - Mayna Santini - Trap Fucked}
_mg_1864.jpg,718613,6081dc00,\Exclusive\20180914 - Mayna Santini - Trap Fucked\,{DT16~Excl~ME0PN3CA~20180914 - Mayna Santini - Trap Fucked}
_mg_1866.jpg,757293,c1a69cea,\Exclusive\20180914 - Mayna Santini - Trap Fucked\,{DT16~Excl~ME0PN3CA~20180914 - Mayna Santini - Trap Fucked}
_mg_1867.jpg,715628,5a3efff9,\Exclusive\20180914 - Mayna Santini - Trap Fucked\,{DT16~Excl~ME0PN3CA~20180914 - Mayna Santini - Trap Fucked}
_mg_1868.jpg,702584,eeab2080,\Exclusive\20180914 - Mayna Santini - Trap Fucked\,{DT16~Excl~ME0PN3CA~20180914 - Mayna Santini - Trap Fucked}
_mg_1871.jpg,718529,7e02287a,\Exclusive\20180914 - Mayna Santini - Trap Fucked\,{DT16~Excl~ME0PN3CA~20180914 - Mayna Santini - Trap Fucked}
_mg_1872.jpg,728149,45d03403,\Exclusive\20180914 - Mayna Santini - Trap Fucked\,{DT16~Excl~ME0PN3CA~20180914 - Mayna Santini - Trap Fucked}
_mg_1873.jpg,747025,58a89b7a,\Exclusive\20180914 - Mayna Santini - Trap Fucked\,{DT16~Excl~ME0PN3CA~20180914 - Mayna Santini - Trap Fucked}
_mg_1874.jpg,723648,2cec7227,\Exclusive\20180914 - Mayna Santini - Trap Fucked\,{DT16~Excl~ME0PN3CA~20180914 - Mayna Santini - Trap Fucked}
_mg_1876.jpg,785644,cfa42983,\Exclusive\20180914 - Mayna Santini - Trap Fucked\,{DT16~Excl~ME0PN3CA~20180914 - Mayna Santini - Trap Fucked}
_mg_1877.jpg,823000,0ff3f87d,\Exclusive\20180914 - Mayna Santini - Trap Fucked\,{DT16~Excl~ME0PN3CA~20180914 - Mayna Santini - Trap Fucked}
_mg_1878.jpg,818414,f798ee3c,\Exclusive\20180914 - Mayna Santini - Trap Fucked\,{DT16~Excl~ME0PN3CA~20180914 - Mayna Santini - Trap Fucked}
_mg_1879.jpg,754243,58fb8b9e,\Exclusive\20180914 - Mayna Santini - Trap Fucked\,{DT16~Excl~ME0PN3CA~20180914 - Mayna Santini - Trap Fucked}
_mg_1882.jpg,724262,e458e106,\Exclusive\20180914 - Mayna Santini - Trap Fucked\,{DT16~Excl~ME0PN3CA~20180914 - Mayna Santini - Trap Fucked}
_mg_1885.jpg,794223,f60c5854,\Exclusive\20180914 - Mayna Santini - Trap Fucked\,{DT16~Excl~ME0PN3CA~20180914 - Mayna Santini - Trap Fucked}
_mg_1886.jpg,766327,0af934d8,\Exclusive\20180914 - Mayna Santini - Trap Fucked\,{DT16~Excl~ME0PN3CA~20180914 - Mayna Santini - Trap Fucked}
_mg_1887.jpg,780337,d7dbeffb,\Exclusive\20180914 - Mayna Santini - Trap Fucked\,{DT16~Excl~ME0PN3CA~20180914 - Mayna Santini - Trap Fucked}
_mg_1888.jpg,775878,32b972ef,\Exclusive\20180914 - Mayna Santini - Trap Fucked\,{DT16~Excl~ME0PN3CA~20180914 - Mayna Santini - Trap Fucked}
_mg_1889.jpg,782947,c8a9fea6,\Exclusive\20180914 - Mayna Santini - Trap Fucked\,{DT16~Excl~ME0PN3CA~20180914 - Mayna Santini - Trap Fucked}
_mg_1892.jpg,778113,f4843d62,\Exclusive\20180914 - Mayna Santini - Trap Fucked\,{DT16~Excl~ME0PN3CA~20180914 - Mayna Santini - Trap Fucked}
_mg_1893.jpg,804835,4b47d60a,\Exclusive\20180914 - Mayna Santini - Trap Fucked\,{DT16~Excl~ME0PN3CA~20180914 - Mayna Santini - Trap Fucked}
_mg_1894.jpg,811990,fe3f199c,\Exclusive\20180914 - Mayna Santini - Trap Fucked\,{DT16~Excl~ME0PN3CA~20180914 - Mayna Santini - Trap Fucked}
_mg_1896.jpg,812794,b36879d1,\Exclusive\20180914 - Mayna Santini - Trap Fucked\,{DT16~Excl~ME0PN3CA~20180914 - Mayna Santini - Trap Fucked}
_mg_1897.jpg,790418,16452ff8,\Exclusive\20180914 - Mayna Santini - Trap Fucked\,{DT16~Excl~ME0PN3CA~20180914 - Mayna Santini - Trap Fucked}
_mg_1898.jpg,799389,b4b16c6a,\Exclusive\20180914 - Mayna Santini - Trap Fucked\,{DT16~Excl~ME0PN3CA~20180914 - Mayna Santini - Trap Fucked}
_mg_1899.jpg,775283,8f406aac,\Exclusive\20180914 - Mayna Santini - Trap Fucked\,{DT16~Excl~ME0PN3CA~20180914 - Mayna Santini - Trap Fucked}
_mg_1900.jpg,817294,3caaead2,\Exclusive\20180914 - Mayna Santini - Trap Fucked\,{DT16~Excl~ME0PN3CA~20180914 - Mayna Santini - Trap Fucked}
_mg_1902.jpg,773225,2e0fcb68,\Exclusive\20180914 - Mayna Santini - Trap Fucked\,{DT16~Excl~ME0PN3CA~20180914 - Mayna Santini - Trap Fucked}
_mg_1905.jpg,837904,045129b6,\Exclusive\20180914 - Mayna Santini - Trap Fucked\,{DT16~Excl~ME0PN3CA~20180914 - Mayna Santini - Trap Fucked}
_mg_1907.jpg,746150,bb298c05,\Exclusive\20180914 - Mayna Santini - Trap Fucked\,{DT16~Excl~ME0PN3CA~20180914 - Mayna Santini - Trap Fucked}
_mg_1908.jpg,737138,1107ab89,\Exclusive\20180914 - Mayna Santini - Trap Fucked\,{DT16~Excl~ME0PN3CA~20180914 - Mayna Santini - Trap Fucked}
_mg_1909.jpg,739755,ecac69fa,\Exclusive\20180914 - Mayna Santini - Trap Fucked\,{DT16~Excl~ME0PN3CA~20180914 - Mayna Santini - Trap Fucked}
_mg_1910.jpg,733176,470c4f75,\Exclusive\20180914 - Mayna Santini - Trap Fucked\,{DT16~Excl~ME0PN3CA~20180914 - Mayna Santini - Trap Fucked}
_mg_1911.jpg,703587,5295a153,\Exclusive\20180914 - Mayna Santini - Trap Fucked\,{DT16~Excl~ME0PN3CA~20180914 - Mayna Santini - Trap Fucked}
_mg_1912.jpg,656043,9d2dcdc7,\Exclusive\20180914 - Mayna Santini - Trap Fucked\,{DT16~Excl~ME0PN3CA~20180914 - Mayna Santini - Trap Fucked}
_mg_1913.jpg,655494,c9271b79,\Exclusive\20180914 - Mayna Santini - Trap Fucked\,{DT16~Excl~ME0PN3CA~20180914 - Mayna Santini - Trap Fucked}
_mg_1915.jpg,769046,94658ce5,\Exclusive\20180914 - Mayna Santini - Trap Fucked\,{DT16~Excl~ME0PN3CA~20180914 - Mayna Santini - Trap Fucked}
_mg_1916.jpg,744621,657bf064,\Exclusive\20180914 - Mayna Santini - Trap Fucked\,{DT16~Excl~ME0PN3CA~20180914 - Mayna Santini - Trap Fucked}
_mg_1917.jpg,707094,488aecdd,\Exclusive\20180914 - Mayna Santini - Trap Fucked\,{DT16~Excl~ME0PN3CA~20180914 - Mayna Santini - Trap Fucked}
_mg_1919.jpg,761565,9c945024,\Exclusive\20180914 - Mayna Santini - Trap Fucked\,{DT16~Excl~ME0PN3CA~20180914 - Mayna Santini - Trap Fucked}
_mg_1920.jpg,832668,1cc9173f,\Exclusive\20180914 - Mayna Santini - Trap Fucked\,{DT16~Excl~ME0PN3CA~20180914 - Mayna Santini - Trap Fucked}
_mg_1921.jpg,763592,7565cf80,\Exclusive\20180914 - Mayna Santini - Trap Fucked\,{DT16~Excl~ME0PN3CA~20180914 - Mayna Santini - Trap Fucked}
_mg_1923.jpg,797762,ef3d9287,\Exclusive\20180914 - Mayna Santini - Trap Fucked\,{DT16~Excl~ME0PN3CA~20180914 - Mayna Santini - Trap Fucked}
_mg_1924.jpg,726534,55b2b6d8,\Exclusive\20180914 - Mayna Santini - Trap Fucked\,{DT16~Excl~ME0PN3CA~20180914 - Mayna Santini - Trap Fucked}
_mg_1925.jpg,754168,54f84b90,\Exclusive\20180914 - Mayna Santini - Trap Fucked\,{DT16~Excl~ME0PN3CA~20180914 - Mayna Santini - Trap Fucked}
_mg_1926.jpg,847185,87512aac,\Exclusive\20180914 - Mayna Santini - Trap Fucked\,{DT16~Excl~ME0PN3CA~20180914 - Mayna Santini - Trap Fucked}
_mg_1929.jpg,769418,3c8af977,\Exclusive\20180914 - Mayna Santini - Trap Fucked\,{DT16~Excl~ME0PN3CA~20180914 - Mayna Santini - Trap Fucked}
_mg_1930.jpg,780775,fd89cc80,\Exclusive\20180914 - Mayna Santini - Trap Fucked\,{DT16~Excl~ME0PN3CA~20180914 - Mayna Santini - Trap Fucked}
_mg_1931.jpg,697991,fc00f017,\Exclusive\20180914 - Mayna Santini - Trap Fucked\,{DT16~Excl~ME0PN3CA~20180914 - Mayna Santini - Trap Fucked}
_mg_1933.jpg,723101,b4f7e4b1,\Exclusive\20180914 - Mayna Santini - Trap Fucked\,{DT16~Excl~ME0PN3CA~20180914 - Mayna Santini - Trap Fucked}
_mg_1934.jpg,792987,69818b81,\Exclusive\20180914 - Mayna Santini - Trap Fucked\,{DT16~Excl~ME0PN3CA~20180914 - Mayna Santini - Trap Fucked}
_mg_1935.jpg,762492,2b2e7c4f,\Exclusive\20180914 - Mayna Santini - Trap Fucked\,{DT16~Excl~ME0PN3CA~20180914 - Mayna Santini - Trap Fucked}
_mg_1936.jpg,764824,898dfe56,\Exclusive\20180914 - Mayna Santini - Trap Fucked\,{DT16~Excl~ME0PN3CA~20180914 - Mayna Santini - Trap Fucked}
_mg_1937.jpg,793040,e9c0565d,\Exclusive\20180914 - Mayna Santini - Trap Fucked\,{DT16~Excl~ME0PN3CA~20180914 - Mayna Santini - Trap Fucked}
_mg_1938.jpg,780590,7f5fb1eb,\Exclusive\20180914 - Mayna Santini - Trap Fucked\,{DT16~Excl~ME0PN3CA~20180914 - Mayna Santini - Trap Fucked}
_mg_1941.jpg,813674,bd1a882b,\Exclusive\20180914 - Mayna Santini - Trap Fucked\,{DT16~Excl~ME0PN3CA~20180914 - Mayna Santini - Trap Fucked}
_mg_1942.jpg,813956,f72b14ef,\Exclusive\20180914 - Mayna Santini - Trap Fucked\,{DT16~Excl~ME0PN3CA~20180914 - Mayna Santini - Trap Fucked}
_mg_1943.jpg,737970,8123855c,\Exclusive\20180914 - Mayna Santini - Trap Fucked\,{DT16~Excl~ME0PN3CA~20180914 - Mayna Santini - Trap Fucked}
_mg_1944.jpg,737189,73bdf406,\Exclusive\20180914 - Mayna Santini - Trap Fucked\,{DT16~Excl~ME0PN3CA~20180914 - Mayna Santini - Trap Fucked}
_mg_1945.jpg,728972,f03b2fc0,\Exclusive\20180914 - Mayna Santini - Trap Fucked\,{DT16~Excl~ME0PN3CA~20180914 - Mayna Santini - Trap Fucked}
_mg_1946.jpg,809289,15e81d33,\Exclusive\20180914 - Mayna Santini - Trap Fucked\,{DT16~Excl~ME0PN3CA~20180914 - Mayna Santini - Trap Fucked}
_mg_1947.jpg,801297,98543fb8,\Exclusive\20180914 - Mayna Santini - Trap Fucked\,{DT16~Excl~ME0PN3CA~20180914 - Mayna Santini - Trap Fucked}
_mg_1949.jpg,802557,d7536860,\Exclusive\20180914 - Mayna Santini - Trap Fucked\,{DT16~Excl~ME0PN3CA~20180914 - Mayna Santini - Trap Fucked}
_mg_1950.jpg,771799,8ef1e175,\Exclusive\20180914 - Mayna Santini - Trap Fucked\,{DT16~Excl~ME0PN3CA~20180914 - Mayna Santini - Trap Fucked}
_mg_1952.jpg,825977,379bedc3,\Exclusive\20180914 - Mayna Santini - Trap Fucked\,{DT16~Excl~ME0PN3CA~20180914 - Mayna Santini - Trap Fucked}
_mg_1953.jpg,794143,9c25767e,\Exclusive\20180914 - Mayna Santini - Trap Fucked\,{DT16~Excl~ME0PN3CA~20180914 - Mayna Santini - Trap Fucked}
_mg_1962.jpg,776570,4ac7b0a1,\Exclusive\20180914 - Mayna Santini - Trap Fucked\,{DT16~Excl~ME0PN3CA~20180914 - Mayna Santini - Trap Fucked}
_mg_1963.jpg,764485,5e3bbcc7,\Exclusive\20180914 - Mayna Santini - Trap Fucked\,{DT16~Excl~ME0PN3CA~20180914 - Mayna Santini - Trap Fucked}
_mg_1964.jpg,697474,f63db80a,\Exclusive\20180914 - Mayna Santini - Trap Fucked\,{DT16~Excl~ME0PN3CA~20180914 - Mayna Santini - Trap Fucked}
_mg_1965.jpg,702577,b2f59925,\Exclusive\20180914 - Mayna Santini - Trap Fucked\,{DT16~Excl~ME0PN3CA~20180914 - Mayna Santini - Trap Fucked}
_mg_1968.jpg,743990,4c657b58,\Exclusive\20180914 - Mayna Santini - Trap Fucked\,{DT16~Excl~ME0PN3CA~20180914 - Mayna Santini - Trap Fucked}
_mg_1969.jpg,803560,7e1b24ce,\Exclusive\20180914 - Mayna Santini - Trap Fucked\,{DT16~Excl~ME0PN3CA~20180914 - Mayna Santini - Trap Fucked}
_mg_1970.jpg,765768,1a4cbb5d,\Exclusive\20180914 - Mayna Santini - Trap Fucked\,{DT16~Excl~ME0PN3CA~20180914 - Mayna Santini - Trap Fucked}
_mg_1979.jpg,551016,af85c33a,\Exclusive\20180914 - Mayna Santini - Trap Fucked\,{DT16~Excl~ME0PN3CA~20180914 - Mayna Santini - Trap Fucked}
_mg_1980.jpg,569275,925ef217,\Exclusive\20180914 - Mayna Santini - Trap Fucked\,{DT16~Excl~ME0PN3CA~20180914 - Mayna Santini - Trap Fucked}
_mg_1981.jpg,587072,a4612a3c,\Exclusive\20180914 - Mayna Santini - Trap Fucked\,{DT16~Excl~ME0PN3CA~20180914 - Mayna Santini - Trap Fucked}
_mg_6822.jpg,1042885,806fd7b6,\Exclusive\20180914 - Mayna Santini - Trap Fucked\,{DT16~Excl~ME0PN3CA~20180914 - Mayna Santini - Trap Fucked}
_mg_6826.jpg,961332,0a7e35f7,\Exclusive\20180914 - Mayna Santini - Trap Fucked\,{DT16~Excl~ME0PN3CA~20180914 - Mayna Santini - Trap Fucked}
_mg_6827.jpg,1011954,0b150806,\Exclusive\20180914 - Mayna Santini - Trap Fucked\,{DT16~Excl~ME0PN3CA~20180914 - Mayna Santini - Trap Fucked}
_mg_6829.jpg,979245,baeb17e1,\Exclusive\20180914 - Mayna Santini - Trap Fucked\,{DT16~Excl~ME0PN3CA~20180914 - Mayna Santini - Trap Fucked}
_mg_6838.jpg,922345,8e7f4b91,\Exclusive\20180914 - Mayna Santini - Trap Fucked\,{DT16~Excl~ME0PN3CA~20180914 - Mayna Santini - Trap Fucked}
_mg_6839.jpg,972776,ffd885e1,\Exclusive\20180914 - Mayna Santini - Trap Fucked\,{DT16~Excl~ME0PN3CA~20180914 - Mayna Santini - Trap Fucked}
_mg_6840.jpg,935520,9018926b,\Exclusive\20180914 - Mayna Santini - Trap Fucked\,{DT16~Excl~ME0PN3CA~20180914 - Mayna Santini - Trap Fucked}
_mg_6843.jpg,979161,c6acd2ba,\Exclusive\20180914 - Mayna Santini - Trap Fucked\,{DT16~Excl~ME0PN3CA~20180914 - Mayna Santini - Trap Fucked}
_mg_6850.jpg,937608,a0b412b3,\Exclusive\20180914 - Mayna Santini - Trap Fucked\,{DT16~Excl~ME0PN3CA~20180914 - Mayna Santini - Trap Fucked}
_mg_6851.jpg,917326,84f6fff8,\Exclusive\20180914 - Mayna Santini - Trap Fucked\,{DT16~Excl~ME0PN3CA~20180914 - Mayna Santini - Trap Fucked}
_mg_6852.jpg,936230,4eccc18f,\Exclusive\20180914 - Mayna Santini - Trap Fucked\,{DT16~Excl~ME0PN3CA~20180914 - Mayna Santini - Trap Fucked}
_mg_6853.jpg,945970,f8fe57ee,\Exclusive\20180914 - Mayna Santini - Trap Fucked\,{DT16~Excl~ME0PN3CA~20180914 - Mayna Santini - Trap Fucked}
_mg_6854.jpg,942767,189d7753,\Exclusive\20180914 - Mayna Santini - Trap Fucked\,{DT16~Excl~ME0PN3CA~20180914 - Mayna Santini - Trap Fucked}
_mg_6856.jpg,923250,76e98b5c,\Exclusive\20180914 - Mayna Santini - Trap Fucked\,{DT16~Excl~ME0PN3CA~20180914 - Mayna Santini - Trap Fucked}
_mg_6857.jpg,876143,ff7167f2,\Exclusive\20180914 - Mayna Santini - Trap Fucked\,{DT16~Excl~ME0PN3CA~20180914 - Mayna Santini - Trap Fucked}
_mg_6858.jpg,947160,e400a6cb,\Exclusive\20180914 - Mayna Santini - Trap Fucked\,{DT16~Excl~ME0PN3CA~20180914 - Mayna Santini - Trap Fucked}
_mg_6859.jpg,894965,a87cd994,\Exclusive\20180914 - Mayna Santini - Trap Fucked\,{DT16~Excl~ME0PN3CA~20180914 - Mayna Santini - Trap Fucked}
_mg_6860.jpg,883517,cc68acac,\Exclusive\20180914 - Mayna Santini - Trap Fucked\,{DT16~Excl~ME0PN3CA~20180914 - Mayna Santini - Trap Fucked}
_mg_6861.jpg,874930,1b32e898,\Exclusive\20180914 - Mayna Santini - Trap Fucked\,{DT16~Excl~ME0PN3CA~20180914 - Mayna Santini - Trap Fucked}
_mg_6862.jpg,882918,92754d45,\Exclusive\20180914 - Mayna Santini - Trap Fucked\,{DT16~Excl~ME0PN3CA~20180914 - Mayna Santini - Trap Fucked}
_mg_6863.jpg,836286,757643ab,\Exclusive\20180914 - Mayna Santini - Trap Fucked\,{DT16~Excl~ME0PN3CA~20180914 - Mayna Santini - Trap Fucked}
_mg_6866.jpg,925664,4e3afc24,\Exclusive\20180914 - Mayna Santini - Trap Fucked\,{DT16~Excl~ME0PN3CA~20180914 - Mayna Santini - Trap Fucked}
_mg_6870.jpg,873337,ee476816,\Exclusive\20180914 - Mayna Santini - Trap Fucked\,{DT16~Excl~ME0PN3CA~20180914 - Mayna Santini - Trap Fucked}
_mg_6871.jpg,880917,b1379910,\Exclusive\20180914 - Mayna Santini - Trap Fucked\,{DT16~Excl~ME0PN3CA~20180914 - Mayna Santini - Trap Fucked}
_mg_6873.jpg,650150,d1e5c97a,\Exclusive\20180914 - Mayna Santini - Trap Fucked\,{DT16~Excl~ME0PN3CA~20180914 - Mayna Santini - Trap Fucked}
_mg_6875.jpg,765742,191c0348,\Exclusive\20180914 - Mayna Santini - Trap Fucked\,{DT16~Excl~ME0PN3CA~20180914 - Mayna Santini - Trap Fucked}
_mg_6876.jpg,660452,766fecc0,\Exclusive\20180914 - Mayna Santini - Trap Fucked\,{DT16~Excl~ME0PN3CA~20180914 - Mayna Santini - Trap Fucked}
_mg_6877.jpg,962358,02519938,\Exclusive\20180914 - Mayna Santini - Trap Fucked\,{DT16~Excl~ME0PN3CA~20180914 - Mayna Santini - Trap Fucked}
_mg_6878.jpg,986276,ce84c6f9,\Exclusive\20180914 - Mayna Santini - Trap Fucked\,{DT16~Excl~ME0PN3CA~20180914 - Mayna Santini - Trap Fucked}
_mg_6879.jpg,1008604,b302f21c,\Exclusive\20180914 - Mayna Santini - Trap Fucked\,{DT16~Excl~ME0PN3CA~20180914 - Mayna Santini - Trap Fucked}
_mg_6880.jpg,731891,4e2358c9,\Exclusive\20180914 - Mayna Santini - Trap Fucked\,{DT16~Excl~ME0PN3CA~20180914 - Mayna Santini - Trap Fucked}
_mg_6881.jpg,761620,45ae0f77,\Exclusive\20180914 - Mayna Santini - Trap Fucked\,{DT16~Excl~ME0PN3CA~20180914 - Mayna Santini - Trap Fucked}
_mg_6882.jpg,717207,5a2b5523,\Exclusive\20180914 - Mayna Santini - Trap Fucked\,{DT16~Excl~ME0PN3CA~20180914 - Mayna Santini - Trap Fucked}
_mg_6883.jpg,664222,fae1af94,\Exclusive\20180914 - Mayna Santini - Trap Fucked\,{DT16~Excl~ME0PN3CA~20180914 - Mayna Santini - Trap Fucked}
_mg_6885.jpg,667353,d3ce0350,\Exclusive\20180914 - Mayna Santini - Trap Fucked\,{DT16~Excl~ME0PN3CA~20180914 - Mayna Santini - Trap Fucked}
_mg_6886.jpg,650494,959c9d1a,\Exclusive\20180914 - Mayna Santini - Trap Fucked\,{DT16~Excl~ME0PN3CA~20180914 - Mayna Santini - Trap Fucked}
_mg_6887.jpg,818746,63371ea3,\Exclusive\20180914 - Mayna Santini - Trap Fucked\,{DT16~Excl~ME0PN3CA~20180914 - Mayna Santini - Trap Fucked}
_mg_6888.jpg,1001798,0eacb2b4,\Exclusive\20180914 - Mayna Santini - Trap Fucked\,{DT16~Excl~ME0PN3CA~20180914 - Mayna Santini - Trap Fucked}
_mg_6889.jpg,858179,0bf3d14b,\Exclusive\20180914 - Mayna Santini - Trap Fucked\,{DT16~Excl~ME0PN3CA~20180914 - Mayna Santini - Trap Fucked}
_mg_6890.jpg,959482,e9fd2b14,\Exclusive\20180914 - Mayna Santini - Trap Fucked\,{DT16~Excl~ME0PN3CA~20180914 - Mayna Santini - Trap Fucked}
_mg_6891.jpg,963368,0a108a23,\Exclusive\20180914 - Mayna Santini - Trap Fucked\,{DT16~Excl~ME0PN3CA~20180914 - Mayna Santini - Trap Fucked}
_mg_6894.jpg,891570,632ac6a9,\Exclusive\20180914 - Mayna Santini - Trap Fucked\,{DT16~Excl~ME0PN3CA~20180914 - Mayna Santini - Trap Fucked}
_mg_6895.jpg,973008,c0308967,\Exclusive\20180914 - Mayna Santini - Trap Fucked\,{DT16~Excl~ME0PN3CA~20180914 - Mayna Santini - Trap Fucked}
_mg_6898.jpg,913157,207fa938,\Exclusive\20180914 - Mayna Santini - Trap Fucked\,{DT16~Excl~ME0PN3CA~20180914 - Mayna Santini - Trap Fucked}
_mg_6899.jpg,903988,890d93cb,\Exclusive\20180914 - Mayna Santini - Trap Fucked\,{DT16~Excl~ME0PN3CA~20180914 - Mayna Santini - Trap Fucked}
_mg_6900.jpg,875698,a3b9e3c5,\Exclusive\20180914 - Mayna Santini - Trap Fucked\,{DT16~Excl~ME0PN3CA~20180914 - Mayna Santini - Trap Fucked}
_mg_6902.jpg,861919,197f978a,\Exclusive\20180914 - Mayna Santini - Trap Fucked\,{DT16~Excl~ME0PN3CA~20180914 - Mayna Santini - Trap Fucked}
_mg_6903.jpg,876327,78ae8ce1,\Exclusive\20180914 - Mayna Santini - Trap Fucked\,{DT16~Excl~ME0PN3CA~20180914 - Mayna Santini - Trap Fucked}
_mg_6904.jpg,817442,e524eb18,\Exclusive\20180914 - Mayna Santini - Trap Fucked\,{DT16~Excl~ME0PN3CA~20180914 - Mayna Santini - Trap Fucked}
_mg_6918.jpg,752198,5ed7f2fc,\Exclusive\20180914 - Mayna Santini - Trap Fucked\,{DT16~Excl~ME0PN3CA~20180914 - Mayna Santini - Trap Fucked}
_mg_6919.jpg,762550,8df0716a,\Exclusive\20180914 - Mayna Santini - Trap Fucked\,{DT16~Excl~ME0PN3CA~20180914 - Mayna Santini - Trap Fucked}
_mg_6920.jpg,815158,7e361d0c,\Exclusive\20180914 - Mayna Santini - Trap Fucked\,{DT16~Excl~ME0PN3CA~20180914 - Mayna Santini - Trap Fucked}
_mg_6923.jpg,723292,b495fd39,\Exclusive\20180914 - Mayna Santini - Trap Fucked\,{DT16~Excl~ME0PN3CA~20180914 - Mayna Santini - Trap Fucked}
_mg_6924.jpg,746845,22aedc0d,\Exclusive\20180914 - Mayna Santini - Trap Fucked\,{DT16~Excl~ME0PN3CA~20180914 - Mayna Santini - Trap Fucked}
_mg_6927.jpg,770824,38dfd8d4,\Exclusive\20180914 - Mayna Santini - Trap Fucked\,{DT16~Excl~ME0PN3CA~20180914 - Mayna Santini - Trap Fucked}
_mg_6928.jpg,805762,40de0c17,\Exclusive\20180914 - Mayna Santini - Trap Fucked\,{DT16~Excl~ME0PN3CA~20180914 - Mayna Santini - Trap Fucked}
_mg_6930.jpg,748178,5bb43b71,\Exclusive\20180914 - Mayna Santini - Trap Fucked\,{DT16~Excl~ME0PN3CA~20180914 - Mayna Santini - Trap Fucked}
_mg_6931.jpg,688604,a204551f,\Exclusive\20180914 - Mayna Santini - Trap Fucked\,{DT16~Excl~ME0PN3CA~20180914 - Mayna Santini - Trap Fucked}
_mg_6932.jpg,652334,7ff30f06,\Exclusive\20180914 - Mayna Santini - Trap Fucked\,{DT16~Excl~ME0PN3CA~20180914 - Mayna Santini - Trap Fucked}
_mg_6934.jpg,788539,22d44c7e,\Exclusive\20180914 - Mayna Santini - Trap Fucked\,{DT16~Excl~ME0PN3CA~20180914 - Mayna Santini - Trap Fucked}
_mg_6935.jpg,744493,359ff17a,\Exclusive\20180914 - Mayna Santini - Trap Fucked\,{DT16~Excl~ME0PN3CA~20180914 - Mayna Santini - Trap Fucked}
_mg_6936.jpg,874568,f06f7b1e,\Exclusive\20180914 - Mayna Santini - Trap Fucked\,{DT16~Excl~ME0PN3CA~20180914 - Mayna Santini - Trap Fucked}
_mg_6939.jpg,864340,5d0256db,\Exclusive\20180914 - Mayna Santini - Trap Fucked\,{DT16~Excl~ME0PN3CA~20180914 - Mayna Santini - Trap Fucked}
_mg_6942.jpg,805167,0254d8d3,\Exclusive\20180914 - Mayna Santini - Trap Fucked\,{DT16~Excl~ME0PN3CA~20180914 - Mayna Santini - Trap Fucked}
_mg_6943.jpg,916671,7c3e7cb5,\Exclusive\20180914 - Mayna Santini - Trap Fucked\,{DT16~Excl~ME0PN3CA~20180914 - Mayna Santini - Trap Fucked}
_mg_6944.jpg,851106,b9dad45a,\Exclusive\20180914 - Mayna Santini - Trap Fucked\,{DT16~Excl~ME0PN3CA~20180914 - Mayna Santini - Trap Fucked}
_mg_6945.jpg,880383,cf4cef8e,\Exclusive\20180914 - Mayna Santini - Trap Fucked\,{DT16~Excl~ME0PN3CA~20180914 - Mayna Santini - Trap Fucked}
_mg_6947.jpg,783193,fce024e1,\Exclusive\20180914 - Mayna Santini - Trap Fucked\,{DT16~Excl~ME0PN3CA~20180914 - Mayna Santini - Trap Fucked}
_mg_6948.jpg,637834,7e14fbdb,\Exclusive\20180914 - Mayna Santini - Trap Fucked\,{DT16~Excl~ME0PN3CA~20180914 - Mayna Santini - Trap Fucked}
_mg_6949.jpg,730929,15ecbcec,\Exclusive\20180914 - Mayna Santini - Trap Fucked\,{DT16~Excl~ME0PN3CA~20180914 - Mayna Santini - Trap Fucked}
_mg_6950.jpg,904141,05ae8054,\Exclusive\20180914 - Mayna Santini - Trap Fucked\,{DT16~Excl~ME0PN3CA~20180914 - Mayna Santini - Trap Fucked}
_mg_6951.jpg,928578,0d308e78,\Exclusive\20180914 - Mayna Santini - Trap Fucked\,{DT16~Excl~ME0PN3CA~20180914 - Mayna Santini - Trap Fucked}
_mg_6952.jpg,866496,1b1e41a3,\Exclusive\20180914 - Mayna Santini - Trap Fucked\,{DT16~Excl~ME0PN3CA~20180914 - Mayna Santini - Trap Fucked}
_mg_6953.jpg,706311,2cbb1a4e,\Exclusive\20180914 - Mayna Santini - Trap Fucked\,{DT16~Excl~ME0PN3CA~20180914 - Mayna Santini - Trap Fucked}
_mg_6956.jpg,913733,aec40e8b,\Exclusive\20180914 - Mayna Santini - Trap Fucked\,{DT16~Excl~ME0PN3CA~20180914 - Mayna Santini - Trap Fucked}
_mg_6957.jpg,851100,5a43a2b8,\Exclusive\20180914 - Mayna Santini - Trap Fucked\,{DT16~Excl~ME0PN3CA~20180914 - Mayna Santini - Trap Fucked}
_mg_6958.jpg,888790,c8d8bc2d,\Exclusive\20180914 - Mayna Santini - Trap Fucked\,{DT16~Excl~ME0PN3CA~20180914 - Mayna Santini - Trap Fucked}
_mg_6959.jpg,879942,cf6d5feb,\Exclusive\20180914 - Mayna Santini - Trap Fucked\,{DT16~Excl~ME0PN3CA~20180914 - Mayna Santini - Trap Fucked}
_mg_6960.jpg,924317,df395f2b,\Exclusive\20180914 - Mayna Santini - Trap Fucked\,{DT16~Excl~ME0PN3CA~20180914 - Mayna Santini - Trap Fucked}
_mg_6961.jpg,868998,bc267a01,\Exclusive\20180914 - Mayna Santini - Trap Fucked\,{DT16~Excl~ME0PN3CA~20180914 - Mayna Santini - Trap Fucked}
_mg_6967.jpg,796793,54e4b99b,\Exclusive\20180914 - Mayna Santini - Trap Fucked\,{DT16~Excl~ME0PN3CA~20180914 - Mayna Santini - Trap Fucked}
_mg_6968.jpg,818124,71145234,\Exclusive\20180914 - Mayna Santini - Trap Fucked\,{DT16~Excl~ME0PN3CA~20180914 - Mayna Santini - Trap Fucked}
_mg_6970.jpg,818669,e7ffb7d6,\Exclusive\20180914 - Mayna Santini - Trap Fucked\,{DT16~Excl~ME0PN3CA~20180914 - Mayna Santini - Trap Fucked}
_mg_6971.jpg,845606,3a599179,\Exclusive\20180914 - Mayna Santini - Trap Fucked\,{DT16~Excl~ME0PN3CA~20180914 - Mayna Santini - Trap Fucked}
_mg_6972.jpg,789936,b4f25a0b,\Exclusive\20180914 - Mayna Santini - Trap Fucked\,{DT16~Excl~ME0PN3CA~20180914 - Mayna Santini - Trap Fucked}
_mg_6974.jpg,889188,5d416922,\Exclusive\20180914 - Mayna Santini - Trap Fucked\,{DT16~Excl~ME0PN3CA~20180914 - Mayna Santini - Trap Fucked}
_mg_6975.jpg,874808,32f7c158,\Exclusive\20180914 - Mayna Santini - Trap Fucked\,{DT16~Excl~ME0PN3CA~20180914 - Mayna Santini - Trap Fucked}
_mg_6976.jpg,837339,a768c3f4,\Exclusive\20180914 - Mayna Santini - Trap Fucked\,{DT16~Excl~ME0PN3CA~20180914 - Mayna Santini - Trap Fucked}
_mg_6977.jpg,869194,97136879,\Exclusive\20180914 - Mayna Santini - Trap Fucked\,{DT16~Excl~ME0PN3CA~20180914 - Mayna Santini - Trap Fucked}
_mg_6980.jpg,869830,6943d0c1,\Exclusive\20180914 - Mayna Santini - Trap Fucked\,{DT16~Excl~ME0PN3CA~20180914 - Mayna Santini - Trap Fucked}
_mg_6981.jpg,944631,5279eedd,\Exclusive\20180914 - Mayna Santini - Trap Fucked\,{DT16~Excl~ME0PN3CA~20180914 - Mayna Santini - Trap Fucked}
_mg_6982.jpg,956353,fff41638,\Exclusive\20180914 - Mayna Santini - Trap Fucked\,{DT16~Excl~ME0PN3CA~20180914 - Mayna Santini - Trap Fucked}
_mg_6983.jpg,890912,7be62f5d,\Exclusive\20180914 - Mayna Santini - Trap Fucked\,{DT16~Excl~ME0PN3CA~20180914 - Mayna Santini - Trap Fucked}
_mg_6984.jpg,903931,f4daf620,\Exclusive\20180914 - Mayna Santini - Trap Fucked\,{DT16~Excl~ME0PN3CA~20180914 - Mayna Santini - Trap Fucked}
_mg_6985.jpg,912264,1c8bac3c,\Exclusive\20180914 - Mayna Santini - Trap Fucked\,{DT16~Excl~ME0PN3CA~20180914 - Mayna Santini - Trap Fucked}
_mg_6988.jpg,1024535,e9597155,\Exclusive\20180914 - Mayna Santini - Trap Fucked\,{DT16~Excl~ME0PN3CA~20180914 - Mayna Santini - Trap Fucked}
_mg_6992.jpg,847977,19675c0a,\Exclusive\20180914 - Mayna Santini - Trap Fucked\,{DT16~Excl~ME0PN3CA~20180914 - Mayna Santini - Trap Fucked}
_mg_6993.jpg,818023,7edfaed8,\Exclusive\20180914 - Mayna Santini - Trap Fucked\,{DT16~Excl~ME0PN3CA~20180914 - Mayna Santini - Trap Fucked}
_mg_6995.jpg,788471,e2c2bbd4,\Exclusive\20180914 - Mayna Santini - Trap Fucked\,{DT16~Excl~ME0PN3CA~20180914 - Mayna Santini - Trap Fucked}
_mg_6996.jpg,791062,dda484b2,\Exclusive\20180914 - Mayna Santini - Trap Fucked\,{DT16~Excl~ME0PN3CA~20180914 - Mayna Santini - Trap Fucked}
_mg_6999.jpg,901101,fe95a759,\Exclusive\20180914 - Mayna Santini - Trap Fucked\,{DT16~Excl~ME0PN3CA~20180914 - Mayna Santini - Trap Fucked}
_mg_7000.jpg,943403,5730f227,\Exclusive\20180914 - Mayna Santini - Trap Fucked\,{DT16~Excl~ME0PN3CA~20180914 - Mayna Santini - Trap Fucked}
_mg_7001.jpg,902994,31e5f616,\Exclusive\20180914 - Mayna Santini - Trap Fucked\,{DT16~Excl~ME0PN3CA~20180914 - Mayna Santini - Trap Fucked}
_mg_7002.jpg,879359,0d2026a2,\Exclusive\20180914 - Mayna Santini - Trap Fucked\,{DT16~Excl~ME0PN3CA~20180914 - Mayna Santini - Trap Fucked}
_mg_7004.jpg,874757,12b4df7e,\Exclusive\20180914 - Mayna Santini - Trap Fucked\,{DT16~Excl~ME0PN3CA~20180914 - Mayna Santini - Trap Fucked}
_mg_7007.jpg,757161,ce32961f,\Exclusive\20180914 - Mayna Santini - Trap Fucked\,{DT16~Excl~ME0PN3CA~20180914 - Mayna Santini - Trap Fucked}
_mg_7008.jpg,798817,7bc4ad38,\Exclusive\20180914 - Mayna Santini - Trap Fucked\,{DT16~Excl~ME0PN3CA~20180914 - Mayna Santini - Trap Fucked}
_mg_7011.jpg,888017,a76d3f57,\Exclusive\20180914 - Mayna Santini - Trap Fucked\,{DT16~Excl~ME0PN3CA~20180914 - Mayna Santini - Trap Fucked}
_mg_7012.jpg,863214,f21f4795,\Exclusive\20180914 - Mayna Santini - Trap Fucked\,{DT16~Excl~ME0PN3CA~20180914 - Mayna Santini - Trap Fucked}
_mg_7014.jpg,792695,353865ac,\Exclusive\20180914 - Mayna Santini - Trap Fucked\,{DT16~Excl~ME0PN3CA~20180914 - Mayna Santini - Trap Fucked}
_mg_7015.jpg,804743,5bdb63df,\Exclusive\20180914 - Mayna Santini - Trap Fucked\,{DT16~Excl~ME0PN3CA~20180914 - Mayna Santini - Trap Fucked}
_mg_7016.jpg,823948,400db055,\Exclusive\20180914 - Mayna Santini - Trap Fucked\,{DT16~Excl~ME0PN3CA~20180914 - Mayna Santini - Trap Fucked}
_mg_7018.jpg,873391,49bcbeb1,\Exclusive\20180914 - Mayna Santini - Trap Fucked\,{DT16~Excl~ME0PN3CA~20180914 - Mayna Santini - Trap Fucked}
_mg_7019.jpg,828078,27ba2272,\Exclusive\20180914 - Mayna Santini - Trap Fucked\,{DT16~Excl~ME0PN3CA~20180914 - Mayna Santini - Trap Fucked}
_mg_7023.jpg,831624,1f42ab0a,\Exclusive\20180914 - Mayna Santini - Trap Fucked\,{DT16~Excl~ME0PN3CA~20180914 - Mayna Santini - Trap Fucked}
_mg_7024.jpg,834789,b499a4d7,\Exclusive\20180914 - Mayna Santini - Trap Fucked\,{DT16~Excl~ME0PN3CA~20180914 - Mayna Santini - Trap Fucked}
_mg_7025.jpg,875329,e26f0e4d,\Exclusive\20180914 - Mayna Santini - Trap Fucked\,{DT16~Excl~ME0PN3CA~20180914 - Mayna Santini - Trap Fucked}
_mg_7026.jpg,825743,40621afd,\Exclusive\20180914 - Mayna Santini - Trap Fucked\,{DT16~Excl~ME0PN3CA~20180914 - Mayna Santini - Trap Fucked}
_mg_7027.jpg,819723,4a70e542,\Exclusive\20180914 - Mayna Santini - Trap Fucked\,{DT16~Excl~ME0PN3CA~20180914 - Mayna Santini - Trap Fucked}
_mg_7034.jpg,864527,ba6b7fc6,\Exclusive\20180914 - Mayna Santini - Trap Fucked\,{DT16~Excl~ME0PN3CA~20180914 - Mayna Santini - Trap Fucked}
_mg_7036.jpg,842052,0f5c136d,\Exclusive\20180914 - Mayna Santini - Trap Fucked\,{DT16~Excl~ME0PN3CA~20180914 - Mayna Santini - Trap Fucked}
_mg_7037.jpg,859339,d5935189,\Exclusive\20180914 - Mayna Santini - Trap Fucked\,{DT16~Excl~ME0PN3CA~20180914 - Mayna Santini - Trap Fucked}
_mg_7040.jpg,886833,8d6e12b4,\Exclusive\20180914 - Mayna Santini - Trap Fucked\,{DT16~Excl~ME0PN3CA~20180914 - Mayna Santini - Trap Fucked}
_mg_7041.jpg,868271,5459c10c,\Exclusive\20180914 - Mayna Santini - Trap Fucked\,{DT16~Excl~ME0PN3CA~20180914 - Mayna Santini - Trap Fucked}
_mg_7042.jpg,845583,cce8c807,\Exclusive\20180914 - Mayna Santini - Trap Fucked\,{DT16~Excl~ME0PN3CA~20180914 - Mayna Santini - Trap Fucked}
_mg_7043.jpg,772064,4199dba8,\Exclusive\20180914 - Mayna Santini - Trap Fucked\,{DT16~Excl~ME0PN3CA~20180914 - Mayna Santini - Trap Fucked}
_mg_7044.jpg,858991,83ad3809,\Exclusive\20180914 - Mayna Santini - Trap Fucked\,{DT16~Excl~ME0PN3CA~20180914 - Mayna Santini - Trap Fucked}
_mg_7045.jpg,766396,4c30a22a,\Exclusive\20180914 - Mayna Santini - Trap Fucked\,{DT16~Excl~ME0PN3CA~20180914 - Mayna Santini - Trap Fucked}
_mg_7046.jpg,800820,600727ce,\Exclusive\20180914 - Mayna Santini - Trap Fucked\,{DT16~Excl~ME0PN3CA~20180914 - Mayna Santini - Trap Fucked}
_mg_7047.jpg,822255,c80b6d9f,\Exclusive\20180914 - Mayna Santini - Trap Fucked\,{DT16~Excl~ME0PN3CA~20180914 - Mayna Santini - Trap Fucked}
_mg_7048.jpg,850738,4bd8a6ca,\Exclusive\20180914 - Mayna Santini - Trap Fucked\,{DT16~Excl~ME0PN3CA~20180914 - Mayna Santini - Trap Fucked}
_mg_7049.jpg,767303,61acdb7f,\Exclusive\20180914 - Mayna Santini - Trap Fucked\,{DT16~Excl~ME0PN3CA~20180914 - Mayna Santini - Trap Fucked}
_mg_7050.jpg,773686,080f7195,\Exclusive\20180914 - Mayna Santini - Trap Fucked\,{DT16~Excl~ME0PN3CA~20180914 - Mayna Santini - Trap Fucked}
_mg_7051.jpg,756611,3185ddae,\Exclusive\20180914 - Mayna Santini - Trap Fucked\,{DT16~Excl~ME0PN3CA~20180914 - Mayna Santini - Trap Fucked}
_mg_7052.jpg,722342,b56e410c,\Exclusive\20180914 - Mayna Santini - Trap Fucked\,{DT16~Excl~ME0PN3CA~20180914 - Mayna Santini - Trap Fucked}
_mg_7053.jpg,774673,5b220522,\Exclusive\20180914 - Mayna Santini - Trap Fucked\,{DT16~Excl~ME0PN3CA~20180914 - Mayna Santini - Trap Fucked}
_mg_7054.jpg,804520,f870126b,\Exclusive\20180914 - Mayna Santini - Trap Fucked\,{DT16~Excl~ME0PN3CA~20180914 - Mayna Santini - Trap Fucked}
_mg_7055.jpg,772242,f01c6198,\Exclusive\20180914 - Mayna Santini - Trap Fucked\,{DT16~Excl~ME0PN3CA~20180914 - Mayna Santini - Trap Fucked}
_mg_7056.jpg,783345,09c5acaa,\Exclusive\20180914 - Mayna Santini - Trap Fucked\,{DT16~Excl~ME0PN3CA~20180914 - Mayna Santini - Trap Fucked}
_mg_7057.jpg,809823,eba74284,\Exclusive\20180914 - Mayna Santini - Trap Fucked\,{DT16~Excl~ME0PN3CA~20180914 - Mayna Santini - Trap Fucked}
_mg_7058.jpg,789158,b3459ab1,\Exclusive\20180914 - Mayna Santini - Trap Fucked\,{DT16~Excl~ME0PN3CA~20180914 - Mayna Santini - Trap Fucked}
_mg_7059.jpg,802132,b8b76559,\Exclusive\20180914 - Mayna Santini - Trap Fucked\,{DT16~Excl~ME0PN3CA~20180914 - Mayna Santini - Trap Fucked}
_mg_7060.jpg,794407,ee45f097,\Exclusive\20180914 - Mayna Santini - Trap Fucked\,{DT16~Excl~ME0PN3CA~20180914 - Mayna Santini - Trap Fucked}
_mg_7061.jpg,723988,19c2d830,\Exclusive\20180914 - Mayna Santini - Trap Fucked\,{DT16~Excl~ME0PN3CA~20180914 - Mayna Santini - Trap Fucked}
_mg_7065.jpg,697315,e6bf968a,\Exclusive\20180914 - Mayna Santini - Trap Fucked\,{DT16~Excl~ME0PN3CA~20180914 - Mayna Santini - Trap Fucked}
_mg_7066.jpg,711316,c8a0d70f,\Exclusive\20180914 - Mayna Santini - Trap Fucked\,{DT16~Excl~ME0PN3CA~20180914 - Mayna Santini - Trap Fucked}
_mg_7068.jpg,790667,af7a1092,\Exclusive\20180914 - Mayna Santini - Trap Fucked\,{DT16~Excl~ME0PN3CA~20180914 - Mayna Santini - Trap Fucked}
_mg_7069.jpg,599746,98c14332,\Exclusive\20180914 - Mayna Santini - Trap Fucked\,{DT16~Excl~ME0PN3CA~20180914 - Mayna Santini - Trap Fucked}
_mg_7070.jpg,792265,15ab1f52,\Exclusive\20180914 - Mayna Santini - Trap Fucked\,{DT16~Excl~ME0PN3CA~20180914 - Mayna Santini - Trap Fucked}
_mg_7071.jpg,851657,45f46ff0,\Exclusive\20180914 - Mayna Santini - Trap Fucked\,{DT16~Excl~ME0PN3CA~20180914 - Mayna Santini - Trap Fucked}
_mg_7072.jpg,859800,2a73bbc0,\Exclusive\20180914 - Mayna Santini - Trap Fucked\,{DT16~Excl~ME0PN3CA~20180914 - Mayna Santini - Trap Fucked}
_mg_7073.jpg,842663,88ce33a0,\Exclusive\20180914 - Mayna Santini - Trap Fucked\,{DT16~Excl~ME0PN3CA~20180914 - Mayna Santini - Trap Fucked}
_mg_7074.jpg,823130,caf694a5,\Exclusive\20180914 - Mayna Santini - Trap Fucked\,{DT16~Excl~ME0PN3CA~20180914 - Mayna Santini - Trap Fucked}
_mg_7075.jpg,759762,91f5776a,\Exclusive\20180914 - Mayna Santini - Trap Fucked\,{DT16~Excl~ME0PN3CA~20180914 - Mayna Santini - Trap Fucked}
_mg_7076.jpg,799518,975f52fc,\Exclusive\20180914 - Mayna Santini - Trap Fucked\,{DT16~Excl~ME0PN3CA~20180914 - Mayna Santini - Trap Fucked}
_mg_7079.jpg,693122,856e5fe9,\Exclusive\20180914 - Mayna Santini - Trap Fucked\,{DT16~Excl~ME0PN3CA~20180914 - Mayna Santini - Trap Fucked}
_mg_7080.jpg,776893,2f20e805,\Exclusive\20180914 - Mayna Santini - Trap Fucked\,{DT16~Excl~ME0PN3CA~20180914 - Mayna Santini - Trap Fucked}
_mg_7082.jpg,879017,94754abc,\Exclusive\20180914 - Mayna Santini - Trap Fucked\,{DT16~Excl~ME0PN3CA~20180914 - Mayna Santini - Trap Fucked}
_mg_7084.jpg,785459,5f4f8355,\Exclusive\20180914 - Mayna Santini - Trap Fucked\,{DT16~Excl~ME0PN3CA~20180914 - Mayna Santini - Trap Fucked}
_mg_7085.jpg,800595,4954e90e,\Exclusive\20180914 - Mayna Santini - Trap Fucked\,{DT16~Excl~ME0PN3CA~20180914 - Mayna Santini - Trap Fucked}
_mg_7086.jpg,844331,02c00a28,\Exclusive\20180914 - Mayna Santini - Trap Fucked\,{DT16~Excl~ME0PN3CA~20180914 - Mayna Santini - Trap Fucked}
_mg_7087.jpg,801748,4baf374b,\Exclusive\20180914 - Mayna Santini - Trap Fucked\,{DT16~Excl~ME0PN3CA~20180914 - Mayna Santini - Trap Fucked}
_mg_7088.jpg,752986,b171f0b0,\Exclusive\20180914 - Mayna Santini - Trap Fucked\,{DT16~Excl~ME0PN3CA~20180914 - Mayna Santini - Trap Fucked}
_mg_7089.jpg,725958,2fc52db1,\Exclusive\20180914 - Mayna Santini - Trap Fucked\,{DT16~Excl~ME0PN3CA~20180914 - Mayna Santini - Trap Fucked}
_mg_7092.jpg,819819,63034891,\Exclusive\20180914 - Mayna Santini - Trap Fucked\,{DT16~Excl~ME0PN3CA~20180914 - Mayna Santini - Trap Fucked}
_mg_7094.jpg,652091,99a59714,\Exclusive\20180914 - Mayna Santini - Trap Fucked\,{DT16~Excl~ME0PN3CA~20180914 - Mayna Santini - Trap Fucked}
_mg_7095.jpg,725662,bee8cb16,\Exclusive\20180914 - Mayna Santini - Trap Fucked\,{DT16~Excl~ME0PN3CA~20180914 - Mayna Santini - Trap Fucked}
_mg_7097.jpg,664546,75507448,\Exclusive\20180914 - Mayna Santini - Trap Fucked\,{DT16~Excl~ME0PN3CA~20180914 - Mayna Santini - Trap Fucked}
_mg_7100.jpg,552267,32143b92,\Exclusive\20180914 - Mayna Santini - Trap Fucked\,{DT16~Excl~ME0PN3CA~20180914 - Mayna Santini - Trap Fucked}
_mg_7102.jpg,746546,802986f3,\Exclusive\20180914 - Mayna Santini - Trap Fucked\,{DT16~Excl~ME0PN3CA~20180914 - Mayna Santini - Trap Fucked}
_mg_7104.jpg,758369,2e673e01,\Exclusive\20180914 - Mayna Santini - Trap Fucked\,{DT16~Excl~ME0PN3CA~20180914 - Mayna Santini - Trap Fucked}
_mg_8782.jpg,791652,973c3e8f,\Exclusive\20180918 - Roberta Cortes - She Knows How To Cum\,{DT16~Excl~ME0PN731~20180918 - Roberta Cortes - She Knows How To Cum}
_mg_8783.jpg,799917,1c19d386,\Exclusive\20180918 - Roberta Cortes - She Knows How To Cum\,{DT16~Excl~ME0PN731~20180918 - Roberta Cortes - She Knows How To Cum}
_mg_8785.jpg,772287,cf5cc67a,\Exclusive\20180918 - Roberta Cortes - She Knows How To Cum\,{DT16~Excl~ME0PN731~20180918 - Roberta Cortes - She Knows How To Cum}
_mg_8787.jpg,796534,80465317,\Exclusive\20180918 - Roberta Cortes - She Knows How To Cum\,{DT16~Excl~ME0PN731~20180918 - Roberta Cortes - She Knows How To Cum}
_mg_8788.jpg,828879,3ef40046,\Exclusive\20180918 - Roberta Cortes - She Knows How To Cum\,{DT16~Excl~ME0PN731~20180918 - Roberta Cortes - She Knows How To Cum}
_mg_8791.jpg,768911,ff30cc38,\Exclusive\20180918 - Roberta Cortes - She Knows How To Cum\,{DT16~Excl~ME0PN731~20180918 - Roberta Cortes - She Knows How To Cum}
_mg_8793.jpg,688978,81062e86,\Exclusive\20180918 - Roberta Cortes - She Knows How To Cum\,{DT16~Excl~ME0PN731~20180918 - Roberta Cortes - She Knows How To Cum}
_mg_8794.jpg,694646,361ad077,\Exclusive\20180918 - Roberta Cortes - She Knows How To Cum\,{DT16~Excl~ME0PN731~20180918 - Roberta Cortes - She Knows How To Cum}
_mg_8795.jpg,701566,14c9bc30,\Exclusive\20180918 - Roberta Cortes - She Knows How To Cum\,{DT16~Excl~ME0PN731~20180918 - Roberta Cortes - She Knows How To Cum}
_mg_8797.jpg,778290,c17928cc,\Exclusive\20180918 - Roberta Cortes - She Knows How To Cum\,{DT16~Excl~ME0PN731~20180918 - Roberta Cortes - She Knows How To Cum}
_mg_8798.jpg,665745,ef193639,\Exclusive\20180918 - Roberta Cortes - She Knows How To Cum\,{DT16~Excl~ME0PN731~20180918 - Roberta Cortes - She Knows How To Cum}
_mg_8799.jpg,729558,d527a2ec,\Exclusive\20180918 - Roberta Cortes - She Knows How To Cum\,{DT16~Excl~ME0PN731~20180918 - Roberta Cortes - She Knows How To Cum}
_mg_8800.jpg,497243,5231c154,\Exclusive\20180918 - Roberta Cortes - She Knows How To Cum\,{DT16~Excl~ME0PN731~20180918 - Roberta Cortes - She Knows How To Cum}
_mg_8801.jpg,510926,340ce845,\Exclusive\20180918 - Roberta Cortes - She Knows How To Cum\,{DT16~Excl~ME0PN731~20180918 - Roberta Cortes - She Knows How To Cum}
_mg_8802.jpg,449104,091e983d,\Exclusive\20180918 - Roberta Cortes - She Knows How To Cum\,{DT16~Excl~ME0PN731~20180918 - Roberta Cortes - She Knows How To Cum}
_mg_8803.jpg,541476,cf91e2a7,\Exclusive\20180918 - Roberta Cortes - She Knows How To Cum\,{DT16~Excl~ME0PN731~20180918 - Roberta Cortes - She Knows How To Cum}
_mg_8804.jpg,694375,095ef728,\Exclusive\20180918 - Roberta Cortes - She Knows How To Cum\,{DT16~Excl~ME0PN731~20180918 - Roberta Cortes - She Knows How To Cum}
_mg_8805.jpg,632303,a19bf67d,\Exclusive\20180918 - Roberta Cortes - She Knows How To Cum\,{DT16~Excl~ME0PN731~20180918 - Roberta Cortes - She Knows How To Cum}
_mg_8806.jpg,641035,8243c7ec,\Exclusive\20180918 - Roberta Cortes - She Knows How To Cum\,{DT16~Excl~ME0PN731~20180918 - Roberta Cortes - She Knows How To Cum}
_mg_8807.jpg,677827,65c7195c,\Exclusive\20180918 - Roberta Cortes - She Knows How To Cum\,{DT16~Excl~ME0PN731~20180918 - Roberta Cortes - She Knows How To Cum}
_mg_8809.jpg,653460,ef2f4e9d,\Exclusive\20180918 - Roberta Cortes - She Knows How To Cum\,{DT16~Excl~ME0PN731~20180918 - Roberta Cortes - She Knows How To Cum}
_mg_8810.jpg,579398,b3c42b92,\Exclusive\20180918 - Roberta Cortes - She Knows How To Cum\,{DT16~Excl~ME0PN731~20180918 - Roberta Cortes - She Knows How To Cum}
_mg_8811.jpg,670294,ea5811f3,\Exclusive\20180918 - Roberta Cortes - She Knows How To Cum\,{DT16~Excl~ME0PN731~20180918 - Roberta Cortes - She Knows How To Cum}
_mg_8813.jpg,683201,c1bb4df3,\Exclusive\20180918 - Roberta Cortes - She Knows How To Cum\,{DT16~Excl~ME0PN731~20180918 - Roberta Cortes - She Knows How To Cum}
_mg_8815.jpg,537858,99797ee4,\Exclusive\20180918 - Roberta Cortes - She Knows How To Cum\,{DT16~Excl~ME0PN731~20180918 - Roberta Cortes - She Knows How To Cum}
_mg_8817.jpg,456024,75f64eb0,\Exclusive\20180918 - Roberta Cortes - She Knows How To Cum\,{DT16~Excl~ME0PN731~20180918 - Roberta Cortes - She Knows How To Cum}
_mg_8818.jpg,495326,38161576,\Exclusive\20180918 - Roberta Cortes - She Knows How To Cum\,{DT16~Excl~ME0PN731~20180918 - Roberta Cortes - She Knows How To Cum}
_mg_8819.jpg,498095,3c43e731,\Exclusive\20180918 - Roberta Cortes - She Knows How To Cum\,{DT16~Excl~ME0PN731~20180918 - Roberta Cortes - She Knows How To Cum}
_mg_8820.jpg,521329,06d38e5f,\Exclusive\20180918 - Roberta Cortes - She Knows How To Cum\,{DT16~Excl~ME0PN731~20180918 - Roberta Cortes - She Knows How To Cum}
_mg_8822.jpg,540136,fe48e0a1,\Exclusive\20180918 - Roberta Cortes - She Knows How To Cum\,{DT16~Excl~ME0PN731~20180918 - Roberta Cortes - She Knows How To Cum}
_mg_8824.jpg,545777,8816e9f6,\Exclusive\20180918 - Roberta Cortes - She Knows How To Cum\,{DT16~Excl~ME0PN731~20180918 - Roberta Cortes - She Knows How To Cum}
_mg_8825.jpg,742362,af4a38f2,\Exclusive\20180918 - Roberta Cortes - She Knows How To Cum\,{DT16~Excl~ME0PN731~20180918 - Roberta Cortes - She Knows How To Cum}
_mg_8826.jpg,769457,4b172c19,\Exclusive\20180918 - Roberta Cortes - She Knows How To Cum\,{DT16~Excl~ME0PN731~20180918 - Roberta Cortes - She Knows How To Cum}
_mg_8829.jpg,489531,69ece4df,\Exclusive\20180918 - Roberta Cortes - She Knows How To Cum\,{DT16~Excl~ME0PN731~20180918 - Roberta Cortes - She Knows How To Cum}
_mg_8830.jpg,428578,6f10a3a5,\Exclusive\20180918 - Roberta Cortes - She Knows How To Cum\,{DT16~Excl~ME0PN731~20180918 - Roberta Cortes - She Knows How To Cum}
_mg_8831.jpg,439926,776e2cd9,\Exclusive\20180918 - Roberta Cortes - She Knows How To Cum\,{DT16~Excl~ME0PN731~20180918 - Roberta Cortes - She Knows How To Cum}
_mg_8834.jpg,461094,d6200f56,\Exclusive\20180918 - Roberta Cortes - She Knows How To Cum\,{DT16~Excl~ME0PN731~20180918 - Roberta Cortes - She Knows How To Cum}
_mg_8836.jpg,462265,ece2f4f3,\Exclusive\20180918 - Roberta Cortes - She Knows How To Cum\,{DT16~Excl~ME0PN731~20180918 - Roberta Cortes - She Knows How To Cum}
_mg_8837.jpg,463392,1b8804ed,\Exclusive\20180918 - Roberta Cortes - She Knows How To Cum\,{DT16~Excl~ME0PN731~20180918 - Roberta Cortes - She Knows How To Cum}
_mg_8838.jpg,738849,0a67a144,\Exclusive\20180918 - Roberta Cortes - She Knows How To Cum\,{DT16~Excl~ME0PN731~20180918 - Roberta Cortes - She Knows How To Cum}
_mg_8839.jpg,490898,c4c9a0d4,\Exclusive\20180918 - Roberta Cortes - She Knows How To Cum\,{DT16~Excl~ME0PN731~20180918 - Roberta Cortes - She Knows How To Cum}
_mg_8840.jpg,702891,4d095678,\Exclusive\20180918 - Roberta Cortes - She Knows How To Cum\,{DT16~Excl~ME0PN731~20180918 - Roberta Cortes - She Knows How To Cum}
_mg_8841.jpg,655483,d5f9a69f,\Exclusive\20180918 - Roberta Cortes - She Knows How To Cum\,{DT16~Excl~ME0PN731~20180918 - Roberta Cortes - She Knows How To Cum}
_mg_8842.jpg,829206,95732398,\Exclusive\20180918 - Roberta Cortes - She Knows How To Cum\,{DT16~Excl~ME0PN731~20180918 - Roberta Cortes - She Knows How To Cum}
_mg_8843.jpg,697430,f9a1a803,\Exclusive\20180918 - Roberta Cortes - She Knows How To Cum\,{DT16~Excl~ME0PN731~20180918 - Roberta Cortes - She Knows How To Cum}
_mg_8844.jpg,795345,a4d97419,\Exclusive\20180918 - Roberta Cortes - She Knows How To Cum\,{DT16~Excl~ME0PN731~20180918 - Roberta Cortes - She Knows How To Cum}
_mg_8846.jpg,822186,3ba11ece,\Exclusive\20180918 - Roberta Cortes - She Knows How To Cum\,{DT16~Excl~ME0PN731~20180918 - Roberta Cortes - She Knows How To Cum}
_mg_8847.jpg,896642,02c87e07,\Exclusive\20180918 - Roberta Cortes - She Knows How To Cum\,{DT16~Excl~ME0PN731~20180918 - Roberta Cortes - She Knows How To Cum}
_mg_8848.jpg,890646,4f35a16c,\Exclusive\20180918 - Roberta Cortes - She Knows How To Cum\,{DT16~Excl~ME0PN731~20180918 - Roberta Cortes - She Knows How To Cum}
_mg_8849.jpg,915998,874771be,\Exclusive\20180918 - Roberta Cortes - She Knows How To Cum\,{DT16~Excl~ME0PN731~20180918 - Roberta Cortes - She Knows How To Cum}
_mg_8850.jpg,860592,fb13f7b2,\Exclusive\20180918 - Roberta Cortes - She Knows How To Cum\,{DT16~Excl~ME0PN731~20180918 - Roberta Cortes - She Knows How To Cum}
_mg_8851.jpg,903457,20cc2aff,\Exclusive\20180918 - Roberta Cortes - She Knows How To Cum\,{DT16~Excl~ME0PN731~20180918 - Roberta Cortes - She Knows How To Cum}
_mg_8852.jpg,893156,818ff02f,\Exclusive\20180918 - Roberta Cortes - She Knows How To Cum\,{DT16~Excl~ME0PN731~20180918 - Roberta Cortes - She Knows How To Cum}
_mg_8853.jpg,772574,5a36746b,\Exclusive\20180918 - Roberta Cortes - She Knows How To Cum\,{DT16~Excl~ME0PN731~20180918 - Roberta Cortes - She Knows How To Cum}
_mg_8854.jpg,727096,6fcdabe5,\Exclusive\20180918 - Roberta Cortes - She Knows How To Cum\,{DT16~Excl~ME0PN731~20180918 - Roberta Cortes - She Knows How To Cum}
_mg_8855.jpg,765397,6387920d,\Exclusive\20180918 - Roberta Cortes - She Knows How To Cum\,{DT16~Excl~ME0PN731~20180918 - Roberta Cortes - She Knows How To Cum}
_mg_8857.jpg,495711,2f0c7df7,\Exclusive\20180918 - Roberta Cortes - She Knows How To Cum\,{DT16~Excl~ME0PN731~20180918 - Roberta Cortes - She Knows How To Cum}
_mg_8858.jpg,422911,905c6710,\Exclusive\20180918 - Roberta Cortes - She Knows How To Cum\,{DT16~Excl~ME0PN731~20180918 - Roberta Cortes - She Knows How To Cum}
_mg_8859.jpg,489847,b94b6200,\Exclusive\20180918 - Roberta Cortes - She Knows How To Cum\,{DT16~Excl~ME0PN731~20180918 - Roberta Cortes - She Knows How To Cum}
_mg_8860.jpg,456835,2230f4df,\Exclusive\20180918 - Roberta Cortes - She Knows How To Cum\,{DT16~Excl~ME0PN731~20180918 - Roberta Cortes - She Knows How To Cum}
_mg_8861.jpg,475394,3e159ea1,\Exclusive\20180918 - Roberta Cortes - She Knows How To Cum\,{DT16~Excl~ME0PN731~20180918 - Roberta Cortes - She Knows How To Cum}
_mg_8862.jpg,499524,2132f7ba,\Exclusive\20180918 - Roberta Cortes - She Knows How To Cum\,{DT16~Excl~ME0PN731~20180918 - Roberta Cortes - She Knows How To Cum}
_mg_8864.jpg,525711,f40e9805,\Exclusive\20180918 - Roberta Cortes - She Knows How To Cum\,{DT16~Excl~ME0PN731~20180918 - Roberta Cortes - She Knows How To Cum}
_mg_8865.jpg,497221,51d7f826,\Exclusive\20180918 - Roberta Cortes - She Knows How To Cum\,{DT16~Excl~ME0PN731~20180918 - Roberta Cortes - She Knows How To Cum}
_mg_8866.jpg,778103,0895a7b5,\Exclusive\20180918 - Roberta Cortes - She Knows How To Cum\,{DT16~Excl~ME0PN731~20180918 - Roberta Cortes - She Knows How To Cum}
_mg_8867.jpg,427538,99de1364,\Exclusive\20180918 - Roberta Cortes - She Knows How To Cum\,{DT16~Excl~ME0PN731~20180918 - Roberta Cortes - She Knows How To Cum}
_mg_8868.jpg,430228,5d51e4e3,\Exclusive\20180918 - Roberta Cortes - She Knows How To Cum\,{DT16~Excl~ME0PN731~20180918 - Roberta Cortes - She Knows How To Cum}
_mg_8869.jpg,474014,254241c3,\Exclusive\20180918 - Roberta Cortes - She Knows How To Cum\,{DT16~Excl~ME0PN731~20180918 - Roberta Cortes - She Knows How To Cum}
_mg_8870.jpg,766951,a7f15c3b,\Exclusive\20180918 - Roberta Cortes - She Knows How To Cum\,{DT16~Excl~ME0PN731~20180918 - Roberta Cortes - She Knows How To Cum}
_mg_8871.jpg,547662,11c3a8cf,\Exclusive\20180918 - Roberta Cortes - She Knows How To Cum\,{DT16~Excl~ME0PN731~20180918 - Roberta Cortes - She Knows How To Cum}
_mg_8873.jpg,518209,a0ee6c6b,\Exclusive\20180918 - Roberta Cortes - She Knows How To Cum\,{DT16~Excl~ME0PN731~20180918 - Roberta Cortes - She Knows How To Cum}
_mg_8874.jpg,755194,c21eb940,\Exclusive\20180918 - Roberta Cortes - She Knows How To Cum\,{DT16~Excl~ME0PN731~20180918 - Roberta Cortes - She Knows How To Cum}
_mg_8875.jpg,476635,d86dc3fa,\Exclusive\20180918 - Roberta Cortes - She Knows How To Cum\,{DT16~Excl~ME0PN731~20180918 - Roberta Cortes - She Knows How To Cum}
_mg_8876.jpg,476201,e120da1b,\Exclusive\20180918 - Roberta Cortes - She Knows How To Cum\,{DT16~Excl~ME0PN731~20180918 - Roberta Cortes - She Knows How To Cum}
_mg_8878.jpg,667722,056d03ab,\Exclusive\20180918 - Roberta Cortes - She Knows How To Cum\,{DT16~Excl~ME0PN731~20180918 - Roberta Cortes - She Knows How To Cum}
_mg_8879.jpg,675855,4885265c,\Exclusive\20180918 - Roberta Cortes - She Knows How To Cum\,{DT16~Excl~ME0PN731~20180918 - Roberta Cortes - She Knows How To Cum}
_mg_8881.jpg,498682,ffc46197,\Exclusive\20180918 - Roberta Cortes - She Knows How To Cum\,{DT16~Excl~ME0PN731~20180918 - Roberta Cortes - She Knows How To Cum}
_mg_8882.jpg,591704,7a76729b,\Exclusive\20180918 - Roberta Cortes - She Knows How To Cum\,{DT16~Excl~ME0PN731~20180918 - Roberta Cortes - She Knows How To Cum}
_mg_8883.jpg,523160,9a09df80,\Exclusive\20180918 - Roberta Cortes - She Knows How To Cum\,{DT16~Excl~ME0PN731~20180918 - Roberta Cortes - She Knows How To Cum}
_mg_8884.jpg,599116,4d2ea111,\Exclusive\20180918 - Roberta Cortes - She Knows How To Cum\,{DT16~Excl~ME0PN731~20180918 - Roberta Cortes - She Knows How To Cum}
_mg_8885.jpg,803839,b9f28c20,\Exclusive\20180918 - Roberta Cortes - She Knows How To Cum\,{DT16~Excl~ME0PN731~20180918 - Roberta Cortes - She Knows How To Cum}
_mg_8886.jpg,455150,34f5235e,\Exclusive\20180918 - Roberta Cortes - She Knows How To Cum\,{DT16~Excl~ME0PN731~20180918 - Roberta Cortes - She Knows How To Cum}
_mg_8887.jpg,486677,ee0e0331,\Exclusive\20180918 - Roberta Cortes - She Knows How To Cum\,{DT16~Excl~ME0PN731~20180918 - Roberta Cortes - She Knows How To Cum}
_mg_8889.jpg,490733,c2a5c588,\Exclusive\20180918 - Roberta Cortes - She Knows How To Cum\,{DT16~Excl~ME0PN731~20180918 - Roberta Cortes - She Knows How To Cum}
_mg_8890.jpg,506738,69c2d856,\Exclusive\20180918 - Roberta Cortes - She Knows How To Cum\,{DT16~Excl~ME0PN731~20180918 - Roberta Cortes - She Knows How To Cum}
_mg_8891.jpg,510878,6a7e65da,\Exclusive\20180918 - Roberta Cortes - She Knows How To Cum\,{DT16~Excl~ME0PN731~20180918 - Roberta Cortes - She Knows How To Cum}
_mg_8893.jpg,537443,95479583,\Exclusive\20180918 - Roberta Cortes - She Knows How To Cum\,{DT16~Excl~ME0PN731~20180918 - Roberta Cortes - She Knows How To Cum}
_mg_8894.jpg,391546,0ba5561a,\Exclusive\20180918 - Roberta Cortes - She Knows How To Cum\,{DT16~Excl~ME0PN731~20180918 - Roberta Cortes - She Knows How To Cum}
_mg_8895.jpg,797248,0d33217e,\Exclusive\20180918 - Roberta Cortes - She Knows How To Cum\,{DT16~Excl~ME0PN731~20180918 - Roberta Cortes - She Knows How To Cum}
_mg_8898.jpg,456990,7e3b52e6,\Exclusive\20180918 - Roberta Cortes - She Knows How To Cum\,{DT16~Excl~ME0PN731~20180918 - Roberta Cortes - She Knows How To Cum}
_mg_8899.jpg,449077,cae65802,\Exclusive\20180918 - Roberta Cortes - She Knows How To Cum\,{DT16~Excl~ME0PN731~20180918 - Roberta Cortes - She Knows How To Cum}
_mg_8900.jpg,466871,64ea4477,\Exclusive\20180918 - Roberta Cortes - She Knows How To Cum\,{DT16~Excl~ME0PN731~20180918 - Roberta Cortes - She Knows How To Cum}
_mg_8901.jpg,606521,6a30294e,\Exclusive\20180918 - Roberta Cortes - She Knows How To Cum\,{DT16~Excl~ME0PN731~20180918 - Roberta Cortes - She Knows How To Cum}
_mg_8902.jpg,674988,1e290dfc,\Exclusive\20180918 - Roberta Cortes - She Knows How To Cum\,{DT16~Excl~ME0PN731~20180918 - Roberta Cortes - She Knows How To Cum}
_mg_8903.jpg,504018,33867e2a,\Exclusive\20180918 - Roberta Cortes - She Knows How To Cum\,{DT16~Excl~ME0PN731~20180918 - Roberta Cortes - She Knows How To Cum}
_mg_8904.jpg,640764,4eb90157,\Exclusive\20180918 - Roberta Cortes - She Knows How To Cum\,{DT16~Excl~ME0PN731~20180918 - Roberta Cortes - She Knows How To Cum}
_mg_8905.jpg,594475,d8e2c4d9,\Exclusive\20180918 - Roberta Cortes - She Knows How To Cum\,{DT16~Excl~ME0PN731~20180918 - Roberta Cortes - She Knows How To Cum}
_mg_8907.jpg,701758,8e2aa9d7,\Exclusive\20180918 - Roberta Cortes - She Knows How To Cum\,{DT16~Excl~ME0PN731~20180918 - Roberta Cortes - She Knows How To Cum}
_mg_8908.jpg,654453,1c4a6f24,\Exclusive\20180918 - Roberta Cortes - She Knows How To Cum\,{DT16~Excl~ME0PN731~20180918 - Roberta Cortes - She Knows How To Cum}
_mg_8909.jpg,779086,8c2f5c0c,\Exclusive\20180918 - Roberta Cortes - She Knows How To Cum\,{DT16~Excl~ME0PN731~20180918 - Roberta Cortes - She Knows How To Cum}
_mg_8910.jpg,388555,605bbc8f,\Exclusive\20180918 - Roberta Cortes - She Knows How To Cum\,{DT16~Excl~ME0PN731~20180918 - Roberta Cortes - She Knows How To Cum}
_mg_8911.jpg,492087,059f1e2d,\Exclusive\20180918 - Roberta Cortes - She Knows How To Cum\,{DT16~Excl~ME0PN731~20180918 - Roberta Cortes - She Knows How To Cum}
_mg_8912.jpg,717291,f2eef574,\Exclusive\20180918 - Roberta Cortes - She Knows How To Cum\,{DT16~Excl~ME0PN731~20180918 - Roberta Cortes - She Knows How To Cum}
_mg_8913.jpg,734172,de05201a,\Exclusive\20180918 - Roberta Cortes - She Knows How To Cum\,{DT16~Excl~ME0PN731~20180918 - Roberta Cortes - She Knows How To Cum}
_mg_8914.jpg,711256,954599a8,\Exclusive\20180918 - Roberta Cortes - She Knows How To Cum\,{DT16~Excl~ME0PN731~20180918 - Roberta Cortes - She Knows How To Cum}
_mg_8915.jpg,436295,da49db32,\Exclusive\20180918 - Roberta Cortes - She Knows How To Cum\,{DT16~Excl~ME0PN731~20180918 - Roberta Cortes - She Knows How To Cum}
_mg_8916.jpg,631658,26b5e2ea,\Exclusive\20180918 - Roberta Cortes - She Knows How To Cum\,{DT16~Excl~ME0PN731~20180918 - Roberta Cortes - She Knows How To Cum}
_mg_8917.jpg,475377,318fab68,\Exclusive\20180918 - Roberta Cortes - She Knows How To Cum\,{DT16~Excl~ME0PN731~20180918 - Roberta Cortes - She Knows How To Cum}
_mg_8918.jpg,440151,f90271c1,\Exclusive\20180918 - Roberta Cortes - She Knows How To Cum\,{DT16~Excl~ME0PN731~20180918 - Roberta Cortes - She Knows How To Cum}
_mg_8919.jpg,543659,975cc322,\Exclusive\20180918 - Roberta Cortes - She Knows How To Cum\,{DT16~Excl~ME0PN731~20180918 - Roberta Cortes - She Knows How To Cum}
_mg_8920.jpg,530363,53e306c6,\Exclusive\20180918 - Roberta Cortes - She Knows How To Cum\,{DT16~Excl~ME0PN731~20180918 - Roberta Cortes - She Knows How To Cum}
_mg_8921.jpg,493017,da86edbf,\Exclusive\20180918 - Roberta Cortes - She Knows How To Cum\,{DT16~Excl~ME0PN731~20180918 - Roberta Cortes - She Knows How To Cum}
_mg_8922.jpg,552802,9fc0b30d,\Exclusive\20180918 - Roberta Cortes - She Knows How To Cum\,{DT16~Excl~ME0PN731~20180918 - Roberta Cortes - She Knows How To Cum}
_mg_8923.jpg,538783,48002099,\Exclusive\20180918 - Roberta Cortes - She Knows How To Cum\,{DT16~Excl~ME0PN731~20180918 - Roberta Cortes - She Knows How To Cum}
_mg_8924.jpg,547304,3881c360,\Exclusive\20180918 - Roberta Cortes - She Knows How To Cum\,{DT16~Excl~ME0PN731~20180918 - Roberta Cortes - She Knows How To Cum}
_mg_8926.jpg,509656,38c12d30,\Exclusive\20180918 - Roberta Cortes - She Knows How To Cum\,{DT16~Excl~ME0PN731~20180918 - Roberta Cortes - She Knows How To Cum}
_mg_8927.jpg,511892,41383f7f,\Exclusive\20180918 - Roberta Cortes - She Knows How To Cum\,{DT16~Excl~ME0PN731~20180918 - Roberta Cortes - She Knows How To Cum}
_mg_8928.jpg,535661,8cccc31c,\Exclusive\20180918 - Roberta Cortes - She Knows How To Cum\,{DT16~Excl~ME0PN731~20180918 - Roberta Cortes - She Knows How To Cum}
_mg_8929.jpg,466430,ab12bb28,\Exclusive\20180918 - Roberta Cortes - She Knows How To Cum\,{DT16~Excl~ME0PN731~20180918 - Roberta Cortes - She Knows How To Cum}
_mg_8930.jpg,496782,237ed6ff,\Exclusive\20180918 - Roberta Cortes - She Knows How To Cum\,{DT16~Excl~ME0PN731~20180918 - Roberta Cortes - She Knows How To Cum}
_mg_8933.jpg,491137,d4ac129e,\Exclusive\20180918 - Roberta Cortes - She Knows How To Cum\,{DT16~Excl~ME0PN731~20180918 - Roberta Cortes - She Knows How To Cum}
_mg_8934.jpg,478492,fc252a0b,\Exclusive\20180918 - Roberta Cortes - She Knows How To Cum\,{DT16~Excl~ME0PN731~20180918 - Roberta Cortes - She Knows How To Cum}
_mg_8935.jpg,514795,d0364370,\Exclusive\20180918 - Roberta Cortes - She Knows How To Cum\,{DT16~Excl~ME0PN731~20180918 - Roberta Cortes - She Knows How To Cum}
_mg_8936.jpg,532475,8fad0e3c,\Exclusive\20180918 - Roberta Cortes - She Knows How To Cum\,{DT16~Excl~ME0PN731~20180918 - Roberta Cortes - She Knows How To Cum}
_mg_8937.jpg,630375,df7da88a,\Exclusive\20180918 - Roberta Cortes - She Knows How To Cum\,{DT16~Excl~ME0PN731~20180918 - Roberta Cortes - She Knows How To Cum}
_mg_8938.jpg,542824,e32efeeb,\Exclusive\20180918 - Roberta Cortes - She Knows How To Cum\,{DT16~Excl~ME0PN731~20180918 - Roberta Cortes - She Knows How To Cum}
_mg_8939.jpg,514644,a8b2793a,\Exclusive\20180918 - Roberta Cortes - She Knows How To Cum\,{DT16~Excl~ME0PN731~20180918 - Roberta Cortes - She Knows How To Cum}
_mg_8940.jpg,546333,c7994eea,\Exclusive\20180918 - Roberta Cortes - She Knows How To Cum\,{DT16~Excl~ME0PN731~20180918 - Roberta Cortes - She Knows How To Cum}
_mg_8941.jpg,544858,dd392e65,\Exclusive\20180918 - Roberta Cortes - She Knows How To Cum\,{DT16~Excl~ME0PN731~20180918 - Roberta Cortes - She Knows How To Cum}
_mg_8942.jpg,539429,3ec20e45,\Exclusive\20180918 - Roberta Cortes - She Knows How To Cum\,{DT16~Excl~ME0PN731~20180918 - Roberta Cortes - She Knows How To Cum}
_mg_8943.jpg,549100,f08a1503,\Exclusive\20180918 - Roberta Cortes - She Knows How To Cum\,{DT16~Excl~ME0PN731~20180918 - Roberta Cortes - She Knows How To Cum}
_mg_8944.jpg,494931,faff178c,\Exclusive\20180918 - Roberta Cortes - She Knows How To Cum\,{DT16~Excl~ME0PN731~20180918 - Roberta Cortes - She Knows How To Cum}
_mg_8945.jpg,538550,cee24022,\Exclusive\20180918 - Roberta Cortes - She Knows How To Cum\,{DT16~Excl~ME0PN731~20180918 - Roberta Cortes - She Knows How To Cum}
_mg_8946.jpg,542287,bc271407,\Exclusive\20180918 - Roberta Cortes - She Knows How To Cum\,{DT16~Excl~ME0PN731~20180918 - Roberta Cortes - She Knows How To Cum}
_mg_8947.jpg,780634,0fcf3394,\Exclusive\20180918 - Roberta Cortes - She Knows How To Cum\,{DT16~Excl~ME0PN731~20180918 - Roberta Cortes - She Knows How To Cum}
_mg_8948.jpg,724985,b93c7112,\Exclusive\20180918 - Roberta Cortes - She Knows How To Cum\,{DT16~Excl~ME0PN731~20180918 - Roberta Cortes - She Knows How To Cum}
_mg_8949.jpg,722462,dd443bed,\Exclusive\20180918 - Roberta Cortes - She Knows How To Cum\,{DT16~Excl~ME0PN731~20180918 - Roberta Cortes - She Knows How To Cum}
_mg_8951.jpg,691268,891345a2,\Exclusive\20180918 - Roberta Cortes - She Knows How To Cum\,{DT16~Excl~ME0PN731~20180918 - Roberta Cortes - She Knows How To Cum}
_mg_8952.jpg,684193,9032f225,\Exclusive\20180918 - Roberta Cortes - She Knows How To Cum\,{DT16~Excl~ME0PN731~20180918 - Roberta Cortes - She Knows How To Cum}
_mg_8953.jpg,633902,439bb3b8,\Exclusive\20180918 - Roberta Cortes - She Knows How To Cum\,{DT16~Excl~ME0PN731~20180918 - Roberta Cortes - She Knows How To Cum}
_mg_8954.jpg,614292,87261045,\Exclusive\20180918 - Roberta Cortes - She Knows How To Cum\,{DT16~Excl~ME0PN731~20180918 - Roberta Cortes - She Knows How To Cum}
_mg_8955.jpg,603548,cd440f4f,\Exclusive\20180918 - Roberta Cortes - She Knows How To Cum\,{DT16~Excl~ME0PN731~20180918 - Roberta Cortes - She Knows How To Cum}
_mg_8956.jpg,569055,ca2b79c5,\Exclusive\20180918 - Roberta Cortes - She Knows How To Cum\,{DT16~Excl~ME0PN731~20180918 - Roberta Cortes - She Knows How To Cum}
_mg_8957.jpg,556015,c00a41f5,\Exclusive\20180918 - Roberta Cortes - She Knows How To Cum\,{DT16~Excl~ME0PN731~20180918 - Roberta Cortes - She Knows How To Cum}
_mg_8958.jpg,610718,91d4bd15,\Exclusive\20180918 - Roberta Cortes - She Knows How To Cum\,{DT16~Excl~ME0PN731~20180918 - Roberta Cortes - She Knows How To Cum}
_mg_8961.jpg,558319,ff5c23b8,\Exclusive\20180918 - Roberta Cortes - She Knows How To Cum\,{DT16~Excl~ME0PN731~20180918 - Roberta Cortes - She Knows How To Cum}
_mg_7889.jpg,537065,eacf22a6,\Exclusive\20180921 - Nicolly Pantoja - Fucked Around And Got A Black Cock In Her Ass\,{DT16~Excl~ME0PN9EB~20180921 - Nicolly Pantoja - Fucked Around And Got A Black Cock In Her Ass}
_mg_7890.jpg,553133,4224e97a,\Exclusive\20180921 - Nicolly Pantoja - Fucked Around And Got A Black Cock In Her Ass\,{DT16~Excl~ME0PN9EB~20180921 - Nicolly Pantoja - Fucked Around And Got A Black Cock In Her Ass}
_mg_7891.jpg,535769,91f4c543,\Exclusive\20180921 - Nicolly Pantoja - Fucked Around And Got A Black Cock In Her Ass\,{DT16~Excl~ME0PN9EB~20180921 - Nicolly Pantoja - Fucked Around And Got A Black Cock In Her Ass}
_mg_7892.jpg,494982,7c901ba1,\Exclusive\20180921 - Nicolly Pantoja - Fucked Around And Got A Black Cock In Her Ass\,{DT16~Excl~ME0PN9EB~20180921 - Nicolly Pantoja - Fucked Around And Got A Black Cock In Her Ass}
_mg_7893.jpg,487138,e1fabc5f,\Exclusive\20180921 - Nicolly Pantoja - Fucked Around And Got A Black Cock In Her Ass\,{DT16~Excl~ME0PN9EB~20180921 - Nicolly Pantoja - Fucked Around And Got A Black Cock In Her Ass}
_mg_7894.jpg,518650,3db5374b,\Exclusive\20180921 - Nicolly Pantoja - Fucked Around And Got A Black Cock In Her Ass\,{DT16~Excl~ME0PN9EB~20180921 - Nicolly Pantoja - Fucked Around And Got A Black Cock In Her Ass}
_mg_7895.jpg,529947,dedbbbbb,\Exclusive\20180921 - Nicolly Pantoja - Fucked Around And Got A Black Cock In Her Ass\,{DT16~Excl~ME0PN9EB~20180921 - Nicolly Pantoja - Fucked Around And Got A Black Cock In Her Ass}
_mg_7896.jpg,530688,c2cf41d0,\Exclusive\20180921 - Nicolly Pantoja - Fucked Around And Got A Black Cock In Her Ass\,{DT16~Excl~ME0PN9EB~20180921 - Nicolly Pantoja - Fucked Around And Got A Black Cock In Her Ass}
_mg_7897.jpg,545336,6a34a7ab,\Exclusive\20180921 - Nicolly Pantoja - Fucked Around And Got A Black Cock In Her Ass\,{DT16~Excl~ME0PN9EB~20180921 - Nicolly Pantoja - Fucked Around And Got A Black Cock In Her Ass}
_mg_7898.jpg,589739,cb1b9f35,\Exclusive\20180921 - Nicolly Pantoja - Fucked Around And Got A Black Cock In Her Ass\,{DT16~Excl~ME0PN9EB~20180921 - Nicolly Pantoja - Fucked Around And Got A Black Cock In Her Ass}
_mg_7899.jpg,582434,29fb4b07,\Exclusive\20180921 - Nicolly Pantoja - Fucked Around And Got A Black Cock In Her Ass\,{DT16~Excl~ME0PN9EB~20180921 - Nicolly Pantoja - Fucked Around And Got A Black Cock In Her Ass}
_mg_7900.jpg,574635,b375bbef,\Exclusive\20180921 - Nicolly Pantoja - Fucked Around And Got A Black Cock In Her Ass\,{DT16~Excl~ME0PN9EB~20180921 - Nicolly Pantoja - Fucked Around And Got A Black Cock In Her Ass}
_mg_7901.jpg,561367,20caa811,\Exclusive\20180921 - Nicolly Pantoja - Fucked Around And Got A Black Cock In Her Ass\,{DT16~Excl~ME0PN9EB~20180921 - Nicolly Pantoja - Fucked Around And Got A Black Cock In Her Ass}
_mg_7902.jpg,591916,0b30b628,\Exclusive\20180921 - Nicolly Pantoja - Fucked Around And Got A Black Cock In Her Ass\,{DT16~Excl~ME0PN9EB~20180921 - Nicolly Pantoja - Fucked Around And Got A Black Cock In Her Ass}
_mg_7903.jpg,567496,c41ebdd1,\Exclusive\20180921 - Nicolly Pantoja - Fucked Around And Got A Black Cock In Her Ass\,{DT16~Excl~ME0PN9EB~20180921 - Nicolly Pantoja - Fucked Around And Got A Black Cock In Her Ass}
_mg_7904.jpg,572220,f7541532,\Exclusive\20180921 - Nicolly Pantoja - Fucked Around And Got A Black Cock In Her Ass\,{DT16~Excl~ME0PN9EB~20180921 - Nicolly Pantoja - Fucked Around And Got A Black Cock In Her Ass}
_mg_7905.jpg,547260,84252f73,\Exclusive\20180921 - Nicolly Pantoja - Fucked Around And Got A Black Cock In Her Ass\,{DT16~Excl~ME0PN9EB~20180921 - Nicolly Pantoja - Fucked Around And Got A Black Cock In Her Ass}
_mg_7906.jpg,564215,9814bb68,\Exclusive\20180921 - Nicolly Pantoja - Fucked Around And Got A Black Cock In Her Ass\,{DT16~Excl~ME0PN9EB~20180921 - Nicolly Pantoja - Fucked Around And Got A Black Cock In Her Ass}
_mg_7907.jpg,575388,a075505f,\Exclusive\20180921 - Nicolly Pantoja - Fucked Around And Got A Black Cock In Her Ass\,{DT16~Excl~ME0PN9EB~20180921 - Nicolly Pantoja - Fucked Around And Got A Black Cock In Her Ass}
_mg_7908.jpg,557654,f7d7ca5b,\Exclusive\20180921 - Nicolly Pantoja - Fucked Around And Got A Black Cock In Her Ass\,{DT16~Excl~ME0PN9EB~20180921 - Nicolly Pantoja - Fucked Around And Got A Black Cock In Her Ass}
_mg_7909.jpg,568930,b94a8ae9,\Exclusive\20180921 - Nicolly Pantoja - Fucked Around And Got A Black Cock In Her Ass\,{DT16~Excl~ME0PN9EB~20180921 - Nicolly Pantoja - Fucked Around And Got A Black Cock In Her Ass}
_mg_7910.jpg,576647,2d69d0cd,\Exclusive\20180921 - Nicolly Pantoja - Fucked Around And Got A Black Cock In Her Ass\,{DT16~Excl~ME0PN9EB~20180921 - Nicolly Pantoja - Fucked Around And Got A Black Cock In Her Ass}
_mg_7911.jpg,574324,94e21db8,\Exclusive\20180921 - Nicolly Pantoja - Fucked Around And Got A Black Cock In Her Ass\,{DT16~Excl~ME0PN9EB~20180921 - Nicolly Pantoja - Fucked Around And Got A Black Cock In Her Ass}
_mg_7912.jpg,570083,c56ebcdc,\Exclusive\20180921 - Nicolly Pantoja - Fucked Around And Got A Black Cock In Her Ass\,{DT16~Excl~ME0PN9EB~20180921 - Nicolly Pantoja - Fucked Around And Got A Black Cock In Her Ass}
_mg_7913.jpg,563667,674c58ae,\Exclusive\20180921 - Nicolly Pantoja - Fucked Around And Got A Black Cock In Her Ass\,{DT16~Excl~ME0PN9EB~20180921 - Nicolly Pantoja - Fucked Around And Got A Black Cock In Her Ass}
_mg_7914.jpg,583632,be5e8560,\Exclusive\20180921 - Nicolly Pantoja - Fucked Around And Got A Black Cock In Her Ass\,{DT16~Excl~ME0PN9EB~20180921 - Nicolly Pantoja - Fucked Around And Got A Black Cock In Her Ass}
_mg_7915.jpg,544587,6acb29ef,\Exclusive\20180921 - Nicolly Pantoja - Fucked Around And Got A Black Cock In Her Ass\,{DT16~Excl~ME0PN9EB~20180921 - Nicolly Pantoja - Fucked Around And Got A Black Cock In Her Ass}
_mg_7916.jpg,594221,858b45cb,\Exclusive\20180921 - Nicolly Pantoja - Fucked Around And Got A Black Cock In Her Ass\,{DT16~Excl~ME0PN9EB~20180921 - Nicolly Pantoja - Fucked Around And Got A Black Cock In Her Ass}
_mg_7917.jpg,553751,a61cd645,\Exclusive\20180921 - Nicolly Pantoja - Fucked Around And Got A Black Cock In Her Ass\,{DT16~Excl~ME0PN9EB~20180921 - Nicolly Pantoja - Fucked Around And Got A Black Cock In Her Ass}
_mg_7918.jpg,554766,f634bfd8,\Exclusive\20180921 - Nicolly Pantoja - Fucked Around And Got A Black Cock In Her Ass\,{DT16~Excl~ME0PN9EB~20180921 - Nicolly Pantoja - Fucked Around And Got A Black Cock In Her Ass}
_mg_7919.jpg,519604,33a87c38,\Exclusive\20180921 - Nicolly Pantoja - Fucked Around And Got A Black Cock In Her Ass\,{DT16~Excl~ME0PN9EB~20180921 - Nicolly Pantoja - Fucked Around And Got A Black Cock In Her Ass}
_mg_7921.jpg,503961,d64e1545,\Exclusive\20180921 - Nicolly Pantoja - Fucked Around And Got A Black Cock In Her Ass\,{DT16~Excl~ME0PN9EB~20180921 - Nicolly Pantoja - Fucked Around And Got A Black Cock In Her Ass}
_mg_7922.jpg,549079,dc0263fd,\Exclusive\20180921 - Nicolly Pantoja - Fucked Around And Got A Black Cock In Her Ass\,{DT16~Excl~ME0PN9EB~20180921 - Nicolly Pantoja - Fucked Around And Got A Black Cock In Her Ass}
_mg_7923.jpg,572075,f6ea60dc,\Exclusive\20180921 - Nicolly Pantoja - Fucked Around And Got A Black Cock In Her Ass\,{DT16~Excl~ME0PN9EB~20180921 - Nicolly Pantoja - Fucked Around And Got A Black Cock In Her Ass}
_mg_7924.jpg,576516,ad774c06,\Exclusive\20180921 - Nicolly Pantoja - Fucked Around And Got A Black Cock In Her Ass\,{DT16~Excl~ME0PN9EB~20180921 - Nicolly Pantoja - Fucked Around And Got A Black Cock In Her Ass}
_mg_7927.jpg,503936,bd3c1d63,\Exclusive\20180921 - Nicolly Pantoja - Fucked Around And Got A Black Cock In Her Ass\,{DT16~Excl~ME0PN9EB~20180921 - Nicolly Pantoja - Fucked Around And Got A Black Cock In Her Ass}
_mg_7928.jpg,461449,9934daa1,\Exclusive\20180921 - Nicolly Pantoja - Fucked Around And Got A Black Cock In Her Ass\,{DT16~Excl~ME0PN9EB~20180921 - Nicolly Pantoja - Fucked Around And Got A Black Cock In Her Ass}
_mg_7929.jpg,522437,e9348686,\Exclusive\20180921 - Nicolly Pantoja - Fucked Around And Got A Black Cock In Her Ass\,{DT16~Excl~ME0PN9EB~20180921 - Nicolly Pantoja - Fucked Around And Got A Black Cock In Her Ass}
_mg_7930.jpg,500106,8e8b1d8b,\Exclusive\20180921 - Nicolly Pantoja - Fucked Around And Got A Black Cock In Her Ass\,{DT16~Excl~ME0PN9EB~20180921 - Nicolly Pantoja - Fucked Around And Got A Black Cock In Her Ass}
_mg_7931.jpg,483798,a443bc11,\Exclusive\20180921 - Nicolly Pantoja - Fucked Around And Got A Black Cock In Her Ass\,{DT16~Excl~ME0PN9EB~20180921 - Nicolly Pantoja - Fucked Around And Got A Black Cock In Her Ass}
_mg_7932.jpg,486175,6139c3cd,\Exclusive\20180921 - Nicolly Pantoja - Fucked Around And Got A Black Cock In Her Ass\,{DT16~Excl~ME0PN9EB~20180921 - Nicolly Pantoja - Fucked Around And Got A Black Cock In Her Ass}
_mg_7933.jpg,597950,6e2f7ff0,\Exclusive\20180921 - Nicolly Pantoja - Fucked Around And Got A Black Cock In Her Ass\,{DT16~Excl~ME0PN9EB~20180921 - Nicolly Pantoja - Fucked Around And Got A Black Cock In Her Ass}
_mg_7934.jpg,578554,114ce678,\Exclusive\20180921 - Nicolly Pantoja - Fucked Around And Got A Black Cock In Her Ass\,{DT16~Excl~ME0PN9EB~20180921 - Nicolly Pantoja - Fucked Around And Got A Black Cock In Her Ass}
_mg_7935.jpg,581044,09a81b12,\Exclusive\20180921 - Nicolly Pantoja - Fucked Around And Got A Black Cock In Her Ass\,{DT16~Excl~ME0PN9EB~20180921 - Nicolly Pantoja - Fucked Around And Got A Black Cock In Her Ass}
_mg_7936.jpg,589224,c654ce9a,\Exclusive\20180921 - Nicolly Pantoja - Fucked Around And Got A Black Cock In Her Ass\,{DT16~Excl~ME0PN9EB~20180921 - Nicolly Pantoja - Fucked Around And Got A Black Cock In Her Ass}
_mg_7937.jpg,568874,4d9a2648,\Exclusive\20180921 - Nicolly Pantoja - Fucked Around And Got A Black Cock In Her Ass\,{DT16~Excl~ME0PN9EB~20180921 - Nicolly Pantoja - Fucked Around And Got A Black Cock In Her Ass}
_mg_7938.jpg,578307,d4eb69fa,\Exclusive\20180921 - Nicolly Pantoja - Fucked Around And Got A Black Cock In Her Ass\,{DT16~Excl~ME0PN9EB~20180921 - Nicolly Pantoja - Fucked Around And Got A Black Cock In Her Ass}
_mg_7939.jpg,548796,aa8fef33,\Exclusive\20180921 - Nicolly Pantoja - Fucked Around And Got A Black Cock In Her Ass\,{DT16~Excl~ME0PN9EB~20180921 - Nicolly Pantoja - Fucked Around And Got A Black Cock In Her Ass}
_mg_7941.jpg,548804,02e84a87,\Exclusive\20180921 - Nicolly Pantoja - Fucked Around And Got A Black Cock In Her Ass\,{DT16~Excl~ME0PN9EB~20180921 - Nicolly Pantoja - Fucked Around And Got A Black Cock In Her Ass}
_mg_7943.jpg,550458,3051d642,\Exclusive\20180921 - Nicolly Pantoja - Fucked Around And Got A Black Cock In Her Ass\,{DT16~Excl~ME0PN9EB~20180921 - Nicolly Pantoja - Fucked Around And Got A Black Cock In Her Ass}
_mg_7944.jpg,551303,d4b4d15b,\Exclusive\20180921 - Nicolly Pantoja - Fucked Around And Got A Black Cock In Her Ass\,{DT16~Excl~ME0PN9EB~20180921 - Nicolly Pantoja - Fucked Around And Got A Black Cock In Her Ass}
_mg_7947.jpg,529622,be44f8e6,\Exclusive\20180921 - Nicolly Pantoja - Fucked Around And Got A Black Cock In Her Ass\,{DT16~Excl~ME0PN9EB~20180921 - Nicolly Pantoja - Fucked Around And Got A Black Cock In Her Ass}
_mg_7948.jpg,497854,5616f570,\Exclusive\20180921 - Nicolly Pantoja - Fucked Around And Got A Black Cock In Her Ass\,{DT16~Excl~ME0PN9EB~20180921 - Nicolly Pantoja - Fucked Around And Got A Black Cock In Her Ass}
_mg_7949.jpg,493055,faf700a9,\Exclusive\20180921 - Nicolly Pantoja - Fucked Around And Got A Black Cock In Her Ass\,{DT16~Excl~ME0PN9EB~20180921 - Nicolly Pantoja - Fucked Around And Got A Black Cock In Her Ass}
_mg_7950.jpg,527593,177eb0cb,\Exclusive\20180921 - Nicolly Pantoja - Fucked Around And Got A Black Cock In Her Ass\,{DT16~Excl~ME0PN9EB~20180921 - Nicolly Pantoja - Fucked Around And Got A Black Cock In Her Ass}
_mg_7951.jpg,532180,1c656723,\Exclusive\20180921 - Nicolly Pantoja - Fucked Around And Got A Black Cock In Her Ass\,{DT16~Excl~ME0PN9EB~20180921 - Nicolly Pantoja - Fucked Around And Got A Black Cock In Her Ass}
_mg_7952.jpg,481605,37965880,\Exclusive\20180921 - Nicolly Pantoja - Fucked Around And Got A Black Cock In Her Ass\,{DT16~Excl~ME0PN9EB~20180921 - Nicolly Pantoja - Fucked Around And Got A Black Cock In Her Ass}
_mg_7953.jpg,511638,e98307a4,\Exclusive\20180921 - Nicolly Pantoja - Fucked Around And Got A Black Cock In Her Ass\,{DT16~Excl~ME0PN9EB~20180921 - Nicolly Pantoja - Fucked Around And Got A Black Cock In Her Ass}
_mg_7954.jpg,477330,e364ff1a,\Exclusive\20180921 - Nicolly Pantoja - Fucked Around And Got A Black Cock In Her Ass\,{DT16~Excl~ME0PN9EB~20180921 - Nicolly Pantoja - Fucked Around And Got A Black Cock In Her Ass}
_mg_7955.jpg,520496,11605862,\Exclusive\20180921 - Nicolly Pantoja - Fucked Around And Got A Black Cock In Her Ass\,{DT16~Excl~ME0PN9EB~20180921 - Nicolly Pantoja - Fucked Around And Got A Black Cock In Her Ass}
_mg_7957.jpg,514213,9f5c0f43,\Exclusive\20180921 - Nicolly Pantoja - Fucked Around And Got A Black Cock In Her Ass\,{DT16~Excl~ME0PN9EB~20180921 - Nicolly Pantoja - Fucked Around And Got A Black Cock In Her Ass}
_mg_7958.jpg,498334,3cc97a43,\Exclusive\20180921 - Nicolly Pantoja - Fucked Around And Got A Black Cock In Her Ass\,{DT16~Excl~ME0PN9EB~20180921 - Nicolly Pantoja - Fucked Around And Got A Black Cock In Her Ass}
_mg_7960.jpg,506876,4c3154e3,\Exclusive\20180921 - Nicolly Pantoja - Fucked Around And Got A Black Cock In Her Ass\,{DT16~Excl~ME0PN9EB~20180921 - Nicolly Pantoja - Fucked Around And Got A Black Cock In Her Ass}
_mg_7961.jpg,507311,fd30da79,\Exclusive\20180921 - Nicolly Pantoja - Fucked Around And Got A Black Cock In Her Ass\,{DT16~Excl~ME0PN9EB~20180921 - Nicolly Pantoja - Fucked Around And Got A Black Cock In Her Ass}
_mg_7962.jpg,638082,8e0df411,\Exclusive\20180921 - Nicolly Pantoja - Fucked Around And Got A Black Cock In Her Ass\,{DT16~Excl~ME0PN9EB~20180921 - Nicolly Pantoja - Fucked Around And Got A Black Cock In Her Ass}
_mg_7963.jpg,607790,90ee6a2c,\Exclusive\20180921 - Nicolly Pantoja - Fucked Around And Got A Black Cock In Her Ass\,{DT16~Excl~ME0PN9EB~20180921 - Nicolly Pantoja - Fucked Around And Got A Black Cock In Her Ass}
_mg_7964.jpg,548385,3df90b86,\Exclusive\20180921 - Nicolly Pantoja - Fucked Around And Got A Black Cock In Her Ass\,{DT16~Excl~ME0PN9EB~20180921 - Nicolly Pantoja - Fucked Around And Got A Black Cock In Her Ass}
_mg_7965.jpg,406618,0f13c535,\Exclusive\20180921 - Nicolly Pantoja - Fucked Around And Got A Black Cock In Her Ass\,{DT16~Excl~ME0PN9EB~20180921 - Nicolly Pantoja - Fucked Around And Got A Black Cock In Her Ass}
_mg_7966.jpg,483395,14353689,\Exclusive\20180921 - Nicolly Pantoja - Fucked Around And Got A Black Cock In Her Ass\,{DT16~Excl~ME0PN9EB~20180921 - Nicolly Pantoja - Fucked Around And Got A Black Cock In Her Ass}
_mg_7967.jpg,536724,84f0dabb,\Exclusive\20180921 - Nicolly Pantoja - Fucked Around And Got A Black Cock In Her Ass\,{DT16~Excl~ME0PN9EB~20180921 - Nicolly Pantoja - Fucked Around And Got A Black Cock In Her Ass}
_mg_7968.jpg,454848,5e38b5fd,\Exclusive\20180921 - Nicolly Pantoja - Fucked Around And Got A Black Cock In Her Ass\,{DT16~Excl~ME0PN9EB~20180921 - Nicolly Pantoja - Fucked Around And Got A Black Cock In Her Ass}
_mg_7969.jpg,485940,856bbe3f,\Exclusive\20180921 - Nicolly Pantoja - Fucked Around And Got A Black Cock In Her Ass\,{DT16~Excl~ME0PN9EB~20180921 - Nicolly Pantoja - Fucked Around And Got A Black Cock In Her Ass}
_mg_7970.jpg,484226,9758cdd7,\Exclusive\20180921 - Nicolly Pantoja - Fucked Around And Got A Black Cock In Her Ass\,{DT16~Excl~ME0PN9EB~20180921 - Nicolly Pantoja - Fucked Around And Got A Black Cock In Her Ass}
_mg_7971.jpg,521646,77e60f20,\Exclusive\20180921 - Nicolly Pantoja - Fucked Around And Got A Black Cock In Her Ass\,{DT16~Excl~ME0PN9EB~20180921 - Nicolly Pantoja - Fucked Around And Got A Black Cock In Her Ass}
_mg_7972.jpg,503106,77d9b8e5,\Exclusive\20180921 - Nicolly Pantoja - Fucked Around And Got A Black Cock In Her Ass\,{DT16~Excl~ME0PN9EB~20180921 - Nicolly Pantoja - Fucked Around And Got A Black Cock In Her Ass}
_mg_7975.jpg,531591,7add72e1,\Exclusive\20180921 - Nicolly Pantoja - Fucked Around And Got A Black Cock In Her Ass\,{DT16~Excl~ME0PN9EB~20180921 - Nicolly Pantoja - Fucked Around And Got A Black Cock In Her Ass}
_mg_7977.jpg,533967,5f4d0206,\Exclusive\20180921 - Nicolly Pantoja - Fucked Around And Got A Black Cock In Her Ass\,{DT16~Excl~ME0PN9EB~20180921 - Nicolly Pantoja - Fucked Around And Got A Black Cock In Her Ass}
_mg_7978.jpg,532852,2b7aeb10,\Exclusive\20180921 - Nicolly Pantoja - Fucked Around And Got A Black Cock In Her Ass\,{DT16~Excl~ME0PN9EB~20180921 - Nicolly Pantoja - Fucked Around And Got A Black Cock In Her Ass}
_mg_7979.jpg,555537,a5945f89,\Exclusive\20180921 - Nicolly Pantoja - Fucked Around And Got A Black Cock In Her Ass\,{DT16~Excl~ME0PN9EB~20180921 - Nicolly Pantoja - Fucked Around And Got A Black Cock In Her Ass}
_mg_7980.jpg,483871,c374f3a7,\Exclusive\20180921 - Nicolly Pantoja - Fucked Around And Got A Black Cock In Her Ass\,{DT16~Excl~ME0PN9EB~20180921 - Nicolly Pantoja - Fucked Around And Got A Black Cock In Her Ass}
_mg_7981.jpg,504582,5a148255,\Exclusive\20180921 - Nicolly Pantoja - Fucked Around And Got A Black Cock In Her Ass\,{DT16~Excl~ME0PN9EB~20180921 - Nicolly Pantoja - Fucked Around And Got A Black Cock In Her Ass}
_mg_7982.jpg,528949,2d305c9b,\Exclusive\20180921 - Nicolly Pantoja - Fucked Around And Got A Black Cock In Her Ass\,{DT16~Excl~ME0PN9EB~20180921 - Nicolly Pantoja - Fucked Around And Got A Black Cock In Her Ass}
_mg_7983.jpg,531697,7abd084a,\Exclusive\20180921 - Nicolly Pantoja - Fucked Around And Got A Black Cock In Her Ass\,{DT16~Excl~ME0PN9EB~20180921 - Nicolly Pantoja - Fucked Around And Got A Black Cock In Her Ass}
_mg_7984.jpg,543110,8ca20f33,\Exclusive\20180921 - Nicolly Pantoja - Fucked Around And Got A Black Cock In Her Ass\,{DT16~Excl~ME0PN9EB~20180921 - Nicolly Pantoja - Fucked Around And Got A Black Cock In Her Ass}
_mg_7985.jpg,485006,f6512c2b,\Exclusive\20180921 - Nicolly Pantoja - Fucked Around And Got A Black Cock In Her Ass\,{DT16~Excl~ME0PN9EB~20180921 - Nicolly Pantoja - Fucked Around And Got A Black Cock In Her Ass}
_mg_7986.jpg,400811,e1c99e60,\Exclusive\20180921 - Nicolly Pantoja - Fucked Around And Got A Black Cock In Her Ass\,{DT16~Excl~ME0PN9EB~20180921 - Nicolly Pantoja - Fucked Around And Got A Black Cock In Her Ass}
_mg_7987.jpg,467869,e23ce549,\Exclusive\20180921 - Nicolly Pantoja - Fucked Around And Got A Black Cock In Her Ass\,{DT16~Excl~ME0PN9EB~20180921 - Nicolly Pantoja - Fucked Around And Got A Black Cock In Her Ass}
_mg_7988.jpg,498733,0919172c,\Exclusive\20180921 - Nicolly Pantoja - Fucked Around And Got A Black Cock In Her Ass\,{DT16~Excl~ME0PN9EB~20180921 - Nicolly Pantoja - Fucked Around And Got A Black Cock In Her Ass}
_mg_7989.jpg,539094,b68b3b0a,\Exclusive\20180921 - Nicolly Pantoja - Fucked Around And Got A Black Cock In Her Ass\,{DT16~Excl~ME0PN9EB~20180921 - Nicolly Pantoja - Fucked Around And Got A Black Cock In Her Ass}
_mg_7990.jpg,547625,d37eaf25,\Exclusive\20180921 - Nicolly Pantoja - Fucked Around And Got A Black Cock In Her Ass\,{DT16~Excl~ME0PN9EB~20180921 - Nicolly Pantoja - Fucked Around And Got A Black Cock In Her Ass}
_mg_7991.jpg,575320,79316bba,\Exclusive\20180921 - Nicolly Pantoja - Fucked Around And Got A Black Cock In Her Ass\,{DT16~Excl~ME0PN9EB~20180921 - Nicolly Pantoja - Fucked Around And Got A Black Cock In Her Ass}
_mg_7992.jpg,537198,3fa116ec,\Exclusive\20180921 - Nicolly Pantoja - Fucked Around And Got A Black Cock In Her Ass\,{DT16~Excl~ME0PN9EB~20180921 - Nicolly Pantoja - Fucked Around And Got A Black Cock In Her Ass}
_mg_7994.jpg,581243,6f6b4a1f,\Exclusive\20180921 - Nicolly Pantoja - Fucked Around And Got A Black Cock In Her Ass\,{DT16~Excl~ME0PN9EB~20180921 - Nicolly Pantoja - Fucked Around And Got A Black Cock In Her Ass}
_mg_7995.jpg,544567,a53fdcc8,\Exclusive\20180921 - Nicolly Pantoja - Fucked Around And Got A Black Cock In Her Ass\,{DT16~Excl~ME0PN9EB~20180921 - Nicolly Pantoja - Fucked Around And Got A Black Cock In Her Ass}
_mg_7997.jpg,604749,a982ca8b,\Exclusive\20180921 - Nicolly Pantoja - Fucked Around And Got A Black Cock In Her Ass\,{DT16~Excl~ME0PN9EB~20180921 - Nicolly Pantoja - Fucked Around And Got A Black Cock In Her Ass}
_mg_7998.jpg,576851,2d67d577,\Exclusive\20180921 - Nicolly Pantoja - Fucked Around And Got A Black Cock In Her Ass\,{DT16~Excl~ME0PN9EB~20180921 - Nicolly Pantoja - Fucked Around And Got A Black Cock In Her Ass}
_mg_8002.jpg,488738,ade33341,\Exclusive\20180921 - Nicolly Pantoja - Fucked Around And Got A Black Cock In Her Ass\,{DT16~Excl~ME0PN9EB~20180921 - Nicolly Pantoja - Fucked Around And Got A Black Cock In Her Ass}
_mg_8003.jpg,511240,67e857e0,\Exclusive\20180921 - Nicolly Pantoja - Fucked Around And Got A Black Cock In Her Ass\,{DT16~Excl~ME0PN9EB~20180921 - Nicolly Pantoja - Fucked Around And Got A Black Cock In Her Ass}
_mg_8005.jpg,490612,12cd71a4,\Exclusive\20180921 - Nicolly Pantoja - Fucked Around And Got A Black Cock In Her Ass\,{DT16~Excl~ME0PN9EB~20180921 - Nicolly Pantoja - Fucked Around And Got A Black Cock In Her Ass}
_mg_8006.jpg,448377,df779bca,\Exclusive\20180921 - Nicolly Pantoja - Fucked Around And Got A Black Cock In Her Ass\,{DT16~Excl~ME0PN9EB~20180921 - Nicolly Pantoja - Fucked Around And Got A Black Cock In Her Ass}
_mg_8007.jpg,497387,461870c0,\Exclusive\20180921 - Nicolly Pantoja - Fucked Around And Got A Black Cock In Her Ass\,{DT16~Excl~ME0PN9EB~20180921 - Nicolly Pantoja - Fucked Around And Got A Black Cock In Her Ass}
_mg_8008.jpg,493048,5999ddc5,\Exclusive\20180921 - Nicolly Pantoja - Fucked Around And Got A Black Cock In Her Ass\,{DT16~Excl~ME0PN9EB~20180921 - Nicolly Pantoja - Fucked Around And Got A Black Cock In Her Ass}
_mg_8009.jpg,494939,f3cb9577,\Exclusive\20180921 - Nicolly Pantoja - Fucked Around And Got A Black Cock In Her Ass\,{DT16~Excl~ME0PN9EB~20180921 - Nicolly Pantoja - Fucked Around And Got A Black Cock In Her Ass}
_mg_8010.jpg,474947,2c5cc41d,\Exclusive\20180921 - Nicolly Pantoja - Fucked Around And Got A Black Cock In Her Ass\,{DT16~Excl~ME0PN9EB~20180921 - Nicolly Pantoja - Fucked Around And Got A Black Cock In Her Ass}
_mg_8015.jpg,471196,3a19d828,\Exclusive\20180921 - Nicolly Pantoja - Fucked Around And Got A Black Cock In Her Ass\,{DT16~Excl~ME0PN9EB~20180921 - Nicolly Pantoja - Fucked Around And Got A Black Cock In Her Ass}
_mg_8016.jpg,471437,bde3fb5d,\Exclusive\20180921 - Nicolly Pantoja - Fucked Around And Got A Black Cock In Her Ass\,{DT16~Excl~ME0PN9EB~20180921 - Nicolly Pantoja - Fucked Around And Got A Black Cock In Her Ass}
_mg_8017.jpg,562386,4b5ba356,\Exclusive\20180921 - Nicolly Pantoja - Fucked Around And Got A Black Cock In Her Ass\,{DT16~Excl~ME0PN9EB~20180921 - Nicolly Pantoja - Fucked Around And Got A Black Cock In Her Ass}
_mg_8019.jpg,570601,a2206db3,\Exclusive\20180921 - Nicolly Pantoja - Fucked Around And Got A Black Cock In Her Ass\,{DT16~Excl~ME0PN9EB~20180921 - Nicolly Pantoja - Fucked Around And Got A Black Cock In Her Ass}
_mg_8020.jpg,545477,611eac4d,\Exclusive\20180921 - Nicolly Pantoja - Fucked Around And Got A Black Cock In Her Ass\,{DT16~Excl~ME0PN9EB~20180921 - Nicolly Pantoja - Fucked Around And Got A Black Cock In Her Ass}
_mg_8024.jpg,564335,539bf940,\Exclusive\20180921 - Nicolly Pantoja - Fucked Around And Got A Black Cock In Her Ass\,{DT16~Excl~ME0PN9EB~20180921 - Nicolly Pantoja - Fucked Around And Got A Black Cock In Her Ass}
_mg_8025.jpg,557476,fd705699,\Exclusive\20180921 - Nicolly Pantoja - Fucked Around And Got A Black Cock In Her Ass\,{DT16~Excl~ME0PN9EB~20180921 - Nicolly Pantoja - Fucked Around And Got A Black Cock In Her Ass}
_mg_8026.jpg,550823,91aa029a,\Exclusive\20180921 - Nicolly Pantoja - Fucked Around And Got A Black Cock In Her Ass\,{DT16~Excl~ME0PN9EB~20180921 - Nicolly Pantoja - Fucked Around And Got A Black Cock In Her Ass}
_mg_8027.jpg,545158,65712638,\Exclusive\20180921 - Nicolly Pantoja - Fucked Around And Got A Black Cock In Her Ass\,{DT16~Excl~ME0PN9EB~20180921 - Nicolly Pantoja - Fucked Around And Got A Black Cock In Her Ass}
_mg_8028.jpg,554605,f30c2e4a,\Exclusive\20180921 - Nicolly Pantoja - Fucked Around And Got A Black Cock In Her Ass\,{DT16~Excl~ME0PN9EB~20180921 - Nicolly Pantoja - Fucked Around And Got A Black Cock In Her Ass}
_mg_8029.jpg,535077,1b015316,\Exclusive\20180921 - Nicolly Pantoja - Fucked Around And Got A Black Cock In Her Ass\,{DT16~Excl~ME0PN9EB~20180921 - Nicolly Pantoja - Fucked Around And Got A Black Cock In Her Ass}
_mg_8030.jpg,519313,8faae6b9,\Exclusive\20180921 - Nicolly Pantoja - Fucked Around And Got A Black Cock In Her Ass\,{DT16~Excl~ME0PN9EB~20180921 - Nicolly Pantoja - Fucked Around And Got A Black Cock In Her Ass}
_mg_8031.jpg,510187,bc4a8406,\Exclusive\20180921 - Nicolly Pantoja - Fucked Around And Got A Black Cock In Her Ass\,{DT16~Excl~ME0PN9EB~20180921 - Nicolly Pantoja - Fucked Around And Got A Black Cock In Her Ass}
_mg_8032.jpg,505292,7770333c,\Exclusive\20180921 - Nicolly Pantoja - Fucked Around And Got A Black Cock In Her Ass\,{DT16~Excl~ME0PN9EB~20180921 - Nicolly Pantoja - Fucked Around And Got A Black Cock In Her Ass}
_mg_8033.jpg,500075,878ed5cb,\Exclusive\20180921 - Nicolly Pantoja - Fucked Around And Got A Black Cock In Her Ass\,{DT16~Excl~ME0PN9EB~20180921 - Nicolly Pantoja - Fucked Around And Got A Black Cock In Her Ass}
_mg_8262.jpg,886042,f437c8cf,\Exclusive\20180921 - Nicolly Pantoja - Fucked Around And Got A Black Cock In Her Ass\,{DT16~Excl~ME0PN9EB~20180921 - Nicolly Pantoja - Fucked Around And Got A Black Cock In Her Ass}
_mg_8263.jpg,884848,a4ee62ef,\Exclusive\20180921 - Nicolly Pantoja - Fucked Around And Got A Black Cock In Her Ass\,{DT16~Excl~ME0PN9EB~20180921 - Nicolly Pantoja - Fucked Around And Got A Black Cock In Her Ass}
_mg_8266.jpg,876954,a7707ff1,\Exclusive\20180921 - Nicolly Pantoja - Fucked Around And Got A Black Cock In Her Ass\,{DT16~Excl~ME0PN9EB~20180921 - Nicolly Pantoja - Fucked Around And Got A Black Cock In Her Ass}
_mg_8267.jpg,859960,b4f3adaf,\Exclusive\20180921 - Nicolly Pantoja - Fucked Around And Got A Black Cock In Her Ass\,{DT16~Excl~ME0PN9EB~20180921 - Nicolly Pantoja - Fucked Around And Got A Black Cock In Her Ass}
_mg_8268.jpg,937770,beee7320,\Exclusive\20180921 - Nicolly Pantoja - Fucked Around And Got A Black Cock In Her Ass\,{DT16~Excl~ME0PN9EB~20180921 - Nicolly Pantoja - Fucked Around And Got A Black Cock In Her Ass}
_mg_8269.jpg,867111,fe61776f,\Exclusive\20180921 - Nicolly Pantoja - Fucked Around And Got A Black Cock In Her Ass\,{DT16~Excl~ME0PN9EB~20180921 - Nicolly Pantoja - Fucked Around And Got A Black Cock In Her Ass}
_mg_8270.jpg,900739,80fddc9f,\Exclusive\20180921 - Nicolly Pantoja - Fucked Around And Got A Black Cock In Her Ass\,{DT16~Excl~ME0PN9EB~20180921 - Nicolly Pantoja - Fucked Around And Got A Black Cock In Her Ass}
_mg_8271.jpg,763840,b41fd403,\Exclusive\20180921 - Nicolly Pantoja - Fucked Around And Got A Black Cock In Her Ass\,{DT16~Excl~ME0PN9EB~20180921 - Nicolly Pantoja - Fucked Around And Got A Black Cock In Her Ass}
_mg_8272.jpg,848271,fcb4ebe7,\Exclusive\20180921 - Nicolly Pantoja - Fucked Around And Got A Black Cock In Her Ass\,{DT16~Excl~ME0PN9EB~20180921 - Nicolly Pantoja - Fucked Around And Got A Black Cock In Her Ass}
_mg_8273.jpg,769771,d7074cc2,\Exclusive\20180921 - Nicolly Pantoja - Fucked Around And Got A Black Cock In Her Ass\,{DT16~Excl~ME0PN9EB~20180921 - Nicolly Pantoja - Fucked Around And Got A Black Cock In Her Ass}
_mg_8274.jpg,490084,0ce0e6c8,\Exclusive\20180921 - Nicolly Pantoja - Fucked Around And Got A Black Cock In Her Ass\,{DT16~Excl~ME0PN9EB~20180921 - Nicolly Pantoja - Fucked Around And Got A Black Cock In Her Ass}
_mg_8275.jpg,425357,1660a447,\Exclusive\20180921 - Nicolly Pantoja - Fucked Around And Got A Black Cock In Her Ass\,{DT16~Excl~ME0PN9EB~20180921 - Nicolly Pantoja - Fucked Around And Got A Black Cock In Her Ass}
_mg_8276.jpg,553065,19523eef,\Exclusive\20180921 - Nicolly Pantoja - Fucked Around And Got A Black Cock In Her Ass\,{DT16~Excl~ME0PN9EB~20180921 - Nicolly Pantoja - Fucked Around And Got A Black Cock In Her Ass}
_mg_8277.jpg,476398,91c66570,\Exclusive\20180921 - Nicolly Pantoja - Fucked Around And Got A Black Cock In Her Ass\,{DT16~Excl~ME0PN9EB~20180921 - Nicolly Pantoja - Fucked Around And Got A Black Cock In Her Ass}
_mg_8278.jpg,536519,f225c9d4,\Exclusive\20180921 - Nicolly Pantoja - Fucked Around And Got A Black Cock In Her Ass\,{DT16~Excl~ME0PN9EB~20180921 - Nicolly Pantoja - Fucked Around And Got A Black Cock In Her Ass}
_mg_8280.jpg,604168,be38bf5f,\Exclusive\20180921 - Nicolly Pantoja - Fucked Around And Got A Black Cock In Her Ass\,{DT16~Excl~ME0PN9EB~20180921 - Nicolly Pantoja - Fucked Around And Got A Black Cock In Her Ass}
_mg_8281.jpg,650448,3f42fcbb,\Exclusive\20180921 - Nicolly Pantoja - Fucked Around And Got A Black Cock In Her Ass\,{DT16~Excl~ME0PN9EB~20180921 - Nicolly Pantoja - Fucked Around And Got A Black Cock In Her Ass}
_mg_8282.jpg,575197,d67145e7,\Exclusive\20180921 - Nicolly Pantoja - Fucked Around And Got A Black Cock In Her Ass\,{DT16~Excl~ME0PN9EB~20180921 - Nicolly Pantoja - Fucked Around And Got A Black Cock In Her Ass}
_mg_8283.jpg,606134,46d3f038,\Exclusive\20180921 - Nicolly Pantoja - Fucked Around And Got A Black Cock In Her Ass\,{DT16~Excl~ME0PN9EB~20180921 - Nicolly Pantoja - Fucked Around And Got A Black Cock In Her Ass}
_mg_8284.jpg,830033,ccc80c18,\Exclusive\20180921 - Nicolly Pantoja - Fucked Around And Got A Black Cock In Her Ass\,{DT16~Excl~ME0PN9EB~20180921 - Nicolly Pantoja - Fucked Around And Got A Black Cock In Her Ass}
_mg_8285.jpg,852411,63927ac7,\Exclusive\20180921 - Nicolly Pantoja - Fucked Around And Got A Black Cock In Her Ass\,{DT16~Excl~ME0PN9EB~20180921 - Nicolly Pantoja - Fucked Around And Got A Black Cock In Her Ass}
_mg_8286.jpg,628136,3bf5a384,\Exclusive\20180921 - Nicolly Pantoja - Fucked Around And Got A Black Cock In Her Ass\,{DT16~Excl~ME0PN9EB~20180921 - Nicolly Pantoja - Fucked Around And Got A Black Cock In Her Ass}
_mg_8287.jpg,603650,94892e8d,\Exclusive\20180921 - Nicolly Pantoja - Fucked Around And Got A Black Cock In Her Ass\,{DT16~Excl~ME0PN9EB~20180921 - Nicolly Pantoja - Fucked Around And Got A Black Cock In Her Ass}
_mg_8288.jpg,594188,38aeed5b,\Exclusive\20180921 - Nicolly Pantoja - Fucked Around And Got A Black Cock In Her Ass\,{DT16~Excl~ME0PN9EB~20180921 - Nicolly Pantoja - Fucked Around And Got A Black Cock In Her Ass}
_mg_8289.jpg,534159,68b33931,\Exclusive\20180921 - Nicolly Pantoja - Fucked Around And Got A Black Cock In Her Ass\,{DT16~Excl~ME0PN9EB~20180921 - Nicolly Pantoja - Fucked Around And Got A Black Cock In Her Ass}
_mg_8290.jpg,534477,56987ee9,\Exclusive\20180921 - Nicolly Pantoja - Fucked Around And Got A Black Cock In Her Ass\,{DT16~Excl~ME0PN9EB~20180921 - Nicolly Pantoja - Fucked Around And Got A Black Cock In Her Ass}
_mg_8291.jpg,718121,ed7a954c,\Exclusive\20180921 - Nicolly Pantoja - Fucked Around And Got A Black Cock In Her Ass\,{DT16~Excl~ME0PN9EB~20180921 - Nicolly Pantoja - Fucked Around And Got A Black Cock In Her Ass}
_mg_8292.jpg,661228,a88bc3a6,\Exclusive\20180921 - Nicolly Pantoja - Fucked Around And Got A Black Cock In Her Ass\,{DT16~Excl~ME0PN9EB~20180921 - Nicolly Pantoja - Fucked Around And Got A Black Cock In Her Ass}
_mg_8293.jpg,946799,0be9f7c8,\Exclusive\20180921 - Nicolly Pantoja - Fucked Around And Got A Black Cock In Her Ass\,{DT16~Excl~ME0PN9EB~20180921 - Nicolly Pantoja - Fucked Around And Got A Black Cock In Her Ass}
_mg_8294.jpg,793946,d654e230,\Exclusive\20180921 - Nicolly Pantoja - Fucked Around And Got A Black Cock In Her Ass\,{DT16~Excl~ME0PN9EB~20180921 - Nicolly Pantoja - Fucked Around And Got A Black Cock In Her Ass}
_mg_8295.jpg,855933,6e6670a9,\Exclusive\20180921 - Nicolly Pantoja - Fucked Around And Got A Black Cock In Her Ass\,{DT16~Excl~ME0PN9EB~20180921 - Nicolly Pantoja - Fucked Around And Got A Black Cock In Her Ass}
_mg_8297.jpg,581892,971804c2,\Exclusive\20180921 - Nicolly Pantoja - Fucked Around And Got A Black Cock In Her Ass\,{DT16~Excl~ME0PN9EB~20180921 - Nicolly Pantoja - Fucked Around And Got A Black Cock In Her Ass}
_mg_8298.jpg,705485,489656f4,\Exclusive\20180921 - Nicolly Pantoja - Fucked Around And Got A Black Cock In Her Ass\,{DT16~Excl~ME0PN9EB~20180921 - Nicolly Pantoja - Fucked Around And Got A Black Cock In Her Ass}
_mg_8299.jpg,773603,9984df50,\Exclusive\20180921 - Nicolly Pantoja - Fucked Around And Got A Black Cock In Her Ass\,{DT16~Excl~ME0PN9EB~20180921 - Nicolly Pantoja - Fucked Around And Got A Black Cock In Her Ass}
_mg_8301.jpg,735341,ac8ded77,\Exclusive\20180921 - Nicolly Pantoja - Fucked Around And Got A Black Cock In Her Ass\,{DT16~Excl~ME0PN9EB~20180921 - Nicolly Pantoja - Fucked Around And Got A Black Cock In Her Ass}
_mg_8302.jpg,696404,aa7e0e3d,\Exclusive\20180921 - Nicolly Pantoja - Fucked Around And Got A Black Cock In Her Ass\,{DT16~Excl~ME0PN9EB~20180921 - Nicolly Pantoja - Fucked Around And Got A Black Cock In Her Ass}
_mg_8303.jpg,755292,e8337393,\Exclusive\20180921 - Nicolly Pantoja - Fucked Around And Got A Black Cock In Her Ass\,{DT16~Excl~ME0PN9EB~20180921 - Nicolly Pantoja - Fucked Around And Got A Black Cock In Her Ass}
_mg_8304.jpg,809894,203729c3,\Exclusive\20180921 - Nicolly Pantoja - Fucked Around And Got A Black Cock In Her Ass\,{DT16~Excl~ME0PN9EB~20180921 - Nicolly Pantoja - Fucked Around And Got A Black Cock In Her Ass}
_mg_8309.jpg,639265,a3923320,\Exclusive\20180921 - Nicolly Pantoja - Fucked Around And Got A Black Cock In Her Ass\,{DT16~Excl~ME0PN9EB~20180921 - Nicolly Pantoja - Fucked Around And Got A Black Cock In Her Ass}
_mg_8310.jpg,673125,b366afd0,\Exclusive\20180921 - Nicolly Pantoja - Fucked Around And Got A Black Cock In Her Ass\,{DT16~Excl~ME0PN9EB~20180921 - Nicolly Pantoja - Fucked Around And Got A Black Cock In Her Ass}
_mg_8311.jpg,622912,71cf8ecb,\Exclusive\20180921 - Nicolly Pantoja - Fucked Around And Got A Black Cock In Her Ass\,{DT16~Excl~ME0PN9EB~20180921 - Nicolly Pantoja - Fucked Around And Got A Black Cock In Her Ass}
_mg_8312.jpg,620283,1a03f4d5,\Exclusive\20180921 - Nicolly Pantoja - Fucked Around And Got A Black Cock In Her Ass\,{DT16~Excl~ME0PN9EB~20180921 - Nicolly Pantoja - Fucked Around And Got A Black Cock In Her Ass}
_mg_8313.jpg,560192,abbd3b51,\Exclusive\20180921 - Nicolly Pantoja - Fucked Around And Got A Black Cock In Her Ass\,{DT16~Excl~ME0PN9EB~20180921 - Nicolly Pantoja - Fucked Around And Got A Black Cock In Her Ass}
_mg_8314.jpg,650303,2726690d,\Exclusive\20180921 - Nicolly Pantoja - Fucked Around And Got A Black Cock In Her Ass\,{DT16~Excl~ME0PN9EB~20180921 - Nicolly Pantoja - Fucked Around And Got A Black Cock In Her Ass}
_mg_8315.jpg,652597,0643cbda,\Exclusive\20180921 - Nicolly Pantoja - Fucked Around And Got A Black Cock In Her Ass\,{DT16~Excl~ME0PN9EB~20180921 - Nicolly Pantoja - Fucked Around And Got A Black Cock In Her Ass}
_mg_8316.jpg,612783,3589a31a,\Exclusive\20180921 - Nicolly Pantoja - Fucked Around And Got A Black Cock In Her Ass\,{DT16~Excl~ME0PN9EB~20180921 - Nicolly Pantoja - Fucked Around And Got A Black Cock In Her Ass}
_mg_8317.jpg,729257,261161d7,\Exclusive\20180921 - Nicolly Pantoja - Fucked Around And Got A Black Cock In Her Ass\,{DT16~Excl~ME0PN9EB~20180921 - Nicolly Pantoja - Fucked Around And Got A Black Cock In Her Ass}
_mg_8318.jpg,740486,67957fce,\Exclusive\20180921 - Nicolly Pantoja - Fucked Around And Got A Black Cock In Her Ass\,{DT16~Excl~ME0PN9EB~20180921 - Nicolly Pantoja - Fucked Around And Got A Black Cock In Her Ass}
_mg_8321.jpg,780587,0464253c,\Exclusive\20180921 - Nicolly Pantoja - Fucked Around And Got A Black Cock In Her Ass\,{DT16~Excl~ME0PN9EB~20180921 - Nicolly Pantoja - Fucked Around And Got A Black Cock In Her Ass}
_mg_8325.jpg,712964,b6013dd5,\Exclusive\20180921 - Nicolly Pantoja - Fucked Around And Got A Black Cock In Her Ass\,{DT16~Excl~ME0PN9EB~20180921 - Nicolly Pantoja - Fucked Around And Got A Black Cock In Her Ass}
_mg_8326.jpg,649187,e52d49c4,\Exclusive\20180921 - Nicolly Pantoja - Fucked Around And Got A Black Cock In Her Ass\,{DT16~Excl~ME0PN9EB~20180921 - Nicolly Pantoja - Fucked Around And Got A Black Cock In Her Ass}
_mg_8327.jpg,574995,d7a50a0e,\Exclusive\20180921 - Nicolly Pantoja - Fucked Around And Got A Black Cock In Her Ass\,{DT16~Excl~ME0PN9EB~20180921 - Nicolly Pantoja - Fucked Around And Got A Black Cock In Her Ass}
_mg_8328.jpg,599722,045b1b88,\Exclusive\20180921 - Nicolly Pantoja - Fucked Around And Got A Black Cock In Her Ass\,{DT16~Excl~ME0PN9EB~20180921 - Nicolly Pantoja - Fucked Around And Got A Black Cock In Her Ass}
_mg_8329.jpg,629624,d2b41df8,\Exclusive\20180921 - Nicolly Pantoja - Fucked Around And Got A Black Cock In Her Ass\,{DT16~Excl~ME0PN9EB~20180921 - Nicolly Pantoja - Fucked Around And Got A Black Cock In Her Ass}
_mg_8330.jpg,488074,2246f628,\Exclusive\20180921 - Nicolly Pantoja - Fucked Around And Got A Black Cock In Her Ass\,{DT16~Excl~ME0PN9EB~20180921 - Nicolly Pantoja - Fucked Around And Got A Black Cock In Her Ass}
_mg_8331.jpg,519141,e35c94a5,\Exclusive\20180921 - Nicolly Pantoja - Fucked Around And Got A Black Cock In Her Ass\,{DT16~Excl~ME0PN9EB~20180921 - Nicolly Pantoja - Fucked Around And Got A Black Cock In Her Ass}
_mg_8332.jpg,621734,498a1a3b,\Exclusive\20180921 - Nicolly Pantoja - Fucked Around And Got A Black Cock In Her Ass\,{DT16~Excl~ME0PN9EB~20180921 - Nicolly Pantoja - Fucked Around And Got A Black Cock In Her Ass}
_mg_8333.jpg,556406,967496a0,\Exclusive\20180921 - Nicolly Pantoja - Fucked Around And Got A Black Cock In Her Ass\,{DT16~Excl~ME0PN9EB~20180921 - Nicolly Pantoja - Fucked Around And Got A Black Cock In Her Ass}
_mg_8334.jpg,621421,a63c7f07,\Exclusive\20180921 - Nicolly Pantoja - Fucked Around And Got A Black Cock In Her Ass\,{DT16~Excl~ME0PN9EB~20180921 - Nicolly Pantoja - Fucked Around And Got A Black Cock In Her Ass}
_mg_8335.jpg,620674,81b96719,\Exclusive\20180921 - Nicolly Pantoja - Fucked Around And Got A Black Cock In Her Ass\,{DT16~Excl~ME0PN9EB~20180921 - Nicolly Pantoja - Fucked Around And Got A Black Cock In Her Ass}
_mg_8336.jpg,627229,8286b93c,\Exclusive\20180921 - Nicolly Pantoja - Fucked Around And Got A Black Cock In Her Ass\,{DT16~Excl~ME0PN9EB~20180921 - Nicolly Pantoja - Fucked Around And Got A Black Cock In Her Ass}
_mg_8337.jpg,626734,2544ede4,\Exclusive\20180921 - Nicolly Pantoja - Fucked Around And Got A Black Cock In Her Ass\,{DT16~Excl~ME0PN9EB~20180921 - Nicolly Pantoja - Fucked Around And Got A Black Cock In Her Ass}
_mg_8338.jpg,591735,2af30269,\Exclusive\20180921 - Nicolly Pantoja - Fucked Around And Got A Black Cock In Her Ass\,{DT16~Excl~ME0PN9EB~20180921 - Nicolly Pantoja - Fucked Around And Got A Black Cock In Her Ass}
_mg_8339.jpg,649757,c1c33b73,\Exclusive\20180921 - Nicolly Pantoja - Fucked Around And Got A Black Cock In Her Ass\,{DT16~Excl~ME0PN9EB~20180921 - Nicolly Pantoja - Fucked Around And Got A Black Cock In Her Ass}
_mg_8340.jpg,576436,862b4df4,\Exclusive\20180921 - Nicolly Pantoja - Fucked Around And Got A Black Cock In Her Ass\,{DT16~Excl~ME0PN9EB~20180921 - Nicolly Pantoja - Fucked Around And Got A Black Cock In Her Ass}
_mg_8341.jpg,597364,4b44c2c9,\Exclusive\20180921 - Nicolly Pantoja - Fucked Around And Got A Black Cock In Her Ass\,{DT16~Excl~ME0PN9EB~20180921 - Nicolly Pantoja - Fucked Around And Got A Black Cock In Her Ass}
_mg_8343.jpg,560919,776b7c7f,\Exclusive\20180921 - Nicolly Pantoja - Fucked Around And Got A Black Cock In Her Ass\,{DT16~Excl~ME0PN9EB~20180921 - Nicolly Pantoja - Fucked Around And Got A Black Cock In Her Ass}
_mg_8344.jpg,553978,1b066131,\Exclusive\20180921 - Nicolly Pantoja - Fucked Around And Got A Black Cock In Her Ass\,{DT16~Excl~ME0PN9EB~20180921 - Nicolly Pantoja - Fucked Around And Got A Black Cock In Her Ass}
_mg_8345.jpg,606115,1e347dad,\Exclusive\20180921 - Nicolly Pantoja - Fucked Around And Got A Black Cock In Her Ass\,{DT16~Excl~ME0PN9EB~20180921 - Nicolly Pantoja - Fucked Around And Got A Black Cock In Her Ass}
_mg_8346.jpg,558534,eadcc956,\Exclusive\20180921 - Nicolly Pantoja - Fucked Around And Got A Black Cock In Her Ass\,{DT16~Excl~ME0PN9EB~20180921 - Nicolly Pantoja - Fucked Around And Got A Black Cock In Her Ass}
_mg_8347.jpg,627355,06901044,\Exclusive\20180921 - Nicolly Pantoja - Fucked Around And Got A Black Cock In Her Ass\,{DT16~Excl~ME0PN9EB~20180921 - Nicolly Pantoja - Fucked Around And Got A Black Cock In Her Ass}
_mg_8348.jpg,618882,9b568ea9,\Exclusive\20180921 - Nicolly Pantoja - Fucked Around And Got A Black Cock In Her Ass\,{DT16~Excl~ME0PN9EB~20180921 - Nicolly Pantoja - Fucked Around And Got A Black Cock In Her Ass}
_mg_8350.jpg,587744,af14b38a,\Exclusive\20180921 - Nicolly Pantoja - Fucked Around And Got A Black Cock In Her Ass\,{DT16~Excl~ME0PN9EB~20180921 - Nicolly Pantoja - Fucked Around And Got A Black Cock In Her Ass}
_mg_8351.jpg,560063,6317b9fb,\Exclusive\20180921 - Nicolly Pantoja - Fucked Around And Got A Black Cock In Her Ass\,{DT16~Excl~ME0PN9EB~20180921 - Nicolly Pantoja - Fucked Around And Got A Black Cock In Her Ass}
_mg_8352.jpg,513739,f39dfdfc,\Exclusive\20180921 - Nicolly Pantoja - Fucked Around And Got A Black Cock In Her Ass\,{DT16~Excl~ME0PN9EB~20180921 - Nicolly Pantoja - Fucked Around And Got A Black Cock In Her Ass}
_mg_8353.jpg,584247,ca91e889,\Exclusive\20180921 - Nicolly Pantoja - Fucked Around And Got A Black Cock In Her Ass\,{DT16~Excl~ME0PN9EB~20180921 - Nicolly Pantoja - Fucked Around And Got A Black Cock In Her Ass}
_mg_8354.jpg,606697,b9ab81f4,\Exclusive\20180921 - Nicolly Pantoja - Fucked Around And Got A Black Cock In Her Ass\,{DT16~Excl~ME0PN9EB~20180921 - Nicolly Pantoja - Fucked Around And Got A Black Cock In Her Ass}
_mg_8355.jpg,643960,60034c49,\Exclusive\20180921 - Nicolly Pantoja - Fucked Around And Got A Black Cock In Her Ass\,{DT16~Excl~ME0PN9EB~20180921 - Nicolly Pantoja - Fucked Around And Got A Black Cock In Her Ass}
_mg_8357.jpg,600331,d35b7fd5,\Exclusive\20180921 - Nicolly Pantoja - Fucked Around And Got A Black Cock In Her Ass\,{DT16~Excl~ME0PN9EB~20180921 - Nicolly Pantoja - Fucked Around And Got A Black Cock In Her Ass}
_mg_8358.jpg,632397,41906775,\Exclusive\20180921 - Nicolly Pantoja - Fucked Around And Got A Black Cock In Her Ass\,{DT16~Excl~ME0PN9EB~20180921 - Nicolly Pantoja - Fucked Around And Got A Black Cock In Her Ass}
_mg_8359.jpg,650919,df50e8c1,\Exclusive\20180921 - Nicolly Pantoja - Fucked Around And Got A Black Cock In Her Ass\,{DT16~Excl~ME0PN9EB~20180921 - Nicolly Pantoja - Fucked Around And Got A Black Cock In Her Ass}
_mg_8360.jpg,718848,5d82abb4,\Exclusive\20180921 - Nicolly Pantoja - Fucked Around And Got A Black Cock In Her Ass\,{DT16~Excl~ME0PN9EB~20180921 - Nicolly Pantoja - Fucked Around And Got A Black Cock In Her Ass}
_mg_8361.jpg,783676,3e309874,\Exclusive\20180921 - Nicolly Pantoja - Fucked Around And Got A Black Cock In Her Ass\,{DT16~Excl~ME0PN9EB~20180921 - Nicolly Pantoja - Fucked Around And Got A Black Cock In Her Ass}
_mg_8362.jpg,784742,9707a8a5,\Exclusive\20180921 - Nicolly Pantoja - Fucked Around And Got A Black Cock In Her Ass\,{DT16~Excl~ME0PN9EB~20180921 - Nicolly Pantoja - Fucked Around And Got A Black Cock In Her Ass}
_mg_8363.jpg,681601,b7728315,\Exclusive\20180921 - Nicolly Pantoja - Fucked Around And Got A Black Cock In Her Ass\,{DT16~Excl~ME0PN9EB~20180921 - Nicolly Pantoja - Fucked Around And Got A Black Cock In Her Ass}
_mg_8364.jpg,600578,a18d7757,\Exclusive\20180921 - Nicolly Pantoja - Fucked Around And Got A Black Cock In Her Ass\,{DT16~Excl~ME0PN9EB~20180921 - Nicolly Pantoja - Fucked Around And Got A Black Cock In Her Ass}
_mg_8365.jpg,679967,a69896be,\Exclusive\20180921 - Nicolly Pantoja - Fucked Around And Got A Black Cock In Her Ass\,{DT16~Excl~ME0PN9EB~20180921 - Nicolly Pantoja - Fucked Around And Got A Black Cock In Her Ass}
_mg_8366.jpg,617654,ee7c25c1,\Exclusive\20180921 - Nicolly Pantoja - Fucked Around And Got A Black Cock In Her Ass\,{DT16~Excl~ME0PN9EB~20180921 - Nicolly Pantoja - Fucked Around And Got A Black Cock In Her Ass}
_mg_8367.jpg,608719,4a349298,\Exclusive\20180921 - Nicolly Pantoja - Fucked Around And Got A Black Cock In Her Ass\,{DT16~Excl~ME0PN9EB~20180921 - Nicolly Pantoja - Fucked Around And Got A Black Cock In Her Ass}
_mg_8369.jpg,662995,63f91196,\Exclusive\20180921 - Nicolly Pantoja - Fucked Around And Got A Black Cock In Her Ass\,{DT16~Excl~ME0PN9EB~20180921 - Nicolly Pantoja - Fucked Around And Got A Black Cock In Her Ass}
_mg_8370.jpg,701591,2305f397,\Exclusive\20180921 - Nicolly Pantoja - Fucked Around And Got A Black Cock In Her Ass\,{DT16~Excl~ME0PN9EB~20180921 - Nicolly Pantoja - Fucked Around And Got A Black Cock In Her Ass}
_mg_8371.jpg,628079,1a8d735d,\Exclusive\20180921 - Nicolly Pantoja - Fucked Around And Got A Black Cock In Her Ass\,{DT16~Excl~ME0PN9EB~20180921 - Nicolly Pantoja - Fucked Around And Got A Black Cock In Her Ass}
_mg_8372.jpg,639532,e539b381,\Exclusive\20180921 - Nicolly Pantoja - Fucked Around And Got A Black Cock In Her Ass\,{DT16~Excl~ME0PN9EB~20180921 - Nicolly Pantoja - Fucked Around And Got A Black Cock In Her Ass}
_mg_8373.jpg,523325,ca52b2b2,\Exclusive\20180921 - Nicolly Pantoja - Fucked Around And Got A Black Cock In Her Ass\,{DT16~Excl~ME0PN9EB~20180921 - Nicolly Pantoja - Fucked Around And Got A Black Cock In Her Ass}
_mg_8375.jpg,618797,23d3660c,\Exclusive\20180921 - Nicolly Pantoja - Fucked Around And Got A Black Cock In Her Ass\,{DT16~Excl~ME0PN9EB~20180921 - Nicolly Pantoja - Fucked Around And Got A Black Cock In Her Ass}
_mg_8376.jpg,662706,14927581,\Exclusive\20180921 - Nicolly Pantoja - Fucked Around And Got A Black Cock In Her Ass\,{DT16~Excl~ME0PN9EB~20180921 - Nicolly Pantoja - Fucked Around And Got A Black Cock In Her Ass}
_mg_8377.jpg,552496,dba1de29,\Exclusive\20180921 - Nicolly Pantoja - Fucked Around And Got A Black Cock In Her Ass\,{DT16~Excl~ME0PN9EB~20180921 - Nicolly Pantoja - Fucked Around And Got A Black Cock In Her Ass}
_mg_8378.jpg,596914,dceb0dcd,\Exclusive\20180921 - Nicolly Pantoja - Fucked Around And Got A Black Cock In Her Ass\,{DT16~Excl~ME0PN9EB~20180921 - Nicolly Pantoja - Fucked Around And Got A Black Cock In Her Ass}
_mg_8379.jpg,578272,7e110a0e,\Exclusive\20180921 - Nicolly Pantoja - Fucked Around And Got A Black Cock In Her Ass\,{DT16~Excl~ME0PN9EB~20180921 - Nicolly Pantoja - Fucked Around And Got A Black Cock In Her Ass}
_mg_8381.jpg,695041,5bf1fffb,\Exclusive\20180921 - Nicolly Pantoja - Fucked Around And Got A Black Cock In Her Ass\,{DT16~Excl~ME0PN9EB~20180921 - Nicolly Pantoja - Fucked Around And Got A Black Cock In Her Ass}
_mg_8382.jpg,655461,5a1b994f,\Exclusive\20180921 - Nicolly Pantoja - Fucked Around And Got A Black Cock In Her Ass\,{DT16~Excl~ME0PN9EB~20180921 - Nicolly Pantoja - Fucked Around And Got A Black Cock In Her Ass}
_mg_8383.jpg,544532,523e9340,\Exclusive\20180921 - Nicolly Pantoja - Fucked Around And Got A Black Cock In Her Ass\,{DT16~Excl~ME0PN9EB~20180921 - Nicolly Pantoja - Fucked Around And Got A Black Cock In Her Ass}
_mg_8384.jpg,721732,6d548f10,\Exclusive\20180921 - Nicolly Pantoja - Fucked Around And Got A Black Cock In Her Ass\,{DT16~Excl~ME0PN9EB~20180921 - Nicolly Pantoja - Fucked Around And Got A Black Cock In Her Ass}
_mg_8385.jpg,680592,bd7ec96b,\Exclusive\20180921 - Nicolly Pantoja - Fucked Around And Got A Black Cock In Her Ass\,{DT16~Excl~ME0PN9EB~20180921 - Nicolly Pantoja - Fucked Around And Got A Black Cock In Her Ass}
_mg_8391.jpg,657724,26d74bef,\Exclusive\20180921 - Nicolly Pantoja - Fucked Around And Got A Black Cock In Her Ass\,{DT16~Excl~ME0PN9EB~20180921 - Nicolly Pantoja - Fucked Around And Got A Black Cock In Her Ass}
_mg_8392.jpg,751150,08171bcb,\Exclusive\20180921 - Nicolly Pantoja - Fucked Around And Got A Black Cock In Her Ass\,{DT16~Excl~ME0PN9EB~20180921 - Nicolly Pantoja - Fucked Around And Got A Black Cock In Her Ass}
_mg_8395.jpg,723504,6fb51f4d,\Exclusive\20180921 - Nicolly Pantoja - Fucked Around And Got A Black Cock In Her Ass\,{DT16~Excl~ME0PN9EB~20180921 - Nicolly Pantoja - Fucked Around And Got A Black Cock In Her Ass}
_mg_8396.jpg,490847,02cbff73,\Exclusive\20180921 - Nicolly Pantoja - Fucked Around And Got A Black Cock In Her Ass\,{DT16~Excl~ME0PN9EB~20180921 - Nicolly Pantoja - Fucked Around And Got A Black Cock In Her Ass}
_mg_8397.jpg,514331,66d48285,\Exclusive\20180921 - Nicolly Pantoja - Fucked Around And Got A Black Cock In Her Ass\,{DT16~Excl~ME0PN9EB~20180921 - Nicolly Pantoja - Fucked Around And Got A Black Cock In Her Ass}
_mg_8398.jpg,502051,3c098b1a,\Exclusive\20180921 - Nicolly Pantoja - Fucked Around And Got A Black Cock In Her Ass\,{DT16~Excl~ME0PN9EB~20180921 - Nicolly Pantoja - Fucked Around And Got A Black Cock In Her Ass}
_mg_8400.jpg,532895,d68a1cda,\Exclusive\20180921 - Nicolly Pantoja - Fucked Around And Got A Black Cock In Her Ass\,{DT16~Excl~ME0PN9EB~20180921 - Nicolly Pantoja - Fucked Around And Got A Black Cock In Her Ass}
_mg_8402.jpg,542454,7a44c52e,\Exclusive\20180921 - Nicolly Pantoja - Fucked Around And Got A Black Cock In Her Ass\,{DT16~Excl~ME0PN9EB~20180921 - Nicolly Pantoja - Fucked Around And Got A Black Cock In Her Ass}
_mg_8403.jpg,611554,8db39133,\Exclusive\20180921 - Nicolly Pantoja - Fucked Around And Got A Black Cock In Her Ass\,{DT16~Excl~ME0PN9EB~20180921 - Nicolly Pantoja - Fucked Around And Got A Black Cock In Her Ass}
_mg_8404.jpg,629007,af9c7988,\Exclusive\20180921 - Nicolly Pantoja - Fucked Around And Got A Black Cock In Her Ass\,{DT16~Excl~ME0PN9EB~20180921 - Nicolly Pantoja - Fucked Around And Got A Black Cock In Her Ass}
_mg_8405.jpg,650991,f7d9a368,\Exclusive\20180921 - Nicolly Pantoja - Fucked Around And Got A Black Cock In Her Ass\,{DT16~Excl~ME0PN9EB~20180921 - Nicolly Pantoja - Fucked Around And Got A Black Cock In Her Ass}
_mg_8406.jpg,668086,c7f84279,\Exclusive\20180921 - Nicolly Pantoja - Fucked Around And Got A Black Cock In Her Ass\,{DT16~Excl~ME0PN9EB~20180921 - Nicolly Pantoja - Fucked Around And Got A Black Cock In Her Ass}
_mg_8407.jpg,618027,91d027e7,\Exclusive\20180921 - Nicolly Pantoja - Fucked Around And Got A Black Cock In Her Ass\,{DT16~Excl~ME0PN9EB~20180921 - Nicolly Pantoja - Fucked Around And Got A Black Cock In Her Ass}
_mg_8408.jpg,666703,c9ddd0d6,\Exclusive\20180921 - Nicolly Pantoja - Fucked Around And Got A Black Cock In Her Ass\,{DT16~Excl~ME0PN9EB~20180921 - Nicolly Pantoja - Fucked Around And Got A Black Cock In Her Ass}
_mg_8409.jpg,661282,2709db6c,\Exclusive\20180921 - Nicolly Pantoja - Fucked Around And Got A Black Cock In Her Ass\,{DT16~Excl~ME0PN9EB~20180921 - Nicolly Pantoja - Fucked Around And Got A Black Cock In Her Ass}
_mg_8410.jpg,628901,3ba22507,\Exclusive\20180921 - Nicolly Pantoja - Fucked Around And Got A Black Cock In Her Ass\,{DT16~Excl~ME0PN9EB~20180921 - Nicolly Pantoja - Fucked Around And Got A Black Cock In Her Ass}
_mg_8412.jpg,648204,26da08bb,\Exclusive\20180921 - Nicolly Pantoja - Fucked Around And Got A Black Cock In Her Ass\,{DT16~Excl~ME0PN9EB~20180921 - Nicolly Pantoja - Fucked Around And Got A Black Cock In Her Ass}
_mg_8413.jpg,586586,29ea0068,\Exclusive\20180921 - Nicolly Pantoja - Fucked Around And Got A Black Cock In Her Ass\,{DT16~Excl~ME0PN9EB~20180921 - Nicolly Pantoja - Fucked Around And Got A Black Cock In Her Ass}
_mg_8415.jpg,620665,79165b04,\Exclusive\20180921 - Nicolly Pantoja - Fucked Around And Got A Black Cock In Her Ass\,{DT16~Excl~ME0PN9EB~20180921 - Nicolly Pantoja - Fucked Around And Got A Black Cock In Her Ass}
_mg_8416.jpg,630181,1ca5dcf0,\Exclusive\20180921 - Nicolly Pantoja - Fucked Around And Got A Black Cock In Her Ass\,{DT16~Excl~ME0PN9EB~20180921 - Nicolly Pantoja - Fucked Around And Got A Black Cock In Her Ass}
_mg_8418.jpg,673937,d39408ae,\Exclusive\20180921 - Nicolly Pantoja - Fucked Around And Got A Black Cock In Her Ass\,{DT16~Excl~ME0PN9EB~20180921 - Nicolly Pantoja - Fucked Around And Got A Black Cock In Her Ass}
_mg_8419.jpg,642828,257ed21f,\Exclusive\20180921 - Nicolly Pantoja - Fucked Around And Got A Black Cock In Her Ass\,{DT16~Excl~ME0PN9EB~20180921 - Nicolly Pantoja - Fucked Around And Got A Black Cock In Her Ass}
_mg_8420.jpg,606247,d4bcb49a,\Exclusive\20180921 - Nicolly Pantoja - Fucked Around And Got A Black Cock In Her Ass\,{DT16~Excl~ME0PN9EB~20180921 - Nicolly Pantoja - Fucked Around And Got A Black Cock In Her Ass}
_mg_8421.jpg,605194,82480d0c,\Exclusive\20180921 - Nicolly Pantoja - Fucked Around And Got A Black Cock In Her Ass\,{DT16~Excl~ME0PN9EB~20180921 - Nicolly Pantoja - Fucked Around And Got A Black Cock In Her Ass}
_mg_8422.jpg,645979,ca5b9433,\Exclusive\20180921 - Nicolly Pantoja - Fucked Around And Got A Black Cock In Her Ass\,{DT16~Excl~ME0PN9EB~20180921 - Nicolly Pantoja - Fucked Around And Got A Black Cock In Her Ass}
_mg_8423.jpg,627950,bdfba7b0,\Exclusive\20180921 - Nicolly Pantoja - Fucked Around And Got A Black Cock In Her Ass\,{DT16~Excl~ME0PN9EB~20180921 - Nicolly Pantoja - Fucked Around And Got A Black Cock In Her Ass}
_mg_8424.jpg,584245,62f0ef59,\Exclusive\20180921 - Nicolly Pantoja - Fucked Around And Got A Black Cock In Her Ass\,{DT16~Excl~ME0PN9EB~20180921 - Nicolly Pantoja - Fucked Around And Got A Black Cock In Her Ass}
_mg_8425.jpg,551081,255a2b20,\Exclusive\20180921 - Nicolly Pantoja - Fucked Around And Got A Black Cock In Her Ass\,{DT16~Excl~ME0PN9EB~20180921 - Nicolly Pantoja - Fucked Around And Got A Black Cock In Her Ass}
_mg_8426.jpg,590181,a18c11ca,\Exclusive\20180921 - Nicolly Pantoja - Fucked Around And Got A Black Cock In Her Ass\,{DT16~Excl~ME0PN9EB~20180921 - Nicolly Pantoja - Fucked Around And Got A Black Cock In Her Ass}
_mg_8427.jpg,596211,6315348b,\Exclusive\20180921 - Nicolly Pantoja - Fucked Around And Got A Black Cock In Her Ass\,{DT16~Excl~ME0PN9EB~20180921 - Nicolly Pantoja - Fucked Around And Got A Black Cock In Her Ass}
_mg_8428.jpg,629259,36d666a6,\Exclusive\20180921 - Nicolly Pantoja - Fucked Around And Got A Black Cock In Her Ass\,{DT16~Excl~ME0PN9EB~20180921 - Nicolly Pantoja - Fucked Around And Got A Black Cock In Her Ass}
_mg_8429.jpg,583443,cbd0def6,\Exclusive\20180921 - Nicolly Pantoja - Fucked Around And Got A Black Cock In Her Ass\,{DT16~Excl~ME0PN9EB~20180921 - Nicolly Pantoja - Fucked Around And Got A Black Cock In Her Ass}
_mg_8431.jpg,628735,8d38e354,\Exclusive\20180921 - Nicolly Pantoja - Fucked Around And Got A Black Cock In Her Ass\,{DT16~Excl~ME0PN9EB~20180921 - Nicolly Pantoja - Fucked Around And Got A Black Cock In Her Ass}
_mg_8432.jpg,622308,d00983f1,\Exclusive\20180921 - Nicolly Pantoja - Fucked Around And Got A Black Cock In Her Ass\,{DT16~Excl~ME0PN9EB~20180921 - Nicolly Pantoja - Fucked Around And Got A Black Cock In Her Ass}
_mg_8433.jpg,657671,7e102ffc,\Exclusive\20180921 - Nicolly Pantoja - Fucked Around And Got A Black Cock In Her Ass\,{DT16~Excl~ME0PN9EB~20180921 - Nicolly Pantoja - Fucked Around And Got A Black Cock In Her Ass}
_mg_8434.jpg,593533,682dd80c,\Exclusive\20180921 - Nicolly Pantoja - Fucked Around And Got A Black Cock In Her Ass\,{DT16~Excl~ME0PN9EB~20180921 - Nicolly Pantoja - Fucked Around And Got A Black Cock In Her Ass}
_mg_8435.jpg,694432,d721fdf3,\Exclusive\20180921 - Nicolly Pantoja - Fucked Around And Got A Black Cock In Her Ass\,{DT16~Excl~ME0PN9EB~20180921 - Nicolly Pantoja - Fucked Around And Got A Black Cock In Her Ass}
_mg_8437.jpg,555271,4b428c0f,\Exclusive\20180921 - Nicolly Pantoja - Fucked Around And Got A Black Cock In Her Ass\,{DT16~Excl~ME0PN9EB~20180921 - Nicolly Pantoja - Fucked Around And Got A Black Cock In Her Ass}
_mg_8438.jpg,657779,f69005aa,\Exclusive\20180921 - Nicolly Pantoja - Fucked Around And Got A Black Cock In Her Ass\,{DT16~Excl~ME0PN9EB~20180921 - Nicolly Pantoja - Fucked Around And Got A Black Cock In Her Ass}
_mg_8439.jpg,565597,1059a585,\Exclusive\20180921 - Nicolly Pantoja - Fucked Around And Got A Black Cock In Her Ass\,{DT16~Excl~ME0PN9EB~20180921 - Nicolly Pantoja - Fucked Around And Got A Black Cock In Her Ass}
_mg_8440.jpg,616373,f39145bd,\Exclusive\20180921 - Nicolly Pantoja - Fucked Around And Got A Black Cock In Her Ass\,{DT16~Excl~ME0PN9EB~20180921 - Nicolly Pantoja - Fucked Around And Got A Black Cock In Her Ass}
_mg_8441.jpg,618213,c405da41,\Exclusive\20180921 - Nicolly Pantoja - Fucked Around And Got A Black Cock In Her Ass\,{DT16~Excl~ME0PN9EB~20180921 - Nicolly Pantoja - Fucked Around And Got A Black Cock In Her Ass}
_mg_8442.jpg,623132,fc9f8355,\Exclusive\20180921 - Nicolly Pantoja - Fucked Around And Got A Black Cock In Her Ass\,{DT16~Excl~ME0PN9EB~20180921 - Nicolly Pantoja - Fucked Around And Got A Black Cock In Her Ass}
_mg_8443.jpg,722804,051527a9,\Exclusive\20180921 - Nicolly Pantoja - Fucked Around And Got A Black Cock In Her Ass\,{DT16~Excl~ME0PN9EB~20180921 - Nicolly Pantoja - Fucked Around And Got A Black Cock In Her Ass}
_mg_8444.jpg,676025,71209ffd,\Exclusive\20180921 - Nicolly Pantoja - Fucked Around And Got A Black Cock In Her Ass\,{DT16~Excl~ME0PN9EB~20180921 - Nicolly Pantoja - Fucked Around And Got A Black Cock In Her Ass}
_mg_8445.jpg,721469,f4b528d2,\Exclusive\20180921 - Nicolly Pantoja - Fucked Around And Got A Black Cock In Her Ass\,{DT16~Excl~ME0PN9EB~20180921 - Nicolly Pantoja - Fucked Around And Got A Black Cock In Her Ass}
_mg_8446.jpg,592400,20820803,\Exclusive\20180921 - Nicolly Pantoja - Fucked Around And Got A Black Cock In Her Ass\,{DT16~Excl~ME0PN9EB~20180921 - Nicolly Pantoja - Fucked Around And Got A Black Cock In Her Ass}
_mg_8447.jpg,603318,63a19485,\Exclusive\20180921 - Nicolly Pantoja - Fucked Around And Got A Black Cock In Her Ass\,{DT16~Excl~ME0PN9EB~20180921 - Nicolly Pantoja - Fucked Around And Got A Black Cock In Her Ass}
_mg_8449.jpg,624643,8270a139,\Exclusive\20180921 - Nicolly Pantoja - Fucked Around And Got A Black Cock In Her Ass\,{DT16~Excl~ME0PN9EB~20180921 - Nicolly Pantoja - Fucked Around And Got A Black Cock In Her Ass}
_mg_8450.jpg,640825,2b01ea89,\Exclusive\20180921 - Nicolly Pantoja - Fucked Around And Got A Black Cock In Her Ass\,{DT16~Excl~ME0PN9EB~20180921 - Nicolly Pantoja - Fucked Around And Got A Black Cock In Her Ass}
_mg_8451.jpg,657638,fddc4dbc,\Exclusive\20180921 - Nicolly Pantoja - Fucked Around And Got A Black Cock In Her Ass\,{DT16~Excl~ME0PN9EB~20180921 - Nicolly Pantoja - Fucked Around And Got A Black Cock In Her Ass}
_mg_8452.jpg,577882,b2234c0e,\Exclusive\20180921 - Nicolly Pantoja - Fucked Around And Got A Black Cock In Her Ass\,{DT16~Excl~ME0PN9EB~20180921 - Nicolly Pantoja - Fucked Around And Got A Black Cock In Her Ass}
_mg_8453.jpg,624217,33bacf57,\Exclusive\20180921 - Nicolly Pantoja - Fucked Around And Got A Black Cock In Her Ass\,{DT16~Excl~ME0PN9EB~20180921 - Nicolly Pantoja - Fucked Around And Got A Black Cock In Her Ass}
_mg_8454.jpg,655869,716459cb,\Exclusive\20180921 - Nicolly Pantoja - Fucked Around And Got A Black Cock In Her Ass\,{DT16~Excl~ME0PN9EB~20180921 - Nicolly Pantoja - Fucked Around And Got A Black Cock In Her Ass}
_mg_8456.jpg,622035,e3c1d846,\Exclusive\20180921 - Nicolly Pantoja - Fucked Around And Got A Black Cock In Her Ass\,{DT16~Excl~ME0PN9EB~20180921 - Nicolly Pantoja - Fucked Around And Got A Black Cock In Her Ass}
_mg_8457.jpg,610066,3889a4cc,\Exclusive\20180921 - Nicolly Pantoja - Fucked Around And Got A Black Cock In Her Ass\,{DT16~Excl~ME0PN9EB~20180921 - Nicolly Pantoja - Fucked Around And Got A Black Cock In Her Ass}
_mg_8458.jpg,757789,4e45f83a,\Exclusive\20180921 - Nicolly Pantoja - Fucked Around And Got A Black Cock In Her Ass\,{DT16~Excl~ME0PN9EB~20180921 - Nicolly Pantoja - Fucked Around And Got A Black Cock In Her Ass}
_mg_8459.jpg,698715,d3181f2a,\Exclusive\20180921 - Nicolly Pantoja - Fucked Around And Got A Black Cock In Her Ass\,{DT16~Excl~ME0PN9EB~20180921 - Nicolly Pantoja - Fucked Around And Got A Black Cock In Her Ass}
_mg_8460.jpg,674571,2e715b38,\Exclusive\20180921 - Nicolly Pantoja - Fucked Around And Got A Black Cock In Her Ass\,{DT16~Excl~ME0PN9EB~20180921 - Nicolly Pantoja - Fucked Around And Got A Black Cock In Her Ass}
_mg_8461.jpg,700762,9fc8d103,\Exclusive\20180921 - Nicolly Pantoja - Fucked Around And Got A Black Cock In Her Ass\,{DT16~Excl~ME0PN9EB~20180921 - Nicolly Pantoja - Fucked Around And Got A Black Cock In Her Ass}
_mg_8462.jpg,638258,9a9e0dc6,\Exclusive\20180921 - Nicolly Pantoja - Fucked Around And Got A Black Cock In Her Ass\,{DT16~Excl~ME0PN9EB~20180921 - Nicolly Pantoja - Fucked Around And Got A Black Cock In Her Ass}
_mg_8464.jpg,585135,2460707b,\Exclusive\20180921 - Nicolly Pantoja - Fucked Around And Got A Black Cock In Her Ass\,{DT16~Excl~ME0PN9EB~20180921 - Nicolly Pantoja - Fucked Around And Got A Black Cock In Her Ass}
_mg_8465.jpg,671669,3f068e01,\Exclusive\20180921 - Nicolly Pantoja - Fucked Around And Got A Black Cock In Her Ass\,{DT16~Excl~ME0PN9EB~20180921 - Nicolly Pantoja - Fucked Around And Got A Black Cock In Her Ass}
_mg_8466.jpg,786386,070c3126,\Exclusive\20180921 - Nicolly Pantoja - Fucked Around And Got A Black Cock In Her Ass\,{DT16~Excl~ME0PN9EB~20180921 - Nicolly Pantoja - Fucked Around And Got A Black Cock In Her Ass}
_mg_8467.jpg,613956,be53b1dd,\Exclusive\20180921 - Nicolly Pantoja - Fucked Around And Got A Black Cock In Her Ass\,{DT16~Excl~ME0PN9EB~20180921 - Nicolly Pantoja - Fucked Around And Got A Black Cock In Her Ass}
_mg_8468.jpg,626296,bb6e8f34,\Exclusive\20180921 - Nicolly Pantoja - Fucked Around And Got A Black Cock In Her Ass\,{DT16~Excl~ME0PN9EB~20180921 - Nicolly Pantoja - Fucked Around And Got A Black Cock In Her Ass}
_mg_8469.jpg,636545,9c66e6a7,\Exclusive\20180921 - Nicolly Pantoja - Fucked Around And Got A Black Cock In Her Ass\,{DT16~Excl~ME0PN9EB~20180921 - Nicolly Pantoja - Fucked Around And Got A Black Cock In Her Ass}
_mg_8470.jpg,554689,61fbd743,\Exclusive\20180921 - Nicolly Pantoja - Fucked Around And Got A Black Cock In Her Ass\,{DT16~Excl~ME0PN9EB~20180921 - Nicolly Pantoja - Fucked Around And Got A Black Cock In Her Ass}
_mg_8471.jpg,585388,73ad85ac,\Exclusive\20180921 - Nicolly Pantoja - Fucked Around And Got A Black Cock In Her Ass\,{DT16~Excl~ME0PN9EB~20180921 - Nicolly Pantoja - Fucked Around And Got A Black Cock In Her Ass}
_mg_8472.jpg,468686,c698d2ca,\Exclusive\20180921 - Nicolly Pantoja - Fucked Around And Got A Black Cock In Her Ass\,{DT16~Excl~ME0PN9EB~20180921 - Nicolly Pantoja - Fucked Around And Got A Black Cock In Her Ass}
_mg_8473.jpg,518886,30866220,\Exclusive\20180921 - Nicolly Pantoja - Fucked Around And Got A Black Cock In Her Ass\,{DT16~Excl~ME0PN9EB~20180921 - Nicolly Pantoja - Fucked Around And Got A Black Cock In Her Ass}
_mg_8474.jpg,546630,03701b85,\Exclusive\20180921 - Nicolly Pantoja - Fucked Around And Got A Black Cock In Her Ass\,{DT16~Excl~ME0PN9EB~20180921 - Nicolly Pantoja - Fucked Around And Got A Black Cock In Her Ass}
_mg_8475.jpg,618424,61d14b3f,\Exclusive\20180921 - Nicolly Pantoja - Fucked Around And Got A Black Cock In Her Ass\,{DT16~Excl~ME0PN9EB~20180921 - Nicolly Pantoja - Fucked Around And Got A Black Cock In Her Ass}
_mg_8476.jpg,645936,9211134a,\Exclusive\20180921 - Nicolly Pantoja - Fucked Around And Got A Black Cock In Her Ass\,{DT16~Excl~ME0PN9EB~20180921 - Nicolly Pantoja - Fucked Around And Got A Black Cock In Her Ass}
_mg_8477.jpg,652252,724437ac,\Exclusive\20180921 - Nicolly Pantoja - Fucked Around And Got A Black Cock In Her Ass\,{DT16~Excl~ME0PN9EB~20180921 - Nicolly Pantoja - Fucked Around And Got A Black Cock In Her Ass}
_mg_8478.jpg,645495,5d734940,\Exclusive\20180921 - Nicolly Pantoja - Fucked Around And Got A Black Cock In Her Ass\,{DT16~Excl~ME0PN9EB~20180921 - Nicolly Pantoja - Fucked Around And Got A Black Cock In Her Ass}
_mg_8479.jpg,612046,e5fe92d5,\Exclusive\20180921 - Nicolly Pantoja - Fucked Around And Got A Black Cock In Her Ass\,{DT16~Excl~ME0PN9EB~20180921 - Nicolly Pantoja - Fucked Around And Got A Black Cock In Her Ass}
_mg_8480.jpg,606619,9ae379d2,\Exclusive\20180921 - Nicolly Pantoja - Fucked Around And Got A Black Cock In Her Ass\,{DT16~Excl~ME0PN9EB~20180921 - Nicolly Pantoja - Fucked Around And Got A Black Cock In Her Ass}
_mg_8481.jpg,640091,d856a36c,\Exclusive\20180921 - Nicolly Pantoja - Fucked Around And Got A Black Cock In Her Ass\,{DT16~Excl~ME0PN9EB~20180921 - Nicolly Pantoja - Fucked Around And Got A Black Cock In Her Ass}
_mg_8482.jpg,578215,f553c607,\Exclusive\20180921 - Nicolly Pantoja - Fucked Around And Got A Black Cock In Her Ass\,{DT16~Excl~ME0PN9EB~20180921 - Nicolly Pantoja - Fucked Around And Got A Black Cock In Her Ass}
_mg_8483.jpg,643910,64fc6650,\Exclusive\20180921 - Nicolly Pantoja - Fucked Around And Got A Black Cock In Her Ass\,{DT16~Excl~ME0PN9EB~20180921 - Nicolly Pantoja - Fucked Around And Got A Black Cock In Her Ass}
_mg_8484.jpg,579112,a6387c64,\Exclusive\20180921 - Nicolly Pantoja - Fucked Around And Got A Black Cock In Her Ass\,{DT16~Excl~ME0PN9EB~20180921 - Nicolly Pantoja - Fucked Around And Got A Black Cock In Her Ass}
_mg_8485.jpg,630612,4e248d70,\Exclusive\20180921 - Nicolly Pantoja - Fucked Around And Got A Black Cock In Her Ass\,{DT16~Excl~ME0PN9EB~20180921 - Nicolly Pantoja - Fucked Around And Got A Black Cock In Her Ass}
_mg_8486.jpg,590549,67ae0809,\Exclusive\20180921 - Nicolly Pantoja - Fucked Around And Got A Black Cock In Her Ass\,{DT16~Excl~ME0PN9EB~20180921 - Nicolly Pantoja - Fucked Around And Got A Black Cock In Her Ass}
_mg_8487.jpg,668385,6720ed87,\Exclusive\20180921 - Nicolly Pantoja - Fucked Around And Got A Black Cock In Her Ass\,{DT16~Excl~ME0PN9EB~20180921 - Nicolly Pantoja - Fucked Around And Got A Black Cock In Her Ass}
_mg_8488.jpg,505795,85f8e3b5,\Exclusive\20180921 - Nicolly Pantoja - Fucked Around And Got A Black Cock In Her Ass\,{DT16~Excl~ME0PN9EB~20180921 - Nicolly Pantoja - Fucked Around And Got A Black Cock In Her Ass}
_mg_8489.jpg,513074,223ff19f,\Exclusive\20180921 - Nicolly Pantoja - Fucked Around And Got A Black Cock In Her Ass\,{DT16~Excl~ME0PN9EB~20180921 - Nicolly Pantoja - Fucked Around And Got A Black Cock In Her Ass}
_mg_8490.jpg,502879,dce9c573,\Exclusive\20180921 - Nicolly Pantoja - Fucked Around And Got A Black Cock In Her Ass\,{DT16~Excl~ME0PN9EB~20180921 - Nicolly Pantoja - Fucked Around And Got A Black Cock In Her Ass}
_mg_8491.jpg,592696,83629d3f,\Exclusive\20180921 - Nicolly Pantoja - Fucked Around And Got A Black Cock In Her Ass\,{DT16~Excl~ME0PN9EB~20180921 - Nicolly Pantoja - Fucked Around And Got A Black Cock In Her Ass}
_mg_8492.jpg,582156,21beadc3,\Exclusive\20180921 - Nicolly Pantoja - Fucked Around And Got A Black Cock In Her Ass\,{DT16~Excl~ME0PN9EB~20180921 - Nicolly Pantoja - Fucked Around And Got A Black Cock In Her Ass}
_mg_8493.jpg,599412,dc28df01,\Exclusive\20180921 - Nicolly Pantoja - Fucked Around And Got A Black Cock In Her Ass\,{DT16~Excl~ME0PN9EB~20180921 - Nicolly Pantoja - Fucked Around And Got A Black Cock In Her Ass}
_mg_8494.jpg,601005,1fd48d0e,\Exclusive\20180921 - Nicolly Pantoja - Fucked Around And Got A Black Cock In Her Ass\,{DT16~Excl~ME0PN9EB~20180921 - Nicolly Pantoja - Fucked Around And Got A Black Cock In Her Ass}
_mg_8495.jpg,648783,70d55400,\Exclusive\20180921 - Nicolly Pantoja - Fucked Around And Got A Black Cock In Her Ass\,{DT16~Excl~ME0PN9EB~20180921 - Nicolly Pantoja - Fucked Around And Got A Black Cock In Her Ass}
_mg_8496.jpg,675805,011102aa,\Exclusive\20180921 - Nicolly Pantoja - Fucked Around And Got A Black Cock In Her Ass\,{DT16~Excl~ME0PN9EB~20180921 - Nicolly Pantoja - Fucked Around And Got A Black Cock In Her Ass}
_mg_8497.jpg,651803,23122d19,\Exclusive\20180921 - Nicolly Pantoja - Fucked Around And Got A Black Cock In Her Ass\,{DT16~Excl~ME0PN9EB~20180921 - Nicolly Pantoja - Fucked Around And Got A Black Cock In Her Ass}
_mg_8498.jpg,643537,410372fa,\Exclusive\20180921 - Nicolly Pantoja - Fucked Around And Got A Black Cock In Her Ass\,{DT16~Excl~ME0PN9EB~20180921 - Nicolly Pantoja - Fucked Around And Got A Black Cock In Her Ass}
_mg_8499.jpg,757837,cd242a7b,\Exclusive\20180921 - Nicolly Pantoja - Fucked Around And Got A Black Cock In Her Ass\,{DT16~Excl~ME0PN9EB~20180921 - Nicolly Pantoja - Fucked Around And Got A Black Cock In Her Ass}
_mg_8500.jpg,666418,8b427ff8,\Exclusive\20180921 - Nicolly Pantoja - Fucked Around And Got A Black Cock In Her Ass\,{DT16~Excl~ME0PN9EB~20180921 - Nicolly Pantoja - Fucked Around And Got A Black Cock In Her Ass}
_mg_8501.jpg,597380,12af309b,\Exclusive\20180921 - Nicolly Pantoja - Fucked Around And Got A Black Cock In Her Ass\,{DT16~Excl~ME0PN9EB~20180921 - Nicolly Pantoja - Fucked Around And Got A Black Cock In Her Ass}
_mg_8504.jpg,628728,1cb49377,\Exclusive\20180921 - Nicolly Pantoja - Fucked Around And Got A Black Cock In Her Ass\,{DT16~Excl~ME0PN9EB~20180921 - Nicolly Pantoja - Fucked Around And Got A Black Cock In Her Ass}
_mg_8505.jpg,628796,117fc473,\Exclusive\20180921 - Nicolly Pantoja - Fucked Around And Got A Black Cock In Her Ass\,{DT16~Excl~ME0PN9EB~20180921 - Nicolly Pantoja - Fucked Around And Got A Black Cock In Her Ass}
_mg_8506.jpg,568794,8e06cfe0,\Exclusive\20180921 - Nicolly Pantoja - Fucked Around And Got A Black Cock In Her Ass\,{DT16~Excl~ME0PN9EB~20180921 - Nicolly Pantoja - Fucked Around And Got A Black Cock In Her Ass}
_mg_8507.jpg,680463,949de72a,\Exclusive\20180921 - Nicolly Pantoja - Fucked Around And Got A Black Cock In Her Ass\,{DT16~Excl~ME0PN9EB~20180921 - Nicolly Pantoja - Fucked Around And Got A Black Cock In Her Ass}
_mg_8508.jpg,576982,efa750a7,\Exclusive\20180921 - Nicolly Pantoja - Fucked Around And Got A Black Cock In Her Ass\,{DT16~Excl~ME0PN9EB~20180921 - Nicolly Pantoja - Fucked Around And Got A Black Cock In Her Ass}
_mg_0048.jpg,823130,cb7e61d5,\Exclusive\20180925 - Bianca Reis - Maturbating With A Fat Dick\,{DT16~Excl~ME0PNEON~20180925 - Bianca Reis - Maturbating With A Fat Dick}
_mg_0050.jpg,835770,b29ca159,\Exclusive\20180925 - Bianca Reis - Maturbating With A Fat Dick\,{DT16~Excl~ME0PNEON~20180925 - Bianca Reis - Maturbating With A Fat Dick}
_mg_0051.jpg,821436,50202385,\Exclusive\20180925 - Bianca Reis - Maturbating With A Fat Dick\,{DT16~Excl~ME0PNEON~20180925 - Bianca Reis - Maturbating With A Fat Dick}
_mg_0052.jpg,842738,cc5eea57,\Exclusive\20180925 - Bianca Reis - Maturbating With A Fat Dick\,{DT16~Excl~ME0PNEON~20180925 - Bianca Reis - Maturbating With A Fat Dick}
_mg_0053.jpg,941030,e6af7ed7,\Exclusive\20180925 - Bianca Reis - Maturbating With A Fat Dick\,{DT16~Excl~ME0PNEON~20180925 - Bianca Reis - Maturbating With A Fat Dick}
_mg_0054.jpg,841821,a6492fd9,\Exclusive\20180925 - Bianca Reis - Maturbating With A Fat Dick\,{DT16~Excl~ME0PNEON~20180925 - Bianca Reis - Maturbating With A Fat Dick}
_mg_0055.jpg,832891,48ce8669,\Exclusive\20180925 - Bianca Reis - Maturbating With A Fat Dick\,{DT16~Excl~ME0PNEON~20180925 - Bianca Reis - Maturbating With A Fat Dick}
_mg_0056.jpg,825555,31fa9119,\Exclusive\20180925 - Bianca Reis - Maturbating With A Fat Dick\,{DT16~Excl~ME0PNEON~20180925 - Bianca Reis - Maturbating With A Fat Dick}
_mg_0057.jpg,811365,2e78ed44,\Exclusive\20180925 - Bianca Reis - Maturbating With A Fat Dick\,{DT16~Excl~ME0PNEON~20180925 - Bianca Reis - Maturbating With A Fat Dick}
_mg_0058.jpg,934732,71f9f4bf,\Exclusive\20180925 - Bianca Reis - Maturbating With A Fat Dick\,{DT16~Excl~ME0PNEON~20180925 - Bianca Reis - Maturbating With A Fat Dick}
_mg_0059.jpg,1054877,3a8e9ef0,\Exclusive\20180925 - Bianca Reis - Maturbating With A Fat Dick\,{DT16~Excl~ME0PNEON~20180925 - Bianca Reis - Maturbating With A Fat Dick}
_mg_0060.jpg,1019243,d51ff407,\Exclusive\20180925 - Bianca Reis - Maturbating With A Fat Dick\,{DT16~Excl~ME0PNEON~20180925 - Bianca Reis - Maturbating With A Fat Dick}
_mg_0061.jpg,971402,d329a571,\Exclusive\20180925 - Bianca Reis - Maturbating With A Fat Dick\,{DT16~Excl~ME0PNEON~20180925 - Bianca Reis - Maturbating With A Fat Dick}
_mg_0062.jpg,1040322,02fac4e3,\Exclusive\20180925 - Bianca Reis - Maturbating With A Fat Dick\,{DT16~Excl~ME0PNEON~20180925 - Bianca Reis - Maturbating With A Fat Dick}
_mg_0064.jpg,1121365,e01831e8,\Exclusive\20180925 - Bianca Reis - Maturbating With A Fat Dick\,{DT16~Excl~ME0PNEON~20180925 - Bianca Reis - Maturbating With A Fat Dick}
_mg_0065.jpg,1090205,2a8a90c1,\Exclusive\20180925 - Bianca Reis - Maturbating With A Fat Dick\,{DT16~Excl~ME0PNEON~20180925 - Bianca Reis - Maturbating With A Fat Dick}
_mg_0066.jpg,1046180,acdfedf1,\Exclusive\20180925 - Bianca Reis - Maturbating With A Fat Dick\,{DT16~Excl~ME0PNEON~20180925 - Bianca Reis - Maturbating With A Fat Dick}
_mg_0067.jpg,1063775,12d5b833,\Exclusive\20180925 - Bianca Reis - Maturbating With A Fat Dick\,{DT16~Excl~ME0PNEON~20180925 - Bianca Reis - Maturbating With A Fat Dick}
_mg_0068.jpg,1035091,88161cd8,\Exclusive\20180925 - Bianca Reis - Maturbating With A Fat Dick\,{DT16~Excl~ME0PNEON~20180925 - Bianca Reis - Maturbating With A Fat Dick}
_mg_0069.jpg,1032539,a95fe741,\Exclusive\20180925 - Bianca Reis - Maturbating With A Fat Dick\,{DT16~Excl~ME0PNEON~20180925 - Bianca Reis - Maturbating With A Fat Dick}
_mg_0070.jpg,1058481,d2085123,\Exclusive\20180925 - Bianca Reis - Maturbating With A Fat Dick\,{DT16~Excl~ME0PNEON~20180925 - Bianca Reis - Maturbating With A Fat Dick}
_mg_0071.jpg,1023026,38af03de,\Exclusive\20180925 - Bianca Reis - Maturbating With A Fat Dick\,{DT16~Excl~ME0PNEON~20180925 - Bianca Reis - Maturbating With A Fat Dick}
_mg_0072.jpg,1035420,701d0c74,\Exclusive\20180925 - Bianca Reis - Maturbating With A Fat Dick\,{DT16~Excl~ME0PNEON~20180925 - Bianca Reis - Maturbating With A Fat Dick}
_mg_0073.jpg,738844,e2fee390,\Exclusive\20180925 - Bianca Reis - Maturbating With A Fat Dick\,{DT16~Excl~ME0PNEON~20180925 - Bianca Reis - Maturbating With A Fat Dick}
_mg_0074.jpg,740979,5ac57036,\Exclusive\20180925 - Bianca Reis - Maturbating With A Fat Dick\,{DT16~Excl~ME0PNEON~20180925 - Bianca Reis - Maturbating With A Fat Dick}
_mg_0075.jpg,981275,de1ab0f2,\Exclusive\20180925 - Bianca Reis - Maturbating With A Fat Dick\,{DT16~Excl~ME0PNEON~20180925 - Bianca Reis - Maturbating With A Fat Dick}
_mg_0076.jpg,1054906,ad299e2a,\Exclusive\20180925 - Bianca Reis - Maturbating With A Fat Dick\,{DT16~Excl~ME0PNEON~20180925 - Bianca Reis - Maturbating With A Fat Dick}
_mg_0077.jpg,1091491,fb0dffdc,\Exclusive\20180925 - Bianca Reis - Maturbating With A Fat Dick\,{DT16~Excl~ME0PNEON~20180925 - Bianca Reis - Maturbating With A Fat Dick}
_mg_0078.jpg,1037426,20df66fd,\Exclusive\20180925 - Bianca Reis - Maturbating With A Fat Dick\,{DT16~Excl~ME0PNEON~20180925 - Bianca Reis - Maturbating With A Fat Dick}
_mg_0079.jpg,788456,be7fc0db,\Exclusive\20180925 - Bianca Reis - Maturbating With A Fat Dick\,{DT16~Excl~ME0PNEON~20180925 - Bianca Reis - Maturbating With A Fat Dick}
_mg_0080.jpg,1019297,298bb741,\Exclusive\20180925 - Bianca Reis - Maturbating With A Fat Dick\,{DT16~Excl~ME0PNEON~20180925 - Bianca Reis - Maturbating With A Fat Dick}
_mg_0081.jpg,1085043,d1cd8ed9,\Exclusive\20180925 - Bianca Reis - Maturbating With A Fat Dick\,{DT16~Excl~ME0PNEON~20180925 - Bianca Reis - Maturbating With A Fat Dick}
_mg_0082.jpg,1037432,1c415329,\Exclusive\20180925 - Bianca Reis - Maturbating With A Fat Dick\,{DT16~Excl~ME0PNEON~20180925 - Bianca Reis - Maturbating With A Fat Dick}
_mg_0084.jpg,1090803,6aecbbc7,\Exclusive\20180925 - Bianca Reis - Maturbating With A Fat Dick\,{DT16~Excl~ME0PNEON~20180925 - Bianca Reis - Maturbating With A Fat Dick}
_mg_0085.jpg,1079022,1c64f018,\Exclusive\20180925 - Bianca Reis - Maturbating With A Fat Dick\,{DT16~Excl~ME0PNEON~20180925 - Bianca Reis - Maturbating With A Fat Dick}
_mg_0086.jpg,1031896,fce81e4c,\Exclusive\20180925 - Bianca Reis - Maturbating With A Fat Dick\,{DT16~Excl~ME0PNEON~20180925 - Bianca Reis - Maturbating With A Fat Dick}
_mg_0088.jpg,590237,2ce8e3d7,\Exclusive\20180925 - Bianca Reis - Maturbating With A Fat Dick\,{DT16~Excl~ME0PNEON~20180925 - Bianca Reis - Maturbating With A Fat Dick}
_mg_0089.jpg,1166981,4ebe2964,\Exclusive\20180925 - Bianca Reis - Maturbating With A Fat Dick\,{DT16~Excl~ME0PNEON~20180925 - Bianca Reis - Maturbating With A Fat Dick}
_mg_0090.jpg,1124258,ddd65c23,\Exclusive\20180925 - Bianca Reis - Maturbating With A Fat Dick\,{DT16~Excl~ME0PNEON~20180925 - Bianca Reis - Maturbating With A Fat Dick}
_mg_0092.jpg,880703,30d6ebe5,\Exclusive\20180925 - Bianca Reis - Maturbating With A Fat Dick\,{DT16~Excl~ME0PNEON~20180925 - Bianca Reis - Maturbating With A Fat Dick}
_mg_0093.jpg,852322,424454aa,\Exclusive\20180925 - Bianca Reis - Maturbating With A Fat Dick\,{DT16~Excl~ME0PNEON~20180925 - Bianca Reis - Maturbating With A Fat Dick}
_mg_0094.jpg,864596,e0c8e34b,\Exclusive\20180925 - Bianca Reis - Maturbating With A Fat Dick\,{DT16~Excl~ME0PNEON~20180925 - Bianca Reis - Maturbating With A Fat Dick}
_mg_0095.jpg,824115,786f34a5,\Exclusive\20180925 - Bianca Reis - Maturbating With A Fat Dick\,{DT16~Excl~ME0PNEON~20180925 - Bianca Reis - Maturbating With A Fat Dick}
_mg_0097.jpg,750652,6f55f9c6,\Exclusive\20180925 - Bianca Reis - Maturbating With A Fat Dick\,{DT16~Excl~ME0PNEON~20180925 - Bianca Reis - Maturbating With A Fat Dick}
_mg_0098.jpg,775739,58840b42,\Exclusive\20180925 - Bianca Reis - Maturbating With A Fat Dick\,{DT16~Excl~ME0PNEON~20180925 - Bianca Reis - Maturbating With A Fat Dick}
_mg_0101.jpg,743242,dbaa863d,\Exclusive\20180925 - Bianca Reis - Maturbating With A Fat Dick\,{DT16~Excl~ME0PNEON~20180925 - Bianca Reis - Maturbating With A Fat Dick}
_mg_0102.jpg,728983,5b086e10,\Exclusive\20180925 - Bianca Reis - Maturbating With A Fat Dick\,{DT16~Excl~ME0PNEON~20180925 - Bianca Reis - Maturbating With A Fat Dick}
_mg_0104.jpg,944708,c157a5a6,\Exclusive\20180925 - Bianca Reis - Maturbating With A Fat Dick\,{DT16~Excl~ME0PNEON~20180925 - Bianca Reis - Maturbating With A Fat Dick}
_mg_0105.jpg,943905,a5b2a7ac,\Exclusive\20180925 - Bianca Reis - Maturbating With A Fat Dick\,{DT16~Excl~ME0PNEON~20180925 - Bianca Reis - Maturbating With A Fat Dick}
_mg_0106.jpg,1017737,b4ff61f9,\Exclusive\20180925 - Bianca Reis - Maturbating With A Fat Dick\,{DT16~Excl~ME0PNEON~20180925 - Bianca Reis - Maturbating With A Fat Dick}
_mg_0107.jpg,842280,4924919f,\Exclusive\20180925 - Bianca Reis - Maturbating With A Fat Dick\,{DT16~Excl~ME0PNEON~20180925 - Bianca Reis - Maturbating With A Fat Dick}
_mg_0109.jpg,827776,663155eb,\Exclusive\20180925 - Bianca Reis - Maturbating With A Fat Dick\,{DT16~Excl~ME0PNEON~20180925 - Bianca Reis - Maturbating With A Fat Dick}
_mg_0110.jpg,851243,0dd9407d,\Exclusive\20180925 - Bianca Reis - Maturbating With A Fat Dick\,{DT16~Excl~ME0PNEON~20180925 - Bianca Reis - Maturbating With A Fat Dick}
_mg_0111.jpg,772914,5c535776,\Exclusive\20180925 - Bianca Reis - Maturbating With A Fat Dick\,{DT16~Excl~ME0PNEON~20180925 - Bianca Reis - Maturbating With A Fat Dick}
_mg_0112.jpg,759208,d16d15d1,\Exclusive\20180925 - Bianca Reis - Maturbating With A Fat Dick\,{DT16~Excl~ME0PNEON~20180925 - Bianca Reis - Maturbating With A Fat Dick}
_mg_0113.jpg,780904,132ce3c1,\Exclusive\20180925 - Bianca Reis - Maturbating With A Fat Dick\,{DT16~Excl~ME0PNEON~20180925 - Bianca Reis - Maturbating With A Fat Dick}
_mg_0114.jpg,787412,281685c4,\Exclusive\20180925 - Bianca Reis - Maturbating With A Fat Dick\,{DT16~Excl~ME0PNEON~20180925 - Bianca Reis - Maturbating With A Fat Dick}
_mg_0115.jpg,994364,d17521f6,\Exclusive\20180925 - Bianca Reis - Maturbating With A Fat Dick\,{DT16~Excl~ME0PNEON~20180925 - Bianca Reis - Maturbating With A Fat Dick}
_mg_0116.jpg,995948,83637ad4,\Exclusive\20180925 - Bianca Reis - Maturbating With A Fat Dick\,{DT16~Excl~ME0PNEON~20180925 - Bianca Reis - Maturbating With A Fat Dick}
_mg_0117.jpg,937994,525f62d2,\Exclusive\20180925 - Bianca Reis - Maturbating With A Fat Dick\,{DT16~Excl~ME0PNEON~20180925 - Bianca Reis - Maturbating With A Fat Dick}
_mg_0118.jpg,990123,7b590bcb,\Exclusive\20180925 - Bianca Reis - Maturbating With A Fat Dick\,{DT16~Excl~ME0PNEON~20180925 - Bianca Reis - Maturbating With A Fat Dick}
_mg_0119.jpg,981450,87d3cec6,\Exclusive\20180925 - Bianca Reis - Maturbating With A Fat Dick\,{DT16~Excl~ME0PNEON~20180925 - Bianca Reis - Maturbating With A Fat Dick}
_mg_0121.jpg,861261,67ffb908,\Exclusive\20180925 - Bianca Reis - Maturbating With A Fat Dick\,{DT16~Excl~ME0PNEON~20180925 - Bianca Reis - Maturbating With A Fat Dick}
_mg_0122.jpg,889697,f9e5e1e6,\Exclusive\20180925 - Bianca Reis - Maturbating With A Fat Dick\,{DT16~Excl~ME0PNEON~20180925 - Bianca Reis - Maturbating With A Fat Dick}
_mg_0125.jpg,879813,9d941c9b,\Exclusive\20180925 - Bianca Reis - Maturbating With A Fat Dick\,{DT16~Excl~ME0PNEON~20180925 - Bianca Reis - Maturbating With A Fat Dick}
_mg_0126.jpg,676683,d93668d3,\Exclusive\20180925 - Bianca Reis - Maturbating With A Fat Dick\,{DT16~Excl~ME0PNEON~20180925 - Bianca Reis - Maturbating With A Fat Dick}
_mg_0127.jpg,534880,9f771948,\Exclusive\20180925 - Bianca Reis - Maturbating With A Fat Dick\,{DT16~Excl~ME0PNEON~20180925 - Bianca Reis - Maturbating With A Fat Dick}
_mg_0128.jpg,522017,bf6d3f4b,\Exclusive\20180925 - Bianca Reis - Maturbating With A Fat Dick\,{DT16~Excl~ME0PNEON~20180925 - Bianca Reis - Maturbating With A Fat Dick}
_mg_0129.jpg,630019,6d69a149,\Exclusive\20180925 - Bianca Reis - Maturbating With A Fat Dick\,{DT16~Excl~ME0PNEON~20180925 - Bianca Reis - Maturbating With A Fat Dick}
_mg_0130.jpg,887773,922af115,\Exclusive\20180925 - Bianca Reis - Maturbating With A Fat Dick\,{DT16~Excl~ME0PNEON~20180925 - Bianca Reis - Maturbating With A Fat Dick}
_mg_0131.jpg,850902,b9708422,\Exclusive\20180925 - Bianca Reis - Maturbating With A Fat Dick\,{DT16~Excl~ME0PNEON~20180925 - Bianca Reis - Maturbating With A Fat Dick}
_mg_0132.jpg,856404,b818ff9e,\Exclusive\20180925 - Bianca Reis - Maturbating With A Fat Dick\,{DT16~Excl~ME0PNEON~20180925 - Bianca Reis - Maturbating With A Fat Dick}
_mg_0133.jpg,908708,054a15c7,\Exclusive\20180925 - Bianca Reis - Maturbating With A Fat Dick\,{DT16~Excl~ME0PNEON~20180925 - Bianca Reis - Maturbating With A Fat Dick}
_mg_0134.jpg,700655,93258fc1,\Exclusive\20180925 - Bianca Reis - Maturbating With A Fat Dick\,{DT16~Excl~ME0PNEON~20180925 - Bianca Reis - Maturbating With A Fat Dick}
_mg_0135.jpg,738431,7a810cc7,\Exclusive\20180925 - Bianca Reis - Maturbating With A Fat Dick\,{DT16~Excl~ME0PNEON~20180925 - Bianca Reis - Maturbating With A Fat Dick}
_mg_0136.jpg,914082,9b89794a,\Exclusive\20180925 - Bianca Reis - Maturbating With A Fat Dick\,{DT16~Excl~ME0PNEON~20180925 - Bianca Reis - Maturbating With A Fat Dick}
_mg_0138.jpg,839153,490db03b,\Exclusive\20180925 - Bianca Reis - Maturbating With A Fat Dick\,{DT16~Excl~ME0PNEON~20180925 - Bianca Reis - Maturbating With A Fat Dick}
_mg_0139.jpg,778725,44a756d5,\Exclusive\20180925 - Bianca Reis - Maturbating With A Fat Dick\,{DT16~Excl~ME0PNEON~20180925 - Bianca Reis - Maturbating With A Fat Dick}
_mg_0140.jpg,732528,efd29aa7,\Exclusive\20180925 - Bianca Reis - Maturbating With A Fat Dick\,{DT16~Excl~ME0PNEON~20180925 - Bianca Reis - Maturbating With A Fat Dick}
_mg_0141.jpg,685334,3ff2929b,\Exclusive\20180925 - Bianca Reis - Maturbating With A Fat Dick\,{DT16~Excl~ME0PNEON~20180925 - Bianca Reis - Maturbating With A Fat Dick}
_mg_0142.jpg,682814,3cacc25d,\Exclusive\20180925 - Bianca Reis - Maturbating With A Fat Dick\,{DT16~Excl~ME0PNEON~20180925 - Bianca Reis - Maturbating With A Fat Dick}
_mg_0143.jpg,733627,bd6f98bf,\Exclusive\20180925 - Bianca Reis - Maturbating With A Fat Dick\,{DT16~Excl~ME0PNEON~20180925 - Bianca Reis - Maturbating With A Fat Dick}
_mg_0144.jpg,873362,8a98d6de,\Exclusive\20180925 - Bianca Reis - Maturbating With A Fat Dick\,{DT16~Excl~ME0PNEON~20180925 - Bianca Reis - Maturbating With A Fat Dick}
_mg_0145.jpg,780786,2402d9c3,\Exclusive\20180925 - Bianca Reis - Maturbating With A Fat Dick\,{DT16~Excl~ME0PNEON~20180925 - Bianca Reis - Maturbating With A Fat Dick}
_mg_0147.jpg,877827,99211f35,\Exclusive\20180925 - Bianca Reis - Maturbating With A Fat Dick\,{DT16~Excl~ME0PNEON~20180925 - Bianca Reis - Maturbating With A Fat Dick}
_mg_0148.jpg,724041,cf607f1f,\Exclusive\20180925 - Bianca Reis - Maturbating With A Fat Dick\,{DT16~Excl~ME0PNEON~20180925 - Bianca Reis - Maturbating With A Fat Dick}
_mg_0149.jpg,738234,851d2bd8,\Exclusive\20180925 - Bianca Reis - Maturbating With A Fat Dick\,{DT16~Excl~ME0PNEON~20180925 - Bianca Reis - Maturbating With A Fat Dick}
_mg_0150.jpg,685275,591278a9,\Exclusive\20180925 - Bianca Reis - Maturbating With A Fat Dick\,{DT16~Excl~ME0PNEON~20180925 - Bianca Reis - Maturbating With A Fat Dick}
_mg_0151.jpg,784067,a58b6e2d,\Exclusive\20180925 - Bianca Reis - Maturbating With A Fat Dick\,{DT16~Excl~ME0PNEON~20180925 - Bianca Reis - Maturbating With A Fat Dick}
_mg_0152.jpg,707838,373e5214,\Exclusive\20180925 - Bianca Reis - Maturbating With A Fat Dick\,{DT16~Excl~ME0PNEON~20180925 - Bianca Reis - Maturbating With A Fat Dick}
_mg_0153.jpg,665173,2ff1c753,\Exclusive\20180925 - Bianca Reis - Maturbating With A Fat Dick\,{DT16~Excl~ME0PNEON~20180925 - Bianca Reis - Maturbating With A Fat Dick}
_mg_0155.jpg,953922,dc66f562,\Exclusive\20180925 - Bianca Reis - Maturbating With A Fat Dick\,{DT16~Excl~ME0PNEON~20180925 - Bianca Reis - Maturbating With A Fat Dick}
_mg_0156.jpg,767990,359b102b,\Exclusive\20180925 - Bianca Reis - Maturbating With A Fat Dick\,{DT16~Excl~ME0PNEON~20180925 - Bianca Reis - Maturbating With A Fat Dick}
_mg_0157.jpg,856709,7f2b1565,\Exclusive\20180925 - Bianca Reis - Maturbating With A Fat Dick\,{DT16~Excl~ME0PNEON~20180925 - Bianca Reis - Maturbating With A Fat Dick}
_mg_0159.jpg,920377,423a4542,\Exclusive\20180925 - Bianca Reis - Maturbating With A Fat Dick\,{DT16~Excl~ME0PNEON~20180925 - Bianca Reis - Maturbating With A Fat Dick}
_mg_0160.jpg,928936,04d455c8,\Exclusive\20180925 - Bianca Reis - Maturbating With A Fat Dick\,{DT16~Excl~ME0PNEON~20180925 - Bianca Reis - Maturbating With A Fat Dick}
_mg_0161.jpg,914149,dba4dff3,\Exclusive\20180925 - Bianca Reis - Maturbating With A Fat Dick\,{DT16~Excl~ME0PNEON~20180925 - Bianca Reis - Maturbating With A Fat Dick}
_mg_0162.jpg,905987,e1e40932,\Exclusive\20180925 - Bianca Reis - Maturbating With A Fat Dick\,{DT16~Excl~ME0PNEON~20180925 - Bianca Reis - Maturbating With A Fat Dick}
_mg_0164.jpg,853113,cbd1ec2d,\Exclusive\20180925 - Bianca Reis - Maturbating With A Fat Dick\,{DT16~Excl~ME0PNEON~20180925 - Bianca Reis - Maturbating With A Fat Dick}
_mg_0165.jpg,860359,fb7308c0,\Exclusive\20180925 - Bianca Reis - Maturbating With A Fat Dick\,{DT16~Excl~ME0PNEON~20180925 - Bianca Reis - Maturbating With A Fat Dick}
_mg_0166.jpg,595448,12eeb2f9,\Exclusive\20180925 - Bianca Reis - Maturbating With A Fat Dick\,{DT16~Excl~ME0PNEON~20180925 - Bianca Reis - Maturbating With A Fat Dick}
_mg_0167.jpg,701832,f2342239,\Exclusive\20180925 - Bianca Reis - Maturbating With A Fat Dick\,{DT16~Excl~ME0PNEON~20180925 - Bianca Reis - Maturbating With A Fat Dick}
_mg_0168.jpg,712257,0ea6a97c,\Exclusive\20180925 - Bianca Reis - Maturbating With A Fat Dick\,{DT16~Excl~ME0PNEON~20180925 - Bianca Reis - Maturbating With A Fat Dick}
_mg_0169.jpg,758366,f14fddb2,\Exclusive\20180925 - Bianca Reis - Maturbating With A Fat Dick\,{DT16~Excl~ME0PNEON~20180925 - Bianca Reis - Maturbating With A Fat Dick}
_mg_0170.jpg,903382,c6944b8d,\Exclusive\20180925 - Bianca Reis - Maturbating With A Fat Dick\,{DT16~Excl~ME0PNEON~20180925 - Bianca Reis - Maturbating With A Fat Dick}
_mg_0171.jpg,725800,7b7f437c,\Exclusive\20180925 - Bianca Reis - Maturbating With A Fat Dick\,{DT16~Excl~ME0PNEON~20180925 - Bianca Reis - Maturbating With A Fat Dick}
_mg_0172.jpg,790808,e51f522a,\Exclusive\20180925 - Bianca Reis - Maturbating With A Fat Dick\,{DT16~Excl~ME0PNEON~20180925 - Bianca Reis - Maturbating With A Fat Dick}
_mg_0173.jpg,818605,f85d67c9,\Exclusive\20180925 - Bianca Reis - Maturbating With A Fat Dick\,{DT16~Excl~ME0PNEON~20180925 - Bianca Reis - Maturbating With A Fat Dick}
_mg_0174.jpg,585313,58fec7f4,\Exclusive\20180925 - Bianca Reis - Maturbating With A Fat Dick\,{DT16~Excl~ME0PNEON~20180925 - Bianca Reis - Maturbating With A Fat Dick}
_mg_0175.jpg,790998,5111ede1,\Exclusive\20180925 - Bianca Reis - Maturbating With A Fat Dick\,{DT16~Excl~ME0PNEON~20180925 - Bianca Reis - Maturbating With A Fat Dick}
_mg_0176.jpg,750401,d31000a0,\Exclusive\20180925 - Bianca Reis - Maturbating With A Fat Dick\,{DT16~Excl~ME0PNEON~20180925 - Bianca Reis - Maturbating With A Fat Dick}
_mg_0178.jpg,653273,f3660200,\Exclusive\20180925 - Bianca Reis - Maturbating With A Fat Dick\,{DT16~Excl~ME0PNEON~20180925 - Bianca Reis - Maturbating With A Fat Dick}
_mg_0179.jpg,784634,be7ab3ad,\Exclusive\20180925 - Bianca Reis - Maturbating With A Fat Dick\,{DT16~Excl~ME0PNEON~20180925 - Bianca Reis - Maturbating With A Fat Dick}
_mg_0180.jpg,872348,9bbebc3c,\Exclusive\20180925 - Bianca Reis - Maturbating With A Fat Dick\,{DT16~Excl~ME0PNEON~20180925 - Bianca Reis - Maturbating With A Fat Dick}
_mg_0182.jpg,910802,1fb72f8e,\Exclusive\20180925 - Bianca Reis - Maturbating With A Fat Dick\,{DT16~Excl~ME0PNEON~20180925 - Bianca Reis - Maturbating With A Fat Dick}
_mg_0183.jpg,874803,c8f7b93e,\Exclusive\20180925 - Bianca Reis - Maturbating With A Fat Dick\,{DT16~Excl~ME0PNEON~20180925 - Bianca Reis - Maturbating With A Fat Dick}
_mg_0184.jpg,840472,c06ed253,\Exclusive\20180925 - Bianca Reis - Maturbating With A Fat Dick\,{DT16~Excl~ME0PNEON~20180925 - Bianca Reis - Maturbating With A Fat Dick}
_mg_0185.jpg,846309,24b22199,\Exclusive\20180925 - Bianca Reis - Maturbating With A Fat Dick\,{DT16~Excl~ME0PNEON~20180925 - Bianca Reis - Maturbating With A Fat Dick}
_mg_0186.jpg,464163,660ca8cd,\Exclusive\20180925 - Bianca Reis - Maturbating With A Fat Dick\,{DT16~Excl~ME0PNEON~20180925 - Bianca Reis - Maturbating With A Fat Dick}
_mg_0187.jpg,437893,6700da4a,\Exclusive\20180925 - Bianca Reis - Maturbating With A Fat Dick\,{DT16~Excl~ME0PNEON~20180925 - Bianca Reis - Maturbating With A Fat Dick}
_mg_0189.jpg,686695,9f8ee1f3,\Exclusive\20180925 - Bianca Reis - Maturbating With A Fat Dick\,{DT16~Excl~ME0PNEON~20180925 - Bianca Reis - Maturbating With A Fat Dick}
_mg_0190.jpg,691382,d8c45296,\Exclusive\20180925 - Bianca Reis - Maturbating With A Fat Dick\,{DT16~Excl~ME0PNEON~20180925 - Bianca Reis - Maturbating With A Fat Dick}
_mg_0191.jpg,890365,b30c7043,\Exclusive\20180925 - Bianca Reis - Maturbating With A Fat Dick\,{DT16~Excl~ME0PNEON~20180925 - Bianca Reis - Maturbating With A Fat Dick}
_mg_0192.jpg,930933,f685db6f,\Exclusive\20180925 - Bianca Reis - Maturbating With A Fat Dick\,{DT16~Excl~ME0PNEON~20180925 - Bianca Reis - Maturbating With A Fat Dick}
_mg_0193.jpg,919344,621e86d0,\Exclusive\20180925 - Bianca Reis - Maturbating With A Fat Dick\,{DT16~Excl~ME0PNEON~20180925 - Bianca Reis - Maturbating With A Fat Dick}
_mg_0194.jpg,912251,024fa351,\Exclusive\20180925 - Bianca Reis - Maturbating With A Fat Dick\,{DT16~Excl~ME0PNEON~20180925 - Bianca Reis - Maturbating With A Fat Dick}
_mg_0195.jpg,906046,4ed0e1a3,\Exclusive\20180925 - Bianca Reis - Maturbating With A Fat Dick\,{DT16~Excl~ME0PNEON~20180925 - Bianca Reis - Maturbating With A Fat Dick}
_mg_9293.jpg,532860,ccbcaf2f,\Exclusive\20180928 - Roberta Cortes - She Put Her Fat Dick In His Ass\,{DT16~Excl~ME0PNH1C~20180928 - Roberta Cortes - She Put Her Fat Dick In His Ass}
_mg_9295.jpg,549891,e65e46e7,\Exclusive\20180928 - Roberta Cortes - She Put Her Fat Dick In His Ass\,{DT16~Excl~ME0PNH1C~20180928 - Roberta Cortes - She Put Her Fat Dick In His Ass}
_mg_9296.jpg,556168,081f61ee,\Exclusive\20180928 - Roberta Cortes - She Put Her Fat Dick In His Ass\,{DT16~Excl~ME0PNH1C~20180928 - Roberta Cortes - She Put Her Fat Dick In His Ass}
_mg_9297.jpg,550538,ab3f0e3a,\Exclusive\20180928 - Roberta Cortes - She Put Her Fat Dick In His Ass\,{DT16~Excl~ME0PNH1C~20180928 - Roberta Cortes - She Put Her Fat Dick In His Ass}
_mg_9298.jpg,584036,531a7595,\Exclusive\20180928 - Roberta Cortes - She Put Her Fat Dick In His Ass\,{DT16~Excl~ME0PNH1C~20180928 - Roberta Cortes - She Put Her Fat Dick In His Ass}
_mg_9299.jpg,551860,c8754e7d,\Exclusive\20180928 - Roberta Cortes - She Put Her Fat Dick In His Ass\,{DT16~Excl~ME0PNH1C~20180928 - Roberta Cortes - She Put Her Fat Dick In His Ass}
_mg_9300.jpg,576579,4f2ef9e8,\Exclusive\20180928 - Roberta Cortes - She Put Her Fat Dick In His Ass\,{DT16~Excl~ME0PNH1C~20180928 - Roberta Cortes - She Put Her Fat Dick In His Ass}
_mg_9302.jpg,604462,37b64e87,\Exclusive\20180928 - Roberta Cortes - She Put Her Fat Dick In His Ass\,{DT16~Excl~ME0PNH1C~20180928 - Roberta Cortes - She Put Her Fat Dick In His Ass}
_mg_9303.jpg,613984,baca9a61,\Exclusive\20180928 - Roberta Cortes - She Put Her Fat Dick In His Ass\,{DT16~Excl~ME0PNH1C~20180928 - Roberta Cortes - She Put Her Fat Dick In His Ass}
_mg_9304.jpg,589443,636e8212,\Exclusive\20180928 - Roberta Cortes - She Put Her Fat Dick In His Ass\,{DT16~Excl~ME0PNH1C~20180928 - Roberta Cortes - She Put Her Fat Dick In His Ass}
_mg_9305.jpg,550700,d036eece,\Exclusive\20180928 - Roberta Cortes - She Put Her Fat Dick In His Ass\,{DT16~Excl~ME0PNH1C~20180928 - Roberta Cortes - She Put Her Fat Dick In His Ass}
_mg_9306.jpg,547402,465b709f,\Exclusive\20180928 - Roberta Cortes - She Put Her Fat Dick In His Ass\,{DT16~Excl~ME0PNH1C~20180928 - Roberta Cortes - She Put Her Fat Dick In His Ass}
_mg_9307.jpg,562570,4e303a4b,\Exclusive\20180928 - Roberta Cortes - She Put Her Fat Dick In His Ass\,{DT16~Excl~ME0PNH1C~20180928 - Roberta Cortes - She Put Her Fat Dick In His Ass}
_mg_9308.jpg,498092,342417ff,\Exclusive\20180928 - Roberta Cortes - She Put Her Fat Dick In His Ass\,{DT16~Excl~ME0PNH1C~20180928 - Roberta Cortes - She Put Her Fat Dick In His Ass}
_mg_9309.jpg,483647,951105ee,\Exclusive\20180928 - Roberta Cortes - She Put Her Fat Dick In His Ass\,{DT16~Excl~ME0PNH1C~20180928 - Roberta Cortes - She Put Her Fat Dick In His Ass}
_mg_9311.jpg,512193,c8bd01d8,\Exclusive\20180928 - Roberta Cortes - She Put Her Fat Dick In His Ass\,{DT16~Excl~ME0PNH1C~20180928 - Roberta Cortes - She Put Her Fat Dick In His Ass}
_mg_9312.jpg,534543,614631cc,\Exclusive\20180928 - Roberta Cortes - She Put Her Fat Dick In His Ass\,{DT16~Excl~ME0PNH1C~20180928 - Roberta Cortes - She Put Her Fat Dick In His Ass}
_mg_9313.jpg,528081,3b2207be,\Exclusive\20180928 - Roberta Cortes - She Put Her Fat Dick In His Ass\,{DT16~Excl~ME0PNH1C~20180928 - Roberta Cortes - She Put Her Fat Dick In His Ass}
_mg_9314.jpg,576577,181acf71,\Exclusive\20180928 - Roberta Cortes - She Put Her Fat Dick In His Ass\,{DT16~Excl~ME0PNH1C~20180928 - Roberta Cortes - She Put Her Fat Dick In His Ass}
_mg_9315.jpg,549301,6ce4406d,\Exclusive\20180928 - Roberta Cortes - She Put Her Fat Dick In His Ass\,{DT16~Excl~ME0PNH1C~20180928 - Roberta Cortes - She Put Her Fat Dick In His Ass}
_mg_9316.jpg,574638,f3307594,\Exclusive\20180928 - Roberta Cortes - She Put Her Fat Dick In His Ass\,{DT16~Excl~ME0PNH1C~20180928 - Roberta Cortes - She Put Her Fat Dick In His Ass}
_mg_9317.jpg,577490,6c806ef0,\Exclusive\20180928 - Roberta Cortes - She Put Her Fat Dick In His Ass\,{DT16~Excl~ME0PNH1C~20180928 - Roberta Cortes - She Put Her Fat Dick In His Ass}
_mg_9318.jpg,493687,449cbd14,\Exclusive\20180928 - Roberta Cortes - She Put Her Fat Dick In His Ass\,{DT16~Excl~ME0PNH1C~20180928 - Roberta Cortes - She Put Her Fat Dick In His Ass}
_mg_9319.jpg,515394,f3d1d962,\Exclusive\20180928 - Roberta Cortes - She Put Her Fat Dick In His Ass\,{DT16~Excl~ME0PNH1C~20180928 - Roberta Cortes - She Put Her Fat Dick In His Ass}
_mg_9320.jpg,485379,2a9a3d41,\Exclusive\20180928 - Roberta Cortes - She Put Her Fat Dick In His Ass\,{DT16~Excl~ME0PNH1C~20180928 - Roberta Cortes - She Put Her Fat Dick In His Ass}
_mg_9321.jpg,534682,dbe6f8f2,\Exclusive\20180928 - Roberta Cortes - She Put Her Fat Dick In His Ass\,{DT16~Excl~ME0PNH1C~20180928 - Roberta Cortes - She Put Her Fat Dick In His Ass}
_mg_9323.jpg,548430,9925add2,\Exclusive\20180928 - Roberta Cortes - She Put Her Fat Dick In His Ass\,{DT16~Excl~ME0PNH1C~20180928 - Roberta Cortes - She Put Her Fat Dick In His Ass}
_mg_9324.jpg,572185,1b5488f8,\Exclusive\20180928 - Roberta Cortes - She Put Her Fat Dick In His Ass\,{DT16~Excl~ME0PNH1C~20180928 - Roberta Cortes - She Put Her Fat Dick In His Ass}
_mg_9325.jpg,581268,309ba2a2,\Exclusive\20180928 - Roberta Cortes - She Put Her Fat Dick In His Ass\,{DT16~Excl~ME0PNH1C~20180928 - Roberta Cortes - She Put Her Fat Dick In His Ass}
_mg_9326.jpg,469788,d8182dd5,\Exclusive\20180928 - Roberta Cortes - She Put Her Fat Dick In His Ass\,{DT16~Excl~ME0PNH1C~20180928 - Roberta Cortes - She Put Her Fat Dick In His Ass}
_mg_9327.jpg,466356,4b9fd288,\Exclusive\20180928 - Roberta Cortes - She Put Her Fat Dick In His Ass\,{DT16~Excl~ME0PNH1C~20180928 - Roberta Cortes - She Put Her Fat Dick In His Ass}
_mg_9328.jpg,492120,47cd166c,\Exclusive\20180928 - Roberta Cortes - She Put Her Fat Dick In His Ass\,{DT16~Excl~ME0PNH1C~20180928 - Roberta Cortes - She Put Her Fat Dick In His Ass}
_mg_9329.jpg,458512,56efd151,\Exclusive\20180928 - Roberta Cortes - She Put Her Fat Dick In His Ass\,{DT16~Excl~ME0PNH1C~20180928 - Roberta Cortes - She Put Her Fat Dick In His Ass}
_mg_9332.jpg,505322,32f06e31,\Exclusive\20180928 - Roberta Cortes - She Put Her Fat Dick In His Ass\,{DT16~Excl~ME0PNH1C~20180928 - Roberta Cortes - She Put Her Fat Dick In His Ass}
_mg_9333.jpg,496628,91c1d6f8,\Exclusive\20180928 - Roberta Cortes - She Put Her Fat Dick In His Ass\,{DT16~Excl~ME0PNH1C~20180928 - Roberta Cortes - She Put Her Fat Dick In His Ass}
_mg_9334.jpg,552724,5d9fd7fe,\Exclusive\20180928 - Roberta Cortes - She Put Her Fat Dick In His Ass\,{DT16~Excl~ME0PNH1C~20180928 - Roberta Cortes - She Put Her Fat Dick In His Ass}
_mg_9336.jpg,481287,c96eff13,\Exclusive\20180928 - Roberta Cortes - She Put Her Fat Dick In His Ass\,{DT16~Excl~ME0PNH1C~20180928 - Roberta Cortes - She Put Her Fat Dick In His Ass}
_mg_9337.jpg,525344,10ddbb4e,\Exclusive\20180928 - Roberta Cortes - She Put Her Fat Dick In His Ass\,{DT16~Excl~ME0PNH1C~20180928 - Roberta Cortes - She Put Her Fat Dick In His Ass}
_mg_9340.jpg,528517,e38c7966,\Exclusive\20180928 - Roberta Cortes - She Put Her Fat Dick In His Ass\,{DT16~Excl~ME0PNH1C~20180928 - Roberta Cortes - She Put Her Fat Dick In His Ass}
_mg_9341.jpg,539843,1a15eb9d,\Exclusive\20180928 - Roberta Cortes - She Put Her Fat Dick In His Ass\,{DT16~Excl~ME0PNH1C~20180928 - Roberta Cortes - She Put Her Fat Dick In His Ass}
_mg_9342.jpg,566404,2df5e5c2,\Exclusive\20180928 - Roberta Cortes - She Put Her Fat Dick In His Ass\,{DT16~Excl~ME0PNH1C~20180928 - Roberta Cortes - She Put Her Fat Dick In His Ass}
_mg_9343.jpg,549728,d282d4f8,\Exclusive\20180928 - Roberta Cortes - She Put Her Fat Dick In His Ass\,{DT16~Excl~ME0PNH1C~20180928 - Roberta Cortes - She Put Her Fat Dick In His Ass}
_mg_9344.jpg,533911,980eb8e2,\Exclusive\20180928 - Roberta Cortes - She Put Her Fat Dick In His Ass\,{DT16~Excl~ME0PNH1C~20180928 - Roberta Cortes - She Put Her Fat Dick In His Ass}
_mg_9345.jpg,512302,22f885cc,\Exclusive\20180928 - Roberta Cortes - She Put Her Fat Dick In His Ass\,{DT16~Excl~ME0PNH1C~20180928 - Roberta Cortes - She Put Her Fat Dick In His Ass}
_mg_9346.jpg,510880,51379fe6,\Exclusive\20180928 - Roberta Cortes - She Put Her Fat Dick In His Ass\,{DT16~Excl~ME0PNH1C~20180928 - Roberta Cortes - She Put Her Fat Dick In His Ass}
_mg_9347.jpg,556279,977089a9,\Exclusive\20180928 - Roberta Cortes - She Put Her Fat Dick In His Ass\,{DT16~Excl~ME0PNH1C~20180928 - Roberta Cortes - She Put Her Fat Dick In His Ass}
_mg_9348.jpg,533312,9af7a141,\Exclusive\20180928 - Roberta Cortes - She Put Her Fat Dick In His Ass\,{DT16~Excl~ME0PNH1C~20180928 - Roberta Cortes - She Put Her Fat Dick In His Ass}
_mg_9349.jpg,505225,2d8b95ac,\Exclusive\20180928 - Roberta Cortes - She Put Her Fat Dick In His Ass\,{DT16~Excl~ME0PNH1C~20180928 - Roberta Cortes - She Put Her Fat Dick In His Ass}
_mg_9352.jpg,544601,393cb544,\Exclusive\20180928 - Roberta Cortes - She Put Her Fat Dick In His Ass\,{DT16~Excl~ME0PNH1C~20180928 - Roberta Cortes - She Put Her Fat Dick In His Ass}
_mg_9353.jpg,499475,b0d3b38e,\Exclusive\20180928 - Roberta Cortes - She Put Her Fat Dick In His Ass\,{DT16~Excl~ME0PNH1C~20180928 - Roberta Cortes - She Put Her Fat Dick In His Ass}
_mg_9354.jpg,423691,310ed3c7,\Exclusive\20180928 - Roberta Cortes - She Put Her Fat Dick In His Ass\,{DT16~Excl~ME0PNH1C~20180928 - Roberta Cortes - She Put Her Fat Dick In His Ass}
_mg_9356.jpg,482547,143517b5,\Exclusive\20180928 - Roberta Cortes - She Put Her Fat Dick In His Ass\,{DT16~Excl~ME0PNH1C~20180928 - Roberta Cortes - She Put Her Fat Dick In His Ass}
_mg_9357.jpg,505697,1eb6a5d1,\Exclusive\20180928 - Roberta Cortes - She Put Her Fat Dick In His Ass\,{DT16~Excl~ME0PNH1C~20180928 - Roberta Cortes - She Put Her Fat Dick In His Ass}
_mg_9358.jpg,472032,c53fb195,\Exclusive\20180928 - Roberta Cortes - She Put Her Fat Dick In His Ass\,{DT16~Excl~ME0PNH1C~20180928 - Roberta Cortes - She Put Her Fat Dick In His Ass}
_mg_9359.jpg,509389,30e648f4,\Exclusive\20180928 - Roberta Cortes - She Put Her Fat Dick In His Ass\,{DT16~Excl~ME0PNH1C~20180928 - Roberta Cortes - She Put Her Fat Dick In His Ass}
_mg_9360.jpg,475126,c7b2fe39,\Exclusive\20180928 - Roberta Cortes - She Put Her Fat Dick In His Ass\,{DT16~Excl~ME0PNH1C~20180928 - Roberta Cortes - She Put Her Fat Dick In His Ass}
_mg_9361.jpg,441201,dc3b1403,\Exclusive\20180928 - Roberta Cortes - She Put Her Fat Dick In His Ass\,{DT16~Excl~ME0PNH1C~20180928 - Roberta Cortes - She Put Her Fat Dick In His Ass}
_mg_9362.jpg,439496,ca2b0ac3,\Exclusive\20180928 - Roberta Cortes - She Put Her Fat Dick In His Ass\,{DT16~Excl~ME0PNH1C~20180928 - Roberta Cortes - She Put Her Fat Dick In His Ass}
_mg_9363.jpg,460684,0ba8e09c,\Exclusive\20180928 - Roberta Cortes - She Put Her Fat Dick In His Ass\,{DT16~Excl~ME0PNH1C~20180928 - Roberta Cortes - She Put Her Fat Dick In His Ass}
_mg_9364.jpg,506589,d71b6251,\Exclusive\20180928 - Roberta Cortes - She Put Her Fat Dick In His Ass\,{DT16~Excl~ME0PNH1C~20180928 - Roberta Cortes - She Put Her Fat Dick In His Ass}
_mg_9365.jpg,475446,b33d2bf6,\Exclusive\20180928 - Roberta Cortes - She Put Her Fat Dick In His Ass\,{DT16~Excl~ME0PNH1C~20180928 - Roberta Cortes - She Put Her Fat Dick In His Ass}
_mg_9366.jpg,501313,8cc5b4ce,\Exclusive\20180928 - Roberta Cortes - She Put Her Fat Dick In His Ass\,{DT16~Excl~ME0PNH1C~20180928 - Roberta Cortes - She Put Her Fat Dick In His Ass}
_mg_9369.jpg,483408,e8bfec3f,\Exclusive\20180928 - Roberta Cortes - She Put Her Fat Dick In His Ass\,{DT16~Excl~ME0PNH1C~20180928 - Roberta Cortes - She Put Her Fat Dick In His Ass}
_mg_9372.jpg,464472,42b4564f,\Exclusive\20180928 - Roberta Cortes - She Put Her Fat Dick In His Ass\,{DT16~Excl~ME0PNH1C~20180928 - Roberta Cortes - She Put Her Fat Dick In His Ass}
_mg_9373.jpg,485822,c4be0c8f,\Exclusive\20180928 - Roberta Cortes - She Put Her Fat Dick In His Ass\,{DT16~Excl~ME0PNH1C~20180928 - Roberta Cortes - She Put Her Fat Dick In His Ass}
_mg_9374.jpg,483128,37389198,\Exclusive\20180928 - Roberta Cortes - She Put Her Fat Dick In His Ass\,{DT16~Excl~ME0PNH1C~20180928 - Roberta Cortes - She Put Her Fat Dick In His Ass}
_mg_9378.jpg,459266,ef64fabd,\Exclusive\20180928 - Roberta Cortes - She Put Her Fat Dick In His Ass\,{DT16~Excl~ME0PNH1C~20180928 - Roberta Cortes - She Put Her Fat Dick In His Ass}
_mg_9379.jpg,461636,5d34ab93,\Exclusive\20180928 - Roberta Cortes - She Put Her Fat Dick In His Ass\,{DT16~Excl~ME0PNH1C~20180928 - Roberta Cortes - She Put Her Fat Dick In His Ass}
_mg_9380.jpg,459276,9f1e7c09,\Exclusive\20180928 - Roberta Cortes - She Put Her Fat Dick In His Ass\,{DT16~Excl~ME0PNH1C~20180928 - Roberta Cortes - She Put Her Fat Dick In His Ass}
_mg_9381.jpg,475067,9e5b81f4,\Exclusive\20180928 - Roberta Cortes - She Put Her Fat Dick In His Ass\,{DT16~Excl~ME0PNH1C~20180928 - Roberta Cortes - She Put Her Fat Dick In His Ass}
_mg_9382.jpg,462888,cc6610e7,\Exclusive\20180928 - Roberta Cortes - She Put Her Fat Dick In His Ass\,{DT16~Excl~ME0PNH1C~20180928 - Roberta Cortes - She Put Her Fat Dick In His Ass}
_mg_9384.jpg,530105,6e7bf240,\Exclusive\20180928 - Roberta Cortes - She Put Her Fat Dick In His Ass\,{DT16~Excl~ME0PNH1C~20180928 - Roberta Cortes - She Put Her Fat Dick In His Ass}
_mg_9385.jpg,529295,4b5a5f37,\Exclusive\20180928 - Roberta Cortes - She Put Her Fat Dick In His Ass\,{DT16~Excl~ME0PNH1C~20180928 - Roberta Cortes - She Put Her Fat Dick In His Ass}
_mg_9388.jpg,555575,1086a188,\Exclusive\20180928 - Roberta Cortes - She Put Her Fat Dick In His Ass\,{DT16~Excl~ME0PNH1C~20180928 - Roberta Cortes - She Put Her Fat Dick In His Ass}
_mg_9389.jpg,546798,7d9cec29,\Exclusive\20180928 - Roberta Cortes - She Put Her Fat Dick In His Ass\,{DT16~Excl~ME0PNH1C~20180928 - Roberta Cortes - She Put Her Fat Dick In His Ass}
_mg_9390.jpg,521189,a6f0595b,\Exclusive\20180928 - Roberta Cortes - She Put Her Fat Dick In His Ass\,{DT16~Excl~ME0PNH1C~20180928 - Roberta Cortes - She Put Her Fat Dick In His Ass}
_mg_9391.jpg,506205,8d2c84dc,\Exclusive\20180928 - Roberta Cortes - She Put Her Fat Dick In His Ass\,{DT16~Excl~ME0PNH1C~20180928 - Roberta Cortes - She Put Her Fat Dick In His Ass}
_mg_9392.jpg,533244,83746948,\Exclusive\20180928 - Roberta Cortes - She Put Her Fat Dick In His Ass\,{DT16~Excl~ME0PNH1C~20180928 - Roberta Cortes - She Put Her Fat Dick In His Ass}
_mg_9393.jpg,528200,eea0a380,\Exclusive\20180928 - Roberta Cortes - She Put Her Fat Dick In His Ass\,{DT16~Excl~ME0PNH1C~20180928 - Roberta Cortes - She Put Her Fat Dick In His Ass}
_mg_9394.jpg,422087,7942b5b2,\Exclusive\20180928 - Roberta Cortes - She Put Her Fat Dick In His Ass\,{DT16~Excl~ME0PNH1C~20180928 - Roberta Cortes - She Put Her Fat Dick In His Ass}
_mg_9395.jpg,450948,2231a287,\Exclusive\20180928 - Roberta Cortes - She Put Her Fat Dick In His Ass\,{DT16~Excl~ME0PNH1C~20180928 - Roberta Cortes - She Put Her Fat Dick In His Ass}
_mg_9397.jpg,479152,668e5ede,\Exclusive\20180928 - Roberta Cortes - She Put Her Fat Dick In His Ass\,{DT16~Excl~ME0PNH1C~20180928 - Roberta Cortes - She Put Her Fat Dick In His Ass}
_mg_9398.jpg,531542,04ac3538,\Exclusive\20180928 - Roberta Cortes - She Put Her Fat Dick In His Ass\,{DT16~Excl~ME0PNH1C~20180928 - Roberta Cortes - She Put Her Fat Dick In His Ass}
_mg_9399.jpg,497515,f500b47c,\Exclusive\20180928 - Roberta Cortes - She Put Her Fat Dick In His Ass\,{DT16~Excl~ME0PNH1C~20180928 - Roberta Cortes - She Put Her Fat Dick In His Ass}
_mg_9400.jpg,494567,6020bcfa,\Exclusive\20180928 - Roberta Cortes - She Put Her Fat Dick In His Ass\,{DT16~Excl~ME0PNH1C~20180928 - Roberta Cortes - She Put Her Fat Dick In His Ass}
_mg_9401.jpg,506395,0d9fbbd3,\Exclusive\20180928 - Roberta Cortes - She Put Her Fat Dick In His Ass\,{DT16~Excl~ME0PNH1C~20180928 - Roberta Cortes - She Put Her Fat Dick In His Ass}
_mg_9402.jpg,498843,9011349b,\Exclusive\20180928 - Roberta Cortes - She Put Her Fat Dick In His Ass\,{DT16~Excl~ME0PNH1C~20180928 - Roberta Cortes - She Put Her Fat Dick In His Ass}
_mg_9404.jpg,478619,7aee33e4,\Exclusive\20180928 - Roberta Cortes - She Put Her Fat Dick In His Ass\,{DT16~Excl~ME0PNH1C~20180928 - Roberta Cortes - She Put Her Fat Dick In His Ass}
_mg_9405.jpg,497502,d2225e3e,\Exclusive\20180928 - Roberta Cortes - She Put Her Fat Dick In His Ass\,{DT16~Excl~ME0PNH1C~20180928 - Roberta Cortes - She Put Her Fat Dick In His Ass}
_mg_9406.jpg,490649,e43ba2e5,\Exclusive\20180928 - Roberta Cortes - She Put Her Fat Dick In His Ass\,{DT16~Excl~ME0PNH1C~20180928 - Roberta Cortes - She Put Her Fat Dick In His Ass}
_mg_9407.jpg,464087,b0fe5fcf,\Exclusive\20180928 - Roberta Cortes - She Put Her Fat Dick In His Ass\,{DT16~Excl~ME0PNH1C~20180928 - Roberta Cortes - She Put Her Fat Dick In His Ass}
_mg_9408.jpg,504686,54f0201f,\Exclusive\20180928 - Roberta Cortes - She Put Her Fat Dick In His Ass\,{DT16~Excl~ME0PNH1C~20180928 - Roberta Cortes - She Put Her Fat Dick In His Ass}
_mg_9409.jpg,454064,f70b1f54,\Exclusive\20180928 - Roberta Cortes - She Put Her Fat Dick In His Ass\,{DT16~Excl~ME0PNH1C~20180928 - Roberta Cortes - She Put Her Fat Dick In His Ass}
_mg_9410.jpg,467066,1b861997,\Exclusive\20180928 - Roberta Cortes - She Put Her Fat Dick In His Ass\,{DT16~Excl~ME0PNH1C~20180928 - Roberta Cortes - She Put Her Fat Dick In His Ass}
_mg_9412.jpg,473736,e703a691,\Exclusive\20180928 - Roberta Cortes - She Put Her Fat Dick In His Ass\,{DT16~Excl~ME0PNH1C~20180928 - Roberta Cortes - She Put Her Fat Dick In His Ass}
_mg_9413.jpg,470969,653eec98,\Exclusive\20180928 - Roberta Cortes - She Put Her Fat Dick In His Ass\,{DT16~Excl~ME0PNH1C~20180928 - Roberta Cortes - She Put Her Fat Dick In His Ass}
_mg_9414.jpg,567439,4decfadb,\Exclusive\20180928 - Roberta Cortes - She Put Her Fat Dick In His Ass\,{DT16~Excl~ME0PNH1C~20180928 - Roberta Cortes - She Put Her Fat Dick In His Ass}
_mg_9415.jpg,516525,96519371,\Exclusive\20180928 - Roberta Cortes - She Put Her Fat Dick In His Ass\,{DT16~Excl~ME0PNH1C~20180928 - Roberta Cortes - She Put Her Fat Dick In His Ass}
_mg_9417.jpg,499820,9182869d,\Exclusive\20180928 - Roberta Cortes - She Put Her Fat Dick In His Ass\,{DT16~Excl~ME0PNH1C~20180928 - Roberta Cortes - She Put Her Fat Dick In His Ass}
_mg_9418.jpg,518208,a686fc50,\Exclusive\20180928 - Roberta Cortes - She Put Her Fat Dick In His Ass\,{DT16~Excl~ME0PNH1C~20180928 - Roberta Cortes - She Put Her Fat Dick In His Ass}
_mg_9420.jpg,450636,b095d129,\Exclusive\20180928 - Roberta Cortes - She Put Her Fat Dick In His Ass\,{DT16~Excl~ME0PNH1C~20180928 - Roberta Cortes - She Put Her Fat Dick In His Ass}
_mg_9421.jpg,473694,6bd7c32b,\Exclusive\20180928 - Roberta Cortes - She Put Her Fat Dick In His Ass\,{DT16~Excl~ME0PNH1C~20180928 - Roberta Cortes - She Put Her Fat Dick In His Ass}
_mg_9422.jpg,468917,821d90ce,\Exclusive\20180928 - Roberta Cortes - She Put Her Fat Dick In His Ass\,{DT16~Excl~ME0PNH1C~20180928 - Roberta Cortes - She Put Her Fat Dick In His Ass}
_mg_9423.jpg,443358,de8d3166,\Exclusive\20180928 - Roberta Cortes - She Put Her Fat Dick In His Ass\,{DT16~Excl~ME0PNH1C~20180928 - Roberta Cortes - She Put Her Fat Dick In His Ass}
_mg_9424.jpg,403982,ea03d857,\Exclusive\20180928 - Roberta Cortes - She Put Her Fat Dick In His Ass\,{DT16~Excl~ME0PNH1C~20180928 - Roberta Cortes - She Put Her Fat Dick In His Ass}
_mg_9426.jpg,447943,e44a067c,\Exclusive\20180928 - Roberta Cortes - She Put Her Fat Dick In His Ass\,{DT16~Excl~ME0PNH1C~20180928 - Roberta Cortes - She Put Her Fat Dick In His Ass}
_mg_9429.jpg,432705,7ee8fed6,\Exclusive\20180928 - Roberta Cortes - She Put Her Fat Dick In His Ass\,{DT16~Excl~ME0PNH1C~20180928 - Roberta Cortes - She Put Her Fat Dick In His Ass}
_mg_9431.jpg,474621,ac84b18a,\Exclusive\20180928 - Roberta Cortes - She Put Her Fat Dick In His Ass\,{DT16~Excl~ME0PNH1C~20180928 - Roberta Cortes - She Put Her Fat Dick In His Ass}
_mg_9432.jpg,467901,7f32a61a,\Exclusive\20180928 - Roberta Cortes - She Put Her Fat Dick In His Ass\,{DT16~Excl~ME0PNH1C~20180928 - Roberta Cortes - She Put Her Fat Dick In His Ass}
_mg_9433.jpg,449741,7ce0f28f,\Exclusive\20180928 - Roberta Cortes - She Put Her Fat Dick In His Ass\,{DT16~Excl~ME0PNH1C~20180928 - Roberta Cortes - She Put Her Fat Dick In His Ass}
_mg_9445.jpg,623833,759c62c5,\Exclusive\20180928 - Roberta Cortes - She Put Her Fat Dick In His Ass\,{DT16~Excl~ME0PNH1C~20180928 - Roberta Cortes - She Put Her Fat Dick In His Ass}
_mg_9446.jpg,563818,3c63081c,\Exclusive\20180928 - Roberta Cortes - She Put Her Fat Dick In His Ass\,{DT16~Excl~ME0PNH1C~20180928 - Roberta Cortes - She Put Her Fat Dick In His Ass}
_mg_9448.jpg,603459,a4e54210,\Exclusive\20180928 - Roberta Cortes - She Put Her Fat Dick In His Ass\,{DT16~Excl~ME0PNH1C~20180928 - Roberta Cortes - She Put Her Fat Dick In His Ass}
_mg_9449.jpg,608001,08228fac,\Exclusive\20180928 - Roberta Cortes - She Put Her Fat Dick In His Ass\,{DT16~Excl~ME0PNH1C~20180928 - Roberta Cortes - She Put Her Fat Dick In His Ass}
_mg_9450.jpg,635525,889b5f7a,\Exclusive\20180928 - Roberta Cortes - She Put Her Fat Dick In His Ass\,{DT16~Excl~ME0PNH1C~20180928 - Roberta Cortes - She Put Her Fat Dick In His Ass}
_mg_9451.jpg,564732,bedf85a4,\Exclusive\20180928 - Roberta Cortes - She Put Her Fat Dick In His Ass\,{DT16~Excl~ME0PNH1C~20180928 - Roberta Cortes - She Put Her Fat Dick In His Ass}
_mg_9452.jpg,599606,82aa9977,\Exclusive\20180928 - Roberta Cortes - She Put Her Fat Dick In His Ass\,{DT16~Excl~ME0PNH1C~20180928 - Roberta Cortes - She Put Her Fat Dick In His Ass}
_mg_9453.jpg,560057,aabce0ab,\Exclusive\20180928 - Roberta Cortes - She Put Her Fat Dick In His Ass\,{DT16~Excl~ME0PNH1C~20180928 - Roberta Cortes - She Put Her Fat Dick In His Ass}
_mg_9454.jpg,659484,93d36073,\Exclusive\20180928 - Roberta Cortes - She Put Her Fat Dick In His Ass\,{DT16~Excl~ME0PNH1C~20180928 - Roberta Cortes - She Put Her Fat Dick In His Ass}
_mg_9455.jpg,568730,c888c5be,\Exclusive\20180928 - Roberta Cortes - She Put Her Fat Dick In His Ass\,{DT16~Excl~ME0PNH1C~20180928 - Roberta Cortes - She Put Her Fat Dick In His Ass}
_mg_9456.jpg,532501,1efc6abf,\Exclusive\20180928 - Roberta Cortes - She Put Her Fat Dick In His Ass\,{DT16~Excl~ME0PNH1C~20180928 - Roberta Cortes - She Put Her Fat Dick In His Ass}
_mg_9457.jpg,579043,32a57ef5,\Exclusive\20180928 - Roberta Cortes - She Put Her Fat Dick In His Ass\,{DT16~Excl~ME0PNH1C~20180928 - Roberta Cortes - She Put Her Fat Dick In His Ass}
_mg_9458.jpg,591626,26fa9d0d,\Exclusive\20180928 - Roberta Cortes - She Put Her Fat Dick In His Ass\,{DT16~Excl~ME0PNH1C~20180928 - Roberta Cortes - She Put Her Fat Dick In His Ass}
_mg_9459.jpg,569356,3da347b7,\Exclusive\20180928 - Roberta Cortes - She Put Her Fat Dick In His Ass\,{DT16~Excl~ME0PNH1C~20180928 - Roberta Cortes - She Put Her Fat Dick In His Ass}
_mg_9460.jpg,570541,be769851,\Exclusive\20180928 - Roberta Cortes - She Put Her Fat Dick In His Ass\,{DT16~Excl~ME0PNH1C~20180928 - Roberta Cortes - She Put Her Fat Dick In His Ass}
_mg_9461.jpg,572852,4834417b,\Exclusive\20180928 - Roberta Cortes - She Put Her Fat Dick In His Ass\,{DT16~Excl~ME0PNH1C~20180928 - Roberta Cortes - She Put Her Fat Dick In His Ass}
_mg_9463.jpg,633888,9fe180f2,\Exclusive\20180928 - Roberta Cortes - She Put Her Fat Dick In His Ass\,{DT16~Excl~ME0PNH1C~20180928 - Roberta Cortes - She Put Her Fat Dick In His Ass}
_mg_9464.jpg,631629,b86b115e,\Exclusive\20180928 - Roberta Cortes - She Put Her Fat Dick In His Ass\,{DT16~Excl~ME0PNH1C~20180928 - Roberta Cortes - She Put Her Fat Dick In His Ass}
_mg_9466.jpg,563497,3a97d38f,\Exclusive\20180928 - Roberta Cortes - She Put Her Fat Dick In His Ass\,{DT16~Excl~ME0PNH1C~20180928 - Roberta Cortes - She Put Her Fat Dick In His Ass}
_mg_9467.jpg,589124,cdd7c947,\Exclusive\20180928 - Roberta Cortes - She Put Her Fat Dick In His Ass\,{DT16~Excl~ME0PNH1C~20180928 - Roberta Cortes - She Put Her Fat Dick In His Ass}
_mg_9468.jpg,538660,1555bc07,\Exclusive\20180928 - Roberta Cortes - She Put Her Fat Dick In His Ass\,{DT16~Excl~ME0PNH1C~20180928 - Roberta Cortes - She Put Her Fat Dick In His Ass}
_mg_9469.jpg,593010,17f6643a,\Exclusive\20180928 - Roberta Cortes - She Put Her Fat Dick In His Ass\,{DT16~Excl~ME0PNH1C~20180928 - Roberta Cortes - She Put Her Fat Dick In His Ass}
_mg_9470.jpg,629947,4ce8ccd6,\Exclusive\20180928 - Roberta Cortes - She Put Her Fat Dick In His Ass\,{DT16~Excl~ME0PNH1C~20180928 - Roberta Cortes - She Put Her Fat Dick In His Ass}
_mg_9473.jpg,668966,783cba85,\Exclusive\20180928 - Roberta Cortes - She Put Her Fat Dick In His Ass\,{DT16~Excl~ME0PNH1C~20180928 - Roberta Cortes - She Put Her Fat Dick In His Ass}
_mg_9474.jpg,602458,e3ecb9ca,\Exclusive\20180928 - Roberta Cortes - She Put Her Fat Dick In His Ass\,{DT16~Excl~ME0PNH1C~20180928 - Roberta Cortes - She Put Her Fat Dick In His Ass}
_mg_9475.jpg,497316,60460e7e,\Exclusive\20180928 - Roberta Cortes - She Put Her Fat Dick In His Ass\,{DT16~Excl~ME0PNH1C~20180928 - Roberta Cortes - She Put Her Fat Dick In His Ass}
_mg_9476.jpg,538849,39a53d60,\Exclusive\20180928 - Roberta Cortes - She Put Her Fat Dick In His Ass\,{DT16~Excl~ME0PNH1C~20180928 - Roberta Cortes - She Put Her Fat Dick In His Ass}
_mg_9477.jpg,626147,58ed8931,\Exclusive\20180928 - Roberta Cortes - She Put Her Fat Dick In His Ass\,{DT16~Excl~ME0PNH1C~20180928 - Roberta Cortes - She Put Her Fat Dick In His Ass}
_mg_9478.jpg,524523,af3da676,\Exclusive\20180928 - Roberta Cortes - She Put Her Fat Dick In His Ass\,{DT16~Excl~ME0PNH1C~20180928 - Roberta Cortes - She Put Her Fat Dick In His Ass}
_mg_9480.jpg,563080,981eedd3,\Exclusive\20180928 - Roberta Cortes - She Put Her Fat Dick In His Ass\,{DT16~Excl~ME0PNH1C~20180928 - Roberta Cortes - She Put Her Fat Dick In His Ass}
_mg_9481.jpg,510569,7dab0b18,\Exclusive\20180928 - Roberta Cortes - She Put Her Fat Dick In His Ass\,{DT16~Excl~ME0PNH1C~20180928 - Roberta Cortes - She Put Her Fat Dick In His Ass}
_mg_9482.jpg,572005,efd6a3bb,\Exclusive\20180928 - Roberta Cortes - She Put Her Fat Dick In His Ass\,{DT16~Excl~ME0PNH1C~20180928 - Roberta Cortes - She Put Her Fat Dick In His Ass}
_mg_9483.jpg,554536,6ba3a17c,\Exclusive\20180928 - Roberta Cortes - She Put Her Fat Dick In His Ass\,{DT16~Excl~ME0PNH1C~20180928 - Roberta Cortes - She Put Her Fat Dick In His Ass}
_mg_9484.jpg,541853,2115ee03,\Exclusive\20180928 - Roberta Cortes - She Put Her Fat Dick In His Ass\,{DT16~Excl~ME0PNH1C~20180928 - Roberta Cortes - She Put Her Fat Dick In His Ass}
_mg_9485.jpg,545557,80f18c65,\Exclusive\20180928 - Roberta Cortes - She Put Her Fat Dick In His Ass\,{DT16~Excl~ME0PNH1C~20180928 - Roberta Cortes - She Put Her Fat Dick In His Ass}
_mg_9486.jpg,554597,6c00418e,\Exclusive\20180928 - Roberta Cortes - She Put Her Fat Dick In His Ass\,{DT16~Excl~ME0PNH1C~20180928 - Roberta Cortes - She Put Her Fat Dick In His Ass}
_mg_9488.jpg,561172,9f1b3b93,\Exclusive\20180928 - Roberta Cortes - She Put Her Fat Dick In His Ass\,{DT16~Excl~ME0PNH1C~20180928 - Roberta Cortes - She Put Her Fat Dick In His Ass}
_mg_9489.jpg,595618,037b952e,\Exclusive\20180928 - Roberta Cortes - She Put Her Fat Dick In His Ass\,{DT16~Excl~ME0PNH1C~20180928 - Roberta Cortes - She Put Her Fat Dick In His Ass}
_mg_9490.jpg,576667,245ca4d0,\Exclusive\20180928 - Roberta Cortes - She Put Her Fat Dick In His Ass\,{DT16~Excl~ME0PNH1C~20180928 - Roberta Cortes - She Put Her Fat Dick In His Ass}
_mg_9491.jpg,650054,c1a3b35f,\Exclusive\20180928 - Roberta Cortes - She Put Her Fat Dick In His Ass\,{DT16~Excl~ME0PNH1C~20180928 - Roberta Cortes - She Put Her Fat Dick In His Ass}
_mg_9493.jpg,613340,99d1ba89,\Exclusive\20180928 - Roberta Cortes - She Put Her Fat Dick In His Ass\,{DT16~Excl~ME0PNH1C~20180928 - Roberta Cortes - She Put Her Fat Dick In His Ass}
_mg_9496.jpg,619058,81560578,\Exclusive\20180928 - Roberta Cortes - She Put Her Fat Dick In His Ass\,{DT16~Excl~ME0PNH1C~20180928 - Roberta Cortes - She Put Her Fat Dick In His Ass}
_mg_9497.jpg,632983,6c5effe2,\Exclusive\20180928 - Roberta Cortes - She Put Her Fat Dick In His Ass\,{DT16~Excl~ME0PNH1C~20180928 - Roberta Cortes - She Put Her Fat Dick In His Ass}
_mg_9498.jpg,628339,c06c841e,\Exclusive\20180928 - Roberta Cortes - She Put Her Fat Dick In His Ass\,{DT16~Excl~ME0PNH1C~20180928 - Roberta Cortes - She Put Her Fat Dick In His Ass}
_mg_9500.jpg,605959,df473deb,\Exclusive\20180928 - Roberta Cortes - She Put Her Fat Dick In His Ass\,{DT16~Excl~ME0PNH1C~20180928 - Roberta Cortes - She Put Her Fat Dick In His Ass}
_mg_9501.jpg,621338,bde650b9,\Exclusive\20180928 - Roberta Cortes - She Put Her Fat Dick In His Ass\,{DT16~Excl~ME0PNH1C~20180928 - Roberta Cortes - She Put Her Fat Dick In His Ass}
_mg_9502.jpg,403874,b9f683e6,\Exclusive\20180928 - Roberta Cortes - She Put Her Fat Dick In His Ass\,{DT16~Excl~ME0PNH1C~20180928 - Roberta Cortes - She Put Her Fat Dick In His Ass}
_mg_9503.jpg,554505,4e2eec28,\Exclusive\20180928 - Roberta Cortes - She Put Her Fat Dick In His Ass\,{DT16~Excl~ME0PNH1C~20180928 - Roberta Cortes - She Put Her Fat Dick In His Ass}
_mg_9505.jpg,557169,a4a0bfc7,\Exclusive\20180928 - Roberta Cortes - She Put Her Fat Dick In His Ass\,{DT16~Excl~ME0PNH1C~20180928 - Roberta Cortes - She Put Her Fat Dick In His Ass}
_mg_9506.jpg,537909,493d2bb7,\Exclusive\20180928 - Roberta Cortes - She Put Her Fat Dick In His Ass\,{DT16~Excl~ME0PNH1C~20180928 - Roberta Cortes - She Put Her Fat Dick In His Ass}
_mg_9507.jpg,507215,3486d8b6,\Exclusive\20180928 - Roberta Cortes - She Put Her Fat Dick In His Ass\,{DT16~Excl~ME0PNH1C~20180928 - Roberta Cortes - She Put Her Fat Dick In His Ass}
_mg_9510.jpg,503563,cfc29e93,\Exclusive\20180928 - Roberta Cortes - She Put Her Fat Dick In His Ass\,{DT16~Excl~ME0PNH1C~20180928 - Roberta Cortes - She Put Her Fat Dick In His Ass}
_mg_9511.jpg,523538,079824e2,\Exclusive\20180928 - Roberta Cortes - She Put Her Fat Dick In His Ass\,{DT16~Excl~ME0PNH1C~20180928 - Roberta Cortes - She Put Her Fat Dick In His Ass}
_mg_9512.jpg,623675,5b96bb41,\Exclusive\20180928 - Roberta Cortes - She Put Her Fat Dick In His Ass\,{DT16~Excl~ME0PNH1C~20180928 - Roberta Cortes - She Put Her Fat Dick In His Ass}
_mg_9514.jpg,519988,530ce2ab,\Exclusive\20180928 - Roberta Cortes - She Put Her Fat Dick In His Ass\,{DT16~Excl~ME0PNH1C~20180928 - Roberta Cortes - She Put Her Fat Dick In His Ass}
_mg_9515.jpg,513178,d6f76543,\Exclusive\20180928 - Roberta Cortes - She Put Her Fat Dick In His Ass\,{DT16~Excl~ME0PNH1C~20180928 - Roberta Cortes - She Put Her Fat Dick In His Ass}
_mg_9516.jpg,506697,4cd70194,\Exclusive\20180928 - Roberta Cortes - She Put Her Fat Dick In His Ass\,{DT16~Excl~ME0PNH1C~20180928 - Roberta Cortes - She Put Her Fat Dick In His Ass}
_mg_9517.jpg,543020,8ad60cf6,\Exclusive\20180928 - Roberta Cortes - She Put Her Fat Dick In His Ass\,{DT16~Excl~ME0PNH1C~20180928 - Roberta Cortes - She Put Her Fat Dick In His Ass}
_mg_9518.jpg,716031,a3850abe,\Exclusive\20180928 - Roberta Cortes - She Put Her Fat Dick In His Ass\,{DT16~Excl~ME0PNH1C~20180928 - Roberta Cortes - She Put Her Fat Dick In His Ass}
_mg_9521.jpg,530876,22345975,\Exclusive\20180928 - Roberta Cortes - She Put Her Fat Dick In His Ass\,{DT16~Excl~ME0PNH1C~20180928 - Roberta Cortes - She Put Her Fat Dick In His Ass}
_mg_9522.jpg,562921,31c70a7e,\Exclusive\20180928 - Roberta Cortes - She Put Her Fat Dick In His Ass\,{DT16~Excl~ME0PNH1C~20180928 - Roberta Cortes - She Put Her Fat Dick In His Ass}
_mg_9523.jpg,589842,93de3095,\Exclusive\20180928 - Roberta Cortes - She Put Her Fat Dick In His Ass\,{DT16~Excl~ME0PNH1C~20180928 - Roberta Cortes - She Put Her Fat Dick In His Ass}
_mg_9525.jpg,433295,1415cae0,\Exclusive\20180928 - Roberta Cortes - She Put Her Fat Dick In His Ass\,{DT16~Excl~ME0PNH1C~20180928 - Roberta Cortes - She Put Her Fat Dick In His Ass}
_mg_9526.jpg,530319,28e92d8a,\Exclusive\20180928 - Roberta Cortes - She Put Her Fat Dick In His Ass\,{DT16~Excl~ME0PNH1C~20180928 - Roberta Cortes - She Put Her Fat Dick In His Ass}
_mg_9531.jpg,586254,264aea43,\Exclusive\20180928 - Roberta Cortes - She Put Her Fat Dick In His Ass\,{DT16~Excl~ME0PNH1C~20180928 - Roberta Cortes - She Put Her Fat Dick In His Ass}
_mg_9532.jpg,540494,6c988133,\Exclusive\20180928 - Roberta Cortes - She Put Her Fat Dick In His Ass\,{DT16~Excl~ME0PNH1C~20180928 - Roberta Cortes - She Put Her Fat Dick In His Ass}
_mg_9533.jpg,509305,20fe1c89,\Exclusive\20180928 - Roberta Cortes - She Put Her Fat Dick In His Ass\,{DT16~Excl~ME0PNH1C~20180928 - Roberta Cortes - She Put Her Fat Dick In His Ass}
_mg_9534.jpg,456004,e0dfdd18,\Exclusive\20180928 - Roberta Cortes - She Put Her Fat Dick In His Ass\,{DT16~Excl~ME0PNH1C~20180928 - Roberta Cortes - She Put Her Fat Dick In His Ass}
_mg_9535.jpg,535870,e21fbd09,\Exclusive\20180928 - Roberta Cortes - She Put Her Fat Dick In His Ass\,{DT16~Excl~ME0PNH1C~20180928 - Roberta Cortes - She Put Her Fat Dick In His Ass}
_mg_9536.jpg,533738,3ad55bc9,\Exclusive\20180928 - Roberta Cortes - She Put Her Fat Dick In His Ass\,{DT16~Excl~ME0PNH1C~20180928 - Roberta Cortes - She Put Her Fat Dick In His Ass}
_mg_9537.jpg,659361,54ce4679,\Exclusive\20180928 - Roberta Cortes - She Put Her Fat Dick In His Ass\,{DT16~Excl~ME0PNH1C~20180928 - Roberta Cortes - She Put Her Fat Dick In His Ass}
_mg_9538.jpg,688651,43dcdd24,\Exclusive\20180928 - Roberta Cortes - She Put Her Fat Dick In His Ass\,{DT16~Excl~ME0PNH1C~20180928 - Roberta Cortes - She Put Her Fat Dick In His Ass}
_mg_9539.jpg,715521,a139aabf,\Exclusive\20180928 - Roberta Cortes - She Put Her Fat Dick In His Ass\,{DT16~Excl~ME0PNH1C~20180928 - Roberta Cortes - She Put Her Fat Dick In His Ass}
_mg_9541.jpg,664672,cb6355b5,\Exclusive\20180928 - Roberta Cortes - She Put Her Fat Dick In His Ass\,{DT16~Excl~ME0PNH1C~20180928 - Roberta Cortes - She Put Her Fat Dick In His Ass}
_mg_9542.jpg,629795,6960b401,\Exclusive\20180928 - Roberta Cortes - She Put Her Fat Dick In His Ass\,{DT16~Excl~ME0PNH1C~20180928 - Roberta Cortes - She Put Her Fat Dick In His Ass}
_mg_9543.jpg,630642,8f627715,\Exclusive\20180928 - Roberta Cortes - She Put Her Fat Dick In His Ass\,{DT16~Excl~ME0PNH1C~20180928 - Roberta Cortes - She Put Her Fat Dick In His Ass}
_mg_9544.jpg,631694,ceefda78,\Exclusive\20180928 - Roberta Cortes - She Put Her Fat Dick In His Ass\,{DT16~Excl~ME0PNH1C~20180928 - Roberta Cortes - She Put Her Fat Dick In His Ass}
_mg_9546.jpg,611821,08c44e0e,\Exclusive\20180928 - Roberta Cortes - She Put Her Fat Dick In His Ass\,{DT16~Excl~ME0PNH1C~20180928 - Roberta Cortes - She Put Her Fat Dick In His Ass}
_mg_9547.jpg,607378,4a705665,\Exclusive\20180928 - Roberta Cortes - She Put Her Fat Dick In His Ass\,{DT16~Excl~ME0PNH1C~20180928 - Roberta Cortes - She Put Her Fat Dick In His Ass}
_mg_9548.jpg,591806,c98d1d56,\Exclusive\20180928 - Roberta Cortes - She Put Her Fat Dick In His Ass\,{DT16~Excl~ME0PNH1C~20180928 - Roberta Cortes - She Put Her Fat Dick In His Ass}
_mg_9549.jpg,621684,d9b2f2ce,\Exclusive\20180928 - Roberta Cortes - She Put Her Fat Dick In His Ass\,{DT16~Excl~ME0PNH1C~20180928 - Roberta Cortes - She Put Her Fat Dick In His Ass}
_mg_9550.jpg,606470,acdc748c,\Exclusive\20180928 - Roberta Cortes - She Put Her Fat Dick In His Ass\,{DT16~Excl~ME0PNH1C~20180928 - Roberta Cortes - She Put Her Fat Dick In His Ass}
_mg_9551.jpg,602809,b1915ceb,\Exclusive\20180928 - Roberta Cortes - She Put Her Fat Dick In His Ass\,{DT16~Excl~ME0PNH1C~20180928 - Roberta Cortes - She Put Her Fat Dick In His Ass}
_mg_9552.jpg,607879,27dd1b11,\Exclusive\20180928 - Roberta Cortes - She Put Her Fat Dick In His Ass\,{DT16~Excl~ME0PNH1C~20180928 - Roberta Cortes - She Put Her Fat Dick In His Ass}
_mg_9555.jpg,579712,d7e42ba2,\Exclusive\20180928 - Roberta Cortes - She Put Her Fat Dick In His Ass\,{DT16~Excl~ME0PNH1C~20180928 - Roberta Cortes - She Put Her Fat Dick In His Ass}
_mg_9556.jpg,555383,c2b2a59f,\Exclusive\20180928 - Roberta Cortes - She Put Her Fat Dick In His Ass\,{DT16~Excl~ME0PNH1C~20180928 - Roberta Cortes - She Put Her Fat Dick In His Ass}
_mg_9557.jpg,542268,19ad981c,\Exclusive\20180928 - Roberta Cortes - She Put Her Fat Dick In His Ass\,{DT16~Excl~ME0PNH1C~20180928 - Roberta Cortes - She Put Her Fat Dick In His Ass}
_mg_9558.jpg,503421,cd543b49,\Exclusive\20180928 - Roberta Cortes - She Put Her Fat Dick In His Ass\,{DT16~Excl~ME0PNH1C~20180928 - Roberta Cortes - She Put Her Fat Dick In His Ass}
_mg_9559.jpg,455660,0b02082c,\Exclusive\20180928 - Roberta Cortes - She Put Her Fat Dick In His Ass\,{DT16~Excl~ME0PNH1C~20180928 - Roberta Cortes - She Put Her Fat Dick In His Ass}
_mg_9560.jpg,532282,c9e5d248,\Exclusive\20180928 - Roberta Cortes - She Put Her Fat Dick In His Ass\,{DT16~Excl~ME0PNH1C~20180928 - Roberta Cortes - She Put Her Fat Dick In His Ass}
_mg_9561.jpg,529641,c47385f2,\Exclusive\20180928 - Roberta Cortes - She Put Her Fat Dick In His Ass\,{DT16~Excl~ME0PNH1C~20180928 - Roberta Cortes - She Put Her Fat Dick In His Ass}
_mg_9562.jpg,530743,177dae47,\Exclusive\20180928 - Roberta Cortes - She Put Her Fat Dick In His Ass\,{DT16~Excl~ME0PNH1C~20180928 - Roberta Cortes - She Put Her Fat Dick In His Ass}
_mg_9563.jpg,511838,eb6ce7af,\Exclusive\20180928 - Roberta Cortes - She Put Her Fat Dick In His Ass\,{DT16~Excl~ME0PNH1C~20180928 - Roberta Cortes - She Put Her Fat Dick In His Ass}
_mg_9564.jpg,569770,255a0a81,\Exclusive\20180928 - Roberta Cortes - She Put Her Fat Dick In His Ass\,{DT16~Excl~ME0PNH1C~20180928 - Roberta Cortes - She Put Her Fat Dick In His Ass}
_mg_9566.jpg,606143,40809716,\Exclusive\20180928 - Roberta Cortes - She Put Her Fat Dick In His Ass\,{DT16~Excl~ME0PNH1C~20180928 - Roberta Cortes - She Put Her Fat Dick In His Ass}
_mg_9567.jpg,454116,7a59deb7,\Exclusive\20180928 - Roberta Cortes - She Put Her Fat Dick In His Ass\,{DT16~Excl~ME0PNH1C~20180928 - Roberta Cortes - She Put Her Fat Dick In His Ass}
_mg_9568.jpg,497817,73d6ebc6,\Exclusive\20180928 - Roberta Cortes - She Put Her Fat Dick In His Ass\,{DT16~Excl~ME0PNH1C~20180928 - Roberta Cortes - She Put Her Fat Dick In His Ass}
_mg_9569.jpg,545584,bf75be1d,\Exclusive\20180928 - Roberta Cortes - She Put Her Fat Dick In His Ass\,{DT16~Excl~ME0PNH1C~20180928 - Roberta Cortes - She Put Her Fat Dick In His Ass}
_mg_9570.jpg,568353,ef6fa165,\Exclusive\20180928 - Roberta Cortes - She Put Her Fat Dick In His Ass\,{DT16~Excl~ME0PNH1C~20180928 - Roberta Cortes - She Put Her Fat Dick In His Ass}
_mg_9572.jpg,495917,f8e6e124,\Exclusive\20180928 - Roberta Cortes - She Put Her Fat Dick In His Ass\,{DT16~Excl~ME0PNH1C~20180928 - Roberta Cortes - She Put Her Fat Dick In His Ass}
_mg_9573.jpg,539706,adfcf9e5,\Exclusive\20180928 - Roberta Cortes - She Put Her Fat Dick In His Ass\,{DT16~Excl~ME0PNH1C~20180928 - Roberta Cortes - She Put Her Fat Dick In His Ass}
_mg_9574.jpg,592546,cdc64712,\Exclusive\20180928 - Roberta Cortes - She Put Her Fat Dick In His Ass\,{DT16~Excl~ME0PNH1C~20180928 - Roberta Cortes - She Put Her Fat Dick In His Ass}
_mg_9575.jpg,506591,98538f80,\Exclusive\20180928 - Roberta Cortes - She Put Her Fat Dick In His Ass\,{DT16~Excl~ME0PNH1C~20180928 - Roberta Cortes - She Put Her Fat Dick In His Ass}
_mg_9576.jpg,548077,0a6d1ef5,\Exclusive\20180928 - Roberta Cortes - She Put Her Fat Dick In His Ass\,{DT16~Excl~ME0PNH1C~20180928 - Roberta Cortes - She Put Her Fat Dick In His Ass}
_mg_9577.jpg,593344,94e9d9a5,\Exclusive\20180928 - Roberta Cortes - She Put Her Fat Dick In His Ass\,{DT16~Excl~ME0PNH1C~20180928 - Roberta Cortes - She Put Her Fat Dick In His Ass}
_mg_9578.jpg,568195,e1348417,\Exclusive\20180928 - Roberta Cortes - She Put Her Fat Dick In His Ass\,{DT16~Excl~ME0PNH1C~20180928 - Roberta Cortes - She Put Her Fat Dick In His Ass}
_mg_9580.jpg,562514,aac9c08d,\Exclusive\20180928 - Roberta Cortes - She Put Her Fat Dick In His Ass\,{DT16~Excl~ME0PNH1C~20180928 - Roberta Cortes - She Put Her Fat Dick In His Ass}
_mg_9581.jpg,591210,ef24856c,\Exclusive\20180928 - Roberta Cortes - She Put Her Fat Dick In His Ass\,{DT16~Excl~ME0PNH1C~20180928 - Roberta Cortes - She Put Her Fat Dick In His Ass}
_mg_9582.jpg,620493,35237924,\Exclusive\20180928 - Roberta Cortes - She Put Her Fat Dick In His Ass\,{DT16~Excl~ME0PNH1C~20180928 - Roberta Cortes - She Put Her Fat Dick In His Ass}
_mg_9583.jpg,539746,daf0fdad,\Exclusive\20180928 - Roberta Cortes - She Put Her Fat Dick In His Ass\,{DT16~Excl~ME0PNH1C~20180928 - Roberta Cortes - She Put Her Fat Dick In His Ass}
_mg_9585.jpg,495778,e56c1b36,\Exclusive\20180928 - Roberta Cortes - She Put Her Fat Dick In His Ass\,{DT16~Excl~ME0PNH1C~20180928 - Roberta Cortes - She Put Her Fat Dick In His Ass}
_mg_9587.jpg,619152,3c44a2fb,\Exclusive\20180928 - Roberta Cortes - She Put Her Fat Dick In His Ass\,{DT16~Excl~ME0PNH1C~20180928 - Roberta Cortes - She Put Her Fat Dick In His Ass}
_mg_9588.jpg,553824,29a95980,\Exclusive\20180928 - Roberta Cortes - She Put Her Fat Dick In His Ass\,{DT16~Excl~ME0PNH1C~20180928 - Roberta Cortes - She Put Her Fat Dick In His Ass}
_mg_9589.jpg,588191,4096a0b4,\Exclusive\20180928 - Roberta Cortes - She Put Her Fat Dick In His Ass\,{DT16~Excl~ME0PNH1C~20180928 - Roberta Cortes - She Put Her Fat Dick In His Ass}
_mg_9590.jpg,592347,69917cd6,\Exclusive\20180928 - Roberta Cortes - She Put Her Fat Dick In His Ass\,{DT16~Excl~ME0PNH1C~20180928 - Roberta Cortes - She Put Her Fat Dick In His Ass}
_mg_9591.jpg,596370,7599984a,\Exclusive\20180928 - Roberta Cortes - She Put Her Fat Dick In His Ass\,{DT16~Excl~ME0PNH1C~20180928 - Roberta Cortes - She Put Her Fat Dick In His Ass}
_mg_9592.jpg,586902,0da60e92,\Exclusive\20180928 - Roberta Cortes - She Put Her Fat Dick In His Ass\,{DT16~Excl~ME0PNH1C~20180928 - Roberta Cortes - She Put Her Fat Dick In His Ass}
_mg_9593.jpg,586344,ec7fe6e7,\Exclusive\20180928 - Roberta Cortes - She Put Her Fat Dick In His Ass\,{DT16~Excl~ME0PNH1C~20180928 - Roberta Cortes - She Put Her Fat Dick In His Ass}
_mg_9594.jpg,578623,55a71f79,\Exclusive\20180928 - Roberta Cortes - She Put Her Fat Dick In His Ass\,{DT16~Excl~ME0PNH1C~20180928 - Roberta Cortes - She Put Her Fat Dick In His Ass}
_mg_9595.jpg,532254,38f86b04,\Exclusive\20180928 - Roberta Cortes - She Put Her Fat Dick In His Ass\,{DT16~Excl~ME0PNH1C~20180928 - Roberta Cortes - She Put Her Fat Dick In His Ass}
_mg_9596.jpg,583997,08effa3d,\Exclusive\20180928 - Roberta Cortes - She Put Her Fat Dick In His Ass\,{DT16~Excl~ME0PNH1C~20180928 - Roberta Cortes - She Put Her Fat Dick In His Ass}
_mg_9597.jpg,531711,90c8dfe8,\Exclusive\20180928 - Roberta Cortes - She Put Her Fat Dick In His Ass\,{DT16~Excl~ME0PNH1C~20180928 - Roberta Cortes - She Put Her Fat Dick In His Ass}
_mg_9599.jpg,553210,c7ad1ff9,\Exclusive\20180928 - Roberta Cortes - She Put Her Fat Dick In His Ass\,{DT16~Excl~ME0PNH1C~20180928 - Roberta Cortes - She Put Her Fat Dick In His Ass}
_mg_9600.jpg,513984,795bfb6e,\Exclusive\20180928 - Roberta Cortes - She Put Her Fat Dick In His Ass\,{DT16~Excl~ME0PNH1C~20180928 - Roberta Cortes - She Put Her Fat Dick In His Ass}
_mg_9601.jpg,523695,458f24e0,\Exclusive\20180928 - Roberta Cortes - She Put Her Fat Dick In His Ass\,{DT16~Excl~ME0PNH1C~20180928 - Roberta Cortes - She Put Her Fat Dick In His Ass}
_mg_9602.jpg,507309,b3cb4e72,\Exclusive\20180928 - Roberta Cortes - She Put Her Fat Dick In His Ass\,{DT16~Excl~ME0PNH1C~20180928 - Roberta Cortes - She Put Her Fat Dick In His Ass}
_mg_9606.jpg,439019,6b5b7fab,\Exclusive\20180928 - Roberta Cortes - She Put Her Fat Dick In His Ass\,{DT16~Excl~ME0PNH1C~20180928 - Roberta Cortes - She Put Her Fat Dick In His Ass}
_mg_9607.jpg,501631,09735e48,\Exclusive\20180928 - Roberta Cortes - She Put Her Fat Dick In His Ass\,{DT16~Excl~ME0PNH1C~20180928 - Roberta Cortes - She Put Her Fat Dick In His Ass}
_mg_9608.jpg,495923,8dd28176,\Exclusive\20180928 - Roberta Cortes - She Put Her Fat Dick In His Ass\,{DT16~Excl~ME0PNH1C~20180928 - Roberta Cortes - She Put Her Fat Dick In His Ass}
_mg_9610.jpg,523477,3c772009,\Exclusive\20180928 - Roberta Cortes - She Put Her Fat Dick In His Ass\,{DT16~Excl~ME0PNH1C~20180928 - Roberta Cortes - She Put Her Fat Dick In His Ass}
_mg_9611.jpg,519141,61f99b32,\Exclusive\20180928 - Roberta Cortes - She Put Her Fat Dick In His Ass\,{DT16~Excl~ME0PNH1C~20180928 - Roberta Cortes - She Put Her Fat Dick In His Ass}
_mg_9612.jpg,549890,8980d5cf,\Exclusive\20180928 - Roberta Cortes - She Put Her Fat Dick In His Ass\,{DT16~Excl~ME0PNH1C~20180928 - Roberta Cortes - She Put Her Fat Dick In His Ass}
_mg_9613.jpg,465689,c931ab7f,\Exclusive\20180928 - Roberta Cortes - She Put Her Fat Dick In His Ass\,{DT16~Excl~ME0PNH1C~20180928 - Roberta Cortes - She Put Her Fat Dick In His Ass}
_mg_9615.jpg,514641,ce67e6ff,\Exclusive\20180928 - Roberta Cortes - She Put Her Fat Dick In His Ass\,{DT16~Excl~ME0PNH1C~20180928 - Roberta Cortes - She Put Her Fat Dick In His Ass}
_mg_9616.jpg,492770,7f525f53,\Exclusive\20180928 - Roberta Cortes - She Put Her Fat Dick In His Ass\,{DT16~Excl~ME0PNH1C~20180928 - Roberta Cortes - She Put Her Fat Dick In His Ass}
_mg_9617.jpg,547686,85e05df8,\Exclusive\20180928 - Roberta Cortes - She Put Her Fat Dick In His Ass\,{DT16~Excl~ME0PNH1C~20180928 - Roberta Cortes - She Put Her Fat Dick In His Ass}
_mg_9618.jpg,552611,0bdcd168,\Exclusive\20180928 - Roberta Cortes - She Put Her Fat Dick In His Ass\,{DT16~Excl~ME0PNH1C~20180928 - Roberta Cortes - She Put Her Fat Dick In His Ass}
_mg_9620.jpg,608255,92a72e55,\Exclusive\20180928 - Roberta Cortes - She Put Her Fat Dick In His Ass\,{DT16~Excl~ME0PNH1C~20180928 - Roberta Cortes - She Put Her Fat Dick In His Ass}
_mg_9621.jpg,552519,9a33839f,\Exclusive\20180928 - Roberta Cortes - She Put Her Fat Dick In His Ass\,{DT16~Excl~ME0PNH1C~20180928 - Roberta Cortes - She Put Her Fat Dick In His Ass}
_mg_9623.jpg,574423,63bb0939,\Exclusive\20180928 - Roberta Cortes - She Put Her Fat Dick In His Ass\,{DT16~Excl~ME0PNH1C~20180928 - Roberta Cortes - She Put Her Fat Dick In His Ass}
_mg_9624.jpg,536199,a5d74806,\Exclusive\20180928 - Roberta Cortes - She Put Her Fat Dick In His Ass\,{DT16~Excl~ME0PNH1C~20180928 - Roberta Cortes - She Put Her Fat Dick In His Ass}
_mg_9625.jpg,597779,043d732a,\Exclusive\20180928 - Roberta Cortes - She Put Her Fat Dick In His Ass\,{DT16~Excl~ME0PNH1C~20180928 - Roberta Cortes - She Put Her Fat Dick In His Ass}
_mg_9626.jpg,610145,9bec4a95,\Exclusive\20180928 - Roberta Cortes - She Put Her Fat Dick In His Ass\,{DT16~Excl~ME0PNH1C~20180928 - Roberta Cortes - She Put Her Fat Dick In His Ass}
_mg_9627.jpg,536681,1ff695d5,\Exclusive\20180928 - Roberta Cortes - She Put Her Fat Dick In His Ass\,{DT16~Excl~ME0PNH1C~20180928 - Roberta Cortes - She Put Her Fat Dick In His Ass}
_mg_9628.jpg,550874,e24aa440,\Exclusive\20180928 - Roberta Cortes - She Put Her Fat Dick In His Ass\,{DT16~Excl~ME0PNH1C~20180928 - Roberta Cortes - She Put Her Fat Dick In His Ass}
_mg_9629.jpg,558947,239764cb,\Exclusive\20180928 - Roberta Cortes - She Put Her Fat Dick In His Ass\,{DT16~Excl~ME0PNH1C~20180928 - Roberta Cortes - She Put Her Fat Dick In His Ass}
_mg_9630.jpg,513827,4f081ff3,\Exclusive\20180928 - Roberta Cortes - She Put Her Fat Dick In His Ass\,{DT16~Excl~ME0PNH1C~20180928 - Roberta Cortes - She Put Her Fat Dick In His Ass}
_mg_9631.jpg,487933,5e914611,\Exclusive\20180928 - Roberta Cortes - She Put Her Fat Dick In His Ass\,{DT16~Excl~ME0PNH1C~20180928 - Roberta Cortes - She Put Her Fat Dick In His Ass}
_mg_9632.jpg,507272,0a1172a4,\Exclusive\20180928 - Roberta Cortes - She Put Her Fat Dick In His Ass\,{DT16~Excl~ME0PNH1C~20180928 - Roberta Cortes - She Put Her Fat Dick In His Ass}
_mg_9634.jpg,456134,b0c81e75,\Exclusive\20180928 - Roberta Cortes - She Put Her Fat Dick In His Ass\,{DT16~Excl~ME0PNH1C~20180928 - Roberta Cortes - She Put Her Fat Dick In His Ass}
_mg_9635.jpg,572209,e768cad2,\Exclusive\20180928 - Roberta Cortes - She Put Her Fat Dick In His Ass\,{DT16~Excl~ME0PNH1C~20180928 - Roberta Cortes - She Put Her Fat Dick In His Ass}
_mg_9636.jpg,519119,def2f528,\Exclusive\20180928 - Roberta Cortes - She Put Her Fat Dick In His Ass\,{DT16~Excl~ME0PNH1C~20180928 - Roberta Cortes - She Put Her Fat Dick In His Ass}
_mg_9638.jpg,537984,34488fdd,\Exclusive\20180928 - Roberta Cortes - She Put Her Fat Dick In His Ass\,{DT16~Excl~ME0PNH1C~20180928 - Roberta Cortes - She Put Her Fat Dick In His Ass}
_mg_9639.jpg,532085,271acb45,\Exclusive\20180928 - Roberta Cortes - She Put Her Fat Dick In His Ass\,{DT16~Excl~ME0PNH1C~20180928 - Roberta Cortes - She Put Her Fat Dick In His Ass}
_mg_9640.jpg,562342,aa58e7e1,\Exclusive\20180928 - Roberta Cortes - She Put Her Fat Dick In His Ass\,{DT16~Excl~ME0PNH1C~20180928 - Roberta Cortes - She Put Her Fat Dick In His Ass}
_mg_9641.jpg,467559,cd7d7dbc,\Exclusive\20180928 - Roberta Cortes - She Put Her Fat Dick In His Ass\,{DT16~Excl~ME0PNH1C~20180928 - Roberta Cortes - She Put Her Fat Dick In His Ass}
_mg_9644.jpg,523015,520c61dc,\Exclusive\20180928 - Roberta Cortes - She Put Her Fat Dick In His Ass\,{DT16~Excl~ME0PNH1C~20180928 - Roberta Cortes - She Put Her Fat Dick In His Ass}
_mg_9645.jpg,479554,8abb946e,\Exclusive\20180928 - Roberta Cortes - She Put Her Fat Dick In His Ass\,{DT16~Excl~ME0PNH1C~20180928 - Roberta Cortes - She Put Her Fat Dick In His Ass}
_mg_9646.jpg,478737,2bc3a8f6,\Exclusive\20180928 - Roberta Cortes - She Put Her Fat Dick In His Ass\,{DT16~Excl~ME0PNH1C~20180928 - Roberta Cortes - She Put Her Fat Dick In His Ass}
_mg_9647.jpg,506211,7954be18,\Exclusive\20180928 - Roberta Cortes - She Put Her Fat Dick In His Ass\,{DT16~Excl~ME0PNH1C~20180928 - Roberta Cortes - She Put Her Fat Dick In His Ass}
_mg_9648.jpg,580706,494252da,\Exclusive\20180928 - Roberta Cortes - She Put Her Fat Dick In His Ass\,{DT16~Excl~ME0PNH1C~20180928 - Roberta Cortes - She Put Her Fat Dick In His Ass}
_mg_9649.jpg,625763,ee5735f4,\Exclusive\20180928 - Roberta Cortes - She Put Her Fat Dick In His Ass\,{DT16~Excl~ME0PNH1C~20180928 - Roberta Cortes - She Put Her Fat Dick In His Ass}
_mg_9650.jpg,668173,69c169e5,\Exclusive\20180928 - Roberta Cortes - She Put Her Fat Dick In His Ass\,{DT16~Excl~ME0PNH1C~20180928 - Roberta Cortes - She Put Her Fat Dick In His Ass}
_mg_9651.jpg,529074,0a9f44b4,\Exclusive\20180928 - Roberta Cortes - She Put Her Fat Dick In His Ass\,{DT16~Excl~ME0PNH1C~20180928 - Roberta Cortes - She Put Her Fat Dick In His Ass}
_mg_9652.jpg,545473,784f43e4,\Exclusive\20180928 - Roberta Cortes - She Put Her Fat Dick In His Ass\,{DT16~Excl~ME0PNH1C~20180928 - Roberta Cortes - She Put Her Fat Dick In His Ass}
_mg_9653.jpg,476861,b65e857c,\Exclusive\20180928 - Roberta Cortes - She Put Her Fat Dick In His Ass\,{DT16~Excl~ME0PNH1C~20180928 - Roberta Cortes - She Put Her Fat Dick In His Ass}
_mg_9654.jpg,590376,7fbb29ac,\Exclusive\20180928 - Roberta Cortes - She Put Her Fat Dick In His Ass\,{DT16~Excl~ME0PNH1C~20180928 - Roberta Cortes - She Put Her Fat Dick In His Ass}
_mg_9655.jpg,549963,ba5ef060,\Exclusive\20180928 - Roberta Cortes - She Put Her Fat Dick In His Ass\,{DT16~Excl~ME0PNH1C~20180928 - Roberta Cortes - She Put Her Fat Dick In His Ass}
_mg_9656.jpg,608320,87e958bf,\Exclusive\20180928 - Roberta Cortes - She Put Her Fat Dick In His Ass\,{DT16~Excl~ME0PNH1C~20180928 - Roberta Cortes - She Put Her Fat Dick In His Ass}
_mg_9657.jpg,607744,6cd4b566,\Exclusive\20180928 - Roberta Cortes - She Put Her Fat Dick In His Ass\,{DT16~Excl~ME0PNH1C~20180928 - Roberta Cortes - She Put Her Fat Dick In His Ass}
_mg_9658.jpg,549081,e05dc2a8,\Exclusive\20180928 - Roberta Cortes - She Put Her Fat Dick In His Ass\,{DT16~Excl~ME0PNH1C~20180928 - Roberta Cortes - She Put Her Fat Dick In His Ass}
_mg_9660.jpg,629304,a570bc06,\Exclusive\20180928 - Roberta Cortes - She Put Her Fat Dick In His Ass\,{DT16~Excl~ME0PNH1C~20180928 - Roberta Cortes - She Put Her Fat Dick In His Ass}
_mg_9661.jpg,612180,01f485f9,\Exclusive\20180928 - Roberta Cortes - She Put Her Fat Dick In His Ass\,{DT16~Excl~ME0PNH1C~20180928 - Roberta Cortes - She Put Her Fat Dick In His Ass}
_mg_9662.jpg,608966,aa1769f3,\Exclusive\20180928 - Roberta Cortes - She Put Her Fat Dick In His Ass\,{DT16~Excl~ME0PNH1C~20180928 - Roberta Cortes - She Put Her Fat Dick In His Ass}
_mg_9663.jpg,551873,acb12f5d,\Exclusive\20180928 - Roberta Cortes - She Put Her Fat Dick In His Ass\,{DT16~Excl~ME0PNH1C~20180928 - Roberta Cortes - She Put Her Fat Dick In His Ass}
_mg_9665.jpg,547859,fbdda141,\Exclusive\20180928 - Roberta Cortes - She Put Her Fat Dick In His Ass\,{DT16~Excl~ME0PNH1C~20180928 - Roberta Cortes - She Put Her Fat Dick In His Ass}
_mg_9666.jpg,576633,12bb0968,\Exclusive\20180928 - Roberta Cortes - She Put Her Fat Dick In His Ass\,{DT16~Excl~ME0PNH1C~20180928 - Roberta Cortes - She Put Her Fat Dick In His Ass}
_mg_9667.jpg,540360,344f9da8,\Exclusive\20180928 - Roberta Cortes - She Put Her Fat Dick In His Ass\,{DT16~Excl~ME0PNH1C~20180928 - Roberta Cortes - She Put Her Fat Dick In His Ass}
_mg_9668.jpg,500979,4ce07ffd,\Exclusive\20180928 - Roberta Cortes - She Put Her Fat Dick In His Ass\,{DT16~Excl~ME0PNH1C~20180928 - Roberta Cortes - She Put Her Fat Dick In His Ass}
_mg_9670.jpg,581560,99443faf,\Exclusive\20180928 - Roberta Cortes - She Put Her Fat Dick In His Ass\,{DT16~Excl~ME0PNH1C~20180928 - Roberta Cortes - She Put Her Fat Dick In His Ass}
_mg_9671.jpg,561798,1edb0d96,\Exclusive\20180928 - Roberta Cortes - She Put Her Fat Dick In His Ass\,{DT16~Excl~ME0PNH1C~20180928 - Roberta Cortes - She Put Her Fat Dick In His Ass}
_mg_9672.jpg,560688,d75468c0,\Exclusive\20180928 - Roberta Cortes - She Put Her Fat Dick In His Ass\,{DT16~Excl~ME0PNH1C~20180928 - Roberta Cortes - She Put Her Fat Dick In His Ass}
_mg_9673.jpg,544844,dc5544bc,\Exclusive\20180928 - Roberta Cortes - She Put Her Fat Dick In His Ass\,{DT16~Excl~ME0PNH1C~20180928 - Roberta Cortes - She Put Her Fat Dick In His Ass}
_mg_9674.jpg,548316,6b54c4ba,\Exclusive\20180928 - Roberta Cortes - She Put Her Fat Dick In His Ass\,{DT16~Excl~ME0PNH1C~20180928 - Roberta Cortes - She Put Her Fat Dick In His Ass}
_mg_9675.jpg,582726,fdfb55b0,\Exclusive\20180928 - Roberta Cortes - She Put Her Fat Dick In His Ass\,{DT16~Excl~ME0PNH1C~20180928 - Roberta Cortes - She Put Her Fat Dick In His Ass}
_mg_9676.jpg,506614,08856b66,\Exclusive\20180928 - Roberta Cortes - She Put Her Fat Dick In His Ass\,{DT16~Excl~ME0PNH1C~20180928 - Roberta Cortes - She Put Her Fat Dick In His Ass}
_mg_9677.jpg,509637,a5ef0ad3,\Exclusive\20180928 - Roberta Cortes - She Put Her Fat Dick In His Ass\,{DT16~Excl~ME0PNH1C~20180928 - Roberta Cortes - She Put Her Fat Dick In His Ass}
_mg_9679.jpg,549641,fe5906c0,\Exclusive\20180928 - Roberta Cortes - She Put Her Fat Dick In His Ass\,{DT16~Excl~ME0PNH1C~20180928 - Roberta Cortes - She Put Her Fat Dick In His Ass}
_mg_9680.jpg,510059,61ed60c3,\Exclusive\20180928 - Roberta Cortes - She Put Her Fat Dick In His Ass\,{DT16~Excl~ME0PNH1C~20180928 - Roberta Cortes - She Put Her Fat Dick In His Ass}
_mg_9682.jpg,511675,5bf35cb8,\Exclusive\20180928 - Roberta Cortes - She Put Her Fat Dick In His Ass\,{DT16~Excl~ME0PNH1C~20180928 - Roberta Cortes - She Put Her Fat Dick In His Ass}
_mg_9684.jpg,550123,b0c8c9c8,\Exclusive\20180928 - Roberta Cortes - She Put Her Fat Dick In His Ass\,{DT16~Excl~ME0PNH1C~20180928 - Roberta Cortes - She Put Her Fat Dick In His Ass}
_mg_9685.jpg,568605,fd10dd59,\Exclusive\20180928 - Roberta Cortes - She Put Her Fat Dick In His Ass\,{DT16~Excl~ME0PNH1C~20180928 - Roberta Cortes - She Put Her Fat Dick In His Ass}
_mg_9686.jpg,547359,9f563828,\Exclusive\20180928 - Roberta Cortes - She Put Her Fat Dick In His Ass\,{DT16~Excl~ME0PNH1C~20180928 - Roberta Cortes - She Put Her Fat Dick In His Ass}
_mg_9687.jpg,515338,0d641aff,\Exclusive\20180928 - Roberta Cortes - She Put Her Fat Dick In His Ass\,{DT16~Excl~ME0PNH1C~20180928 - Roberta Cortes - She Put Her Fat Dick In His Ass}
_mg_9688.jpg,455465,9cb5c5d7,\Exclusive\20180928 - Roberta Cortes - She Put Her Fat Dick In His Ass\,{DT16~Excl~ME0PNH1C~20180928 - Roberta Cortes - She Put Her Fat Dick In His Ass}
_mg_9689.jpg,500053,6842c85a,\Exclusive\20180928 - Roberta Cortes - She Put Her Fat Dick In His Ass\,{DT16~Excl~ME0PNH1C~20180928 - Roberta Cortes - She Put Her Fat Dick In His Ass}
_mg_9690.jpg,506730,027560ab,\Exclusive\20180928 - Roberta Cortes - She Put Her Fat Dick In His Ass\,{DT16~Excl~ME0PNH1C~20180928 - Roberta Cortes - She Put Her Fat Dick In His Ass}
_mg_9691.jpg,463634,0b765ae6,\Exclusive\20180928 - Roberta Cortes - She Put Her Fat Dick In His Ass\,{DT16~Excl~ME0PNH1C~20180928 - Roberta Cortes - She Put Her Fat Dick In His Ass}
_mg_9692.jpg,551306,0908f394,\Exclusive\20180928 - Roberta Cortes - She Put Her Fat Dick In His Ass\,{DT16~Excl~ME0PNH1C~20180928 - Roberta Cortes - She Put Her Fat Dick In His Ass}
_mg_9693.jpg,570146,a2340aa7,\Exclusive\20180928 - Roberta Cortes - She Put Her Fat Dick In His Ass\,{DT16~Excl~ME0PNH1C~20180928 - Roberta Cortes - She Put Her Fat Dick In His Ass}
_mg_9695.jpg,652484,3f45dae0,\Exclusive\20180928 - Roberta Cortes - She Put Her Fat Dick In His Ass\,{DT16~Excl~ME0PNH1C~20180928 - Roberta Cortes - She Put Her Fat Dick In His Ass}
_mg_9696.jpg,502348,449a0628,\Exclusive\20180928 - Roberta Cortes - She Put Her Fat Dick In His Ass\,{DT16~Excl~ME0PNH1C~20180928 - Roberta Cortes - She Put Her Fat Dick In His Ass}
_mg_9697.jpg,462862,e46e0540,\Exclusive\20180928 - Roberta Cortes - She Put Her Fat Dick In His Ass\,{DT16~Excl~ME0PNH1C~20180928 - Roberta Cortes - She Put Her Fat Dick In His Ass}
_mg_9698.jpg,600626,ee7507a8,\Exclusive\20180928 - Roberta Cortes - She Put Her Fat Dick In His Ass\,{DT16~Excl~ME0PNH1C~20180928 - Roberta Cortes - She Put Her Fat Dick In His Ass}
_mg_9700.jpg,533973,92cba62a,\Exclusive\20180928 - Roberta Cortes - She Put Her Fat Dick In His Ass\,{DT16~Excl~ME0PNH1C~20180928 - Roberta Cortes - She Put Her Fat Dick In His Ass}
_mg_9701.jpg,561019,6457a89c,\Exclusive\20180928 - Roberta Cortes - She Put Her Fat Dick In His Ass\,{DT16~Excl~ME0PNH1C~20180928 - Roberta Cortes - She Put Her Fat Dick In His Ass}
_mg_9702.jpg,534881,283dcf19,\Exclusive\20180928 - Roberta Cortes - She Put Her Fat Dick In His Ass\,{DT16~Excl~ME0PNH1C~20180928 - Roberta Cortes - She Put Her Fat Dick In His Ass}
_mg_9703.jpg,550351,c30acb67,\Exclusive\20180928 - Roberta Cortes - She Put Her Fat Dick In His Ass\,{DT16~Excl~ME0PNH1C~20180928 - Roberta Cortes - She Put Her Fat Dick In His Ass}
_mg_9704.jpg,573287,cbd28def,\Exclusive\20180928 - Roberta Cortes - She Put Her Fat Dick In His Ass\,{DT16~Excl~ME0PNH1C~20180928 - Roberta Cortes - She Put Her Fat Dick In His Ass}
_mg_9705.jpg,519862,2cb31bef,\Exclusive\20180928 - Roberta Cortes - She Put Her Fat Dick In His Ass\,{DT16~Excl~ME0PNH1C~20180928 - Roberta Cortes - She Put Her Fat Dick In His Ass}
_mg_9706.jpg,526132,4036b7d6,\Exclusive\20180928 - Roberta Cortes - She Put Her Fat Dick In His Ass\,{DT16~Excl~ME0PNH1C~20180928 - Roberta Cortes - She Put Her Fat Dick In His Ass}
_mg_9707.jpg,513665,ba06eb19,\Exclusive\20180928 - Roberta Cortes - She Put Her Fat Dick In His Ass\,{DT16~Excl~ME0PNH1C~20180928 - Roberta Cortes - She Put Her Fat Dick In His Ass}
_mg_9708.jpg,550147,9762c011,\Exclusive\20180928 - Roberta Cortes - She Put Her Fat Dick In His Ass\,{DT16~Excl~ME0PNH1C~20180928 - Roberta Cortes - She Put Her Fat Dick In His Ass}
_mg_9709.jpg,547919,ea3fbd3b,\Exclusive\20180928 - Roberta Cortes - She Put Her Fat Dick In His Ass\,{DT16~Excl~ME0PNH1C~20180928 - Roberta Cortes - She Put Her Fat Dick In His Ass}
_mg_9710.jpg,571217,f414053e,\Exclusive\20180928 - Roberta Cortes - She Put Her Fat Dick In His Ass\,{DT16~Excl~ME0PNH1C~20180928 - Roberta Cortes - She Put Her Fat Dick In His Ass}
_mg_9711.jpg,578140,ee9e1dce,\Exclusive\20180928 - Roberta Cortes - She Put Her Fat Dick In His Ass\,{DT16~Excl~ME0PNH1C~20180928 - Roberta Cortes - She Put Her Fat Dick In His Ass}
_mg_9712.jpg,523911,0b7758b3,\Exclusive\20180928 - Roberta Cortes - She Put Her Fat Dick In His Ass\,{DT16~Excl~ME0PNH1C~20180928 - Roberta Cortes - She Put Her Fat Dick In His Ass}
_mg_9713.jpg,514810,fb040d29,\Exclusive\20180928 - Roberta Cortes - She Put Her Fat Dick In His Ass\,{DT16~Excl~ME0PNH1C~20180928 - Roberta Cortes - She Put Her Fat Dick In His Ass}
_mg_9714.jpg,556394,8d50a6d0,\Exclusive\20180928 - Roberta Cortes - She Put Her Fat Dick In His Ass\,{DT16~Excl~ME0PNH1C~20180928 - Roberta Cortes - She Put Her Fat Dick In His Ass}
_mg_9715.jpg,512949,9db75482,\Exclusive\20180928 - Roberta Cortes - She Put Her Fat Dick In His Ass\,{DT16~Excl~ME0PNH1C~20180928 - Roberta Cortes - She Put Her Fat Dick In His Ass}
_mg_9716.jpg,520260,cc1b8324,\Exclusive\20180928 - Roberta Cortes - She Put Her Fat Dick In His Ass\,{DT16~Excl~ME0PNH1C~20180928 - Roberta Cortes - She Put Her Fat Dick In His Ass}
_mg_9717.jpg,507245,f8124472,\Exclusive\20180928 - Roberta Cortes - She Put Her Fat Dick In His Ass\,{DT16~Excl~ME0PNH1C~20180928 - Roberta Cortes - She Put Her Fat Dick In His Ass}
_mg_9718.jpg,537468,99c37051,\Exclusive\20180928 - Roberta Cortes - She Put Her Fat Dick In His Ass\,{DT16~Excl~ME0PNH1C~20180928 - Roberta Cortes - She Put Her Fat Dick In His Ass}
_mg_9719.jpg,552560,2c707f6c,\Exclusive\20180928 - Roberta Cortes - She Put Her Fat Dick In His Ass\,{DT16~Excl~ME0PNH1C~20180928 - Roberta Cortes - She Put Her Fat Dick In His Ass}
_mg_1080.jpg,938374,5069db15,\Exclusive\20181002 - Dani Peterson - Super Sexy Masturbation\,{DT16~Excl~ME0PNM4E~20181002 - Dani Peterson - Super Sexy Masturbation}
_mg_1082.jpg,1027972,7df892e5,\Exclusive\20181002 - Dani Peterson - Super Sexy Masturbation\,{DT16~Excl~ME0PNM4E~20181002 - Dani Peterson - Super Sexy Masturbation}
_mg_1083.jpg,950351,823c16b2,\Exclusive\20181002 - Dani Peterson - Super Sexy Masturbation\,{DT16~Excl~ME0PNM4E~20181002 - Dani Peterson - Super Sexy Masturbation}
_mg_1085.jpg,927240,7a59ea89,\Exclusive\20181002 - Dani Peterson - Super Sexy Masturbation\,{DT16~Excl~ME0PNM4E~20181002 - Dani Peterson - Super Sexy Masturbation}
_mg_1086.jpg,942579,a119050e,\Exclusive\20181002 - Dani Peterson - Super Sexy Masturbation\,{DT16~Excl~ME0PNM4E~20181002 - Dani Peterson - Super Sexy Masturbation}
_mg_1089.jpg,925208,11d61086,\Exclusive\20181002 - Dani Peterson - Super Sexy Masturbation\,{DT16~Excl~ME0PNM4E~20181002 - Dani Peterson - Super Sexy Masturbation}
_mg_1090.jpg,901784,88e04dc8,\Exclusive\20181002 - Dani Peterson - Super Sexy Masturbation\,{DT16~Excl~ME0PNM4E~20181002 - Dani Peterson - Super Sexy Masturbation}
_mg_1091.jpg,844435,5e433d7f,\Exclusive\20181002 - Dani Peterson - Super Sexy Masturbation\,{DT16~Excl~ME0PNM4E~20181002 - Dani Peterson - Super Sexy Masturbation}
_mg_1092.jpg,822313,052f7097,\Exclusive\20181002 - Dani Peterson - Super Sexy Masturbation\,{DT16~Excl~ME0PNM4E~20181002 - Dani Peterson - Super Sexy Masturbation}
_mg_1093.jpg,933978,b9ad4e7d,\Exclusive\20181002 - Dani Peterson - Super Sexy Masturbation\,{DT16~Excl~ME0PNM4E~20181002 - Dani Peterson - Super Sexy Masturbation}
_mg_1094.jpg,937691,83cfa5d4,\Exclusive\20181002 - Dani Peterson - Super Sexy Masturbation\,{DT16~Excl~ME0PNM4E~20181002 - Dani Peterson - Super Sexy Masturbation}
_mg_1095.jpg,968298,82cb8aec,\Exclusive\20181002 - Dani Peterson - Super Sexy Masturbation\,{DT16~Excl~ME0PNM4E~20181002 - Dani Peterson - Super Sexy Masturbation}
_mg_1096.jpg,1023886,fd1c286e,\Exclusive\20181002 - Dani Peterson - Super Sexy Masturbation\,{DT16~Excl~ME0PNM4E~20181002 - Dani Peterson - Super Sexy Masturbation}
_mg_1097.jpg,1026710,2ae4b5b3,\Exclusive\20181002 - Dani Peterson - Super Sexy Masturbation\,{DT16~Excl~ME0PNM4E~20181002 - Dani Peterson - Super Sexy Masturbation}
_mg_1098.jpg,989276,d9b1a777,\Exclusive\20181002 - Dani Peterson - Super Sexy Masturbation\,{DT16~Excl~ME0PNM4E~20181002 - Dani Peterson - Super Sexy Masturbation}
_mg_1099.jpg,1061520,d58aa0e7,\Exclusive\20181002 - Dani Peterson - Super Sexy Masturbation\,{DT16~Excl~ME0PNM4E~20181002 - Dani Peterson - Super Sexy Masturbation}
_mg_1101.jpg,910289,e886a9c3,\Exclusive\20181002 - Dani Peterson - Super Sexy Masturbation\,{DT16~Excl~ME0PNM4E~20181002 - Dani Peterson - Super Sexy Masturbation}
_mg_1103.jpg,907002,d46fe794,\Exclusive\20181002 - Dani Peterson - Super Sexy Masturbation\,{DT16~Excl~ME0PNM4E~20181002 - Dani Peterson - Super Sexy Masturbation}
_mg_1104.jpg,949788,018e0085,\Exclusive\20181002 - Dani Peterson - Super Sexy Masturbation\,{DT16~Excl~ME0PNM4E~20181002 - Dani Peterson - Super Sexy Masturbation}
_mg_1105.jpg,893741,a832f07b,\Exclusive\20181002 - Dani Peterson - Super Sexy Masturbation\,{DT16~Excl~ME0PNM4E~20181002 - Dani Peterson - Super Sexy Masturbation}
_mg_1106.jpg,984752,ec88fcbc,\Exclusive\20181002 - Dani Peterson - Super Sexy Masturbation\,{DT16~Excl~ME0PNM4E~20181002 - Dani Peterson - Super Sexy Masturbation}
_mg_1107.jpg,969476,7dc20267,\Exclusive\20181002 - Dani Peterson - Super Sexy Masturbation\,{DT16~Excl~ME0PNM4E~20181002 - Dani Peterson - Super Sexy Masturbation}
_mg_1108.jpg,875434,bb199dc2,\Exclusive\20181002 - Dani Peterson - Super Sexy Masturbation\,{DT16~Excl~ME0PNM4E~20181002 - Dani Peterson - Super Sexy Masturbation}
_mg_1110.jpg,935614,4ac61752,\Exclusive\20181002 - Dani Peterson - Super Sexy Masturbation\,{DT16~Excl~ME0PNM4E~20181002 - Dani Peterson - Super Sexy Masturbation}
_mg_1112.jpg,860499,6845e920,\Exclusive\20181002 - Dani Peterson - Super Sexy Masturbation\,{DT16~Excl~ME0PNM4E~20181002 - Dani Peterson - Super Sexy Masturbation}
_mg_1113.jpg,873162,857dafc4,\Exclusive\20181002 - Dani Peterson - Super Sexy Masturbation\,{DT16~Excl~ME0PNM4E~20181002 - Dani Peterson - Super Sexy Masturbation}
_mg_1114.jpg,916213,06c435df,\Exclusive\20181002 - Dani Peterson - Super Sexy Masturbation\,{DT16~Excl~ME0PNM4E~20181002 - Dani Peterson - Super Sexy Masturbation}
_mg_1115.jpg,877320,3d089e2e,\Exclusive\20181002 - Dani Peterson - Super Sexy Masturbation\,{DT16~Excl~ME0PNM4E~20181002 - Dani Peterson - Super Sexy Masturbation}
_mg_1116.jpg,839077,c9f50de2,\Exclusive\20181002 - Dani Peterson - Super Sexy Masturbation\,{DT16~Excl~ME0PNM4E~20181002 - Dani Peterson - Super Sexy Masturbation}
_mg_1117.jpg,1018963,95d027e2,\Exclusive\20181002 - Dani Peterson - Super Sexy Masturbation\,{DT16~Excl~ME0PNM4E~20181002 - Dani Peterson - Super Sexy Masturbation}
_mg_1118.jpg,1039915,c6acfa46,\Exclusive\20181002 - Dani Peterson - Super Sexy Masturbation\,{DT16~Excl~ME0PNM4E~20181002 - Dani Peterson - Super Sexy Masturbation}
_mg_1120.jpg,988273,18e9370f,\Exclusive\20181002 - Dani Peterson - Super Sexy Masturbation\,{DT16~Excl~ME0PNM4E~20181002 - Dani Peterson - Super Sexy Masturbation}
_mg_1121.jpg,933136,62289fa5,\Exclusive\20181002 - Dani Peterson - Super Sexy Masturbation\,{DT16~Excl~ME0PNM4E~20181002 - Dani Peterson - Super Sexy Masturbation}
_mg_1123.jpg,952260,d16de573,\Exclusive\20181002 - Dani Peterson - Super Sexy Masturbation\,{DT16~Excl~ME0PNM4E~20181002 - Dani Peterson - Super Sexy Masturbation}
_mg_1124.jpg,938182,3f39f117,\Exclusive\20181002 - Dani Peterson - Super Sexy Masturbation\,{DT16~Excl~ME0PNM4E~20181002 - Dani Peterson - Super Sexy Masturbation}
_mg_1125.jpg,690891,612028b6,\Exclusive\20181002 - Dani Peterson - Super Sexy Masturbation\,{DT16~Excl~ME0PNM4E~20181002 - Dani Peterson - Super Sexy Masturbation}
_mg_1127.jpg,858242,1706b725,\Exclusive\20181002 - Dani Peterson - Super Sexy Masturbation\,{DT16~Excl~ME0PNM4E~20181002 - Dani Peterson - Super Sexy Masturbation}
_mg_1128.jpg,747323,304d8510,\Exclusive\20181002 - Dani Peterson - Super Sexy Masturbation\,{DT16~Excl~ME0PNM4E~20181002 - Dani Peterson - Super Sexy Masturbation}
_mg_1131.jpg,1028187,45b05478,\Exclusive\20181002 - Dani Peterson - Super Sexy Masturbation\,{DT16~Excl~ME0PNM4E~20181002 - Dani Peterson - Super Sexy Masturbation}
_mg_1132.jpg,864647,da050e95,\Exclusive\20181002 - Dani Peterson - Super Sexy Masturbation\,{DT16~Excl~ME0PNM4E~20181002 - Dani Peterson - Super Sexy Masturbation}
_mg_1133.jpg,891599,1c853233,\Exclusive\20181002 - Dani Peterson - Super Sexy Masturbation\,{DT16~Excl~ME0PNM4E~20181002 - Dani Peterson - Super Sexy Masturbation}
_mg_1134.jpg,974686,d03838a7,\Exclusive\20181002 - Dani Peterson - Super Sexy Masturbation\,{DT16~Excl~ME0PNM4E~20181002 - Dani Peterson - Super Sexy Masturbation}
_mg_1135.jpg,919511,a0787f9b,\Exclusive\20181002 - Dani Peterson - Super Sexy Masturbation\,{DT16~Excl~ME0PNM4E~20181002 - Dani Peterson - Super Sexy Masturbation}
_mg_1138.jpg,1062825,41feaaf1,\Exclusive\20181002 - Dani Peterson - Super Sexy Masturbation\,{DT16~Excl~ME0PNM4E~20181002 - Dani Peterson - Super Sexy Masturbation}
_mg_1142.jpg,966838,852e5106,\Exclusive\20181002 - Dani Peterson - Super Sexy Masturbation\,{DT16~Excl~ME0PNM4E~20181002 - Dani Peterson - Super Sexy Masturbation}
_mg_1143.jpg,873779,b16692e3,\Exclusive\20181002 - Dani Peterson - Super Sexy Masturbation\,{DT16~Excl~ME0PNM4E~20181002 - Dani Peterson - Super Sexy Masturbation}
_mg_1144.jpg,910558,b70bf15a,\Exclusive\20181002 - Dani Peterson - Super Sexy Masturbation\,{DT16~Excl~ME0PNM4E~20181002 - Dani Peterson - Super Sexy Masturbation}
_mg_1145.jpg,921985,20cb4591,\Exclusive\20181002 - Dani Peterson - Super Sexy Masturbation\,{DT16~Excl~ME0PNM4E~20181002 - Dani Peterson - Super Sexy Masturbation}
_mg_1147.jpg,1076370,dc59a7ac,\Exclusive\20181002 - Dani Peterson - Super Sexy Masturbation\,{DT16~Excl~ME0PNM4E~20181002 - Dani Peterson - Super Sexy Masturbation}
_mg_1149.jpg,1129774,fad0c852,\Exclusive\20181002 - Dani Peterson - Super Sexy Masturbation\,{DT16~Excl~ME0PNM4E~20181002 - Dani Peterson - Super Sexy Masturbation}
_mg_1150.jpg,915513,38903825,\Exclusive\20181002 - Dani Peterson - Super Sexy Masturbation\,{DT16~Excl~ME0PNM4E~20181002 - Dani Peterson - Super Sexy Masturbation}
_mg_1151.jpg,970072,8941d746,\Exclusive\20181002 - Dani Peterson - Super Sexy Masturbation\,{DT16~Excl~ME0PNM4E~20181002 - Dani Peterson - Super Sexy Masturbation}
_mg_1152.jpg,1052012,ec10db3f,\Exclusive\20181002 - Dani Peterson - Super Sexy Masturbation\,{DT16~Excl~ME0PNM4E~20181002 - Dani Peterson - Super Sexy Masturbation}
_mg_1153.jpg,1079399,13d8f8a1,\Exclusive\20181002 - Dani Peterson - Super Sexy Masturbation\,{DT16~Excl~ME0PNM4E~20181002 - Dani Peterson - Super Sexy Masturbation}
_mg_1155.jpg,1111933,3d9eee1d,\Exclusive\20181002 - Dani Peterson - Super Sexy Masturbation\,{DT16~Excl~ME0PNM4E~20181002 - Dani Peterson - Super Sexy Masturbation}
_mg_1156.jpg,1121349,e366899f,\Exclusive\20181002 - Dani Peterson - Super Sexy Masturbation\,{DT16~Excl~ME0PNM4E~20181002 - Dani Peterson - Super Sexy Masturbation}
_mg_1157.jpg,1049630,56285ddd,\Exclusive\20181002 - Dani Peterson - Super Sexy Masturbation\,{DT16~Excl~ME0PNM4E~20181002 - Dani Peterson - Super Sexy Masturbation}
_mg_1159.jpg,916804,e6a9c107,\Exclusive\20181002 - Dani Peterson - Super Sexy Masturbation\,{DT16~Excl~ME0PNM4E~20181002 - Dani Peterson - Super Sexy Masturbation}
_mg_1160.jpg,946043,a09fb30a,\Exclusive\20181002 - Dani Peterson - Super Sexy Masturbation\,{DT16~Excl~ME0PNM4E~20181002 - Dani Peterson - Super Sexy Masturbation}
_mg_1161.jpg,922957,36234d50,\Exclusive\20181002 - Dani Peterson - Super Sexy Masturbation\,{DT16~Excl~ME0PNM4E~20181002 - Dani Peterson - Super Sexy Masturbation}
_mg_1163.jpg,964328,74c302d4,\Exclusive\20181002 - Dani Peterson - Super Sexy Masturbation\,{DT16~Excl~ME0PNM4E~20181002 - Dani Peterson - Super Sexy Masturbation}
_mg_1164.jpg,923629,138e3ee6,\Exclusive\20181002 - Dani Peterson - Super Sexy Masturbation\,{DT16~Excl~ME0PNM4E~20181002 - Dani Peterson - Super Sexy Masturbation}
_mg_1165.jpg,919799,accd4ab4,\Exclusive\20181002 - Dani Peterson - Super Sexy Masturbation\,{DT16~Excl~ME0PNM4E~20181002 - Dani Peterson - Super Sexy Masturbation}
_mg_1167.jpg,933510,1e2def7f,\Exclusive\20181002 - Dani Peterson - Super Sexy Masturbation\,{DT16~Excl~ME0PNM4E~20181002 - Dani Peterson - Super Sexy Masturbation}
_mg_1168.jpg,979222,279a475e,\Exclusive\20181002 - Dani Peterson - Super Sexy Masturbation\,{DT16~Excl~ME0PNM4E~20181002 - Dani Peterson - Super Sexy Masturbation}
_mg_1170.jpg,885091,036a25e0,\Exclusive\20181002 - Dani Peterson - Super Sexy Masturbation\,{DT16~Excl~ME0PNM4E~20181002 - Dani Peterson - Super Sexy Masturbation}
_mg_1172.jpg,949460,625ff549,\Exclusive\20181002 - Dani Peterson - Super Sexy Masturbation\,{DT16~Excl~ME0PNM4E~20181002 - Dani Peterson - Super Sexy Masturbation}
_mg_1173.jpg,930070,cbc8693d,\Exclusive\20181002 - Dani Peterson - Super Sexy Masturbation\,{DT16~Excl~ME0PNM4E~20181002 - Dani Peterson - Super Sexy Masturbation}
_mg_1174.jpg,857494,517622c9,\Exclusive\20181002 - Dani Peterson - Super Sexy Masturbation\,{DT16~Excl~ME0PNM4E~20181002 - Dani Peterson - Super Sexy Masturbation}
_mg_1175.jpg,836722,8eabb861,\Exclusive\20181002 - Dani Peterson - Super Sexy Masturbation\,{DT16~Excl~ME0PNM4E~20181002 - Dani Peterson - Super Sexy Masturbation}
_mg_1176.jpg,1043063,a96d6e6a,\Exclusive\20181002 - Dani Peterson - Super Sexy Masturbation\,{DT16~Excl~ME0PNM4E~20181002 - Dani Peterson - Super Sexy Masturbation}
_mg_1178.jpg,1042672,7c627f97,\Exclusive\20181002 - Dani Peterson - Super Sexy Masturbation\,{DT16~Excl~ME0PNM4E~20181002 - Dani Peterson - Super Sexy Masturbation}
_mg_1179.jpg,1040874,24fb8618,\Exclusive\20181002 - Dani Peterson - Super Sexy Masturbation\,{DT16~Excl~ME0PNM4E~20181002 - Dani Peterson - Super Sexy Masturbation}
_mg_1181.jpg,973852,9c4a91e1,\Exclusive\20181002 - Dani Peterson - Super Sexy Masturbation\,{DT16~Excl~ME0PNM4E~20181002 - Dani Peterson - Super Sexy Masturbation}
_mg_1182.jpg,883947,9df776c4,\Exclusive\20181002 - Dani Peterson - Super Sexy Masturbation\,{DT16~Excl~ME0PNM4E~20181002 - Dani Peterson - Super Sexy Masturbation}
_mg_1183.jpg,1027088,b86ed659,\Exclusive\20181002 - Dani Peterson - Super Sexy Masturbation\,{DT16~Excl~ME0PNM4E~20181002 - Dani Peterson - Super Sexy Masturbation}
_mg_1184.jpg,903406,85b780d2,\Exclusive\20181002 - Dani Peterson - Super Sexy Masturbation\,{DT16~Excl~ME0PNM4E~20181002 - Dani Peterson - Super Sexy Masturbation}
_mg_1190.jpg,962467,d3086232,\Exclusive\20181002 - Dani Peterson - Super Sexy Masturbation\,{DT16~Excl~ME0PNM4E~20181002 - Dani Peterson - Super Sexy Masturbation}
_mg_1192.jpg,805987,860501a6,\Exclusive\20181002 - Dani Peterson - Super Sexy Masturbation\,{DT16~Excl~ME0PNM4E~20181002 - Dani Peterson - Super Sexy Masturbation}
_mg_1194.jpg,844488,ca049cff,\Exclusive\20181002 - Dani Peterson - Super Sexy Masturbation\,{DT16~Excl~ME0PNM4E~20181002 - Dani Peterson - Super Sexy Masturbation}
_mg_1195.jpg,796590,4d9adee3,\Exclusive\20181002 - Dani Peterson - Super Sexy Masturbation\,{DT16~Excl~ME0PNM4E~20181002 - Dani Peterson - Super Sexy Masturbation}
_mg_1196.jpg,725625,2ac2c54d,\Exclusive\20181002 - Dani Peterson - Super Sexy Masturbation\,{DT16~Excl~ME0PNM4E~20181002 - Dani Peterson - Super Sexy Masturbation}
_mg_1198.jpg,881639,ec01ab1c,\Exclusive\20181002 - Dani Peterson - Super Sexy Masturbation\,{DT16~Excl~ME0PNM4E~20181002 - Dani Peterson - Super Sexy Masturbation}
_mg_1199.jpg,890171,a3d2088c,\Exclusive\20181002 - Dani Peterson - Super Sexy Masturbation\,{DT16~Excl~ME0PNM4E~20181002 - Dani Peterson - Super Sexy Masturbation}
_mg_1200.jpg,1054550,9f16f72a,\Exclusive\20181002 - Dani Peterson - Super Sexy Masturbation\,{DT16~Excl~ME0PNM4E~20181002 - Dani Peterson - Super Sexy Masturbation}
_mg_1201.jpg,956988,497b1f49,\Exclusive\20181002 - Dani Peterson - Super Sexy Masturbation\,{DT16~Excl~ME0PNM4E~20181002 - Dani Peterson - Super Sexy Masturbation}
_mg_1202.jpg,904504,555a2cb8,\Exclusive\20181002 - Dani Peterson - Super Sexy Masturbation\,{DT16~Excl~ME0PNM4E~20181002 - Dani Peterson - Super Sexy Masturbation}
_mg_1203.jpg,877134,661f07ff,\Exclusive\20181002 - Dani Peterson - Super Sexy Masturbation\,{DT16~Excl~ME0PNM4E~20181002 - Dani Peterson - Super Sexy Masturbation}
_mg_1204.jpg,965896,2b1b0d90,\Exclusive\20181002 - Dani Peterson - Super Sexy Masturbation\,{DT16~Excl~ME0PNM4E~20181002 - Dani Peterson - Super Sexy Masturbation}
_mg_1205.jpg,1043408,4c5dff3f,\Exclusive\20181002 - Dani Peterson - Super Sexy Masturbation\,{DT16~Excl~ME0PNM4E~20181002 - Dani Peterson - Super Sexy Masturbation}
_mg_1206.jpg,945863,ef7ae180,\Exclusive\20181002 - Dani Peterson - Super Sexy Masturbation\,{DT16~Excl~ME0PNM4E~20181002 - Dani Peterson - Super Sexy Masturbation}
_mg_1207.jpg,1053132,890f10af,\Exclusive\20181002 - Dani Peterson - Super Sexy Masturbation\,{DT16~Excl~ME0PNM4E~20181002 - Dani Peterson - Super Sexy Masturbation}
_mg_1209.jpg,874343,4d4114f5,\Exclusive\20181002 - Dani Peterson - Super Sexy Masturbation\,{DT16~Excl~ME0PNM4E~20181002 - Dani Peterson - Super Sexy Masturbation}
_mg_1210.jpg,1100036,1b67b32a,\Exclusive\20181002 - Dani Peterson - Super Sexy Masturbation\,{DT16~Excl~ME0PNM4E~20181002 - Dani Peterson - Super Sexy Masturbation}
_mg_1211.jpg,1059667,99e7ebb0,\Exclusive\20181002 - Dani Peterson - Super Sexy Masturbation\,{DT16~Excl~ME0PNM4E~20181002 - Dani Peterson - Super Sexy Masturbation}
_mg_1213.jpg,958546,eda82e4f,\Exclusive\20181002 - Dani Peterson - Super Sexy Masturbation\,{DT16~Excl~ME0PNM4E~20181002 - Dani Peterson - Super Sexy Masturbation}
_mg_1214.jpg,874975,10309627,\Exclusive\20181002 - Dani Peterson - Super Sexy Masturbation\,{DT16~Excl~ME0PNM4E~20181002 - Dani Peterson - Super Sexy Masturbation}
_mg_1215.jpg,876140,1becf0c8,\Exclusive\20181002 - Dani Peterson - Super Sexy Masturbation\,{DT16~Excl~ME0PNM4E~20181002 - Dani Peterson - Super Sexy Masturbation}
_mg_1216.jpg,904879,4dd1784c,\Exclusive\20181002 - Dani Peterson - Super Sexy Masturbation\,{DT16~Excl~ME0PNM4E~20181002 - Dani Peterson - Super Sexy Masturbation}
_mg_1217.jpg,904558,57535b2c,\Exclusive\20181002 - Dani Peterson - Super Sexy Masturbation\,{DT16~Excl~ME0PNM4E~20181002 - Dani Peterson - Super Sexy Masturbation}
_mg_1218.jpg,899507,b1d0929c,\Exclusive\20181002 - Dani Peterson - Super Sexy Masturbation\,{DT16~Excl~ME0PNM4E~20181002 - Dani Peterson - Super Sexy Masturbation}
_mg_1220.jpg,950190,e514d9fb,\Exclusive\20181002 - Dani Peterson - Super Sexy Masturbation\,{DT16~Excl~ME0PNM4E~20181002 - Dani Peterson - Super Sexy Masturbation}
_mg_1224.jpg,916132,6e8244d0,\Exclusive\20181002 - Dani Peterson - Super Sexy Masturbation\,{DT16~Excl~ME0PNM4E~20181002 - Dani Peterson - Super Sexy Masturbation}
_mg_1225.jpg,868166,a7f132e9,\Exclusive\20181002 - Dani Peterson - Super Sexy Masturbation\,{DT16~Excl~ME0PNM4E~20181002 - Dani Peterson - Super Sexy Masturbation}
_mg_1226.jpg,840931,4ce2f718,\Exclusive\20181002 - Dani Peterson - Super Sexy Masturbation\,{DT16~Excl~ME0PNM4E~20181002 - Dani Peterson - Super Sexy Masturbation}
_mg_1228.jpg,738319,414541fc,\Exclusive\20181002 - Dani Peterson - Super Sexy Masturbation\,{DT16~Excl~ME0PNM4E~20181002 - Dani Peterson - Super Sexy Masturbation}
_mg_1229.jpg,729288,5e9437da,\Exclusive\20181002 - Dani Peterson - Super Sexy Masturbation\,{DT16~Excl~ME0PNM4E~20181002 - Dani Peterson - Super Sexy Masturbation}
_mg_1231.jpg,896839,5983a578,\Exclusive\20181002 - Dani Peterson - Super Sexy Masturbation\,{DT16~Excl~ME0PNM4E~20181002 - Dani Peterson - Super Sexy Masturbation}
_mg_1232.jpg,889076,0c4d1026,\Exclusive\20181002 - Dani Peterson - Super Sexy Masturbation\,{DT16~Excl~ME0PNM4E~20181002 - Dani Peterson - Super Sexy Masturbation}
_mg_1233.jpg,851744,9aadf138,\Exclusive\20181002 - Dani Peterson - Super Sexy Masturbation\,{DT16~Excl~ME0PNM4E~20181002 - Dani Peterson - Super Sexy Masturbation}
_mg_1234.jpg,760318,b761f94e,\Exclusive\20181002 - Dani Peterson - Super Sexy Masturbation\,{DT16~Excl~ME0PNM4E~20181002 - Dani Peterson - Super Sexy Masturbation}
_mg_1235.jpg,735022,80462605,\Exclusive\20181002 - Dani Peterson - Super Sexy Masturbation\,{DT16~Excl~ME0PNM4E~20181002 - Dani Peterson - Super Sexy Masturbation}
_mg_1236.jpg,857616,e345c227,\Exclusive\20181002 - Dani Peterson - Super Sexy Masturbation\,{DT16~Excl~ME0PNM4E~20181002 - Dani Peterson - Super Sexy Masturbation}
_mg_1237.jpg,893718,957f131d,\Exclusive\20181002 - Dani Peterson - Super Sexy Masturbation\,{DT16~Excl~ME0PNM4E~20181002 - Dani Peterson - Super Sexy Masturbation}
_mg_1238.jpg,908888,91aacc26,\Exclusive\20181002 - Dani Peterson - Super Sexy Masturbation\,{DT16~Excl~ME0PNM4E~20181002 - Dani Peterson - Super Sexy Masturbation}
_mg_1240.jpg,895247,6f6bebeb,\Exclusive\20181002 - Dani Peterson - Super Sexy Masturbation\,{DT16~Excl~ME0PNM4E~20181002 - Dani Peterson - Super Sexy Masturbation}
_mg_1241.jpg,879874,ee6762c0,\Exclusive\20181002 - Dani Peterson - Super Sexy Masturbation\,{DT16~Excl~ME0PNM4E~20181002 - Dani Peterson - Super Sexy Masturbation}
_mg_1242.jpg,902043,b83ecd4c,\Exclusive\20181002 - Dani Peterson - Super Sexy Masturbation\,{DT16~Excl~ME0PNM4E~20181002 - Dani Peterson - Super Sexy Masturbation}
_mg_1243.jpg,669152,2a80a2d6,\Exclusive\20181002 - Dani Peterson - Super Sexy Masturbation\,{DT16~Excl~ME0PNM4E~20181002 - Dani Peterson - Super Sexy Masturbation}
_mg_1244.jpg,656081,83afb922,\Exclusive\20181002 - Dani Peterson - Super Sexy Masturbation\,{DT16~Excl~ME0PNM4E~20181002 - Dani Peterson - Super Sexy Masturbation}
_mg_1245.jpg,640968,687695ec,\Exclusive\20181002 - Dani Peterson - Super Sexy Masturbation\,{DT16~Excl~ME0PNM4E~20181002 - Dani Peterson - Super Sexy Masturbation}
_mg_1246.jpg,680738,18d187ad,\Exclusive\20181002 - Dani Peterson - Super Sexy Masturbation\,{DT16~Excl~ME0PNM4E~20181002 - Dani Peterson - Super Sexy Masturbation}
_mg_1248.jpg,851235,cb2c981f,\Exclusive\20181002 - Dani Peterson - Super Sexy Masturbation\,{DT16~Excl~ME0PNM4E~20181002 - Dani Peterson - Super Sexy Masturbation}
_mg_1249.jpg,818552,0992f880,\Exclusive\20181002 - Dani Peterson - Super Sexy Masturbation\,{DT16~Excl~ME0PNM4E~20181002 - Dani Peterson - Super Sexy Masturbation}
_mg_1250.jpg,834055,53438198,\Exclusive\20181002 - Dani Peterson - Super Sexy Masturbation\,{DT16~Excl~ME0PNM4E~20181002 - Dani Peterson - Super Sexy Masturbation}
_mg_1251.jpg,797645,2c022cc3,\Exclusive\20181002 - Dani Peterson - Super Sexy Masturbation\,{DT16~Excl~ME0PNM4E~20181002 - Dani Peterson - Super Sexy Masturbation}
_mg_1252.jpg,804379,3660f46b,\Exclusive\20181002 - Dani Peterson - Super Sexy Masturbation\,{DT16~Excl~ME0PNM4E~20181002 - Dani Peterson - Super Sexy Masturbation}
_mg_1255.jpg,781390,8cc8ef82,\Exclusive\20181002 - Dani Peterson - Super Sexy Masturbation\,{DT16~Excl~ME0PNM4E~20181002 - Dani Peterson - Super Sexy Masturbation}
_mg_1257.jpg,781121,3444beaa,\Exclusive\20181002 - Dani Peterson - Super Sexy Masturbation\,{DT16~Excl~ME0PNM4E~20181002 - Dani Peterson - Super Sexy Masturbation}
_mg_1260.jpg,905681,6291593c,\Exclusive\20181002 - Dani Peterson - Super Sexy Masturbation\,{DT16~Excl~ME0PNM4E~20181002 - Dani Peterson - Super Sexy Masturbation}
_mg_1261.jpg,866771,490a39df,\Exclusive\20181002 - Dani Peterson - Super Sexy Masturbation\,{DT16~Excl~ME0PNM4E~20181002 - Dani Peterson - Super Sexy Masturbation}
_mg_1262.jpg,878589,c6f88beb,\Exclusive\20181002 - Dani Peterson - Super Sexy Masturbation\,{DT16~Excl~ME0PNM4E~20181002 - Dani Peterson - Super Sexy Masturbation}
_mg_1263.jpg,875497,9f9a854e,\Exclusive\20181002 - Dani Peterson - Super Sexy Masturbation\,{DT16~Excl~ME0PNM4E~20181002 - Dani Peterson - Super Sexy Masturbation}
_mg_1000.jpg,763863,ad06a312,\Exclusive\20181005 - Bianca Reis - Double Anal For Bianca\,{DT16~Excl~ME0PNV2R~20181005 - Bianca Reis - Double Anal For Bianca}
_mg_1001.jpg,761239,c37484eb,\Exclusive\20181005 - Bianca Reis - Double Anal For Bianca\,{DT16~Excl~ME0PNV2R~20181005 - Bianca Reis - Double Anal For Bianca}
_mg_1002.jpg,763779,db2484d4,\Exclusive\20181005 - Bianca Reis - Double Anal For Bianca\,{DT16~Excl~ME0PNV2R~20181005 - Bianca Reis - Double Anal For Bianca}
_mg_1003.jpg,784550,5901c176,\Exclusive\20181005 - Bianca Reis - Double Anal For Bianca\,{DT16~Excl~ME0PNV2R~20181005 - Bianca Reis - Double Anal For Bianca}
_mg_1004.jpg,793109,3510fc76,\Exclusive\20181005 - Bianca Reis - Double Anal For Bianca\,{DT16~Excl~ME0PNV2R~20181005 - Bianca Reis - Double Anal For Bianca}
_mg_1005.jpg,735561,6d576548,\Exclusive\20181005 - Bianca Reis - Double Anal For Bianca\,{DT16~Excl~ME0PNV2R~20181005 - Bianca Reis - Double Anal For Bianca}
_mg_1006.jpg,754038,106826ee,\Exclusive\20181005 - Bianca Reis - Double Anal For Bianca\,{DT16~Excl~ME0PNV2R~20181005 - Bianca Reis - Double Anal For Bianca}
_mg_1007.jpg,794645,5ba3d054,\Exclusive\20181005 - Bianca Reis - Double Anal For Bianca\,{DT16~Excl~ME0PNV2R~20181005 - Bianca Reis - Double Anal For Bianca}
_mg_1008.jpg,868003,e7306bf8,\Exclusive\20181005 - Bianca Reis - Double Anal For Bianca\,{DT16~Excl~ME0PNV2R~20181005 - Bianca Reis - Double Anal For Bianca}
_mg_1009.jpg,917155,bd755c68,\Exclusive\20181005 - Bianca Reis - Double Anal For Bianca\,{DT16~Excl~ME0PNV2R~20181005 - Bianca Reis - Double Anal For Bianca}
_mg_1010.jpg,881946,59f60373,\Exclusive\20181005 - Bianca Reis - Double Anal For Bianca\,{DT16~Excl~ME0PNV2R~20181005 - Bianca Reis - Double Anal For Bianca}
_mg_1011.jpg,723160,c2510b01,\Exclusive\20181005 - Bianca Reis - Double Anal For Bianca\,{DT16~Excl~ME0PNV2R~20181005 - Bianca Reis - Double Anal For Bianca}
_mg_1012.jpg,841573,5d82cf2f,\Exclusive\20181005 - Bianca Reis - Double Anal For Bianca\,{DT16~Excl~ME0PNV2R~20181005 - Bianca Reis - Double Anal For Bianca}
_mg_1013.jpg,742798,50b86982,\Exclusive\20181005 - Bianca Reis - Double Anal For Bianca\,{DT16~Excl~ME0PNV2R~20181005 - Bianca Reis - Double Anal For Bianca}
_mg_1014.jpg,847309,d09f32bc,\Exclusive\20181005 - Bianca Reis - Double Anal For Bianca\,{DT16~Excl~ME0PNV2R~20181005 - Bianca Reis - Double Anal For Bianca}
_mg_1015.jpg,880360,87018c83,\Exclusive\20181005 - Bianca Reis - Double Anal For Bianca\,{DT16~Excl~ME0PNV2R~20181005 - Bianca Reis - Double Anal For Bianca}
_mg_1016.jpg,920931,4ece944d,\Exclusive\20181005 - Bianca Reis - Double Anal For Bianca\,{DT16~Excl~ME0PNV2R~20181005 - Bianca Reis - Double Anal For Bianca}
_mg_1017.jpg,867517,487ac0a5,\Exclusive\20181005 - Bianca Reis - Double Anal For Bianca\,{DT16~Excl~ME0PNV2R~20181005 - Bianca Reis - Double Anal For Bianca}
_mg_1018.jpg,820420,b1ec7cd3,\Exclusive\20181005 - Bianca Reis - Double Anal For Bianca\,{DT16~Excl~ME0PNV2R~20181005 - Bianca Reis - Double Anal For Bianca}
_mg_1019.jpg,819999,a4bb94a3,\Exclusive\20181005 - Bianca Reis - Double Anal For Bianca\,{DT16~Excl~ME0PNV2R~20181005 - Bianca Reis - Double Anal For Bianca}
_mg_1020.jpg,911981,c245d776,\Exclusive\20181005 - Bianca Reis - Double Anal For Bianca\,{DT16~Excl~ME0PNV2R~20181005 - Bianca Reis - Double Anal For Bianca}
_mg_1021.jpg,905614,72c6e15a,\Exclusive\20181005 - Bianca Reis - Double Anal For Bianca\,{DT16~Excl~ME0PNV2R~20181005 - Bianca Reis - Double Anal For Bianca}
_mg_1022.jpg,841916,c767e579,\Exclusive\20181005 - Bianca Reis - Double Anal For Bianca\,{DT16~Excl~ME0PNV2R~20181005 - Bianca Reis - Double Anal For Bianca}
_mg_1023.jpg,947121,1464398e,\Exclusive\20181005 - Bianca Reis - Double Anal For Bianca\,{DT16~Excl~ME0PNV2R~20181005 - Bianca Reis - Double Anal For Bianca}
_mg_1024.jpg,901125,674be0a9,\Exclusive\20181005 - Bianca Reis - Double Anal For Bianca\,{DT16~Excl~ME0PNV2R~20181005 - Bianca Reis - Double Anal For Bianca}
_mg_1025.jpg,796220,4161fcac,\Exclusive\20181005 - Bianca Reis - Double Anal For Bianca\,{DT16~Excl~ME0PNV2R~20181005 - Bianca Reis - Double Anal For Bianca}
_mg_1026.jpg,834967,dab6360b,\Exclusive\20181005 - Bianca Reis - Double Anal For Bianca\,{DT16~Excl~ME0PNV2R~20181005 - Bianca Reis - Double Anal For Bianca}
_mg_1027.jpg,772354,54be61a5,\Exclusive\20181005 - Bianca Reis - Double Anal For Bianca\,{DT16~Excl~ME0PNV2R~20181005 - Bianca Reis - Double Anal For Bianca}
_mg_1028.jpg,790588,d0cd823d,\Exclusive\20181005 - Bianca Reis - Double Anal For Bianca\,{DT16~Excl~ME0PNV2R~20181005 - Bianca Reis - Double Anal For Bianca}
_mg_1029.jpg,919933,1f2e521d,\Exclusive\20181005 - Bianca Reis - Double Anal For Bianca\,{DT16~Excl~ME0PNV2R~20181005 - Bianca Reis - Double Anal For Bianca}
_mg_1030.jpg,927200,a3e76fb6,\Exclusive\20181005 - Bianca Reis - Double Anal For Bianca\,{DT16~Excl~ME0PNV2R~20181005 - Bianca Reis - Double Anal For Bianca}
_mg_1031.jpg,841118,5cac4691,\Exclusive\20181005 - Bianca Reis - Double Anal For Bianca\,{DT16~Excl~ME0PNV2R~20181005 - Bianca Reis - Double Anal For Bianca}
_mg_1032.jpg,843774,27727b08,\Exclusive\20181005 - Bianca Reis - Double Anal For Bianca\,{DT16~Excl~ME0PNV2R~20181005 - Bianca Reis - Double Anal For Bianca}
_mg_1033.jpg,979315,819adb5e,\Exclusive\20181005 - Bianca Reis - Double Anal For Bianca\,{DT16~Excl~ME0PNV2R~20181005 - Bianca Reis - Double Anal For Bianca}
_mg_1034.jpg,925924,e8ddf20c,\Exclusive\20181005 - Bianca Reis - Double Anal For Bianca\,{DT16~Excl~ME0PNV2R~20181005 - Bianca Reis - Double Anal For Bianca}
_mg_1035.jpg,960886,e63d4c2b,\Exclusive\20181005 - Bianca Reis - Double Anal For Bianca\,{DT16~Excl~ME0PNV2R~20181005 - Bianca Reis - Double Anal For Bianca}
_mg_1036.jpg,854697,ff311e8c,\Exclusive\20181005 - Bianca Reis - Double Anal For Bianca\,{DT16~Excl~ME0PNV2R~20181005 - Bianca Reis - Double Anal For Bianca}
_mg_1037.jpg,965695,34e6a372,\Exclusive\20181005 - Bianca Reis - Double Anal For Bianca\,{DT16~Excl~ME0PNV2R~20181005 - Bianca Reis - Double Anal For Bianca}
_mg_1038.jpg,932656,8ece478a,\Exclusive\20181005 - Bianca Reis - Double Anal For Bianca\,{DT16~Excl~ME0PNV2R~20181005 - Bianca Reis - Double Anal For Bianca}
_mg_1039.jpg,876968,dec1293e,\Exclusive\20181005 - Bianca Reis - Double Anal For Bianca\,{DT16~Excl~ME0PNV2R~20181005 - Bianca Reis - Double Anal For Bianca}
_mg_1040.jpg,852661,08d645bb,\Exclusive\20181005 - Bianca Reis - Double Anal For Bianca\,{DT16~Excl~ME0PNV2R~20181005 - Bianca Reis - Double Anal For Bianca}
_mg_1041.jpg,871186,3ef023e2,\Exclusive\20181005 - Bianca Reis - Double Anal For Bianca\,{DT16~Excl~ME0PNV2R~20181005 - Bianca Reis - Double Anal For Bianca}
_mg_1042.jpg,928189,1dbdeb4a,\Exclusive\20181005 - Bianca Reis - Double Anal For Bianca\,{DT16~Excl~ME0PNV2R~20181005 - Bianca Reis - Double Anal For Bianca}
_mg_1043.jpg,859016,3f007698,\Exclusive\20181005 - Bianca Reis - Double Anal For Bianca\,{DT16~Excl~ME0PNV2R~20181005 - Bianca Reis - Double Anal For Bianca}
_mg_1044.jpg,912056,e83d9551,\Exclusive\20181005 - Bianca Reis - Double Anal For Bianca\,{DT16~Excl~ME0PNV2R~20181005 - Bianca Reis - Double Anal For Bianca}
_mg_1045.jpg,901021,ac51f4c3,\Exclusive\20181005 - Bianca Reis - Double Anal For Bianca\,{DT16~Excl~ME0PNV2R~20181005 - Bianca Reis - Double Anal For Bianca}
_mg_1046.jpg,930343,74fef6aa,\Exclusive\20181005 - Bianca Reis - Double Anal For Bianca\,{DT16~Excl~ME0PNV2R~20181005 - Bianca Reis - Double Anal For Bianca}
_mg_1047.jpg,908274,02616ef6,\Exclusive\20181005 - Bianca Reis - Double Anal For Bianca\,{DT16~Excl~ME0PNV2R~20181005 - Bianca Reis - Double Anal For Bianca}
_mg_1048.jpg,900820,23036743,\Exclusive\20181005 - Bianca Reis - Double Anal For Bianca\,{DT16~Excl~ME0PNV2R~20181005 - Bianca Reis - Double Anal For Bianca}
_mg_1049.jpg,870335,e550991e,\Exclusive\20181005 - Bianca Reis - Double Anal For Bianca\,{DT16~Excl~ME0PNV2R~20181005 - Bianca Reis - Double Anal For Bianca}
_mg_1050.jpg,848700,4e5fcf17,\Exclusive\20181005 - Bianca Reis - Double Anal For Bianca\,{DT16~Excl~ME0PNV2R~20181005 - Bianca Reis - Double Anal For Bianca}
_mg_1051.jpg,921073,5a533f85,\Exclusive\20181005 - Bianca Reis - Double Anal For Bianca\,{DT16~Excl~ME0PNV2R~20181005 - Bianca Reis - Double Anal For Bianca}
_mg_1052.jpg,786931,66e07c28,\Exclusive\20181005 - Bianca Reis - Double Anal For Bianca\,{DT16~Excl~ME0PNV2R~20181005 - Bianca Reis - Double Anal For Bianca}
_mg_1053.jpg,934272,a83f217c,\Exclusive\20181005 - Bianca Reis - Double Anal For Bianca\,{DT16~Excl~ME0PNV2R~20181005 - Bianca Reis - Double Anal For Bianca}
_mg_1054.jpg,862268,405467e3,\Exclusive\20181005 - Bianca Reis - Double Anal For Bianca\,{DT16~Excl~ME0PNV2R~20181005 - Bianca Reis - Double Anal For Bianca}
_mg_1055.jpg,846447,326e7984,\Exclusive\20181005 - Bianca Reis - Double Anal For Bianca\,{DT16~Excl~ME0PNV2R~20181005 - Bianca Reis - Double Anal For Bianca}
_mg_1056.jpg,798457,59c41f94,\Exclusive\20181005 - Bianca Reis - Double Anal For Bianca\,{DT16~Excl~ME0PNV2R~20181005 - Bianca Reis - Double Anal For Bianca}
_mg_1057.jpg,895073,33ad2512,\Exclusive\20181005 - Bianca Reis - Double Anal For Bianca\,{DT16~Excl~ME0PNV2R~20181005 - Bianca Reis - Double Anal For Bianca}
_mg_1058.jpg,816849,6e9f7150,\Exclusive\20181005 - Bianca Reis - Double Anal For Bianca\,{DT16~Excl~ME0PNV2R~20181005 - Bianca Reis - Double Anal For Bianca}
_mg_1059.jpg,817526,44fb0706,\Exclusive\20181005 - Bianca Reis - Double Anal For Bianca\,{DT16~Excl~ME0PNV2R~20181005 - Bianca Reis - Double Anal For Bianca}
_mg_1060.jpg,812193,73aff66a,\Exclusive\20181005 - Bianca Reis - Double Anal For Bianca\,{DT16~Excl~ME0PNV2R~20181005 - Bianca Reis - Double Anal For Bianca}
_mg_1061.jpg,1087751,e0b20f66,\Exclusive\20181005 - Bianca Reis - Double Anal For Bianca\,{DT16~Excl~ME0PNV2R~20181005 - Bianca Reis - Double Anal For Bianca}
_mg_1062.jpg,1203696,7aa7c73b,\Exclusive\20181005 - Bianca Reis - Double Anal For Bianca\,{DT16~Excl~ME0PNV2R~20181005 - Bianca Reis - Double Anal For Bianca}
_mg_1063.jpg,1040862,f0882cb7,\Exclusive\20181005 - Bianca Reis - Double Anal For Bianca\,{DT16~Excl~ME0PNV2R~20181005 - Bianca Reis - Double Anal For Bianca}
_mg_1064.jpg,806407,fb39709a,\Exclusive\20181005 - Bianca Reis - Double Anal For Bianca\,{DT16~Excl~ME0PNV2R~20181005 - Bianca Reis - Double Anal For Bianca}
_mg_1065.jpg,884352,8339b14b,\Exclusive\20181005 - Bianca Reis - Double Anal For Bianca\,{DT16~Excl~ME0PNV2R~20181005 - Bianca Reis - Double Anal For Bianca}
_mg_1066.jpg,956757,f43e6ad8,\Exclusive\20181005 - Bianca Reis - Double Anal For Bianca\,{DT16~Excl~ME0PNV2R~20181005 - Bianca Reis - Double Anal For Bianca}
_mg_1067.jpg,876197,cdf21472,\Exclusive\20181005 - Bianca Reis - Double Anal For Bianca\,{DT16~Excl~ME0PNV2R~20181005 - Bianca Reis - Double Anal For Bianca}
_mg_1068.jpg,869996,50d10eeb,\Exclusive\20181005 - Bianca Reis - Double Anal For Bianca\,{DT16~Excl~ME0PNV2R~20181005 - Bianca Reis - Double Anal For Bianca}
_mg_1069.jpg,889034,1ad3cc51,\Exclusive\20181005 - Bianca Reis - Double Anal For Bianca\,{DT16~Excl~ME0PNV2R~20181005 - Bianca Reis - Double Anal For Bianca}
_mg_1070.jpg,958211,c05a951e,\Exclusive\20181005 - Bianca Reis - Double Anal For Bianca\,{DT16~Excl~ME0PNV2R~20181005 - Bianca Reis - Double Anal For Bianca}
_mg_1071.jpg,851546,510e1973,\Exclusive\20181005 - Bianca Reis - Double Anal For Bianca\,{DT16~Excl~ME0PNV2R~20181005 - Bianca Reis - Double Anal For Bianca}
_mg_1072.jpg,877429,46f30ffc,\Exclusive\20181005 - Bianca Reis - Double Anal For Bianca\,{DT16~Excl~ME0PNV2R~20181005 - Bianca Reis - Double Anal For Bianca}
_mg_1073.jpg,934742,01604589,\Exclusive\20181005 - Bianca Reis - Double Anal For Bianca\,{DT16~Excl~ME0PNV2R~20181005 - Bianca Reis - Double Anal For Bianca}
_mg_1074.jpg,996167,45b1ef96,\Exclusive\20181005 - Bianca Reis - Double Anal For Bianca\,{DT16~Excl~ME0PNV2R~20181005 - Bianca Reis - Double Anal For Bianca}
_mg_1075.jpg,872767,8c39ff77,\Exclusive\20181005 - Bianca Reis - Double Anal For Bianca\,{DT16~Excl~ME0PNV2R~20181005 - Bianca Reis - Double Anal For Bianca}
_mg_1076.jpg,873581,52045c4a,\Exclusive\20181005 - Bianca Reis - Double Anal For Bianca\,{DT16~Excl~ME0PNV2R~20181005 - Bianca Reis - Double Anal For Bianca}
_mg_1077.jpg,833079,92aa9ca6,\Exclusive\20181005 - Bianca Reis - Double Anal For Bianca\,{DT16~Excl~ME0PNV2R~20181005 - Bianca Reis - Double Anal For Bianca}
_mg_1078.jpg,920660,e6ef526c,\Exclusive\20181005 - Bianca Reis - Double Anal For Bianca\,{DT16~Excl~ME0PNV2R~20181005 - Bianca Reis - Double Anal For Bianca}
_mg_1079.jpg,910992,bc30b623,\Exclusive\20181005 - Bianca Reis - Double Anal For Bianca\,{DT16~Excl~ME0PNV2R~20181005 - Bianca Reis - Double Anal For Bianca}
_mg_1080.jpg,1025656,47bb3ddb,\Exclusive\20181005 - Bianca Reis - Double Anal For Bianca\,{DT16~Excl~ME0PNV2R~20181005 - Bianca Reis - Double Anal For Bianca}
_mg_1081.jpg,1038864,8a528c67,\Exclusive\20181005 - Bianca Reis - Double Anal For Bianca\,{DT16~Excl~ME0PNV2R~20181005 - Bianca Reis - Double Anal For Bianca}
_mg_1082.jpg,1203045,a450dbed,\Exclusive\20181005 - Bianca Reis - Double Anal For Bianca\,{DT16~Excl~ME0PNV2R~20181005 - Bianca Reis - Double Anal For Bianca}
_mg_1083.jpg,1115359,71f9d438,\Exclusive\20181005 - Bianca Reis - Double Anal For Bianca\,{DT16~Excl~ME0PNV2R~20181005 - Bianca Reis - Double Anal For Bianca}
_mg_1084.jpg,858833,08972eed,\Exclusive\20181005 - Bianca Reis - Double Anal For Bianca\,{DT16~Excl~ME0PNV2R~20181005 - Bianca Reis - Double Anal For Bianca}
_mg_1085.jpg,859162,a4d6ca7f,\Exclusive\20181005 - Bianca Reis - Double Anal For Bianca\,{DT16~Excl~ME0PNV2R~20181005 - Bianca Reis - Double Anal For Bianca}
_mg_1086.jpg,867879,5e9f1627,\Exclusive\20181005 - Bianca Reis - Double Anal For Bianca\,{DT16~Excl~ME0PNV2R~20181005 - Bianca Reis - Double Anal For Bianca}
_mg_1087.jpg,881006,24b5ee9d,\Exclusive\20181005 - Bianca Reis - Double Anal For Bianca\,{DT16~Excl~ME0PNV2R~20181005 - Bianca Reis - Double Anal For Bianca}
_mg_1088.jpg,769230,b7d791f5,\Exclusive\20181005 - Bianca Reis - Double Anal For Bianca\,{DT16~Excl~ME0PNV2R~20181005 - Bianca Reis - Double Anal For Bianca}
_mg_1089.jpg,798401,5f9fb0fd,\Exclusive\20181005 - Bianca Reis - Double Anal For Bianca\,{DT16~Excl~ME0PNV2R~20181005 - Bianca Reis - Double Anal For Bianca}
_mg_1090.jpg,842601,012c198e,\Exclusive\20181005 - Bianca Reis - Double Anal For Bianca\,{DT16~Excl~ME0PNV2R~20181005 - Bianca Reis - Double Anal For Bianca}
_mg_1091.jpg,906817,4c25cc66,\Exclusive\20181005 - Bianca Reis - Double Anal For Bianca\,{DT16~Excl~ME0PNV2R~20181005 - Bianca Reis - Double Anal For Bianca}
_mg_1092.jpg,855688,13c85b76,\Exclusive\20181005 - Bianca Reis - Double Anal For Bianca\,{DT16~Excl~ME0PNV2R~20181005 - Bianca Reis - Double Anal For Bianca}
_mg_1093.jpg,853629,4577ead3,\Exclusive\20181005 - Bianca Reis - Double Anal For Bianca\,{DT16~Excl~ME0PNV2R~20181005 - Bianca Reis - Double Anal For Bianca}
_mg_1094.jpg,911618,00004e80,\Exclusive\20181005 - Bianca Reis - Double Anal For Bianca\,{DT16~Excl~ME0PNV2R~20181005 - Bianca Reis - Double Anal For Bianca}
_mg_1095.jpg,907867,f2b09208,\Exclusive\20181005 - Bianca Reis - Double Anal For Bianca\,{DT16~Excl~ME0PNV2R~20181005 - Bianca Reis - Double Anal For Bianca}
_mg_1096.jpg,917037,d2a1fce1,\Exclusive\20181005 - Bianca Reis - Double Anal For Bianca\,{DT16~Excl~ME0PNV2R~20181005 - Bianca Reis - Double Anal For Bianca}
_mg_1097.jpg,798033,797df88e,\Exclusive\20181005 - Bianca Reis - Double Anal For Bianca\,{DT16~Excl~ME0PNV2R~20181005 - Bianca Reis - Double Anal For Bianca}
_mg_1098.jpg,881157,bd9d02d3,\Exclusive\20181005 - Bianca Reis - Double Anal For Bianca\,{DT16~Excl~ME0PNV2R~20181005 - Bianca Reis - Double Anal For Bianca}
_mg_1099.jpg,740406,f88b7c44,\Exclusive\20181005 - Bianca Reis - Double Anal For Bianca\,{DT16~Excl~ME0PNV2R~20181005 - Bianca Reis - Double Anal For Bianca}
_mg_1100.jpg,1006663,74586a46,\Exclusive\20181005 - Bianca Reis - Double Anal For Bianca\,{DT16~Excl~ME0PNV2R~20181005 - Bianca Reis - Double Anal For Bianca}
_mg_1101.jpg,835130,2a370abf,\Exclusive\20181005 - Bianca Reis - Double Anal For Bianca\,{DT16~Excl~ME0PNV2R~20181005 - Bianca Reis - Double Anal For Bianca}
_mg_1102.jpg,877533,44ea3258,\Exclusive\20181005 - Bianca Reis - Double Anal For Bianca\,{DT16~Excl~ME0PNV2R~20181005 - Bianca Reis - Double Anal For Bianca}
_mg_1103.jpg,1014367,7f1fa549,\Exclusive\20181005 - Bianca Reis - Double Anal For Bianca\,{DT16~Excl~ME0PNV2R~20181005 - Bianca Reis - Double Anal For Bianca}
_mg_1104.jpg,910038,844f962d,\Exclusive\20181005 - Bianca Reis - Double Anal For Bianca\,{DT16~Excl~ME0PNV2R~20181005 - Bianca Reis - Double Anal For Bianca}
_mg_1105.jpg,938721,5193e80b,\Exclusive\20181005 - Bianca Reis - Double Anal For Bianca\,{DT16~Excl~ME0PNV2R~20181005 - Bianca Reis - Double Anal For Bianca}
_mg_1106.jpg,942117,15444892,\Exclusive\20181005 - Bianca Reis - Double Anal For Bianca\,{DT16~Excl~ME0PNV2R~20181005 - Bianca Reis - Double Anal For Bianca}
_mg_1107.jpg,945839,d3849dd4,\Exclusive\20181005 - Bianca Reis - Double Anal For Bianca\,{DT16~Excl~ME0PNV2R~20181005 - Bianca Reis - Double Anal For Bianca}
_mg_1108.jpg,791006,96058249,\Exclusive\20181005 - Bianca Reis - Double Anal For Bianca\,{DT16~Excl~ME0PNV2R~20181005 - Bianca Reis - Double Anal For Bianca}
_mg_1109.jpg,736417,6477eae2,\Exclusive\20181005 - Bianca Reis - Double Anal For Bianca\,{DT16~Excl~ME0PNV2R~20181005 - Bianca Reis - Double Anal For Bianca}
_mg_1110.jpg,767935,65ba171c,\Exclusive\20181005 - Bianca Reis - Double Anal For Bianca\,{DT16~Excl~ME0PNV2R~20181005 - Bianca Reis - Double Anal For Bianca}
_mg_1111.jpg,923152,0f286c23,\Exclusive\20181005 - Bianca Reis - Double Anal For Bianca\,{DT16~Excl~ME0PNV2R~20181005 - Bianca Reis - Double Anal For Bianca}
_mg_1112.jpg,832826,f014acc4,\Exclusive\20181005 - Bianca Reis - Double Anal For Bianca\,{DT16~Excl~ME0PNV2R~20181005 - Bianca Reis - Double Anal For Bianca}
_mg_1113.jpg,879471,841c7d39,\Exclusive\20181005 - Bianca Reis - Double Anal For Bianca\,{DT16~Excl~ME0PNV2R~20181005 - Bianca Reis - Double Anal For Bianca}
_mg_1115.jpg,553936,d2d7b6f4,\Exclusive\20181005 - Bianca Reis - Double Anal For Bianca\,{DT16~Excl~ME0PNV2R~20181005 - Bianca Reis - Double Anal For Bianca}
_mg_1116.jpg,607485,0d7f151c,\Exclusive\20181005 - Bianca Reis - Double Anal For Bianca\,{DT16~Excl~ME0PNV2R~20181005 - Bianca Reis - Double Anal For Bianca}
_mg_1117.jpg,594015,dbde7809,\Exclusive\20181005 - Bianca Reis - Double Anal For Bianca\,{DT16~Excl~ME0PNV2R~20181005 - Bianca Reis - Double Anal For Bianca}
_mg_1118.jpg,592213,5ba51814,\Exclusive\20181005 - Bianca Reis - Double Anal For Bianca\,{DT16~Excl~ME0PNV2R~20181005 - Bianca Reis - Double Anal For Bianca}
_mg_1119.jpg,585501,4ca756e1,\Exclusive\20181005 - Bianca Reis - Double Anal For Bianca\,{DT16~Excl~ME0PNV2R~20181005 - Bianca Reis - Double Anal For Bianca}
_mg_1120.jpg,545770,02ea0b6b,\Exclusive\20181005 - Bianca Reis - Double Anal For Bianca\,{DT16~Excl~ME0PNV2R~20181005 - Bianca Reis - Double Anal For Bianca}
_mg_1121.jpg,660962,a59c92ec,\Exclusive\20181005 - Bianca Reis - Double Anal For Bianca\,{DT16~Excl~ME0PNV2R~20181005 - Bianca Reis - Double Anal For Bianca}
_mg_1122.jpg,731637,ead2b6d5,\Exclusive\20181005 - Bianca Reis - Double Anal For Bianca\,{DT16~Excl~ME0PNV2R~20181005 - Bianca Reis - Double Anal For Bianca}
_mg_1123.jpg,671438,3b7ff48b,\Exclusive\20181005 - Bianca Reis - Double Anal For Bianca\,{DT16~Excl~ME0PNV2R~20181005 - Bianca Reis - Double Anal For Bianca}
_mg_1124.jpg,635272,13d73f11,\Exclusive\20181005 - Bianca Reis - Double Anal For Bianca\,{DT16~Excl~ME0PNV2R~20181005 - Bianca Reis - Double Anal For Bianca}
_mg_1125.jpg,620828,9ab34895,\Exclusive\20181005 - Bianca Reis - Double Anal For Bianca\,{DT16~Excl~ME0PNV2R~20181005 - Bianca Reis - Double Anal For Bianca}
_mg_1126.jpg,660725,d1c65253,\Exclusive\20181005 - Bianca Reis - Double Anal For Bianca\,{DT16~Excl~ME0PNV2R~20181005 - Bianca Reis - Double Anal For Bianca}
_mg_1127.jpg,777280,3ab1b628,\Exclusive\20181005 - Bianca Reis - Double Anal For Bianca\,{DT16~Excl~ME0PNV2R~20181005 - Bianca Reis - Double Anal For Bianca}
_mg_1128.jpg,714013,a48109c5,\Exclusive\20181005 - Bianca Reis - Double Anal For Bianca\,{DT16~Excl~ME0PNV2R~20181005 - Bianca Reis - Double Anal For Bianca}
_mg_1129.jpg,703397,59d71faf,\Exclusive\20181005 - Bianca Reis - Double Anal For Bianca\,{DT16~Excl~ME0PNV2R~20181005 - Bianca Reis - Double Anal For Bianca}
_mg_1130.jpg,768813,fe211c57,\Exclusive\20181005 - Bianca Reis - Double Anal For Bianca\,{DT16~Excl~ME0PNV2R~20181005 - Bianca Reis - Double Anal For Bianca}
_mg_1131.jpg,719951,976e438d,\Exclusive\20181005 - Bianca Reis - Double Anal For Bianca\,{DT16~Excl~ME0PNV2R~20181005 - Bianca Reis - Double Anal For Bianca}
_mg_1132.jpg,695159,6e6536dc,\Exclusive\20181005 - Bianca Reis - Double Anal For Bianca\,{DT16~Excl~ME0PNV2R~20181005 - Bianca Reis - Double Anal For Bianca}
_mg_1133.jpg,684821,1ded92f5,\Exclusive\20181005 - Bianca Reis - Double Anal For Bianca\,{DT16~Excl~ME0PNV2R~20181005 - Bianca Reis - Double Anal For Bianca}
_mg_1134.jpg,700988,0d5852db,\Exclusive\20181005 - Bianca Reis - Double Anal For Bianca\,{DT16~Excl~ME0PNV2R~20181005 - Bianca Reis - Double Anal For Bianca}
_mg_1135.jpg,702480,23d20317,\Exclusive\20181005 - Bianca Reis - Double Anal For Bianca\,{DT16~Excl~ME0PNV2R~20181005 - Bianca Reis - Double Anal For Bianca}
_mg_1136.jpg,682651,c096a881,\Exclusive\20181005 - Bianca Reis - Double Anal For Bianca\,{DT16~Excl~ME0PNV2R~20181005 - Bianca Reis - Double Anal For Bianca}
_mg_1137.jpg,678480,5432cfd2,\Exclusive\20181005 - Bianca Reis - Double Anal For Bianca\,{DT16~Excl~ME0PNV2R~20181005 - Bianca Reis - Double Anal For Bianca}
_mg_1138.jpg,688532,cd603126,\Exclusive\20181005 - Bianca Reis - Double Anal For Bianca\,{DT16~Excl~ME0PNV2R~20181005 - Bianca Reis - Double Anal For Bianca}
_mg_1139.jpg,641995,0eb9e79b,\Exclusive\20181005 - Bianca Reis - Double Anal For Bianca\,{DT16~Excl~ME0PNV2R~20181005 - Bianca Reis - Double Anal For Bianca}
_mg_1140.jpg,655964,379d1e5e,\Exclusive\20181005 - Bianca Reis - Double Anal For Bianca\,{DT16~Excl~ME0PNV2R~20181005 - Bianca Reis - Double Anal For Bianca}
_mg_1141.jpg,692018,9a143efe,\Exclusive\20181005 - Bianca Reis - Double Anal For Bianca\,{DT16~Excl~ME0PNV2R~20181005 - Bianca Reis - Double Anal For Bianca}
_mg_1142.jpg,611640,5127991c,\Exclusive\20181005 - Bianca Reis - Double Anal For Bianca\,{DT16~Excl~ME0PNV2R~20181005 - Bianca Reis - Double Anal For Bianca}
_mg_1143.jpg,700337,f1ab3510,\Exclusive\20181005 - Bianca Reis - Double Anal For Bianca\,{DT16~Excl~ME0PNV2R~20181005 - Bianca Reis - Double Anal For Bianca}
_mg_1144.jpg,668188,e4dd018e,\Exclusive\20181005 - Bianca Reis - Double Anal For Bianca\,{DT16~Excl~ME0PNV2R~20181005 - Bianca Reis - Double Anal For Bianca}
_mg_1145.jpg,452816,a205b9e0,\Exclusive\20181005 - Bianca Reis - Double Anal For Bianca\,{DT16~Excl~ME0PNV2R~20181005 - Bianca Reis - Double Anal For Bianca}
_mg_1146.jpg,509243,4b8a4308,\Exclusive\20181005 - Bianca Reis - Double Anal For Bianca\,{DT16~Excl~ME0PNV2R~20181005 - Bianca Reis - Double Anal For Bianca}
_mg_1147.jpg,684072,c7801289,\Exclusive\20181005 - Bianca Reis - Double Anal For Bianca\,{DT16~Excl~ME0PNV2R~20181005 - Bianca Reis - Double Anal For Bianca}
_mg_1148.jpg,623341,009f6978,\Exclusive\20181005 - Bianca Reis - Double Anal For Bianca\,{DT16~Excl~ME0PNV2R~20181005 - Bianca Reis - Double Anal For Bianca}
_mg_1149.jpg,606278,33e6e0e9,\Exclusive\20181005 - Bianca Reis - Double Anal For Bianca\,{DT16~Excl~ME0PNV2R~20181005 - Bianca Reis - Double Anal For Bianca}
_mg_1150.jpg,508268,8ecf327b,\Exclusive\20181005 - Bianca Reis - Double Anal For Bianca\,{DT16~Excl~ME0PNV2R~20181005 - Bianca Reis - Double Anal For Bianca}
_mg_1151.jpg,547079,ba13b5db,\Exclusive\20181005 - Bianca Reis - Double Anal For Bianca\,{DT16~Excl~ME0PNV2R~20181005 - Bianca Reis - Double Anal For Bianca}
_mg_1152.jpg,572825,e9781801,\Exclusive\20181005 - Bianca Reis - Double Anal For Bianca\,{DT16~Excl~ME0PNV2R~20181005 - Bianca Reis - Double Anal For Bianca}
_mg_1153.jpg,576317,ed61e3f4,\Exclusive\20181005 - Bianca Reis - Double Anal For Bianca\,{DT16~Excl~ME0PNV2R~20181005 - Bianca Reis - Double Anal For Bianca}
_mg_1154.jpg,676483,06431d59,\Exclusive\20181005 - Bianca Reis - Double Anal For Bianca\,{DT16~Excl~ME0PNV2R~20181005 - Bianca Reis - Double Anal For Bianca}
_mg_1155.jpg,710083,83540810,\Exclusive\20181005 - Bianca Reis - Double Anal For Bianca\,{DT16~Excl~ME0PNV2R~20181005 - Bianca Reis - Double Anal For Bianca}
_mg_1156.jpg,695995,ddc0cf45,\Exclusive\20181005 - Bianca Reis - Double Anal For Bianca\,{DT16~Excl~ME0PNV2R~20181005 - Bianca Reis - Double Anal For Bianca}
_mg_1157.jpg,643975,1e6e20d7,\Exclusive\20181005 - Bianca Reis - Double Anal For Bianca\,{DT16~Excl~ME0PNV2R~20181005 - Bianca Reis - Double Anal For Bianca}
_mg_1158.jpg,648471,2ba04390,\Exclusive\20181005 - Bianca Reis - Double Anal For Bianca\,{DT16~Excl~ME0PNV2R~20181005 - Bianca Reis - Double Anal For Bianca}
_mg_1159.jpg,672635,b0b488a9,\Exclusive\20181005 - Bianca Reis - Double Anal For Bianca\,{DT16~Excl~ME0PNV2R~20181005 - Bianca Reis - Double Anal For Bianca}
_mg_1160.jpg,623079,9b4feae0,\Exclusive\20181005 - Bianca Reis - Double Anal For Bianca\,{DT16~Excl~ME0PNV2R~20181005 - Bianca Reis - Double Anal For Bianca}
_mg_1161.jpg,677241,5d43d192,\Exclusive\20181005 - Bianca Reis - Double Anal For Bianca\,{DT16~Excl~ME0PNV2R~20181005 - Bianca Reis - Double Anal For Bianca}
_mg_1162.jpg,631248,2e904891,\Exclusive\20181005 - Bianca Reis - Double Anal For Bianca\,{DT16~Excl~ME0PNV2R~20181005 - Bianca Reis - Double Anal For Bianca}
_mg_1163.jpg,627763,7aed9493,\Exclusive\20181005 - Bianca Reis - Double Anal For Bianca\,{DT16~Excl~ME0PNV2R~20181005 - Bianca Reis - Double Anal For Bianca}
_mg_1164.jpg,668974,d3d0b367,\Exclusive\20181005 - Bianca Reis - Double Anal For Bianca\,{DT16~Excl~ME0PNV2R~20181005 - Bianca Reis - Double Anal For Bianca}
_mg_1165.jpg,687544,3165d5b3,\Exclusive\20181005 - Bianca Reis - Double Anal For Bianca\,{DT16~Excl~ME0PNV2R~20181005 - Bianca Reis - Double Anal For Bianca}
_mg_1166.jpg,669036,d9be2c7d,\Exclusive\20181005 - Bianca Reis - Double Anal For Bianca\,{DT16~Excl~ME0PNV2R~20181005 - Bianca Reis - Double Anal For Bianca}
_mg_1167.jpg,685641,ca460be3,\Exclusive\20181005 - Bianca Reis - Double Anal For Bianca\,{DT16~Excl~ME0PNV2R~20181005 - Bianca Reis - Double Anal For Bianca}
_mg_1168.jpg,688550,c0227e6d,\Exclusive\20181005 - Bianca Reis - Double Anal For Bianca\,{DT16~Excl~ME0PNV2R~20181005 - Bianca Reis - Double Anal For Bianca}
_mg_1169.jpg,670083,f78089ba,\Exclusive\20181005 - Bianca Reis - Double Anal For Bianca\,{DT16~Excl~ME0PNV2R~20181005 - Bianca Reis - Double Anal For Bianca}
_mg_1170.jpg,664530,e5b8a4a1,\Exclusive\20181005 - Bianca Reis - Double Anal For Bianca\,{DT16~Excl~ME0PNV2R~20181005 - Bianca Reis - Double Anal For Bianca}
_mg_1171.jpg,660720,cbdfbe73,\Exclusive\20181005 - Bianca Reis - Double Anal For Bianca\,{DT16~Excl~ME0PNV2R~20181005 - Bianca Reis - Double Anal For Bianca}
_mg_1172.jpg,588445,e5e5ef1d,\Exclusive\20181005 - Bianca Reis - Double Anal For Bianca\,{DT16~Excl~ME0PNV2R~20181005 - Bianca Reis - Double Anal For Bianca}
_mg_1173.jpg,698152,1cc50743,\Exclusive\20181005 - Bianca Reis - Double Anal For Bianca\,{DT16~Excl~ME0PNV2R~20181005 - Bianca Reis - Double Anal For Bianca}
_mg_1174.jpg,647855,824746f3,\Exclusive\20181005 - Bianca Reis - Double Anal For Bianca\,{DT16~Excl~ME0PNV2R~20181005 - Bianca Reis - Double Anal For Bianca}
_mg_1175.jpg,675701,5a928028,\Exclusive\20181005 - Bianca Reis - Double Anal For Bianca\,{DT16~Excl~ME0PNV2R~20181005 - Bianca Reis - Double Anal For Bianca}
_mg_1176.jpg,727952,ed9ab25a,\Exclusive\20181005 - Bianca Reis - Double Anal For Bianca\,{DT16~Excl~ME0PNV2R~20181005 - Bianca Reis - Double Anal For Bianca}
_mg_1177.jpg,688987,6d5bc3c4,\Exclusive\20181005 - Bianca Reis - Double Anal For Bianca\,{DT16~Excl~ME0PNV2R~20181005 - Bianca Reis - Double Anal For Bianca}
_mg_1178.jpg,693412,ce9c2f17,\Exclusive\20181005 - Bianca Reis - Double Anal For Bianca\,{DT16~Excl~ME0PNV2R~20181005 - Bianca Reis - Double Anal For Bianca}
_mg_1179.jpg,674813,46536fd7,\Exclusive\20181005 - Bianca Reis - Double Anal For Bianca\,{DT16~Excl~ME0PNV2R~20181005 - Bianca Reis - Double Anal For Bianca}
_mg_1180.jpg,718663,9eea8f44,\Exclusive\20181005 - Bianca Reis - Double Anal For Bianca\,{DT16~Excl~ME0PNV2R~20181005 - Bianca Reis - Double Anal For Bianca}
_mg_1181.jpg,790991,946e4c22,\Exclusive\20181005 - Bianca Reis - Double Anal For Bianca\,{DT16~Excl~ME0PNV2R~20181005 - Bianca Reis - Double Anal For Bianca}
_mg_1182.jpg,731913,43e06dd2,\Exclusive\20181005 - Bianca Reis - Double Anal For Bianca\,{DT16~Excl~ME0PNV2R~20181005 - Bianca Reis - Double Anal For Bianca}
_mg_1183.jpg,629788,1cb9c1fd,\Exclusive\20181005 - Bianca Reis - Double Anal For Bianca\,{DT16~Excl~ME0PNV2R~20181005 - Bianca Reis - Double Anal For Bianca}
_mg_1184.jpg,659894,a616499c,\Exclusive\20181005 - Bianca Reis - Double Anal For Bianca\,{DT16~Excl~ME0PNV2R~20181005 - Bianca Reis - Double Anal For Bianca}
_mg_1185.jpg,620363,035c7b25,\Exclusive\20181005 - Bianca Reis - Double Anal For Bianca\,{DT16~Excl~ME0PNV2R~20181005 - Bianca Reis - Double Anal For Bianca}
_mg_1186.jpg,705583,895f2297,\Exclusive\20181005 - Bianca Reis - Double Anal For Bianca\,{DT16~Excl~ME0PNV2R~20181005 - Bianca Reis - Double Anal For Bianca}
_mg_1187.jpg,689568,8e947408,\Exclusive\20181005 - Bianca Reis - Double Anal For Bianca\,{DT16~Excl~ME0PNV2R~20181005 - Bianca Reis - Double Anal For Bianca}
_mg_1188.jpg,648120,c371c818,\Exclusive\20181005 - Bianca Reis - Double Anal For Bianca\,{DT16~Excl~ME0PNV2R~20181005 - Bianca Reis - Double Anal For Bianca}
_mg_1189.jpg,700095,926c2691,\Exclusive\20181005 - Bianca Reis - Double Anal For Bianca\,{DT16~Excl~ME0PNV2R~20181005 - Bianca Reis - Double Anal For Bianca}
_mg_1190.jpg,699397,3c9f97f5,\Exclusive\20181005 - Bianca Reis - Double Anal For Bianca\,{DT16~Excl~ME0PNV2R~20181005 - Bianca Reis - Double Anal For Bianca}
_mg_1191.jpg,768690,aa4d41e6,\Exclusive\20181005 - Bianca Reis - Double Anal For Bianca\,{DT16~Excl~ME0PNV2R~20181005 - Bianca Reis - Double Anal For Bianca}
_mg_1192.jpg,671882,233ce7ec,\Exclusive\20181005 - Bianca Reis - Double Anal For Bianca\,{DT16~Excl~ME0PNV2R~20181005 - Bianca Reis - Double Anal For Bianca}
_mg_1193.jpg,697488,47ac31c3,\Exclusive\20181005 - Bianca Reis - Double Anal For Bianca\,{DT16~Excl~ME0PNV2R~20181005 - Bianca Reis - Double Anal For Bianca}
_mg_1194.jpg,662131,6d1d5413,\Exclusive\20181005 - Bianca Reis - Double Anal For Bianca\,{DT16~Excl~ME0PNV2R~20181005 - Bianca Reis - Double Anal For Bianca}
_mg_1195.jpg,765090,0c0dceed,\Exclusive\20181005 - Bianca Reis - Double Anal For Bianca\,{DT16~Excl~ME0PNV2R~20181005 - Bianca Reis - Double Anal For Bianca}
_mg_1196.jpg,673505,d239b8c4,\Exclusive\20181005 - Bianca Reis - Double Anal For Bianca\,{DT16~Excl~ME0PNV2R~20181005 - Bianca Reis - Double Anal For Bianca}
_mg_1197.jpg,685692,2dbfce87,\Exclusive\20181005 - Bianca Reis - Double Anal For Bianca\,{DT16~Excl~ME0PNV2R~20181005 - Bianca Reis - Double Anal For Bianca}
_mg_1198.jpg,658036,b065333c,\Exclusive\20181005 - Bianca Reis - Double Anal For Bianca\,{DT16~Excl~ME0PNV2R~20181005 - Bianca Reis - Double Anal For Bianca}
_mg_1199.jpg,712563,97b11f90,\Exclusive\20181005 - Bianca Reis - Double Anal For Bianca\,{DT16~Excl~ME0PNV2R~20181005 - Bianca Reis - Double Anal For Bianca}
_mg_1200.jpg,607536,f63622ee,\Exclusive\20181005 - Bianca Reis - Double Anal For Bianca\,{DT16~Excl~ME0PNV2R~20181005 - Bianca Reis - Double Anal For Bianca}
_mg_1201.jpg,555879,127161fc,\Exclusive\20181005 - Bianca Reis - Double Anal For Bianca\,{DT16~Excl~ME0PNV2R~20181005 - Bianca Reis - Double Anal For Bianca}
_mg_1202.jpg,584392,c6915d17,\Exclusive\20181005 - Bianca Reis - Double Anal For Bianca\,{DT16~Excl~ME0PNV2R~20181005 - Bianca Reis - Double Anal For Bianca}
_mg_1203.jpg,680778,8a7867e9,\Exclusive\20181005 - Bianca Reis - Double Anal For Bianca\,{DT16~Excl~ME0PNV2R~20181005 - Bianca Reis - Double Anal For Bianca}
_mg_1204.jpg,632489,cf5f3a1a,\Exclusive\20181005 - Bianca Reis - Double Anal For Bianca\,{DT16~Excl~ME0PNV2R~20181005 - Bianca Reis - Double Anal For Bianca}
_mg_1205.jpg,589126,d06d81aa,\Exclusive\20181005 - Bianca Reis - Double Anal For Bianca\,{DT16~Excl~ME0PNV2R~20181005 - Bianca Reis - Double Anal For Bianca}
_mg_1206.jpg,573464,5e7471ad,\Exclusive\20181005 - Bianca Reis - Double Anal For Bianca\,{DT16~Excl~ME0PNV2R~20181005 - Bianca Reis - Double Anal For Bianca}
_mg_1207.jpg,604712,85da9e80,\Exclusive\20181005 - Bianca Reis - Double Anal For Bianca\,{DT16~Excl~ME0PNV2R~20181005 - Bianca Reis - Double Anal For Bianca}
_mg_1208.jpg,625190,ab0bae0b,\Exclusive\20181005 - Bianca Reis - Double Anal For Bianca\,{DT16~Excl~ME0PNV2R~20181005 - Bianca Reis - Double Anal For Bianca}
_mg_1209.jpg,618077,263d5aa6,\Exclusive\20181005 - Bianca Reis - Double Anal For Bianca\,{DT16~Excl~ME0PNV2R~20181005 - Bianca Reis - Double Anal For Bianca}
_mg_1210.jpg,593765,c35cd2ba,\Exclusive\20181005 - Bianca Reis - Double Anal For Bianca\,{DT16~Excl~ME0PNV2R~20181005 - Bianca Reis - Double Anal For Bianca}
_mg_1211.jpg,564982,724a47d8,\Exclusive\20181005 - Bianca Reis - Double Anal For Bianca\,{DT16~Excl~ME0PNV2R~20181005 - Bianca Reis - Double Anal For Bianca}
_mg_1212.jpg,543655,6b5dcb93,\Exclusive\20181005 - Bianca Reis - Double Anal For Bianca\,{DT16~Excl~ME0PNV2R~20181005 - Bianca Reis - Double Anal For Bianca}
_mg_1213.jpg,636347,3d49e4d2,\Exclusive\20181005 - Bianca Reis - Double Anal For Bianca\,{DT16~Excl~ME0PNV2R~20181005 - Bianca Reis - Double Anal For Bianca}
_mg_1214.jpg,687673,360a34c8,\Exclusive\20181005 - Bianca Reis - Double Anal For Bianca\,{DT16~Excl~ME0PNV2R~20181005 - Bianca Reis - Double Anal For Bianca}
_mg_1215.jpg,642069,1c389b69,\Exclusive\20181005 - Bianca Reis - Double Anal For Bianca\,{DT16~Excl~ME0PNV2R~20181005 - Bianca Reis - Double Anal For Bianca}
_mg_1216.jpg,666753,7ef0b6d5,\Exclusive\20181005 - Bianca Reis - Double Anal For Bianca\,{DT16~Excl~ME0PNV2R~20181005 - Bianca Reis - Double Anal For Bianca}
_mg_1217.jpg,651969,3e988515,\Exclusive\20181005 - Bianca Reis - Double Anal For Bianca\,{DT16~Excl~ME0PNV2R~20181005 - Bianca Reis - Double Anal For Bianca}
_mg_1218.jpg,645197,6b8da1ef,\Exclusive\20181005 - Bianca Reis - Double Anal For Bianca\,{DT16~Excl~ME0PNV2R~20181005 - Bianca Reis - Double Anal For Bianca}
_mg_1219.jpg,690792,1b10ee38,\Exclusive\20181005 - Bianca Reis - Double Anal For Bianca\,{DT16~Excl~ME0PNV2R~20181005 - Bianca Reis - Double Anal For Bianca}
_mg_1220.jpg,606061,2e18d979,\Exclusive\20181005 - Bianca Reis - Double Anal For Bianca\,{DT16~Excl~ME0PNV2R~20181005 - Bianca Reis - Double Anal For Bianca}
_mg_1221.jpg,655472,08fea0df,\Exclusive\20181005 - Bianca Reis - Double Anal For Bianca\,{DT16~Excl~ME0PNV2R~20181005 - Bianca Reis - Double Anal For Bianca}
_mg_1222.jpg,600846,406bb3d9,\Exclusive\20181005 - Bianca Reis - Double Anal For Bianca\,{DT16~Excl~ME0PNV2R~20181005 - Bianca Reis - Double Anal For Bianca}
_mg_1223.jpg,659792,4861874a,\Exclusive\20181005 - Bianca Reis - Double Anal For Bianca\,{DT16~Excl~ME0PNV2R~20181005 - Bianca Reis - Double Anal For Bianca}
_mg_1224.jpg,698845,8b9d44fb,\Exclusive\20181005 - Bianca Reis - Double Anal For Bianca\,{DT16~Excl~ME0PNV2R~20181005 - Bianca Reis - Double Anal For Bianca}
_mg_1225.jpg,698868,69abc7a6,\Exclusive\20181005 - Bianca Reis - Double Anal For Bianca\,{DT16~Excl~ME0PNV2R~20181005 - Bianca Reis - Double Anal For Bianca}
_mg_1226.jpg,644091,820f50ec,\Exclusive\20181005 - Bianca Reis - Double Anal For Bianca\,{DT16~Excl~ME0PNV2R~20181005 - Bianca Reis - Double Anal For Bianca}
_mg_1227.jpg,668630,b9f36210,\Exclusive\20181005 - Bianca Reis - Double Anal For Bianca\,{DT16~Excl~ME0PNV2R~20181005 - Bianca Reis - Double Anal For Bianca}
_mg_1228.jpg,636624,6a13af3f,\Exclusive\20181005 - Bianca Reis - Double Anal For Bianca\,{DT16~Excl~ME0PNV2R~20181005 - Bianca Reis - Double Anal For Bianca}
_mg_1229.jpg,645122,8bfab09e,\Exclusive\20181005 - Bianca Reis - Double Anal For Bianca\,{DT16~Excl~ME0PNV2R~20181005 - Bianca Reis - Double Anal For Bianca}
_mg_1230.jpg,616448,fd61dc3d,\Exclusive\20181005 - Bianca Reis - Double Anal For Bianca\,{DT16~Excl~ME0PNV2R~20181005 - Bianca Reis - Double Anal For Bianca}
_mg_1231.jpg,668797,8a16d077,\Exclusive\20181005 - Bianca Reis - Double Anal For Bianca\,{DT16~Excl~ME0PNV2R~20181005 - Bianca Reis - Double Anal For Bianca}
_mg_1232.jpg,677732,53a33cc0,\Exclusive\20181005 - Bianca Reis - Double Anal For Bianca\,{DT16~Excl~ME0PNV2R~20181005 - Bianca Reis - Double Anal For Bianca}
_mg_1233.jpg,669674,0dabc172,\Exclusive\20181005 - Bianca Reis - Double Anal For Bianca\,{DT16~Excl~ME0PNV2R~20181005 - Bianca Reis - Double Anal For Bianca}
_mg_1234.jpg,639216,0f826180,\Exclusive\20181005 - Bianca Reis - Double Anal For Bianca\,{DT16~Excl~ME0PNV2R~20181005 - Bianca Reis - Double Anal For Bianca}
_mg_1235.jpg,680829,81d8398b,\Exclusive\20181005 - Bianca Reis - Double Anal For Bianca\,{DT16~Excl~ME0PNV2R~20181005 - Bianca Reis - Double Anal For Bianca}
_mg_1236.jpg,653964,c404c4bb,\Exclusive\20181005 - Bianca Reis - Double Anal For Bianca\,{DT16~Excl~ME0PNV2R~20181005 - Bianca Reis - Double Anal For Bianca}
_mg_1237.jpg,637854,edab1312,\Exclusive\20181005 - Bianca Reis - Double Anal For Bianca\,{DT16~Excl~ME0PNV2R~20181005 - Bianca Reis - Double Anal For Bianca}
_mg_1238.jpg,626377,c5c74594,\Exclusive\20181005 - Bianca Reis - Double Anal For Bianca\,{DT16~Excl~ME0PNV2R~20181005 - Bianca Reis - Double Anal For Bianca}
_mg_1239.jpg,620458,2afb43e6,\Exclusive\20181005 - Bianca Reis - Double Anal For Bianca\,{DT16~Excl~ME0PNV2R~20181005 - Bianca Reis - Double Anal For Bianca}
_mg_1240.jpg,639468,0d5b109c,\Exclusive\20181005 - Bianca Reis - Double Anal For Bianca\,{DT16~Excl~ME0PNV2R~20181005 - Bianca Reis - Double Anal For Bianca}
_mg_1241.jpg,564565,ab53c7c0,\Exclusive\20181005 - Bianca Reis - Double Anal For Bianca\,{DT16~Excl~ME0PNV2R~20181005 - Bianca Reis - Double Anal For Bianca}
_mg_1242.jpg,657661,55564724,\Exclusive\20181005 - Bianca Reis - Double Anal For Bianca\,{DT16~Excl~ME0PNV2R~20181005 - Bianca Reis - Double Anal For Bianca}
_mg_1243.jpg,648434,c61e1f32,\Exclusive\20181005 - Bianca Reis - Double Anal For Bianca\,{DT16~Excl~ME0PNV2R~20181005 - Bianca Reis - Double Anal For Bianca}
_mg_1244.jpg,626408,587e748d,\Exclusive\20181005 - Bianca Reis - Double Anal For Bianca\,{DT16~Excl~ME0PNV2R~20181005 - Bianca Reis - Double Anal For Bianca}
_mg_1245.jpg,603200,91c89984,\Exclusive\20181005 - Bianca Reis - Double Anal For Bianca\,{DT16~Excl~ME0PNV2R~20181005 - Bianca Reis - Double Anal For Bianca}
_mg_1246.jpg,609115,bbd634bb,\Exclusive\20181005 - Bianca Reis - Double Anal For Bianca\,{DT16~Excl~ME0PNV2R~20181005 - Bianca Reis - Double Anal For Bianca}
_mg_1247.jpg,638084,7cbf067e,\Exclusive\20181005 - Bianca Reis - Double Anal For Bianca\,{DT16~Excl~ME0PNV2R~20181005 - Bianca Reis - Double Anal For Bianca}
_mg_1248.jpg,631717,f8981074,\Exclusive\20181005 - Bianca Reis - Double Anal For Bianca\,{DT16~Excl~ME0PNV2R~20181005 - Bianca Reis - Double Anal For Bianca}
_mg_1249.jpg,621118,1051685d,\Exclusive\20181005 - Bianca Reis - Double Anal For Bianca\,{DT16~Excl~ME0PNV2R~20181005 - Bianca Reis - Double Anal For Bianca}
_mg_1250.jpg,622575,e459a1b9,\Exclusive\20181005 - Bianca Reis - Double Anal For Bianca\,{DT16~Excl~ME0PNV2R~20181005 - Bianca Reis - Double Anal For Bianca}
_mg_1251.jpg,633346,ae5bc6fb,\Exclusive\20181005 - Bianca Reis - Double Anal For Bianca\,{DT16~Excl~ME0PNV2R~20181005 - Bianca Reis - Double Anal For Bianca}
_mg_1252.jpg,646943,7b452b63,\Exclusive\20181005 - Bianca Reis - Double Anal For Bianca\,{DT16~Excl~ME0PNV2R~20181005 - Bianca Reis - Double Anal For Bianca}
_mg_1253.jpg,647575,ae9989bc,\Exclusive\20181005 - Bianca Reis - Double Anal For Bianca\,{DT16~Excl~ME0PNV2R~20181005 - Bianca Reis - Double Anal For Bianca}
_mg_1254.jpg,649546,f06bd23c,\Exclusive\20181005 - Bianca Reis - Double Anal For Bianca\,{DT16~Excl~ME0PNV2R~20181005 - Bianca Reis - Double Anal For Bianca}
_mg_1255.jpg,683507,08813987,\Exclusive\20181005 - Bianca Reis - Double Anal For Bianca\,{DT16~Excl~ME0PNV2R~20181005 - Bianca Reis - Double Anal For Bianca}
_mg_1256.jpg,697602,db0fac00,\Exclusive\20181005 - Bianca Reis - Double Anal For Bianca\,{DT16~Excl~ME0PNV2R~20181005 - Bianca Reis - Double Anal For Bianca}
_mg_1257.jpg,651865,a57c260b,\Exclusive\20181005 - Bianca Reis - Double Anal For Bianca\,{DT16~Excl~ME0PNV2R~20181005 - Bianca Reis - Double Anal For Bianca}
_mg_1258.jpg,663846,c5d3e042,\Exclusive\20181005 - Bianca Reis - Double Anal For Bianca\,{DT16~Excl~ME0PNV2R~20181005 - Bianca Reis - Double Anal For Bianca}
_mg_1259.jpg,675579,fe88933e,\Exclusive\20181005 - Bianca Reis - Double Anal For Bianca\,{DT16~Excl~ME0PNV2R~20181005 - Bianca Reis - Double Anal For Bianca}
_mg_1260.jpg,651586,a1056f66,\Exclusive\20181005 - Bianca Reis - Double Anal For Bianca\,{DT16~Excl~ME0PNV2R~20181005 - Bianca Reis - Double Anal For Bianca}
_mg_1261.jpg,664090,74a23fa2,\Exclusive\20181005 - Bianca Reis - Double Anal For Bianca\,{DT16~Excl~ME0PNV2R~20181005 - Bianca Reis - Double Anal For Bianca}
_mg_1262.jpg,567505,e9f2448c,\Exclusive\20181005 - Bianca Reis - Double Anal For Bianca\,{DT16~Excl~ME0PNV2R~20181005 - Bianca Reis - Double Anal For Bianca}
_mg_1263.jpg,676239,e089e531,\Exclusive\20181005 - Bianca Reis - Double Anal For Bianca\,{DT16~Excl~ME0PNV2R~20181005 - Bianca Reis - Double Anal For Bianca}
_mg_1264.jpg,706357,988f941f,\Exclusive\20181005 - Bianca Reis - Double Anal For Bianca\,{DT16~Excl~ME0PNV2R~20181005 - Bianca Reis - Double Anal For Bianca}
_mg_1265.jpg,674215,401dd0a5,\Exclusive\20181005 - Bianca Reis - Double Anal For Bianca\,{DT16~Excl~ME0PNV2R~20181005 - Bianca Reis - Double Anal For Bianca}
_mg_1266.jpg,722692,8a2ca563,\Exclusive\20181005 - Bianca Reis - Double Anal For Bianca\,{DT16~Excl~ME0PNV2R~20181005 - Bianca Reis - Double Anal For Bianca}
_mg_1267.jpg,679640,8d2881f8,\Exclusive\20181005 - Bianca Reis - Double Anal For Bianca\,{DT16~Excl~ME0PNV2R~20181005 - Bianca Reis - Double Anal For Bianca}
_mg_1268.jpg,634062,10321189,\Exclusive\20181005 - Bianca Reis - Double Anal For Bianca\,{DT16~Excl~ME0PNV2R~20181005 - Bianca Reis - Double Anal For Bianca}
_mg_1269.jpg,715335,bf12ef49,\Exclusive\20181005 - Bianca Reis - Double Anal For Bianca\,{DT16~Excl~ME0PNV2R~20181005 - Bianca Reis - Double Anal For Bianca}
_mg_1270.jpg,667100,ad573b28,\Exclusive\20181005 - Bianca Reis - Double Anal For Bianca\,{DT16~Excl~ME0PNV2R~20181005 - Bianca Reis - Double Anal For Bianca}
_mg_1271.jpg,723374,2352e59b,\Exclusive\20181005 - Bianca Reis - Double Anal For Bianca\,{DT16~Excl~ME0PNV2R~20181005 - Bianca Reis - Double Anal For Bianca}
_mg_1272.jpg,698805,33c33d3c,\Exclusive\20181005 - Bianca Reis - Double Anal For Bianca\,{DT16~Excl~ME0PNV2R~20181005 - Bianca Reis - Double Anal For Bianca}
_mg_1273.jpg,659791,ea8a0ba2,\Exclusive\20181005 - Bianca Reis - Double Anal For Bianca\,{DT16~Excl~ME0PNV2R~20181005 - Bianca Reis - Double Anal For Bianca}
_mg_1274.jpg,641561,30e33ae2,\Exclusive\20181005 - Bianca Reis - Double Anal For Bianca\,{DT16~Excl~ME0PNV2R~20181005 - Bianca Reis - Double Anal For Bianca}
_mg_1275.jpg,647319,8e29d707,\Exclusive\20181005 - Bianca Reis - Double Anal For Bianca\,{DT16~Excl~ME0PNV2R~20181005 - Bianca Reis - Double Anal For Bianca}
_mg_1276.jpg,710166,45b084ca,\Exclusive\20181005 - Bianca Reis - Double Anal For Bianca\,{DT16~Excl~ME0PNV2R~20181005 - Bianca Reis - Double Anal For Bianca}
_mg_1277.jpg,733700,bb34d98b,\Exclusive\20181005 - Bianca Reis - Double Anal For Bianca\,{DT16~Excl~ME0PNV2R~20181005 - Bianca Reis - Double Anal For Bianca}
_mg_1278.jpg,694366,b85709ba,\Exclusive\20181005 - Bianca Reis - Double Anal For Bianca\,{DT16~Excl~ME0PNV2R~20181005 - Bianca Reis - Double Anal For Bianca}
_mg_1279.jpg,720908,fed92f94,\Exclusive\20181005 - Bianca Reis - Double Anal For Bianca\,{DT16~Excl~ME0PNV2R~20181005 - Bianca Reis - Double Anal For Bianca}
_mg_1280.jpg,651904,0c138df5,\Exclusive\20181005 - Bianca Reis - Double Anal For Bianca\,{DT16~Excl~ME0PNV2R~20181005 - Bianca Reis - Double Anal For Bianca}
_mg_1281.jpg,700451,778ddc66,\Exclusive\20181005 - Bianca Reis - Double Anal For Bianca\,{DT16~Excl~ME0PNV2R~20181005 - Bianca Reis - Double Anal For Bianca}
_mg_1282.jpg,671228,c2d451b7,\Exclusive\20181005 - Bianca Reis - Double Anal For Bianca\,{DT16~Excl~ME0PNV2R~20181005 - Bianca Reis - Double Anal For Bianca}
_mg_1283.jpg,654402,1397182b,\Exclusive\20181005 - Bianca Reis - Double Anal For Bianca\,{DT16~Excl~ME0PNV2R~20181005 - Bianca Reis - Double Anal For Bianca}
_mg_1284.jpg,625178,f7c0519d,\Exclusive\20181005 - Bianca Reis - Double Anal For Bianca\,{DT16~Excl~ME0PNV2R~20181005 - Bianca Reis - Double Anal For Bianca}
_mg_1285.jpg,658732,aa275cb2,\Exclusive\20181005 - Bianca Reis - Double Anal For Bianca\,{DT16~Excl~ME0PNV2R~20181005 - Bianca Reis - Double Anal For Bianca}
_mg_1286.jpg,654448,b55c7862,\Exclusive\20181005 - Bianca Reis - Double Anal For Bianca\,{DT16~Excl~ME0PNV2R~20181005 - Bianca Reis - Double Anal For Bianca}
_mg_1287.jpg,656934,b1d0bd39,\Exclusive\20181005 - Bianca Reis - Double Anal For Bianca\,{DT16~Excl~ME0PNV2R~20181005 - Bianca Reis - Double Anal For Bianca}
_mg_1288.jpg,550908,5667f2e1,\Exclusive\20181005 - Bianca Reis - Double Anal For Bianca\,{DT16~Excl~ME0PNV2R~20181005 - Bianca Reis - Double Anal For Bianca}
_mg_1289.jpg,704311,60760276,\Exclusive\20181005 - Bianca Reis - Double Anal For Bianca\,{DT16~Excl~ME0PNV2R~20181005 - Bianca Reis - Double Anal For Bianca}
_mg_1290.jpg,724135,6e447d87,\Exclusive\20181005 - Bianca Reis - Double Anal For Bianca\,{DT16~Excl~ME0PNV2R~20181005 - Bianca Reis - Double Anal For Bianca}
_mg_1291.jpg,691726,2cdfa967,\Exclusive\20181005 - Bianca Reis - Double Anal For Bianca\,{DT16~Excl~ME0PNV2R~20181005 - Bianca Reis - Double Anal For Bianca}
_mg_1292.jpg,690381,ee61b09a,\Exclusive\20181005 - Bianca Reis - Double Anal For Bianca\,{DT16~Excl~ME0PNV2R~20181005 - Bianca Reis - Double Anal For Bianca}
_mg_1293.jpg,706886,8ab446f7,\Exclusive\20181005 - Bianca Reis - Double Anal For Bianca\,{DT16~Excl~ME0PNV2R~20181005 - Bianca Reis - Double Anal For Bianca}
_mg_1294.jpg,682061,bc262a4a,\Exclusive\20181005 - Bianca Reis - Double Anal For Bianca\,{DT16~Excl~ME0PNV2R~20181005 - Bianca Reis - Double Anal For Bianca}
_mg_1295.jpg,690086,cb111ed8,\Exclusive\20181005 - Bianca Reis - Double Anal For Bianca\,{DT16~Excl~ME0PNV2R~20181005 - Bianca Reis - Double Anal For Bianca}
_mg_1296.jpg,707717,f70f1eae,\Exclusive\20181005 - Bianca Reis - Double Anal For Bianca\,{DT16~Excl~ME0PNV2R~20181005 - Bianca Reis - Double Anal For Bianca}
_mg_1297.jpg,728472,cb4bac51,\Exclusive\20181005 - Bianca Reis - Double Anal For Bianca\,{DT16~Excl~ME0PNV2R~20181005 - Bianca Reis - Double Anal For Bianca}
_mg_1298.jpg,698358,8ae35502,\Exclusive\20181005 - Bianca Reis - Double Anal For Bianca\,{DT16~Excl~ME0PNV2R~20181005 - Bianca Reis - Double Anal For Bianca}
_mg_1299.jpg,661732,8cf00885,\Exclusive\20181005 - Bianca Reis - Double Anal For Bianca\,{DT16~Excl~ME0PNV2R~20181005 - Bianca Reis - Double Anal For Bianca}
_mg_1300.jpg,659805,66c96f34,\Exclusive\20181005 - Bianca Reis - Double Anal For Bianca\,{DT16~Excl~ME0PNV2R~20181005 - Bianca Reis - Double Anal For Bianca}
_mg_1301.jpg,607253,6f7a8d9a,\Exclusive\20181005 - Bianca Reis - Double Anal For Bianca\,{DT16~Excl~ME0PNV2R~20181005 - Bianca Reis - Double Anal For Bianca}
_mg_1302.jpg,618479,36066251,\Exclusive\20181005 - Bianca Reis - Double Anal For Bianca\,{DT16~Excl~ME0PNV2R~20181005 - Bianca Reis - Double Anal For Bianca}
_mg_1303.jpg,689196,7519c268,\Exclusive\20181005 - Bianca Reis - Double Anal For Bianca\,{DT16~Excl~ME0PNV2R~20181005 - Bianca Reis - Double Anal For Bianca}
_mg_1304.jpg,773992,c4707132,\Exclusive\20181005 - Bianca Reis - Double Anal For Bianca\,{DT16~Excl~ME0PNV2R~20181005 - Bianca Reis - Double Anal For Bianca}
_mg_1305.jpg,749361,f09ac573,\Exclusive\20181005 - Bianca Reis - Double Anal For Bianca\,{DT16~Excl~ME0PNV2R~20181005 - Bianca Reis - Double Anal For Bianca}
_mg_1306.jpg,624349,722c796d,\Exclusive\20181005 - Bianca Reis - Double Anal For Bianca\,{DT16~Excl~ME0PNV2R~20181005 - Bianca Reis - Double Anal For Bianca}
_mg_1307.jpg,737600,222cb2eb,\Exclusive\20181005 - Bianca Reis - Double Anal For Bianca\,{DT16~Excl~ME0PNV2R~20181005 - Bianca Reis - Double Anal For Bianca}
_mg_1308.jpg,581951,abd2ec79,\Exclusive\20181005 - Bianca Reis - Double Anal For Bianca\,{DT16~Excl~ME0PNV2R~20181005 - Bianca Reis - Double Anal For Bianca}
_mg_1309.jpg,705952,0aa4cc69,\Exclusive\20181005 - Bianca Reis - Double Anal For Bianca\,{DT16~Excl~ME0PNV2R~20181005 - Bianca Reis - Double Anal For Bianca}
_mg_1310.jpg,643654,d26a50eb,\Exclusive\20181005 - Bianca Reis - Double Anal For Bianca\,{DT16~Excl~ME0PNV2R~20181005 - Bianca Reis - Double Anal For Bianca}
_mg_1311.jpg,754551,c9aff250,\Exclusive\20181005 - Bianca Reis - Double Anal For Bianca\,{DT16~Excl~ME0PNV2R~20181005 - Bianca Reis - Double Anal For Bianca}
_mg_1312.jpg,742151,7c536b74,\Exclusive\20181005 - Bianca Reis - Double Anal For Bianca\,{DT16~Excl~ME0PNV2R~20181005 - Bianca Reis - Double Anal For Bianca}
_mg_1313.jpg,751462,90b945ff,\Exclusive\20181005 - Bianca Reis - Double Anal For Bianca\,{DT16~Excl~ME0PNV2R~20181005 - Bianca Reis - Double Anal For Bianca}
_mg_1314.jpg,676046,39841623,\Exclusive\20181005 - Bianca Reis - Double Anal For Bianca\,{DT16~Excl~ME0PNV2R~20181005 - Bianca Reis - Double Anal For Bianca}
_mg_1315.jpg,678198,e956cc81,\Exclusive\20181005 - Bianca Reis - Double Anal For Bianca\,{DT16~Excl~ME0PNV2R~20181005 - Bianca Reis - Double Anal For Bianca}
_mg_1316.jpg,727837,3955786c,\Exclusive\20181005 - Bianca Reis - Double Anal For Bianca\,{DT16~Excl~ME0PNV2R~20181005 - Bianca Reis - Double Anal For Bianca}
_mg_1317.jpg,608737,fcaae0bb,\Exclusive\20181005 - Bianca Reis - Double Anal For Bianca\,{DT16~Excl~ME0PNV2R~20181005 - Bianca Reis - Double Anal For Bianca}
_mg_1318.jpg,732098,bc1bc638,\Exclusive\20181005 - Bianca Reis - Double Anal For Bianca\,{DT16~Excl~ME0PNV2R~20181005 - Bianca Reis - Double Anal For Bianca}
_mg_1319.jpg,700585,d6431dae,\Exclusive\20181005 - Bianca Reis - Double Anal For Bianca\,{DT16~Excl~ME0PNV2R~20181005 - Bianca Reis - Double Anal For Bianca}
_mg_1320.jpg,708964,d44834a4,\Exclusive\20181005 - Bianca Reis - Double Anal For Bianca\,{DT16~Excl~ME0PNV2R~20181005 - Bianca Reis - Double Anal For Bianca}
_mg_1321.jpg,664163,cb9ad7ea,\Exclusive\20181005 - Bianca Reis - Double Anal For Bianca\,{DT16~Excl~ME0PNV2R~20181005 - Bianca Reis - Double Anal For Bianca}
_mg_1322.jpg,673065,4f742c0b,\Exclusive\20181005 - Bianca Reis - Double Anal For Bianca\,{DT16~Excl~ME0PNV2R~20181005 - Bianca Reis - Double Anal For Bianca}
_mg_1323.jpg,738286,36c3c25d,\Exclusive\20181005 - Bianca Reis - Double Anal For Bianca\,{DT16~Excl~ME0PNV2R~20181005 - Bianca Reis - Double Anal For Bianca}
_mg_1324.jpg,662963,833d5a29,\Exclusive\20181005 - Bianca Reis - Double Anal For Bianca\,{DT16~Excl~ME0PNV2R~20181005 - Bianca Reis - Double Anal For Bianca}
_mg_1325.jpg,784084,6d19c29c,\Exclusive\20181005 - Bianca Reis - Double Anal For Bianca\,{DT16~Excl~ME0PNV2R~20181005 - Bianca Reis - Double Anal For Bianca}
_mg_1326.jpg,795432,e42fbb77,\Exclusive\20181005 - Bianca Reis - Double Anal For Bianca\,{DT16~Excl~ME0PNV2R~20181005 - Bianca Reis - Double Anal For Bianca}
_mg_1327.jpg,681889,e6054687,\Exclusive\20181005 - Bianca Reis - Double Anal For Bianca\,{DT16~Excl~ME0PNV2R~20181005 - Bianca Reis - Double Anal For Bianca}
_mg_1328.jpg,805953,73893b34,\Exclusive\20181005 - Bianca Reis - Double Anal For Bianca\,{DT16~Excl~ME0PNV2R~20181005 - Bianca Reis - Double Anal For Bianca}
_mg_1329.jpg,759742,88e58bcf,\Exclusive\20181005 - Bianca Reis - Double Anal For Bianca\,{DT16~Excl~ME0PNV2R~20181005 - Bianca Reis - Double Anal For Bianca}
_mg_1330.jpg,754351,798f2b0d,\Exclusive\20181005 - Bianca Reis - Double Anal For Bianca\,{DT16~Excl~ME0PNV2R~20181005 - Bianca Reis - Double Anal For Bianca}
_mg_1331.jpg,770806,0215fd26,\Exclusive\20181005 - Bianca Reis - Double Anal For Bianca\,{DT16~Excl~ME0PNV2R~20181005 - Bianca Reis - Double Anal For Bianca}
_mg_1332.jpg,715244,43b4afc7,\Exclusive\20181005 - Bianca Reis - Double Anal For Bianca\,{DT16~Excl~ME0PNV2R~20181005 - Bianca Reis - Double Anal For Bianca}
_mg_1333.jpg,657021,dbfd8330,\Exclusive\20181005 - Bianca Reis - Double Anal For Bianca\,{DT16~Excl~ME0PNV2R~20181005 - Bianca Reis - Double Anal For Bianca}
_mg_1334.jpg,641387,1978bcf0,\Exclusive\20181005 - Bianca Reis - Double Anal For Bianca\,{DT16~Excl~ME0PNV2R~20181005 - Bianca Reis - Double Anal For Bianca}
_mg_1335.jpg,628942,29a35d6b,\Exclusive\20181005 - Bianca Reis - Double Anal For Bianca\,{DT16~Excl~ME0PNV2R~20181005 - Bianca Reis - Double Anal For Bianca}
_mg_1444.jpg,530999,24844831,\Exclusive\20181009 - Carolina Martins - Carolina Straight Up The Ass\,{DT16~Excl~ME0PNZY5~20181009 - Carolina Martins - Carolina Straight Up The Ass}
_mg_1446.jpg,588261,7c2cd459,\Exclusive\20181009 - Carolina Martins - Carolina Straight Up The Ass\,{DT16~Excl~ME0PNZY5~20181009 - Carolina Martins - Carolina Straight Up The Ass}
_mg_1447.jpg,799568,042c4f91,\Exclusive\20181009 - Carolina Martins - Carolina Straight Up The Ass\,{DT16~Excl~ME0PNZY5~20181009 - Carolina Martins - Carolina Straight Up The Ass}
_mg_1448.jpg,507908,0e29842d,\Exclusive\20181009 - Carolina Martins - Carolina Straight Up The Ass\,{DT16~Excl~ME0PNZY5~20181009 - Carolina Martins - Carolina Straight Up The Ass}
_mg_1449.jpg,511128,237da39d,\Exclusive\20181009 - Carolina Martins - Carolina Straight Up The Ass\,{DT16~Excl~ME0PNZY5~20181009 - Carolina Martins - Carolina Straight Up The Ass}
_mg_1450.jpg,512244,72248b01,\Exclusive\20181009 - Carolina Martins - Carolina Straight Up The Ass\,{DT16~Excl~ME0PNZY5~20181009 - Carolina Martins - Carolina Straight Up The Ass}
_mg_1451.jpg,499574,e623350f,\Exclusive\20181009 - Carolina Martins - Carolina Straight Up The Ass\,{DT16~Excl~ME0PNZY5~20181009 - Carolina Martins - Carolina Straight Up The Ass}
_mg_1452.jpg,540143,0ad7a769,\Exclusive\20181009 - Carolina Martins - Carolina Straight Up The Ass\,{DT16~Excl~ME0PNZY5~20181009 - Carolina Martins - Carolina Straight Up The Ass}
_mg_1453.jpg,534679,1857f0a9,\Exclusive\20181009 - Carolina Martins - Carolina Straight Up The Ass\,{DT16~Excl~ME0PNZY5~20181009 - Carolina Martins - Carolina Straight Up The Ass}
_mg_1454.jpg,534401,02b6c563,\Exclusive\20181009 - Carolina Martins - Carolina Straight Up The Ass\,{DT16~Excl~ME0PNZY5~20181009 - Carolina Martins - Carolina Straight Up The Ass}
_mg_1455.jpg,582507,cb4d77d8,\Exclusive\20181009 - Carolina Martins - Carolina Straight Up The Ass\,{DT16~Excl~ME0PNZY5~20181009 - Carolina Martins - Carolina Straight Up The Ass}
_mg_1456.jpg,527501,9364eb88,\Exclusive\20181009 - Carolina Martins - Carolina Straight Up The Ass\,{DT16~Excl~ME0PNZY5~20181009 - Carolina Martins - Carolina Straight Up The Ass}
_mg_1457.jpg,513247,dfe248b0,\Exclusive\20181009 - Carolina Martins - Carolina Straight Up The Ass\,{DT16~Excl~ME0PNZY5~20181009 - Carolina Martins - Carolina Straight Up The Ass}
_mg_1458.jpg,559636,b7845895,\Exclusive\20181009 - Carolina Martins - Carolina Straight Up The Ass\,{DT16~Excl~ME0PNZY5~20181009 - Carolina Martins - Carolina Straight Up The Ass}
_mg_1459.jpg,476300,13184075,\Exclusive\20181009 - Carolina Martins - Carolina Straight Up The Ass\,{DT16~Excl~ME0PNZY5~20181009 - Carolina Martins - Carolina Straight Up The Ass}
_mg_1461.jpg,499438,26475d8f,\Exclusive\20181009 - Carolina Martins - Carolina Straight Up The Ass\,{DT16~Excl~ME0PNZY5~20181009 - Carolina Martins - Carolina Straight Up The Ass}
_mg_1462.jpg,495031,e5ec5cb9,\Exclusive\20181009 - Carolina Martins - Carolina Straight Up The Ass\,{DT16~Excl~ME0PNZY5~20181009 - Carolina Martins - Carolina Straight Up The Ass}
_mg_1463.jpg,514224,21ec06bd,\Exclusive\20181009 - Carolina Martins - Carolina Straight Up The Ass\,{DT16~Excl~ME0PNZY5~20181009 - Carolina Martins - Carolina Straight Up The Ass}
_mg_1464.jpg,521832,ac346afd,\Exclusive\20181009 - Carolina Martins - Carolina Straight Up The Ass\,{DT16~Excl~ME0PNZY5~20181009 - Carolina Martins - Carolina Straight Up The Ass}
_mg_1465.jpg,442970,e98faec8,\Exclusive\20181009 - Carolina Martins - Carolina Straight Up The Ass\,{DT16~Excl~ME0PNZY5~20181009 - Carolina Martins - Carolina Straight Up The Ass}
_mg_1466.jpg,522671,517dea6b,\Exclusive\20181009 - Carolina Martins - Carolina Straight Up The Ass\,{DT16~Excl~ME0PNZY5~20181009 - Carolina Martins - Carolina Straight Up The Ass}
_mg_1467.jpg,471350,89a3ad16,\Exclusive\20181009 - Carolina Martins - Carolina Straight Up The Ass\,{DT16~Excl~ME0PNZY5~20181009 - Carolina Martins - Carolina Straight Up The Ass}
_mg_1468.jpg,501468,dfa11770,\Exclusive\20181009 - Carolina Martins - Carolina Straight Up The Ass\,{DT16~Excl~ME0PNZY5~20181009 - Carolina Martins - Carolina Straight Up The Ass}
_mg_1469.jpg,556106,449746de,\Exclusive\20181009 - Carolina Martins - Carolina Straight Up The Ass\,{DT16~Excl~ME0PNZY5~20181009 - Carolina Martins - Carolina Straight Up The Ass}
_mg_1470.jpg,468231,2299732b,\Exclusive\20181009 - Carolina Martins - Carolina Straight Up The Ass\,{DT16~Excl~ME0PNZY5~20181009 - Carolina Martins - Carolina Straight Up The Ass}
_mg_1471.jpg,489483,118c626c,\Exclusive\20181009 - Carolina Martins - Carolina Straight Up The Ass\,{DT16~Excl~ME0PNZY5~20181009 - Carolina Martins - Carolina Straight Up The Ass}
_mg_1473.jpg,538789,b8b6277d,\Exclusive\20181009 - Carolina Martins - Carolina Straight Up The Ass\,{DT16~Excl~ME0PNZY5~20181009 - Carolina Martins - Carolina Straight Up The Ass}
_mg_1474.jpg,466090,8b168217,\Exclusive\20181009 - Carolina Martins - Carolina Straight Up The Ass\,{DT16~Excl~ME0PNZY5~20181009 - Carolina Martins - Carolina Straight Up The Ass}
_mg_1475.jpg,549003,28b7d845,\Exclusive\20181009 - Carolina Martins - Carolina Straight Up The Ass\,{DT16~Excl~ME0PNZY5~20181009 - Carolina Martins - Carolina Straight Up The Ass}
_mg_1476.jpg,507653,39f2d80e,\Exclusive\20181009 - Carolina Martins - Carolina Straight Up The Ass\,{DT16~Excl~ME0PNZY5~20181009 - Carolina Martins - Carolina Straight Up The Ass}
_mg_1477.jpg,734080,c3a31797,\Exclusive\20181009 - Carolina Martins - Carolina Straight Up The Ass\,{DT16~Excl~ME0PNZY5~20181009 - Carolina Martins - Carolina Straight Up The Ass}
_mg_1478.jpg,596284,4c39bde0,\Exclusive\20181009 - Carolina Martins - Carolina Straight Up The Ass\,{DT16~Excl~ME0PNZY5~20181009 - Carolina Martins - Carolina Straight Up The Ass}
_mg_1479.jpg,646767,38932615,\Exclusive\20181009 - Carolina Martins - Carolina Straight Up The Ass\,{DT16~Excl~ME0PNZY5~20181009 - Carolina Martins - Carolina Straight Up The Ass}
_mg_1480.jpg,477699,0f516e1f,\Exclusive\20181009 - Carolina Martins - Carolina Straight Up The Ass\,{DT16~Excl~ME0PNZY5~20181009 - Carolina Martins - Carolina Straight Up The Ass}
_mg_1481.jpg,490015,7d829666,\Exclusive\20181009 - Carolina Martins - Carolina Straight Up The Ass\,{DT16~Excl~ME0PNZY5~20181009 - Carolina Martins - Carolina Straight Up The Ass}
_mg_1482.jpg,454626,2932d9d4,\Exclusive\20181009 - Carolina Martins - Carolina Straight Up The Ass\,{DT16~Excl~ME0PNZY5~20181009 - Carolina Martins - Carolina Straight Up The Ass}
_mg_1483.jpg,455506,f5cf70d5,\Exclusive\20181009 - Carolina Martins - Carolina Straight Up The Ass\,{DT16~Excl~ME0PNZY5~20181009 - Carolina Martins - Carolina Straight Up The Ass}
_mg_1484.jpg,475963,1e22107a,\Exclusive\20181009 - Carolina Martins - Carolina Straight Up The Ass\,{DT16~Excl~ME0PNZY5~20181009 - Carolina Martins - Carolina Straight Up The Ass}
_mg_1485.jpg,541995,fcb45b5d,\Exclusive\20181009 - Carolina Martins - Carolina Straight Up The Ass\,{DT16~Excl~ME0PNZY5~20181009 - Carolina Martins - Carolina Straight Up The Ass}
_mg_1486.jpg,564398,7a113435,\Exclusive\20181009 - Carolina Martins - Carolina Straight Up The Ass\,{DT16~Excl~ME0PNZY5~20181009 - Carolina Martins - Carolina Straight Up The Ass}
_mg_1487.jpg,508038,8ed581cb,\Exclusive\20181009 - Carolina Martins - Carolina Straight Up The Ass\,{DT16~Excl~ME0PNZY5~20181009 - Carolina Martins - Carolina Straight Up The Ass}
_mg_1488.jpg,566213,c6f30b95,\Exclusive\20181009 - Carolina Martins - Carolina Straight Up The Ass\,{DT16~Excl~ME0PNZY5~20181009 - Carolina Martins - Carolina Straight Up The Ass}
_mg_1489.jpg,472517,920f6973,\Exclusive\20181009 - Carolina Martins - Carolina Straight Up The Ass\,{DT16~Excl~ME0PNZY5~20181009 - Carolina Martins - Carolina Straight Up The Ass}
_mg_1490.jpg,541497,9cc98179,\Exclusive\20181009 - Carolina Martins - Carolina Straight Up The Ass\,{DT16~Excl~ME0PNZY5~20181009 - Carolina Martins - Carolina Straight Up The Ass}
_mg_1491.jpg,538878,580bc4b3,\Exclusive\20181009 - Carolina Martins - Carolina Straight Up The Ass\,{DT16~Excl~ME0PNZY5~20181009 - Carolina Martins - Carolina Straight Up The Ass}
_mg_1492.jpg,561928,ce6ac7cd,\Exclusive\20181009 - Carolina Martins - Carolina Straight Up The Ass\,{DT16~Excl~ME0PNZY5~20181009 - Carolina Martins - Carolina Straight Up The Ass}
_mg_1493.jpg,570167,f259ff24,\Exclusive\20181009 - Carolina Martins - Carolina Straight Up The Ass\,{DT16~Excl~ME0PNZY5~20181009 - Carolina Martins - Carolina Straight Up The Ass}
_mg_1494.jpg,472096,baa28088,\Exclusive\20181009 - Carolina Martins - Carolina Straight Up The Ass\,{DT16~Excl~ME0PNZY5~20181009 - Carolina Martins - Carolina Straight Up The Ass}
_mg_1495.jpg,538922,beacb8f7,\Exclusive\20181009 - Carolina Martins - Carolina Straight Up The Ass\,{DT16~Excl~ME0PNZY5~20181009 - Carolina Martins - Carolina Straight Up The Ass}
_mg_1496.jpg,567214,fc1650f8,\Exclusive\20181009 - Carolina Martins - Carolina Straight Up The Ass\,{DT16~Excl~ME0PNZY5~20181009 - Carolina Martins - Carolina Straight Up The Ass}
_mg_1497.jpg,557435,bb465848,\Exclusive\20181009 - Carolina Martins - Carolina Straight Up The Ass\,{DT16~Excl~ME0PNZY5~20181009 - Carolina Martins - Carolina Straight Up The Ass}
_mg_1498.jpg,759501,f595b99e,\Exclusive\20181009 - Carolina Martins - Carolina Straight Up The Ass\,{DT16~Excl~ME0PNZY5~20181009 - Carolina Martins - Carolina Straight Up The Ass}
_mg_1499.jpg,480316,ae6e07a1,\Exclusive\20181009 - Carolina Martins - Carolina Straight Up The Ass\,{DT16~Excl~ME0PNZY5~20181009 - Carolina Martins - Carolina Straight Up The Ass}
_mg_1500.jpg,533677,054ec122,\Exclusive\20181009 - Carolina Martins - Carolina Straight Up The Ass\,{DT16~Excl~ME0PNZY5~20181009 - Carolina Martins - Carolina Straight Up The Ass}
_mg_1501.jpg,553609,3bc3a982,\Exclusive\20181009 - Carolina Martins - Carolina Straight Up The Ass\,{DT16~Excl~ME0PNZY5~20181009 - Carolina Martins - Carolina Straight Up The Ass}
_mg_1503.jpg,554440,5ee882a6,\Exclusive\20181009 - Carolina Martins - Carolina Straight Up The Ass\,{DT16~Excl~ME0PNZY5~20181009 - Carolina Martins - Carolina Straight Up The Ass}
_mg_1504.jpg,541393,a7ca2ccc,\Exclusive\20181009 - Carolina Martins - Carolina Straight Up The Ass\,{DT16~Excl~ME0PNZY5~20181009 - Carolina Martins - Carolina Straight Up The Ass}
_mg_1505.jpg,663757,4ea69e67,\Exclusive\20181009 - Carolina Martins - Carolina Straight Up The Ass\,{DT16~Excl~ME0PNZY5~20181009 - Carolina Martins - Carolina Straight Up The Ass}
_mg_1506.jpg,756546,9badffba,\Exclusive\20181009 - Carolina Martins - Carolina Straight Up The Ass\,{DT16~Excl~ME0PNZY5~20181009 - Carolina Martins - Carolina Straight Up The Ass}
_mg_1507.jpg,539099,275972fc,\Exclusive\20181009 - Carolina Martins - Carolina Straight Up The Ass\,{DT16~Excl~ME0PNZY5~20181009 - Carolina Martins - Carolina Straight Up The Ass}
_mg_1508.jpg,564687,38fd590b,\Exclusive\20181009 - Carolina Martins - Carolina Straight Up The Ass\,{DT16~Excl~ME0PNZY5~20181009 - Carolina Martins - Carolina Straight Up The Ass}
_mg_1509.jpg,536302,177e075e,\Exclusive\20181009 - Carolina Martins - Carolina Straight Up The Ass\,{DT16~Excl~ME0PNZY5~20181009 - Carolina Martins - Carolina Straight Up The Ass}
_mg_1510.jpg,491806,3b64636b,\Exclusive\20181009 - Carolina Martins - Carolina Straight Up The Ass\,{DT16~Excl~ME0PNZY5~20181009 - Carolina Martins - Carolina Straight Up The Ass}
_mg_1511.jpg,564428,0b3a9751,\Exclusive\20181009 - Carolina Martins - Carolina Straight Up The Ass\,{DT16~Excl~ME0PNZY5~20181009 - Carolina Martins - Carolina Straight Up The Ass}
_mg_1512.jpg,488564,38def870,\Exclusive\20181009 - Carolina Martins - Carolina Straight Up The Ass\,{DT16~Excl~ME0PNZY5~20181009 - Carolina Martins - Carolina Straight Up The Ass}
_mg_1513.jpg,502812,2f3185fc,\Exclusive\20181009 - Carolina Martins - Carolina Straight Up The Ass\,{DT16~Excl~ME0PNZY5~20181009 - Carolina Martins - Carolina Straight Up The Ass}
_mg_1514.jpg,534390,e1ffe674,\Exclusive\20181009 - Carolina Martins - Carolina Straight Up The Ass\,{DT16~Excl~ME0PNZY5~20181009 - Carolina Martins - Carolina Straight Up The Ass}
_mg_1515.jpg,511096,f587933f,\Exclusive\20181009 - Carolina Martins - Carolina Straight Up The Ass\,{DT16~Excl~ME0PNZY5~20181009 - Carolina Martins - Carolina Straight Up The Ass}
_mg_1516.jpg,525516,3ad509eb,\Exclusive\20181009 - Carolina Martins - Carolina Straight Up The Ass\,{DT16~Excl~ME0PNZY5~20181009 - Carolina Martins - Carolina Straight Up The Ass}
_mg_1517.jpg,529662,9f323e62,\Exclusive\20181009 - Carolina Martins - Carolina Straight Up The Ass\,{DT16~Excl~ME0PNZY5~20181009 - Carolina Martins - Carolina Straight Up The Ass}
_mg_1518.jpg,514098,f749674a,\Exclusive\20181009 - Carolina Martins - Carolina Straight Up The Ass\,{DT16~Excl~ME0PNZY5~20181009 - Carolina Martins - Carolina Straight Up The Ass}
_mg_1519.jpg,572093,ac46694c,\Exclusive\20181009 - Carolina Martins - Carolina Straight Up The Ass\,{DT16~Excl~ME0PNZY5~20181009 - Carolina Martins - Carolina Straight Up The Ass}
_mg_1520.jpg,580699,5b04ee67,\Exclusive\20181009 - Carolina Martins - Carolina Straight Up The Ass\,{DT16~Excl~ME0PNZY5~20181009 - Carolina Martins - Carolina Straight Up The Ass}
_mg_1521.jpg,513154,867a479d,\Exclusive\20181009 - Carolina Martins - Carolina Straight Up The Ass\,{DT16~Excl~ME0PNZY5~20181009 - Carolina Martins - Carolina Straight Up The Ass}
_mg_1522.jpg,507420,eea72253,\Exclusive\20181009 - Carolina Martins - Carolina Straight Up The Ass\,{DT16~Excl~ME0PNZY5~20181009 - Carolina Martins - Carolina Straight Up The Ass}
_mg_1523.jpg,519922,69390709,\Exclusive\20181009 - Carolina Martins - Carolina Straight Up The Ass\,{DT16~Excl~ME0PNZY5~20181009 - Carolina Martins - Carolina Straight Up The Ass}
_mg_1524.jpg,516121,3fe43cd6,\Exclusive\20181009 - Carolina Martins - Carolina Straight Up The Ass\,{DT16~Excl~ME0PNZY5~20181009 - Carolina Martins - Carolina Straight Up The Ass}
_mg_1525.jpg,485533,956069f0,\Exclusive\20181009 - Carolina Martins - Carolina Straight Up The Ass\,{DT16~Excl~ME0PNZY5~20181009 - Carolina Martins - Carolina Straight Up The Ass}
_mg_1526.jpg,490376,4c3faa58,\Exclusive\20181009 - Carolina Martins - Carolina Straight Up The Ass\,{DT16~Excl~ME0PNZY5~20181009 - Carolina Martins - Carolina Straight Up The Ass}
_mg_1527.jpg,504373,2af601e5,\Exclusive\20181009 - Carolina Martins - Carolina Straight Up The Ass\,{DT16~Excl~ME0PNZY5~20181009 - Carolina Martins - Carolina Straight Up The Ass}
_mg_1528.jpg,500610,23ac295c,\Exclusive\20181009 - Carolina Martins - Carolina Straight Up The Ass\,{DT16~Excl~ME0PNZY5~20181009 - Carolina Martins - Carolina Straight Up The Ass}
_mg_1529.jpg,563020,89850a5b,\Exclusive\20181009 - Carolina Martins - Carolina Straight Up The Ass\,{DT16~Excl~ME0PNZY5~20181009 - Carolina Martins - Carolina Straight Up The Ass}
_mg_1530.jpg,556485,bfde7d60,\Exclusive\20181009 - Carolina Martins - Carolina Straight Up The Ass\,{DT16~Excl~ME0PNZY5~20181009 - Carolina Martins - Carolina Straight Up The Ass}
_mg_1531.jpg,499646,dc4d518d,\Exclusive\20181009 - Carolina Martins - Carolina Straight Up The Ass\,{DT16~Excl~ME0PNZY5~20181009 - Carolina Martins - Carolina Straight Up The Ass}
_mg_1532.jpg,514783,138da36a,\Exclusive\20181009 - Carolina Martins - Carolina Straight Up The Ass\,{DT16~Excl~ME0PNZY5~20181009 - Carolina Martins - Carolina Straight Up The Ass}
_mg_1533.jpg,525401,9c572185,\Exclusive\20181009 - Carolina Martins - Carolina Straight Up The Ass\,{DT16~Excl~ME0PNZY5~20181009 - Carolina Martins - Carolina Straight Up The Ass}
_mg_1534.jpg,527684,81074a3a,\Exclusive\20181009 - Carolina Martins - Carolina Straight Up The Ass\,{DT16~Excl~ME0PNZY5~20181009 - Carolina Martins - Carolina Straight Up The Ass}
_mg_1535.jpg,482387,cd4a8251,\Exclusive\20181009 - Carolina Martins - Carolina Straight Up The Ass\,{DT16~Excl~ME0PNZY5~20181009 - Carolina Martins - Carolina Straight Up The Ass}
_mg_1536.jpg,479449,485d5960,\Exclusive\20181009 - Carolina Martins - Carolina Straight Up The Ass\,{DT16~Excl~ME0PNZY5~20181009 - Carolina Martins - Carolina Straight Up The Ass}
_mg_1537.jpg,473418,b535f025,\Exclusive\20181009 - Carolina Martins - Carolina Straight Up The Ass\,{DT16~Excl~ME0PNZY5~20181009 - Carolina Martins - Carolina Straight Up The Ass}
_mg_1538.jpg,450344,e9dc1407,\Exclusive\20181009 - Carolina Martins - Carolina Straight Up The Ass\,{DT16~Excl~ME0PNZY5~20181009 - Carolina Martins - Carolina Straight Up The Ass}
_mg_1539.jpg,454840,3ea5b95e,\Exclusive\20181009 - Carolina Martins - Carolina Straight Up The Ass\,{DT16~Excl~ME0PNZY5~20181009 - Carolina Martins - Carolina Straight Up The Ass}
_mg_1540.jpg,550092,1d81a757,\Exclusive\20181009 - Carolina Martins - Carolina Straight Up The Ass\,{DT16~Excl~ME0PNZY5~20181009 - Carolina Martins - Carolina Straight Up The Ass}
_mg_1541.jpg,555030,7f8923f3,\Exclusive\20181009 - Carolina Martins - Carolina Straight Up The Ass\,{DT16~Excl~ME0PNZY5~20181009 - Carolina Martins - Carolina Straight Up The Ass}
_mg_1542.jpg,600590,ebac554c,\Exclusive\20181009 - Carolina Martins - Carolina Straight Up The Ass\,{DT16~Excl~ME0PNZY5~20181009 - Carolina Martins - Carolina Straight Up The Ass}
_mg_1543.jpg,564466,ecbb8b74,\Exclusive\20181009 - Carolina Martins - Carolina Straight Up The Ass\,{DT16~Excl~ME0PNZY5~20181009 - Carolina Martins - Carolina Straight Up The Ass}
_mg_1544.jpg,544142,b5d5df6d,\Exclusive\20181009 - Carolina Martins - Carolina Straight Up The Ass\,{DT16~Excl~ME0PNZY5~20181009 - Carolina Martins - Carolina Straight Up The Ass}
_mg_1545.jpg,551388,277bfd77,\Exclusive\20181009 - Carolina Martins - Carolina Straight Up The Ass\,{DT16~Excl~ME0PNZY5~20181009 - Carolina Martins - Carolina Straight Up The Ass}
_mg_1546.jpg,524243,b6f6beef,\Exclusive\20181009 - Carolina Martins - Carolina Straight Up The Ass\,{DT16~Excl~ME0PNZY5~20181009 - Carolina Martins - Carolina Straight Up The Ass}
_mg_1547.jpg,528664,03952407,\Exclusive\20181009 - Carolina Martins - Carolina Straight Up The Ass\,{DT16~Excl~ME0PNZY5~20181009 - Carolina Martins - Carolina Straight Up The Ass}
_mg_1548.jpg,564191,9cbdd705,\Exclusive\20181009 - Carolina Martins - Carolina Straight Up The Ass\,{DT16~Excl~ME0PNZY5~20181009 - Carolina Martins - Carolina Straight Up The Ass}
_mg_1549.jpg,563211,4db55de7,\Exclusive\20181009 - Carolina Martins - Carolina Straight Up The Ass\,{DT16~Excl~ME0PNZY5~20181009 - Carolina Martins - Carolina Straight Up The Ass}
_mg_1550.jpg,569347,b9b4bad5,\Exclusive\20181009 - Carolina Martins - Carolina Straight Up The Ass\,{DT16~Excl~ME0PNZY5~20181009 - Carolina Martins - Carolina Straight Up The Ass}
_mg_1551.jpg,568127,040f19f1,\Exclusive\20181009 - Carolina Martins - Carolina Straight Up The Ass\,{DT16~Excl~ME0PNZY5~20181009 - Carolina Martins - Carolina Straight Up The Ass}
_mg_1552.jpg,519461,8ebad406,\Exclusive\20181009 - Carolina Martins - Carolina Straight Up The Ass\,{DT16~Excl~ME0PNZY5~20181009 - Carolina Martins - Carolina Straight Up The Ass}
_mg_1553.jpg,555384,ea1f5f91,\Exclusive\20181009 - Carolina Martins - Carolina Straight Up The Ass\,{DT16~Excl~ME0PNZY5~20181009 - Carolina Martins - Carolina Straight Up The Ass}
_mg_1554.jpg,526976,2b63847a,\Exclusive\20181009 - Carolina Martins - Carolina Straight Up The Ass\,{DT16~Excl~ME0PNZY5~20181009 - Carolina Martins - Carolina Straight Up The Ass}
_mg_1555.jpg,505675,2da4c9c7,\Exclusive\20181009 - Carolina Martins - Carolina Straight Up The Ass\,{DT16~Excl~ME0PNZY5~20181009 - Carolina Martins - Carolina Straight Up The Ass}
_mg_1556.jpg,463683,bdc8c951,\Exclusive\20181009 - Carolina Martins - Carolina Straight Up The Ass\,{DT16~Excl~ME0PNZY5~20181009 - Carolina Martins - Carolina Straight Up The Ass}
_mg_1557.jpg,484690,d125d2d5,\Exclusive\20181009 - Carolina Martins - Carolina Straight Up The Ass\,{DT16~Excl~ME0PNZY5~20181009 - Carolina Martins - Carolina Straight Up The Ass}
_mg_1558.jpg,468955,296432e6,\Exclusive\20181009 - Carolina Martins - Carolina Straight Up The Ass\,{DT16~Excl~ME0PNZY5~20181009 - Carolina Martins - Carolina Straight Up The Ass}
_mg_1559.jpg,460179,781e13cf,\Exclusive\20181009 - Carolina Martins - Carolina Straight Up The Ass\,{DT16~Excl~ME0PNZY5~20181009 - Carolina Martins - Carolina Straight Up The Ass}
_mg_1560.jpg,478093,a91217b5,\Exclusive\20181009 - Carolina Martins - Carolina Straight Up The Ass\,{DT16~Excl~ME0PNZY5~20181009 - Carolina Martins - Carolina Straight Up The Ass}
_mg_1561.jpg,447921,66f35764,\Exclusive\20181009 - Carolina Martins - Carolina Straight Up The Ass\,{DT16~Excl~ME0PNZY5~20181009 - Carolina Martins - Carolina Straight Up The Ass}
_mg_1562.jpg,461017,657a5abb,\Exclusive\20181009 - Carolina Martins - Carolina Straight Up The Ass\,{DT16~Excl~ME0PNZY5~20181009 - Carolina Martins - Carolina Straight Up The Ass}
_mg_1563.jpg,445975,cc632d7f,\Exclusive\20181009 - Carolina Martins - Carolina Straight Up The Ass\,{DT16~Excl~ME0PNZY5~20181009 - Carolina Martins - Carolina Straight Up The Ass}
_mg_1564.jpg,520285,7fab052f,\Exclusive\20181009 - Carolina Martins - Carolina Straight Up The Ass\,{DT16~Excl~ME0PNZY5~20181009 - Carolina Martins - Carolina Straight Up The Ass}
_mg_1565.jpg,531396,749678fb,\Exclusive\20181009 - Carolina Martins - Carolina Straight Up The Ass\,{DT16~Excl~ME0PNZY5~20181009 - Carolina Martins - Carolina Straight Up The Ass}
_mg_1566.jpg,519257,6288d7a5,\Exclusive\20181009 - Carolina Martins - Carolina Straight Up The Ass\,{DT16~Excl~ME0PNZY5~20181009 - Carolina Martins - Carolina Straight Up The Ass}
_mg_1567.jpg,525852,f6205cd0,\Exclusive\20181009 - Carolina Martins - Carolina Straight Up The Ass\,{DT16~Excl~ME0PNZY5~20181009 - Carolina Martins - Carolina Straight Up The Ass}
_mg_1568.jpg,747714,d0c8870a,\Exclusive\20181009 - Carolina Martins - Carolina Straight Up The Ass\,{DT16~Excl~ME0PNZY5~20181009 - Carolina Martins - Carolina Straight Up The Ass}
_mg_1569.jpg,580887,2bb45e18,\Exclusive\20181009 - Carolina Martins - Carolina Straight Up The Ass\,{DT16~Excl~ME0PNZY5~20181009 - Carolina Martins - Carolina Straight Up The Ass}
_mg_1570.jpg,528699,c52052d9,\Exclusive\20181009 - Carolina Martins - Carolina Straight Up The Ass\,{DT16~Excl~ME0PNZY5~20181009 - Carolina Martins - Carolina Straight Up The Ass}
_mg_1571.jpg,455520,16ceddd3,\Exclusive\20181009 - Carolina Martins - Carolina Straight Up The Ass\,{DT16~Excl~ME0PNZY5~20181009 - Carolina Martins - Carolina Straight Up The Ass}
_mg_1573.jpg,522936,1b0c73bc,\Exclusive\20181009 - Carolina Martins - Carolina Straight Up The Ass\,{DT16~Excl~ME0PNZY5~20181009 - Carolina Martins - Carolina Straight Up The Ass}
_mg_1574.jpg,514390,d6456bb7,\Exclusive\20181009 - Carolina Martins - Carolina Straight Up The Ass\,{DT16~Excl~ME0PNZY5~20181009 - Carolina Martins - Carolina Straight Up The Ass}
_mg_1575.jpg,545651,2c6fada3,\Exclusive\20181009 - Carolina Martins - Carolina Straight Up The Ass\,{DT16~Excl~ME0PNZY5~20181009 - Carolina Martins - Carolina Straight Up The Ass}
_mg_1576.jpg,572413,064f6632,\Exclusive\20181009 - Carolina Martins - Carolina Straight Up The Ass\,{DT16~Excl~ME0PNZY5~20181009 - Carolina Martins - Carolina Straight Up The Ass}
_mg_1577.jpg,515472,6b809252,\Exclusive\20181009 - Carolina Martins - Carolina Straight Up The Ass\,{DT16~Excl~ME0PNZY5~20181009 - Carolina Martins - Carolina Straight Up The Ass}
_mg_1578.jpg,430171,761c8c28,\Exclusive\20181009 - Carolina Martins - Carolina Straight Up The Ass\,{DT16~Excl~ME0PNZY5~20181009 - Carolina Martins - Carolina Straight Up The Ass}
_mg_1579.jpg,528573,5b9fb191,\Exclusive\20181009 - Carolina Martins - Carolina Straight Up The Ass\,{DT16~Excl~ME0PNZY5~20181009 - Carolina Martins - Carolina Straight Up The Ass}
_mg_1580.jpg,799207,86fcf53c,\Exclusive\20181009 - Carolina Martins - Carolina Straight Up The Ass\,{DT16~Excl~ME0PNZY5~20181009 - Carolina Martins - Carolina Straight Up The Ass}
_mg_1581.jpg,445735,8fd93aa7,\Exclusive\20181009 - Carolina Martins - Carolina Straight Up The Ass\,{DT16~Excl~ME0PNZY5~20181009 - Carolina Martins - Carolina Straight Up The Ass}
_mg_1582.jpg,605987,53379a85,\Exclusive\20181009 - Carolina Martins - Carolina Straight Up The Ass\,{DT16~Excl~ME0PNZY5~20181009 - Carolina Martins - Carolina Straight Up The Ass}
_mg_1583.jpg,452762,d36b3d5f,\Exclusive\20181009 - Carolina Martins - Carolina Straight Up The Ass\,{DT16~Excl~ME0PNZY5~20181009 - Carolina Martins - Carolina Straight Up The Ass}
_mg_1585.jpg,478446,128a7759,\Exclusive\20181009 - Carolina Martins - Carolina Straight Up The Ass\,{DT16~Excl~ME0PNZY5~20181009 - Carolina Martins - Carolina Straight Up The Ass}
_mg_1586.jpg,603704,01a6162d,\Exclusive\20181009 - Carolina Martins - Carolina Straight Up The Ass\,{DT16~Excl~ME0PNZY5~20181009 - Carolina Martins - Carolina Straight Up The Ass}
_mg_1587.jpg,502224,d2741528,\Exclusive\20181009 - Carolina Martins - Carolina Straight Up The Ass\,{DT16~Excl~ME0PNZY5~20181009 - Carolina Martins - Carolina Straight Up The Ass}
_mg_1588.jpg,533758,c77b45f8,\Exclusive\20181009 - Carolina Martins - Carolina Straight Up The Ass\,{DT16~Excl~ME0PNZY5~20181009 - Carolina Martins - Carolina Straight Up The Ass}
_mg_1589.jpg,536422,18b650c7,\Exclusive\20181009 - Carolina Martins - Carolina Straight Up The Ass\,{DT16~Excl~ME0PNZY5~20181009 - Carolina Martins - Carolina Straight Up The Ass}
_mg_1590.jpg,534435,2596e20c,\Exclusive\20181009 - Carolina Martins - Carolina Straight Up The Ass\,{DT16~Excl~ME0PNZY5~20181009 - Carolina Martins - Carolina Straight Up The Ass}
_mg_1591.jpg,548053,1cd9afa5,\Exclusive\20181009 - Carolina Martins - Carolina Straight Up The Ass\,{DT16~Excl~ME0PNZY5~20181009 - Carolina Martins - Carolina Straight Up The Ass}
_mg_1593.jpg,426776,907d6603,\Exclusive\20181009 - Carolina Martins - Carolina Straight Up The Ass\,{DT16~Excl~ME0PNZY5~20181009 - Carolina Martins - Carolina Straight Up The Ass}
_mg_1594.jpg,447336,0b6c79c1,\Exclusive\20181009 - Carolina Martins - Carolina Straight Up The Ass\,{DT16~Excl~ME0PNZY5~20181009 - Carolina Martins - Carolina Straight Up The Ass}
_mg_1595.jpg,483474,c0f338b7,\Exclusive\20181009 - Carolina Martins - Carolina Straight Up The Ass\,{DT16~Excl~ME0PNZY5~20181009 - Carolina Martins - Carolina Straight Up The Ass}
_mg_1596.jpg,525510,b21b5593,\Exclusive\20181009 - Carolina Martins - Carolina Straight Up The Ass\,{DT16~Excl~ME0PNZY5~20181009 - Carolina Martins - Carolina Straight Up The Ass}
_mg_1597.jpg,525602,1f4f57b7,\Exclusive\20181009 - Carolina Martins - Carolina Straight Up The Ass\,{DT16~Excl~ME0PNZY5~20181009 - Carolina Martins - Carolina Straight Up The Ass}
_mg_1598.jpg,567857,3fbf44b8,\Exclusive\20181009 - Carolina Martins - Carolina Straight Up The Ass\,{DT16~Excl~ME0PNZY5~20181009 - Carolina Martins - Carolina Straight Up The Ass}
_mg_1599.jpg,505705,0ed3bd5b,\Exclusive\20181009 - Carolina Martins - Carolina Straight Up The Ass\,{DT16~Excl~ME0PNZY5~20181009 - Carolina Martins - Carolina Straight Up The Ass}
_mg_1600.jpg,496404,b9db9bb6,\Exclusive\20181009 - Carolina Martins - Carolina Straight Up The Ass\,{DT16~Excl~ME0PNZY5~20181009 - Carolina Martins - Carolina Straight Up The Ass}
_mg_0583.jpg,655926,321785bb,\Exclusive\20181012 - Dani Peterson - Sexy Dani Is Barebacked\,{DT16~Excl~ME0PO2AU~20181012 - Dani Peterson - Sexy Dani Is Barebacked}
_mg_0584.jpg,669448,3f4d041f,\Exclusive\20181012 - Dani Peterson - Sexy Dani Is Barebacked\,{DT16~Excl~ME0PO2AU~20181012 - Dani Peterson - Sexy Dani Is Barebacked}
_mg_0585.jpg,698974,a0f9e4e6,\Exclusive\20181012 - Dani Peterson - Sexy Dani Is Barebacked\,{DT16~Excl~ME0PO2AU~20181012 - Dani Peterson - Sexy Dani Is Barebacked}
_mg_0586.jpg,715004,6c829f5a,\Exclusive\20181012 - Dani Peterson - Sexy Dani Is Barebacked\,{DT16~Excl~ME0PO2AU~20181012 - Dani Peterson - Sexy Dani Is Barebacked}
_mg_0587.jpg,711391,b29603a9,\Exclusive\20181012 - Dani Peterson - Sexy Dani Is Barebacked\,{DT16~Excl~ME0PO2AU~20181012 - Dani Peterson - Sexy Dani Is Barebacked}
_mg_0593.jpg,662219,fa0b216e,\Exclusive\20181012 - Dani Peterson - Sexy Dani Is Barebacked\,{DT16~Excl~ME0PO2AU~20181012 - Dani Peterson - Sexy Dani Is Barebacked}
_mg_0595.jpg,621589,2c1b29f1,\Exclusive\20181012 - Dani Peterson - Sexy Dani Is Barebacked\,{DT16~Excl~ME0PO2AU~20181012 - Dani Peterson - Sexy Dani Is Barebacked}
_mg_0596.jpg,605986,8bd2894e,\Exclusive\20181012 - Dani Peterson - Sexy Dani Is Barebacked\,{DT16~Excl~ME0PO2AU~20181012 - Dani Peterson - Sexy Dani Is Barebacked}
_mg_0597.jpg,563949,952a849c,\Exclusive\20181012 - Dani Peterson - Sexy Dani Is Barebacked\,{DT16~Excl~ME0PO2AU~20181012 - Dani Peterson - Sexy Dani Is Barebacked}
_mg_0599.jpg,608633,f9901bec,\Exclusive\20181012 - Dani Peterson - Sexy Dani Is Barebacked\,{DT16~Excl~ME0PO2AU~20181012 - Dani Peterson - Sexy Dani Is Barebacked}
_mg_0600.jpg,649903,35925f80,\Exclusive\20181012 - Dani Peterson - Sexy Dani Is Barebacked\,{DT16~Excl~ME0PO2AU~20181012 - Dani Peterson - Sexy Dani Is Barebacked}
_mg_0601.jpg,649077,4ea97e2d,\Exclusive\20181012 - Dani Peterson - Sexy Dani Is Barebacked\,{DT16~Excl~ME0PO2AU~20181012 - Dani Peterson - Sexy Dani Is Barebacked}
_mg_0602.jpg,623385,eed1c8c9,\Exclusive\20181012 - Dani Peterson - Sexy Dani Is Barebacked\,{DT16~Excl~ME0PO2AU~20181012 - Dani Peterson - Sexy Dani Is Barebacked}
_mg_0603.jpg,670260,204736fe,\Exclusive\20181012 - Dani Peterson - Sexy Dani Is Barebacked\,{DT16~Excl~ME0PO2AU~20181012 - Dani Peterson - Sexy Dani Is Barebacked}
_mg_0605.jpg,612625,0438a01a,\Exclusive\20181012 - Dani Peterson - Sexy Dani Is Barebacked\,{DT16~Excl~ME0PO2AU~20181012 - Dani Peterson - Sexy Dani Is Barebacked}
_mg_0607.jpg,623555,d6248dc1,\Exclusive\20181012 - Dani Peterson - Sexy Dani Is Barebacked\,{DT16~Excl~ME0PO2AU~20181012 - Dani Peterson - Sexy Dani Is Barebacked}
_mg_0608.jpg,616159,07c9cbe9,\Exclusive\20181012 - Dani Peterson - Sexy Dani Is Barebacked\,{DT16~Excl~ME0PO2AU~20181012 - Dani Peterson - Sexy Dani Is Barebacked}
_mg_0609.jpg,646890,06db62b5,\Exclusive\20181012 - Dani Peterson - Sexy Dani Is Barebacked\,{DT16~Excl~ME0PO2AU~20181012 - Dani Peterson - Sexy Dani Is Barebacked}
_mg_0610.jpg,636439,5b7e1f8e,\Exclusive\20181012 - Dani Peterson - Sexy Dani Is Barebacked\,{DT16~Excl~ME0PO2AU~20181012 - Dani Peterson - Sexy Dani Is Barebacked}
_mg_0611.jpg,622666,93ed07eb,\Exclusive\20181012 - Dani Peterson - Sexy Dani Is Barebacked\,{DT16~Excl~ME0PO2AU~20181012 - Dani Peterson - Sexy Dani Is Barebacked}
_mg_0615.jpg,594854,5a443fc9,\Exclusive\20181012 - Dani Peterson - Sexy Dani Is Barebacked\,{DT16~Excl~ME0PO2AU~20181012 - Dani Peterson - Sexy Dani Is Barebacked}
_mg_0618.jpg,500379,6b86d4fe,\Exclusive\20181012 - Dani Peterson - Sexy Dani Is Barebacked\,{DT16~Excl~ME0PO2AU~20181012 - Dani Peterson - Sexy Dani Is Barebacked}
_mg_0620.jpg,554514,dad2c91e,\Exclusive\20181012 - Dani Peterson - Sexy Dani Is Barebacked\,{DT16~Excl~ME0PO2AU~20181012 - Dani Peterson - Sexy Dani Is Barebacked}
_mg_0621.jpg,554633,ebf4fc0f,\Exclusive\20181012 - Dani Peterson - Sexy Dani Is Barebacked\,{DT16~Excl~ME0PO2AU~20181012 - Dani Peterson - Sexy Dani Is Barebacked}
_mg_0623.jpg,543226,d5414727,\Exclusive\20181012 - Dani Peterson - Sexy Dani Is Barebacked\,{DT16~Excl~ME0PO2AU~20181012 - Dani Peterson - Sexy Dani Is Barebacked}
_mg_0624.jpg,538139,b5c0412e,\Exclusive\20181012 - Dani Peterson - Sexy Dani Is Barebacked\,{DT16~Excl~ME0PO2AU~20181012 - Dani Peterson - Sexy Dani Is Barebacked}
_mg_0625.jpg,499026,9efd379e,\Exclusive\20181012 - Dani Peterson - Sexy Dani Is Barebacked\,{DT16~Excl~ME0PO2AU~20181012 - Dani Peterson - Sexy Dani Is Barebacked}
_mg_0627.jpg,572065,72587926,\Exclusive\20181012 - Dani Peterson - Sexy Dani Is Barebacked\,{DT16~Excl~ME0PO2AU~20181012 - Dani Peterson - Sexy Dani Is Barebacked}
_mg_0628.jpg,549381,7f83f721,\Exclusive\20181012 - Dani Peterson - Sexy Dani Is Barebacked\,{DT16~Excl~ME0PO2AU~20181012 - Dani Peterson - Sexy Dani Is Barebacked}
_mg_0629.jpg,535669,5dfcb254,\Exclusive\20181012 - Dani Peterson - Sexy Dani Is Barebacked\,{DT16~Excl~ME0PO2AU~20181012 - Dani Peterson - Sexy Dani Is Barebacked}
_mg_0630.jpg,532780,308aa55a,\Exclusive\20181012 - Dani Peterson - Sexy Dani Is Barebacked\,{DT16~Excl~ME0PO2AU~20181012 - Dani Peterson - Sexy Dani Is Barebacked}
_mg_0631.jpg,589746,f3a57d22,\Exclusive\20181012 - Dani Peterson - Sexy Dani Is Barebacked\,{DT16~Excl~ME0PO2AU~20181012 - Dani Peterson - Sexy Dani Is Barebacked}
_mg_0632.jpg,555333,a8fcb5e4,\Exclusive\20181012 - Dani Peterson - Sexy Dani Is Barebacked\,{DT16~Excl~ME0PO2AU~20181012 - Dani Peterson - Sexy Dani Is Barebacked}
_mg_0633.jpg,536716,2c19e4a8,\Exclusive\20181012 - Dani Peterson - Sexy Dani Is Barebacked\,{DT16~Excl~ME0PO2AU~20181012 - Dani Peterson - Sexy Dani Is Barebacked}
_mg_0634.jpg,553448,beece0b4,\Exclusive\20181012 - Dani Peterson - Sexy Dani Is Barebacked\,{DT16~Excl~ME0PO2AU~20181012 - Dani Peterson - Sexy Dani Is Barebacked}
_mg_0635.jpg,589536,c3e37876,\Exclusive\20181012 - Dani Peterson - Sexy Dani Is Barebacked\,{DT16~Excl~ME0PO2AU~20181012 - Dani Peterson - Sexy Dani Is Barebacked}
_mg_0638.jpg,559198,11d18d72,\Exclusive\20181012 - Dani Peterson - Sexy Dani Is Barebacked\,{DT16~Excl~ME0PO2AU~20181012 - Dani Peterson - Sexy Dani Is Barebacked}
_mg_0640.jpg,504528,eaa73f71,\Exclusive\20181012 - Dani Peterson - Sexy Dani Is Barebacked\,{DT16~Excl~ME0PO2AU~20181012 - Dani Peterson - Sexy Dani Is Barebacked}
_mg_0642.jpg,587439,945c5273,\Exclusive\20181012 - Dani Peterson - Sexy Dani Is Barebacked\,{DT16~Excl~ME0PO2AU~20181012 - Dani Peterson - Sexy Dani Is Barebacked}
_mg_0643.jpg,592584,0a763691,\Exclusive\20181012 - Dani Peterson - Sexy Dani Is Barebacked\,{DT16~Excl~ME0PO2AU~20181012 - Dani Peterson - Sexy Dani Is Barebacked}
_mg_0644.jpg,579844,803ee114,\Exclusive\20181012 - Dani Peterson - Sexy Dani Is Barebacked\,{DT16~Excl~ME0PO2AU~20181012 - Dani Peterson - Sexy Dani Is Barebacked}
_mg_0645.jpg,581692,fe5aa47b,\Exclusive\20181012 - Dani Peterson - Sexy Dani Is Barebacked\,{DT16~Excl~ME0PO2AU~20181012 - Dani Peterson - Sexy Dani Is Barebacked}
_mg_0646.jpg,612781,8212d22c,\Exclusive\20181012 - Dani Peterson - Sexy Dani Is Barebacked\,{DT16~Excl~ME0PO2AU~20181012 - Dani Peterson - Sexy Dani Is Barebacked}
_mg_0647.jpg,589713,46fcb38f,\Exclusive\20181012 - Dani Peterson - Sexy Dani Is Barebacked\,{DT16~Excl~ME0PO2AU~20181012 - Dani Peterson - Sexy Dani Is Barebacked}
_mg_0648.jpg,585018,ef424b19,\Exclusive\20181012 - Dani Peterson - Sexy Dani Is Barebacked\,{DT16~Excl~ME0PO2AU~20181012 - Dani Peterson - Sexy Dani Is Barebacked}
_mg_0649.jpg,604805,ee10a9b5,\Exclusive\20181012 - Dani Peterson - Sexy Dani Is Barebacked\,{DT16~Excl~ME0PO2AU~20181012 - Dani Peterson - Sexy Dani Is Barebacked}
_mg_0650.jpg,606320,fcdf0204,\Exclusive\20181012 - Dani Peterson - Sexy Dani Is Barebacked\,{DT16~Excl~ME0PO2AU~20181012 - Dani Peterson - Sexy Dani Is Barebacked}
_mg_0651.jpg,572418,6aaad810,\Exclusive\20181012 - Dani Peterson - Sexy Dani Is Barebacked\,{DT16~Excl~ME0PO2AU~20181012 - Dani Peterson - Sexy Dani Is Barebacked}
_mg_0652.jpg,614078,e61645ef,\Exclusive\20181012 - Dani Peterson - Sexy Dani Is Barebacked\,{DT16~Excl~ME0PO2AU~20181012 - Dani Peterson - Sexy Dani Is Barebacked}
_mg_0653.jpg,695143,89d57e78,\Exclusive\20181012 - Dani Peterson - Sexy Dani Is Barebacked\,{DT16~Excl~ME0PO2AU~20181012 - Dani Peterson - Sexy Dani Is Barebacked}
_mg_0654.jpg,588567,9143803d,\Exclusive\20181012 - Dani Peterson - Sexy Dani Is Barebacked\,{DT16~Excl~ME0PO2AU~20181012 - Dani Peterson - Sexy Dani Is Barebacked}
_mg_0655.jpg,585256,16662c4c,\Exclusive\20181012 - Dani Peterson - Sexy Dani Is Barebacked\,{DT16~Excl~ME0PO2AU~20181012 - Dani Peterson - Sexy Dani Is Barebacked}
_mg_0657.jpg,614873,5609ce66,\Exclusive\20181012 - Dani Peterson - Sexy Dani Is Barebacked\,{DT16~Excl~ME0PO2AU~20181012 - Dani Peterson - Sexy Dani Is Barebacked}
_mg_0660.jpg,583541,b60812f8,\Exclusive\20181012 - Dani Peterson - Sexy Dani Is Barebacked\,{DT16~Excl~ME0PO2AU~20181012 - Dani Peterson - Sexy Dani Is Barebacked}
_mg_0661.jpg,595916,1e3b9191,\Exclusive\20181012 - Dani Peterson - Sexy Dani Is Barebacked\,{DT16~Excl~ME0PO2AU~20181012 - Dani Peterson - Sexy Dani Is Barebacked}
_mg_0662.jpg,523900,46c0dd02,\Exclusive\20181012 - Dani Peterson - Sexy Dani Is Barebacked\,{DT16~Excl~ME0PO2AU~20181012 - Dani Peterson - Sexy Dani Is Barebacked}
_mg_0664.jpg,580599,54c931c0,\Exclusive\20181012 - Dani Peterson - Sexy Dani Is Barebacked\,{DT16~Excl~ME0PO2AU~20181012 - Dani Peterson - Sexy Dani Is Barebacked}
_mg_0665.jpg,542881,616e68f8,\Exclusive\20181012 - Dani Peterson - Sexy Dani Is Barebacked\,{DT16~Excl~ME0PO2AU~20181012 - Dani Peterson - Sexy Dani Is Barebacked}
_mg_0666.jpg,551587,15e84421,\Exclusive\20181012 - Dani Peterson - Sexy Dani Is Barebacked\,{DT16~Excl~ME0PO2AU~20181012 - Dani Peterson - Sexy Dani Is Barebacked}
_mg_0668.jpg,482276,1edc177f,\Exclusive\20181012 - Dani Peterson - Sexy Dani Is Barebacked\,{DT16~Excl~ME0PO2AU~20181012 - Dani Peterson - Sexy Dani Is Barebacked}
_mg_0670.jpg,495430,3aa53478,\Exclusive\20181012 - Dani Peterson - Sexy Dani Is Barebacked\,{DT16~Excl~ME0PO2AU~20181012 - Dani Peterson - Sexy Dani Is Barebacked}
_mg_0671.jpg,504072,f33c5073,\Exclusive\20181012 - Dani Peterson - Sexy Dani Is Barebacked\,{DT16~Excl~ME0PO2AU~20181012 - Dani Peterson - Sexy Dani Is Barebacked}
_mg_0672.jpg,506470,826958b6,\Exclusive\20181012 - Dani Peterson - Sexy Dani Is Barebacked\,{DT16~Excl~ME0PO2AU~20181012 - Dani Peterson - Sexy Dani Is Barebacked}
_mg_0673.jpg,517890,6e259a2e,\Exclusive\20181012 - Dani Peterson - Sexy Dani Is Barebacked\,{DT16~Excl~ME0PO2AU~20181012 - Dani Peterson - Sexy Dani Is Barebacked}
_mg_0674.jpg,564467,322c8d84,\Exclusive\20181012 - Dani Peterson - Sexy Dani Is Barebacked\,{DT16~Excl~ME0PO2AU~20181012 - Dani Peterson - Sexy Dani Is Barebacked}
_mg_0675.jpg,545618,acdfa003,\Exclusive\20181012 - Dani Peterson - Sexy Dani Is Barebacked\,{DT16~Excl~ME0PO2AU~20181012 - Dani Peterson - Sexy Dani Is Barebacked}
_mg_0676.jpg,539705,9a7f8d65,\Exclusive\20181012 - Dani Peterson - Sexy Dani Is Barebacked\,{DT16~Excl~ME0PO2AU~20181012 - Dani Peterson - Sexy Dani Is Barebacked}
_mg_0677.jpg,562031,fe5ec40e,\Exclusive\20181012 - Dani Peterson - Sexy Dani Is Barebacked\,{DT16~Excl~ME0PO2AU~20181012 - Dani Peterson - Sexy Dani Is Barebacked}
_mg_0678.jpg,574587,7b3d1bc7,\Exclusive\20181012 - Dani Peterson - Sexy Dani Is Barebacked\,{DT16~Excl~ME0PO2AU~20181012 - Dani Peterson - Sexy Dani Is Barebacked}
_mg_0679.jpg,511777,e1e049c3,\Exclusive\20181012 - Dani Peterson - Sexy Dani Is Barebacked\,{DT16~Excl~ME0PO2AU~20181012 - Dani Peterson - Sexy Dani Is Barebacked}
_mg_0680.jpg,502279,8312b50d,\Exclusive\20181012 - Dani Peterson - Sexy Dani Is Barebacked\,{DT16~Excl~ME0PO2AU~20181012 - Dani Peterson - Sexy Dani Is Barebacked}
_mg_0681.jpg,504420,c05f2551,\Exclusive\20181012 - Dani Peterson - Sexy Dani Is Barebacked\,{DT16~Excl~ME0PO2AU~20181012 - Dani Peterson - Sexy Dani Is Barebacked}
_mg_0682.jpg,479117,b1b6ba4d,\Exclusive\20181012 - Dani Peterson - Sexy Dani Is Barebacked\,{DT16~Excl~ME0PO2AU~20181012 - Dani Peterson - Sexy Dani Is Barebacked}
_mg_0683.jpg,560562,ce36dbd9,\Exclusive\20181012 - Dani Peterson - Sexy Dani Is Barebacked\,{DT16~Excl~ME0PO2AU~20181012 - Dani Peterson - Sexy Dani Is Barebacked}
_mg_0684.jpg,516556,2128ae48,\Exclusive\20181012 - Dani Peterson - Sexy Dani Is Barebacked\,{DT16~Excl~ME0PO2AU~20181012 - Dani Peterson - Sexy Dani Is Barebacked}
_mg_0686.jpg,444823,9a9de55d,\Exclusive\20181012 - Dani Peterson - Sexy Dani Is Barebacked\,{DT16~Excl~ME0PO2AU~20181012 - Dani Peterson - Sexy Dani Is Barebacked}
_mg_0687.jpg,442626,e9fd009b,\Exclusive\20181012 - Dani Peterson - Sexy Dani Is Barebacked\,{DT16~Excl~ME0PO2AU~20181012 - Dani Peterson - Sexy Dani Is Barebacked}
_mg_0688.jpg,449674,64ee2955,\Exclusive\20181012 - Dani Peterson - Sexy Dani Is Barebacked\,{DT16~Excl~ME0PO2AU~20181012 - Dani Peterson - Sexy Dani Is Barebacked}
_mg_0689.jpg,444003,6084a2a6,\Exclusive\20181012 - Dani Peterson - Sexy Dani Is Barebacked\,{DT16~Excl~ME0PO2AU~20181012 - Dani Peterson - Sexy Dani Is Barebacked}
_mg_0690.jpg,465379,c1ffb4d2,\Exclusive\20181012 - Dani Peterson - Sexy Dani Is Barebacked\,{DT16~Excl~ME0PO2AU~20181012 - Dani Peterson - Sexy Dani Is Barebacked}
_mg_0691.jpg,480642,1a297dfc,\Exclusive\20181012 - Dani Peterson - Sexy Dani Is Barebacked\,{DT16~Excl~ME0PO2AU~20181012 - Dani Peterson - Sexy Dani Is Barebacked}
_mg_0692.jpg,558136,3f81ab6a,\Exclusive\20181012 - Dani Peterson - Sexy Dani Is Barebacked\,{DT16~Excl~ME0PO2AU~20181012 - Dani Peterson - Sexy Dani Is Barebacked}
_mg_0694.jpg,576456,dd9b3157,\Exclusive\20181012 - Dani Peterson - Sexy Dani Is Barebacked\,{DT16~Excl~ME0PO2AU~20181012 - Dani Peterson - Sexy Dani Is Barebacked}
_mg_0695.jpg,542661,c698497f,\Exclusive\20181012 - Dani Peterson - Sexy Dani Is Barebacked\,{DT16~Excl~ME0PO2AU~20181012 - Dani Peterson - Sexy Dani Is Barebacked}
_mg_0697.jpg,549720,59f09230,\Exclusive\20181012 - Dani Peterson - Sexy Dani Is Barebacked\,{DT16~Excl~ME0PO2AU~20181012 - Dani Peterson - Sexy Dani Is Barebacked}
_mg_0698.jpg,572151,4bbaaa19,\Exclusive\20181012 - Dani Peterson - Sexy Dani Is Barebacked\,{DT16~Excl~ME0PO2AU~20181012 - Dani Peterson - Sexy Dani Is Barebacked}
_mg_0700.jpg,568831,55228159,\Exclusive\20181012 - Dani Peterson - Sexy Dani Is Barebacked\,{DT16~Excl~ME0PO2AU~20181012 - Dani Peterson - Sexy Dani Is Barebacked}
_mg_0701.jpg,575915,7cde1552,\Exclusive\20181012 - Dani Peterson - Sexy Dani Is Barebacked\,{DT16~Excl~ME0PO2AU~20181012 - Dani Peterson - Sexy Dani Is Barebacked}
_mg_0702.jpg,646021,1a9013a9,\Exclusive\20181012 - Dani Peterson - Sexy Dani Is Barebacked\,{DT16~Excl~ME0PO2AU~20181012 - Dani Peterson - Sexy Dani Is Barebacked}
_mg_0703.jpg,653786,49236661,\Exclusive\20181012 - Dani Peterson - Sexy Dani Is Barebacked\,{DT16~Excl~ME0PO2AU~20181012 - Dani Peterson - Sexy Dani Is Barebacked}
_mg_0704.jpg,715070,90467d5b,\Exclusive\20181012 - Dani Peterson - Sexy Dani Is Barebacked\,{DT16~Excl~ME0PO2AU~20181012 - Dani Peterson - Sexy Dani Is Barebacked}
_mg_0705.jpg,675979,15837010,\Exclusive\20181012 - Dani Peterson - Sexy Dani Is Barebacked\,{DT16~Excl~ME0PO2AU~20181012 - Dani Peterson - Sexy Dani Is Barebacked}
_mg_0707.jpg,627715,e7f01c59,\Exclusive\20181012 - Dani Peterson - Sexy Dani Is Barebacked\,{DT16~Excl~ME0PO2AU~20181012 - Dani Peterson - Sexy Dani Is Barebacked}
_mg_0708.jpg,634631,bc8c2a88,\Exclusive\20181012 - Dani Peterson - Sexy Dani Is Barebacked\,{DT16~Excl~ME0PO2AU~20181012 - Dani Peterson - Sexy Dani Is Barebacked}
_mg_0709.jpg,460386,1b160fb1,\Exclusive\20181012 - Dani Peterson - Sexy Dani Is Barebacked\,{DT16~Excl~ME0PO2AU~20181012 - Dani Peterson - Sexy Dani Is Barebacked}
_mg_0710.jpg,510607,ef1a7e56,\Exclusive\20181012 - Dani Peterson - Sexy Dani Is Barebacked\,{DT16~Excl~ME0PO2AU~20181012 - Dani Peterson - Sexy Dani Is Barebacked}
_mg_0712.jpg,720871,a65b8b1a,\Exclusive\20181012 - Dani Peterson - Sexy Dani Is Barebacked\,{DT16~Excl~ME0PO2AU~20181012 - Dani Peterson - Sexy Dani Is Barebacked}
_mg_0713.jpg,714264,aeb8399e,\Exclusive\20181012 - Dani Peterson - Sexy Dani Is Barebacked\,{DT16~Excl~ME0PO2AU~20181012 - Dani Peterson - Sexy Dani Is Barebacked}
_mg_0716.jpg,578925,b213601b,\Exclusive\20181012 - Dani Peterson - Sexy Dani Is Barebacked\,{DT16~Excl~ME0PO2AU~20181012 - Dani Peterson - Sexy Dani Is Barebacked}
_mg_0717.jpg,612628,359d2748,\Exclusive\20181012 - Dani Peterson - Sexy Dani Is Barebacked\,{DT16~Excl~ME0PO2AU~20181012 - Dani Peterson - Sexy Dani Is Barebacked}
_mg_0718.jpg,526556,e8bad131,\Exclusive\20181012 - Dani Peterson - Sexy Dani Is Barebacked\,{DT16~Excl~ME0PO2AU~20181012 - Dani Peterson - Sexy Dani Is Barebacked}
_mg_0719.jpg,551726,84fec6f7,\Exclusive\20181012 - Dani Peterson - Sexy Dani Is Barebacked\,{DT16~Excl~ME0PO2AU~20181012 - Dani Peterson - Sexy Dani Is Barebacked}
_mg_0727.jpg,922039,81fb93b7,\Exclusive\20181012 - Dani Peterson - Sexy Dani Is Barebacked\,{DT16~Excl~ME0PO2AU~20181012 - Dani Peterson - Sexy Dani Is Barebacked}
_mg_0730.jpg,897965,526a9edd,\Exclusive\20181012 - Dani Peterson - Sexy Dani Is Barebacked\,{DT16~Excl~ME0PO2AU~20181012 - Dani Peterson - Sexy Dani Is Barebacked}
_mg_0731.jpg,918970,b5a70f71,\Exclusive\20181012 - Dani Peterson - Sexy Dani Is Barebacked\,{DT16~Excl~ME0PO2AU~20181012 - Dani Peterson - Sexy Dani Is Barebacked}
_mg_0733.jpg,800496,5880b817,\Exclusive\20181012 - Dani Peterson - Sexy Dani Is Barebacked\,{DT16~Excl~ME0PO2AU~20181012 - Dani Peterson - Sexy Dani Is Barebacked}
_mg_0734.jpg,544060,5433face,\Exclusive\20181012 - Dani Peterson - Sexy Dani Is Barebacked\,{DT16~Excl~ME0PO2AU~20181012 - Dani Peterson - Sexy Dani Is Barebacked}
_mg_0735.jpg,642450,1a1ba7f4,\Exclusive\20181012 - Dani Peterson - Sexy Dani Is Barebacked\,{DT16~Excl~ME0PO2AU~20181012 - Dani Peterson - Sexy Dani Is Barebacked}
_mg_0736.jpg,706888,0936fdf0,\Exclusive\20181012 - Dani Peterson - Sexy Dani Is Barebacked\,{DT16~Excl~ME0PO2AU~20181012 - Dani Peterson - Sexy Dani Is Barebacked}
_mg_0737.jpg,724372,508d332a,\Exclusive\20181012 - Dani Peterson - Sexy Dani Is Barebacked\,{DT16~Excl~ME0PO2AU~20181012 - Dani Peterson - Sexy Dani Is Barebacked}
_mg_0738.jpg,668125,e6c13480,\Exclusive\20181012 - Dani Peterson - Sexy Dani Is Barebacked\,{DT16~Excl~ME0PO2AU~20181012 - Dani Peterson - Sexy Dani Is Barebacked}
_mg_0739.jpg,616462,72822fd8,\Exclusive\20181012 - Dani Peterson - Sexy Dani Is Barebacked\,{DT16~Excl~ME0PO2AU~20181012 - Dani Peterson - Sexy Dani Is Barebacked}
_mg_0740.jpg,650052,b71b8030,\Exclusive\20181012 - Dani Peterson - Sexy Dani Is Barebacked\,{DT16~Excl~ME0PO2AU~20181012 - Dani Peterson - Sexy Dani Is Barebacked}
_mg_0741.jpg,714420,a6a0c9ad,\Exclusive\20181012 - Dani Peterson - Sexy Dani Is Barebacked\,{DT16~Excl~ME0PO2AU~20181012 - Dani Peterson - Sexy Dani Is Barebacked}
_mg_0742.jpg,676071,6a4ff815,\Exclusive\20181012 - Dani Peterson - Sexy Dani Is Barebacked\,{DT16~Excl~ME0PO2AU~20181012 - Dani Peterson - Sexy Dani Is Barebacked}
_mg_0743.jpg,706165,d5ff4442,\Exclusive\20181012 - Dani Peterson - Sexy Dani Is Barebacked\,{DT16~Excl~ME0PO2AU~20181012 - Dani Peterson - Sexy Dani Is Barebacked}
_mg_0744.jpg,736177,34713d88,\Exclusive\20181012 - Dani Peterson - Sexy Dani Is Barebacked\,{DT16~Excl~ME0PO2AU~20181012 - Dani Peterson - Sexy Dani Is Barebacked}
_mg_0745.jpg,613482,91d42d22,\Exclusive\20181012 - Dani Peterson - Sexy Dani Is Barebacked\,{DT16~Excl~ME0PO2AU~20181012 - Dani Peterson - Sexy Dani Is Barebacked}
_mg_0746.jpg,739707,4f8eb10c,\Exclusive\20181012 - Dani Peterson - Sexy Dani Is Barebacked\,{DT16~Excl~ME0PO2AU~20181012 - Dani Peterson - Sexy Dani Is Barebacked}
_mg_0747.jpg,756101,7a4c6491,\Exclusive\20181012 - Dani Peterson - Sexy Dani Is Barebacked\,{DT16~Excl~ME0PO2AU~20181012 - Dani Peterson - Sexy Dani Is Barebacked}
_mg_0749.jpg,676082,e8394881,\Exclusive\20181012 - Dani Peterson - Sexy Dani Is Barebacked\,{DT16~Excl~ME0PO2AU~20181012 - Dani Peterson - Sexy Dani Is Barebacked}
_mg_0750.jpg,654298,d7c702af,\Exclusive\20181012 - Dani Peterson - Sexy Dani Is Barebacked\,{DT16~Excl~ME0PO2AU~20181012 - Dani Peterson - Sexy Dani Is Barebacked}
_mg_0752.jpg,578365,de366608,\Exclusive\20181012 - Dani Peterson - Sexy Dani Is Barebacked\,{DT16~Excl~ME0PO2AU~20181012 - Dani Peterson - Sexy Dani Is Barebacked}
_mg_0753.jpg,679946,56d788f3,\Exclusive\20181012 - Dani Peterson - Sexy Dani Is Barebacked\,{DT16~Excl~ME0PO2AU~20181012 - Dani Peterson - Sexy Dani Is Barebacked}
_mg_0754.jpg,693601,98811287,\Exclusive\20181012 - Dani Peterson - Sexy Dani Is Barebacked\,{DT16~Excl~ME0PO2AU~20181012 - Dani Peterson - Sexy Dani Is Barebacked}
_mg_0755.jpg,788413,3f7d711b,\Exclusive\20181012 - Dani Peterson - Sexy Dani Is Barebacked\,{DT16~Excl~ME0PO2AU~20181012 - Dani Peterson - Sexy Dani Is Barebacked}
_mg_0756.jpg,556843,c5e2b4f5,\Exclusive\20181012 - Dani Peterson - Sexy Dani Is Barebacked\,{DT16~Excl~ME0PO2AU~20181012 - Dani Peterson - Sexy Dani Is Barebacked}
_mg_0757.jpg,697027,7a6feede,\Exclusive\20181012 - Dani Peterson - Sexy Dani Is Barebacked\,{DT16~Excl~ME0PO2AU~20181012 - Dani Peterson - Sexy Dani Is Barebacked}
_mg_0759.jpg,712474,8b9cebb8,\Exclusive\20181012 - Dani Peterson - Sexy Dani Is Barebacked\,{DT16~Excl~ME0PO2AU~20181012 - Dani Peterson - Sexy Dani Is Barebacked}
_mg_0760.jpg,591198,2d9abe57,\Exclusive\20181012 - Dani Peterson - Sexy Dani Is Barebacked\,{DT16~Excl~ME0PO2AU~20181012 - Dani Peterson - Sexy Dani Is Barebacked}
_mg_0761.jpg,747638,c123cec1,\Exclusive\20181012 - Dani Peterson - Sexy Dani Is Barebacked\,{DT16~Excl~ME0PO2AU~20181012 - Dani Peterson - Sexy Dani Is Barebacked}
_mg_0765.jpg,634464,793af7ec,\Exclusive\20181012 - Dani Peterson - Sexy Dani Is Barebacked\,{DT16~Excl~ME0PO2AU~20181012 - Dani Peterson - Sexy Dani Is Barebacked}
_mg_0766.jpg,709317,2e9fd38d,\Exclusive\20181012 - Dani Peterson - Sexy Dani Is Barebacked\,{DT16~Excl~ME0PO2AU~20181012 - Dani Peterson - Sexy Dani Is Barebacked}
_mg_0767.jpg,652852,1ece4b6f,\Exclusive\20181012 - Dani Peterson - Sexy Dani Is Barebacked\,{DT16~Excl~ME0PO2AU~20181012 - Dani Peterson - Sexy Dani Is Barebacked}
_mg_0768.jpg,792947,2306c5dc,\Exclusive\20181012 - Dani Peterson - Sexy Dani Is Barebacked\,{DT16~Excl~ME0PO2AU~20181012 - Dani Peterson - Sexy Dani Is Barebacked}
_mg_0771.jpg,689490,dbc9dfb6,\Exclusive\20181012 - Dani Peterson - Sexy Dani Is Barebacked\,{DT16~Excl~ME0PO2AU~20181012 - Dani Peterson - Sexy Dani Is Barebacked}
_mg_0772.jpg,626841,6c92001a,\Exclusive\20181012 - Dani Peterson - Sexy Dani Is Barebacked\,{DT16~Excl~ME0PO2AU~20181012 - Dani Peterson - Sexy Dani Is Barebacked}
_mg_0773.jpg,754919,13dfa563,\Exclusive\20181012 - Dani Peterson - Sexy Dani Is Barebacked\,{DT16~Excl~ME0PO2AU~20181012 - Dani Peterson - Sexy Dani Is Barebacked}
_mg_0774.jpg,776976,e57913fb,\Exclusive\20181012 - Dani Peterson - Sexy Dani Is Barebacked\,{DT16~Excl~ME0PO2AU~20181012 - Dani Peterson - Sexy Dani Is Barebacked}
_mg_0776.jpg,644330,b3eeec5d,\Exclusive\20181012 - Dani Peterson - Sexy Dani Is Barebacked\,{DT16~Excl~ME0PO2AU~20181012 - Dani Peterson - Sexy Dani Is Barebacked}
_mg_0777.jpg,741064,a7e1d3b7,\Exclusive\20181012 - Dani Peterson - Sexy Dani Is Barebacked\,{DT16~Excl~ME0PO2AU~20181012 - Dani Peterson - Sexy Dani Is Barebacked}
_mg_0778.jpg,497943,cfa45211,\Exclusive\20181012 - Dani Peterson - Sexy Dani Is Barebacked\,{DT16~Excl~ME0PO2AU~20181012 - Dani Peterson - Sexy Dani Is Barebacked}
_mg_0779.jpg,778136,efea1429,\Exclusive\20181012 - Dani Peterson - Sexy Dani Is Barebacked\,{DT16~Excl~ME0PO2AU~20181012 - Dani Peterson - Sexy Dani Is Barebacked}
_mg_0780.jpg,773398,75298a2b,\Exclusive\20181012 - Dani Peterson - Sexy Dani Is Barebacked\,{DT16~Excl~ME0PO2AU~20181012 - Dani Peterson - Sexy Dani Is Barebacked}
_mg_0783.jpg,724764,d7f99646,\Exclusive\20181012 - Dani Peterson - Sexy Dani Is Barebacked\,{DT16~Excl~ME0PO2AU~20181012 - Dani Peterson - Sexy Dani Is Barebacked}
_mg_0785.jpg,870136,52c7ecd0,\Exclusive\20181012 - Dani Peterson - Sexy Dani Is Barebacked\,{DT16~Excl~ME0PO2AU~20181012 - Dani Peterson - Sexy Dani Is Barebacked}
_mg_0791.jpg,797750,95e023ea,\Exclusive\20181012 - Dani Peterson - Sexy Dani Is Barebacked\,{DT16~Excl~ME0PO2AU~20181012 - Dani Peterson - Sexy Dani Is Barebacked}
_mg_0792.jpg,747063,aaec0dbf,\Exclusive\20181012 - Dani Peterson - Sexy Dani Is Barebacked\,{DT16~Excl~ME0PO2AU~20181012 - Dani Peterson - Sexy Dani Is Barebacked}
_mg_0793.jpg,819793,fc040ba0,\Exclusive\20181012 - Dani Peterson - Sexy Dani Is Barebacked\,{DT16~Excl~ME0PO2AU~20181012 - Dani Peterson - Sexy Dani Is Barebacked}
_mg_0794.jpg,818531,c49e56d7,\Exclusive\20181012 - Dani Peterson - Sexy Dani Is Barebacked\,{DT16~Excl~ME0PO2AU~20181012 - Dani Peterson - Sexy Dani Is Barebacked}
_mg_0795.jpg,942932,0b05b5ed,\Exclusive\20181012 - Dani Peterson - Sexy Dani Is Barebacked\,{DT16~Excl~ME0PO2AU~20181012 - Dani Peterson - Sexy Dani Is Barebacked}
_mg_0800.jpg,763914,1b6d15e2,\Exclusive\20181012 - Dani Peterson - Sexy Dani Is Barebacked\,{DT16~Excl~ME0PO2AU~20181012 - Dani Peterson - Sexy Dani Is Barebacked}
_mg_0801.jpg,790339,a3768986,\Exclusive\20181012 - Dani Peterson - Sexy Dani Is Barebacked\,{DT16~Excl~ME0PO2AU~20181012 - Dani Peterson - Sexy Dani Is Barebacked}
_mg_0802.jpg,860846,0b36a171,\Exclusive\20181012 - Dani Peterson - Sexy Dani Is Barebacked\,{DT16~Excl~ME0PO2AU~20181012 - Dani Peterson - Sexy Dani Is Barebacked}
_mg_0803.jpg,841674,b6bcebb2,\Exclusive\20181012 - Dani Peterson - Sexy Dani Is Barebacked\,{DT16~Excl~ME0PO2AU~20181012 - Dani Peterson - Sexy Dani Is Barebacked}
_mg_0804.jpg,853828,81dfa181,\Exclusive\20181012 - Dani Peterson - Sexy Dani Is Barebacked\,{DT16~Excl~ME0PO2AU~20181012 - Dani Peterson - Sexy Dani Is Barebacked}
_mg_0807.jpg,662933,008edde5,\Exclusive\20181012 - Dani Peterson - Sexy Dani Is Barebacked\,{DT16~Excl~ME0PO2AU~20181012 - Dani Peterson - Sexy Dani Is Barebacked}
_mg_0811.jpg,738128,b0839e12,\Exclusive\20181012 - Dani Peterson - Sexy Dani Is Barebacked\,{DT16~Excl~ME0PO2AU~20181012 - Dani Peterson - Sexy Dani Is Barebacked}
_mg_0812.jpg,768478,322b9665,\Exclusive\20181012 - Dani Peterson - Sexy Dani Is Barebacked\,{DT16~Excl~ME0PO2AU~20181012 - Dani Peterson - Sexy Dani Is Barebacked}
_mg_0814.jpg,856208,d5c4e3fe,\Exclusive\20181012 - Dani Peterson - Sexy Dani Is Barebacked\,{DT16~Excl~ME0PO2AU~20181012 - Dani Peterson - Sexy Dani Is Barebacked}
_mg_0815.jpg,756841,93d2cdae,\Exclusive\20181012 - Dani Peterson - Sexy Dani Is Barebacked\,{DT16~Excl~ME0PO2AU~20181012 - Dani Peterson - Sexy Dani Is Barebacked}
_mg_0816.jpg,655204,11c56cb8,\Exclusive\20181012 - Dani Peterson - Sexy Dani Is Barebacked\,{DT16~Excl~ME0PO2AU~20181012 - Dani Peterson - Sexy Dani Is Barebacked}
_mg_0817.jpg,713218,90b86a48,\Exclusive\20181012 - Dani Peterson - Sexy Dani Is Barebacked\,{DT16~Excl~ME0PO2AU~20181012 - Dani Peterson - Sexy Dani Is Barebacked}
_mg_0818.jpg,620239,a53b429c,\Exclusive\20181012 - Dani Peterson - Sexy Dani Is Barebacked\,{DT16~Excl~ME0PO2AU~20181012 - Dani Peterson - Sexy Dani Is Barebacked}
_mg_0819.jpg,606510,60e6e0fc,\Exclusive\20181012 - Dani Peterson - Sexy Dani Is Barebacked\,{DT16~Excl~ME0PO2AU~20181012 - Dani Peterson - Sexy Dani Is Barebacked}
_mg_0820.jpg,755974,b9d733cc,\Exclusive\20181012 - Dani Peterson - Sexy Dani Is Barebacked\,{DT16~Excl~ME0PO2AU~20181012 - Dani Peterson - Sexy Dani Is Barebacked}
_mg_0821.jpg,706743,314c79dc,\Exclusive\20181012 - Dani Peterson - Sexy Dani Is Barebacked\,{DT16~Excl~ME0PO2AU~20181012 - Dani Peterson - Sexy Dani Is Barebacked}
_mg_0822.jpg,744424,476f6118,\Exclusive\20181012 - Dani Peterson - Sexy Dani Is Barebacked\,{DT16~Excl~ME0PO2AU~20181012 - Dani Peterson - Sexy Dani Is Barebacked}
_mg_0823.jpg,728977,e3a9d485,\Exclusive\20181012 - Dani Peterson - Sexy Dani Is Barebacked\,{DT16~Excl~ME0PO2AU~20181012 - Dani Peterson - Sexy Dani Is Barebacked}
_mg_0824.jpg,661051,922bf1e6,\Exclusive\20181012 - Dani Peterson - Sexy Dani Is Barebacked\,{DT16~Excl~ME0PO2AU~20181012 - Dani Peterson - Sexy Dani Is Barebacked}
_mg_0825.jpg,570695,563cee32,\Exclusive\20181012 - Dani Peterson - Sexy Dani Is Barebacked\,{DT16~Excl~ME0PO2AU~20181012 - Dani Peterson - Sexy Dani Is Barebacked}
_mg_0826.jpg,636581,cb198a55,\Exclusive\20181012 - Dani Peterson - Sexy Dani Is Barebacked\,{DT16~Excl~ME0PO2AU~20181012 - Dani Peterson - Sexy Dani Is Barebacked}
_mg_0827.jpg,629837,b6cdb6b4,\Exclusive\20181012 - Dani Peterson - Sexy Dani Is Barebacked\,{DT16~Excl~ME0PO2AU~20181012 - Dani Peterson - Sexy Dani Is Barebacked}
_mg_0828.jpg,604181,d9a10cec,\Exclusive\20181012 - Dani Peterson - Sexy Dani Is Barebacked\,{DT16~Excl~ME0PO2AU~20181012 - Dani Peterson - Sexy Dani Is Barebacked}
_mg_0829.jpg,668193,6a1c07b7,\Exclusive\20181012 - Dani Peterson - Sexy Dani Is Barebacked\,{DT16~Excl~ME0PO2AU~20181012 - Dani Peterson - Sexy Dani Is Barebacked}
_mg_0830.jpg,656065,c1f7d90f,\Exclusive\20181012 - Dani Peterson - Sexy Dani Is Barebacked\,{DT16~Excl~ME0PO2AU~20181012 - Dani Peterson - Sexy Dani Is Barebacked}
_mg_0831.jpg,684919,ea8e19fa,\Exclusive\20181012 - Dani Peterson - Sexy Dani Is Barebacked\,{DT16~Excl~ME0PO2AU~20181012 - Dani Peterson - Sexy Dani Is Barebacked}
_mg_0832.jpg,631995,7ed4b949,\Exclusive\20181012 - Dani Peterson - Sexy Dani Is Barebacked\,{DT16~Excl~ME0PO2AU~20181012 - Dani Peterson - Sexy Dani Is Barebacked}
_mg_0833.jpg,677440,3b679e43,\Exclusive\20181012 - Dani Peterson - Sexy Dani Is Barebacked\,{DT16~Excl~ME0PO2AU~20181012 - Dani Peterson - Sexy Dani Is Barebacked}
_mg_0834.jpg,723166,d72811d3,\Exclusive\20181012 - Dani Peterson - Sexy Dani Is Barebacked\,{DT16~Excl~ME0PO2AU~20181012 - Dani Peterson - Sexy Dani Is Barebacked}
_mg_0835.jpg,723362,5c147327,\Exclusive\20181012 - Dani Peterson - Sexy Dani Is Barebacked\,{DT16~Excl~ME0PO2AU~20181012 - Dani Peterson - Sexy Dani Is Barebacked}
_mg_0836.jpg,725282,4c19612f,\Exclusive\20181012 - Dani Peterson - Sexy Dani Is Barebacked\,{DT16~Excl~ME0PO2AU~20181012 - Dani Peterson - Sexy Dani Is Barebacked}
_mg_0837.jpg,695787,37fc25f8,\Exclusive\20181012 - Dani Peterson - Sexy Dani Is Barebacked\,{DT16~Excl~ME0PO2AU~20181012 - Dani Peterson - Sexy Dani Is Barebacked}
_mg_0838.jpg,680287,2af5bc5a,\Exclusive\20181012 - Dani Peterson - Sexy Dani Is Barebacked\,{DT16~Excl~ME0PO2AU~20181012 - Dani Peterson - Sexy Dani Is Barebacked}
_mg_0839.jpg,644823,b762ba1e,\Exclusive\20181012 - Dani Peterson - Sexy Dani Is Barebacked\,{DT16~Excl~ME0PO2AU~20181012 - Dani Peterson - Sexy Dani Is Barebacked}
_mg_0840.jpg,588960,88e48cf9,\Exclusive\20181012 - Dani Peterson - Sexy Dani Is Barebacked\,{DT16~Excl~ME0PO2AU~20181012 - Dani Peterson - Sexy Dani Is Barebacked}
_mg_0841.jpg,677552,3b5e42e7,\Exclusive\20181012 - Dani Peterson - Sexy Dani Is Barebacked\,{DT16~Excl~ME0PO2AU~20181012 - Dani Peterson - Sexy Dani Is Barebacked}
_mg_0842.jpg,699967,261a36a0,\Exclusive\20181012 - Dani Peterson - Sexy Dani Is Barebacked\,{DT16~Excl~ME0PO2AU~20181012 - Dani Peterson - Sexy Dani Is Barebacked}
_mg_0844.jpg,688804,dbc2ee41,\Exclusive\20181012 - Dani Peterson - Sexy Dani Is Barebacked\,{DT16~Excl~ME0PO2AU~20181012 - Dani Peterson - Sexy Dani Is Barebacked}
_mg_0847.jpg,709943,7629f703,\Exclusive\20181012 - Dani Peterson - Sexy Dani Is Barebacked\,{DT16~Excl~ME0PO2AU~20181012 - Dani Peterson - Sexy Dani Is Barebacked}
_mg_0848.jpg,843384,9097cd07,\Exclusive\20181012 - Dani Peterson - Sexy Dani Is Barebacked\,{DT16~Excl~ME0PO2AU~20181012 - Dani Peterson - Sexy Dani Is Barebacked}
_mg_0849.jpg,821256,3678b8b4,\Exclusive\20181012 - Dani Peterson - Sexy Dani Is Barebacked\,{DT16~Excl~ME0PO2AU~20181012 - Dani Peterson - Sexy Dani Is Barebacked}
_mg_0851.jpg,665579,16e02fad,\Exclusive\20181012 - Dani Peterson - Sexy Dani Is Barebacked\,{DT16~Excl~ME0PO2AU~20181012 - Dani Peterson - Sexy Dani Is Barebacked}
_mg_0852.jpg,668883,2f3405a8,\Exclusive\20181012 - Dani Peterson - Sexy Dani Is Barebacked\,{DT16~Excl~ME0PO2AU~20181012 - Dani Peterson - Sexy Dani Is Barebacked}
_mg_0853.jpg,721769,6520342d,\Exclusive\20181012 - Dani Peterson - Sexy Dani Is Barebacked\,{DT16~Excl~ME0PO2AU~20181012 - Dani Peterson - Sexy Dani Is Barebacked}
_mg_0854.jpg,869737,3c305690,\Exclusive\20181012 - Dani Peterson - Sexy Dani Is Barebacked\,{DT16~Excl~ME0PO2AU~20181012 - Dani Peterson - Sexy Dani Is Barebacked}
_mg_0855.jpg,726575,2377b657,\Exclusive\20181012 - Dani Peterson - Sexy Dani Is Barebacked\,{DT16~Excl~ME0PO2AU~20181012 - Dani Peterson - Sexy Dani Is Barebacked}
_mg_0857.jpg,618417,51003b3a,\Exclusive\20181012 - Dani Peterson - Sexy Dani Is Barebacked\,{DT16~Excl~ME0PO2AU~20181012 - Dani Peterson - Sexy Dani Is Barebacked}
_mg_0858.jpg,679493,2a2b6378,\Exclusive\20181012 - Dani Peterson - Sexy Dani Is Barebacked\,{DT16~Excl~ME0PO2AU~20181012 - Dani Peterson - Sexy Dani Is Barebacked}
_mg_0859.jpg,877944,4ff154a4,\Exclusive\20181012 - Dani Peterson - Sexy Dani Is Barebacked\,{DT16~Excl~ME0PO2AU~20181012 - Dani Peterson - Sexy Dani Is Barebacked}
_mg_0860.jpg,772276,e24f75aa,\Exclusive\20181012 - Dani Peterson - Sexy Dani Is Barebacked\,{DT16~Excl~ME0PO2AU~20181012 - Dani Peterson - Sexy Dani Is Barebacked}
_mg_0861.jpg,699270,a3551dd6,\Exclusive\20181012 - Dani Peterson - Sexy Dani Is Barebacked\,{DT16~Excl~ME0PO2AU~20181012 - Dani Peterson - Sexy Dani Is Barebacked}
_mg_0865.jpg,738456,b2164417,\Exclusive\20181012 - Dani Peterson - Sexy Dani Is Barebacked\,{DT16~Excl~ME0PO2AU~20181012 - Dani Peterson - Sexy Dani Is Barebacked}
_mg_0866.jpg,672370,7b9ab510,\Exclusive\20181012 - Dani Peterson - Sexy Dani Is Barebacked\,{DT16~Excl~ME0PO2AU~20181012 - Dani Peterson - Sexy Dani Is Barebacked}
_mg_0867.jpg,742837,63a0b722,\Exclusive\20181012 - Dani Peterson - Sexy Dani Is Barebacked\,{DT16~Excl~ME0PO2AU~20181012 - Dani Peterson - Sexy Dani Is Barebacked}
_mg_0868.jpg,782218,3b9c0ced,\Exclusive\20181012 - Dani Peterson - Sexy Dani Is Barebacked\,{DT16~Excl~ME0PO2AU~20181012 - Dani Peterson - Sexy Dani Is Barebacked}
_mg_0870.jpg,669899,84971ba2,\Exclusive\20181012 - Dani Peterson - Sexy Dani Is Barebacked\,{DT16~Excl~ME0PO2AU~20181012 - Dani Peterson - Sexy Dani Is Barebacked}
_mg_0871.jpg,810827,860086ca,\Exclusive\20181012 - Dani Peterson - Sexy Dani Is Barebacked\,{DT16~Excl~ME0PO2AU~20181012 - Dani Peterson - Sexy Dani Is Barebacked}
_mg_0872.jpg,786918,eff24b1e,\Exclusive\20181012 - Dani Peterson - Sexy Dani Is Barebacked\,{DT16~Excl~ME0PO2AU~20181012 - Dani Peterson - Sexy Dani Is Barebacked}
_mg_0873.jpg,748277,a93e8536,\Exclusive\20181012 - Dani Peterson - Sexy Dani Is Barebacked\,{DT16~Excl~ME0PO2AU~20181012 - Dani Peterson - Sexy Dani Is Barebacked}
_mg_0874.jpg,751527,e6953859,\Exclusive\20181012 - Dani Peterson - Sexy Dani Is Barebacked\,{DT16~Excl~ME0PO2AU~20181012 - Dani Peterson - Sexy Dani Is Barebacked}
_mg_0876.jpg,783402,83cb915f,\Exclusive\20181012 - Dani Peterson - Sexy Dani Is Barebacked\,{DT16~Excl~ME0PO2AU~20181012 - Dani Peterson - Sexy Dani Is Barebacked}
_mg_0879.jpg,653054,574e1201,\Exclusive\20181012 - Dani Peterson - Sexy Dani Is Barebacked\,{DT16~Excl~ME0PO2AU~20181012 - Dani Peterson - Sexy Dani Is Barebacked}
_mg_0881.jpg,739242,cc6719b1,\Exclusive\20181012 - Dani Peterson - Sexy Dani Is Barebacked\,{DT16~Excl~ME0PO2AU~20181012 - Dani Peterson - Sexy Dani Is Barebacked}
_mg_0882.jpg,759047,2d375c91,\Exclusive\20181012 - Dani Peterson - Sexy Dani Is Barebacked\,{DT16~Excl~ME0PO2AU~20181012 - Dani Peterson - Sexy Dani Is Barebacked}
_mg_0883.jpg,781482,857b2b46,\Exclusive\20181012 - Dani Peterson - Sexy Dani Is Barebacked\,{DT16~Excl~ME0PO2AU~20181012 - Dani Peterson - Sexy Dani Is Barebacked}
_mg_0884.jpg,760261,fec62cdd,\Exclusive\20181012 - Dani Peterson - Sexy Dani Is Barebacked\,{DT16~Excl~ME0PO2AU~20181012 - Dani Peterson - Sexy Dani Is Barebacked}
_mg_0885.jpg,714003,43732613,\Exclusive\20181012 - Dani Peterson - Sexy Dani Is Barebacked\,{DT16~Excl~ME0PO2AU~20181012 - Dani Peterson - Sexy Dani Is Barebacked}
_mg_0886.jpg,692924,dd2ef98e,\Exclusive\20181012 - Dani Peterson - Sexy Dani Is Barebacked\,{DT16~Excl~ME0PO2AU~20181012 - Dani Peterson - Sexy Dani Is Barebacked}
_mg_0887.jpg,734746,cccdd33d,\Exclusive\20181012 - Dani Peterson - Sexy Dani Is Barebacked\,{DT16~Excl~ME0PO2AU~20181012 - Dani Peterson - Sexy Dani Is Barebacked}
_mg_0888.jpg,728046,e19f1bb2,\Exclusive\20181012 - Dani Peterson - Sexy Dani Is Barebacked\,{DT16~Excl~ME0PO2AU~20181012 - Dani Peterson - Sexy Dani Is Barebacked}
_mg_0889.jpg,710307,d1b93de9,\Exclusive\20181012 - Dani Peterson - Sexy Dani Is Barebacked\,{DT16~Excl~ME0PO2AU~20181012 - Dani Peterson - Sexy Dani Is Barebacked}
_mg_0890.jpg,704613,808edaf0,\Exclusive\20181012 - Dani Peterson - Sexy Dani Is Barebacked\,{DT16~Excl~ME0PO2AU~20181012 - Dani Peterson - Sexy Dani Is Barebacked}
_mg_0891.jpg,675697,33b3cb54,\Exclusive\20181012 - Dani Peterson - Sexy Dani Is Barebacked\,{DT16~Excl~ME0PO2AU~20181012 - Dani Peterson - Sexy Dani Is Barebacked}
_mg_0892.jpg,702169,f8b89a93,\Exclusive\20181012 - Dani Peterson - Sexy Dani Is Barebacked\,{DT16~Excl~ME0PO2AU~20181012 - Dani Peterson - Sexy Dani Is Barebacked}
_mg_0893.jpg,639315,baba48ec,\Exclusive\20181012 - Dani Peterson - Sexy Dani Is Barebacked\,{DT16~Excl~ME0PO2AU~20181012 - Dani Peterson - Sexy Dani Is Barebacked}
_mg_0896.jpg,665021,37643afb,\Exclusive\20181012 - Dani Peterson - Sexy Dani Is Barebacked\,{DT16~Excl~ME0PO2AU~20181012 - Dani Peterson - Sexy Dani Is Barebacked}
_mg_0897.jpg,601300,081670f2,\Exclusive\20181012 - Dani Peterson - Sexy Dani Is Barebacked\,{DT16~Excl~ME0PO2AU~20181012 - Dani Peterson - Sexy Dani Is Barebacked}
_mg_0902.jpg,687538,49d9bf62,\Exclusive\20181012 - Dani Peterson - Sexy Dani Is Barebacked\,{DT16~Excl~ME0PO2AU~20181012 - Dani Peterson - Sexy Dani Is Barebacked}
_mg_0903.jpg,710917,0b6f8bd6,\Exclusive\20181012 - Dani Peterson - Sexy Dani Is Barebacked\,{DT16~Excl~ME0PO2AU~20181012 - Dani Peterson - Sexy Dani Is Barebacked}
_mg_0904.jpg,761238,9423ce76,\Exclusive\20181012 - Dani Peterson - Sexy Dani Is Barebacked\,{DT16~Excl~ME0PO2AU~20181012 - Dani Peterson - Sexy Dani Is Barebacked}
_mg_0905.jpg,790332,cc8303fa,\Exclusive\20181012 - Dani Peterson - Sexy Dani Is Barebacked\,{DT16~Excl~ME0PO2AU~20181012 - Dani Peterson - Sexy Dani Is Barebacked}
_mg_0906.jpg,696417,27074ee6,\Exclusive\20181012 - Dani Peterson - Sexy Dani Is Barebacked\,{DT16~Excl~ME0PO2AU~20181012 - Dani Peterson - Sexy Dani Is Barebacked}
_mg_0907.jpg,834051,ade872b4,\Exclusive\20181012 - Dani Peterson - Sexy Dani Is Barebacked\,{DT16~Excl~ME0PO2AU~20181012 - Dani Peterson - Sexy Dani Is Barebacked}
_mg_0908.jpg,847036,bc5d8e90,\Exclusive\20181012 - Dani Peterson - Sexy Dani Is Barebacked\,{DT16~Excl~ME0PO2AU~20181012 - Dani Peterson - Sexy Dani Is Barebacked}
_mg_0909.jpg,860724,bec7a3e1,\Exclusive\20181012 - Dani Peterson - Sexy Dani Is Barebacked\,{DT16~Excl~ME0PO2AU~20181012 - Dani Peterson - Sexy Dani Is Barebacked}
_mg_0910.jpg,885178,242508cd,\Exclusive\20181012 - Dani Peterson - Sexy Dani Is Barebacked\,{DT16~Excl~ME0PO2AU~20181012 - Dani Peterson - Sexy Dani Is Barebacked}
_mg_0911.jpg,912875,2d2f1e35,\Exclusive\20181012 - Dani Peterson - Sexy Dani Is Barebacked\,{DT16~Excl~ME0PO2AU~20181012 - Dani Peterson - Sexy Dani Is Barebacked}
_mg_0912.jpg,911674,3dbe5246,\Exclusive\20181012 - Dani Peterson - Sexy Dani Is Barebacked\,{DT16~Excl~ME0PO2AU~20181012 - Dani Peterson - Sexy Dani Is Barebacked}
_mg_0913.jpg,900730,2574115b,\Exclusive\20181012 - Dani Peterson - Sexy Dani Is Barebacked\,{DT16~Excl~ME0PO2AU~20181012 - Dani Peterson - Sexy Dani Is Barebacked}
_mg_0914.jpg,900538,d5240a1b,\Exclusive\20181012 - Dani Peterson - Sexy Dani Is Barebacked\,{DT16~Excl~ME0PO2AU~20181012 - Dani Peterson - Sexy Dani Is Barebacked}
_mg_0915.jpg,871786,c964b9a1,\Exclusive\20181012 - Dani Peterson - Sexy Dani Is Barebacked\,{DT16~Excl~ME0PO2AU~20181012 - Dani Peterson - Sexy Dani Is Barebacked}
_mg_0916.jpg,804594,2a32950a,\Exclusive\20181012 - Dani Peterson - Sexy Dani Is Barebacked\,{DT16~Excl~ME0PO2AU~20181012 - Dani Peterson - Sexy Dani Is Barebacked}
_mg_0918.jpg,723639,bf0e5b7e,\Exclusive\20181012 - Dani Peterson - Sexy Dani Is Barebacked\,{DT16~Excl~ME0PO2AU~20181012 - Dani Peterson - Sexy Dani Is Barebacked}
_mg_0919.jpg,676431,1c6f4735,\Exclusive\20181012 - Dani Peterson - Sexy Dani Is Barebacked\,{DT16~Excl~ME0PO2AU~20181012 - Dani Peterson - Sexy Dani Is Barebacked}
_mg_0920.jpg,683176,33ffcae9,\Exclusive\20181012 - Dani Peterson - Sexy Dani Is Barebacked\,{DT16~Excl~ME0PO2AU~20181012 - Dani Peterson - Sexy Dani Is Barebacked}
_mg_0921.jpg,682483,7ef9f5b8,\Exclusive\20181012 - Dani Peterson - Sexy Dani Is Barebacked\,{DT16~Excl~ME0PO2AU~20181012 - Dani Peterson - Sexy Dani Is Barebacked}
_mg_0922.jpg,751279,4da94800,\Exclusive\20181012 - Dani Peterson - Sexy Dani Is Barebacked\,{DT16~Excl~ME0PO2AU~20181012 - Dani Peterson - Sexy Dani Is Barebacked}
_mg_0923.jpg,682353,6e70c8cb,\Exclusive\20181012 - Dani Peterson - Sexy Dani Is Barebacked\,{DT16~Excl~ME0PO2AU~20181012 - Dani Peterson - Sexy Dani Is Barebacked}
_mg_0925.jpg,812111,1fecc710,\Exclusive\20181012 - Dani Peterson - Sexy Dani Is Barebacked\,{DT16~Excl~ME0PO2AU~20181012 - Dani Peterson - Sexy Dani Is Barebacked}
_mg_0926.jpg,782657,ca0b6726,\Exclusive\20181012 - Dani Peterson - Sexy Dani Is Barebacked\,{DT16~Excl~ME0PO2AU~20181012 - Dani Peterson - Sexy Dani Is Barebacked}
_mg_0927.jpg,866608,dbc26bc7,\Exclusive\20181012 - Dani Peterson - Sexy Dani Is Barebacked\,{DT16~Excl~ME0PO2AU~20181012 - Dani Peterson - Sexy Dani Is Barebacked}
_mg_0928.jpg,777777,a30a7ca1,\Exclusive\20181012 - Dani Peterson - Sexy Dani Is Barebacked\,{DT16~Excl~ME0PO2AU~20181012 - Dani Peterson - Sexy Dani Is Barebacked}
_mg_0929.jpg,782440,b63d0664,\Exclusive\20181012 - Dani Peterson - Sexy Dani Is Barebacked\,{DT16~Excl~ME0PO2AU~20181012 - Dani Peterson - Sexy Dani Is Barebacked}
_mg_0930.jpg,835947,8e4b8324,\Exclusive\20181012 - Dani Peterson - Sexy Dani Is Barebacked\,{DT16~Excl~ME0PO2AU~20181012 - Dani Peterson - Sexy Dani Is Barebacked}
_mg_0931.jpg,775252,cd1f6de9,\Exclusive\20181012 - Dani Peterson - Sexy Dani Is Barebacked\,{DT16~Excl~ME0PO2AU~20181012 - Dani Peterson - Sexy Dani Is Barebacked}
_mg_0932.jpg,771344,e80edd35,\Exclusive\20181012 - Dani Peterson - Sexy Dani Is Barebacked\,{DT16~Excl~ME0PO2AU~20181012 - Dani Peterson - Sexy Dani Is Barebacked}
_mg_0933.jpg,731313,5e7ec0e0,\Exclusive\20181012 - Dani Peterson - Sexy Dani Is Barebacked\,{DT16~Excl~ME0PO2AU~20181012 - Dani Peterson - Sexy Dani Is Barebacked}
_mg_0935.jpg,810422,c1c5e5ac,\Exclusive\20181012 - Dani Peterson - Sexy Dani Is Barebacked\,{DT16~Excl~ME0PO2AU~20181012 - Dani Peterson - Sexy Dani Is Barebacked}
_mg_0936.jpg,816183,294882ae,\Exclusive\20181012 - Dani Peterson - Sexy Dani Is Barebacked\,{DT16~Excl~ME0PO2AU~20181012 - Dani Peterson - Sexy Dani Is Barebacked}
_mg_0937.jpg,821529,8cf12795,\Exclusive\20181012 - Dani Peterson - Sexy Dani Is Barebacked\,{DT16~Excl~ME0PO2AU~20181012 - Dani Peterson - Sexy Dani Is Barebacked}
_mg_0939.jpg,736669,34ca822d,\Exclusive\20181012 - Dani Peterson - Sexy Dani Is Barebacked\,{DT16~Excl~ME0PO2AU~20181012 - Dani Peterson - Sexy Dani Is Barebacked}
_mg_0940.jpg,726063,c9129ae9,\Exclusive\20181012 - Dani Peterson - Sexy Dani Is Barebacked\,{DT16~Excl~ME0PO2AU~20181012 - Dani Peterson - Sexy Dani Is Barebacked}
_mg_0941.jpg,761350,a425a302,\Exclusive\20181012 - Dani Peterson - Sexy Dani Is Barebacked\,{DT16~Excl~ME0PO2AU~20181012 - Dani Peterson - Sexy Dani Is Barebacked}
_mg_0942.jpg,769803,e6ec49db,\Exclusive\20181012 - Dani Peterson - Sexy Dani Is Barebacked\,{DT16~Excl~ME0PO2AU~20181012 - Dani Peterson - Sexy Dani Is Barebacked}
_mg_0943.jpg,726728,1e46fed4,\Exclusive\20181012 - Dani Peterson - Sexy Dani Is Barebacked\,{DT16~Excl~ME0PO2AU~20181012 - Dani Peterson - Sexy Dani Is Barebacked}
_mg_0944.jpg,759805,c710d156,\Exclusive\20181012 - Dani Peterson - Sexy Dani Is Barebacked\,{DT16~Excl~ME0PO2AU~20181012 - Dani Peterson - Sexy Dani Is Barebacked}
_mg_0946.jpg,792737,77b8d077,\Exclusive\20181012 - Dani Peterson - Sexy Dani Is Barebacked\,{DT16~Excl~ME0PO2AU~20181012 - Dani Peterson - Sexy Dani Is Barebacked}
_mg_0947.jpg,883959,a7fb14c1,\Exclusive\20181012 - Dani Peterson - Sexy Dani Is Barebacked\,{DT16~Excl~ME0PO2AU~20181012 - Dani Peterson - Sexy Dani Is Barebacked}
_mg_0948.jpg,825478,66369743,\Exclusive\20181012 - Dani Peterson - Sexy Dani Is Barebacked\,{DT16~Excl~ME0PO2AU~20181012 - Dani Peterson - Sexy Dani Is Barebacked}
_mg_0949.jpg,834734,bb482d86,\Exclusive\20181012 - Dani Peterson - Sexy Dani Is Barebacked\,{DT16~Excl~ME0PO2AU~20181012 - Dani Peterson - Sexy Dani Is Barebacked}
_mg_0950.jpg,821880,a204c424,\Exclusive\20181012 - Dani Peterson - Sexy Dani Is Barebacked\,{DT16~Excl~ME0PO2AU~20181012 - Dani Peterson - Sexy Dani Is Barebacked}
_mg_0951.jpg,810895,a2e41230,\Exclusive\20181012 - Dani Peterson - Sexy Dani Is Barebacked\,{DT16~Excl~ME0PO2AU~20181012 - Dani Peterson - Sexy Dani Is Barebacked}
_mg_0952.jpg,858611,207ad798,\Exclusive\20181012 - Dani Peterson - Sexy Dani Is Barebacked\,{DT16~Excl~ME0PO2AU~20181012 - Dani Peterson - Sexy Dani Is Barebacked}
_mg_0954.jpg,687536,79d3b64b,\Exclusive\20181012 - Dani Peterson - Sexy Dani Is Barebacked\,{DT16~Excl~ME0PO2AU~20181012 - Dani Peterson - Sexy Dani Is Barebacked}
_mg_0955.jpg,779190,313595be,\Exclusive\20181012 - Dani Peterson - Sexy Dani Is Barebacked\,{DT16~Excl~ME0PO2AU~20181012 - Dani Peterson - Sexy Dani Is Barebacked}
_mg_0958.jpg,792807,b3d981c5,\Exclusive\20181012 - Dani Peterson - Sexy Dani Is Barebacked\,{DT16~Excl~ME0PO2AU~20181012 - Dani Peterson - Sexy Dani Is Barebacked}
_mg_0959.jpg,830240,af771b64,\Exclusive\20181012 - Dani Peterson - Sexy Dani Is Barebacked\,{DT16~Excl~ME0PO2AU~20181012 - Dani Peterson - Sexy Dani Is Barebacked}
_mg_0960.jpg,750026,0e43ceb7,\Exclusive\20181012 - Dani Peterson - Sexy Dani Is Barebacked\,{DT16~Excl~ME0PO2AU~20181012 - Dani Peterson - Sexy Dani Is Barebacked}
_mg_0961.jpg,777135,9684d365,\Exclusive\20181012 - Dani Peterson - Sexy Dani Is Barebacked\,{DT16~Excl~ME0PO2AU~20181012 - Dani Peterson - Sexy Dani Is Barebacked}
_mg_0962.jpg,784033,a3adae78,\Exclusive\20181012 - Dani Peterson - Sexy Dani Is Barebacked\,{DT16~Excl~ME0PO2AU~20181012 - Dani Peterson - Sexy Dani Is Barebacked}
_mg_0964.jpg,894893,1aa3d14d,\Exclusive\20181012 - Dani Peterson - Sexy Dani Is Barebacked\,{DT16~Excl~ME0PO2AU~20181012 - Dani Peterson - Sexy Dani Is Barebacked}
_mg_0965.jpg,867761,603ef530,\Exclusive\20181012 - Dani Peterson - Sexy Dani Is Barebacked\,{DT16~Excl~ME0PO2AU~20181012 - Dani Peterson - Sexy Dani Is Barebacked}
_mg_0966.jpg,827583,f69ee1da,\Exclusive\20181012 - Dani Peterson - Sexy Dani Is Barebacked\,{DT16~Excl~ME0PO2AU~20181012 - Dani Peterson - Sexy Dani Is Barebacked}
_mg_0967.jpg,788723,f2d63822,\Exclusive\20181012 - Dani Peterson - Sexy Dani Is Barebacked\,{DT16~Excl~ME0PO2AU~20181012 - Dani Peterson - Sexy Dani Is Barebacked}
_mg_0969.jpg,813655,e6c754da,\Exclusive\20181012 - Dani Peterson - Sexy Dani Is Barebacked\,{DT16~Excl~ME0PO2AU~20181012 - Dani Peterson - Sexy Dani Is Barebacked}
_mg_0970.jpg,813539,4ad4d78f,\Exclusive\20181012 - Dani Peterson - Sexy Dani Is Barebacked\,{DT16~Excl~ME0PO2AU~20181012 - Dani Peterson - Sexy Dani Is Barebacked}
_mg_0972.jpg,757192,1bfc7a83,\Exclusive\20181012 - Dani Peterson - Sexy Dani Is Barebacked\,{DT16~Excl~ME0PO2AU~20181012 - Dani Peterson - Sexy Dani Is Barebacked}
_mg_0973.jpg,758018,3c6c55fa,\Exclusive\20181012 - Dani Peterson - Sexy Dani Is Barebacked\,{DT16~Excl~ME0PO2AU~20181012 - Dani Peterson - Sexy Dani Is Barebacked}
_mg_0974.jpg,825690,40f8eaef,\Exclusive\20181012 - Dani Peterson - Sexy Dani Is Barebacked\,{DT16~Excl~ME0PO2AU~20181012 - Dani Peterson - Sexy Dani Is Barebacked}
_mg_0975.jpg,796970,246b55c6,\Exclusive\20181012 - Dani Peterson - Sexy Dani Is Barebacked\,{DT16~Excl~ME0PO2AU~20181012 - Dani Peterson - Sexy Dani Is Barebacked}
_mg_0976.jpg,779461,b0e8904c,\Exclusive\20181012 - Dani Peterson - Sexy Dani Is Barebacked\,{DT16~Excl~ME0PO2AU~20181012 - Dani Peterson - Sexy Dani Is Barebacked}
_mg_0977.jpg,794411,36ec176f,\Exclusive\20181012 - Dani Peterson - Sexy Dani Is Barebacked\,{DT16~Excl~ME0PO2AU~20181012 - Dani Peterson - Sexy Dani Is Barebacked}
_mg_0978.jpg,855360,3393408d,\Exclusive\20181012 - Dani Peterson - Sexy Dani Is Barebacked\,{DT16~Excl~ME0PO2AU~20181012 - Dani Peterson - Sexy Dani Is Barebacked}
_mg_0979.jpg,873432,3bb1f827,\Exclusive\20181012 - Dani Peterson - Sexy Dani Is Barebacked\,{DT16~Excl~ME0PO2AU~20181012 - Dani Peterson - Sexy Dani Is Barebacked}
_mg_0980.jpg,746402,5a8828d3,\Exclusive\20181012 - Dani Peterson - Sexy Dani Is Barebacked\,{DT16~Excl~ME0PO2AU~20181012 - Dani Peterson - Sexy Dani Is Barebacked}
_mg_0982.jpg,805776,ba9ecda5,\Exclusive\20181012 - Dani Peterson - Sexy Dani Is Barebacked\,{DT16~Excl~ME0PO2AU~20181012 - Dani Peterson - Sexy Dani Is Barebacked}
_mg_0983.jpg,865121,db8e86ee,\Exclusive\20181012 - Dani Peterson - Sexy Dani Is Barebacked\,{DT16~Excl~ME0PO2AU~20181012 - Dani Peterson - Sexy Dani Is Barebacked}
_mg_0984.jpg,759586,16a6277d,\Exclusive\20181012 - Dani Peterson - Sexy Dani Is Barebacked\,{DT16~Excl~ME0PO2AU~20181012 - Dani Peterson - Sexy Dani Is Barebacked}
_mg_0985.jpg,755672,2e102aaa,\Exclusive\20181012 - Dani Peterson - Sexy Dani Is Barebacked\,{DT16~Excl~ME0PO2AU~20181012 - Dani Peterson - Sexy Dani Is Barebacked}
_mg_0986.jpg,802528,45318fcf,\Exclusive\20181012 - Dani Peterson - Sexy Dani Is Barebacked\,{DT16~Excl~ME0PO2AU~20181012 - Dani Peterson - Sexy Dani Is Barebacked}
_mg_0987.jpg,866473,3bcdd8ed,\Exclusive\20181012 - Dani Peterson - Sexy Dani Is Barebacked\,{DT16~Excl~ME0PO2AU~20181012 - Dani Peterson - Sexy Dani Is Barebacked}
_mg_0988.jpg,789832,bf88bb1c,\Exclusive\20181012 - Dani Peterson - Sexy Dani Is Barebacked\,{DT16~Excl~ME0PO2AU~20181012 - Dani Peterson - Sexy Dani Is Barebacked}
_mg_0989.jpg,821107,0d4071e1,\Exclusive\20181012 - Dani Peterson - Sexy Dani Is Barebacked\,{DT16~Excl~ME0PO2AU~20181012 - Dani Peterson - Sexy Dani Is Barebacked}
_mg_0990.jpg,878330,279da199,\Exclusive\20181012 - Dani Peterson - Sexy Dani Is Barebacked\,{DT16~Excl~ME0PO2AU~20181012 - Dani Peterson - Sexy Dani Is Barebacked}
_mg_0991.jpg,882289,a9166afc,\Exclusive\20181012 - Dani Peterson - Sexy Dani Is Barebacked\,{DT16~Excl~ME0PO2AU~20181012 - Dani Peterson - Sexy Dani Is Barebacked}
_mg_0992.jpg,830159,cd0a17fe,\Exclusive\20181012 - Dani Peterson - Sexy Dani Is Barebacked\,{DT16~Excl~ME0PO2AU~20181012 - Dani Peterson - Sexy Dani Is Barebacked}
_mg_0993.jpg,794429,cb480ad9,\Exclusive\20181012 - Dani Peterson - Sexy Dani Is Barebacked\,{DT16~Excl~ME0PO2AU~20181012 - Dani Peterson - Sexy Dani Is Barebacked}
_mg_0994.jpg,815391,ee53194c,\Exclusive\20181012 - Dani Peterson - Sexy Dani Is Barebacked\,{DT16~Excl~ME0PO2AU~20181012 - Dani Peterson - Sexy Dani Is Barebacked}
_mg_0996.jpg,606495,79706217,\Exclusive\20181012 - Dani Peterson - Sexy Dani Is Barebacked\,{DT16~Excl~ME0PO2AU~20181012 - Dani Peterson - Sexy Dani Is Barebacked}
_mg_0997.jpg,760356,ca5e7012,\Exclusive\20181012 - Dani Peterson - Sexy Dani Is Barebacked\,{DT16~Excl~ME0PO2AU~20181012 - Dani Peterson - Sexy Dani Is Barebacked}
_mg_0998.jpg,757441,fb1671b4,\Exclusive\20181012 - Dani Peterson - Sexy Dani Is Barebacked\,{DT16~Excl~ME0PO2AU~20181012 - Dani Peterson - Sexy Dani Is Barebacked}
_mg_1001.jpg,725186,62ddc227,\Exclusive\20181012 - Dani Peterson - Sexy Dani Is Barebacked\,{DT16~Excl~ME0PO2AU~20181012 - Dani Peterson - Sexy Dani Is Barebacked}
_mg_1004.jpg,844088,92c858f4,\Exclusive\20181012 - Dani Peterson - Sexy Dani Is Barebacked\,{DT16~Excl~ME0PO2AU~20181012 - Dani Peterson - Sexy Dani Is Barebacked}
_mg_1005.jpg,699715,aa5ec2f7,\Exclusive\20181012 - Dani Peterson - Sexy Dani Is Barebacked\,{DT16~Excl~ME0PO2AU~20181012 - Dani Peterson - Sexy Dani Is Barebacked}
_mg_1006.jpg,661711,2524d9aa,\Exclusive\20181012 - Dani Peterson - Sexy Dani Is Barebacked\,{DT16~Excl~ME0PO2AU~20181012 - Dani Peterson - Sexy Dani Is Barebacked}
_mg_1007.jpg,706987,a8663187,\Exclusive\20181012 - Dani Peterson - Sexy Dani Is Barebacked\,{DT16~Excl~ME0PO2AU~20181012 - Dani Peterson - Sexy Dani Is Barebacked}
_mg_1008.jpg,789586,ba33b65a,\Exclusive\20181012 - Dani Peterson - Sexy Dani Is Barebacked\,{DT16~Excl~ME0PO2AU~20181012 - Dani Peterson - Sexy Dani Is Barebacked}
_mg_1010.jpg,803972,738a6757,\Exclusive\20181012 - Dani Peterson - Sexy Dani Is Barebacked\,{DT16~Excl~ME0PO2AU~20181012 - Dani Peterson - Sexy Dani Is Barebacked}
_mg_1011.jpg,698506,38e3e408,\Exclusive\20181012 - Dani Peterson - Sexy Dani Is Barebacked\,{DT16~Excl~ME0PO2AU~20181012 - Dani Peterson - Sexy Dani Is Barebacked}
_mg_1012.jpg,739137,9730ae74,\Exclusive\20181012 - Dani Peterson - Sexy Dani Is Barebacked\,{DT16~Excl~ME0PO2AU~20181012 - Dani Peterson - Sexy Dani Is Barebacked}
_mg_1013.jpg,779513,b7c543b5,\Exclusive\20181012 - Dani Peterson - Sexy Dani Is Barebacked\,{DT16~Excl~ME0PO2AU~20181012 - Dani Peterson - Sexy Dani Is Barebacked}
_mg_1014.jpg,774829,f9891638,\Exclusive\20181012 - Dani Peterson - Sexy Dani Is Barebacked\,{DT16~Excl~ME0PO2AU~20181012 - Dani Peterson - Sexy Dani Is Barebacked}
_mg_1015.jpg,768078,86aa71a8,\Exclusive\20181012 - Dani Peterson - Sexy Dani Is Barebacked\,{DT16~Excl~ME0PO2AU~20181012 - Dani Peterson - Sexy Dani Is Barebacked}
_mg_1016.jpg,703752,b176ba1b,\Exclusive\20181012 - Dani Peterson - Sexy Dani Is Barebacked\,{DT16~Excl~ME0PO2AU~20181012 - Dani Peterson - Sexy Dani Is Barebacked}
_mg_1017.jpg,732605,0c5d418b,\Exclusive\20181012 - Dani Peterson - Sexy Dani Is Barebacked\,{DT16~Excl~ME0PO2AU~20181012 - Dani Peterson - Sexy Dani Is Barebacked}
_mg_1018.jpg,747252,e3e11ca7,\Exclusive\20181012 - Dani Peterson - Sexy Dani Is Barebacked\,{DT16~Excl~ME0PO2AU~20181012 - Dani Peterson - Sexy Dani Is Barebacked}
_mg_1019.jpg,729565,a698b29f,\Exclusive\20181012 - Dani Peterson - Sexy Dani Is Barebacked\,{DT16~Excl~ME0PO2AU~20181012 - Dani Peterson - Sexy Dani Is Barebacked}
_mg_1020.jpg,734514,25a62c81,\Exclusive\20181012 - Dani Peterson - Sexy Dani Is Barebacked\,{DT16~Excl~ME0PO2AU~20181012 - Dani Peterson - Sexy Dani Is Barebacked}
_mg_1021.jpg,765280,a662cfbe,\Exclusive\20181012 - Dani Peterson - Sexy Dani Is Barebacked\,{DT16~Excl~ME0PO2AU~20181012 - Dani Peterson - Sexy Dani Is Barebacked}
_mg_1022.jpg,713520,4dae5800,\Exclusive\20181012 - Dani Peterson - Sexy Dani Is Barebacked\,{DT16~Excl~ME0PO2AU~20181012 - Dani Peterson - Sexy Dani Is Barebacked}
_mg_1023.jpg,681068,23f74feb,\Exclusive\20181012 - Dani Peterson - Sexy Dani Is Barebacked\,{DT16~Excl~ME0PO2AU~20181012 - Dani Peterson - Sexy Dani Is Barebacked}
_mg_1024.jpg,668890,2d7055bc,\Exclusive\20181012 - Dani Peterson - Sexy Dani Is Barebacked\,{DT16~Excl~ME0PO2AU~20181012 - Dani Peterson - Sexy Dani Is Barebacked}
_mg_1025.jpg,687153,41a16c23,\Exclusive\20181012 - Dani Peterson - Sexy Dani Is Barebacked\,{DT16~Excl~ME0PO2AU~20181012 - Dani Peterson - Sexy Dani Is Barebacked}
_mg_1026.jpg,801022,1b6c388c,\Exclusive\20181012 - Dani Peterson - Sexy Dani Is Barebacked\,{DT16~Excl~ME0PO2AU~20181012 - Dani Peterson - Sexy Dani Is Barebacked}
_mg_1028.jpg,714723,e1f1a53a,\Exclusive\20181012 - Dani Peterson - Sexy Dani Is Barebacked\,{DT16~Excl~ME0PO2AU~20181012 - Dani Peterson - Sexy Dani Is Barebacked}
_mg_2385.jpg,702589,515b0aca,\Exclusive\20181016 - Bella Atrix & Dani Peterson - Bella & Dani Share The Fucking Machine\,{DT16~Excl~ME0PO7HN~20181016 - Bella Atrix & Dani Peterson - Bella & Dani Share The Fucking Machine}
_mg_2386.jpg,717883,b58453f1,\Exclusive\20181016 - Bella Atrix & Dani Peterson - Bella & Dani Share The Fucking Machine\,{DT16~Excl~ME0PO7HN~20181016 - Bella Atrix & Dani Peterson - Bella & Dani Share The Fucking Machine}
_mg_2387.jpg,581086,e2607791,\Exclusive\20181016 - Bella Atrix & Dani Peterson - Bella & Dani Share The Fucking Machine\,{DT16~Excl~ME0PO7HN~20181016 - Bella Atrix & Dani Peterson - Bella & Dani Share The Fucking Machine}
_mg_2388.jpg,671058,e7b9d79f,\Exclusive\20181016 - Bella Atrix & Dani Peterson - Bella & Dani Share The Fucking Machine\,{DT16~Excl~ME0PO7HN~20181016 - Bella Atrix & Dani Peterson - Bella & Dani Share The Fucking Machine}
_mg_2389.jpg,619815,1b8d769d,\Exclusive\20181016 - Bella Atrix & Dani Peterson - Bella & Dani Share The Fucking Machine\,{DT16~Excl~ME0PO7HN~20181016 - Bella Atrix & Dani Peterson - Bella & Dani Share The Fucking Machine}
_mg_2390.jpg,564822,533bd9fa,\Exclusive\20181016 - Bella Atrix & Dani Peterson - Bella & Dani Share The Fucking Machine\,{DT16~Excl~ME0PO7HN~20181016 - Bella Atrix & Dani Peterson - Bella & Dani Share The Fucking Machine}
_mg_2391.jpg,603443,b6b3f292,\Exclusive\20181016 - Bella Atrix & Dani Peterson - Bella & Dani Share The Fucking Machine\,{DT16~Excl~ME0PO7HN~20181016 - Bella Atrix & Dani Peterson - Bella & Dani Share The Fucking Machine}
_mg_2392.jpg,641316,ca30f779,\Exclusive\20181016 - Bella Atrix & Dani Peterson - Bella & Dani Share The Fucking Machine\,{DT16~Excl~ME0PO7HN~20181016 - Bella Atrix & Dani Peterson - Bella & Dani Share The Fucking Machine}
_mg_2393.jpg,566584,d2c8cb8d,\Exclusive\20181016 - Bella Atrix & Dani Peterson - Bella & Dani Share The Fucking Machine\,{DT16~Excl~ME0PO7HN~20181016 - Bella Atrix & Dani Peterson - Bella & Dani Share The Fucking Machine}
_mg_2394.jpg,686556,0ad6afbc,\Exclusive\20181016 - Bella Atrix & Dani Peterson - Bella & Dani Share The Fucking Machine\,{DT16~Excl~ME0PO7HN~20181016 - Bella Atrix & Dani Peterson - Bella & Dani Share The Fucking Machine}
_mg_2395.jpg,665344,ed832765,\Exclusive\20181016 - Bella Atrix & Dani Peterson - Bella & Dani Share The Fucking Machine\,{DT16~Excl~ME0PO7HN~20181016 - Bella Atrix & Dani Peterson - Bella & Dani Share The Fucking Machine}
_mg_2396.jpg,648783,b472d611,\Exclusive\20181016 - Bella Atrix & Dani Peterson - Bella & Dani Share The Fucking Machine\,{DT16~Excl~ME0PO7HN~20181016 - Bella Atrix & Dani Peterson - Bella & Dani Share The Fucking Machine}
_mg_2397.jpg,659507,9db3dba4,\Exclusive\20181016 - Bella Atrix & Dani Peterson - Bella & Dani Share The Fucking Machine\,{DT16~Excl~ME0PO7HN~20181016 - Bella Atrix & Dani Peterson - Bella & Dani Share The Fucking Machine}
_mg_2399.jpg,627345,e2b8da25,\Exclusive\20181016 - Bella Atrix & Dani Peterson - Bella & Dani Share The Fucking Machine\,{DT16~Excl~ME0PO7HN~20181016 - Bella Atrix & Dani Peterson - Bella & Dani Share The Fucking Machine}
_mg_2400.jpg,644754,87d3e684,\Exclusive\20181016 - Bella Atrix & Dani Peterson - Bella & Dani Share The Fucking Machine\,{DT16~Excl~ME0PO7HN~20181016 - Bella Atrix & Dani Peterson - Bella & Dani Share The Fucking Machine}
_mg_2401.jpg,667641,7ad324ec,\Exclusive\20181016 - Bella Atrix & Dani Peterson - Bella & Dani Share The Fucking Machine\,{DT16~Excl~ME0PO7HN~20181016 - Bella Atrix & Dani Peterson - Bella & Dani Share The Fucking Machine}
_mg_2402.jpg,694158,5722dd2c,\Exclusive\20181016 - Bella Atrix & Dani Peterson - Bella & Dani Share The Fucking Machine\,{DT16~Excl~ME0PO7HN~20181016 - Bella Atrix & Dani Peterson - Bella & Dani Share The Fucking Machine}
_mg_2403.jpg,658005,5b37614c,\Exclusive\20181016 - Bella Atrix & Dani Peterson - Bella & Dani Share The Fucking Machine\,{DT16~Excl~ME0PO7HN~20181016 - Bella Atrix & Dani Peterson - Bella & Dani Share The Fucking Machine}
_mg_2405.jpg,657321,57fb96e1,\Exclusive\20181016 - Bella Atrix & Dani Peterson - Bella & Dani Share The Fucking Machine\,{DT16~Excl~ME0PO7HN~20181016 - Bella Atrix & Dani Peterson - Bella & Dani Share The Fucking Machine}
_mg_2406.jpg,642937,07f1de77,\Exclusive\20181016 - Bella Atrix & Dani Peterson - Bella & Dani Share The Fucking Machine\,{DT16~Excl~ME0PO7HN~20181016 - Bella Atrix & Dani Peterson - Bella & Dani Share The Fucking Machine}
_mg_2407.jpg,677413,4b69d5cb,\Exclusive\20181016 - Bella Atrix & Dani Peterson - Bella & Dani Share The Fucking Machine\,{DT16~Excl~ME0PO7HN~20181016 - Bella Atrix & Dani Peterson - Bella & Dani Share The Fucking Machine}
_mg_2408.jpg,668373,4aad6306,\Exclusive\20181016 - Bella Atrix & Dani Peterson - Bella & Dani Share The Fucking Machine\,{DT16~Excl~ME0PO7HN~20181016 - Bella Atrix & Dani Peterson - Bella & Dani Share The Fucking Machine}
_mg_2410.jpg,587595,e528adb2,\Exclusive\20181016 - Bella Atrix & Dani Peterson - Bella & Dani Share The Fucking Machine\,{DT16~Excl~ME0PO7HN~20181016 - Bella Atrix & Dani Peterson - Bella & Dani Share The Fucking Machine}
_mg_2411.jpg,582103,ed53cb84,\Exclusive\20181016 - Bella Atrix & Dani Peterson - Bella & Dani Share The Fucking Machine\,{DT16~Excl~ME0PO7HN~20181016 - Bella Atrix & Dani Peterson - Bella & Dani Share The Fucking Machine}
_mg_2412.jpg,788354,619aaee7,\Exclusive\20181016 - Bella Atrix & Dani Peterson - Bella & Dani Share The Fucking Machine\,{DT16~Excl~ME0PO7HN~20181016 - Bella Atrix & Dani Peterson - Bella & Dani Share The Fucking Machine}
_mg_2413.jpg,737440,1a72e3eb,\Exclusive\20181016 - Bella Atrix & Dani Peterson - Bella & Dani Share The Fucking Machine\,{DT16~Excl~ME0PO7HN~20181016 - Bella Atrix & Dani Peterson - Bella & Dani Share The Fucking Machine}
_mg_2414.jpg,655176,9278469e,\Exclusive\20181016 - Bella Atrix & Dani Peterson - Bella & Dani Share The Fucking Machine\,{DT16~Excl~ME0PO7HN~20181016 - Bella Atrix & Dani Peterson - Bella & Dani Share The Fucking Machine}
_mg_2415.jpg,623422,e0717de3,\Exclusive\20181016 - Bella Atrix & Dani Peterson - Bella & Dani Share The Fucking Machine\,{DT16~Excl~ME0PO7HN~20181016 - Bella Atrix & Dani Peterson - Bella & Dani Share The Fucking Machine}
_mg_2416.jpg,658439,f8543bf7,\Exclusive\20181016 - Bella Atrix & Dani Peterson - Bella & Dani Share The Fucking Machine\,{DT16~Excl~ME0PO7HN~20181016 - Bella Atrix & Dani Peterson - Bella & Dani Share The Fucking Machine}
_mg_2417.jpg,771591,1a0450fb,\Exclusive\20181016 - Bella Atrix & Dani Peterson - Bella & Dani Share The Fucking Machine\,{DT16~Excl~ME0PO7HN~20181016 - Bella Atrix & Dani Peterson - Bella & Dani Share The Fucking Machine}
_mg_2418.jpg,780919,505f5edf,\Exclusive\20181016 - Bella Atrix & Dani Peterson - Bella & Dani Share The Fucking Machine\,{DT16~Excl~ME0PO7HN~20181016 - Bella Atrix & Dani Peterson - Bella & Dani Share The Fucking Machine}
_mg_2419.jpg,789987,c6aadd71,\Exclusive\20181016 - Bella Atrix & Dani Peterson - Bella & Dani Share The Fucking Machine\,{DT16~Excl~ME0PO7HN~20181016 - Bella Atrix & Dani Peterson - Bella & Dani Share The Fucking Machine}
_mg_2420.jpg,765735,49d7a33f,\Exclusive\20181016 - Bella Atrix & Dani Peterson - Bella & Dani Share The Fucking Machine\,{DT16~Excl~ME0PO7HN~20181016 - Bella Atrix & Dani Peterson - Bella & Dani Share The Fucking Machine}
_mg_2421.jpg,704956,ef50cb77,\Exclusive\20181016 - Bella Atrix & Dani Peterson - Bella & Dani Share The Fucking Machine\,{DT16~Excl~ME0PO7HN~20181016 - Bella Atrix & Dani Peterson - Bella & Dani Share The Fucking Machine}
_mg_2422.jpg,703231,8d420d2c,\Exclusive\20181016 - Bella Atrix & Dani Peterson - Bella & Dani Share The Fucking Machine\,{DT16~Excl~ME0PO7HN~20181016 - Bella Atrix & Dani Peterson - Bella & Dani Share The Fucking Machine}
_mg_2423.jpg,508281,45c3e462,\Exclusive\20181016 - Bella Atrix & Dani Peterson - Bella & Dani Share The Fucking Machine\,{DT16~Excl~ME0PO7HN~20181016 - Bella Atrix & Dani Peterson - Bella & Dani Share The Fucking Machine}
_mg_2424.jpg,515215,a6bb864b,\Exclusive\20181016 - Bella Atrix & Dani Peterson - Bella & Dani Share The Fucking Machine\,{DT16~Excl~ME0PO7HN~20181016 - Bella Atrix & Dani Peterson - Bella & Dani Share The Fucking Machine}
_mg_2425.jpg,538177,35adcbc1,\Exclusive\20181016 - Bella Atrix & Dani Peterson - Bella & Dani Share The Fucking Machine\,{DT16~Excl~ME0PO7HN~20181016 - Bella Atrix & Dani Peterson - Bella & Dani Share The Fucking Machine}
_mg_2426.jpg,528035,4f39d449,\Exclusive\20181016 - Bella Atrix & Dani Peterson - Bella & Dani Share The Fucking Machine\,{DT16~Excl~ME0PO7HN~20181016 - Bella Atrix & Dani Peterson - Bella & Dani Share The Fucking Machine}
_mg_2429.jpg,606137,079d1785,\Exclusive\20181016 - Bella Atrix & Dani Peterson - Bella & Dani Share The Fucking Machine\,{DT16~Excl~ME0PO7HN~20181016 - Bella Atrix & Dani Peterson - Bella & Dani Share The Fucking Machine}
_mg_2430.jpg,555470,8821da49,\Exclusive\20181016 - Bella Atrix & Dani Peterson - Bella & Dani Share The Fucking Machine\,{DT16~Excl~ME0PO7HN~20181016 - Bella Atrix & Dani Peterson - Bella & Dani Share The Fucking Machine}
_mg_2431.jpg,561776,ad4376d6,\Exclusive\20181016 - Bella Atrix & Dani Peterson - Bella & Dani Share The Fucking Machine\,{DT16~Excl~ME0PO7HN~20181016 - Bella Atrix & Dani Peterson - Bella & Dani Share The Fucking Machine}
_mg_2432.jpg,561863,d2afb84c,\Exclusive\20181016 - Bella Atrix & Dani Peterson - Bella & Dani Share The Fucking Machine\,{DT16~Excl~ME0PO7HN~20181016 - Bella Atrix & Dani Peterson - Bella & Dani Share The Fucking Machine}
_mg_2434.jpg,567914,e60cdad6,\Exclusive\20181016 - Bella Atrix & Dani Peterson - Bella & Dani Share The Fucking Machine\,{DT16~Excl~ME0PO7HN~20181016 - Bella Atrix & Dani Peterson - Bella & Dani Share The Fucking Machine}
_mg_2435.jpg,509754,f0aa166f,\Exclusive\20181016 - Bella Atrix & Dani Peterson - Bella & Dani Share The Fucking Machine\,{DT16~Excl~ME0PO7HN~20181016 - Bella Atrix & Dani Peterson - Bella & Dani Share The Fucking Machine}
_mg_2437.jpg,472806,be7b8606,\Exclusive\20181016 - Bella Atrix & Dani Peterson - Bella & Dani Share The Fucking Machine\,{DT16~Excl~ME0PO7HN~20181016 - Bella Atrix & Dani Peterson - Bella & Dani Share The Fucking Machine}
_mg_2438.jpg,590478,e97ff231,\Exclusive\20181016 - Bella Atrix & Dani Peterson - Bella & Dani Share The Fucking Machine\,{DT16~Excl~ME0PO7HN~20181016 - Bella Atrix & Dani Peterson - Bella & Dani Share The Fucking Machine}
_mg_2440.jpg,582890,a1e3b72b,\Exclusive\20181016 - Bella Atrix & Dani Peterson - Bella & Dani Share The Fucking Machine\,{DT16~Excl~ME0PO7HN~20181016 - Bella Atrix & Dani Peterson - Bella & Dani Share The Fucking Machine}
_mg_2441.jpg,588906,2cf2b5d7,\Exclusive\20181016 - Bella Atrix & Dani Peterson - Bella & Dani Share The Fucking Machine\,{DT16~Excl~ME0PO7HN~20181016 - Bella Atrix & Dani Peterson - Bella & Dani Share The Fucking Machine}
_mg_2442.jpg,584008,5b20e98b,\Exclusive\20181016 - Bella Atrix & Dani Peterson - Bella & Dani Share The Fucking Machine\,{DT16~Excl~ME0PO7HN~20181016 - Bella Atrix & Dani Peterson - Bella & Dani Share The Fucking Machine}
_mg_2443.jpg,518250,4357cffc,\Exclusive\20181016 - Bella Atrix & Dani Peterson - Bella & Dani Share The Fucking Machine\,{DT16~Excl~ME0PO7HN~20181016 - Bella Atrix & Dani Peterson - Bella & Dani Share The Fucking Machine}
_mg_2444.jpg,527214,898b361a,\Exclusive\20181016 - Bella Atrix & Dani Peterson - Bella & Dani Share The Fucking Machine\,{DT16~Excl~ME0PO7HN~20181016 - Bella Atrix & Dani Peterson - Bella & Dani Share The Fucking Machine}
_mg_2445.jpg,562349,cd54014d,\Exclusive\20181016 - Bella Atrix & Dani Peterson - Bella & Dani Share The Fucking Machine\,{DT16~Excl~ME0PO7HN~20181016 - Bella Atrix & Dani Peterson - Bella & Dani Share The Fucking Machine}
_mg_2447.jpg,557935,dd324bcd,\Exclusive\20181016 - Bella Atrix & Dani Peterson - Bella & Dani Share The Fucking Machine\,{DT16~Excl~ME0PO7HN~20181016 - Bella Atrix & Dani Peterson - Bella & Dani Share The Fucking Machine}
_mg_2448.jpg,548622,2fa424c9,\Exclusive\20181016 - Bella Atrix & Dani Peterson - Bella & Dani Share The Fucking Machine\,{DT16~Excl~ME0PO7HN~20181016 - Bella Atrix & Dani Peterson - Bella & Dani Share The Fucking Machine}
_mg_2449.jpg,545402,3437d00e,\Exclusive\20181016 - Bella Atrix & Dani Peterson - Bella & Dani Share The Fucking Machine\,{DT16~Excl~ME0PO7HN~20181016 - Bella Atrix & Dani Peterson - Bella & Dani Share The Fucking Machine}
_mg_2450.jpg,521837,6f367d89,\Exclusive\20181016 - Bella Atrix & Dani Peterson - Bella & Dani Share The Fucking Machine\,{DT16~Excl~ME0PO7HN~20181016 - Bella Atrix & Dani Peterson - Bella & Dani Share The Fucking Machine}
_mg_2451.jpg,596374,89184e07,\Exclusive\20181016 - Bella Atrix & Dani Peterson - Bella & Dani Share The Fucking Machine\,{DT16~Excl~ME0PO7HN~20181016 - Bella Atrix & Dani Peterson - Bella & Dani Share The Fucking Machine}
_mg_2452.jpg,621366,033d2df9,\Exclusive\20181016 - Bella Atrix & Dani Peterson - Bella & Dani Share The Fucking Machine\,{DT16~Excl~ME0PO7HN~20181016 - Bella Atrix & Dani Peterson - Bella & Dani Share The Fucking Machine}
_mg_2453.jpg,596333,88058e78,\Exclusive\20181016 - Bella Atrix & Dani Peterson - Bella & Dani Share The Fucking Machine\,{DT16~Excl~ME0PO7HN~20181016 - Bella Atrix & Dani Peterson - Bella & Dani Share The Fucking Machine}
_mg_2454.jpg,507804,6f7b1d9d,\Exclusive\20181016 - Bella Atrix & Dani Peterson - Bella & Dani Share The Fucking Machine\,{DT16~Excl~ME0PO7HN~20181016 - Bella Atrix & Dani Peterson - Bella & Dani Share The Fucking Machine}
_mg_2455.jpg,444843,cf2f5362,\Exclusive\20181016 - Bella Atrix & Dani Peterson - Bella & Dani Share The Fucking Machine\,{DT16~Excl~ME0PO7HN~20181016 - Bella Atrix & Dani Peterson - Bella & Dani Share The Fucking Machine}
_mg_2456.jpg,549346,b949333d,\Exclusive\20181016 - Bella Atrix & Dani Peterson - Bella & Dani Share The Fucking Machine\,{DT16~Excl~ME0PO7HN~20181016 - Bella Atrix & Dani Peterson - Bella & Dani Share The Fucking Machine}
_mg_2457.jpg,656617,912dd88e,\Exclusive\20181016 - Bella Atrix & Dani Peterson - Bella & Dani Share The Fucking Machine\,{DT16~Excl~ME0PO7HN~20181016 - Bella Atrix & Dani Peterson - Bella & Dani Share The Fucking Machine}
_mg_2458.jpg,675773,a7b1b0d8,\Exclusive\20181016 - Bella Atrix & Dani Peterson - Bella & Dani Share The Fucking Machine\,{DT16~Excl~ME0PO7HN~20181016 - Bella Atrix & Dani Peterson - Bella & Dani Share The Fucking Machine}
_mg_2459.jpg,621321,13870246,\Exclusive\20181016 - Bella Atrix & Dani Peterson - Bella & Dani Share The Fucking Machine\,{DT16~Excl~ME0PO7HN~20181016 - Bella Atrix & Dani Peterson - Bella & Dani Share The Fucking Machine}
_mg_2460.jpg,693777,af5cbf1c,\Exclusive\20181016 - Bella Atrix & Dani Peterson - Bella & Dani Share The Fucking Machine\,{DT16~Excl~ME0PO7HN~20181016 - Bella Atrix & Dani Peterson - Bella & Dani Share The Fucking Machine}
_mg_2461.jpg,737087,3b3a0d20,\Exclusive\20181016 - Bella Atrix & Dani Peterson - Bella & Dani Share The Fucking Machine\,{DT16~Excl~ME0PO7HN~20181016 - Bella Atrix & Dani Peterson - Bella & Dani Share The Fucking Machine}
_mg_2462.jpg,709520,f62f932c,\Exclusive\20181016 - Bella Atrix & Dani Peterson - Bella & Dani Share The Fucking Machine\,{DT16~Excl~ME0PO7HN~20181016 - Bella Atrix & Dani Peterson - Bella & Dani Share The Fucking Machine}
_mg_2463.jpg,685566,f97efd1c,\Exclusive\20181016 - Bella Atrix & Dani Peterson - Bella & Dani Share The Fucking Machine\,{DT16~Excl~ME0PO7HN~20181016 - Bella Atrix & Dani Peterson - Bella & Dani Share The Fucking Machine}
_mg_2464.jpg,693763,89d956ae,\Exclusive\20181016 - Bella Atrix & Dani Peterson - Bella & Dani Share The Fucking Machine\,{DT16~Excl~ME0PO7HN~20181016 - Bella Atrix & Dani Peterson - Bella & Dani Share The Fucking Machine}
_mg_2465.jpg,672568,cd7f02b7,\Exclusive\20181016 - Bella Atrix & Dani Peterson - Bella & Dani Share The Fucking Machine\,{DT16~Excl~ME0PO7HN~20181016 - Bella Atrix & Dani Peterson - Bella & Dani Share The Fucking Machine}
_mg_2466.jpg,666826,06d12719,\Exclusive\20181016 - Bella Atrix & Dani Peterson - Bella & Dani Share The Fucking Machine\,{DT16~Excl~ME0PO7HN~20181016 - Bella Atrix & Dani Peterson - Bella & Dani Share The Fucking Machine}
_mg_2467.jpg,706352,a1d556e4,\Exclusive\20181016 - Bella Atrix & Dani Peterson - Bella & Dani Share The Fucking Machine\,{DT16~Excl~ME0PO7HN~20181016 - Bella Atrix & Dani Peterson - Bella & Dani Share The Fucking Machine}
_mg_2468.jpg,670296,aa4768ad,\Exclusive\20181016 - Bella Atrix & Dani Peterson - Bella & Dani Share The Fucking Machine\,{DT16~Excl~ME0PO7HN~20181016 - Bella Atrix & Dani Peterson - Bella & Dani Share The Fucking Machine}
_mg_2469.jpg,639193,05e8cdce,\Exclusive\20181016 - Bella Atrix & Dani Peterson - Bella & Dani Share The Fucking Machine\,{DT16~Excl~ME0PO7HN~20181016 - Bella Atrix & Dani Peterson - Bella & Dani Share The Fucking Machine}
_mg_2470.jpg,653772,57b29ff0,\Exclusive\20181016 - Bella Atrix & Dani Peterson - Bella & Dani Share The Fucking Machine\,{DT16~Excl~ME0PO7HN~20181016 - Bella Atrix & Dani Peterson - Bella & Dani Share The Fucking Machine}
_mg_2471.jpg,796264,c2977504,\Exclusive\20181016 - Bella Atrix & Dani Peterson - Bella & Dani Share The Fucking Machine\,{DT16~Excl~ME0PO7HN~20181016 - Bella Atrix & Dani Peterson - Bella & Dani Share The Fucking Machine}
_mg_2472.jpg,725292,ef752ae7,\Exclusive\20181016 - Bella Atrix & Dani Peterson - Bella & Dani Share The Fucking Machine\,{DT16~Excl~ME0PO7HN~20181016 - Bella Atrix & Dani Peterson - Bella & Dani Share The Fucking Machine}
_mg_2474.jpg,658699,6837bfd8,\Exclusive\20181016 - Bella Atrix & Dani Peterson - Bella & Dani Share The Fucking Machine\,{DT16~Excl~ME0PO7HN~20181016 - Bella Atrix & Dani Peterson - Bella & Dani Share The Fucking Machine}
_mg_2476.jpg,610398,4e27e66e,\Exclusive\20181016 - Bella Atrix & Dani Peterson - Bella & Dani Share The Fucking Machine\,{DT16~Excl~ME0PO7HN~20181016 - Bella Atrix & Dani Peterson - Bella & Dani Share The Fucking Machine}
_mg_2477.jpg,618293,541c6519,\Exclusive\20181016 - Bella Atrix & Dani Peterson - Bella & Dani Share The Fucking Machine\,{DT16~Excl~ME0PO7HN~20181016 - Bella Atrix & Dani Peterson - Bella & Dani Share The Fucking Machine}
_mg_2478.jpg,554643,a2d37ac9,\Exclusive\20181016 - Bella Atrix & Dani Peterson - Bella & Dani Share The Fucking Machine\,{DT16~Excl~ME0PO7HN~20181016 - Bella Atrix & Dani Peterson - Bella & Dani Share The Fucking Machine}
_mg_2479.jpg,648827,938e6823,\Exclusive\20181016 - Bella Atrix & Dani Peterson - Bella & Dani Share The Fucking Machine\,{DT16~Excl~ME0PO7HN~20181016 - Bella Atrix & Dani Peterson - Bella & Dani Share The Fucking Machine}
_mg_2480.jpg,643083,a2840886,\Exclusive\20181016 - Bella Atrix & Dani Peterson - Bella & Dani Share The Fucking Machine\,{DT16~Excl~ME0PO7HN~20181016 - Bella Atrix & Dani Peterson - Bella & Dani Share The Fucking Machine}
_mg_2481.jpg,617076,14e8bf1e,\Exclusive\20181016 - Bella Atrix & Dani Peterson - Bella & Dani Share The Fucking Machine\,{DT16~Excl~ME0PO7HN~20181016 - Bella Atrix & Dani Peterson - Bella & Dani Share The Fucking Machine}
_mg_2482.jpg,618935,8f56aaa9,\Exclusive\20181016 - Bella Atrix & Dani Peterson - Bella & Dani Share The Fucking Machine\,{DT16~Excl~ME0PO7HN~20181016 - Bella Atrix & Dani Peterson - Bella & Dani Share The Fucking Machine}
_mg_2483.jpg,634862,6e64a658,\Exclusive\20181016 - Bella Atrix & Dani Peterson - Bella & Dani Share The Fucking Machine\,{DT16~Excl~ME0PO7HN~20181016 - Bella Atrix & Dani Peterson - Bella & Dani Share The Fucking Machine}
_mg_2484.jpg,620966,fda8358f,\Exclusive\20181016 - Bella Atrix & Dani Peterson - Bella & Dani Share The Fucking Machine\,{DT16~Excl~ME0PO7HN~20181016 - Bella Atrix & Dani Peterson - Bella & Dani Share The Fucking Machine}
_mg_2485.jpg,638109,bb829df9,\Exclusive\20181016 - Bella Atrix & Dani Peterson - Bella & Dani Share The Fucking Machine\,{DT16~Excl~ME0PO7HN~20181016 - Bella Atrix & Dani Peterson - Bella & Dani Share The Fucking Machine}
_mg_2486.jpg,640761,a6c64af0,\Exclusive\20181016 - Bella Atrix & Dani Peterson - Bella & Dani Share The Fucking Machine\,{DT16~Excl~ME0PO7HN~20181016 - Bella Atrix & Dani Peterson - Bella & Dani Share The Fucking Machine}
_mg_2487.jpg,644111,aa4a5aa7,\Exclusive\20181016 - Bella Atrix & Dani Peterson - Bella & Dani Share The Fucking Machine\,{DT16~Excl~ME0PO7HN~20181016 - Bella Atrix & Dani Peterson - Bella & Dani Share The Fucking Machine}
_mg_2488.jpg,618343,3641fe16,\Exclusive\20181016 - Bella Atrix & Dani Peterson - Bella & Dani Share The Fucking Machine\,{DT16~Excl~ME0PO7HN~20181016 - Bella Atrix & Dani Peterson - Bella & Dani Share The Fucking Machine}
_mg_2489.jpg,628466,09da62a6,\Exclusive\20181016 - Bella Atrix & Dani Peterson - Bella & Dani Share The Fucking Machine\,{DT16~Excl~ME0PO7HN~20181016 - Bella Atrix & Dani Peterson - Bella & Dani Share The Fucking Machine}
_mg_2490.jpg,570478,6fe6f760,\Exclusive\20181016 - Bella Atrix & Dani Peterson - Bella & Dani Share The Fucking Machine\,{DT16~Excl~ME0PO7HN~20181016 - Bella Atrix & Dani Peterson - Bella & Dani Share The Fucking Machine}
_mg_2491.jpg,609904,6e0cab0a,\Exclusive\20181016 - Bella Atrix & Dani Peterson - Bella & Dani Share The Fucking Machine\,{DT16~Excl~ME0PO7HN~20181016 - Bella Atrix & Dani Peterson - Bella & Dani Share The Fucking Machine}
_mg_2492.jpg,647471,db0c146d,\Exclusive\20181016 - Bella Atrix & Dani Peterson - Bella & Dani Share The Fucking Machine\,{DT16~Excl~ME0PO7HN~20181016 - Bella Atrix & Dani Peterson - Bella & Dani Share The Fucking Machine}
_mg_2493.jpg,628114,4f0ce564,\Exclusive\20181016 - Bella Atrix & Dani Peterson - Bella & Dani Share The Fucking Machine\,{DT16~Excl~ME0PO7HN~20181016 - Bella Atrix & Dani Peterson - Bella & Dani Share The Fucking Machine}
_mg_2495.jpg,563973,5519ab5a,\Exclusive\20181016 - Bella Atrix & Dani Peterson - Bella & Dani Share The Fucking Machine\,{DT16~Excl~ME0PO7HN~20181016 - Bella Atrix & Dani Peterson - Bella & Dani Share The Fucking Machine}
_mg_2497.jpg,719000,02c01640,\Exclusive\20181016 - Bella Atrix & Dani Peterson - Bella & Dani Share The Fucking Machine\,{DT16~Excl~ME0PO7HN~20181016 - Bella Atrix & Dani Peterson - Bella & Dani Share The Fucking Machine}
_mg_2498.jpg,663197,2e2ecdf7,\Exclusive\20181016 - Bella Atrix & Dani Peterson - Bella & Dani Share The Fucking Machine\,{DT16~Excl~ME0PO7HN~20181016 - Bella Atrix & Dani Peterson - Bella & Dani Share The Fucking Machine}
_mg_2499.jpg,613077,5d9b4696,\Exclusive\20181016 - Bella Atrix & Dani Peterson - Bella & Dani Share The Fucking Machine\,{DT16~Excl~ME0PO7HN~20181016 - Bella Atrix & Dani Peterson - Bella & Dani Share The Fucking Machine}
_mg_2500.jpg,581603,fb8aea88,\Exclusive\20181016 - Bella Atrix & Dani Peterson - Bella & Dani Share The Fucking Machine\,{DT16~Excl~ME0PO7HN~20181016 - Bella Atrix & Dani Peterson - Bella & Dani Share The Fucking Machine}
_mg_2502.jpg,699153,48efed5a,\Exclusive\20181016 - Bella Atrix & Dani Peterson - Bella & Dani Share The Fucking Machine\,{DT16~Excl~ME0PO7HN~20181016 - Bella Atrix & Dani Peterson - Bella & Dani Share The Fucking Machine}
_mg_2503.jpg,611593,f7980174,\Exclusive\20181016 - Bella Atrix & Dani Peterson - Bella & Dani Share The Fucking Machine\,{DT16~Excl~ME0PO7HN~20181016 - Bella Atrix & Dani Peterson - Bella & Dani Share The Fucking Machine}
_mg_2505.jpg,632824,c800b426,\Exclusive\20181016 - Bella Atrix & Dani Peterson - Bella & Dani Share The Fucking Machine\,{DT16~Excl~ME0PO7HN~20181016 - Bella Atrix & Dani Peterson - Bella & Dani Share The Fucking Machine}
_mg_2506.jpg,583122,2817a301,\Exclusive\20181016 - Bella Atrix & Dani Peterson - Bella & Dani Share The Fucking Machine\,{DT16~Excl~ME0PO7HN~20181016 - Bella Atrix & Dani Peterson - Bella & Dani Share The Fucking Machine}
_mg_2507.jpg,600394,cb20f300,\Exclusive\20181016 - Bella Atrix & Dani Peterson - Bella & Dani Share The Fucking Machine\,{DT16~Excl~ME0PO7HN~20181016 - Bella Atrix & Dani Peterson - Bella & Dani Share The Fucking Machine}
_mg_2509.jpg,640776,db911c52,\Exclusive\20181016 - Bella Atrix & Dani Peterson - Bella & Dani Share The Fucking Machine\,{DT16~Excl~ME0PO7HN~20181016 - Bella Atrix & Dani Peterson - Bella & Dani Share The Fucking Machine}
_mg_2510.jpg,579614,54043e48,\Exclusive\20181016 - Bella Atrix & Dani Peterson - Bella & Dani Share The Fucking Machine\,{DT16~Excl~ME0PO7HN~20181016 - Bella Atrix & Dani Peterson - Bella & Dani Share The Fucking Machine}
_mg_2511.jpg,576970,3789a1ad,\Exclusive\20181016 - Bella Atrix & Dani Peterson - Bella & Dani Share The Fucking Machine\,{DT16~Excl~ME0PO7HN~20181016 - Bella Atrix & Dani Peterson - Bella & Dani Share The Fucking Machine}
_mg_2512.jpg,563900,8cf09834,\Exclusive\20181016 - Bella Atrix & Dani Peterson - Bella & Dani Share The Fucking Machine\,{DT16~Excl~ME0PO7HN~20181016 - Bella Atrix & Dani Peterson - Bella & Dani Share The Fucking Machine}
_mg_2513.jpg,552094,95296fae,\Exclusive\20181016 - Bella Atrix & Dani Peterson - Bella & Dani Share The Fucking Machine\,{DT16~Excl~ME0PO7HN~20181016 - Bella Atrix & Dani Peterson - Bella & Dani Share The Fucking Machine}
_mg_2515.jpg,650594,d25b4919,\Exclusive\20181016 - Bella Atrix & Dani Peterson - Bella & Dani Share The Fucking Machine\,{DT16~Excl~ME0PO7HN~20181016 - Bella Atrix & Dani Peterson - Bella & Dani Share The Fucking Machine}
_mg_2516.jpg,617968,174e07d2,\Exclusive\20181016 - Bella Atrix & Dani Peterson - Bella & Dani Share The Fucking Machine\,{DT16~Excl~ME0PO7HN~20181016 - Bella Atrix & Dani Peterson - Bella & Dani Share The Fucking Machine}
_mg_2517.jpg,643812,e38a9072,\Exclusive\20181016 - Bella Atrix & Dani Peterson - Bella & Dani Share The Fucking Machine\,{DT16~Excl~ME0PO7HN~20181016 - Bella Atrix & Dani Peterson - Bella & Dani Share The Fucking Machine}
_mg_2518.jpg,597879,4158bd90,\Exclusive\20181016 - Bella Atrix & Dani Peterson - Bella & Dani Share The Fucking Machine\,{DT16~Excl~ME0PO7HN~20181016 - Bella Atrix & Dani Peterson - Bella & Dani Share The Fucking Machine}
_mg_2519.jpg,663342,49cbffc9,\Exclusive\20181016 - Bella Atrix & Dani Peterson - Bella & Dani Share The Fucking Machine\,{DT16~Excl~ME0PO7HN~20181016 - Bella Atrix & Dani Peterson - Bella & Dani Share The Fucking Machine}
_mg_2520.jpg,645007,c51b7c45,\Exclusive\20181016 - Bella Atrix & Dani Peterson - Bella & Dani Share The Fucking Machine\,{DT16~Excl~ME0PO7HN~20181016 - Bella Atrix & Dani Peterson - Bella & Dani Share The Fucking Machine}
_mg_2521.jpg,616031,830bc494,\Exclusive\20181016 - Bella Atrix & Dani Peterson - Bella & Dani Share The Fucking Machine\,{DT16~Excl~ME0PO7HN~20181016 - Bella Atrix & Dani Peterson - Bella & Dani Share The Fucking Machine}
_mg_2522.jpg,610584,fa40a9ab,\Exclusive\20181016 - Bella Atrix & Dani Peterson - Bella & Dani Share The Fucking Machine\,{DT16~Excl~ME0PO7HN~20181016 - Bella Atrix & Dani Peterson - Bella & Dani Share The Fucking Machine}
_mg_2523.jpg,622992,b165f1e6,\Exclusive\20181016 - Bella Atrix & Dani Peterson - Bella & Dani Share The Fucking Machine\,{DT16~Excl~ME0PO7HN~20181016 - Bella Atrix & Dani Peterson - Bella & Dani Share The Fucking Machine}
_mg_2524.jpg,609639,a98d6664,\Exclusive\20181016 - Bella Atrix & Dani Peterson - Bella & Dani Share The Fucking Machine\,{DT16~Excl~ME0PO7HN~20181016 - Bella Atrix & Dani Peterson - Bella & Dani Share The Fucking Machine}
_mg_2525.jpg,601919,fe21fef7,\Exclusive\20181016 - Bella Atrix & Dani Peterson - Bella & Dani Share The Fucking Machine\,{DT16~Excl~ME0PO7HN~20181016 - Bella Atrix & Dani Peterson - Bella & Dani Share The Fucking Machine}
_mg_2527.jpg,600710,84cf2344,\Exclusive\20181016 - Bella Atrix & Dani Peterson - Bella & Dani Share The Fucking Machine\,{DT16~Excl~ME0PO7HN~20181016 - Bella Atrix & Dani Peterson - Bella & Dani Share The Fucking Machine}
_mg_2528.jpg,636634,5cac9f4c,\Exclusive\20181016 - Bella Atrix & Dani Peterson - Bella & Dani Share The Fucking Machine\,{DT16~Excl~ME0PO7HN~20181016 - Bella Atrix & Dani Peterson - Bella & Dani Share The Fucking Machine}
_mg_2529.jpg,672635,b825e1f7,\Exclusive\20181016 - Bella Atrix & Dani Peterson - Bella & Dani Share The Fucking Machine\,{DT16~Excl~ME0PO7HN~20181016 - Bella Atrix & Dani Peterson - Bella & Dani Share The Fucking Machine}
_mg_2531.jpg,599300,82ada289,\Exclusive\20181016 - Bella Atrix & Dani Peterson - Bella & Dani Share The Fucking Machine\,{DT16~Excl~ME0PO7HN~20181016 - Bella Atrix & Dani Peterson - Bella & Dani Share The Fucking Machine}
_mg_2532.jpg,670613,1e9ec216,\Exclusive\20181016 - Bella Atrix & Dani Peterson - Bella & Dani Share The Fucking Machine\,{DT16~Excl~ME0PO7HN~20181016 - Bella Atrix & Dani Peterson - Bella & Dani Share The Fucking Machine}
_mg_2533.jpg,641518,8c958200,\Exclusive\20181016 - Bella Atrix & Dani Peterson - Bella & Dani Share The Fucking Machine\,{DT16~Excl~ME0PO7HN~20181016 - Bella Atrix & Dani Peterson - Bella & Dani Share The Fucking Machine}
_mg_2534.jpg,660304,1a9730b0,\Exclusive\20181016 - Bella Atrix & Dani Peterson - Bella & Dani Share The Fucking Machine\,{DT16~Excl~ME0PO7HN~20181016 - Bella Atrix & Dani Peterson - Bella & Dani Share The Fucking Machine}
_mg_2535.jpg,608649,6abcd794,\Exclusive\20181016 - Bella Atrix & Dani Peterson - Bella & Dani Share The Fucking Machine\,{DT16~Excl~ME0PO7HN~20181016 - Bella Atrix & Dani Peterson - Bella & Dani Share The Fucking Machine}
_mg_2536.jpg,613195,03897f8c,\Exclusive\20181016 - Bella Atrix & Dani Peterson - Bella & Dani Share The Fucking Machine\,{DT16~Excl~ME0PO7HN~20181016 - Bella Atrix & Dani Peterson - Bella & Dani Share The Fucking Machine}
_mg_2537.jpg,615047,dec053fb,\Exclusive\20181016 - Bella Atrix & Dani Peterson - Bella & Dani Share The Fucking Machine\,{DT16~Excl~ME0PO7HN~20181016 - Bella Atrix & Dani Peterson - Bella & Dani Share The Fucking Machine}
_mg_2538.jpg,597849,43be9a5b,\Exclusive\20181016 - Bella Atrix & Dani Peterson - Bella & Dani Share The Fucking Machine\,{DT16~Excl~ME0PO7HN~20181016 - Bella Atrix & Dani Peterson - Bella & Dani Share The Fucking Machine}
_mg_2539.jpg,667464,70e41b28,\Exclusive\20181016 - Bella Atrix & Dani Peterson - Bella & Dani Share The Fucking Machine\,{DT16~Excl~ME0PO7HN~20181016 - Bella Atrix & Dani Peterson - Bella & Dani Share The Fucking Machine}
_mg_2540.jpg,647449,3263e690,\Exclusive\20181016 - Bella Atrix & Dani Peterson - Bella & Dani Share The Fucking Machine\,{DT16~Excl~ME0PO7HN~20181016 - Bella Atrix & Dani Peterson - Bella & Dani Share The Fucking Machine}
_mg_2541.jpg,682291,c92c72aa,\Exclusive\20181016 - Bella Atrix & Dani Peterson - Bella & Dani Share The Fucking Machine\,{DT16~Excl~ME0PO7HN~20181016 - Bella Atrix & Dani Peterson - Bella & Dani Share The Fucking Machine}
_mg_2542.jpg,663806,0104f2ee,\Exclusive\20181016 - Bella Atrix & Dani Peterson - Bella & Dani Share The Fucking Machine\,{DT16~Excl~ME0PO7HN~20181016 - Bella Atrix & Dani Peterson - Bella & Dani Share The Fucking Machine}
_mg_2543.jpg,671874,753e1752,\Exclusive\20181016 - Bella Atrix & Dani Peterson - Bella & Dani Share The Fucking Machine\,{DT16~Excl~ME0PO7HN~20181016 - Bella Atrix & Dani Peterson - Bella & Dani Share The Fucking Machine}
_mg_2544.jpg,780646,1d5ca05e,\Exclusive\20181016 - Bella Atrix & Dani Peterson - Bella & Dani Share The Fucking Machine\,{DT16~Excl~ME0PO7HN~20181016 - Bella Atrix & Dani Peterson - Bella & Dani Share The Fucking Machine}
_mg_2545.jpg,728088,c8a73696,\Exclusive\20181016 - Bella Atrix & Dani Peterson - Bella & Dani Share The Fucking Machine\,{DT16~Excl~ME0PO7HN~20181016 - Bella Atrix & Dani Peterson - Bella & Dani Share The Fucking Machine}
_mg_2546.jpg,714016,23f671d3,\Exclusive\20181016 - Bella Atrix & Dani Peterson - Bella & Dani Share The Fucking Machine\,{DT16~Excl~ME0PO7HN~20181016 - Bella Atrix & Dani Peterson - Bella & Dani Share The Fucking Machine}
_mg_2547.jpg,656179,81f5298f,\Exclusive\20181016 - Bella Atrix & Dani Peterson - Bella & Dani Share The Fucking Machine\,{DT16~Excl~ME0PO7HN~20181016 - Bella Atrix & Dani Peterson - Bella & Dani Share The Fucking Machine}
_mg_2548.jpg,712015,8db5f4ec,\Exclusive\20181016 - Bella Atrix & Dani Peterson - Bella & Dani Share The Fucking Machine\,{DT16~Excl~ME0PO7HN~20181016 - Bella Atrix & Dani Peterson - Bella & Dani Share The Fucking Machine}
_mg_2549.jpg,1000388,cf2d98c2,\Exclusive\20181016 - Bella Atrix & Dani Peterson - Bella & Dani Share The Fucking Machine\,{DT16~Excl~ME0PO7HN~20181016 - Bella Atrix & Dani Peterson - Bella & Dani Share The Fucking Machine}
_mg_2550.jpg,727155,89eaaf65,\Exclusive\20181016 - Bella Atrix & Dani Peterson - Bella & Dani Share The Fucking Machine\,{DT16~Excl~ME0PO7HN~20181016 - Bella Atrix & Dani Peterson - Bella & Dani Share The Fucking Machine}
_mg_2551.jpg,620169,cbdcb204,\Exclusive\20181016 - Bella Atrix & Dani Peterson - Bella & Dani Share The Fucking Machine\,{DT16~Excl~ME0PO7HN~20181016 - Bella Atrix & Dani Peterson - Bella & Dani Share The Fucking Machine}
_mg_2552.jpg,646303,ab8de215,\Exclusive\20181016 - Bella Atrix & Dani Peterson - Bella & Dani Share The Fucking Machine\,{DT16~Excl~ME0PO7HN~20181016 - Bella Atrix & Dani Peterson - Bella & Dani Share The Fucking Machine}
_mg_2553.jpg,647511,4cc1793d,\Exclusive\20181016 - Bella Atrix & Dani Peterson - Bella & Dani Share The Fucking Machine\,{DT16~Excl~ME0PO7HN~20181016 - Bella Atrix & Dani Peterson - Bella & Dani Share The Fucking Machine}
_mg_2554.jpg,617252,6c521a81,\Exclusive\20181016 - Bella Atrix & Dani Peterson - Bella & Dani Share The Fucking Machine\,{DT16~Excl~ME0PO7HN~20181016 - Bella Atrix & Dani Peterson - Bella & Dani Share The Fucking Machine}
_mg_2555.jpg,655378,48026e00,\Exclusive\20181016 - Bella Atrix & Dani Peterson - Bella & Dani Share The Fucking Machine\,{DT16~Excl~ME0PO7HN~20181016 - Bella Atrix & Dani Peterson - Bella & Dani Share The Fucking Machine}
_mg_2556.jpg,655560,896c9cbd,\Exclusive\20181016 - Bella Atrix & Dani Peterson - Bella & Dani Share The Fucking Machine\,{DT16~Excl~ME0PO7HN~20181016 - Bella Atrix & Dani Peterson - Bella & Dani Share The Fucking Machine}
_mg_2557.jpg,633015,cc4cf42d,\Exclusive\20181016 - Bella Atrix & Dani Peterson - Bella & Dani Share The Fucking Machine\,{DT16~Excl~ME0PO7HN~20181016 - Bella Atrix & Dani Peterson - Bella & Dani Share The Fucking Machine}
_mg_2558.jpg,603242,f33ebdf8,\Exclusive\20181016 - Bella Atrix & Dani Peterson - Bella & Dani Share The Fucking Machine\,{DT16~Excl~ME0PO7HN~20181016 - Bella Atrix & Dani Peterson - Bella & Dani Share The Fucking Machine}
_mg_2559.jpg,603558,a5aa9df7,\Exclusive\20181016 - Bella Atrix & Dani Peterson - Bella & Dani Share The Fucking Machine\,{DT16~Excl~ME0PO7HN~20181016 - Bella Atrix & Dani Peterson - Bella & Dani Share The Fucking Machine}
_mg_2560.jpg,629251,0af61f34,\Exclusive\20181016 - Bella Atrix & Dani Peterson - Bella & Dani Share The Fucking Machine\,{DT16~Excl~ME0PO7HN~20181016 - Bella Atrix & Dani Peterson - Bella & Dani Share The Fucking Machine}
_mg_2561.jpg,614952,c5bc096b,\Exclusive\20181016 - Bella Atrix & Dani Peterson - Bella & Dani Share The Fucking Machine\,{DT16~Excl~ME0PO7HN~20181016 - Bella Atrix & Dani Peterson - Bella & Dani Share The Fucking Machine}
_mg_2562.jpg,620548,5f92860b,\Exclusive\20181016 - Bella Atrix & Dani Peterson - Bella & Dani Share The Fucking Machine\,{DT16~Excl~ME0PO7HN~20181016 - Bella Atrix & Dani Peterson - Bella & Dani Share The Fucking Machine}
_mg_2563.jpg,664243,d3577986,\Exclusive\20181016 - Bella Atrix & Dani Peterson - Bella & Dani Share The Fucking Machine\,{DT16~Excl~ME0PO7HN~20181016 - Bella Atrix & Dani Peterson - Bella & Dani Share The Fucking Machine}
_mg_2564.jpg,619788,63172bdc,\Exclusive\20181016 - Bella Atrix & Dani Peterson - Bella & Dani Share The Fucking Machine\,{DT16~Excl~ME0PO7HN~20181016 - Bella Atrix & Dani Peterson - Bella & Dani Share The Fucking Machine}
_mg_2565.jpg,668801,c24ed2f2,\Exclusive\20181016 - Bella Atrix & Dani Peterson - Bella & Dani Share The Fucking Machine\,{DT16~Excl~ME0PO7HN~20181016 - Bella Atrix & Dani Peterson - Bella & Dani Share The Fucking Machine}
_mg_2566.jpg,656189,3d2e9cad,\Exclusive\20181016 - Bella Atrix & Dani Peterson - Bella & Dani Share The Fucking Machine\,{DT16~Excl~ME0PO7HN~20181016 - Bella Atrix & Dani Peterson - Bella & Dani Share The Fucking Machine}
_mg_2567.jpg,640965,dbaa9351,\Exclusive\20181016 - Bella Atrix & Dani Peterson - Bella & Dani Share The Fucking Machine\,{DT16~Excl~ME0PO7HN~20181016 - Bella Atrix & Dani Peterson - Bella & Dani Share The Fucking Machine}
_mg_2568.jpg,658169,94a3d19d,\Exclusive\20181016 - Bella Atrix & Dani Peterson - Bella & Dani Share The Fucking Machine\,{DT16~Excl~ME0PO7HN~20181016 - Bella Atrix & Dani Peterson - Bella & Dani Share The Fucking Machine}
_mg_1309.jpg,1009855,75ab1652,\Exclusive\20181019 - Carolina Martins - Sitting On A Black Dick\,{DT16~Excl~ME0POA6H~20181019 - Carolina Martins - Sitting On A Black Dick}
_mg_1310.jpg,912580,3adb3b80,\Exclusive\20181019 - Carolina Martins - Sitting On A Black Dick\,{DT16~Excl~ME0POA6H~20181019 - Carolina Martins - Sitting On A Black Dick}
_mg_1311.jpg,845493,cfe8dfa9,\Exclusive\20181019 - Carolina Martins - Sitting On A Black Dick\,{DT16~Excl~ME0POA6H~20181019 - Carolina Martins - Sitting On A Black Dick}
_mg_1312.jpg,845285,03621109,\Exclusive\20181019 - Carolina Martins - Sitting On A Black Dick\,{DT16~Excl~ME0POA6H~20181019 - Carolina Martins - Sitting On A Black Dick}
_mg_1313.jpg,837978,affb9816,\Exclusive\20181019 - Carolina Martins - Sitting On A Black Dick\,{DT16~Excl~ME0POA6H~20181019 - Carolina Martins - Sitting On A Black Dick}
_mg_1314.jpg,906138,9abecf85,\Exclusive\20181019 - Carolina Martins - Sitting On A Black Dick\,{DT16~Excl~ME0POA6H~20181019 - Carolina Martins - Sitting On A Black Dick}
_mg_1315.jpg,906428,935b99f7,\Exclusive\20181019 - Carolina Martins - Sitting On A Black Dick\,{DT16~Excl~ME0POA6H~20181019 - Carolina Martins - Sitting On A Black Dick}
_mg_1316.jpg,867138,404027f8,\Exclusive\20181019 - Carolina Martins - Sitting On A Black Dick\,{DT16~Excl~ME0POA6H~20181019 - Carolina Martins - Sitting On A Black Dick}
_mg_1317.jpg,863776,d02981e2,\Exclusive\20181019 - Carolina Martins - Sitting On A Black Dick\,{DT16~Excl~ME0POA6H~20181019 - Carolina Martins - Sitting On A Black Dick}
_mg_1318.jpg,817112,274068f4,\Exclusive\20181019 - Carolina Martins - Sitting On A Black Dick\,{DT16~Excl~ME0POA6H~20181019 - Carolina Martins - Sitting On A Black Dick}
_mg_1319.jpg,917316,17c2eaed,\Exclusive\20181019 - Carolina Martins - Sitting On A Black Dick\,{DT16~Excl~ME0POA6H~20181019 - Carolina Martins - Sitting On A Black Dick}
_mg_1321.jpg,920742,f50731d7,\Exclusive\20181019 - Carolina Martins - Sitting On A Black Dick\,{DT16~Excl~ME0POA6H~20181019 - Carolina Martins - Sitting On A Black Dick}
_mg_1322.jpg,860846,01d1fbe0,\Exclusive\20181019 - Carolina Martins - Sitting On A Black Dick\,{DT16~Excl~ME0POA6H~20181019 - Carolina Martins - Sitting On A Black Dick}
_mg_1324.jpg,855459,12346b00,\Exclusive\20181019 - Carolina Martins - Sitting On A Black Dick\,{DT16~Excl~ME0POA6H~20181019 - Carolina Martins - Sitting On A Black Dick}
_mg_1327.jpg,887806,d3219e72,\Exclusive\20181019 - Carolina Martins - Sitting On A Black Dick\,{DT16~Excl~ME0POA6H~20181019 - Carolina Martins - Sitting On A Black Dick}
_mg_1328.jpg,870213,bdd0f126,\Exclusive\20181019 - Carolina Martins - Sitting On A Black Dick\,{DT16~Excl~ME0POA6H~20181019 - Carolina Martins - Sitting On A Black Dick}
_mg_1329.jpg,885996,4af230ac,\Exclusive\20181019 - Carolina Martins - Sitting On A Black Dick\,{DT16~Excl~ME0POA6H~20181019 - Carolina Martins - Sitting On A Black Dick}
_mg_1330.jpg,892935,50310fbe,\Exclusive\20181019 - Carolina Martins - Sitting On A Black Dick\,{DT16~Excl~ME0POA6H~20181019 - Carolina Martins - Sitting On A Black Dick}
_mg_1331.jpg,923813,bb196c6e,\Exclusive\20181019 - Carolina Martins - Sitting On A Black Dick\,{DT16~Excl~ME0POA6H~20181019 - Carolina Martins - Sitting On A Black Dick}
_mg_1332.jpg,840248,e93c9d20,\Exclusive\20181019 - Carolina Martins - Sitting On A Black Dick\,{DT16~Excl~ME0POA6H~20181019 - Carolina Martins - Sitting On A Black Dick}
_mg_1333.jpg,845893,4677de02,\Exclusive\20181019 - Carolina Martins - Sitting On A Black Dick\,{DT16~Excl~ME0POA6H~20181019 - Carolina Martins - Sitting On A Black Dick}
_mg_1334.jpg,923238,342a6f45,\Exclusive\20181019 - Carolina Martins - Sitting On A Black Dick\,{DT16~Excl~ME0POA6H~20181019 - Carolina Martins - Sitting On A Black Dick}
_mg_1336.jpg,877227,ca4346e9,\Exclusive\20181019 - Carolina Martins - Sitting On A Black Dick\,{DT16~Excl~ME0POA6H~20181019 - Carolina Martins - Sitting On A Black Dick}
_mg_1338.jpg,888472,231b5233,\Exclusive\20181019 - Carolina Martins - Sitting On A Black Dick\,{DT16~Excl~ME0POA6H~20181019 - Carolina Martins - Sitting On A Black Dick}
_mg_1340.jpg,798173,dc9181eb,\Exclusive\20181019 - Carolina Martins - Sitting On A Black Dick\,{DT16~Excl~ME0POA6H~20181019 - Carolina Martins - Sitting On A Black Dick}
_mg_1342.jpg,866203,b7ae49a3,\Exclusive\20181019 - Carolina Martins - Sitting On A Black Dick\,{DT16~Excl~ME0POA6H~20181019 - Carolina Martins - Sitting On A Black Dick}
_mg_1344.jpg,869188,757c865f,\Exclusive\20181019 - Carolina Martins - Sitting On A Black Dick\,{DT16~Excl~ME0POA6H~20181019 - Carolina Martins - Sitting On A Black Dick}
_mg_1346.jpg,889859,f71c3678,\Exclusive\20181019 - Carolina Martins - Sitting On A Black Dick\,{DT16~Excl~ME0POA6H~20181019 - Carolina Martins - Sitting On A Black Dick}
_mg_1347.jpg,891828,3c264b7e,\Exclusive\20181019 - Carolina Martins - Sitting On A Black Dick\,{DT16~Excl~ME0POA6H~20181019 - Carolina Martins - Sitting On A Black Dick}
_mg_1348.jpg,908941,b8463148,\Exclusive\20181019 - Carolina Martins - Sitting On A Black Dick\,{DT16~Excl~ME0POA6H~20181019 - Carolina Martins - Sitting On A Black Dick}
_mg_1350.jpg,828178,11277b4e,\Exclusive\20181019 - Carolina Martins - Sitting On A Black Dick\,{DT16~Excl~ME0POA6H~20181019 - Carolina Martins - Sitting On A Black Dick}
_mg_1352.jpg,832692,808f2bcc,\Exclusive\20181019 - Carolina Martins - Sitting On A Black Dick\,{DT16~Excl~ME0POA6H~20181019 - Carolina Martins - Sitting On A Black Dick}
_mg_1353.jpg,879507,17556578,\Exclusive\20181019 - Carolina Martins - Sitting On A Black Dick\,{DT16~Excl~ME0POA6H~20181019 - Carolina Martins - Sitting On A Black Dick}
_mg_1354.jpg,895927,3a91e2df,\Exclusive\20181019 - Carolina Martins - Sitting On A Black Dick\,{DT16~Excl~ME0POA6H~20181019 - Carolina Martins - Sitting On A Black Dick}
_mg_1356.jpg,837884,7f889381,\Exclusive\20181019 - Carolina Martins - Sitting On A Black Dick\,{DT16~Excl~ME0POA6H~20181019 - Carolina Martins - Sitting On A Black Dick}
_mg_1357.jpg,814490,a1021a1b,\Exclusive\20181019 - Carolina Martins - Sitting On A Black Dick\,{DT16~Excl~ME0POA6H~20181019 - Carolina Martins - Sitting On A Black Dick}
_mg_1358.jpg,900314,bc56aa75,\Exclusive\20181019 - Carolina Martins - Sitting On A Black Dick\,{DT16~Excl~ME0POA6H~20181019 - Carolina Martins - Sitting On A Black Dick}
_mg_1361.jpg,894853,173fa974,\Exclusive\20181019 - Carolina Martins - Sitting On A Black Dick\,{DT16~Excl~ME0POA6H~20181019 - Carolina Martins - Sitting On A Black Dick}
_mg_1362.jpg,907059,8d54c13c,\Exclusive\20181019 - Carolina Martins - Sitting On A Black Dick\,{DT16~Excl~ME0POA6H~20181019 - Carolina Martins - Sitting On A Black Dick}
_mg_1363.jpg,822289,b4ced8c7,\Exclusive\20181019 - Carolina Martins - Sitting On A Black Dick\,{DT16~Excl~ME0POA6H~20181019 - Carolina Martins - Sitting On A Black Dick}
_mg_1364.jpg,803859,0c7e4843,\Exclusive\20181019 - Carolina Martins - Sitting On A Black Dick\,{DT16~Excl~ME0POA6H~20181019 - Carolina Martins - Sitting On A Black Dick}
_mg_1365.jpg,795184,bbe0954f,\Exclusive\20181019 - Carolina Martins - Sitting On A Black Dick\,{DT16~Excl~ME0POA6H~20181019 - Carolina Martins - Sitting On A Black Dick}
_mg_1366.jpg,844895,9474edb0,\Exclusive\20181019 - Carolina Martins - Sitting On A Black Dick\,{DT16~Excl~ME0POA6H~20181019 - Carolina Martins - Sitting On A Black Dick}
_mg_1367.jpg,857129,90ec734b,\Exclusive\20181019 - Carolina Martins - Sitting On A Black Dick\,{DT16~Excl~ME0POA6H~20181019 - Carolina Martins - Sitting On A Black Dick}
_mg_1368.jpg,785173,249f3a29,\Exclusive\20181019 - Carolina Martins - Sitting On A Black Dick\,{DT16~Excl~ME0POA6H~20181019 - Carolina Martins - Sitting On A Black Dick}
_mg_1369.jpg,865822,cd088f36,\Exclusive\20181019 - Carolina Martins - Sitting On A Black Dick\,{DT16~Excl~ME0POA6H~20181019 - Carolina Martins - Sitting On A Black Dick}
_mg_1370.jpg,850776,0c519119,\Exclusive\20181019 - Carolina Martins - Sitting On A Black Dick\,{DT16~Excl~ME0POA6H~20181019 - Carolina Martins - Sitting On A Black Dick}
_mg_1371.jpg,854483,c1ae23c8,\Exclusive\20181019 - Carolina Martins - Sitting On A Black Dick\,{DT16~Excl~ME0POA6H~20181019 - Carolina Martins - Sitting On A Black Dick}
_mg_1372.jpg,860573,88a1287c,\Exclusive\20181019 - Carolina Martins - Sitting On A Black Dick\,{DT16~Excl~ME0POA6H~20181019 - Carolina Martins - Sitting On A Black Dick}
_mg_1373.jpg,910443,1f55c9d2,\Exclusive\20181019 - Carolina Martins - Sitting On A Black Dick\,{DT16~Excl~ME0POA6H~20181019 - Carolina Martins - Sitting On A Black Dick}
_mg_1374.jpg,925916,6c133c53,\Exclusive\20181019 - Carolina Martins - Sitting On A Black Dick\,{DT16~Excl~ME0POA6H~20181019 - Carolina Martins - Sitting On A Black Dick}
_mg_1375.jpg,551170,e908f54a,\Exclusive\20181019 - Carolina Martins - Sitting On A Black Dick\,{DT16~Excl~ME0POA6H~20181019 - Carolina Martins - Sitting On A Black Dick}
_mg_1376.jpg,547791,39462fd0,\Exclusive\20181019 - Carolina Martins - Sitting On A Black Dick\,{DT16~Excl~ME0POA6H~20181019 - Carolina Martins - Sitting On A Black Dick}
_mg_1378.jpg,733748,2b7740c9,\Exclusive\20181019 - Carolina Martins - Sitting On A Black Dick\,{DT16~Excl~ME0POA6H~20181019 - Carolina Martins - Sitting On A Black Dick}
_mg_1379.jpg,732448,60c10adf,\Exclusive\20181019 - Carolina Martins - Sitting On A Black Dick\,{DT16~Excl~ME0POA6H~20181019 - Carolina Martins - Sitting On A Black Dick}
_mg_1380.jpg,668892,f792f89f,\Exclusive\20181019 - Carolina Martins - Sitting On A Black Dick\,{DT16~Excl~ME0POA6H~20181019 - Carolina Martins - Sitting On A Black Dick}
_mg_1381.jpg,912350,5221587c,\Exclusive\20181019 - Carolina Martins - Sitting On A Black Dick\,{DT16~Excl~ME0POA6H~20181019 - Carolina Martins - Sitting On A Black Dick}
_mg_1382.jpg,633043,4475ecc1,\Exclusive\20181019 - Carolina Martins - Sitting On A Black Dick\,{DT16~Excl~ME0POA6H~20181019 - Carolina Martins - Sitting On A Black Dick}
_mg_1383.jpg,785328,334618b4,\Exclusive\20181019 - Carolina Martins - Sitting On A Black Dick\,{DT16~Excl~ME0POA6H~20181019 - Carolina Martins - Sitting On A Black Dick}
_mg_1384.jpg,849202,f34b7fdf,\Exclusive\20181019 - Carolina Martins - Sitting On A Black Dick\,{DT16~Excl~ME0POA6H~20181019 - Carolina Martins - Sitting On A Black Dick}
_mg_1385.jpg,759525,f2bc74a3,\Exclusive\20181019 - Carolina Martins - Sitting On A Black Dick\,{DT16~Excl~ME0POA6H~20181019 - Carolina Martins - Sitting On A Black Dick}
_mg_1386.jpg,940371,d37fc837,\Exclusive\20181019 - Carolina Martins - Sitting On A Black Dick\,{DT16~Excl~ME0POA6H~20181019 - Carolina Martins - Sitting On A Black Dick}
_mg_1387.jpg,798267,f9a8875c,\Exclusive\20181019 - Carolina Martins - Sitting On A Black Dick\,{DT16~Excl~ME0POA6H~20181019 - Carolina Martins - Sitting On A Black Dick}
_mg_1388.jpg,909320,6214e1c7,\Exclusive\20181019 - Carolina Martins - Sitting On A Black Dick\,{DT16~Excl~ME0POA6H~20181019 - Carolina Martins - Sitting On A Black Dick}
_mg_1389.jpg,891692,96882954,\Exclusive\20181019 - Carolina Martins - Sitting On A Black Dick\,{DT16~Excl~ME0POA6H~20181019 - Carolina Martins - Sitting On A Black Dick}
_mg_1390.jpg,1020385,32ad4c43,\Exclusive\20181019 - Carolina Martins - Sitting On A Black Dick\,{DT16~Excl~ME0POA6H~20181019 - Carolina Martins - Sitting On A Black Dick}
_mg_1391.jpg,919341,6c5bbfae,\Exclusive\20181019 - Carolina Martins - Sitting On A Black Dick\,{DT16~Excl~ME0POA6H~20181019 - Carolina Martins - Sitting On A Black Dick}
_mg_1392.jpg,1048984,fa2763fe,\Exclusive\20181019 - Carolina Martins - Sitting On A Black Dick\,{DT16~Excl~ME0POA6H~20181019 - Carolina Martins - Sitting On A Black Dick}
_mg_1393.jpg,1171826,f1572342,\Exclusive\20181019 - Carolina Martins - Sitting On A Black Dick\,{DT16~Excl~ME0POA6H~20181019 - Carolina Martins - Sitting On A Black Dick}
_mg_1394.jpg,1123894,bc268e08,\Exclusive\20181019 - Carolina Martins - Sitting On A Black Dick\,{DT16~Excl~ME0POA6H~20181019 - Carolina Martins - Sitting On A Black Dick}
_mg_1395.jpg,628467,53e608c5,\Exclusive\20181019 - Carolina Martins - Sitting On A Black Dick\,{DT16~Excl~ME0POA6H~20181019 - Carolina Martins - Sitting On A Black Dick}
_mg_1396.jpg,630656,6ffe39dd,\Exclusive\20181019 - Carolina Martins - Sitting On A Black Dick\,{DT16~Excl~ME0POA6H~20181019 - Carolina Martins - Sitting On A Black Dick}
_mg_1397.jpg,872919,8339714b,\Exclusive\20181019 - Carolina Martins - Sitting On A Black Dick\,{DT16~Excl~ME0POA6H~20181019 - Carolina Martins - Sitting On A Black Dick}
_mg_1398.jpg,861580,87d56e00,\Exclusive\20181019 - Carolina Martins - Sitting On A Black Dick\,{DT16~Excl~ME0POA6H~20181019 - Carolina Martins - Sitting On A Black Dick}
_mg_1399.jpg,1206503,2609f548,\Exclusive\20181019 - Carolina Martins - Sitting On A Black Dick\,{DT16~Excl~ME0POA6H~20181019 - Carolina Martins - Sitting On A Black Dick}
_mg_1400.jpg,1025528,918c2091,\Exclusive\20181019 - Carolina Martins - Sitting On A Black Dick\,{DT16~Excl~ME0POA6H~20181019 - Carolina Martins - Sitting On A Black Dick}
_mg_1401.jpg,994827,1f1b4749,\Exclusive\20181019 - Carolina Martins - Sitting On A Black Dick\,{DT16~Excl~ME0POA6H~20181019 - Carolina Martins - Sitting On A Black Dick}
_mg_1402.jpg,986273,3db4a98d,\Exclusive\20181019 - Carolina Martins - Sitting On A Black Dick\,{DT16~Excl~ME0POA6H~20181019 - Carolina Martins - Sitting On A Black Dick}
_mg_1403.jpg,419687,358a4fae,\Exclusive\20181019 - Carolina Martins - Sitting On A Black Dick\,{DT16~Excl~ME0POA6H~20181019 - Carolina Martins - Sitting On A Black Dick}
_mg_1404.jpg,1169781,a8c86a4f,\Exclusive\20181019 - Carolina Martins - Sitting On A Black Dick\,{DT16~Excl~ME0POA6H~20181019 - Carolina Martins - Sitting On A Black Dick}
_mg_1405.jpg,924604,39327456,\Exclusive\20181019 - Carolina Martins - Sitting On A Black Dick\,{DT16~Excl~ME0POA6H~20181019 - Carolina Martins - Sitting On A Black Dick}
_mg_1406.jpg,939941,d0ebd7a3,\Exclusive\20181019 - Carolina Martins - Sitting On A Black Dick\,{DT16~Excl~ME0POA6H~20181019 - Carolina Martins - Sitting On A Black Dick}
_mg_1407.jpg,800834,db8a4b79,\Exclusive\20181019 - Carolina Martins - Sitting On A Black Dick\,{DT16~Excl~ME0POA6H~20181019 - Carolina Martins - Sitting On A Black Dick}
_mg_1409.jpg,771041,21c5f4d2,\Exclusive\20181019 - Carolina Martins - Sitting On A Black Dick\,{DT16~Excl~ME0POA6H~20181019 - Carolina Martins - Sitting On A Black Dick}
_mg_1410.jpg,783552,d4442c58,\Exclusive\20181019 - Carolina Martins - Sitting On A Black Dick\,{DT16~Excl~ME0POA6H~20181019 - Carolina Martins - Sitting On A Black Dick}
_mg_1411.jpg,794329,baa602f3,\Exclusive\20181019 - Carolina Martins - Sitting On A Black Dick\,{DT16~Excl~ME0POA6H~20181019 - Carolina Martins - Sitting On A Black Dick}
_mg_1412.jpg,771046,ee054aaf,\Exclusive\20181019 - Carolina Martins - Sitting On A Black Dick\,{DT16~Excl~ME0POA6H~20181019 - Carolina Martins - Sitting On A Black Dick}
_mg_1413.jpg,760500,ec82ba58,\Exclusive\20181019 - Carolina Martins - Sitting On A Black Dick\,{DT16~Excl~ME0POA6H~20181019 - Carolina Martins - Sitting On A Black Dick}
_mg_1414.jpg,841100,11819f7d,\Exclusive\20181019 - Carolina Martins - Sitting On A Black Dick\,{DT16~Excl~ME0POA6H~20181019 - Carolina Martins - Sitting On A Black Dick}
_mg_1415.jpg,783913,d1861b9d,\Exclusive\20181019 - Carolina Martins - Sitting On A Black Dick\,{DT16~Excl~ME0POA6H~20181019 - Carolina Martins - Sitting On A Black Dick}
_mg_1416.jpg,888580,19951de8,\Exclusive\20181019 - Carolina Martins - Sitting On A Black Dick\,{DT16~Excl~ME0POA6H~20181019 - Carolina Martins - Sitting On A Black Dick}
_mg_1417.jpg,830010,b5f3353b,\Exclusive\20181019 - Carolina Martins - Sitting On A Black Dick\,{DT16~Excl~ME0POA6H~20181019 - Carolina Martins - Sitting On A Black Dick}
_mg_1418.jpg,845899,4481de86,\Exclusive\20181019 - Carolina Martins - Sitting On A Black Dick\,{DT16~Excl~ME0POA6H~20181019 - Carolina Martins - Sitting On A Black Dick}
_mg_1419.jpg,767680,5d8ca7de,\Exclusive\20181019 - Carolina Martins - Sitting On A Black Dick\,{DT16~Excl~ME0POA6H~20181019 - Carolina Martins - Sitting On A Black Dick}
_mg_1420.jpg,864253,6f0d0f44,\Exclusive\20181019 - Carolina Martins - Sitting On A Black Dick\,{DT16~Excl~ME0POA6H~20181019 - Carolina Martins - Sitting On A Black Dick}
_mg_1421.jpg,876374,6213f4d9,\Exclusive\20181019 - Carolina Martins - Sitting On A Black Dick\,{DT16~Excl~ME0POA6H~20181019 - Carolina Martins - Sitting On A Black Dick}
_mg_1423.jpg,780909,4126f1aa,\Exclusive\20181019 - Carolina Martins - Sitting On A Black Dick\,{DT16~Excl~ME0POA6H~20181019 - Carolina Martins - Sitting On A Black Dick}
_mg_1424.jpg,795033,e37aed5c,\Exclusive\20181019 - Carolina Martins - Sitting On A Black Dick\,{DT16~Excl~ME0POA6H~20181019 - Carolina Martins - Sitting On A Black Dick}
_mg_1425.jpg,699884,5a31fea2,\Exclusive\20181019 - Carolina Martins - Sitting On A Black Dick\,{DT16~Excl~ME0POA6H~20181019 - Carolina Martins - Sitting On A Black Dick}
_mg_1426.jpg,874862,750851bc,\Exclusive\20181019 - Carolina Martins - Sitting On A Black Dick\,{DT16~Excl~ME0POA6H~20181019 - Carolina Martins - Sitting On A Black Dick}
_mg_1427.jpg,838676,aee506e1,\Exclusive\20181019 - Carolina Martins - Sitting On A Black Dick\,{DT16~Excl~ME0POA6H~20181019 - Carolina Martins - Sitting On A Black Dick}
_mg_1428.jpg,918670,395b8caf,\Exclusive\20181019 - Carolina Martins - Sitting On A Black Dick\,{DT16~Excl~ME0POA6H~20181019 - Carolina Martins - Sitting On A Black Dick}
_mg_1429.jpg,916658,49b28924,\Exclusive\20181019 - Carolina Martins - Sitting On A Black Dick\,{DT16~Excl~ME0POA6H~20181019 - Carolina Martins - Sitting On A Black Dick}
_mg_1430.jpg,852768,15c44515,\Exclusive\20181019 - Carolina Martins - Sitting On A Black Dick\,{DT16~Excl~ME0POA6H~20181019 - Carolina Martins - Sitting On A Black Dick}
_mg_1431.jpg,1016861,0505f32c,\Exclusive\20181019 - Carolina Martins - Sitting On A Black Dick\,{DT16~Excl~ME0POA6H~20181019 - Carolina Martins - Sitting On A Black Dick}
_mg_1432.jpg,1022827,0e7c7c22,\Exclusive\20181019 - Carolina Martins - Sitting On A Black Dick\,{DT16~Excl~ME0POA6H~20181019 - Carolina Martins - Sitting On A Black Dick}
_mg_1606.jpg,973746,d884cea0,\Exclusive\20181019 - Carolina Martins - Sitting On A Black Dick\,{DT16~Excl~ME0POA6H~20181019 - Carolina Martins - Sitting On A Black Dick}
_mg_1608.jpg,952015,e58ba30f,\Exclusive\20181019 - Carolina Martins - Sitting On A Black Dick\,{DT16~Excl~ME0POA6H~20181019 - Carolina Martins - Sitting On A Black Dick}
_mg_1609.jpg,867904,21144692,\Exclusive\20181019 - Carolina Martins - Sitting On A Black Dick\,{DT16~Excl~ME0POA6H~20181019 - Carolina Martins - Sitting On A Black Dick}
_mg_1610.jpg,927900,e9617073,\Exclusive\20181019 - Carolina Martins - Sitting On A Black Dick\,{DT16~Excl~ME0POA6H~20181019 - Carolina Martins - Sitting On A Black Dick}
_mg_1611.jpg,799111,b054f1d9,\Exclusive\20181019 - Carolina Martins - Sitting On A Black Dick\,{DT16~Excl~ME0POA6H~20181019 - Carolina Martins - Sitting On A Black Dick}
_mg_1612.jpg,583900,1673c0ac,\Exclusive\20181019 - Carolina Martins - Sitting On A Black Dick\,{DT16~Excl~ME0POA6H~20181019 - Carolina Martins - Sitting On A Black Dick}
_mg_1613.jpg,810445,b5b67041,\Exclusive\20181019 - Carolina Martins - Sitting On A Black Dick\,{DT16~Excl~ME0POA6H~20181019 - Carolina Martins - Sitting On A Black Dick}
_mg_1614.jpg,756791,fb82043c,\Exclusive\20181019 - Carolina Martins - Sitting On A Black Dick\,{DT16~Excl~ME0POA6H~20181019 - Carolina Martins - Sitting On A Black Dick}
_mg_1615.jpg,791248,0e8d7503,\Exclusive\20181019 - Carolina Martins - Sitting On A Black Dick\,{DT16~Excl~ME0POA6H~20181019 - Carolina Martins - Sitting On A Black Dick}
_mg_1616.jpg,861580,cabf1688,\Exclusive\20181019 - Carolina Martins - Sitting On A Black Dick\,{DT16~Excl~ME0POA6H~20181019 - Carolina Martins - Sitting On A Black Dick}
_mg_1617.jpg,1099283,1eb17434,\Exclusive\20181019 - Carolina Martins - Sitting On A Black Dick\,{DT16~Excl~ME0POA6H~20181019 - Carolina Martins - Sitting On A Black Dick}
_mg_1618.jpg,1063419,ee1ad429,\Exclusive\20181019 - Carolina Martins - Sitting On A Black Dick\,{DT16~Excl~ME0POA6H~20181019 - Carolina Martins - Sitting On A Black Dick}
_mg_1619.jpg,920339,3e5963ef,\Exclusive\20181019 - Carolina Martins - Sitting On A Black Dick\,{DT16~Excl~ME0POA6H~20181019 - Carolina Martins - Sitting On A Black Dick}
_mg_1620.jpg,945278,a796003a,\Exclusive\20181019 - Carolina Martins - Sitting On A Black Dick\,{DT16~Excl~ME0POA6H~20181019 - Carolina Martins - Sitting On A Black Dick}
_mg_1621.jpg,813273,1ef9a5ed,\Exclusive\20181019 - Carolina Martins - Sitting On A Black Dick\,{DT16~Excl~ME0POA6H~20181019 - Carolina Martins - Sitting On A Black Dick}
_mg_1622.jpg,957789,c200ee60,\Exclusive\20181019 - Carolina Martins - Sitting On A Black Dick\,{DT16~Excl~ME0POA6H~20181019 - Carolina Martins - Sitting On A Black Dick}
_mg_1623.jpg,930750,6c4137cf,\Exclusive\20181019 - Carolina Martins - Sitting On A Black Dick\,{DT16~Excl~ME0POA6H~20181019 - Carolina Martins - Sitting On A Black Dick}
_mg_1624.jpg,985923,f861ae9d,\Exclusive\20181019 - Carolina Martins - Sitting On A Black Dick\,{DT16~Excl~ME0POA6H~20181019 - Carolina Martins - Sitting On A Black Dick}
_mg_1625.jpg,1471577,024a7eae,\Exclusive\20181019 - Carolina Martins - Sitting On A Black Dick\,{DT16~Excl~ME0POA6H~20181019 - Carolina Martins - Sitting On A Black Dick}
_mg_1627.jpg,1089806,59a65413,\Exclusive\20181019 - Carolina Martins - Sitting On A Black Dick\,{DT16~Excl~ME0POA6H~20181019 - Carolina Martins - Sitting On A Black Dick}
_mg_1628.jpg,1081537,8b089e22,\Exclusive\20181019 - Carolina Martins - Sitting On A Black Dick\,{DT16~Excl~ME0POA6H~20181019 - Carolina Martins - Sitting On A Black Dick}
_mg_1630.jpg,1065419,377b1f7f,\Exclusive\20181019 - Carolina Martins - Sitting On A Black Dick\,{DT16~Excl~ME0POA6H~20181019 - Carolina Martins - Sitting On A Black Dick}
_mg_1631.jpg,1323324,34eb9c79,\Exclusive\20181019 - Carolina Martins - Sitting On A Black Dick\,{DT16~Excl~ME0POA6H~20181019 - Carolina Martins - Sitting On A Black Dick}
_mg_1632.jpg,1470460,c2e6af28,\Exclusive\20181019 - Carolina Martins - Sitting On A Black Dick\,{DT16~Excl~ME0POA6H~20181019 - Carolina Martins - Sitting On A Black Dick}
_mg_1633.jpg,961219,b241d200,\Exclusive\20181019 - Carolina Martins - Sitting On A Black Dick\,{DT16~Excl~ME0POA6H~20181019 - Carolina Martins - Sitting On A Black Dick}
_mg_1634.jpg,1348342,4229233a,\Exclusive\20181019 - Carolina Martins - Sitting On A Black Dick\,{DT16~Excl~ME0POA6H~20181019 - Carolina Martins - Sitting On A Black Dick}
_mg_1635.jpg,1201625,aa8a8ee8,\Exclusive\20181019 - Carolina Martins - Sitting On A Black Dick\,{DT16~Excl~ME0POA6H~20181019 - Carolina Martins - Sitting On A Black Dick}
_mg_1637.jpg,1036571,bbd9fd49,\Exclusive\20181019 - Carolina Martins - Sitting On A Black Dick\,{DT16~Excl~ME0POA6H~20181019 - Carolina Martins - Sitting On A Black Dick}
_mg_1639.jpg,941186,260a343e,\Exclusive\20181019 - Carolina Martins - Sitting On A Black Dick\,{DT16~Excl~ME0POA6H~20181019 - Carolina Martins - Sitting On A Black Dick}
_mg_1640.jpg,958450,a48ac79d,\Exclusive\20181019 - Carolina Martins - Sitting On A Black Dick\,{DT16~Excl~ME0POA6H~20181019 - Carolina Martins - Sitting On A Black Dick}
_mg_1641.jpg,961281,09a90e86,\Exclusive\20181019 - Carolina Martins - Sitting On A Black Dick\,{DT16~Excl~ME0POA6H~20181019 - Carolina Martins - Sitting On A Black Dick}
_mg_1653.jpg,513357,bddb42e5,\Exclusive\20181019 - Carolina Martins - Sitting On A Black Dick\,{DT16~Excl~ME0POA6H~20181019 - Carolina Martins - Sitting On A Black Dick}
_mg_1654.jpg,471784,6078929a,\Exclusive\20181019 - Carolina Martins - Sitting On A Black Dick\,{DT16~Excl~ME0POA6H~20181019 - Carolina Martins - Sitting On A Black Dick}
_mg_1655.jpg,485183,726cf53b,\Exclusive\20181019 - Carolina Martins - Sitting On A Black Dick\,{DT16~Excl~ME0POA6H~20181019 - Carolina Martins - Sitting On A Black Dick}
_mg_1656.jpg,663117,9013229e,\Exclusive\20181019 - Carolina Martins - Sitting On A Black Dick\,{DT16~Excl~ME0POA6H~20181019 - Carolina Martins - Sitting On A Black Dick}
_mg_1657.jpg,662458,c71bd866,\Exclusive\20181019 - Carolina Martins - Sitting On A Black Dick\,{DT16~Excl~ME0POA6H~20181019 - Carolina Martins - Sitting On A Black Dick}
_mg_1658.jpg,493727,4e0b0098,\Exclusive\20181019 - Carolina Martins - Sitting On A Black Dick\,{DT16~Excl~ME0POA6H~20181019 - Carolina Martins - Sitting On A Black Dick}
_mg_1659.jpg,478129,35d13ded,\Exclusive\20181019 - Carolina Martins - Sitting On A Black Dick\,{DT16~Excl~ME0POA6H~20181019 - Carolina Martins - Sitting On A Black Dick}
_mg_1660.jpg,421877,684a37f4,\Exclusive\20181019 - Carolina Martins - Sitting On A Black Dick\,{DT16~Excl~ME0POA6H~20181019 - Carolina Martins - Sitting On A Black Dick}
_mg_1661.jpg,512296,401d564d,\Exclusive\20181019 - Carolina Martins - Sitting On A Black Dick\,{DT16~Excl~ME0POA6H~20181019 - Carolina Martins - Sitting On A Black Dick}
_mg_1662.jpg,547817,32ec36b4,\Exclusive\20181019 - Carolina Martins - Sitting On A Black Dick\,{DT16~Excl~ME0POA6H~20181019 - Carolina Martins - Sitting On A Black Dick}
_mg_1663.jpg,525338,98be3317,\Exclusive\20181019 - Carolina Martins - Sitting On A Black Dick\,{DT16~Excl~ME0POA6H~20181019 - Carolina Martins - Sitting On A Black Dick}
_mg_1664.jpg,581791,ae6bbd8c,\Exclusive\20181019 - Carolina Martins - Sitting On A Black Dick\,{DT16~Excl~ME0POA6H~20181019 - Carolina Martins - Sitting On A Black Dick}
_mg_1665.jpg,488949,773ef4ca,\Exclusive\20181019 - Carolina Martins - Sitting On A Black Dick\,{DT16~Excl~ME0POA6H~20181019 - Carolina Martins - Sitting On A Black Dick}
_mg_1666.jpg,488960,23584dcf,\Exclusive\20181019 - Carolina Martins - Sitting On A Black Dick\,{DT16~Excl~ME0POA6H~20181019 - Carolina Martins - Sitting On A Black Dick}
_mg_1667.jpg,475457,6fcb4d68,\Exclusive\20181019 - Carolina Martins - Sitting On A Black Dick\,{DT16~Excl~ME0POA6H~20181019 - Carolina Martins - Sitting On A Black Dick}
_mg_1668.jpg,456063,512c2d3b,\Exclusive\20181019 - Carolina Martins - Sitting On A Black Dick\,{DT16~Excl~ME0POA6H~20181019 - Carolina Martins - Sitting On A Black Dick}
_mg_1669.jpg,705686,bdbfc180,\Exclusive\20181019 - Carolina Martins - Sitting On A Black Dick\,{DT16~Excl~ME0POA6H~20181019 - Carolina Martins - Sitting On A Black Dick}
_mg_1670.jpg,473373,62aada15,\Exclusive\20181019 - Carolina Martins - Sitting On A Black Dick\,{DT16~Excl~ME0POA6H~20181019 - Carolina Martins - Sitting On A Black Dick}
_mg_1671.jpg,525169,94e6d388,\Exclusive\20181019 - Carolina Martins - Sitting On A Black Dick\,{DT16~Excl~ME0POA6H~20181019 - Carolina Martins - Sitting On A Black Dick}
_mg_1672.jpg,473112,22ab5bc6,\Exclusive\20181019 - Carolina Martins - Sitting On A Black Dick\,{DT16~Excl~ME0POA6H~20181019 - Carolina Martins - Sitting On A Black Dick}
_mg_1673.jpg,476007,c2c05d10,\Exclusive\20181019 - Carolina Martins - Sitting On A Black Dick\,{DT16~Excl~ME0POA6H~20181019 - Carolina Martins - Sitting On A Black Dick}
_mg_1674.jpg,449752,392e5e0e,\Exclusive\20181019 - Carolina Martins - Sitting On A Black Dick\,{DT16~Excl~ME0POA6H~20181019 - Carolina Martins - Sitting On A Black Dick}
_mg_1675.jpg,416744,f075825d,\Exclusive\20181019 - Carolina Martins - Sitting On A Black Dick\,{DT16~Excl~ME0POA6H~20181019 - Carolina Martins - Sitting On A Black Dick}
_mg_1676.jpg,579177,6b18e17e,\Exclusive\20181019 - Carolina Martins - Sitting On A Black Dick\,{DT16~Excl~ME0POA6H~20181019 - Carolina Martins - Sitting On A Black Dick}
_mg_1677.jpg,488907,50146015,\Exclusive\20181019 - Carolina Martins - Sitting On A Black Dick\,{DT16~Excl~ME0POA6H~20181019 - Carolina Martins - Sitting On A Black Dick}
_mg_1679.jpg,461530,a639be0f,\Exclusive\20181019 - Carolina Martins - Sitting On A Black Dick\,{DT16~Excl~ME0POA6H~20181019 - Carolina Martins - Sitting On A Black Dick}
_mg_1680.jpg,465885,978c6a92,\Exclusive\20181019 - Carolina Martins - Sitting On A Black Dick\,{DT16~Excl~ME0POA6H~20181019 - Carolina Martins - Sitting On A Black Dick}
_mg_1681.jpg,450861,89b5cf52,\Exclusive\20181019 - Carolina Martins - Sitting On A Black Dick\,{DT16~Excl~ME0POA6H~20181019 - Carolina Martins - Sitting On A Black Dick}
_mg_1682.jpg,478516,6f1b495c,\Exclusive\20181019 - Carolina Martins - Sitting On A Black Dick\,{DT16~Excl~ME0POA6H~20181019 - Carolina Martins - Sitting On A Black Dick}
_mg_1684.jpg,481759,1d96f25c,\Exclusive\20181019 - Carolina Martins - Sitting On A Black Dick\,{DT16~Excl~ME0POA6H~20181019 - Carolina Martins - Sitting On A Black Dick}
_mg_1685.jpg,530287,ede7e582,\Exclusive\20181019 - Carolina Martins - Sitting On A Black Dick\,{DT16~Excl~ME0POA6H~20181019 - Carolina Martins - Sitting On A Black Dick}
_mg_1686.jpg,505094,a52c4df3,\Exclusive\20181019 - Carolina Martins - Sitting On A Black Dick\,{DT16~Excl~ME0POA6H~20181019 - Carolina Martins - Sitting On A Black Dick}
_mg_1687.jpg,495843,89e9adb8,\Exclusive\20181019 - Carolina Martins - Sitting On A Black Dick\,{DT16~Excl~ME0POA6H~20181019 - Carolina Martins - Sitting On A Black Dick}
_mg_1688.jpg,496383,31dd7461,\Exclusive\20181019 - Carolina Martins - Sitting On A Black Dick\,{DT16~Excl~ME0POA6H~20181019 - Carolina Martins - Sitting On A Black Dick}
_mg_1689.jpg,456065,d49aea61,\Exclusive\20181019 - Carolina Martins - Sitting On A Black Dick\,{DT16~Excl~ME0POA6H~20181019 - Carolina Martins - Sitting On A Black Dick}
_mg_1690.jpg,461734,b96d8ee3,\Exclusive\20181019 - Carolina Martins - Sitting On A Black Dick\,{DT16~Excl~ME0POA6H~20181019 - Carolina Martins - Sitting On A Black Dick}
_mg_1691.jpg,483792,4d19c2f2,\Exclusive\20181019 - Carolina Martins - Sitting On A Black Dick\,{DT16~Excl~ME0POA6H~20181019 - Carolina Martins - Sitting On A Black Dick}
_mg_1692.jpg,481078,bf455fa0,\Exclusive\20181019 - Carolina Martins - Sitting On A Black Dick\,{DT16~Excl~ME0POA6H~20181019 - Carolina Martins - Sitting On A Black Dick}
_mg_1693.jpg,505257,59d5f71e,\Exclusive\20181019 - Carolina Martins - Sitting On A Black Dick\,{DT16~Excl~ME0POA6H~20181019 - Carolina Martins - Sitting On A Black Dick}
_mg_1694.jpg,622459,e121aa3f,\Exclusive\20181019 - Carolina Martins - Sitting On A Black Dick\,{DT16~Excl~ME0POA6H~20181019 - Carolina Martins - Sitting On A Black Dick}
_mg_1695.jpg,616905,0fce8166,\Exclusive\20181019 - Carolina Martins - Sitting On A Black Dick\,{DT16~Excl~ME0POA6H~20181019 - Carolina Martins - Sitting On A Black Dick}
_mg_1696.jpg,586017,83d187b1,\Exclusive\20181019 - Carolina Martins - Sitting On A Black Dick\,{DT16~Excl~ME0POA6H~20181019 - Carolina Martins - Sitting On A Black Dick}
_mg_1697.jpg,558553,a4548e38,\Exclusive\20181019 - Carolina Martins - Sitting On A Black Dick\,{DT16~Excl~ME0POA6H~20181019 - Carolina Martins - Sitting On A Black Dick}
_mg_1698.jpg,497173,3b51e0cc,\Exclusive\20181019 - Carolina Martins - Sitting On A Black Dick\,{DT16~Excl~ME0POA6H~20181019 - Carolina Martins - Sitting On A Black Dick}
_mg_1699.jpg,388739,7cfa7be4,\Exclusive\20181019 - Carolina Martins - Sitting On A Black Dick\,{DT16~Excl~ME0POA6H~20181019 - Carolina Martins - Sitting On A Black Dick}
_mg_1700.jpg,453246,d30d0009,\Exclusive\20181019 - Carolina Martins - Sitting On A Black Dick\,{DT16~Excl~ME0POA6H~20181019 - Carolina Martins - Sitting On A Black Dick}
_mg_1701.jpg,479137,c57b6481,\Exclusive\20181019 - Carolina Martins - Sitting On A Black Dick\,{DT16~Excl~ME0POA6H~20181019 - Carolina Martins - Sitting On A Black Dick}
_mg_1702.jpg,460936,db27e091,\Exclusive\20181019 - Carolina Martins - Sitting On A Black Dick\,{DT16~Excl~ME0POA6H~20181019 - Carolina Martins - Sitting On A Black Dick}
_mg_1703.jpg,496268,684bfb86,\Exclusive\20181019 - Carolina Martins - Sitting On A Black Dick\,{DT16~Excl~ME0POA6H~20181019 - Carolina Martins - Sitting On A Black Dick}
_mg_1704.jpg,466692,be3b1b08,\Exclusive\20181019 - Carolina Martins - Sitting On A Black Dick\,{DT16~Excl~ME0POA6H~20181019 - Carolina Martins - Sitting On A Black Dick}
_mg_1707.jpg,471366,47f9bd13,\Exclusive\20181019 - Carolina Martins - Sitting On A Black Dick\,{DT16~Excl~ME0POA6H~20181019 - Carolina Martins - Sitting On A Black Dick}
_mg_1708.jpg,460035,eeb6fa61,\Exclusive\20181019 - Carolina Martins - Sitting On A Black Dick\,{DT16~Excl~ME0POA6H~20181019 - Carolina Martins - Sitting On A Black Dick}
_mg_1709.jpg,480604,5f15d2e2,\Exclusive\20181019 - Carolina Martins - Sitting On A Black Dick\,{DT16~Excl~ME0POA6H~20181019 - Carolina Martins - Sitting On A Black Dick}
_mg_1710.jpg,435760,ee8c38e4,\Exclusive\20181019 - Carolina Martins - Sitting On A Black Dick\,{DT16~Excl~ME0POA6H~20181019 - Carolina Martins - Sitting On A Black Dick}
_mg_1711.jpg,531028,86abe200,\Exclusive\20181019 - Carolina Martins - Sitting On A Black Dick\,{DT16~Excl~ME0POA6H~20181019 - Carolina Martins - Sitting On A Black Dick}
_mg_1712.jpg,473765,c4910dc1,\Exclusive\20181019 - Carolina Martins - Sitting On A Black Dick\,{DT16~Excl~ME0POA6H~20181019 - Carolina Martins - Sitting On A Black Dick}
_mg_1713.jpg,498605,355f7337,\Exclusive\20181019 - Carolina Martins - Sitting On A Black Dick\,{DT16~Excl~ME0POA6H~20181019 - Carolina Martins - Sitting On A Black Dick}
_mg_1714.jpg,416663,baafd717,\Exclusive\20181019 - Carolina Martins - Sitting On A Black Dick\,{DT16~Excl~ME0POA6H~20181019 - Carolina Martins - Sitting On A Black Dick}
_mg_1715.jpg,371537,71237f23,\Exclusive\20181019 - Carolina Martins - Sitting On A Black Dick\,{DT16~Excl~ME0POA6H~20181019 - Carolina Martins - Sitting On A Black Dick}
_mg_1716.jpg,315271,f14a9d60,\Exclusive\20181019 - Carolina Martins - Sitting On A Black Dick\,{DT16~Excl~ME0POA6H~20181019 - Carolina Martins - Sitting On A Black Dick}
_mg_1717.jpg,393186,13c65d42,\Exclusive\20181019 - Carolina Martins - Sitting On A Black Dick\,{DT16~Excl~ME0POA6H~20181019 - Carolina Martins - Sitting On A Black Dick}
_mg_1718.jpg,433950,e9e7356f,\Exclusive\20181019 - Carolina Martins - Sitting On A Black Dick\,{DT16~Excl~ME0POA6H~20181019 - Carolina Martins - Sitting On A Black Dick}
_mg_1719.jpg,498076,a8ed8e12,\Exclusive\20181019 - Carolina Martins - Sitting On A Black Dick\,{DT16~Excl~ME0POA6H~20181019 - Carolina Martins - Sitting On A Black Dick}
_mg_1720.jpg,527424,ecacd440,\Exclusive\20181019 - Carolina Martins - Sitting On A Black Dick\,{DT16~Excl~ME0POA6H~20181019 - Carolina Martins - Sitting On A Black Dick}
_mg_1722.jpg,530242,4d74635b,\Exclusive\20181019 - Carolina Martins - Sitting On A Black Dick\,{DT16~Excl~ME0POA6H~20181019 - Carolina Martins - Sitting On A Black Dick}
_mg_1723.jpg,528700,ecd94afa,\Exclusive\20181019 - Carolina Martins - Sitting On A Black Dick\,{DT16~Excl~ME0POA6H~20181019 - Carolina Martins - Sitting On A Black Dick}
_mg_1724.jpg,472135,931dbd2c,\Exclusive\20181019 - Carolina Martins - Sitting On A Black Dick\,{DT16~Excl~ME0POA6H~20181019 - Carolina Martins - Sitting On A Black Dick}
_mg_1725.jpg,454791,a8f1bb86,\Exclusive\20181019 - Carolina Martins - Sitting On A Black Dick\,{DT16~Excl~ME0POA6H~20181019 - Carolina Martins - Sitting On A Black Dick}
_mg_1726.jpg,494248,948b21ae,\Exclusive\20181019 - Carolina Martins - Sitting On A Black Dick\,{DT16~Excl~ME0POA6H~20181019 - Carolina Martins - Sitting On A Black Dick}
_mg_1727.jpg,509165,c96014a1,\Exclusive\20181019 - Carolina Martins - Sitting On A Black Dick\,{DT16~Excl~ME0POA6H~20181019 - Carolina Martins - Sitting On A Black Dick}
_mg_1728.jpg,515798,712d5d61,\Exclusive\20181019 - Carolina Martins - Sitting On A Black Dick\,{DT16~Excl~ME0POA6H~20181019 - Carolina Martins - Sitting On A Black Dick}
_mg_1729.jpg,500348,20f8f71a,\Exclusive\20181019 - Carolina Martins - Sitting On A Black Dick\,{DT16~Excl~ME0POA6H~20181019 - Carolina Martins - Sitting On A Black Dick}
_mg_1730.jpg,472273,0fd511a3,\Exclusive\20181019 - Carolina Martins - Sitting On A Black Dick\,{DT16~Excl~ME0POA6H~20181019 - Carolina Martins - Sitting On A Black Dick}
_mg_1732.jpg,448206,750fdace,\Exclusive\20181019 - Carolina Martins - Sitting On A Black Dick\,{DT16~Excl~ME0POA6H~20181019 - Carolina Martins - Sitting On A Black Dick}
_mg_1733.jpg,512159,f4d0ba1f,\Exclusive\20181019 - Carolina Martins - Sitting On A Black Dick\,{DT16~Excl~ME0POA6H~20181019 - Carolina Martins - Sitting On A Black Dick}
_mg_1734.jpg,509430,30fd0b9a,\Exclusive\20181019 - Carolina Martins - Sitting On A Black Dick\,{DT16~Excl~ME0POA6H~20181019 - Carolina Martins - Sitting On A Black Dick}
_mg_1735.jpg,492968,92689327,\Exclusive\20181019 - Carolina Martins - Sitting On A Black Dick\,{DT16~Excl~ME0POA6H~20181019 - Carolina Martins - Sitting On A Black Dick}
_mg_1736.jpg,433655,5f03597b,\Exclusive\20181019 - Carolina Martins - Sitting On A Black Dick\,{DT16~Excl~ME0POA6H~20181019 - Carolina Martins - Sitting On A Black Dick}
_mg_1737.jpg,482010,af13ca47,\Exclusive\20181019 - Carolina Martins - Sitting On A Black Dick\,{DT16~Excl~ME0POA6H~20181019 - Carolina Martins - Sitting On A Black Dick}
_mg_1738.jpg,464649,15d85ab0,\Exclusive\20181019 - Carolina Martins - Sitting On A Black Dick\,{DT16~Excl~ME0POA6H~20181019 - Carolina Martins - Sitting On A Black Dick}
_mg_1740.jpg,479943,90a3624c,\Exclusive\20181019 - Carolina Martins - Sitting On A Black Dick\,{DT16~Excl~ME0POA6H~20181019 - Carolina Martins - Sitting On A Black Dick}
_mg_1741.jpg,549030,3c6fdbb2,\Exclusive\20181019 - Carolina Martins - Sitting On A Black Dick\,{DT16~Excl~ME0POA6H~20181019 - Carolina Martins - Sitting On A Black Dick}
_mg_1742.jpg,538492,4072332d,\Exclusive\20181019 - Carolina Martins - Sitting On A Black Dick\,{DT16~Excl~ME0POA6H~20181019 - Carolina Martins - Sitting On A Black Dick}
_mg_1743.jpg,544638,ffd22bfd,\Exclusive\20181019 - Carolina Martins - Sitting On A Black Dick\,{DT16~Excl~ME0POA6H~20181019 - Carolina Martins - Sitting On A Black Dick}
_mg_1744.jpg,504682,cac55505,\Exclusive\20181019 - Carolina Martins - Sitting On A Black Dick\,{DT16~Excl~ME0POA6H~20181019 - Carolina Martins - Sitting On A Black Dick}
_mg_1745.jpg,467643,324d87ea,\Exclusive\20181019 - Carolina Martins - Sitting On A Black Dick\,{DT16~Excl~ME0POA6H~20181019 - Carolina Martins - Sitting On A Black Dick}
_mg_1746.jpg,497328,38ad5f88,\Exclusive\20181019 - Carolina Martins - Sitting On A Black Dick\,{DT16~Excl~ME0POA6H~20181019 - Carolina Martins - Sitting On A Black Dick}
_mg_1747.jpg,494691,34637dc3,\Exclusive\20181019 - Carolina Martins - Sitting On A Black Dick\,{DT16~Excl~ME0POA6H~20181019 - Carolina Martins - Sitting On A Black Dick}
_mg_1748.jpg,457943,0b58edc4,\Exclusive\20181019 - Carolina Martins - Sitting On A Black Dick\,{DT16~Excl~ME0POA6H~20181019 - Carolina Martins - Sitting On A Black Dick}
_mg_1751.jpg,565628,92b61fae,\Exclusive\20181019 - Carolina Martins - Sitting On A Black Dick\,{DT16~Excl~ME0POA6H~20181019 - Carolina Martins - Sitting On A Black Dick}
_mg_1752.jpg,585009,3b8863dd,\Exclusive\20181019 - Carolina Martins - Sitting On A Black Dick\,{DT16~Excl~ME0POA6H~20181019 - Carolina Martins - Sitting On A Black Dick}
_mg_1753.jpg,597658,966f430e,\Exclusive\20181019 - Carolina Martins - Sitting On A Black Dick\,{DT16~Excl~ME0POA6H~20181019 - Carolina Martins - Sitting On A Black Dick}
_mg_1754.jpg,595610,1c2931ca,\Exclusive\20181019 - Carolina Martins - Sitting On A Black Dick\,{DT16~Excl~ME0POA6H~20181019 - Carolina Martins - Sitting On A Black Dick}
_mg_1755.jpg,544090,597b1d07,\Exclusive\20181019 - Carolina Martins - Sitting On A Black Dick\,{DT16~Excl~ME0POA6H~20181019 - Carolina Martins - Sitting On A Black Dick}
_mg_1756.jpg,641402,f0fdab4e,\Exclusive\20181019 - Carolina Martins - Sitting On A Black Dick\,{DT16~Excl~ME0POA6H~20181019 - Carolina Martins - Sitting On A Black Dick}
_mg_1757.jpg,584248,27b3b313,\Exclusive\20181019 - Carolina Martins - Sitting On A Black Dick\,{DT16~Excl~ME0POA6H~20181019 - Carolina Martins - Sitting On A Black Dick}
_mg_1758.jpg,554603,2e325c58,\Exclusive\20181019 - Carolina Martins - Sitting On A Black Dick\,{DT16~Excl~ME0POA6H~20181019 - Carolina Martins - Sitting On A Black Dick}
_mg_1759.jpg,537940,cf5bb683,\Exclusive\20181019 - Carolina Martins - Sitting On A Black Dick\,{DT16~Excl~ME0POA6H~20181019 - Carolina Martins - Sitting On A Black Dick}
_mg_1760.jpg,558410,2aaa76ba,\Exclusive\20181019 - Carolina Martins - Sitting On A Black Dick\,{DT16~Excl~ME0POA6H~20181019 - Carolina Martins - Sitting On A Black Dick}
_mg_1761.jpg,470843,60939ad7,\Exclusive\20181019 - Carolina Martins - Sitting On A Black Dick\,{DT16~Excl~ME0POA6H~20181019 - Carolina Martins - Sitting On A Black Dick}
_mg_1762.jpg,450945,5a91847e,\Exclusive\20181019 - Carolina Martins - Sitting On A Black Dick\,{DT16~Excl~ME0POA6H~20181019 - Carolina Martins - Sitting On A Black Dick}
_mg_1763.jpg,666756,4d94e223,\Exclusive\20181019 - Carolina Martins - Sitting On A Black Dick\,{DT16~Excl~ME0POA6H~20181019 - Carolina Martins - Sitting On A Black Dick}
_mg_1764.jpg,412189,0a9860ca,\Exclusive\20181019 - Carolina Martins - Sitting On A Black Dick\,{DT16~Excl~ME0POA6H~20181019 - Carolina Martins - Sitting On A Black Dick}
_mg_1765.jpg,522963,b32c7732,\Exclusive\20181019 - Carolina Martins - Sitting On A Black Dick\,{DT16~Excl~ME0POA6H~20181019 - Carolina Martins - Sitting On A Black Dick}
_mg_1766.jpg,552293,99ca6b52,\Exclusive\20181019 - Carolina Martins - Sitting On A Black Dick\,{DT16~Excl~ME0POA6H~20181019 - Carolina Martins - Sitting On A Black Dick}
_mg_1767.jpg,566480,c5ee5ffd,\Exclusive\20181019 - Carolina Martins - Sitting On A Black Dick\,{DT16~Excl~ME0POA6H~20181019 - Carolina Martins - Sitting On A Black Dick}
_mg_1768.jpg,568129,dc8bb009,\Exclusive\20181019 - Carolina Martins - Sitting On A Black Dick\,{DT16~Excl~ME0POA6H~20181019 - Carolina Martins - Sitting On A Black Dick}
_mg_1769.jpg,393359,5040d049,\Exclusive\20181019 - Carolina Martins - Sitting On A Black Dick\,{DT16~Excl~ME0POA6H~20181019 - Carolina Martins - Sitting On A Black Dick}
_mg_1770.jpg,435195,e1de5604,\Exclusive\20181019 - Carolina Martins - Sitting On A Black Dick\,{DT16~Excl~ME0POA6H~20181019 - Carolina Martins - Sitting On A Black Dick}
_mg_1771.jpg,444588,3dfb5dc3,\Exclusive\20181019 - Carolina Martins - Sitting On A Black Dick\,{DT16~Excl~ME0POA6H~20181019 - Carolina Martins - Sitting On A Black Dick}
_mg_1772.jpg,596363,7d2d2659,\Exclusive\20181019 - Carolina Martins - Sitting On A Black Dick\,{DT16~Excl~ME0POA6H~20181019 - Carolina Martins - Sitting On A Black Dick}
_mg_1773.jpg,561972,f0859aaf,\Exclusive\20181019 - Carolina Martins - Sitting On A Black Dick\,{DT16~Excl~ME0POA6H~20181019 - Carolina Martins - Sitting On A Black Dick}
_mg_1774.jpg,437845,38993fe2,\Exclusive\20181019 - Carolina Martins - Sitting On A Black Dick\,{DT16~Excl~ME0POA6H~20181019 - Carolina Martins - Sitting On A Black Dick}
_mg_1775.jpg,511942,140238c9,\Exclusive\20181019 - Carolina Martins - Sitting On A Black Dick\,{DT16~Excl~ME0POA6H~20181019 - Carolina Martins - Sitting On A Black Dick}
_mg_1776.jpg,580646,bd816768,\Exclusive\20181019 - Carolina Martins - Sitting On A Black Dick\,{DT16~Excl~ME0POA6H~20181019 - Carolina Martins - Sitting On A Black Dick}
_mg_1777.jpg,587067,21b651e3,\Exclusive\20181019 - Carolina Martins - Sitting On A Black Dick\,{DT16~Excl~ME0POA6H~20181019 - Carolina Martins - Sitting On A Black Dick}
_mg_1778.jpg,580528,6b526761,\Exclusive\20181019 - Carolina Martins - Sitting On A Black Dick\,{DT16~Excl~ME0POA6H~20181019 - Carolina Martins - Sitting On A Black Dick}
_mg_1779.jpg,546575,f36f45f0,\Exclusive\20181019 - Carolina Martins - Sitting On A Black Dick\,{DT16~Excl~ME0POA6H~20181019 - Carolina Martins - Sitting On A Black Dick}
_mg_1780.jpg,539430,2ade1e8d,\Exclusive\20181019 - Carolina Martins - Sitting On A Black Dick\,{DT16~Excl~ME0POA6H~20181019 - Carolina Martins - Sitting On A Black Dick}
_mg_1782.jpg,531545,7754b4c5,\Exclusive\20181019 - Carolina Martins - Sitting On A Black Dick\,{DT16~Excl~ME0POA6H~20181019 - Carolina Martins - Sitting On A Black Dick}
_mg_1783.jpg,547756,7185b88c,\Exclusive\20181019 - Carolina Martins - Sitting On A Black Dick\,{DT16~Excl~ME0POA6H~20181019 - Carolina Martins - Sitting On A Black Dick}
_mg_1784.jpg,555214,15bb5ab9,\Exclusive\20181019 - Carolina Martins - Sitting On A Black Dick\,{DT16~Excl~ME0POA6H~20181019 - Carolina Martins - Sitting On A Black Dick}
_mg_1785.jpg,520954,6af673e1,\Exclusive\20181019 - Carolina Martins - Sitting On A Black Dick\,{DT16~Excl~ME0POA6H~20181019 - Carolina Martins - Sitting On A Black Dick}
_mg_1786.jpg,518163,c1fb5bd7,\Exclusive\20181019 - Carolina Martins - Sitting On A Black Dick\,{DT16~Excl~ME0POA6H~20181019 - Carolina Martins - Sitting On A Black Dick}
_mg_1787.jpg,542288,f23c6844,\Exclusive\20181019 - Carolina Martins - Sitting On A Black Dick\,{DT16~Excl~ME0POA6H~20181019 - Carolina Martins - Sitting On A Black Dick}
_mg_1789.jpg,645311,cbed7953,\Exclusive\20181019 - Carolina Martins - Sitting On A Black Dick\,{DT16~Excl~ME0POA6H~20181019 - Carolina Martins - Sitting On A Black Dick}
_mg_1790.jpg,710415,78b01be5,\Exclusive\20181019 - Carolina Martins - Sitting On A Black Dick\,{DT16~Excl~ME0POA6H~20181019 - Carolina Martins - Sitting On A Black Dick}
_mg_1791.jpg,574121,ea944321,\Exclusive\20181019 - Carolina Martins - Sitting On A Black Dick\,{DT16~Excl~ME0POA6H~20181019 - Carolina Martins - Sitting On A Black Dick}
_mg_1792.jpg,551019,4d4e66c8,\Exclusive\20181019 - Carolina Martins - Sitting On A Black Dick\,{DT16~Excl~ME0POA6H~20181019 - Carolina Martins - Sitting On A Black Dick}
_mg_1793.jpg,577014,d1dce709,\Exclusive\20181019 - Carolina Martins - Sitting On A Black Dick\,{DT16~Excl~ME0POA6H~20181019 - Carolina Martins - Sitting On A Black Dick}
_mg_1794.jpg,418291,a683920a,\Exclusive\20181019 - Carolina Martins - Sitting On A Black Dick\,{DT16~Excl~ME0POA6H~20181019 - Carolina Martins - Sitting On A Black Dick}
_mg_1795.jpg,470581,7f5a5161,\Exclusive\20181019 - Carolina Martins - Sitting On A Black Dick\,{DT16~Excl~ME0POA6H~20181019 - Carolina Martins - Sitting On A Black Dick}
_mg_1796.jpg,455410,eda5a796,\Exclusive\20181019 - Carolina Martins - Sitting On A Black Dick\,{DT16~Excl~ME0POA6H~20181019 - Carolina Martins - Sitting On A Black Dick}
_mg_1797.jpg,489713,b73018ac,\Exclusive\20181019 - Carolina Martins - Sitting On A Black Dick\,{DT16~Excl~ME0POA6H~20181019 - Carolina Martins - Sitting On A Black Dick}
_mg_1798.jpg,484187,195da46c,\Exclusive\20181019 - Carolina Martins - Sitting On A Black Dick\,{DT16~Excl~ME0POA6H~20181019 - Carolina Martins - Sitting On A Black Dick}
_mg_1799.jpg,529718,e9997afa,\Exclusive\20181019 - Carolina Martins - Sitting On A Black Dick\,{DT16~Excl~ME0POA6H~20181019 - Carolina Martins - Sitting On A Black Dick}
_mg_1800.jpg,578244,105290a4,\Exclusive\20181019 - Carolina Martins - Sitting On A Black Dick\,{DT16~Excl~ME0POA6H~20181019 - Carolina Martins - Sitting On A Black Dick}
_mg_1801.jpg,567348,2e44dc6b,\Exclusive\20181019 - Carolina Martins - Sitting On A Black Dick\,{DT16~Excl~ME0POA6H~20181019 - Carolina Martins - Sitting On A Black Dick}
_mg_1802.jpg,522574,c3c4c14a,\Exclusive\20181019 - Carolina Martins - Sitting On A Black Dick\,{DT16~Excl~ME0POA6H~20181019 - Carolina Martins - Sitting On A Black Dick}
_mg_1803.jpg,525679,a4820b20,\Exclusive\20181019 - Carolina Martins - Sitting On A Black Dick\,{DT16~Excl~ME0POA6H~20181019 - Carolina Martins - Sitting On A Black Dick}
_mg_1804.jpg,532353,e1d3077d,\Exclusive\20181019 - Carolina Martins - Sitting On A Black Dick\,{DT16~Excl~ME0POA6H~20181019 - Carolina Martins - Sitting On A Black Dick}
_mg_1805.jpg,499535,79d14bb1,\Exclusive\20181019 - Carolina Martins - Sitting On A Black Dick\,{DT16~Excl~ME0POA6H~20181019 - Carolina Martins - Sitting On A Black Dick}
_mg_1806.jpg,451564,7e0f0718,\Exclusive\20181019 - Carolina Martins - Sitting On A Black Dick\,{DT16~Excl~ME0POA6H~20181019 - Carolina Martins - Sitting On A Black Dick}
_mg_1807.jpg,455503,ed9bb851,\Exclusive\20181019 - Carolina Martins - Sitting On A Black Dick\,{DT16~Excl~ME0POA6H~20181019 - Carolina Martins - Sitting On A Black Dick}
_mg_1808.jpg,521125,4b071d2d,\Exclusive\20181019 - Carolina Martins - Sitting On A Black Dick\,{DT16~Excl~ME0POA6H~20181019 - Carolina Martins - Sitting On A Black Dick}
_mg_1809.jpg,514164,2ed8375e,\Exclusive\20181019 - Carolina Martins - Sitting On A Black Dick\,{DT16~Excl~ME0POA6H~20181019 - Carolina Martins - Sitting On A Black Dick}
_mg_1810.jpg,536363,c539b0e4,\Exclusive\20181019 - Carolina Martins - Sitting On A Black Dick\,{DT16~Excl~ME0POA6H~20181019 - Carolina Martins - Sitting On A Black Dick}
_mg_1811.jpg,507136,78805520,\Exclusive\20181019 - Carolina Martins - Sitting On A Black Dick\,{DT16~Excl~ME0POA6H~20181019 - Carolina Martins - Sitting On A Black Dick}
_mg_1812.jpg,485169,5663c175,\Exclusive\20181019 - Carolina Martins - Sitting On A Black Dick\,{DT16~Excl~ME0POA6H~20181019 - Carolina Martins - Sitting On A Black Dick}
_mg_1813.jpg,509113,f6d0c726,\Exclusive\20181019 - Carolina Martins - Sitting On A Black Dick\,{DT16~Excl~ME0POA6H~20181019 - Carolina Martins - Sitting On A Black Dick}
_mg_1814.jpg,550275,4f6f451a,\Exclusive\20181019 - Carolina Martins - Sitting On A Black Dick\,{DT16~Excl~ME0POA6H~20181019 - Carolina Martins - Sitting On A Black Dick}
_mg_1815.jpg,535887,2763f373,\Exclusive\20181019 - Carolina Martins - Sitting On A Black Dick\,{DT16~Excl~ME0POA6H~20181019 - Carolina Martins - Sitting On A Black Dick}
_mg_1816.jpg,544920,8e8bd00e,\Exclusive\20181019 - Carolina Martins - Sitting On A Black Dick\,{DT16~Excl~ME0POA6H~20181019 - Carolina Martins - Sitting On A Black Dick}
_mg_1817.jpg,567541,2b2d1569,\Exclusive\20181019 - Carolina Martins - Sitting On A Black Dick\,{DT16~Excl~ME0POA6H~20181019 - Carolina Martins - Sitting On A Black Dick}
_mg_1818.jpg,540087,1ba47e46,\Exclusive\20181019 - Carolina Martins - Sitting On A Black Dick\,{DT16~Excl~ME0POA6H~20181019 - Carolina Martins - Sitting On A Black Dick}
_mg_1819.jpg,533107,81a358e1,\Exclusive\20181019 - Carolina Martins - Sitting On A Black Dick\,{DT16~Excl~ME0POA6H~20181019 - Carolina Martins - Sitting On A Black Dick}
_mg_1820.jpg,557751,7c374f27,\Exclusive\20181019 - Carolina Martins - Sitting On A Black Dick\,{DT16~Excl~ME0POA6H~20181019 - Carolina Martins - Sitting On A Black Dick}
_mg_1821.jpg,520144,46bcddea,\Exclusive\20181019 - Carolina Martins - Sitting On A Black Dick\,{DT16~Excl~ME0POA6H~20181019 - Carolina Martins - Sitting On A Black Dick}
_mg_1822.jpg,478365,2e4bdb8e,\Exclusive\20181019 - Carolina Martins - Sitting On A Black Dick\,{DT16~Excl~ME0POA6H~20181019 - Carolina Martins - Sitting On A Black Dick}
_mg_1823.jpg,489452,f37cfc39,\Exclusive\20181019 - Carolina Martins - Sitting On A Black Dick\,{DT16~Excl~ME0POA6H~20181019 - Carolina Martins - Sitting On A Black Dick}
_mg_1824.jpg,480141,987474a1,\Exclusive\20181019 - Carolina Martins - Sitting On A Black Dick\,{DT16~Excl~ME0POA6H~20181019 - Carolina Martins - Sitting On A Black Dick}
_mg_1825.jpg,470597,3879b59e,\Exclusive\20181019 - Carolina Martins - Sitting On A Black Dick\,{DT16~Excl~ME0POA6H~20181019 - Carolina Martins - Sitting On A Black Dick}
_mg_1826.jpg,488487,c9f05252,\Exclusive\20181019 - Carolina Martins - Sitting On A Black Dick\,{DT16~Excl~ME0POA6H~20181019 - Carolina Martins - Sitting On A Black Dick}
_mg_1827.jpg,534129,4c23d08e,\Exclusive\20181019 - Carolina Martins - Sitting On A Black Dick\,{DT16~Excl~ME0POA6H~20181019 - Carolina Martins - Sitting On A Black Dick}
_mg_1828.jpg,494183,57033eda,\Exclusive\20181019 - Carolina Martins - Sitting On A Black Dick\,{DT16~Excl~ME0POA6H~20181019 - Carolina Martins - Sitting On A Black Dick}
_mg_1829.jpg,493272,1f0521b6,\Exclusive\20181019 - Carolina Martins - Sitting On A Black Dick\,{DT16~Excl~ME0POA6H~20181019 - Carolina Martins - Sitting On A Black Dick}
_mg_1830.jpg,494529,3fe88295,\Exclusive\20181019 - Carolina Martins - Sitting On A Black Dick\,{DT16~Excl~ME0POA6H~20181019 - Carolina Martins - Sitting On A Black Dick}
_mg_1831.jpg,491596,574a1ba8,\Exclusive\20181019 - Carolina Martins - Sitting On A Black Dick\,{DT16~Excl~ME0POA6H~20181019 - Carolina Martins - Sitting On A Black Dick}
_mg_1832.jpg,483110,87c5eea4,\Exclusive\20181019 - Carolina Martins - Sitting On A Black Dick\,{DT16~Excl~ME0POA6H~20181019 - Carolina Martins - Sitting On A Black Dick}
_mg_1833.jpg,562771,7fba80bd,\Exclusive\20181019 - Carolina Martins - Sitting On A Black Dick\,{DT16~Excl~ME0POA6H~20181019 - Carolina Martins - Sitting On A Black Dick}
_mg_1834.jpg,550416,69f2078d,\Exclusive\20181019 - Carolina Martins - Sitting On A Black Dick\,{DT16~Excl~ME0POA6H~20181019 - Carolina Martins - Sitting On A Black Dick}
_mg_1835.jpg,484917,f36a70b7,\Exclusive\20181019 - Carolina Martins - Sitting On A Black Dick\,{DT16~Excl~ME0POA6H~20181019 - Carolina Martins - Sitting On A Black Dick}
_mg_1836.jpg,506815,989f32e2,\Exclusive\20181019 - Carolina Martins - Sitting On A Black Dick\,{DT16~Excl~ME0POA6H~20181019 - Carolina Martins - Sitting On A Black Dick}
_mg_1837.jpg,502004,fb54becd,\Exclusive\20181019 - Carolina Martins - Sitting On A Black Dick\,{DT16~Excl~ME0POA6H~20181019 - Carolina Martins - Sitting On A Black Dick}
_mg_1838.jpg,456241,88ac7cb1,\Exclusive\20181019 - Carolina Martins - Sitting On A Black Dick\,{DT16~Excl~ME0POA6H~20181019 - Carolina Martins - Sitting On A Black Dick}
_mg_1839.jpg,471394,634eb499,\Exclusive\20181019 - Carolina Martins - Sitting On A Black Dick\,{DT16~Excl~ME0POA6H~20181019 - Carolina Martins - Sitting On A Black Dick}
_mg_1840.jpg,457490,f0184aa3,\Exclusive\20181019 - Carolina Martins - Sitting On A Black Dick\,{DT16~Excl~ME0POA6H~20181019 - Carolina Martins - Sitting On A Black Dick}
_mg_1841.jpg,503839,8e8bb3dd,\Exclusive\20181019 - Carolina Martins - Sitting On A Black Dick\,{DT16~Excl~ME0POA6H~20181019 - Carolina Martins - Sitting On A Black Dick}
_mg_1842.jpg,404260,80078adc,\Exclusive\20181019 - Carolina Martins - Sitting On A Black Dick\,{DT16~Excl~ME0POA6H~20181019 - Carolina Martins - Sitting On A Black Dick}
_mg_1843.jpg,848949,3e4c1dac,\Exclusive\20181019 - Carolina Martins - Sitting On A Black Dick\,{DT16~Excl~ME0POA6H~20181019 - Carolina Martins - Sitting On A Black Dick}
_mg_1844.jpg,529794,9d886c20,\Exclusive\20181019 - Carolina Martins - Sitting On A Black Dick\,{DT16~Excl~ME0POA6H~20181019 - Carolina Martins - Sitting On A Black Dick}
_mg_1845.jpg,513284,dfe44b7d,\Exclusive\20181019 - Carolina Martins - Sitting On A Black Dick\,{DT16~Excl~ME0POA6H~20181019 - Carolina Martins - Sitting On A Black Dick}
_mg_1846.jpg,545479,88408f31,\Exclusive\20181019 - Carolina Martins - Sitting On A Black Dick\,{DT16~Excl~ME0POA6H~20181019 - Carolina Martins - Sitting On A Black Dick}
_mg_1847.jpg,513124,5e05001f,\Exclusive\20181019 - Carolina Martins - Sitting On A Black Dick\,{DT16~Excl~ME0POA6H~20181019 - Carolina Martins - Sitting On A Black Dick}
_mg_1848.jpg,499919,09b5ceca,\Exclusive\20181019 - Carolina Martins - Sitting On A Black Dick\,{DT16~Excl~ME0POA6H~20181019 - Carolina Martins - Sitting On A Black Dick}
_mg_1849.jpg,485266,fe1bb26a,\Exclusive\20181019 - Carolina Martins - Sitting On A Black Dick\,{DT16~Excl~ME0POA6H~20181019 - Carolina Martins - Sitting On A Black Dick}
_mg_1850.jpg,516206,ed229ed1,\Exclusive\20181019 - Carolina Martins - Sitting On A Black Dick\,{DT16~Excl~ME0POA6H~20181019 - Carolina Martins - Sitting On A Black Dick}
_mg_1851.jpg,513388,ec07910a,\Exclusive\20181019 - Carolina Martins - Sitting On A Black Dick\,{DT16~Excl~ME0POA6H~20181019 - Carolina Martins - Sitting On A Black Dick}
_mg_1852.jpg,501214,c1e26e9a,\Exclusive\20181019 - Carolina Martins - Sitting On A Black Dick\,{DT16~Excl~ME0POA6H~20181019 - Carolina Martins - Sitting On A Black Dick}
_mg_1853.jpg,416372,d18fc91a,\Exclusive\20181019 - Carolina Martins - Sitting On A Black Dick\,{DT16~Excl~ME0POA6H~20181019 - Carolina Martins - Sitting On A Black Dick}
_mg_1854.jpg,503423,95959635,\Exclusive\20181019 - Carolina Martins - Sitting On A Black Dick\,{DT16~Excl~ME0POA6H~20181019 - Carolina Martins - Sitting On A Black Dick}
_mg_1855.jpg,520392,0177de0c,\Exclusive\20181019 - Carolina Martins - Sitting On A Black Dick\,{DT16~Excl~ME0POA6H~20181019 - Carolina Martins - Sitting On A Black Dick}
_mg_1856.jpg,498069,6bd7cc30,\Exclusive\20181019 - Carolina Martins - Sitting On A Black Dick\,{DT16~Excl~ME0POA6H~20181019 - Carolina Martins - Sitting On A Black Dick}
_mg_1857.jpg,489911,4ba7ac13,\Exclusive\20181019 - Carolina Martins - Sitting On A Black Dick\,{DT16~Excl~ME0POA6H~20181019 - Carolina Martins - Sitting On A Black Dick}
_mg_1858.jpg,486029,194ae885,\Exclusive\20181019 - Carolina Martins - Sitting On A Black Dick\,{DT16~Excl~ME0POA6H~20181019 - Carolina Martins - Sitting On A Black Dick}
_mg_1859.jpg,490796,bcfd1654,\Exclusive\20181019 - Carolina Martins - Sitting On A Black Dick\,{DT16~Excl~ME0POA6H~20181019 - Carolina Martins - Sitting On A Black Dick}
_mg_1860.jpg,487736,381e4eb2,\Exclusive\20181019 - Carolina Martins - Sitting On A Black Dick\,{DT16~Excl~ME0POA6H~20181019 - Carolina Martins - Sitting On A Black Dick}
_mg_1861.jpg,495237,5a076cf6,\Exclusive\20181019 - Carolina Martins - Sitting On A Black Dick\,{DT16~Excl~ME0POA6H~20181019 - Carolina Martins - Sitting On A Black Dick}
_mg_1862.jpg,471891,97334440,\Exclusive\20181019 - Carolina Martins - Sitting On A Black Dick\,{DT16~Excl~ME0POA6H~20181019 - Carolina Martins - Sitting On A Black Dick}
_mg_1863.jpg,442209,b3272e4b,\Exclusive\20181019 - Carolina Martins - Sitting On A Black Dick\,{DT16~Excl~ME0POA6H~20181019 - Carolina Martins - Sitting On A Black Dick}
_mg_1864.jpg,683557,44a9c77e,\Exclusive\20181019 - Carolina Martins - Sitting On A Black Dick\,{DT16~Excl~ME0POA6H~20181019 - Carolina Martins - Sitting On A Black Dick}
_mg_1865.jpg,496676,31e76a83,\Exclusive\20181019 - Carolina Martins - Sitting On A Black Dick\,{DT16~Excl~ME0POA6H~20181019 - Carolina Martins - Sitting On A Black Dick}
_mg_1866.jpg,491814,0be2f0a9,\Exclusive\20181019 - Carolina Martins - Sitting On A Black Dick\,{DT16~Excl~ME0POA6H~20181019 - Carolina Martins - Sitting On A Black Dick}
_mg_1867.jpg,484467,0c7facee,\Exclusive\20181019 - Carolina Martins - Sitting On A Black Dick\,{DT16~Excl~ME0POA6H~20181019 - Carolina Martins - Sitting On A Black Dick}
_mg_1868.jpg,566645,34ac129a,\Exclusive\20181019 - Carolina Martins - Sitting On A Black Dick\,{DT16~Excl~ME0POA6H~20181019 - Carolina Martins - Sitting On A Black Dick}
_mg_1869.jpg,530403,f263d401,\Exclusive\20181019 - Carolina Martins - Sitting On A Black Dick\,{DT16~Excl~ME0POA6H~20181019 - Carolina Martins - Sitting On A Black Dick}
_mg_1870.jpg,546033,035d3d58,\Exclusive\20181019 - Carolina Martins - Sitting On A Black Dick\,{DT16~Excl~ME0POA6H~20181019 - Carolina Martins - Sitting On A Black Dick}
_mg_1871.jpg,527040,e58fa5af,\Exclusive\20181019 - Carolina Martins - Sitting On A Black Dick\,{DT16~Excl~ME0POA6H~20181019 - Carolina Martins - Sitting On A Black Dick}
_mg_1872.jpg,541337,555c984b,\Exclusive\20181019 - Carolina Martins - Sitting On A Black Dick\,{DT16~Excl~ME0POA6H~20181019 - Carolina Martins - Sitting On A Black Dick}
_mg_1874.jpg,508607,b94ceccf,\Exclusive\20181019 - Carolina Martins - Sitting On A Black Dick\,{DT16~Excl~ME0POA6H~20181019 - Carolina Martins - Sitting On A Black Dick}
_mg_1875.jpg,541673,37aed03b,\Exclusive\20181019 - Carolina Martins - Sitting On A Black Dick\,{DT16~Excl~ME0POA6H~20181019 - Carolina Martins - Sitting On A Black Dick}
_mg_1876.jpg,491892,0f2f324b,\Exclusive\20181019 - Carolina Martins - Sitting On A Black Dick\,{DT16~Excl~ME0POA6H~20181019 - Carolina Martins - Sitting On A Black Dick}
_mg_1877.jpg,500176,c0506248,\Exclusive\20181019 - Carolina Martins - Sitting On A Black Dick\,{DT16~Excl~ME0POA6H~20181019 - Carolina Martins - Sitting On A Black Dick}
_mg_1878.jpg,682146,4d7faa36,\Exclusive\20181019 - Carolina Martins - Sitting On A Black Dick\,{DT16~Excl~ME0POA6H~20181019 - Carolina Martins - Sitting On A Black Dick}
_mg_1881.jpg,539564,acfe5543,\Exclusive\20181019 - Carolina Martins - Sitting On A Black Dick\,{DT16~Excl~ME0POA6H~20181019 - Carolina Martins - Sitting On A Black Dick}
_mg_1882.jpg,543105,5c3f0948,\Exclusive\20181019 - Carolina Martins - Sitting On A Black Dick\,{DT16~Excl~ME0POA6H~20181019 - Carolina Martins - Sitting On A Black Dick}
_mg_1884.jpg,474838,2bd85d11,\Exclusive\20181019 - Carolina Martins - Sitting On A Black Dick\,{DT16~Excl~ME0POA6H~20181019 - Carolina Martins - Sitting On A Black Dick}
_mg_1885.jpg,658282,f6ac3993,\Exclusive\20181019 - Carolina Martins - Sitting On A Black Dick\,{DT16~Excl~ME0POA6H~20181019 - Carolina Martins - Sitting On A Black Dick}
_mg_1886.jpg,707921,ab87e1c3,\Exclusive\20181019 - Carolina Martins - Sitting On A Black Dick\,{DT16~Excl~ME0POA6H~20181019 - Carolina Martins - Sitting On A Black Dick}
_mg_1887.jpg,499094,dda3fc3f,\Exclusive\20181019 - Carolina Martins - Sitting On A Black Dick\,{DT16~Excl~ME0POA6H~20181019 - Carolina Martins - Sitting On A Black Dick}
_mg_1888.jpg,496273,5ece8993,\Exclusive\20181019 - Carolina Martins - Sitting On A Black Dick\,{DT16~Excl~ME0POA6H~20181019 - Carolina Martins - Sitting On A Black Dick}
_mg_1889.jpg,515535,e66f6f06,\Exclusive\20181019 - Carolina Martins - Sitting On A Black Dick\,{DT16~Excl~ME0POA6H~20181019 - Carolina Martins - Sitting On A Black Dick}
_mg_1890.jpg,512735,d41b5fee,\Exclusive\20181019 - Carolina Martins - Sitting On A Black Dick\,{DT16~Excl~ME0POA6H~20181019 - Carolina Martins - Sitting On A Black Dick}
_mg_1891.jpg,507855,34e54207,\Exclusive\20181019 - Carolina Martins - Sitting On A Black Dick\,{DT16~Excl~ME0POA6H~20181019 - Carolina Martins - Sitting On A Black Dick}
_mg_1892.jpg,480433,e0536643,\Exclusive\20181019 - Carolina Martins - Sitting On A Black Dick\,{DT16~Excl~ME0POA6H~20181019 - Carolina Martins - Sitting On A Black Dick}