kimberly7001.jpg,262965,d6c42c5a,\Gallery02\08 - Kimberly\Set 07 - 2008-06-27\,{Shemale Yum Dvd03~1~1~08 - Kimberly - Set 07 - 2008 - 06 - 27}
kimberly7002.jpg,273783,2a926172,\Gallery02\08 - Kimberly\Set 07 - 2008-06-27\,{Shemale Yum Dvd03~1~1~08 - Kimberly - Set 07 - 2008 - 06 - 27}
kimberly7003.jpg,254817,fd3bd83d,\Gallery02\08 - Kimberly\Set 07 - 2008-06-27\,{Shemale Yum Dvd03~1~1~08 - Kimberly - Set 07 - 2008 - 06 - 27}
kimberly7004.jpg,253272,3a6b67f1,\Gallery02\08 - Kimberly\Set 07 - 2008-06-27\,{Shemale Yum Dvd03~1~1~08 - Kimberly - Set 07 - 2008 - 06 - 27}
kimberly7005.jpg,264609,1eacf56e,\Gallery02\08 - Kimberly\Set 07 - 2008-06-27\,{Shemale Yum Dvd03~1~1~08 - Kimberly - Set 07 - 2008 - 06 - 27}
kimberly7006.jpg,254494,d98e9d48,\Gallery02\08 - Kimberly\Set 07 - 2008-06-27\,{Shemale Yum Dvd03~1~1~08 - Kimberly - Set 07 - 2008 - 06 - 27}
kimberly7007.jpg,253596,1cd98544,\Gallery02\08 - Kimberly\Set 07 - 2008-06-27\,{Shemale Yum Dvd03~1~1~08 - Kimberly - Set 07 - 2008 - 06 - 27}
kimberly7008.jpg,255896,260e6d45,\Gallery02\08 - Kimberly\Set 07 - 2008-06-27\,{Shemale Yum Dvd03~1~1~08 - Kimberly - Set 07 - 2008 - 06 - 27}
kimberly7009.jpg,255723,ecfbbda6,\Gallery02\08 - Kimberly\Set 07 - 2008-06-27\,{Shemale Yum Dvd03~1~1~08 - Kimberly - Set 07 - 2008 - 06 - 27}
kimberly7010.jpg,241550,60be8746,\Gallery02\08 - Kimberly\Set 07 - 2008-06-27\,{Shemale Yum Dvd03~1~1~08 - Kimberly - Set 07 - 2008 - 06 - 27}
kimberly7011.jpg,232725,fa0b7bd1,\Gallery02\08 - Kimberly\Set 07 - 2008-06-27\,{Shemale Yum Dvd03~1~1~08 - Kimberly - Set 07 - 2008 - 06 - 27}
kimberly7012.jpg,226824,73930243,\Gallery02\08 - Kimberly\Set 07 - 2008-06-27\,{Shemale Yum Dvd03~1~1~08 - Kimberly - Set 07 - 2008 - 06 - 27}
kimberly7013.jpg,289966,3af08aa7,\Gallery02\08 - Kimberly\Set 07 - 2008-06-27\,{Shemale Yum Dvd03~1~1~08 - Kimberly - Set 07 - 2008 - 06 - 27}
kimberly7014.jpg,272758,3d23c197,\Gallery02\08 - Kimberly\Set 07 - 2008-06-27\,{Shemale Yum Dvd03~1~1~08 - Kimberly - Set 07 - 2008 - 06 - 27}
kimberly7015.jpg,279246,5f6c6fa0,\Gallery02\08 - Kimberly\Set 07 - 2008-06-27\,{Shemale Yum Dvd03~1~1~08 - Kimberly - Set 07 - 2008 - 06 - 27}
kimberly7016.jpg,279241,68c89390,\Gallery02\08 - Kimberly\Set 07 - 2008-06-27\,{Shemale Yum Dvd03~1~1~08 - Kimberly - Set 07 - 2008 - 06 - 27}
kimberly7017.jpg,277849,a797b028,\Gallery02\08 - Kimberly\Set 07 - 2008-06-27\,{Shemale Yum Dvd03~1~1~08 - Kimberly - Set 07 - 2008 - 06 - 27}
kimberly7018.jpg,266105,3a5a4b1e,\Gallery02\08 - Kimberly\Set 07 - 2008-06-27\,{Shemale Yum Dvd03~1~1~08 - Kimberly - Set 07 - 2008 - 06 - 27}
kimberly7019.jpg,268009,ad264bd5,\Gallery02\08 - Kimberly\Set 07 - 2008-06-27\,{Shemale Yum Dvd03~1~1~08 - Kimberly - Set 07 - 2008 - 06 - 27}
kimberly7020.jpg,272097,9aeed98a,\Gallery02\08 - Kimberly\Set 07 - 2008-06-27\,{Shemale Yum Dvd03~1~1~08 - Kimberly - Set 07 - 2008 - 06 - 27}
kimberly7021.jpg,262529,f5d6d05d,\Gallery02\08 - Kimberly\Set 07 - 2008-06-27\,{Shemale Yum Dvd03~1~1~08 - Kimberly - Set 07 - 2008 - 06 - 27}
kimberly7022.jpg,295892,b830fa76,\Gallery02\08 - Kimberly\Set 07 - 2008-06-27\,{Shemale Yum Dvd03~1~1~08 - Kimberly - Set 07 - 2008 - 06 - 27}
kimberly7023.jpg,294668,5e15652f,\Gallery02\08 - Kimberly\Set 07 - 2008-06-27\,{Shemale Yum Dvd03~1~1~08 - Kimberly - Set 07 - 2008 - 06 - 27}
kimberly7024.jpg,245544,76e8e37b,\Gallery02\08 - Kimberly\Set 07 - 2008-06-27\,{Shemale Yum Dvd03~1~1~08 - Kimberly - Set 07 - 2008 - 06 - 27}
kimberly7025.jpg,241535,aa808447,\Gallery02\08 - Kimberly\Set 07 - 2008-06-27\,{Shemale Yum Dvd03~1~1~08 - Kimberly - Set 07 - 2008 - 06 - 27}
kimberly7026.jpg,264229,fe42dbd9,\Gallery02\08 - Kimberly\Set 07 - 2008-06-27\,{Shemale Yum Dvd03~1~1~08 - Kimberly - Set 07 - 2008 - 06 - 27}
kimberly7027.jpg,282301,96d1b551,\Gallery02\08 - Kimberly\Set 07 - 2008-06-27\,{Shemale Yum Dvd03~1~1~08 - Kimberly - Set 07 - 2008 - 06 - 27}
kimberly7028.jpg,279242,97087e4f,\Gallery02\08 - Kimberly\Set 07 - 2008-06-27\,{Shemale Yum Dvd03~1~1~08 - Kimberly - Set 07 - 2008 - 06 - 27}
kimberly7029.jpg,279498,f13340b5,\Gallery02\08 - Kimberly\Set 07 - 2008-06-27\,{Shemale Yum Dvd03~1~1~08 - Kimberly - Set 07 - 2008 - 06 - 27}
kimberly7030.jpg,266919,bca62710,\Gallery02\08 - Kimberly\Set 07 - 2008-06-27\,{Shemale Yum Dvd03~1~1~08 - Kimberly - Set 07 - 2008 - 06 - 27}
kimberly7031.jpg,271838,5ef4815b,\Gallery02\08 - Kimberly\Set 07 - 2008-06-27\,{Shemale Yum Dvd03~1~1~08 - Kimberly - Set 07 - 2008 - 06 - 27}
kimberly7032.jpg,278334,dbf0170b,\Gallery02\08 - Kimberly\Set 07 - 2008-06-27\,{Shemale Yum Dvd03~1~1~08 - Kimberly - Set 07 - 2008 - 06 - 27}
kimberly7033.jpg,269687,a33659ad,\Gallery02\08 - Kimberly\Set 07 - 2008-06-27\,{Shemale Yum Dvd03~1~1~08 - Kimberly - Set 07 - 2008 - 06 - 27}
kimberly7034.jpg,235689,dd0d2686,\Gallery02\08 - Kimberly\Set 07 - 2008-06-27\,{Shemale Yum Dvd03~1~1~08 - Kimberly - Set 07 - 2008 - 06 - 27}
kimberly7035.jpg,232833,294f1fad,\Gallery02\08 - Kimberly\Set 07 - 2008-06-27\,{Shemale Yum Dvd03~1~1~08 - Kimberly - Set 07 - 2008 - 06 - 27}
kimberly7036.jpg,233711,2f8fe1b6,\Gallery02\08 - Kimberly\Set 07 - 2008-06-27\,{Shemale Yum Dvd03~1~1~08 - Kimberly - Set 07 - 2008 - 06 - 27}
kimberly7037.jpg,214997,fbd25bf4,\Gallery02\08 - Kimberly\Set 07 - 2008-06-27\,{Shemale Yum Dvd03~1~1~08 - Kimberly - Set 07 - 2008 - 06 - 27}
kimberly7038.jpg,228437,729af940,\Gallery02\08 - Kimberly\Set 07 - 2008-06-27\,{Shemale Yum Dvd03~1~1~08 - Kimberly - Set 07 - 2008 - 06 - 27}
kimberly7039.jpg,221528,988b1202,\Gallery02\08 - Kimberly\Set 07 - 2008-06-27\,{Shemale Yum Dvd03~1~1~08 - Kimberly - Set 07 - 2008 - 06 - 27}
kimberly7040.jpg,226277,ef6ccd94,\Gallery02\08 - Kimberly\Set 07 - 2008-06-27\,{Shemale Yum Dvd03~1~1~08 - Kimberly - Set 07 - 2008 - 06 - 27}
kimberly7041.jpg,226590,a9f299ed,\Gallery02\08 - Kimberly\Set 07 - 2008-06-27\,{Shemale Yum Dvd03~1~1~08 - Kimberly - Set 07 - 2008 - 06 - 27}
kimberly7042.jpg,234433,7e8c6dcf,\Gallery02\08 - Kimberly\Set 07 - 2008-06-27\,{Shemale Yum Dvd03~1~1~08 - Kimberly - Set 07 - 2008 - 06 - 27}
kimberly7043.jpg,223217,787b62a8,\Gallery02\08 - Kimberly\Set 07 - 2008-06-27\,{Shemale Yum Dvd03~1~1~08 - Kimberly - Set 07 - 2008 - 06 - 27}
kimberly7044.jpg,221829,4f50ef71,\Gallery02\08 - Kimberly\Set 07 - 2008-06-27\,{Shemale Yum Dvd03~1~1~08 - Kimberly - Set 07 - 2008 - 06 - 27}
kimberly7045.jpg,255384,a6136975,\Gallery02\08 - Kimberly\Set 07 - 2008-06-27\,{Shemale Yum Dvd03~1~1~08 - Kimberly - Set 07 - 2008 - 06 - 27}
kimberly7046.jpg,322309,c0a5bc98,\Gallery02\08 - Kimberly\Set 07 - 2008-06-27\,{Shemale Yum Dvd03~1~1~08 - Kimberly - Set 07 - 2008 - 06 - 27}
kimberly7047.jpg,275359,3978997f,\Gallery02\08 - Kimberly\Set 07 - 2008-06-27\,{Shemale Yum Dvd03~1~1~08 - Kimberly - Set 07 - 2008 - 06 - 27}
kimberly7048.jpg,248700,cb0d7f6b,\Gallery02\08 - Kimberly\Set 07 - 2008-06-27\,{Shemale Yum Dvd03~1~1~08 - Kimberly - Set 07 - 2008 - 06 - 27}
kimberly7049.jpg,261510,2c94dd94,\Gallery02\08 - Kimberly\Set 07 - 2008-06-27\,{Shemale Yum Dvd03~1~1~08 - Kimberly - Set 07 - 2008 - 06 - 27}
kimberly7050.jpg,246045,38ee4f3a,\Gallery02\08 - Kimberly\Set 07 - 2008-06-27\,{Shemale Yum Dvd03~1~1~08 - Kimberly - Set 07 - 2008 - 06 - 27}
kimberly7051.jpg,221185,873c7481,\Gallery02\08 - Kimberly\Set 07 - 2008-06-27\,{Shemale Yum Dvd03~1~1~08 - Kimberly - Set 07 - 2008 - 06 - 27}
kimberly7052.jpg,212440,65891fa9,\Gallery02\08 - Kimberly\Set 07 - 2008-06-27\,{Shemale Yum Dvd03~1~1~08 - Kimberly - Set 07 - 2008 - 06 - 27}
kimberly7053.jpg,248254,7ca245f5,\Gallery02\08 - Kimberly\Set 07 - 2008-06-27\,{Shemale Yum Dvd03~1~1~08 - Kimberly - Set 07 - 2008 - 06 - 27}
kimberly7054.jpg,275263,bd806c58,\Gallery02\08 - Kimberly\Set 07 - 2008-06-27\,{Shemale Yum Dvd03~1~1~08 - Kimberly - Set 07 - 2008 - 06 - 27}
kimberly7055.jpg,278276,fd5bd042,\Gallery02\08 - Kimberly\Set 07 - 2008-06-27\,{Shemale Yum Dvd03~1~1~08 - Kimberly - Set 07 - 2008 - 06 - 27}
kimberly7056.jpg,283647,60218f5c,\Gallery02\08 - Kimberly\Set 07 - 2008-06-27\,{Shemale Yum Dvd03~1~1~08 - Kimberly - Set 07 - 2008 - 06 - 27}
kimberly7057.jpg,287079,04769878,\Gallery02\08 - Kimberly\Set 07 - 2008-06-27\,{Shemale Yum Dvd03~1~1~08 - Kimberly - Set 07 - 2008 - 06 - 27}
kimberly7058.jpg,245200,6cb0e169,\Gallery02\08 - Kimberly\Set 07 - 2008-06-27\,{Shemale Yum Dvd03~1~1~08 - Kimberly - Set 07 - 2008 - 06 - 27}
kimberly7059.jpg,266539,86170a23,\Gallery02\08 - Kimberly\Set 07 - 2008-06-27\,{Shemale Yum Dvd03~1~1~08 - Kimberly - Set 07 - 2008 - 06 - 27}
kimberly7060.jpg,302021,27a9c393,\Gallery02\08 - Kimberly\Set 07 - 2008-06-27\,{Shemale Yum Dvd03~1~1~08 - Kimberly - Set 07 - 2008 - 06 - 27}
kimberly7061.jpg,225988,38dec987,\Gallery02\08 - Kimberly\Set 07 - 2008-06-27\,{Shemale Yum Dvd03~1~1~08 - Kimberly - Set 07 - 2008 - 06 - 27}
kimberly7062.jpg,273086,2fef125c,\Gallery02\08 - Kimberly\Set 07 - 2008-06-27\,{Shemale Yum Dvd03~1~1~08 - Kimberly - Set 07 - 2008 - 06 - 27}
kimberly7063.jpg,236308,3ca7ac99,\Gallery02\08 - Kimberly\Set 07 - 2008-06-27\,{Shemale Yum Dvd03~1~1~08 - Kimberly - Set 07 - 2008 - 06 - 27}
kimberly7064.jpg,255026,11614f3f,\Gallery02\08 - Kimberly\Set 07 - 2008-06-27\,{Shemale Yum Dvd03~1~1~08 - Kimberly - Set 07 - 2008 - 06 - 27}
kimberly7065.jpg,278313,094d774c,\Gallery02\08 - Kimberly\Set 07 - 2008-06-27\,{Shemale Yum Dvd03~1~1~08 - Kimberly - Set 07 - 2008 - 06 - 27}
kimberly7066.jpg,284772,3b6ac942,\Gallery02\08 - Kimberly\Set 07 - 2008-06-27\,{Shemale Yum Dvd03~1~1~08 - Kimberly - Set 07 - 2008 - 06 - 27}
kimberly7067.jpg,285945,f5cc4f3d,\Gallery02\08 - Kimberly\Set 07 - 2008-06-27\,{Shemale Yum Dvd03~1~1~08 - Kimberly - Set 07 - 2008 - 06 - 27}
kimberly7068.jpg,272709,c0d5f4fa,\Gallery02\08 - Kimberly\Set 07 - 2008-06-27\,{Shemale Yum Dvd03~1~1~08 - Kimberly - Set 07 - 2008 - 06 - 27}
kimberly7069.jpg,237142,5b491b90,\Gallery02\08 - Kimberly\Set 07 - 2008-06-27\,{Shemale Yum Dvd03~1~1~08 - Kimberly - Set 07 - 2008 - 06 - 27}
kimberly7070.jpg,163541,522818d7,\Gallery02\08 - Kimberly\Set 07 - 2008-06-27\,{Shemale Yum Dvd03~1~1~08 - Kimberly - Set 07 - 2008 - 06 - 27}
kimberly7071.jpg,162113,6bd1bbe4,\Gallery02\08 - Kimberly\Set 07 - 2008-06-27\,{Shemale Yum Dvd03~1~1~08 - Kimberly - Set 07 - 2008 - 06 - 27}
kimberly7072.jpg,260796,8e41195b,\Gallery02\08 - Kimberly\Set 07 - 2008-06-27\,{Shemale Yum Dvd03~1~1~08 - Kimberly - Set 07 - 2008 - 06 - 27}
kimberly7073.jpg,281503,3fa3d28f,\Gallery02\08 - Kimberly\Set 07 - 2008-06-27\,{Shemale Yum Dvd03~1~1~08 - Kimberly - Set 07 - 2008 - 06 - 27}
kimberly7074.jpg,292208,90333d8c,\Gallery02\08 - Kimberly\Set 07 - 2008-06-27\,{Shemale Yum Dvd03~1~1~08 - Kimberly - Set 07 - 2008 - 06 - 27}
kimberly7075.jpg,191580,6f9963cc,\Gallery02\08 - Kimberly\Set 07 - 2008-06-27\,{Shemale Yum Dvd03~1~1~08 - Kimberly - Set 07 - 2008 - 06 - 27}
kimberly7076.jpg,284017,5560e2ca,\Gallery02\08 - Kimberly\Set 07 - 2008-06-27\,{Shemale Yum Dvd03~1~1~08 - Kimberly - Set 07 - 2008 - 06 - 27}
kimberly7077.jpg,236285,d5e6eee3,\Gallery02\08 - Kimberly\Set 07 - 2008-06-27\,{Shemale Yum Dvd03~1~1~08 - Kimberly - Set 07 - 2008 - 06 - 27}
kimberly7078.jpg,283327,f6b5f65d,\Gallery02\08 - Kimberly\Set 07 - 2008-06-27\,{Shemale Yum Dvd03~1~1~08 - Kimberly - Set 07 - 2008 - 06 - 27}
kimberly7079.jpg,235676,02bede23,\Gallery02\08 - Kimberly\Set 07 - 2008-06-27\,{Shemale Yum Dvd03~1~1~08 - Kimberly - Set 07 - 2008 - 06 - 27}
kimberly7080.jpg,231481,d61b6cd0,\Gallery02\08 - Kimberly\Set 07 - 2008-06-27\,{Shemale Yum Dvd03~1~1~08 - Kimberly - Set 07 - 2008 - 06 - 27}
kimberly7081.jpg,239806,2af08ab0,\Gallery02\08 - Kimberly\Set 07 - 2008-06-27\,{Shemale Yum Dvd03~1~1~08 - Kimberly - Set 07 - 2008 - 06 - 27}
kimberly7082.jpg,254974,cec2dace,\Gallery02\08 - Kimberly\Set 07 - 2008-06-27\,{Shemale Yum Dvd03~1~1~08 - Kimberly - Set 07 - 2008 - 06 - 27}
kimberly8001.jpg,238532,b6edd81f,\Gallery02\08 - Kimberly\Set 08 - 2008-09-19\,{Shemale Yum Dvd03~1~2~08 - Kimberly - Set 08 - 2008 - 09 - 19}
kimberly8002.jpg,237312,37b23139,\Gallery02\08 - Kimberly\Set 08 - 2008-09-19\,{Shemale Yum Dvd03~1~2~08 - Kimberly - Set 08 - 2008 - 09 - 19}
kimberly8003.jpg,214711,05b0ec34,\Gallery02\08 - Kimberly\Set 08 - 2008-09-19\,{Shemale Yum Dvd03~1~2~08 - Kimberly - Set 08 - 2008 - 09 - 19}
kimberly8004.jpg,231543,ffc8a727,\Gallery02\08 - Kimberly\Set 08 - 2008-09-19\,{Shemale Yum Dvd03~1~2~08 - Kimberly - Set 08 - 2008 - 09 - 19}
kimberly8005.jpg,232415,10a59626,\Gallery02\08 - Kimberly\Set 08 - 2008-09-19\,{Shemale Yum Dvd03~1~2~08 - Kimberly - Set 08 - 2008 - 09 - 19}
kimberly8006.jpg,230424,e09e6c4f,\Gallery02\08 - Kimberly\Set 08 - 2008-09-19\,{Shemale Yum Dvd03~1~2~08 - Kimberly - Set 08 - 2008 - 09 - 19}
kimberly8007.jpg,228120,e4674c62,\Gallery02\08 - Kimberly\Set 08 - 2008-09-19\,{Shemale Yum Dvd03~1~2~08 - Kimberly - Set 08 - 2008 - 09 - 19}
kimberly8008.jpg,243146,ed193944,\Gallery02\08 - Kimberly\Set 08 - 2008-09-19\,{Shemale Yum Dvd03~1~2~08 - Kimberly - Set 08 - 2008 - 09 - 19}
kimberly8009.jpg,242339,8c4f4425,\Gallery02\08 - Kimberly\Set 08 - 2008-09-19\,{Shemale Yum Dvd03~1~2~08 - Kimberly - Set 08 - 2008 - 09 - 19}
kimberly8010.jpg,270447,2667930b,\Gallery02\08 - Kimberly\Set 08 - 2008-09-19\,{Shemale Yum Dvd03~1~2~08 - Kimberly - Set 08 - 2008 - 09 - 19}
kimberly8011.jpg,246281,e04508e5,\Gallery02\08 - Kimberly\Set 08 - 2008-09-19\,{Shemale Yum Dvd03~1~2~08 - Kimberly - Set 08 - 2008 - 09 - 19}
kimberly8012.jpg,257795,b93fc006,\Gallery02\08 - Kimberly\Set 08 - 2008-09-19\,{Shemale Yum Dvd03~1~2~08 - Kimberly - Set 08 - 2008 - 09 - 19}
kimberly8013.jpg,246298,05230bb7,\Gallery02\08 - Kimberly\Set 08 - 2008-09-19\,{Shemale Yum Dvd03~1~2~08 - Kimberly - Set 08 - 2008 - 09 - 19}
kimberly8014.jpg,249672,81864583,\Gallery02\08 - Kimberly\Set 08 - 2008-09-19\,{Shemale Yum Dvd03~1~2~08 - Kimberly - Set 08 - 2008 - 09 - 19}
kimberly8015.jpg,225233,3fbad42c,\Gallery02\08 - Kimberly\Set 08 - 2008-09-19\,{Shemale Yum Dvd03~1~2~08 - Kimberly - Set 08 - 2008 - 09 - 19}
kimberly8016.jpg,233704,3a58ba71,\Gallery02\08 - Kimberly\Set 08 - 2008-09-19\,{Shemale Yum Dvd03~1~2~08 - Kimberly - Set 08 - 2008 - 09 - 19}
kimberly8017.jpg,238612,5412f146,\Gallery02\08 - Kimberly\Set 08 - 2008-09-19\,{Shemale Yum Dvd03~1~2~08 - Kimberly - Set 08 - 2008 - 09 - 19}
kimberly8018.jpg,220128,daaec3ca,\Gallery02\08 - Kimberly\Set 08 - 2008-09-19\,{Shemale Yum Dvd03~1~2~08 - Kimberly - Set 08 - 2008 - 09 - 19}
kimberly8019.jpg,170147,765ee08a,\Gallery02\08 - Kimberly\Set 08 - 2008-09-19\,{Shemale Yum Dvd03~1~2~08 - Kimberly - Set 08 - 2008 - 09 - 19}
kimberly8020.jpg,222225,db46d85d,\Gallery02\08 - Kimberly\Set 08 - 2008-09-19\,{Shemale Yum Dvd03~1~2~08 - Kimberly - Set 08 - 2008 - 09 - 19}
kimberly8021.jpg,221167,3a8ef010,\Gallery02\08 - Kimberly\Set 08 - 2008-09-19\,{Shemale Yum Dvd03~1~2~08 - Kimberly - Set 08 - 2008 - 09 - 19}
kimberly8022.jpg,226329,6a333dc7,\Gallery02\08 - Kimberly\Set 08 - 2008-09-19\,{Shemale Yum Dvd03~1~2~08 - Kimberly - Set 08 - 2008 - 09 - 19}
kimberly8023.jpg,239516,a835936a,\Gallery02\08 - Kimberly\Set 08 - 2008-09-19\,{Shemale Yum Dvd03~1~2~08 - Kimberly - Set 08 - 2008 - 09 - 19}
kimberly8024.jpg,231090,6c55ebe9,\Gallery02\08 - Kimberly\Set 08 - 2008-09-19\,{Shemale Yum Dvd03~1~2~08 - Kimberly - Set 08 - 2008 - 09 - 19}
kimberly8025.jpg,229425,303c6e34,\Gallery02\08 - Kimberly\Set 08 - 2008-09-19\,{Shemale Yum Dvd03~1~2~08 - Kimberly - Set 08 - 2008 - 09 - 19}
kimberly8026.jpg,255911,d8e91913,\Gallery02\08 - Kimberly\Set 08 - 2008-09-19\,{Shemale Yum Dvd03~1~2~08 - Kimberly - Set 08 - 2008 - 09 - 19}
kimberly8027.jpg,265506,a9c71a23,\Gallery02\08 - Kimberly\Set 08 - 2008-09-19\,{Shemale Yum Dvd03~1~2~08 - Kimberly - Set 08 - 2008 - 09 - 19}
kimberly8028.jpg,254176,42b500ed,\Gallery02\08 - Kimberly\Set 08 - 2008-09-19\,{Shemale Yum Dvd03~1~2~08 - Kimberly - Set 08 - 2008 - 09 - 19}
kimberly8029.jpg,234795,886e5863,\Gallery02\08 - Kimberly\Set 08 - 2008-09-19\,{Shemale Yum Dvd03~1~2~08 - Kimberly - Set 08 - 2008 - 09 - 19}
kimberly8030.jpg,205501,825e31ab,\Gallery02\08 - Kimberly\Set 08 - 2008-09-19\,{Shemale Yum Dvd03~1~2~08 - Kimberly - Set 08 - 2008 - 09 - 19}
kimberly8031.jpg,202714,84703812,\Gallery02\08 - Kimberly\Set 08 - 2008-09-19\,{Shemale Yum Dvd03~1~2~08 - Kimberly - Set 08 - 2008 - 09 - 19}
kimberly8032.jpg,227563,14ef6b27,\Gallery02\08 - Kimberly\Set 08 - 2008-09-19\,{Shemale Yum Dvd03~1~2~08 - Kimberly - Set 08 - 2008 - 09 - 19}
kimberly8033.jpg,204535,4c947d31,\Gallery02\08 - Kimberly\Set 08 - 2008-09-19\,{Shemale Yum Dvd03~1~2~08 - Kimberly - Set 08 - 2008 - 09 - 19}
kimberly8034.jpg,209267,e79a9370,\Gallery02\08 - Kimberly\Set 08 - 2008-09-19\,{Shemale Yum Dvd03~1~2~08 - Kimberly - Set 08 - 2008 - 09 - 19}
kimberly8035.jpg,208675,3ee4bc59,\Gallery02\08 - Kimberly\Set 08 - 2008-09-19\,{Shemale Yum Dvd03~1~2~08 - Kimberly - Set 08 - 2008 - 09 - 19}
kimberly8036.jpg,219587,a9cafb4e,\Gallery02\08 - Kimberly\Set 08 - 2008-09-19\,{Shemale Yum Dvd03~1~2~08 - Kimberly - Set 08 - 2008 - 09 - 19}
kimberly8037.jpg,200179,584f73d8,\Gallery02\08 - Kimberly\Set 08 - 2008-09-19\,{Shemale Yum Dvd03~1~2~08 - Kimberly - Set 08 - 2008 - 09 - 19}
kimberly8038.jpg,257620,8d28b218,\Gallery02\08 - Kimberly\Set 08 - 2008-09-19\,{Shemale Yum Dvd03~1~2~08 - Kimberly - Set 08 - 2008 - 09 - 19}
kimberly8039.jpg,260399,d929fcff,\Gallery02\08 - Kimberly\Set 08 - 2008-09-19\,{Shemale Yum Dvd03~1~2~08 - Kimberly - Set 08 - 2008 - 09 - 19}
kimberly8040.jpg,268969,e8d59434,\Gallery02\08 - Kimberly\Set 08 - 2008-09-19\,{Shemale Yum Dvd03~1~2~08 - Kimberly - Set 08 - 2008 - 09 - 19}
kimberly8041.jpg,248713,1f13e412,\Gallery02\08 - Kimberly\Set 08 - 2008-09-19\,{Shemale Yum Dvd03~1~2~08 - Kimberly - Set 08 - 2008 - 09 - 19}
kimberly8042.jpg,239816,4a2bc30f,\Gallery02\08 - Kimberly\Set 08 - 2008-09-19\,{Shemale Yum Dvd03~1~2~08 - Kimberly - Set 08 - 2008 - 09 - 19}
kimberly8043.jpg,246760,974d4c0a,\Gallery02\08 - Kimberly\Set 08 - 2008-09-19\,{Shemale Yum Dvd03~1~2~08 - Kimberly - Set 08 - 2008 - 09 - 19}
kimberly8044.jpg,229296,c5b30b1c,\Gallery02\08 - Kimberly\Set 08 - 2008-09-19\,{Shemale Yum Dvd03~1~2~08 - Kimberly - Set 08 - 2008 - 09 - 19}
kimberly8045.jpg,267851,4a7bd340,\Gallery02\08 - Kimberly\Set 08 - 2008-09-19\,{Shemale Yum Dvd03~1~2~08 - Kimberly - Set 08 - 2008 - 09 - 19}
kimberly8046.jpg,247645,b7883ea3,\Gallery02\08 - Kimberly\Set 08 - 2008-09-19\,{Shemale Yum Dvd03~1~2~08 - Kimberly - Set 08 - 2008 - 09 - 19}
kimberly8047.jpg,239234,6569f1fb,\Gallery02\08 - Kimberly\Set 08 - 2008-09-19\,{Shemale Yum Dvd03~1~2~08 - Kimberly - Set 08 - 2008 - 09 - 19}
kimberly8048.jpg,238566,80523d86,\Gallery02\08 - Kimberly\Set 08 - 2008-09-19\,{Shemale Yum Dvd03~1~2~08 - Kimberly - Set 08 - 2008 - 09 - 19}
kimberly8049.jpg,227321,0a3f1925,\Gallery02\08 - Kimberly\Set 08 - 2008-09-19\,{Shemale Yum Dvd03~1~2~08 - Kimberly - Set 08 - 2008 - 09 - 19}
kimberly8050.jpg,227708,c06cfb2f,\Gallery02\08 - Kimberly\Set 08 - 2008-09-19\,{Shemale Yum Dvd03~1~2~08 - Kimberly - Set 08 - 2008 - 09 - 19}
kimberly8051.jpg,216162,86079404,\Gallery02\08 - Kimberly\Set 08 - 2008-09-19\,{Shemale Yum Dvd03~1~2~08 - Kimberly - Set 08 - 2008 - 09 - 19}
kimberly8052.jpg,241267,c38489b5,\Gallery02\08 - Kimberly\Set 08 - 2008-09-19\,{Shemale Yum Dvd03~1~2~08 - Kimberly - Set 08 - 2008 - 09 - 19}
kimberly8053.jpg,210440,66fa490b,\Gallery02\08 - Kimberly\Set 08 - 2008-09-19\,{Shemale Yum Dvd03~1~2~08 - Kimberly - Set 08 - 2008 - 09 - 19}
kimberly8054.jpg,236281,a598dff5,\Gallery02\08 - Kimberly\Set 08 - 2008-09-19\,{Shemale Yum Dvd03~1~2~08 - Kimberly - Set 08 - 2008 - 09 - 19}
kimberly8055.jpg,230789,1a3768f2,\Gallery02\08 - Kimberly\Set 08 - 2008-09-19\,{Shemale Yum Dvd03~1~2~08 - Kimberly - Set 08 - 2008 - 09 - 19}
kimberly8056.jpg,242011,30a3de3e,\Gallery02\08 - Kimberly\Set 08 - 2008-09-19\,{Shemale Yum Dvd03~1~2~08 - Kimberly - Set 08 - 2008 - 09 - 19}
kimberly8057.jpg,242386,b48e4d97,\Gallery02\08 - Kimberly\Set 08 - 2008-09-19\,{Shemale Yum Dvd03~1~2~08 - Kimberly - Set 08 - 2008 - 09 - 19}
kimberly8058.jpg,249486,d41d26f4,\Gallery02\08 - Kimberly\Set 08 - 2008-09-19\,{Shemale Yum Dvd03~1~2~08 - Kimberly - Set 08 - 2008 - 09 - 19}
kimberly8059.jpg,223623,7ab717e8,\Gallery02\08 - Kimberly\Set 08 - 2008-09-19\,{Shemale Yum Dvd03~1~2~08 - Kimberly - Set 08 - 2008 - 09 - 19}
kimberly8060.jpg,237142,faca381d,\Gallery02\08 - Kimberly\Set 08 - 2008-09-19\,{Shemale Yum Dvd03~1~2~08 - Kimberly - Set 08 - 2008 - 09 - 19}
kimberly8061.jpg,244453,03cc69d9,\Gallery02\08 - Kimberly\Set 08 - 2008-09-19\,{Shemale Yum Dvd03~1~2~08 - Kimberly - Set 08 - 2008 - 09 - 19}
kimberly8062.jpg,236887,c74632e3,\Gallery02\08 - Kimberly\Set 08 - 2008-09-19\,{Shemale Yum Dvd03~1~2~08 - Kimberly - Set 08 - 2008 - 09 - 19}
kimberly8063.jpg,234548,a46e804f,\Gallery02\08 - Kimberly\Set 08 - 2008-09-19\,{Shemale Yum Dvd03~1~2~08 - Kimberly - Set 08 - 2008 - 09 - 19}
kimberly8064.jpg,223930,8c7d77b2,\Gallery02\08 - Kimberly\Set 08 - 2008-09-19\,{Shemale Yum Dvd03~1~2~08 - Kimberly - Set 08 - 2008 - 09 - 19}
kimberly8065.jpg,223969,0136aff0,\Gallery02\08 - Kimberly\Set 08 - 2008-09-19\,{Shemale Yum Dvd03~1~2~08 - Kimberly - Set 08 - 2008 - 09 - 19}
kimberly8066.jpg,251105,37a7bc3d,\Gallery02\08 - Kimberly\Set 08 - 2008-09-19\,{Shemale Yum Dvd03~1~2~08 - Kimberly - Set 08 - 2008 - 09 - 19}
kimberly8067.jpg,229634,6ac2bea4,\Gallery02\08 - Kimberly\Set 08 - 2008-09-19\,{Shemale Yum Dvd03~1~2~08 - Kimberly - Set 08 - 2008 - 09 - 19}
kimberly8068.jpg,224010,e79e0f88,\Gallery02\08 - Kimberly\Set 08 - 2008-09-19\,{Shemale Yum Dvd03~1~2~08 - Kimberly - Set 08 - 2008 - 09 - 19}
kimberly8069.jpg,237973,8e01a7c8,\Gallery02\08 - Kimberly\Set 08 - 2008-09-19\,{Shemale Yum Dvd03~1~2~08 - Kimberly - Set 08 - 2008 - 09 - 19}
kimberly8070.jpg,225087,2f650645,\Gallery02\08 - Kimberly\Set 08 - 2008-09-19\,{Shemale Yum Dvd03~1~2~08 - Kimberly - Set 08 - 2008 - 09 - 19}
kimberly8071.jpg,223357,89194d2b,\Gallery02\08 - Kimberly\Set 08 - 2008-09-19\,{Shemale Yum Dvd03~1~2~08 - Kimberly - Set 08 - 2008 - 09 - 19}
kimberly8072.jpg,238595,3afe8417,\Gallery02\08 - Kimberly\Set 08 - 2008-09-19\,{Shemale Yum Dvd03~1~2~08 - Kimberly - Set 08 - 2008 - 09 - 19}
kimberly8073.jpg,242490,c458fe46,\Gallery02\08 - Kimberly\Set 08 - 2008-09-19\,{Shemale Yum Dvd03~1~2~08 - Kimberly - Set 08 - 2008 - 09 - 19}
kimberly8074.jpg,235980,46dfec99,\Gallery02\08 - Kimberly\Set 08 - 2008-09-19\,{Shemale Yum Dvd03~1~2~08 - Kimberly - Set 08 - 2008 - 09 - 19}
kimberly8075.jpg,228189,5a2e7372,\Gallery02\08 - Kimberly\Set 08 - 2008-09-19\,{Shemale Yum Dvd03~1~2~08 - Kimberly - Set 08 - 2008 - 09 - 19}
kimberly8076.jpg,224803,a6251ee1,\Gallery02\08 - Kimberly\Set 08 - 2008-09-19\,{Shemale Yum Dvd03~1~2~08 - Kimberly - Set 08 - 2008 - 09 - 19}
kimberly8077.jpg,226599,5f95f9cd,\Gallery02\08 - Kimberly\Set 08 - 2008-09-19\,{Shemale Yum Dvd03~1~2~08 - Kimberly - Set 08 - 2008 - 09 - 19}
kimberly8078.jpg,235261,ab4f2f78,\Gallery02\08 - Kimberly\Set 08 - 2008-09-19\,{Shemale Yum Dvd03~1~2~08 - Kimberly - Set 08 - 2008 - 09 - 19}
kimberly8079.jpg,236358,c5042ced,\Gallery02\08 - Kimberly\Set 08 - 2008-09-19\,{Shemale Yum Dvd03~1~2~08 - Kimberly - Set 08 - 2008 - 09 - 19}
kimberly8080.jpg,154294,50d1a5bc,\Gallery02\08 - Kimberly\Set 08 - 2008-09-19\,{Shemale Yum Dvd03~1~2~08 - Kimberly - Set 08 - 2008 - 09 - 19}
olivialove3001.jpg,339409,47fbcfb5,\Gallery12\01 - Olivialove\Set 03 - 2008-06-20\,{Shemale Yum Dvd03~14~1~01 - Olivialove - Set 03 - 2008 - 06 - 20}
olivialove3002.jpg,254324,96792cbd,\Gallery12\01 - Olivialove\Set 03 - 2008-06-20\,{Shemale Yum Dvd03~14~1~01 - Olivialove - Set 03 - 2008 - 06 - 20}
olivialove3003.jpg,315658,bb515f93,\Gallery12\01 - Olivialove\Set 03 - 2008-06-20\,{Shemale Yum Dvd03~14~1~01 - Olivialove - Set 03 - 2008 - 06 - 20}
olivialove3004.jpg,284316,45e184f3,\Gallery12\01 - Olivialove\Set 03 - 2008-06-20\,{Shemale Yum Dvd03~14~1~01 - Olivialove - Set 03 - 2008 - 06 - 20}
olivialove3005.jpg,379475,18c04979,\Gallery12\01 - Olivialove\Set 03 - 2008-06-20\,{Shemale Yum Dvd03~14~1~01 - Olivialove - Set 03 - 2008 - 06 - 20}
olivialove3006.jpg,355440,c0323e3c,\Gallery12\01 - Olivialove\Set 03 - 2008-06-20\,{Shemale Yum Dvd03~14~1~01 - Olivialove - Set 03 - 2008 - 06 - 20}
olivialove3007.jpg,355216,12e1fdeb,\Gallery12\01 - Olivialove\Set 03 - 2008-06-20\,{Shemale Yum Dvd03~14~1~01 - Olivialove - Set 03 - 2008 - 06 - 20}
olivialove3008.jpg,400606,531c94dd,\Gallery12\01 - Olivialove\Set 03 - 2008-06-20\,{Shemale Yum Dvd03~14~1~01 - Olivialove - Set 03 - 2008 - 06 - 20}
olivialove3009.jpg,385115,e047e3ed,\Gallery12\01 - Olivialove\Set 03 - 2008-06-20\,{Shemale Yum Dvd03~14~1~01 - Olivialove - Set 03 - 2008 - 06 - 20}
olivialove3010.jpg,305611,c7a2643c,\Gallery12\01 - Olivialove\Set 03 - 2008-06-20\,{Shemale Yum Dvd03~14~1~01 - Olivialove - Set 03 - 2008 - 06 - 20}
olivialove3011.jpg,382899,5b9e7250,\Gallery12\01 - Olivialove\Set 03 - 2008-06-20\,{Shemale Yum Dvd03~14~1~01 - Olivialove - Set 03 - 2008 - 06 - 20}
olivialove3012.jpg,298692,016a0ced,\Gallery12\01 - Olivialove\Set 03 - 2008-06-20\,{Shemale Yum Dvd03~14~1~01 - Olivialove - Set 03 - 2008 - 06 - 20}
olivialove3013.jpg,338672,9825599d,\Gallery12\01 - Olivialove\Set 03 - 2008-06-20\,{Shemale Yum Dvd03~14~1~01 - Olivialove - Set 03 - 2008 - 06 - 20}
olivialove3014.jpg,380207,fdd1f24d,\Gallery12\01 - Olivialove\Set 03 - 2008-06-20\,{Shemale Yum Dvd03~14~1~01 - Olivialove - Set 03 - 2008 - 06 - 20}
olivialove3015.jpg,364200,e02d174d,\Gallery12\01 - Olivialove\Set 03 - 2008-06-20\,{Shemale Yum Dvd03~14~1~01 - Olivialove - Set 03 - 2008 - 06 - 20}
olivialove3016.jpg,321518,a0439c18,\Gallery12\01 - Olivialove\Set 03 - 2008-06-20\,{Shemale Yum Dvd03~14~1~01 - Olivialove - Set 03 - 2008 - 06 - 20}
olivialove3017.jpg,365550,05b9575e,\Gallery12\01 - Olivialove\Set 03 - 2008-06-20\,{Shemale Yum Dvd03~14~1~01 - Olivialove - Set 03 - 2008 - 06 - 20}
olivialove3018.jpg,304858,a3f50538,\Gallery12\01 - Olivialove\Set 03 - 2008-06-20\,{Shemale Yum Dvd03~14~1~01 - Olivialove - Set 03 - 2008 - 06 - 20}
olivialove3019.jpg,359547,4fde3409,\Gallery12\01 - Olivialove\Set 03 - 2008-06-20\,{Shemale Yum Dvd03~14~1~01 - Olivialove - Set 03 - 2008 - 06 - 20}
olivialove3020.jpg,362569,ee95c66e,\Gallery12\01 - Olivialove\Set 03 - 2008-06-20\,{Shemale Yum Dvd03~14~1~01 - Olivialove - Set 03 - 2008 - 06 - 20}
olivialove3021.jpg,266027,e77d5cda,\Gallery12\01 - Olivialove\Set 03 - 2008-06-20\,{Shemale Yum Dvd03~14~1~01 - Olivialove - Set 03 - 2008 - 06 - 20}
olivialove3022.jpg,309355,7b4f79a0,\Gallery12\01 - Olivialove\Set 03 - 2008-06-20\,{Shemale Yum Dvd03~14~1~01 - Olivialove - Set 03 - 2008 - 06 - 20}
olivialove3023.jpg,321973,d3c98c30,\Gallery12\01 - Olivialove\Set 03 - 2008-06-20\,{Shemale Yum Dvd03~14~1~01 - Olivialove - Set 03 - 2008 - 06 - 20}
olivialove3024.jpg,335104,4b050ae5,\Gallery12\01 - Olivialove\Set 03 - 2008-06-20\,{Shemale Yum Dvd03~14~1~01 - Olivialove - Set 03 - 2008 - 06 - 20}
olivialove3025.jpg,319519,dbf74e15,\Gallery12\01 - Olivialove\Set 03 - 2008-06-20\,{Shemale Yum Dvd03~14~1~01 - Olivialove - Set 03 - 2008 - 06 - 20}
olivialove3026.jpg,366243,1dcaa735,\Gallery12\01 - Olivialove\Set 03 - 2008-06-20\,{Shemale Yum Dvd03~14~1~01 - Olivialove - Set 03 - 2008 - 06 - 20}
olivialove3027.jpg,304945,81e568d7,\Gallery12\01 - Olivialove\Set 03 - 2008-06-20\,{Shemale Yum Dvd03~14~1~01 - Olivialove - Set 03 - 2008 - 06 - 20}
olivialove3028.jpg,304417,17e0dd11,\Gallery12\01 - Olivialove\Set 03 - 2008-06-20\,{Shemale Yum Dvd03~14~1~01 - Olivialove - Set 03 - 2008 - 06 - 20}
olivialove3029.jpg,327474,aee00c9a,\Gallery12\01 - Olivialove\Set 03 - 2008-06-20\,{Shemale Yum Dvd03~14~1~01 - Olivialove - Set 03 - 2008 - 06 - 20}
olivialove3030.jpg,339354,2c24f6dd,\Gallery12\01 - Olivialove\Set 03 - 2008-06-20\,{Shemale Yum Dvd03~14~1~01 - Olivialove - Set 03 - 2008 - 06 - 20}
olivialove3031.jpg,336831,cf378a93,\Gallery12\01 - Olivialove\Set 03 - 2008-06-20\,{Shemale Yum Dvd03~14~1~01 - Olivialove - Set 03 - 2008 - 06 - 20}
olivialove3032.jpg,322566,4c478dd0,\Gallery12\01 - Olivialove\Set 03 - 2008-06-20\,{Shemale Yum Dvd03~14~1~01 - Olivialove - Set 03 - 2008 - 06 - 20}
olivialove3033.jpg,368925,b4a21ee5,\Gallery12\01 - Olivialove\Set 03 - 2008-06-20\,{Shemale Yum Dvd03~14~1~01 - Olivialove - Set 03 - 2008 - 06 - 20}
olivialove3034.jpg,360320,6c8f0ad5,\Gallery12\01 - Olivialove\Set 03 - 2008-06-20\,{Shemale Yum Dvd03~14~1~01 - Olivialove - Set 03 - 2008 - 06 - 20}
olivialove3035.jpg,348743,9957c437,\Gallery12\01 - Olivialove\Set 03 - 2008-06-20\,{Shemale Yum Dvd03~14~1~01 - Olivialove - Set 03 - 2008 - 06 - 20}
olivialove3036.jpg,341423,329357b7,\Gallery12\01 - Olivialove\Set 03 - 2008-06-20\,{Shemale Yum Dvd03~14~1~01 - Olivialove - Set 03 - 2008 - 06 - 20}
olivialove3037.jpg,323601,ea6dfef9,\Gallery12\01 - Olivialove\Set 03 - 2008-06-20\,{Shemale Yum Dvd03~14~1~01 - Olivialove - Set 03 - 2008 - 06 - 20}
olivialove3038.jpg,288216,cc824269,\Gallery12\01 - Olivialove\Set 03 - 2008-06-20\,{Shemale Yum Dvd03~14~1~01 - Olivialove - Set 03 - 2008 - 06 - 20}
olivialove3039.jpg,397067,4a62e905,\Gallery12\01 - Olivialove\Set 03 - 2008-06-20\,{Shemale Yum Dvd03~14~1~01 - Olivialove - Set 03 - 2008 - 06 - 20}
olivialove3040.jpg,304072,c3571c12,\Gallery12\01 - Olivialove\Set 03 - 2008-06-20\,{Shemale Yum Dvd03~14~1~01 - Olivialove - Set 03 - 2008 - 06 - 20}
olivialove3041.jpg,296213,be44029d,\Gallery12\01 - Olivialove\Set 03 - 2008-06-20\,{Shemale Yum Dvd03~14~1~01 - Olivialove - Set 03 - 2008 - 06 - 20}
olivialove3042.jpg,364603,2fa00cf5,\Gallery12\01 - Olivialove\Set 03 - 2008-06-20\,{Shemale Yum Dvd03~14~1~01 - Olivialove - Set 03 - 2008 - 06 - 20}
olivialove3043.jpg,376143,eb10014d,\Gallery12\01 - Olivialove\Set 03 - 2008-06-20\,{Shemale Yum Dvd03~14~1~01 - Olivialove - Set 03 - 2008 - 06 - 20}
olivialove3044.jpg,321304,c54be0ab,\Gallery12\01 - Olivialove\Set 03 - 2008-06-20\,{Shemale Yum Dvd03~14~1~01 - Olivialove - Set 03 - 2008 - 06 - 20}
olivialove3045.jpg,334739,cc27f841,\Gallery12\01 - Olivialove\Set 03 - 2008-06-20\,{Shemale Yum Dvd03~14~1~01 - Olivialove - Set 03 - 2008 - 06 - 20}
olivialove3046.jpg,331306,3ad00e67,\Gallery12\01 - Olivialove\Set 03 - 2008-06-20\,{Shemale Yum Dvd03~14~1~01 - Olivialove - Set 03 - 2008 - 06 - 20}
olivialove3047.jpg,295015,9a5902d7,\Gallery12\01 - Olivialove\Set 03 - 2008-06-20\,{Shemale Yum Dvd03~14~1~01 - Olivialove - Set 03 - 2008 - 06 - 20}
olivialove3048.jpg,222255,82a3b1a2,\Gallery12\01 - Olivialove\Set 03 - 2008-06-20\,{Shemale Yum Dvd03~14~1~01 - Olivialove - Set 03 - 2008 - 06 - 20}
olivialove3049.jpg,239133,57e1fdb8,\Gallery12\01 - Olivialove\Set 03 - 2008-06-20\,{Shemale Yum Dvd03~14~1~01 - Olivialove - Set 03 - 2008 - 06 - 20}
olivialove3050.jpg,310867,d8432fc9,\Gallery12\01 - Olivialove\Set 03 - 2008-06-20\,{Shemale Yum Dvd03~14~1~01 - Olivialove - Set 03 - 2008 - 06 - 20}
olivialove3051.jpg,307755,99f33c88,\Gallery12\01 - Olivialove\Set 03 - 2008-06-20\,{Shemale Yum Dvd03~14~1~01 - Olivialove - Set 03 - 2008 - 06 - 20}
olivialove3052.jpg,280180,585dc4c5,\Gallery12\01 - Olivialove\Set 03 - 2008-06-20\,{Shemale Yum Dvd03~14~1~01 - Olivialove - Set 03 - 2008 - 06 - 20}
olivialove3053.jpg,285010,d0a09649,\Gallery12\01 - Olivialove\Set 03 - 2008-06-20\,{Shemale Yum Dvd03~14~1~01 - Olivialove - Set 03 - 2008 - 06 - 20}
olivialove3054.jpg,233904,35aee49b,\Gallery12\01 - Olivialove\Set 03 - 2008-06-20\,{Shemale Yum Dvd03~14~1~01 - Olivialove - Set 03 - 2008 - 06 - 20}
olivialove3055.jpg,299252,d85bed85,\Gallery12\01 - Olivialove\Set 03 - 2008-06-20\,{Shemale Yum Dvd03~14~1~01 - Olivialove - Set 03 - 2008 - 06 - 20}
olivialove3056.jpg,378069,bdcd32ba,\Gallery12\01 - Olivialove\Set 03 - 2008-06-20\,{Shemale Yum Dvd03~14~1~01 - Olivialove - Set 03 - 2008 - 06 - 20}
olivialove3057.jpg,384329,5a29c6ab,\Gallery12\01 - Olivialove\Set 03 - 2008-06-20\,{Shemale Yum Dvd03~14~1~01 - Olivialove - Set 03 - 2008 - 06 - 20}
olivialove3058.jpg,411044,4b43b490,\Gallery12\01 - Olivialove\Set 03 - 2008-06-20\,{Shemale Yum Dvd03~14~1~01 - Olivialove - Set 03 - 2008 - 06 - 20}
olivialove3059.jpg,339258,40dc0e6e,\Gallery12\01 - Olivialove\Set 03 - 2008-06-20\,{Shemale Yum Dvd03~14~1~01 - Olivialove - Set 03 - 2008 - 06 - 20}
olivialove3060.jpg,341708,18608bad,\Gallery12\01 - Olivialove\Set 03 - 2008-06-20\,{Shemale Yum Dvd03~14~1~01 - Olivialove - Set 03 - 2008 - 06 - 20}
olivialove3061.jpg,336735,95fce035,\Gallery12\01 - Olivialove\Set 03 - 2008-06-20\,{Shemale Yum Dvd03~14~1~01 - Olivialove - Set 03 - 2008 - 06 - 20}
olivialove3062.jpg,329356,c6901a0a,\Gallery12\01 - Olivialove\Set 03 - 2008-06-20\,{Shemale Yum Dvd03~14~1~01 - Olivialove - Set 03 - 2008 - 06 - 20}
olivialove3063.jpg,299578,2fb0e255,\Gallery12\01 - Olivialove\Set 03 - 2008-06-20\,{Shemale Yum Dvd03~14~1~01 - Olivialove - Set 03 - 2008 - 06 - 20}
olivialove3064.jpg,287943,989c49e3,\Gallery12\01 - Olivialove\Set 03 - 2008-06-20\,{Shemale Yum Dvd03~14~1~01 - Olivialove - Set 03 - 2008 - 06 - 20}
olivialove3065.jpg,287559,51b7e36e,\Gallery12\01 - Olivialove\Set 03 - 2008-06-20\,{Shemale Yum Dvd03~14~1~01 - Olivialove - Set 03 - 2008 - 06 - 20}
olivialove3066.jpg,379301,f8514ea5,\Gallery12\01 - Olivialove\Set 03 - 2008-06-20\,{Shemale Yum Dvd03~14~1~01 - Olivialove - Set 03 - 2008 - 06 - 20}
olivialove3067.jpg,353702,7ae2e021,\Gallery12\01 - Olivialove\Set 03 - 2008-06-20\,{Shemale Yum Dvd03~14~1~01 - Olivialove - Set 03 - 2008 - 06 - 20}
olivialove3068.jpg,368846,9e38f5ef,\Gallery12\01 - Olivialove\Set 03 - 2008-06-20\,{Shemale Yum Dvd03~14~1~01 - Olivialove - Set 03 - 2008 - 06 - 20}
olivialove3069.jpg,339328,8303430e,\Gallery12\01 - Olivialove\Set 03 - 2008-06-20\,{Shemale Yum Dvd03~14~1~01 - Olivialove - Set 03 - 2008 - 06 - 20}
olivialove3070.jpg,337092,e9e45828,\Gallery12\01 - Olivialove\Set 03 - 2008-06-20\,{Shemale Yum Dvd03~14~1~01 - Olivialove - Set 03 - 2008 - 06 - 20}
olivialove3071.jpg,338819,a63cc57f,\Gallery12\01 - Olivialove\Set 03 - 2008-06-20\,{Shemale Yum Dvd03~14~1~01 - Olivialove - Set 03 - 2008 - 06 - 20}
olivialove3072.jpg,375294,7a3a64c6,\Gallery12\01 - Olivialove\Set 03 - 2008-06-20\,{Shemale Yum Dvd03~14~1~01 - Olivialove - Set 03 - 2008 - 06 - 20}
olivialove3073.jpg,323094,bd814974,\Gallery12\01 - Olivialove\Set 03 - 2008-06-20\,{Shemale Yum Dvd03~14~1~01 - Olivialove - Set 03 - 2008 - 06 - 20}
olivialove3074.jpg,320409,53ee5e96,\Gallery12\01 - Olivialove\Set 03 - 2008-06-20\,{Shemale Yum Dvd03~14~1~01 - Olivialove - Set 03 - 2008 - 06 - 20}
olivialove3075.jpg,335306,0b3a0e87,\Gallery12\01 - Olivialove\Set 03 - 2008-06-20\,{Shemale Yum Dvd03~14~1~01 - Olivialove - Set 03 - 2008 - 06 - 20}
olivialove3076.jpg,342255,30d9523d,\Gallery12\01 - Olivialove\Set 03 - 2008-06-20\,{Shemale Yum Dvd03~14~1~01 - Olivialove - Set 03 - 2008 - 06 - 20}
olivialove3077.jpg,224988,bf8375a8,\Gallery12\01 - Olivialove\Set 03 - 2008-06-20\,{Shemale Yum Dvd03~14~1~01 - Olivialove - Set 03 - 2008 - 06 - 20}
olivialove3078.jpg,230390,912acc1e,\Gallery12\01 - Olivialove\Set 03 - 2008-06-20\,{Shemale Yum Dvd03~14~1~01 - Olivialove - Set 03 - 2008 - 06 - 20}
olivialove3079.jpg,298954,368503d6,\Gallery12\01 - Olivialove\Set 03 - 2008-06-20\,{Shemale Yum Dvd03~14~1~01 - Olivialove - Set 03 - 2008 - 06 - 20}
olivialove3080.jpg,355378,b1f967b3,\Gallery12\01 - Olivialove\Set 03 - 2008-06-20\,{Shemale Yum Dvd03~14~1~01 - Olivialove - Set 03 - 2008 - 06 - 20}
olivialove3081.jpg,244498,3e386893,\Gallery12\01 - Olivialove\Set 03 - 2008-06-20\,{Shemale Yum Dvd03~14~1~01 - Olivialove - Set 03 - 2008 - 06 - 20}
olivialove3082.jpg,310979,2b95b369,\Gallery12\01 - Olivialove\Set 03 - 2008-06-20\,{Shemale Yum Dvd03~14~1~01 - Olivialove - Set 03 - 2008 - 06 - 20}
olivialove3083.jpg,376395,3120108e,\Gallery12\01 - Olivialove\Set 03 - 2008-06-20\,{Shemale Yum Dvd03~14~1~01 - Olivialove - Set 03 - 2008 - 06 - 20}
olivialove4001.jpg,246776,cedddd7a,\Gallery12\01 - Olivialove\Set 04 - 2008-08-15\,{Shemale Yum Dvd03~14~2~01 - Olivialove - Set 04 - 2008 - 08 - 15}
olivialove4002.jpg,273077,3e0724f4,\Gallery12\01 - Olivialove\Set 04 - 2008-08-15\,{Shemale Yum Dvd03~14~2~01 - Olivialove - Set 04 - 2008 - 08 - 15}
olivialove4003.jpg,279080,29710a6c,\Gallery12\01 - Olivialove\Set 04 - 2008-08-15\,{Shemale Yum Dvd03~14~2~01 - Olivialove - Set 04 - 2008 - 08 - 15}
olivialove4004.jpg,246243,ca458615,\Gallery12\01 - Olivialove\Set 04 - 2008-08-15\,{Shemale Yum Dvd03~14~2~01 - Olivialove - Set 04 - 2008 - 08 - 15}
olivialove4005.jpg,226523,c73b474d,\Gallery12\01 - Olivialove\Set 04 - 2008-08-15\,{Shemale Yum Dvd03~14~2~01 - Olivialove - Set 04 - 2008 - 08 - 15}
olivialove4006.jpg,260876,8a070c77,\Gallery12\01 - Olivialove\Set 04 - 2008-08-15\,{Shemale Yum Dvd03~14~2~01 - Olivialove - Set 04 - 2008 - 08 - 15}
olivialove4007.jpg,271606,5aafe8dc,\Gallery12\01 - Olivialove\Set 04 - 2008-08-15\,{Shemale Yum Dvd03~14~2~01 - Olivialove - Set 04 - 2008 - 08 - 15}
olivialove4008.jpg,254588,f40a7ddc,\Gallery12\01 - Olivialove\Set 04 - 2008-08-15\,{Shemale Yum Dvd03~14~2~01 - Olivialove - Set 04 - 2008 - 08 - 15}
olivialove4009.jpg,289704,2707f7e9,\Gallery12\01 - Olivialove\Set 04 - 2008-08-15\,{Shemale Yum Dvd03~14~2~01 - Olivialove - Set 04 - 2008 - 08 - 15}
olivialove4010.jpg,204764,a2cf9996,\Gallery12\01 - Olivialove\Set 04 - 2008-08-15\,{Shemale Yum Dvd03~14~2~01 - Olivialove - Set 04 - 2008 - 08 - 15}
olivialove4011.jpg,246102,df404963,\Gallery12\01 - Olivialove\Set 04 - 2008-08-15\,{Shemale Yum Dvd03~14~2~01 - Olivialove - Set 04 - 2008 - 08 - 15}
olivialove4012.jpg,247910,4d2b5da1,\Gallery12\01 - Olivialove\Set 04 - 2008-08-15\,{Shemale Yum Dvd03~14~2~01 - Olivialove - Set 04 - 2008 - 08 - 15}
olivialove4013.jpg,282641,9eae3cd4,\Gallery12\01 - Olivialove\Set 04 - 2008-08-15\,{Shemale Yum Dvd03~14~2~01 - Olivialove - Set 04 - 2008 - 08 - 15}
olivialove4014.jpg,234978,f1ffcba2,\Gallery12\01 - Olivialove\Set 04 - 2008-08-15\,{Shemale Yum Dvd03~14~2~01 - Olivialove - Set 04 - 2008 - 08 - 15}
olivialove4015.jpg,248113,8219b148,\Gallery12\01 - Olivialove\Set 04 - 2008-08-15\,{Shemale Yum Dvd03~14~2~01 - Olivialove - Set 04 - 2008 - 08 - 15}
olivialove4016.jpg,292711,ba7255d9,\Gallery12\01 - Olivialove\Set 04 - 2008-08-15\,{Shemale Yum Dvd03~14~2~01 - Olivialove - Set 04 - 2008 - 08 - 15}
olivialove4017.jpg,274792,445cc44b,\Gallery12\01 - Olivialove\Set 04 - 2008-08-15\,{Shemale Yum Dvd03~14~2~01 - Olivialove - Set 04 - 2008 - 08 - 15}
olivialove4018.jpg,270953,c74db287,\Gallery12\01 - Olivialove\Set 04 - 2008-08-15\,{Shemale Yum Dvd03~14~2~01 - Olivialove - Set 04 - 2008 - 08 - 15}
olivialove4019.jpg,272034,dc412d6a,\Gallery12\01 - Olivialove\Set 04 - 2008-08-15\,{Shemale Yum Dvd03~14~2~01 - Olivialove - Set 04 - 2008 - 08 - 15}
olivialove4020.jpg,298656,4c7e62cb,\Gallery12\01 - Olivialove\Set 04 - 2008-08-15\,{Shemale Yum Dvd03~14~2~01 - Olivialove - Set 04 - 2008 - 08 - 15}
olivialove4021.jpg,308144,2da7cda5,\Gallery12\01 - Olivialove\Set 04 - 2008-08-15\,{Shemale Yum Dvd03~14~2~01 - Olivialove - Set 04 - 2008 - 08 - 15}
olivialove4022.jpg,277522,e45057bf,\Gallery12\01 - Olivialove\Set 04 - 2008-08-15\,{Shemale Yum Dvd03~14~2~01 - Olivialove - Set 04 - 2008 - 08 - 15}
olivialove4023.jpg,270050,e4e22cd9,\Gallery12\01 - Olivialove\Set 04 - 2008-08-15\,{Shemale Yum Dvd03~14~2~01 - Olivialove - Set 04 - 2008 - 08 - 15}
olivialove4024.jpg,279348,36964ec6,\Gallery12\01 - Olivialove\Set 04 - 2008-08-15\,{Shemale Yum Dvd03~14~2~01 - Olivialove - Set 04 - 2008 - 08 - 15}
olivialove4025.jpg,264052,45273e1b,\Gallery12\01 - Olivialove\Set 04 - 2008-08-15\,{Shemale Yum Dvd03~14~2~01 - Olivialove - Set 04 - 2008 - 08 - 15}
olivialove4026.jpg,292978,728597b1,\Gallery12\01 - Olivialove\Set 04 - 2008-08-15\,{Shemale Yum Dvd03~14~2~01 - Olivialove - Set 04 - 2008 - 08 - 15}
olivialove4027.jpg,295154,46513465,\Gallery12\01 - Olivialove\Set 04 - 2008-08-15\,{Shemale Yum Dvd03~14~2~01 - Olivialove - Set 04 - 2008 - 08 - 15}
olivialove4028.jpg,245532,c4b95bac,\Gallery12\01 - Olivialove\Set 04 - 2008-08-15\,{Shemale Yum Dvd03~14~2~01 - Olivialove - Set 04 - 2008 - 08 - 15}
olivialove4029.jpg,255658,2e52fba6,\Gallery12\01 - Olivialove\Set 04 - 2008-08-15\,{Shemale Yum Dvd03~14~2~01 - Olivialove - Set 04 - 2008 - 08 - 15}
olivialove4030.jpg,327408,d811a720,\Gallery12\01 - Olivialove\Set 04 - 2008-08-15\,{Shemale Yum Dvd03~14~2~01 - Olivialove - Set 04 - 2008 - 08 - 15}
olivialove4031.jpg,240837,05407d53,\Gallery12\01 - Olivialove\Set 04 - 2008-08-15\,{Shemale Yum Dvd03~14~2~01 - Olivialove - Set 04 - 2008 - 08 - 15}
olivialove4032.jpg,250586,81978622,\Gallery12\01 - Olivialove\Set 04 - 2008-08-15\,{Shemale Yum Dvd03~14~2~01 - Olivialove - Set 04 - 2008 - 08 - 15}
olivialove4033.jpg,257865,036ac251,\Gallery12\01 - Olivialove\Set 04 - 2008-08-15\,{Shemale Yum Dvd03~14~2~01 - Olivialove - Set 04 - 2008 - 08 - 15}
olivialove4034.jpg,237796,a5637d47,\Gallery12\01 - Olivialove\Set 04 - 2008-08-15\,{Shemale Yum Dvd03~14~2~01 - Olivialove - Set 04 - 2008 - 08 - 15}
olivialove4035.jpg,264569,1817f107,\Gallery12\01 - Olivialove\Set 04 - 2008-08-15\,{Shemale Yum Dvd03~14~2~01 - Olivialove - Set 04 - 2008 - 08 - 15}
olivialove4036.jpg,256468,01cc190f,\Gallery12\01 - Olivialove\Set 04 - 2008-08-15\,{Shemale Yum Dvd03~14~2~01 - Olivialove - Set 04 - 2008 - 08 - 15}
olivialove4037.jpg,274607,c7e939ee,\Gallery12\01 - Olivialove\Set 04 - 2008-08-15\,{Shemale Yum Dvd03~14~2~01 - Olivialove - Set 04 - 2008 - 08 - 15}
olivialove4038.jpg,265723,daef2203,\Gallery12\01 - Olivialove\Set 04 - 2008-08-15\,{Shemale Yum Dvd03~14~2~01 - Olivialove - Set 04 - 2008 - 08 - 15}
olivialove4039.jpg,248177,ecc3acbd,\Gallery12\01 - Olivialove\Set 04 - 2008-08-15\,{Shemale Yum Dvd03~14~2~01 - Olivialove - Set 04 - 2008 - 08 - 15}
olivialove4040.jpg,293927,134ff1ab,\Gallery12\01 - Olivialove\Set 04 - 2008-08-15\,{Shemale Yum Dvd03~14~2~01 - Olivialove - Set 04 - 2008 - 08 - 15}
olivialove4041.jpg,254633,1b93b327,\Gallery12\01 - Olivialove\Set 04 - 2008-08-15\,{Shemale Yum Dvd03~14~2~01 - Olivialove - Set 04 - 2008 - 08 - 15}
olivialove4042.jpg,244003,13a02398,\Gallery12\01 - Olivialove\Set 04 - 2008-08-15\,{Shemale Yum Dvd03~14~2~01 - Olivialove - Set 04 - 2008 - 08 - 15}
olivialove4043.jpg,231332,c5135008,\Gallery12\01 - Olivialove\Set 04 - 2008-08-15\,{Shemale Yum Dvd03~14~2~01 - Olivialove - Set 04 - 2008 - 08 - 15}
olivialove4044.jpg,228654,afb88037,\Gallery12\01 - Olivialove\Set 04 - 2008-08-15\,{Shemale Yum Dvd03~14~2~01 - Olivialove - Set 04 - 2008 - 08 - 15}
olivialove4045.jpg,248759,fab39918,\Gallery12\01 - Olivialove\Set 04 - 2008-08-15\,{Shemale Yum Dvd03~14~2~01 - Olivialove - Set 04 - 2008 - 08 - 15}
olivialove4046.jpg,245874,8fe3d344,\Gallery12\01 - Olivialove\Set 04 - 2008-08-15\,{Shemale Yum Dvd03~14~2~01 - Olivialove - Set 04 - 2008 - 08 - 15}
olivialove4047.jpg,331752,9053fbc0,\Gallery12\01 - Olivialove\Set 04 - 2008-08-15\,{Shemale Yum Dvd03~14~2~01 - Olivialove - Set 04 - 2008 - 08 - 15}
olivialove4048.jpg,265894,a7d1331a,\Gallery12\01 - Olivialove\Set 04 - 2008-08-15\,{Shemale Yum Dvd03~14~2~01 - Olivialove - Set 04 - 2008 - 08 - 15}
olivialove4049.jpg,249137,84062a2c,\Gallery12\01 - Olivialove\Set 04 - 2008-08-15\,{Shemale Yum Dvd03~14~2~01 - Olivialove - Set 04 - 2008 - 08 - 15}
olivialove4050.jpg,243600,1fea76ef,\Gallery12\01 - Olivialove\Set 04 - 2008-08-15\,{Shemale Yum Dvd03~14~2~01 - Olivialove - Set 04 - 2008 - 08 - 15}
olivialove4051.jpg,231440,c25a2ec0,\Gallery12\01 - Olivialove\Set 04 - 2008-08-15\,{Shemale Yum Dvd03~14~2~01 - Olivialove - Set 04 - 2008 - 08 - 15}
olivialove4052.jpg,256428,0d7bac65,\Gallery12\01 - Olivialove\Set 04 - 2008-08-15\,{Shemale Yum Dvd03~14~2~01 - Olivialove - Set 04 - 2008 - 08 - 15}
olivialove4053.jpg,197156,1272969c,\Gallery12\01 - Olivialove\Set 04 - 2008-08-15\,{Shemale Yum Dvd03~14~2~01 - Olivialove - Set 04 - 2008 - 08 - 15}
olivialove4054.jpg,199285,4662b34d,\Gallery12\01 - Olivialove\Set 04 - 2008-08-15\,{Shemale Yum Dvd03~14~2~01 - Olivialove - Set 04 - 2008 - 08 - 15}
olivialove4055.jpg,244018,3b67181d,\Gallery12\01 - Olivialove\Set 04 - 2008-08-15\,{Shemale Yum Dvd03~14~2~01 - Olivialove - Set 04 - 2008 - 08 - 15}
olivialove4056.jpg,227060,498d585a,\Gallery12\01 - Olivialove\Set 04 - 2008-08-15\,{Shemale Yum Dvd03~14~2~01 - Olivialove - Set 04 - 2008 - 08 - 15}
olivialove4057.jpg,230828,3d5faac6,\Gallery12\01 - Olivialove\Set 04 - 2008-08-15\,{Shemale Yum Dvd03~14~2~01 - Olivialove - Set 04 - 2008 - 08 - 15}
olivialove4058.jpg,249920,d41685cb,\Gallery12\01 - Olivialove\Set 04 - 2008-08-15\,{Shemale Yum Dvd03~14~2~01 - Olivialove - Set 04 - 2008 - 08 - 15}
olivialove4059.jpg,254913,2bc1f734,\Gallery12\01 - Olivialove\Set 04 - 2008-08-15\,{Shemale Yum Dvd03~14~2~01 - Olivialove - Set 04 - 2008 - 08 - 15}
olivialove4060.jpg,241104,acd8a41f,\Gallery12\01 - Olivialove\Set 04 - 2008-08-15\,{Shemale Yum Dvd03~14~2~01 - Olivialove - Set 04 - 2008 - 08 - 15}
olivialove4061.jpg,309684,f7bea14c,\Gallery12\01 - Olivialove\Set 04 - 2008-08-15\,{Shemale Yum Dvd03~14~2~01 - Olivialove - Set 04 - 2008 - 08 - 15}
olivialove4062.jpg,279872,ac39cf58,\Gallery12\01 - Olivialove\Set 04 - 2008-08-15\,{Shemale Yum Dvd03~14~2~01 - Olivialove - Set 04 - 2008 - 08 - 15}
olivialove4063.jpg,235743,3d7bcc08,\Gallery12\01 - Olivialove\Set 04 - 2008-08-15\,{Shemale Yum Dvd03~14~2~01 - Olivialove - Set 04 - 2008 - 08 - 15}
olivialove4064.jpg,248231,1def128c,\Gallery12\01 - Olivialove\Set 04 - 2008-08-15\,{Shemale Yum Dvd03~14~2~01 - Olivialove - Set 04 - 2008 - 08 - 15}
olivialove4065.jpg,216428,0fd47642,\Gallery12\01 - Olivialove\Set 04 - 2008-08-15\,{Shemale Yum Dvd03~14~2~01 - Olivialove - Set 04 - 2008 - 08 - 15}
olivialove4066.jpg,222211,7dbaf3e5,\Gallery12\01 - Olivialove\Set 04 - 2008-08-15\,{Shemale Yum Dvd03~14~2~01 - Olivialove - Set 04 - 2008 - 08 - 15}
olivialove4067.jpg,267494,197ec38f,\Gallery12\01 - Olivialove\Set 04 - 2008-08-15\,{Shemale Yum Dvd03~14~2~01 - Olivialove - Set 04 - 2008 - 08 - 15}
olivialove4068.jpg,279505,1a2b3a1d,\Gallery12\01 - Olivialove\Set 04 - 2008-08-15\,{Shemale Yum Dvd03~14~2~01 - Olivialove - Set 04 - 2008 - 08 - 15}
olivialove4069.jpg,320118,c2d4b268,\Gallery12\01 - Olivialove\Set 04 - 2008-08-15\,{Shemale Yum Dvd03~14~2~01 - Olivialove - Set 04 - 2008 - 08 - 15}
olivialove4070.jpg,254915,e12a825e,\Gallery12\01 - Olivialove\Set 04 - 2008-08-15\,{Shemale Yum Dvd03~14~2~01 - Olivialove - Set 04 - 2008 - 08 - 15}
olivialove4071.jpg,240568,ec1b1789,\Gallery12\01 - Olivialove\Set 04 - 2008-08-15\,{Shemale Yum Dvd03~14~2~01 - Olivialove - Set 04 - 2008 - 08 - 15}
olivialove4072.jpg,249277,9faac696,\Gallery12\01 - Olivialove\Set 04 - 2008-08-15\,{Shemale Yum Dvd03~14~2~01 - Olivialove - Set 04 - 2008 - 08 - 15}
olivialove4073.jpg,262483,2a952bf5,\Gallery12\01 - Olivialove\Set 04 - 2008-08-15\,{Shemale Yum Dvd03~14~2~01 - Olivialove - Set 04 - 2008 - 08 - 15}
olivialove4074.jpg,247336,b82df6e1,\Gallery12\01 - Olivialove\Set 04 - 2008-08-15\,{Shemale Yum Dvd03~14~2~01 - Olivialove - Set 04 - 2008 - 08 - 15}
olivialove4075.jpg,264436,d3b3f049,\Gallery12\01 - Olivialove\Set 04 - 2008-08-15\,{Shemale Yum Dvd03~14~2~01 - Olivialove - Set 04 - 2008 - 08 - 15}
olivialove4076.jpg,266107,94173f5d,\Gallery12\01 - Olivialove\Set 04 - 2008-08-15\,{Shemale Yum Dvd03~14~2~01 - Olivialove - Set 04 - 2008 - 08 - 15}
olivialove4077.jpg,248832,0b54c49e,\Gallery12\01 - Olivialove\Set 04 - 2008-08-15\,{Shemale Yum Dvd03~14~2~01 - Olivialove - Set 04 - 2008 - 08 - 15}
olivialove4078.jpg,253659,e597e46c,\Gallery12\01 - Olivialove\Set 04 - 2008-08-15\,{Shemale Yum Dvd03~14~2~01 - Olivialove - Set 04 - 2008 - 08 - 15}
olivialove4079.jpg,278782,ae1be912,\Gallery12\01 - Olivialove\Set 04 - 2008-08-15\,{Shemale Yum Dvd03~14~2~01 - Olivialove - Set 04 - 2008 - 08 - 15}
olivialove4080.jpg,277622,6dd32771,\Gallery12\01 - Olivialove\Set 04 - 2008-08-15\,{Shemale Yum Dvd03~14~2~01 - Olivialove - Set 04 - 2008 - 08 - 15}
olivialove4081.jpg,252183,eb10de89,\Gallery12\01 - Olivialove\Set 04 - 2008-08-15\,{Shemale Yum Dvd03~14~2~01 - Olivialove - Set 04 - 2008 - 08 - 15}
olivialove4082.jpg,240482,b00ef19c,\Gallery12\01 - Olivialove\Set 04 - 2008-08-15\,{Shemale Yum Dvd03~14~2~01 - Olivialove - Set 04 - 2008 - 08 - 15}
olivialove4083.jpg,277207,e361ee97,\Gallery12\01 - Olivialove\Set 04 - 2008-08-15\,{Shemale Yum Dvd03~14~2~01 - Olivialove - Set 04 - 2008 - 08 - 15}
olivialove4084.jpg,246894,8d29c401,\Gallery12\01 - Olivialove\Set 04 - 2008-08-15\,{Shemale Yum Dvd03~14~2~01 - Olivialove - Set 04 - 2008 - 08 - 15}
olivialove4085.jpg,237221,957f4127,\Gallery12\01 - Olivialove\Set 04 - 2008-08-15\,{Shemale Yum Dvd03~14~2~01 - Olivialove - Set 04 - 2008 - 08 - 15}
olivialove4086.jpg,233924,7f03e9ca,\Gallery12\01 - Olivialove\Set 04 - 2008-08-15\,{Shemale Yum Dvd03~14~2~01 - Olivialove - Set 04 - 2008 - 08 - 15}
olivialove4087.jpg,235575,f602b644,\Gallery12\01 - Olivialove\Set 04 - 2008-08-15\,{Shemale Yum Dvd03~14~2~01 - Olivialove - Set 04 - 2008 - 08 - 15}
olivialove4088.jpg,235542,75d4010a,\Gallery12\01 - Olivialove\Set 04 - 2008-08-15\,{Shemale Yum Dvd03~14~2~01 - Olivialove - Set 04 - 2008 - 08 - 15}
olivialove4089.jpg,230558,a22bee70,\Gallery12\01 - Olivialove\Set 04 - 2008-08-15\,{Shemale Yum Dvd03~14~2~01 - Olivialove - Set 04 - 2008 - 08 - 15}
olivialove4090.jpg,235585,e62351f4,\Gallery12\01 - Olivialove\Set 04 - 2008-08-15\,{Shemale Yum Dvd03~14~2~01 - Olivialove - Set 04 - 2008 - 08 - 15}
olivialove4091.jpg,249081,d23c170b,\Gallery12\01 - Olivialove\Set 04 - 2008-08-15\,{Shemale Yum Dvd03~14~2~01 - Olivialove - Set 04 - 2008 - 08 - 15}
olivialove4092.jpg,236684,4e67ec82,\Gallery12\01 - Olivialove\Set 04 - 2008-08-15\,{Shemale Yum Dvd03~14~2~01 - Olivialove - Set 04 - 2008 - 08 - 15}
olivialove4093.jpg,235003,0cccbfa5,\Gallery12\01 - Olivialove\Set 04 - 2008-08-15\,{Shemale Yum Dvd03~14~2~01 - Olivialove - Set 04 - 2008 - 08 - 15}
olivialove4094.jpg,231707,a50f5ba4,\Gallery12\01 - Olivialove\Set 04 - 2008-08-15\,{Shemale Yum Dvd03~14~2~01 - Olivialove - Set 04 - 2008 - 08 - 15}
olivialove4095.jpg,229376,7ac70b50,\Gallery12\01 - Olivialove\Set 04 - 2008-08-15\,{Shemale Yum Dvd03~14~2~01 - Olivialove - Set 04 - 2008 - 08 - 15}
olivialove4096.jpg,240560,4050c5cf,\Gallery12\01 - Olivialove\Set 04 - 2008-08-15\,{Shemale Yum Dvd03~14~2~01 - Olivialove - Set 04 - 2008 - 08 - 15}
olivialove4097.jpg,227848,4eabec23,\Gallery12\01 - Olivialove\Set 04 - 2008-08-15\,{Shemale Yum Dvd03~14~2~01 - Olivialove - Set 04 - 2008 - 08 - 15}
olivialove4098.jpg,229721,9088976c,\Gallery12\01 - Olivialove\Set 04 - 2008-08-15\,{Shemale Yum Dvd03~14~2~01 - Olivialove - Set 04 - 2008 - 08 - 15}
olivialove4099.jpg,237532,07c6bbe7,\Gallery12\01 - Olivialove\Set 04 - 2008-08-15\,{Shemale Yum Dvd03~14~2~01 - Olivialove - Set 04 - 2008 - 08 - 15}
olivialove4100.jpg,255445,1c685b74,\Gallery12\01 - Olivialove\Set 04 - 2008-08-15\,{Shemale Yum Dvd03~14~2~01 - Olivialove - Set 04 - 2008 - 08 - 15}
olivialove4101.jpg,252807,70c19aad,\Gallery12\01 - Olivialove\Set 04 - 2008-08-15\,{Shemale Yum Dvd03~14~2~01 - Olivialove - Set 04 - 2008 - 08 - 15}
olivialove4102.jpg,278877,05896b99,\Gallery12\01 - Olivialove\Set 04 - 2008-08-15\,{Shemale Yum Dvd03~14~2~01 - Olivialove - Set 04 - 2008 - 08 - 15}
olivialove4103.jpg,290545,7db679b3,\Gallery12\01 - Olivialove\Set 04 - 2008-08-15\,{Shemale Yum Dvd03~14~2~01 - Olivialove - Set 04 - 2008 - 08 - 15}
olivialove4104.jpg,295425,8ecef819,\Gallery12\01 - Olivialove\Set 04 - 2008-08-15\,{Shemale Yum Dvd03~14~2~01 - Olivialove - Set 04 - 2008 - 08 - 15}
olivialove4105.jpg,267058,30edaebf,\Gallery12\01 - Olivialove\Set 04 - 2008-08-15\,{Shemale Yum Dvd03~14~2~01 - Olivialove - Set 04 - 2008 - 08 - 15}
olivialove4106.jpg,268624,c71a0c51,\Gallery12\01 - Olivialove\Set 04 - 2008-08-15\,{Shemale Yum Dvd03~14~2~01 - Olivialove - Set 04 - 2008 - 08 - 15}
olivialove4107.jpg,304597,fe56ba68,\Gallery12\01 - Olivialove\Set 04 - 2008-08-15\,{Shemale Yum Dvd03~14~2~01 - Olivialove - Set 04 - 2008 - 08 - 15}
olivialove4108.jpg,277540,8b9fa2f1,\Gallery12\01 - Olivialove\Set 04 - 2008-08-15\,{Shemale Yum Dvd03~14~2~01 - Olivialove - Set 04 - 2008 - 08 - 15}
olivialove4109.jpg,248684,06ff0ed0,\Gallery12\01 - Olivialove\Set 04 - 2008-08-15\,{Shemale Yum Dvd03~14~2~01 - Olivialove - Set 04 - 2008 - 08 - 15}
olivialove4110.jpg,259512,3f7fa762,\Gallery12\01 - Olivialove\Set 04 - 2008-08-15\,{Shemale Yum Dvd03~14~2~01 - Olivialove - Set 04 - 2008 - 08 - 15}
olivialove4111.jpg,231544,8a8a6836,\Gallery12\01 - Olivialove\Set 04 - 2008-08-15\,{Shemale Yum Dvd03~14~2~01 - Olivialove - Set 04 - 2008 - 08 - 15}
olivialove4112.jpg,206035,c3e4eb8e,\Gallery12\01 - Olivialove\Set 04 - 2008-08-15\,{Shemale Yum Dvd03~14~2~01 - Olivialove - Set 04 - 2008 - 08 - 15}
olivialove4113.jpg,225453,ca3bea93,\Gallery12\01 - Olivialove\Set 04 - 2008-08-15\,{Shemale Yum Dvd03~14~2~01 - Olivialove - Set 04 - 2008 - 08 - 15}
olivialove4114.jpg,225520,5ec26abf,\Gallery12\01 - Olivialove\Set 04 - 2008-08-15\,{Shemale Yum Dvd03~14~2~01 - Olivialove - Set 04 - 2008 - 08 - 15}
olivialove4115.jpg,223314,079a036a,\Gallery12\01 - Olivialove\Set 04 - 2008-08-15\,{Shemale Yum Dvd03~14~2~01 - Olivialove - Set 04 - 2008 - 08 - 15}
olivialove4116.jpg,273308,8938e9f4,\Gallery12\01 - Olivialove\Set 04 - 2008-08-15\,{Shemale Yum Dvd03~14~2~01 - Olivialove - Set 04 - 2008 - 08 - 15}
olivialove4117.jpg,190336,51c117f2,\Gallery12\01 - Olivialove\Set 04 - 2008-08-15\,{Shemale Yum Dvd03~14~2~01 - Olivialove - Set 04 - 2008 - 08 - 15}
olivialove4118.jpg,176662,8e20c36a,\Gallery12\01 - Olivialove\Set 04 - 2008-08-15\,{Shemale Yum Dvd03~14~2~01 - Olivialove - Set 04 - 2008 - 08 - 15}
olivialove4119.jpg,288577,e7c1b76f,\Gallery12\01 - Olivialove\Set 04 - 2008-08-15\,{Shemale Yum Dvd03~14~2~01 - Olivialove - Set 04 - 2008 - 08 - 15}
olivialove4120.jpg,235839,f00b5ef0,\Gallery12\01 - Olivialove\Set 04 - 2008-08-15\,{Shemale Yum Dvd03~14~2~01 - Olivialove - Set 04 - 2008 - 08 - 15}
olivialove4121.jpg,234881,7e0b0191,\Gallery12\01 - Olivialove\Set 04 - 2008-08-15\,{Shemale Yum Dvd03~14~2~01 - Olivialove - Set 04 - 2008 - 08 - 15}
olivialove4122.jpg,223342,0ae2651e,\Gallery12\01 - Olivialove\Set 04 - 2008-08-15\,{Shemale Yum Dvd03~14~2~01 - Olivialove - Set 04 - 2008 - 08 - 15}
olivialove4123.jpg,253471,30383b3e,\Gallery12\01 - Olivialove\Set 04 - 2008-08-15\,{Shemale Yum Dvd03~14~2~01 - Olivialove - Set 04 - 2008 - 08 - 15}
olivialove4124.jpg,256917,65e706e0,\Gallery12\01 - Olivialove\Set 04 - 2008-08-15\,{Shemale Yum Dvd03~14~2~01 - Olivialove - Set 04 - 2008 - 08 - 15}
olivialove4125.jpg,220285,5baea3f3,\Gallery12\01 - Olivialove\Set 04 - 2008-08-15\,{Shemale Yum Dvd03~14~2~01 - Olivialove - Set 04 - 2008 - 08 - 15}
olivialove4126.jpg,217724,459a2c50,\Gallery12\01 - Olivialove\Set 04 - 2008-08-15\,{Shemale Yum Dvd03~14~2~01 - Olivialove - Set 04 - 2008 - 08 - 15}
olivialove4127.jpg,227553,3809e1a5,\Gallery12\01 - Olivialove\Set 04 - 2008-08-15\,{Shemale Yum Dvd03~14~2~01 - Olivialove - Set 04 - 2008 - 08 - 15}
olivialove4128.jpg,235722,09921846,\Gallery12\01 - Olivialove\Set 04 - 2008-08-15\,{Shemale Yum Dvd03~14~2~01 - Olivialove - Set 04 - 2008 - 08 - 15}
olivialove4129.jpg,243188,7b5798d7,\Gallery12\01 - Olivialove\Set 04 - 2008-08-15\,{Shemale Yum Dvd03~14~2~01 - Olivialove - Set 04 - 2008 - 08 - 15}
olivialove4130.jpg,234038,72f95617,\Gallery12\01 - Olivialove\Set 04 - 2008-08-15\,{Shemale Yum Dvd03~14~2~01 - Olivialove - Set 04 - 2008 - 08 - 15}
olivialove4131.jpg,229259,96278590,\Gallery12\01 - Olivialove\Set 04 - 2008-08-15\,{Shemale Yum Dvd03~14~2~01 - Olivialove - Set 04 - 2008 - 08 - 15}
olivialove4132.jpg,229604,da4e637b,\Gallery12\01 - Olivialove\Set 04 - 2008-08-15\,{Shemale Yum Dvd03~14~2~01 - Olivialove - Set 04 - 2008 - 08 - 15}
olivialove4133.jpg,231496,a1c1b010,\Gallery12\01 - Olivialove\Set 04 - 2008-08-15\,{Shemale Yum Dvd03~14~2~01 - Olivialove - Set 04 - 2008 - 08 - 15}
olivialove4134.jpg,239575,0c7ee954,\Gallery12\01 - Olivialove\Set 04 - 2008-08-15\,{Shemale Yum Dvd03~14~2~01 - Olivialove - Set 04 - 2008 - 08 - 15}
olivialove4135.jpg,254337,d97fb941,\Gallery12\01 - Olivialove\Set 04 - 2008-08-15\,{Shemale Yum Dvd03~14~2~01 - Olivialove - Set 04 - 2008 - 08 - 15}
olivialove4136.jpg,234597,a1f9a773,\Gallery12\01 - Olivialove\Set 04 - 2008-08-15\,{Shemale Yum Dvd03~14~2~01 - Olivialove - Set 04 - 2008 - 08 - 15}
olivialove4137.jpg,292291,117d025e,\Gallery12\01 - Olivialove\Set 04 - 2008-08-15\,{Shemale Yum Dvd03~14~2~01 - Olivialove - Set 04 - 2008 - 08 - 15}
olivialove4138.jpg,291312,44bd2c87,\Gallery12\01 - Olivialove\Set 04 - 2008-08-15\,{Shemale Yum Dvd03~14~2~01 - Olivialove - Set 04 - 2008 - 08 - 15}
olivialove4139.jpg,286261,269786fe,\Gallery12\01 - Olivialove\Set 04 - 2008-08-15\,{Shemale Yum Dvd03~14~2~01 - Olivialove - Set 04 - 2008 - 08 - 15}
olivialove4140.jpg,287597,ba4eef3f,\Gallery12\01 - Olivialove\Set 04 - 2008-08-15\,{Shemale Yum Dvd03~14~2~01 - Olivialove - Set 04 - 2008 - 08 - 15}
olivialove4141.jpg,228230,9196c313,\Gallery12\01 - Olivialove\Set 04 - 2008-08-15\,{Shemale Yum Dvd03~14~2~01 - Olivialove - Set 04 - 2008 - 08 - 15}
olivialove4142.jpg,233108,ca312e2d,\Gallery12\01 - Olivialove\Set 04 - 2008-08-15\,{Shemale Yum Dvd03~14~2~01 - Olivialove - Set 04 - 2008 - 08 - 15}
olivialove4143.jpg,282209,5d30c3f6,\Gallery12\01 - Olivialove\Set 04 - 2008-08-15\,{Shemale Yum Dvd03~14~2~01 - Olivialove - Set 04 - 2008 - 08 - 15}
olivialove4144.jpg,307034,c9cfeb21,\Gallery12\01 - Olivialove\Set 04 - 2008-08-15\,{Shemale Yum Dvd03~14~2~01 - Olivialove - Set 04 - 2008 - 08 - 15}
olivialove4145.jpg,295735,7bfca66a,\Gallery12\01 - Olivialove\Set 04 - 2008-08-15\,{Shemale Yum Dvd03~14~2~01 - Olivialove - Set 04 - 2008 - 08 - 15}
olivialove4146.jpg,254108,1b52f461,\Gallery12\01 - Olivialove\Set 04 - 2008-08-15\,{Shemale Yum Dvd03~14~2~01 - Olivialove - Set 04 - 2008 - 08 - 15}
olivialove4147.jpg,244399,6a5402a5,\Gallery12\01 - Olivialove\Set 04 - 2008-08-15\,{Shemale Yum Dvd03~14~2~01 - Olivialove - Set 04 - 2008 - 08 - 15}
olivialove4148.jpg,251784,48fc2bd6,\Gallery12\01 - Olivialove\Set 04 - 2008-08-15\,{Shemale Yum Dvd03~14~2~01 - Olivialove - Set 04 - 2008 - 08 - 15}
olivialove4149.jpg,248665,3396d2e9,\Gallery12\01 - Olivialove\Set 04 - 2008-08-15\,{Shemale Yum Dvd03~14~2~01 - Olivialove - Set 04 - 2008 - 08 - 15}
olivialove4150.jpg,174656,9eff6831,\Gallery12\01 - Olivialove\Set 04 - 2008-08-15\,{Shemale Yum Dvd03~14~2~01 - Olivialove - Set 04 - 2008 - 08 - 15}
olivialove4151.jpg,169319,753b5384,\Gallery12\01 - Olivialove\Set 04 - 2008-08-15\,{Shemale Yum Dvd03~14~2~01 - Olivialove - Set 04 - 2008 - 08 - 15}
olivialove4152.jpg,243638,e36e552e,\Gallery12\01 - Olivialove\Set 04 - 2008-08-15\,{Shemale Yum Dvd03~14~2~01 - Olivialove - Set 04 - 2008 - 08 - 15}
olivialove4153.jpg,302166,7c9ee529,\Gallery12\01 - Olivialove\Set 04 - 2008-08-15\,{Shemale Yum Dvd03~14~2~01 - Olivialove - Set 04 - 2008 - 08 - 15}
olivialove4154.jpg,300899,411b06b3,\Gallery12\01 - Olivialove\Set 04 - 2008-08-15\,{Shemale Yum Dvd03~14~2~01 - Olivialove - Set 04 - 2008 - 08 - 15}
olivialove4155.jpg,285275,0fbee772,\Gallery12\01 - Olivialove\Set 04 - 2008-08-15\,{Shemale Yum Dvd03~14~2~01 - Olivialove - Set 04 - 2008 - 08 - 15}
olivialove4156.jpg,241979,2af90f83,\Gallery12\01 - Olivialove\Set 04 - 2008-08-15\,{Shemale Yum Dvd03~14~2~01 - Olivialove - Set 04 - 2008 - 08 - 15}
olivialove4157.jpg,238480,f8ff399c,\Gallery12\01 - Olivialove\Set 04 - 2008-08-15\,{Shemale Yum Dvd03~14~2~01 - Olivialove - Set 04 - 2008 - 08 - 15}
olivialove4158.jpg,240515,bf1771d2,\Gallery12\01 - Olivialove\Set 04 - 2008-08-15\,{Shemale Yum Dvd03~14~2~01 - Olivialove - Set 04 - 2008 - 08 - 15}
olivialove4159.jpg,236183,22aea7bd,\Gallery12\01 - Olivialove\Set 04 - 2008-08-15\,{Shemale Yum Dvd03~14~2~01 - Olivialove - Set 04 - 2008 - 08 - 15}
olivialove4160.jpg,255279,f0485749,\Gallery12\01 - Olivialove\Set 04 - 2008-08-15\,{Shemale Yum Dvd03~14~2~01 - Olivialove - Set 04 - 2008 - 08 - 15}
olivialove4161.jpg,245228,6d11c188,\Gallery12\01 - Olivialove\Set 04 - 2008-08-15\,{Shemale Yum Dvd03~14~2~01 - Olivialove - Set 04 - 2008 - 08 - 15}
olivialove4162.jpg,245234,71f23e5b,\Gallery12\01 - Olivialove\Set 04 - 2008-08-15\,{Shemale Yum Dvd03~14~2~01 - Olivialove - Set 04 - 2008 - 08 - 15}
olivialove4163.jpg,259747,05ab8b68,\Gallery12\01 - Olivialove\Set 04 - 2008-08-15\,{Shemale Yum Dvd03~14~2~01 - Olivialove - Set 04 - 2008 - 08 - 15}
olivialove4164.jpg,245679,ecdd1cfa,\Gallery12\01 - Olivialove\Set 04 - 2008-08-15\,{Shemale Yum Dvd03~14~2~01 - Olivialove - Set 04 - 2008 - 08 - 15}
olivialove4165.jpg,274114,48369532,\Gallery12\01 - Olivialove\Set 04 - 2008-08-15\,{Shemale Yum Dvd03~14~2~01 - Olivialove - Set 04 - 2008 - 08 - 15}
olivialove4166.jpg,258540,e6487bb8,\Gallery12\01 - Olivialove\Set 04 - 2008-08-15\,{Shemale Yum Dvd03~14~2~01 - Olivialove - Set 04 - 2008 - 08 - 15}
olivialove4167.jpg,228898,97dce1e5,\Gallery12\01 - Olivialove\Set 04 - 2008-08-15\,{Shemale Yum Dvd03~14~2~01 - Olivialove - Set 04 - 2008 - 08 - 15}
olivialove4168.jpg,266129,722eb8bd,\Gallery12\01 - Olivialove\Set 04 - 2008-08-15\,{Shemale Yum Dvd03~14~2~01 - Olivialove - Set 04 - 2008 - 08 - 15}
olivialove4169.jpg,268398,51491cdf,\Gallery12\01 - Olivialove\Set 04 - 2008-08-15\,{Shemale Yum Dvd03~14~2~01 - Olivialove - Set 04 - 2008 - 08 - 15}
olivialove4170.jpg,298930,24c7f977,\Gallery12\01 - Olivialove\Set 04 - 2008-08-15\,{Shemale Yum Dvd03~14~2~01 - Olivialove - Set 04 - 2008 - 08 - 15}
olivialove4171.jpg,253895,a8578f5d,\Gallery12\01 - Olivialove\Set 04 - 2008-08-15\,{Shemale Yum Dvd03~14~2~01 - Olivialove - Set 04 - 2008 - 08 - 15}
olivialove4172.jpg,255138,3ebc86b9,\Gallery12\01 - Olivialove\Set 04 - 2008-08-15\,{Shemale Yum Dvd03~14~2~01 - Olivialove - Set 04 - 2008 - 08 - 15}
olivialove4173.jpg,254436,944fce7a,\Gallery12\01 - Olivialove\Set 04 - 2008-08-15\,{Shemale Yum Dvd03~14~2~01 - Olivialove - Set 04 - 2008 - 08 - 15}
olivialove4174.jpg,271881,2f09021b,\Gallery12\01 - Olivialove\Set 04 - 2008-08-15\,{Shemale Yum Dvd03~14~2~01 - Olivialove - Set 04 - 2008 - 08 - 15}
olivialove4175.jpg,282665,4d0262ac,\Gallery12\01 - Olivialove\Set 04 - 2008-08-15\,{Shemale Yum Dvd03~14~2~01 - Olivialove - Set 04 - 2008 - 08 - 15}
olivialove4176.jpg,284382,390453b8,\Gallery12\01 - Olivialove\Set 04 - 2008-08-15\,{Shemale Yum Dvd03~14~2~01 - Olivialove - Set 04 - 2008 - 08 - 15}
olivialove4177.jpg,283395,c49c257b,\Gallery12\01 - Olivialove\Set 04 - 2008-08-15\,{Shemale Yum Dvd03~14~2~01 - Olivialove - Set 04 - 2008 - 08 - 15}
olivialove4178.jpg,291350,c7af9fcc,\Gallery12\01 - Olivialove\Set 04 - 2008-08-15\,{Shemale Yum Dvd03~14~2~01 - Olivialove - Set 04 - 2008 - 08 - 15}
olivialove4179.jpg,271153,49b8beb6,\Gallery12\01 - Olivialove\Set 04 - 2008-08-15\,{Shemale Yum Dvd03~14~2~01 - Olivialove - Set 04 - 2008 - 08 - 15}
olivialove4180.jpg,229682,bf02fc36,\Gallery12\01 - Olivialove\Set 04 - 2008-08-15\,{Shemale Yum Dvd03~14~2~01 - Olivialove - Set 04 - 2008 - 08 - 15}
olivialove4181.jpg,226479,64e7b211,\Gallery12\01 - Olivialove\Set 04 - 2008-08-15\,{Shemale Yum Dvd03~14~2~01 - Olivialove - Set 04 - 2008 - 08 - 15}
olivialove4182.jpg,244842,5380a394,\Gallery12\01 - Olivialove\Set 04 - 2008-08-15\,{Shemale Yum Dvd03~14~2~01 - Olivialove - Set 04 - 2008 - 08 - 15}
olivialove4183.jpg,280478,a0a11334,\Gallery12\01 - Olivialove\Set 04 - 2008-08-15\,{Shemale Yum Dvd03~14~2~01 - Olivialove - Set 04 - 2008 - 08 - 15}
olivialove4184.jpg,271797,7aeed128,\Gallery12\01 - Olivialove\Set 04 - 2008-08-15\,{Shemale Yum Dvd03~14~2~01 - Olivialove - Set 04 - 2008 - 08 - 15}
olivialove4185.jpg,276111,af3a6f68,\Gallery12\01 - Olivialove\Set 04 - 2008-08-15\,{Shemale Yum Dvd03~14~2~01 - Olivialove - Set 04 - 2008 - 08 - 15}
olivialove4186.jpg,175234,83859fd1,\Gallery12\01 - Olivialove\Set 04 - 2008-08-15\,{Shemale Yum Dvd03~14~2~01 - Olivialove - Set 04 - 2008 - 08 - 15}
olivialove4187.jpg,166033,a183fcfa,\Gallery12\01 - Olivialove\Set 04 - 2008-08-15\,{Shemale Yum Dvd03~14~2~01 - Olivialove - Set 04 - 2008 - 08 - 15}
olivialove4188.jpg,162510,5055ff08,\Gallery12\01 - Olivialove\Set 04 - 2008-08-15\,{Shemale Yum Dvd03~14~2~01 - Olivialove - Set 04 - 2008 - 08 - 15}
olivialove4189.jpg,273323,4aa6d495,\Gallery12\01 - Olivialove\Set 04 - 2008-08-15\,{Shemale Yum Dvd03~14~2~01 - Olivialove - Set 04 - 2008 - 08 - 15}
olivialove4190.jpg,223386,fd872657,\Gallery12\01 - Olivialove\Set 04 - 2008-08-15\,{Shemale Yum Dvd03~14~2~01 - Olivialove - Set 04 - 2008 - 08 - 15}
olivialove4191.jpg,216328,c470773f,\Gallery12\01 - Olivialove\Set 04 - 2008-08-15\,{Shemale Yum Dvd03~14~2~01 - Olivialove - Set 04 - 2008 - 08 - 15}
olivialove4192.jpg,239395,ade22b54,\Gallery12\01 - Olivialove\Set 04 - 2008-08-15\,{Shemale Yum Dvd03~14~2~01 - Olivialove - Set 04 - 2008 - 08 - 15}
olivialove4193.jpg,296430,0263740b,\Gallery12\01 - Olivialove\Set 04 - 2008-08-15\,{Shemale Yum Dvd03~14~2~01 - Olivialove - Set 04 - 2008 - 08 - 15}
olivialove4194.jpg,224226,01f696f9,\Gallery12\01 - Olivialove\Set 04 - 2008-08-15\,{Shemale Yum Dvd03~14~2~01 - Olivialove - Set 04 - 2008 - 08 - 15}
olivialove4195.jpg,276451,8bb10a18,\Gallery12\01 - Olivialove\Set 04 - 2008-08-15\,{Shemale Yum Dvd03~14~2~01 - Olivialove - Set 04 - 2008 - 08 - 15}
olivialove4196.jpg,277686,dccd0e1e,\Gallery12\01 - Olivialove\Set 04 - 2008-08-15\,{Shemale Yum Dvd03~14~2~01 - Olivialove - Set 04 - 2008 - 08 - 15}
olivialove4197.jpg,244576,a899c8fc,\Gallery12\01 - Olivialove\Set 04 - 2008-08-15\,{Shemale Yum Dvd03~14~2~01 - Olivialove - Set 04 - 2008 - 08 - 15}
olivialove4198.jpg,259791,c89db4c8,\Gallery12\01 - Olivialove\Set 04 - 2008-08-15\,{Shemale Yum Dvd03~14~2~01 - Olivialove - Set 04 - 2008 - 08 - 15}
olivialove4199.jpg,255447,80f7afa6,\Gallery12\01 - Olivialove\Set 04 - 2008-08-15\,{Shemale Yum Dvd03~14~2~01 - Olivialove - Set 04 - 2008 - 08 - 15}
olivialove4200.jpg,257514,bc1c184e,\Gallery12\01 - Olivialove\Set 04 - 2008-08-15\,{Shemale Yum Dvd03~14~2~01 - Olivialove - Set 04 - 2008 - 08 - 15}
olivialove4201.jpg,244838,e846c1ee,\Gallery12\01 - Olivialove\Set 04 - 2008-08-15\,{Shemale Yum Dvd03~14~2~01 - Olivialove - Set 04 - 2008 - 08 - 15}
olivialove4202.jpg,232055,430cdbd1,\Gallery12\01 - Olivialove\Set 04 - 2008-08-15\,{Shemale Yum Dvd03~14~2~01 - Olivialove - Set 04 - 2008 - 08 - 15}
olivialove4203.jpg,190057,8f97d1af,\Gallery12\01 - Olivialove\Set 04 - 2008-08-15\,{Shemale Yum Dvd03~14~2~01 - Olivialove - Set 04 - 2008 - 08 - 15}
olivialove4204.jpg,170724,890d57b9,\Gallery12\01 - Olivialove\Set 04 - 2008-08-15\,{Shemale Yum Dvd03~14~2~01 - Olivialove - Set 04 - 2008 - 08 - 15}
olivialove4205.jpg,169299,bd1ddec6,\Gallery12\01 - Olivialove\Set 04 - 2008-08-15\,{Shemale Yum Dvd03~14~2~01 - Olivialove - Set 04 - 2008 - 08 - 15}
olivialove4206.jpg,160096,71689649,\Gallery12\01 - Olivialove\Set 04 - 2008-08-15\,{Shemale Yum Dvd03~14~2~01 - Olivialove - Set 04 - 2008 - 08 - 15}
olivialove4207.jpg,286811,2c412ccf,\Gallery12\01 - Olivialove\Set 04 - 2008-08-15\,{Shemale Yum Dvd03~14~2~01 - Olivialove - Set 04 - 2008 - 08 - 15}
olivialove4208.jpg,276993,e5821689,\Gallery12\01 - Olivialove\Set 04 - 2008-08-15\,{Shemale Yum Dvd03~14~2~01 - Olivialove - Set 04 - 2008 - 08 - 15}
olivialove4209.jpg,261217,f44e36b8,\Gallery12\01 - Olivialove\Set 04 - 2008-08-15\,{Shemale Yum Dvd03~14~2~01 - Olivialove - Set 04 - 2008 - 08 - 15}
jenniferd7001.jpg,258397,65b1f2c8,\Gallery36\09 - Jenniferd\Set 07 - 2008-07-04\,{Shemale Yum Dvd03~23~1~09 - Jenniferd - Set 07 - 2008 - 07 - 04}
jenniferd7002.jpg,217325,eeaaa12c,\Gallery36\09 - Jenniferd\Set 07 - 2008-07-04\,{Shemale Yum Dvd03~23~1~09 - Jenniferd - Set 07 - 2008 - 07 - 04}
jenniferd7003.jpg,293466,34a0e753,\Gallery36\09 - Jenniferd\Set 07 - 2008-07-04\,{Shemale Yum Dvd03~23~1~09 - Jenniferd - Set 07 - 2008 - 07 - 04}
jenniferd7004.jpg,209990,14a47815,\Gallery36\09 - Jenniferd\Set 07 - 2008-07-04\,{Shemale Yum Dvd03~23~1~09 - Jenniferd - Set 07 - 2008 - 07 - 04}
jenniferd7005.jpg,218641,2fca15cb,\Gallery36\09 - Jenniferd\Set 07 - 2008-07-04\,{Shemale Yum Dvd03~23~1~09 - Jenniferd - Set 07 - 2008 - 07 - 04}
jenniferd7006.jpg,269128,7ae4a306,\Gallery36\09 - Jenniferd\Set 07 - 2008-07-04\,{Shemale Yum Dvd03~23~1~09 - Jenniferd - Set 07 - 2008 - 07 - 04}
jenniferd7007.jpg,274040,90c453fd,\Gallery36\09 - Jenniferd\Set 07 - 2008-07-04\,{Shemale Yum Dvd03~23~1~09 - Jenniferd - Set 07 - 2008 - 07 - 04}
jenniferd7008.jpg,214351,62777d01,\Gallery36\09 - Jenniferd\Set 07 - 2008-07-04\,{Shemale Yum Dvd03~23~1~09 - Jenniferd - Set 07 - 2008 - 07 - 04}
jenniferd7009.jpg,250537,e77156c5,\Gallery36\09 - Jenniferd\Set 07 - 2008-07-04\,{Shemale Yum Dvd03~23~1~09 - Jenniferd - Set 07 - 2008 - 07 - 04}
jenniferd7010.jpg,240347,b99e44ae,\Gallery36\09 - Jenniferd\Set 07 - 2008-07-04\,{Shemale Yum Dvd03~23~1~09 - Jenniferd - Set 07 - 2008 - 07 - 04}
jenniferd7011.jpg,204007,103503e4,\Gallery36\09 - Jenniferd\Set 07 - 2008-07-04\,{Shemale Yum Dvd03~23~1~09 - Jenniferd - Set 07 - 2008 - 07 - 04}
jenniferd7012.jpg,219801,dce38793,\Gallery36\09 - Jenniferd\Set 07 - 2008-07-04\,{Shemale Yum Dvd03~23~1~09 - Jenniferd - Set 07 - 2008 - 07 - 04}
jenniferd7013.jpg,210579,d6514c80,\Gallery36\09 - Jenniferd\Set 07 - 2008-07-04\,{Shemale Yum Dvd03~23~1~09 - Jenniferd - Set 07 - 2008 - 07 - 04}
jenniferd7014.jpg,196411,bd1009fa,\Gallery36\09 - Jenniferd\Set 07 - 2008-07-04\,{Shemale Yum Dvd03~23~1~09 - Jenniferd - Set 07 - 2008 - 07 - 04}
jenniferd7015.jpg,246876,54b64d67,\Gallery36\09 - Jenniferd\Set 07 - 2008-07-04\,{Shemale Yum Dvd03~23~1~09 - Jenniferd - Set 07 - 2008 - 07 - 04}
jenniferd7016.jpg,214911,db807b3d,\Gallery36\09 - Jenniferd\Set 07 - 2008-07-04\,{Shemale Yum Dvd03~23~1~09 - Jenniferd - Set 07 - 2008 - 07 - 04}
jenniferd7017.jpg,212817,0a9aa556,\Gallery36\09 - Jenniferd\Set 07 - 2008-07-04\,{Shemale Yum Dvd03~23~1~09 - Jenniferd - Set 07 - 2008 - 07 - 04}
jenniferd7018.jpg,329629,2e2cd7a3,\Gallery36\09 - Jenniferd\Set 07 - 2008-07-04\,{Shemale Yum Dvd03~23~1~09 - Jenniferd - Set 07 - 2008 - 07 - 04}
jenniferd7019.jpg,260481,112a682e,\Gallery36\09 - Jenniferd\Set 07 - 2008-07-04\,{Shemale Yum Dvd03~23~1~09 - Jenniferd - Set 07 - 2008 - 07 - 04}
jenniferd7020.jpg,240832,219ecf5d,\Gallery36\09 - Jenniferd\Set 07 - 2008-07-04\,{Shemale Yum Dvd03~23~1~09 - Jenniferd - Set 07 - 2008 - 07 - 04}
jenniferd7021.jpg,238087,510111f2,\Gallery36\09 - Jenniferd\Set 07 - 2008-07-04\,{Shemale Yum Dvd03~23~1~09 - Jenniferd - Set 07 - 2008 - 07 - 04}
jenniferd7022.jpg,250326,4eececdf,\Gallery36\09 - Jenniferd\Set 07 - 2008-07-04\,{Shemale Yum Dvd03~23~1~09 - Jenniferd - Set 07 - 2008 - 07 - 04}
jenniferd7023.jpg,189958,0a22a0fb,\Gallery36\09 - Jenniferd\Set 07 - 2008-07-04\,{Shemale Yum Dvd03~23~1~09 - Jenniferd - Set 07 - 2008 - 07 - 04}
jenniferd7024.jpg,227428,59598a17,\Gallery36\09 - Jenniferd\Set 07 - 2008-07-04\,{Shemale Yum Dvd03~23~1~09 - Jenniferd - Set 07 - 2008 - 07 - 04}
jenniferd7025.jpg,218624,1d15a66b,\Gallery36\09 - Jenniferd\Set 07 - 2008-07-04\,{Shemale Yum Dvd03~23~1~09 - Jenniferd - Set 07 - 2008 - 07 - 04}
jenniferd7026.jpg,289655,83360478,\Gallery36\09 - Jenniferd\Set 07 - 2008-07-04\,{Shemale Yum Dvd03~23~1~09 - Jenniferd - Set 07 - 2008 - 07 - 04}
jenniferd7027.jpg,305279,a158a1a9,\Gallery36\09 - Jenniferd\Set 07 - 2008-07-04\,{Shemale Yum Dvd03~23~1~09 - Jenniferd - Set 07 - 2008 - 07 - 04}
jenniferd7028.jpg,324909,6237c817,\Gallery36\09 - Jenniferd\Set 07 - 2008-07-04\,{Shemale Yum Dvd03~23~1~09 - Jenniferd - Set 07 - 2008 - 07 - 04}
jenniferd7029.jpg,226472,2a64d75e,\Gallery36\09 - Jenniferd\Set 07 - 2008-07-04\,{Shemale Yum Dvd03~23~1~09 - Jenniferd - Set 07 - 2008 - 07 - 04}
jenniferd7030.jpg,251460,b8fa1df8,\Gallery36\09 - Jenniferd\Set 07 - 2008-07-04\,{Shemale Yum Dvd03~23~1~09 - Jenniferd - Set 07 - 2008 - 07 - 04}
jenniferd7031.jpg,259794,98c37aa3,\Gallery36\09 - Jenniferd\Set 07 - 2008-07-04\,{Shemale Yum Dvd03~23~1~09 - Jenniferd - Set 07 - 2008 - 07 - 04}
jenniferd7032.jpg,257030,924ec165,\Gallery36\09 - Jenniferd\Set 07 - 2008-07-04\,{Shemale Yum Dvd03~23~1~09 - Jenniferd - Set 07 - 2008 - 07 - 04}
jenniferd7033.jpg,250994,0a52c08f,\Gallery36\09 - Jenniferd\Set 07 - 2008-07-04\,{Shemale Yum Dvd03~23~1~09 - Jenniferd - Set 07 - 2008 - 07 - 04}
jenniferd7034.jpg,262467,da3a542a,\Gallery36\09 - Jenniferd\Set 07 - 2008-07-04\,{Shemale Yum Dvd03~23~1~09 - Jenniferd - Set 07 - 2008 - 07 - 04}
jenniferd7035.jpg,250519,13ad9455,\Gallery36\09 - Jenniferd\Set 07 - 2008-07-04\,{Shemale Yum Dvd03~23~1~09 - Jenniferd - Set 07 - 2008 - 07 - 04}
jenniferd7036.jpg,226165,5afb416c,\Gallery36\09 - Jenniferd\Set 07 - 2008-07-04\,{Shemale Yum Dvd03~23~1~09 - Jenniferd - Set 07 - 2008 - 07 - 04}
jenniferd7037.jpg,204343,933841c8,\Gallery36\09 - Jenniferd\Set 07 - 2008-07-04\,{Shemale Yum Dvd03~23~1~09 - Jenniferd - Set 07 - 2008 - 07 - 04}
jenniferd7038.jpg,222842,cdea239f,\Gallery36\09 - Jenniferd\Set 07 - 2008-07-04\,{Shemale Yum Dvd03~23~1~09 - Jenniferd - Set 07 - 2008 - 07 - 04}
jenniferd7039.jpg,246205,2e53076b,\Gallery36\09 - Jenniferd\Set 07 - 2008-07-04\,{Shemale Yum Dvd03~23~1~09 - Jenniferd - Set 07 - 2008 - 07 - 04}
jenniferd7040.jpg,258675,eab32e0f,\Gallery36\09 - Jenniferd\Set 07 - 2008-07-04\,{Shemale Yum Dvd03~23~1~09 - Jenniferd - Set 07 - 2008 - 07 - 04}
jenniferd7041.jpg,240185,fb23ddca,\Gallery36\09 - Jenniferd\Set 07 - 2008-07-04\,{Shemale Yum Dvd03~23~1~09 - Jenniferd - Set 07 - 2008 - 07 - 04}
jenniferd7042.jpg,222696,0f791fa2,\Gallery36\09 - Jenniferd\Set 07 - 2008-07-04\,{Shemale Yum Dvd03~23~1~09 - Jenniferd - Set 07 - 2008 - 07 - 04}
jenniferd7043.jpg,234484,f20052e2,\Gallery36\09 - Jenniferd\Set 07 - 2008-07-04\,{Shemale Yum Dvd03~23~1~09 - Jenniferd - Set 07 - 2008 - 07 - 04}
jenniferd7044.jpg,236584,f6421ca2,\Gallery36\09 - Jenniferd\Set 07 - 2008-07-04\,{Shemale Yum Dvd03~23~1~09 - Jenniferd - Set 07 - 2008 - 07 - 04}
jenniferd7045.jpg,195467,e35ea393,\Gallery36\09 - Jenniferd\Set 07 - 2008-07-04\,{Shemale Yum Dvd03~23~1~09 - Jenniferd - Set 07 - 2008 - 07 - 04}
jenniferd7046.jpg,235816,c4b5e494,\Gallery36\09 - Jenniferd\Set 07 - 2008-07-04\,{Shemale Yum Dvd03~23~1~09 - Jenniferd - Set 07 - 2008 - 07 - 04}
jenniferd7047.jpg,229453,44e6d679,\Gallery36\09 - Jenniferd\Set 07 - 2008-07-04\,{Shemale Yum Dvd03~23~1~09 - Jenniferd - Set 07 - 2008 - 07 - 04}
jenniferd7048.jpg,216199,ee6c22bc,\Gallery36\09 - Jenniferd\Set 07 - 2008-07-04\,{Shemale Yum Dvd03~23~1~09 - Jenniferd - Set 07 - 2008 - 07 - 04}
jenniferd7049.jpg,239813,5bd9a132,\Gallery36\09 - Jenniferd\Set 07 - 2008-07-04\,{Shemale Yum Dvd03~23~1~09 - Jenniferd - Set 07 - 2008 - 07 - 04}
jenniferd7050.jpg,301292,30f1587b,\Gallery36\09 - Jenniferd\Set 07 - 2008-07-04\,{Shemale Yum Dvd03~23~1~09 - Jenniferd - Set 07 - 2008 - 07 - 04}
jenniferd7051.jpg,258651,e5978504,\Gallery36\09 - Jenniferd\Set 07 - 2008-07-04\,{Shemale Yum Dvd03~23~1~09 - Jenniferd - Set 07 - 2008 - 07 - 04}
jenniferd7052.jpg,287003,7a14f797,\Gallery36\09 - Jenniferd\Set 07 - 2008-07-04\,{Shemale Yum Dvd03~23~1~09 - Jenniferd - Set 07 - 2008 - 07 - 04}
jenniferd7053.jpg,298278,30ced3e0,\Gallery36\09 - Jenniferd\Set 07 - 2008-07-04\,{Shemale Yum Dvd03~23~1~09 - Jenniferd - Set 07 - 2008 - 07 - 04}
jenniferd7054.jpg,195730,ca7a9906,\Gallery36\09 - Jenniferd\Set 07 - 2008-07-04\,{Shemale Yum Dvd03~23~1~09 - Jenniferd - Set 07 - 2008 - 07 - 04}
jenniferd7055.jpg,218056,ffb3f422,\Gallery36\09 - Jenniferd\Set 07 - 2008-07-04\,{Shemale Yum Dvd03~23~1~09 - Jenniferd - Set 07 - 2008 - 07 - 04}
jenniferd7056.jpg,199426,be01dc37,\Gallery36\09 - Jenniferd\Set 07 - 2008-07-04\,{Shemale Yum Dvd03~23~1~09 - Jenniferd - Set 07 - 2008 - 07 - 04}
jenniferd7057.jpg,215100,24bead89,\Gallery36\09 - Jenniferd\Set 07 - 2008-07-04\,{Shemale Yum Dvd03~23~1~09 - Jenniferd - Set 07 - 2008 - 07 - 04}
jenniferd7058.jpg,206584,3e41694b,\Gallery36\09 - Jenniferd\Set 07 - 2008-07-04\,{Shemale Yum Dvd03~23~1~09 - Jenniferd - Set 07 - 2008 - 07 - 04}
jenniferd7059.jpg,204519,a7d7611f,\Gallery36\09 - Jenniferd\Set 07 - 2008-07-04\,{Shemale Yum Dvd03~23~1~09 - Jenniferd - Set 07 - 2008 - 07 - 04}
jenniferd7060.jpg,206374,ad2a9c6e,\Gallery36\09 - Jenniferd\Set 07 - 2008-07-04\,{Shemale Yum Dvd03~23~1~09 - Jenniferd - Set 07 - 2008 - 07 - 04}
jenniferd7061.jpg,188358,7b8a3539,\Gallery36\09 - Jenniferd\Set 07 - 2008-07-04\,{Shemale Yum Dvd03~23~1~09 - Jenniferd - Set 07 - 2008 - 07 - 04}
jenniferd7062.jpg,197362,1bf73002,\Gallery36\09 - Jenniferd\Set 07 - 2008-07-04\,{Shemale Yum Dvd03~23~1~09 - Jenniferd - Set 07 - 2008 - 07 - 04}
jenniferd7063.jpg,211586,0a70450b,\Gallery36\09 - Jenniferd\Set 07 - 2008-07-04\,{Shemale Yum Dvd03~23~1~09 - Jenniferd - Set 07 - 2008 - 07 - 04}
jenniferd7064.jpg,219514,fb72fb41,\Gallery36\09 - Jenniferd\Set 07 - 2008-07-04\,{Shemale Yum Dvd03~23~1~09 - Jenniferd - Set 07 - 2008 - 07 - 04}
jenniferd7065.jpg,205969,b491dc0f,\Gallery36\09 - Jenniferd\Set 07 - 2008-07-04\,{Shemale Yum Dvd03~23~1~09 - Jenniferd - Set 07 - 2008 - 07 - 04}
jenniferd7066.jpg,163668,cf7b668f,\Gallery36\09 - Jenniferd\Set 07 - 2008-07-04\,{Shemale Yum Dvd03~23~1~09 - Jenniferd - Set 07 - 2008 - 07 - 04}
jenniferd7067.jpg,203987,06fd5f42,\Gallery36\09 - Jenniferd\Set 07 - 2008-07-04\,{Shemale Yum Dvd03~23~1~09 - Jenniferd - Set 07 - 2008 - 07 - 04}
jenniferd7068.jpg,231914,40e9a4e5,\Gallery36\09 - Jenniferd\Set 07 - 2008-07-04\,{Shemale Yum Dvd03~23~1~09 - Jenniferd - Set 07 - 2008 - 07 - 04}
jenniferd7069.jpg,158818,13664c89,\Gallery36\09 - Jenniferd\Set 07 - 2008-07-04\,{Shemale Yum Dvd03~23~1~09 - Jenniferd - Set 07 - 2008 - 07 - 04}
jenniferd7070.jpg,159702,ad063b29,\Gallery36\09 - Jenniferd\Set 07 - 2008-07-04\,{Shemale Yum Dvd03~23~1~09 - Jenniferd - Set 07 - 2008 - 07 - 04}
jenniferd7071.jpg,170445,d149c04b,\Gallery36\09 - Jenniferd\Set 07 - 2008-07-04\,{Shemale Yum Dvd03~23~1~09 - Jenniferd - Set 07 - 2008 - 07 - 04}
jenniferd7072.jpg,175303,ad52bb63,\Gallery36\09 - Jenniferd\Set 07 - 2008-07-04\,{Shemale Yum Dvd03~23~1~09 - Jenniferd - Set 07 - 2008 - 07 - 04}
jenniferd7073.jpg,206275,fc5a30b1,\Gallery36\09 - Jenniferd\Set 07 - 2008-07-04\,{Shemale Yum Dvd03~23~1~09 - Jenniferd - Set 07 - 2008 - 07 - 04}
jenniferd7074.jpg,181155,737b85df,\Gallery36\09 - Jenniferd\Set 07 - 2008-07-04\,{Shemale Yum Dvd03~23~1~09 - Jenniferd - Set 07 - 2008 - 07 - 04}
jenniferd7075.jpg,248699,172e245c,\Gallery36\09 - Jenniferd\Set 07 - 2008-07-04\,{Shemale Yum Dvd03~23~1~09 - Jenniferd - Set 07 - 2008 - 07 - 04}
jenniferd7076.jpg,252296,0397583b,\Gallery36\09 - Jenniferd\Set 07 - 2008-07-04\,{Shemale Yum Dvd03~23~1~09 - Jenniferd - Set 07 - 2008 - 07 - 04}
jenniferd7077.jpg,240320,cd2328b2,\Gallery36\09 - Jenniferd\Set 07 - 2008-07-04\,{Shemale Yum Dvd03~23~1~09 - Jenniferd - Set 07 - 2008 - 07 - 04}
jenniferd7078.jpg,239608,1e8a4dea,\Gallery36\09 - Jenniferd\Set 07 - 2008-07-04\,{Shemale Yum Dvd03~23~1~09 - Jenniferd - Set 07 - 2008 - 07 - 04}
jenniferd7079.jpg,164189,cc900613,\Gallery36\09 - Jenniferd\Set 07 - 2008-07-04\,{Shemale Yum Dvd03~23~1~09 - Jenniferd - Set 07 - 2008 - 07 - 04}
jenniferd7080.jpg,149962,2070e642,\Gallery36\09 - Jenniferd\Set 07 - 2008-07-04\,{Shemale Yum Dvd03~23~1~09 - Jenniferd - Set 07 - 2008 - 07 - 04}
jenniferd7081.jpg,193433,b7225cce,\Gallery36\09 - Jenniferd\Set 07 - 2008-07-04\,{Shemale Yum Dvd03~23~1~09 - Jenniferd - Set 07 - 2008 - 07 - 04}
jenniferd7082.jpg,173656,e70b55a9,\Gallery36\09 - Jenniferd\Set 07 - 2008-07-04\,{Shemale Yum Dvd03~23~1~09 - Jenniferd - Set 07 - 2008 - 07 - 04}
jenniferd7083.jpg,187581,03803be4,\Gallery36\09 - Jenniferd\Set 07 - 2008-07-04\,{Shemale Yum Dvd03~23~1~09 - Jenniferd - Set 07 - 2008 - 07 - 04}
jenniferd7084.jpg,167090,bd4be5b1,\Gallery36\09 - Jenniferd\Set 07 - 2008-07-04\,{Shemale Yum Dvd03~23~1~09 - Jenniferd - Set 07 - 2008 - 07 - 04}
jenniferd7085.jpg,213647,677f6c83,\Gallery36\09 - Jenniferd\Set 07 - 2008-07-04\,{Shemale Yum Dvd03~23~1~09 - Jenniferd - Set 07 - 2008 - 07 - 04}
jenniferd7086.jpg,227442,c5c5c942,\Gallery36\09 - Jenniferd\Set 07 - 2008-07-04\,{Shemale Yum Dvd03~23~1~09 - Jenniferd - Set 07 - 2008 - 07 - 04}
jenniferd7087.jpg,178858,3cc18f32,\Gallery36\09 - Jenniferd\Set 07 - 2008-07-04\,{Shemale Yum Dvd03~23~1~09 - Jenniferd - Set 07 - 2008 - 07 - 04}
jenniferd7088.jpg,231158,6504a848,\Gallery36\09 - Jenniferd\Set 07 - 2008-07-04\,{Shemale Yum Dvd03~23~1~09 - Jenniferd - Set 07 - 2008 - 07 - 04}
jenniferd7089.jpg,230204,0a7272d4,\Gallery36\09 - Jenniferd\Set 07 - 2008-07-04\,{Shemale Yum Dvd03~23~1~09 - Jenniferd - Set 07 - 2008 - 07 - 04}
jenniferd7090.jpg,213142,071cbc49,\Gallery36\09 - Jenniferd\Set 07 - 2008-07-04\,{Shemale Yum Dvd03~23~1~09 - Jenniferd - Set 07 - 2008 - 07 - 04}
jenniferd7091.jpg,229669,60975164,\Gallery36\09 - Jenniferd\Set 07 - 2008-07-04\,{Shemale Yum Dvd03~23~1~09 - Jenniferd - Set 07 - 2008 - 07 - 04}
jenniferd7092.jpg,164169,3158deb7,\Gallery36\09 - Jenniferd\Set 07 - 2008-07-04\,{Shemale Yum Dvd03~23~1~09 - Jenniferd - Set 07 - 2008 - 07 - 04}
jenniferd7093.jpg,183348,838b33f5,\Gallery36\09 - Jenniferd\Set 07 - 2008-07-04\,{Shemale Yum Dvd03~23~1~09 - Jenniferd - Set 07 - 2008 - 07 - 04}
jenniferd7094.jpg,194254,cf27eabb,\Gallery36\09 - Jenniferd\Set 07 - 2008-07-04\,{Shemale Yum Dvd03~23~1~09 - Jenniferd - Set 07 - 2008 - 07 - 04}
jenniferd7095.jpg,212005,2a1e8a77,\Gallery36\09 - Jenniferd\Set 07 - 2008-07-04\,{Shemale Yum Dvd03~23~1~09 - Jenniferd - Set 07 - 2008 - 07 - 04}
jenniferd7096.jpg,185726,90e4ae1e,\Gallery36\09 - Jenniferd\Set 07 - 2008-07-04\,{Shemale Yum Dvd03~23~1~09 - Jenniferd - Set 07 - 2008 - 07 - 04}
jenniferd7097.jpg,197107,13526100,\Gallery36\09 - Jenniferd\Set 07 - 2008-07-04\,{Shemale Yum Dvd03~23~1~09 - Jenniferd - Set 07 - 2008 - 07 - 04}
jenniferd7098.jpg,195621,5f7a3b05,\Gallery36\09 - Jenniferd\Set 07 - 2008-07-04\,{Shemale Yum Dvd03~23~1~09 - Jenniferd - Set 07 - 2008 - 07 - 04}
jenniferd7099.jpg,199465,a6c017d7,\Gallery36\09 - Jenniferd\Set 07 - 2008-07-04\,{Shemale Yum Dvd03~23~1~09 - Jenniferd - Set 07 - 2008 - 07 - 04}
jenniferd7100.jpg,221565,7a946dc2,\Gallery36\09 - Jenniferd\Set 07 - 2008-07-04\,{Shemale Yum Dvd03~23~1~09 - Jenniferd - Set 07 - 2008 - 07 - 04}
jenniferd7101.jpg,223994,10399ab0,\Gallery36\09 - Jenniferd\Set 07 - 2008-07-04\,{Shemale Yum Dvd03~23~1~09 - Jenniferd - Set 07 - 2008 - 07 - 04}
jenniferd7102.jpg,204908,bdc191ef,\Gallery36\09 - Jenniferd\Set 07 - 2008-07-04\,{Shemale Yum Dvd03~23~1~09 - Jenniferd - Set 07 - 2008 - 07 - 04}
jenniferd7103.jpg,207812,db9c8c15,\Gallery36\09 - Jenniferd\Set 07 - 2008-07-04\,{Shemale Yum Dvd03~23~1~09 - Jenniferd - Set 07 - 2008 - 07 - 04}
jenniferd7104.jpg,214146,bfd3092f,\Gallery36\09 - Jenniferd\Set 07 - 2008-07-04\,{Shemale Yum Dvd03~23~1~09 - Jenniferd - Set 07 - 2008 - 07 - 04}
jenniferd7105.jpg,188651,0a21d27f,\Gallery36\09 - Jenniferd\Set 07 - 2008-07-04\,{Shemale Yum Dvd03~23~1~09 - Jenniferd - Set 07 - 2008 - 07 - 04}
jenniferd7106.jpg,216757,26fb574a,\Gallery36\09 - Jenniferd\Set 07 - 2008-07-04\,{Shemale Yum Dvd03~23~1~09 - Jenniferd - Set 07 - 2008 - 07 - 04}
jenniferd7107.jpg,233704,302aa7fb,\Gallery36\09 - Jenniferd\Set 07 - 2008-07-04\,{Shemale Yum Dvd03~23~1~09 - Jenniferd - Set 07 - 2008 - 07 - 04}
jenniferd7108.jpg,283237,72fa22de,\Gallery36\09 - Jenniferd\Set 07 - 2008-07-04\,{Shemale Yum Dvd03~23~1~09 - Jenniferd - Set 07 - 2008 - 07 - 04}
jenniferd7109.jpg,264960,97ef1b8d,\Gallery36\09 - Jenniferd\Set 07 - 2008-07-04\,{Shemale Yum Dvd03~23~1~09 - Jenniferd - Set 07 - 2008 - 07 - 04}
jenniferd7110.jpg,208715,45bee397,\Gallery36\09 - Jenniferd\Set 07 - 2008-07-04\,{Shemale Yum Dvd03~23~1~09 - Jenniferd - Set 07 - 2008 - 07 - 04}
jenniferd7111.jpg,181134,965d1359,\Gallery36\09 - Jenniferd\Set 07 - 2008-07-04\,{Shemale Yum Dvd03~23~1~09 - Jenniferd - Set 07 - 2008 - 07 - 04}
jenniferd7112.jpg,167490,377eb2c3,\Gallery36\09 - Jenniferd\Set 07 - 2008-07-04\,{Shemale Yum Dvd03~23~1~09 - Jenniferd - Set 07 - 2008 - 07 - 04}
jenniferd7113.jpg,221710,5dd79b57,\Gallery36\09 - Jenniferd\Set 07 - 2008-07-04\,{Shemale Yum Dvd03~23~1~09 - Jenniferd - Set 07 - 2008 - 07 - 04}
jenniferd7114.jpg,227152,2b51403c,\Gallery36\09 - Jenniferd\Set 07 - 2008-07-04\,{Shemale Yum Dvd03~23~1~09 - Jenniferd - Set 07 - 2008 - 07 - 04}
jenniferd7115.jpg,211543,e205fbdd,\Gallery36\09 - Jenniferd\Set 07 - 2008-07-04\,{Shemale Yum Dvd03~23~1~09 - Jenniferd - Set 07 - 2008 - 07 - 04}
jenniferd7116.jpg,218838,328c79fe,\Gallery36\09 - Jenniferd\Set 07 - 2008-07-04\,{Shemale Yum Dvd03~23~1~09 - Jenniferd - Set 07 - 2008 - 07 - 04}
jenniferd7117.jpg,214600,2a1e3f09,\Gallery36\09 - Jenniferd\Set 07 - 2008-07-04\,{Shemale Yum Dvd03~23~1~09 - Jenniferd - Set 07 - 2008 - 07 - 04}
jenniferd7118.jpg,265281,f479cfda,\Gallery36\09 - Jenniferd\Set 07 - 2008-07-04\,{Shemale Yum Dvd03~23~1~09 - Jenniferd - Set 07 - 2008 - 07 - 04}
jenniferd7119.jpg,227704,8a41aaae,\Gallery36\09 - Jenniferd\Set 07 - 2008-07-04\,{Shemale Yum Dvd03~23~1~09 - Jenniferd - Set 07 - 2008 - 07 - 04}
jenniferd7120.jpg,244555,379cbe1a,\Gallery36\09 - Jenniferd\Set 07 - 2008-07-04\,{Shemale Yum Dvd03~23~1~09 - Jenniferd - Set 07 - 2008 - 07 - 04}
shara3001.jpg,300135,48d12c59,\Gallery45\02 - Shara\Set 03 - 2008-09-05\,{Shemale Yum Dvd03~24~1~02 - Shara - Set 03 - 2008 - 09 - 05}
shara3002.jpg,304913,1115be17,\Gallery45\02 - Shara\Set 03 - 2008-09-05\,{Shemale Yum Dvd03~24~1~02 - Shara - Set 03 - 2008 - 09 - 05}
shara3003.jpg,323876,b72fce2c,\Gallery45\02 - Shara\Set 03 - 2008-09-05\,{Shemale Yum Dvd03~24~1~02 - Shara - Set 03 - 2008 - 09 - 05}
shara3004.jpg,287036,a3327a69,\Gallery45\02 - Shara\Set 03 - 2008-09-05\,{Shemale Yum Dvd03~24~1~02 - Shara - Set 03 - 2008 - 09 - 05}
shara3005.jpg,297283,8f516e0a,\Gallery45\02 - Shara\Set 03 - 2008-09-05\,{Shemale Yum Dvd03~24~1~02 - Shara - Set 03 - 2008 - 09 - 05}
shara3006.jpg,399205,8c3e9ba2,\Gallery45\02 - Shara\Set 03 - 2008-09-05\,{Shemale Yum Dvd03~24~1~02 - Shara - Set 03 - 2008 - 09 - 05}
shara3007.jpg,398623,1ece324c,\Gallery45\02 - Shara\Set 03 - 2008-09-05\,{Shemale Yum Dvd03~24~1~02 - Shara - Set 03 - 2008 - 09 - 05}
shara3008.jpg,351393,5b80f14d,\Gallery45\02 - Shara\Set 03 - 2008-09-05\,{Shemale Yum Dvd03~24~1~02 - Shara - Set 03 - 2008 - 09 - 05}
shara3009.jpg,406811,0c3c325d,\Gallery45\02 - Shara\Set 03 - 2008-09-05\,{Shemale Yum Dvd03~24~1~02 - Shara - Set 03 - 2008 - 09 - 05}
shara3010.jpg,386926,979dcad7,\Gallery45\02 - Shara\Set 03 - 2008-09-05\,{Shemale Yum Dvd03~24~1~02 - Shara - Set 03 - 2008 - 09 - 05}
shara3011.jpg,251155,f5197fe4,\Gallery45\02 - Shara\Set 03 - 2008-09-05\,{Shemale Yum Dvd03~24~1~02 - Shara - Set 03 - 2008 - 09 - 05}
shara3012.jpg,266433,64cd73d0,\Gallery45\02 - Shara\Set 03 - 2008-09-05\,{Shemale Yum Dvd03~24~1~02 - Shara - Set 03 - 2008 - 09 - 05}
shara3013.jpg,278204,a4ff68f2,\Gallery45\02 - Shara\Set 03 - 2008-09-05\,{Shemale Yum Dvd03~24~1~02 - Shara - Set 03 - 2008 - 09 - 05}
shara3014.jpg,284561,2729baeb,\Gallery45\02 - Shara\Set 03 - 2008-09-05\,{Shemale Yum Dvd03~24~1~02 - Shara - Set 03 - 2008 - 09 - 05}
shara3015.jpg,275330,6417605a,\Gallery45\02 - Shara\Set 03 - 2008-09-05\,{Shemale Yum Dvd03~24~1~02 - Shara - Set 03 - 2008 - 09 - 05}
shara3016.jpg,359015,1db63353,\Gallery45\02 - Shara\Set 03 - 2008-09-05\,{Shemale Yum Dvd03~24~1~02 - Shara - Set 03 - 2008 - 09 - 05}
shara3017.jpg,268657,b89ffeb9,\Gallery45\02 - Shara\Set 03 - 2008-09-05\,{Shemale Yum Dvd03~24~1~02 - Shara - Set 03 - 2008 - 09 - 05}
shara3018.jpg,279306,05199225,\Gallery45\02 - Shara\Set 03 - 2008-09-05\,{Shemale Yum Dvd03~24~1~02 - Shara - Set 03 - 2008 - 09 - 05}
shara3019.jpg,332644,1bef0c81,\Gallery45\02 - Shara\Set 03 - 2008-09-05\,{Shemale Yum Dvd03~24~1~02 - Shara - Set 03 - 2008 - 09 - 05}
shara3020.jpg,307178,9bed5e4f,\Gallery45\02 - Shara\Set 03 - 2008-09-05\,{Shemale Yum Dvd03~24~1~02 - Shara - Set 03 - 2008 - 09 - 05}
shara3021.jpg,273786,dd25f168,\Gallery45\02 - Shara\Set 03 - 2008-09-05\,{Shemale Yum Dvd03~24~1~02 - Shara - Set 03 - 2008 - 09 - 05}
shara3022.jpg,313393,143dfdb0,\Gallery45\02 - Shara\Set 03 - 2008-09-05\,{Shemale Yum Dvd03~24~1~02 - Shara - Set 03 - 2008 - 09 - 05}
shara3023.jpg,322988,1ab5d921,\Gallery45\02 - Shara\Set 03 - 2008-09-05\,{Shemale Yum Dvd03~24~1~02 - Shara - Set 03 - 2008 - 09 - 05}
shara3024.jpg,338381,cc2de4fe,\Gallery45\02 - Shara\Set 03 - 2008-09-05\,{Shemale Yum Dvd03~24~1~02 - Shara - Set 03 - 2008 - 09 - 05}
shara3025.jpg,307144,f6e96d8b,\Gallery45\02 - Shara\Set 03 - 2008-09-05\,{Shemale Yum Dvd03~24~1~02 - Shara - Set 03 - 2008 - 09 - 05}
shara3026.jpg,292532,7e24e0f3,\Gallery45\02 - Shara\Set 03 - 2008-09-05\,{Shemale Yum Dvd03~24~1~02 - Shara - Set 03 - 2008 - 09 - 05}
shara3027.jpg,305265,0c42499c,\Gallery45\02 - Shara\Set 03 - 2008-09-05\,{Shemale Yum Dvd03~24~1~02 - Shara - Set 03 - 2008 - 09 - 05}
shara3028.jpg,284862,607348c8,\Gallery45\02 - Shara\Set 03 - 2008-09-05\,{Shemale Yum Dvd03~24~1~02 - Shara - Set 03 - 2008 - 09 - 05}
shara3029.jpg,316781,f74c7dd3,\Gallery45\02 - Shara\Set 03 - 2008-09-05\,{Shemale Yum Dvd03~24~1~02 - Shara - Set 03 - 2008 - 09 - 05}
shara3030.jpg,315852,78e56696,\Gallery45\02 - Shara\Set 03 - 2008-09-05\,{Shemale Yum Dvd03~24~1~02 - Shara - Set 03 - 2008 - 09 - 05}
shara3031.jpg,261681,43480985,\Gallery45\02 - Shara\Set 03 - 2008-09-05\,{Shemale Yum Dvd03~24~1~02 - Shara - Set 03 - 2008 - 09 - 05}
shara3032.jpg,256402,bcf6bb38,\Gallery45\02 - Shara\Set 03 - 2008-09-05\,{Shemale Yum Dvd03~24~1~02 - Shara - Set 03 - 2008 - 09 - 05}
shara3033.jpg,278343,ed20de19,\Gallery45\02 - Shara\Set 03 - 2008-09-05\,{Shemale Yum Dvd03~24~1~02 - Shara - Set 03 - 2008 - 09 - 05}
shara3034.jpg,266363,399043f6,\Gallery45\02 - Shara\Set 03 - 2008-09-05\,{Shemale Yum Dvd03~24~1~02 - Shara - Set 03 - 2008 - 09 - 05}
shara3035.jpg,267422,50b41f56,\Gallery45\02 - Shara\Set 03 - 2008-09-05\,{Shemale Yum Dvd03~24~1~02 - Shara - Set 03 - 2008 - 09 - 05}
shara3036.jpg,253102,c8d56214,\Gallery45\02 - Shara\Set 03 - 2008-09-05\,{Shemale Yum Dvd03~24~1~02 - Shara - Set 03 - 2008 - 09 - 05}
shara3037.jpg,301910,9a00f126,\Gallery45\02 - Shara\Set 03 - 2008-09-05\,{Shemale Yum Dvd03~24~1~02 - Shara - Set 03 - 2008 - 09 - 05}
shara3038.jpg,302786,28958c5b,\Gallery45\02 - Shara\Set 03 - 2008-09-05\,{Shemale Yum Dvd03~24~1~02 - Shara - Set 03 - 2008 - 09 - 05}
shara3039.jpg,216790,a3432a31,\Gallery45\02 - Shara\Set 03 - 2008-09-05\,{Shemale Yum Dvd03~24~1~02 - Shara - Set 03 - 2008 - 09 - 05}
shara3040.jpg,207657,88af4701,\Gallery45\02 - Shara\Set 03 - 2008-09-05\,{Shemale Yum Dvd03~24~1~02 - Shara - Set 03 - 2008 - 09 - 05}
shara3041.jpg,208741,8073d745,\Gallery45\02 - Shara\Set 03 - 2008-09-05\,{Shemale Yum Dvd03~24~1~02 - Shara - Set 03 - 2008 - 09 - 05}
shara3042.jpg,332113,316c9a64,\Gallery45\02 - Shara\Set 03 - 2008-09-05\,{Shemale Yum Dvd03~24~1~02 - Shara - Set 03 - 2008 - 09 - 05}
shara3043.jpg,331852,d0f3cbca,\Gallery45\02 - Shara\Set 03 - 2008-09-05\,{Shemale Yum Dvd03~24~1~02 - Shara - Set 03 - 2008 - 09 - 05}
shara3044.jpg,340424,1f7fc555,\Gallery45\02 - Shara\Set 03 - 2008-09-05\,{Shemale Yum Dvd03~24~1~02 - Shara - Set 03 - 2008 - 09 - 05}
shara3045.jpg,264034,579a45b6,\Gallery45\02 - Shara\Set 03 - 2008-09-05\,{Shemale Yum Dvd03~24~1~02 - Shara - Set 03 - 2008 - 09 - 05}
shara3046.jpg,297662,022c8071,\Gallery45\02 - Shara\Set 03 - 2008-09-05\,{Shemale Yum Dvd03~24~1~02 - Shara - Set 03 - 2008 - 09 - 05}
shara3047.jpg,279973,af4264ff,\Gallery45\02 - Shara\Set 03 - 2008-09-05\,{Shemale Yum Dvd03~24~1~02 - Shara - Set 03 - 2008 - 09 - 05}
shara3048.jpg,301563,122e3dd3,\Gallery45\02 - Shara\Set 03 - 2008-09-05\,{Shemale Yum Dvd03~24~1~02 - Shara - Set 03 - 2008 - 09 - 05}
shara3049.jpg,298230,9c2f69fb,\Gallery45\02 - Shara\Set 03 - 2008-09-05\,{Shemale Yum Dvd03~24~1~02 - Shara - Set 03 - 2008 - 09 - 05}
shara3050.jpg,329887,a579c346,\Gallery45\02 - Shara\Set 03 - 2008-09-05\,{Shemale Yum Dvd03~24~1~02 - Shara - Set 03 - 2008 - 09 - 05}
shara3051.jpg,330923,b51a455d,\Gallery45\02 - Shara\Set 03 - 2008-09-05\,{Shemale Yum Dvd03~24~1~02 - Shara - Set 03 - 2008 - 09 - 05}
shara3052.jpg,351853,e4e6be3c,\Gallery45\02 - Shara\Set 03 - 2008-09-05\,{Shemale Yum Dvd03~24~1~02 - Shara - Set 03 - 2008 - 09 - 05}
shara3053.jpg,320790,0d343d87,\Gallery45\02 - Shara\Set 03 - 2008-09-05\,{Shemale Yum Dvd03~24~1~02 - Shara - Set 03 - 2008 - 09 - 05}
shara3054.jpg,322184,84df8d7f,\Gallery45\02 - Shara\Set 03 - 2008-09-05\,{Shemale Yum Dvd03~24~1~02 - Shara - Set 03 - 2008 - 09 - 05}
shara3055.jpg,262752,17184acc,\Gallery45\02 - Shara\Set 03 - 2008-09-05\,{Shemale Yum Dvd03~24~1~02 - Shara - Set 03 - 2008 - 09 - 05}
shara3056.jpg,277889,701265e0,\Gallery45\02 - Shara\Set 03 - 2008-09-05\,{Shemale Yum Dvd03~24~1~02 - Shara - Set 03 - 2008 - 09 - 05}
shara3057.jpg,269407,7e42a7a4,\Gallery45\02 - Shara\Set 03 - 2008-09-05\,{Shemale Yum Dvd03~24~1~02 - Shara - Set 03 - 2008 - 09 - 05}
shara3058.jpg,256315,035b5d01,\Gallery45\02 - Shara\Set 03 - 2008-09-05\,{Shemale Yum Dvd03~24~1~02 - Shara - Set 03 - 2008 - 09 - 05}
shara3059.jpg,258810,b522e3c2,\Gallery45\02 - Shara\Set 03 - 2008-09-05\,{Shemale Yum Dvd03~24~1~02 - Shara - Set 03 - 2008 - 09 - 05}
shara3060.jpg,290458,cd301c0d,\Gallery45\02 - Shara\Set 03 - 2008-09-05\,{Shemale Yum Dvd03~24~1~02 - Shara - Set 03 - 2008 - 09 - 05}
shara3061.jpg,259424,769e515a,\Gallery45\02 - Shara\Set 03 - 2008-09-05\,{Shemale Yum Dvd03~24~1~02 - Shara - Set 03 - 2008 - 09 - 05}
shara3062.jpg,278689,d000849e,\Gallery45\02 - Shara\Set 03 - 2008-09-05\,{Shemale Yum Dvd03~24~1~02 - Shara - Set 03 - 2008 - 09 - 05}
shara3063.jpg,218305,33d002c7,\Gallery45\02 - Shara\Set 03 - 2008-09-05\,{Shemale Yum Dvd03~24~1~02 - Shara - Set 03 - 2008 - 09 - 05}
shara3064.jpg,241827,b068dab2,\Gallery45\02 - Shara\Set 03 - 2008-09-05\,{Shemale Yum Dvd03~24~1~02 - Shara - Set 03 - 2008 - 09 - 05}
shara3065.jpg,230312,a8dfe357,\Gallery45\02 - Shara\Set 03 - 2008-09-05\,{Shemale Yum Dvd03~24~1~02 - Shara - Set 03 - 2008 - 09 - 05}
shara3066.jpg,228390,82fd38f9,\Gallery45\02 - Shara\Set 03 - 2008-09-05\,{Shemale Yum Dvd03~24~1~02 - Shara - Set 03 - 2008 - 09 - 05}
shara3067.jpg,247094,a97f1046,\Gallery45\02 - Shara\Set 03 - 2008-09-05\,{Shemale Yum Dvd03~24~1~02 - Shara - Set 03 - 2008 - 09 - 05}
shara3068.jpg,254369,b3f493b7,\Gallery45\02 - Shara\Set 03 - 2008-09-05\,{Shemale Yum Dvd03~24~1~02 - Shara - Set 03 - 2008 - 09 - 05}
shara3069.jpg,266523,657b32ba,\Gallery45\02 - Shara\Set 03 - 2008-09-05\,{Shemale Yum Dvd03~24~1~02 - Shara - Set 03 - 2008 - 09 - 05}
shara3070.jpg,225055,3285498e,\Gallery45\02 - Shara\Set 03 - 2008-09-05\,{Shemale Yum Dvd03~24~1~02 - Shara - Set 03 - 2008 - 09 - 05}
shara3071.jpg,253424,297ee0e1,\Gallery45\02 - Shara\Set 03 - 2008-09-05\,{Shemale Yum Dvd03~24~1~02 - Shara - Set 03 - 2008 - 09 - 05}
shara3072.jpg,255383,000de98f,\Gallery45\02 - Shara\Set 03 - 2008-09-05\,{Shemale Yum Dvd03~24~1~02 - Shara - Set 03 - 2008 - 09 - 05}
shara3073.jpg,245847,b9ec6e83,\Gallery45\02 - Shara\Set 03 - 2008-09-05\,{Shemale Yum Dvd03~24~1~02 - Shara - Set 03 - 2008 - 09 - 05}
shara3074.jpg,233858,1c638a54,\Gallery45\02 - Shara\Set 03 - 2008-09-05\,{Shemale Yum Dvd03~24~1~02 - Shara - Set 03 - 2008 - 09 - 05}
shara3075.jpg,240719,63ca8dee,\Gallery45\02 - Shara\Set 03 - 2008-09-05\,{Shemale Yum Dvd03~24~1~02 - Shara - Set 03 - 2008 - 09 - 05}
shara3076.jpg,176120,0b6b7fb2,\Gallery45\02 - Shara\Set 03 - 2008-09-05\,{Shemale Yum Dvd03~24~1~02 - Shara - Set 03 - 2008 - 09 - 05}
shara3077.jpg,192887,87386159,\Gallery45\02 - Shara\Set 03 - 2008-09-05\,{Shemale Yum Dvd03~24~1~02 - Shara - Set 03 - 2008 - 09 - 05}
shara3078.jpg,202794,9a6e57ee,\Gallery45\02 - Shara\Set 03 - 2008-09-05\,{Shemale Yum Dvd03~24~1~02 - Shara - Set 03 - 2008 - 09 - 05}
shara3079.jpg,209143,ca90e483,\Gallery45\02 - Shara\Set 03 - 2008-09-05\,{Shemale Yum Dvd03~24~1~02 - Shara - Set 03 - 2008 - 09 - 05}
shara3080.jpg,212991,d79f4576,\Gallery45\02 - Shara\Set 03 - 2008-09-05\,{Shemale Yum Dvd03~24~1~02 - Shara - Set 03 - 2008 - 09 - 05}
shara3081.jpg,265409,64c40160,\Gallery45\02 - Shara\Set 03 - 2008-09-05\,{Shemale Yum Dvd03~24~1~02 - Shara - Set 03 - 2008 - 09 - 05}
shara3082.jpg,235345,9593225a,\Gallery45\02 - Shara\Set 03 - 2008-09-05\,{Shemale Yum Dvd03~24~1~02 - Shara - Set 03 - 2008 - 09 - 05}
shara3083.jpg,223914,ca83b187,\Gallery45\02 - Shara\Set 03 - 2008-09-05\,{Shemale Yum Dvd03~24~1~02 - Shara - Set 03 - 2008 - 09 - 05}
shara3084.jpg,228238,834bfe98,\Gallery45\02 - Shara\Set 03 - 2008-09-05\,{Shemale Yum Dvd03~24~1~02 - Shara - Set 03 - 2008 - 09 - 05}
shara3085.jpg,229034,51683cb2,\Gallery45\02 - Shara\Set 03 - 2008-09-05\,{Shemale Yum Dvd03~24~1~02 - Shara - Set 03 - 2008 - 09 - 05}
shara3086.jpg,233357,07bdaf4d,\Gallery45\02 - Shara\Set 03 - 2008-09-05\,{Shemale Yum Dvd03~24~1~02 - Shara - Set 03 - 2008 - 09 - 05}
shara3087.jpg,284026,39478646,\Gallery45\02 - Shara\Set 03 - 2008-09-05\,{Shemale Yum Dvd03~24~1~02 - Shara - Set 03 - 2008 - 09 - 05}
shara3088.jpg,274456,331af5da,\Gallery45\02 - Shara\Set 03 - 2008-09-05\,{Shemale Yum Dvd03~24~1~02 - Shara - Set 03 - 2008 - 09 - 05}
shara3089.jpg,271223,bdb112fe,\Gallery45\02 - Shara\Set 03 - 2008-09-05\,{Shemale Yum Dvd03~24~1~02 - Shara - Set 03 - 2008 - 09 - 05}
shara3090.jpg,263907,01998247,\Gallery45\02 - Shara\Set 03 - 2008-09-05\,{Shemale Yum Dvd03~24~1~02 - Shara - Set 03 - 2008 - 09 - 05}
shara3091.jpg,247775,bfb82e99,\Gallery45\02 - Shara\Set 03 - 2008-09-05\,{Shemale Yum Dvd03~24~1~02 - Shara - Set 03 - 2008 - 09 - 05}
shara3092.jpg,227044,412618f8,\Gallery45\02 - Shara\Set 03 - 2008-09-05\,{Shemale Yum Dvd03~24~1~02 - Shara - Set 03 - 2008 - 09 - 05}
shara3093.jpg,250899,492b73c6,\Gallery45\02 - Shara\Set 03 - 2008-09-05\,{Shemale Yum Dvd03~24~1~02 - Shara - Set 03 - 2008 - 09 - 05}
shara3094.jpg,254889,5f3c4db4,\Gallery45\02 - Shara\Set 03 - 2008-09-05\,{Shemale Yum Dvd03~24~1~02 - Shara - Set 03 - 2008 - 09 - 05}
shara3095.jpg,253452,c55ebe32,\Gallery45\02 - Shara\Set 03 - 2008-09-05\,{Shemale Yum Dvd03~24~1~02 - Shara - Set 03 - 2008 - 09 - 05}
oliviab7001.jpg,202234,f2b0c06b,\Gallery50\09 - Oliviab\Set 07 - 2008-07-11\,{Shemale Yum Dvd03~25~1~09 - Oliviab - Set 07 - 2008 - 07 - 11}
oliviab7002.jpg,203270,534c2c11,\Gallery50\09 - Oliviab\Set 07 - 2008-07-11\,{Shemale Yum Dvd03~25~1~09 - Oliviab - Set 07 - 2008 - 07 - 11}
oliviab7003.jpg,204439,7e3772f3,\Gallery50\09 - Oliviab\Set 07 - 2008-07-11\,{Shemale Yum Dvd03~25~1~09 - Oliviab - Set 07 - 2008 - 07 - 11}
oliviab7004.jpg,240838,3b90bb6b,\Gallery50\09 - Oliviab\Set 07 - 2008-07-11\,{Shemale Yum Dvd03~25~1~09 - Oliviab - Set 07 - 2008 - 07 - 11}
oliviab7005.jpg,241205,9ba394e2,\Gallery50\09 - Oliviab\Set 07 - 2008-07-11\,{Shemale Yum Dvd03~25~1~09 - Oliviab - Set 07 - 2008 - 07 - 11}
oliviab7006.jpg,304755,075b24bb,\Gallery50\09 - Oliviab\Set 07 - 2008-07-11\,{Shemale Yum Dvd03~25~1~09 - Oliviab - Set 07 - 2008 - 07 - 11}
oliviab7007.jpg,297285,c63fd711,\Gallery50\09 - Oliviab\Set 07 - 2008-07-11\,{Shemale Yum Dvd03~25~1~09 - Oliviab - Set 07 - 2008 - 07 - 11}
oliviab7008.jpg,222114,a289b11c,\Gallery50\09 - Oliviab\Set 07 - 2008-07-11\,{Shemale Yum Dvd03~25~1~09 - Oliviab - Set 07 - 2008 - 07 - 11}
oliviab7009.jpg,213202,4f6760cf,\Gallery50\09 - Oliviab\Set 07 - 2008-07-11\,{Shemale Yum Dvd03~25~1~09 - Oliviab - Set 07 - 2008 - 07 - 11}
oliviab7010.jpg,228591,fe06ea76,\Gallery50\09 - Oliviab\Set 07 - 2008-07-11\,{Shemale Yum Dvd03~25~1~09 - Oliviab - Set 07 - 2008 - 07 - 11}
oliviab7011.jpg,240562,c1a668a6,\Gallery50\09 - Oliviab\Set 07 - 2008-07-11\,{Shemale Yum Dvd03~25~1~09 - Oliviab - Set 07 - 2008 - 07 - 11}
oliviab7012.jpg,236053,6d6ae46c,\Gallery50\09 - Oliviab\Set 07 - 2008-07-11\,{Shemale Yum Dvd03~25~1~09 - Oliviab - Set 07 - 2008 - 07 - 11}
oliviab7013.jpg,207656,95740e39,\Gallery50\09 - Oliviab\Set 07 - 2008-07-11\,{Shemale Yum Dvd03~25~1~09 - Oliviab - Set 07 - 2008 - 07 - 11}
oliviab7014.jpg,226103,d3d2d9f1,\Gallery50\09 - Oliviab\Set 07 - 2008-07-11\,{Shemale Yum Dvd03~25~1~09 - Oliviab - Set 07 - 2008 - 07 - 11}
oliviab7015.jpg,223872,1f93b2b6,\Gallery50\09 - Oliviab\Set 07 - 2008-07-11\,{Shemale Yum Dvd03~25~1~09 - Oliviab - Set 07 - 2008 - 07 - 11}
oliviab7016.jpg,222873,85b4fe8b,\Gallery50\09 - Oliviab\Set 07 - 2008-07-11\,{Shemale Yum Dvd03~25~1~09 - Oliviab - Set 07 - 2008 - 07 - 11}
oliviab7017.jpg,217290,425a4ec3,\Gallery50\09 - Oliviab\Set 07 - 2008-07-11\,{Shemale Yum Dvd03~25~1~09 - Oliviab - Set 07 - 2008 - 07 - 11}
oliviab7018.jpg,207846,16d53a41,\Gallery50\09 - Oliviab\Set 07 - 2008-07-11\,{Shemale Yum Dvd03~25~1~09 - Oliviab - Set 07 - 2008 - 07 - 11}
oliviab7019.jpg,210209,c44beefd,\Gallery50\09 - Oliviab\Set 07 - 2008-07-11\,{Shemale Yum Dvd03~25~1~09 - Oliviab - Set 07 - 2008 - 07 - 11}
oliviab7020.jpg,207645,dd10eefa,\Gallery50\09 - Oliviab\Set 07 - 2008-07-11\,{Shemale Yum Dvd03~25~1~09 - Oliviab - Set 07 - 2008 - 07 - 11}
oliviab7021.jpg,206922,347ed8a3,\Gallery50\09 - Oliviab\Set 07 - 2008-07-11\,{Shemale Yum Dvd03~25~1~09 - Oliviab - Set 07 - 2008 - 07 - 11}
oliviab7022.jpg,211726,9545d638,\Gallery50\09 - Oliviab\Set 07 - 2008-07-11\,{Shemale Yum Dvd03~25~1~09 - Oliviab - Set 07 - 2008 - 07 - 11}
oliviab7023.jpg,190423,c023f17f,\Gallery50\09 - Oliviab\Set 07 - 2008-07-11\,{Shemale Yum Dvd03~25~1~09 - Oliviab - Set 07 - 2008 - 07 - 11}
oliviab7024.jpg,196046,65ce5a11,\Gallery50\09 - Oliviab\Set 07 - 2008-07-11\,{Shemale Yum Dvd03~25~1~09 - Oliviab - Set 07 - 2008 - 07 - 11}
oliviab7025.jpg,200499,6d4201c5,\Gallery50\09 - Oliviab\Set 07 - 2008-07-11\,{Shemale Yum Dvd03~25~1~09 - Oliviab - Set 07 - 2008 - 07 - 11}
oliviab7026.jpg,173735,83fe44dc,\Gallery50\09 - Oliviab\Set 07 - 2008-07-11\,{Shemale Yum Dvd03~25~1~09 - Oliviab - Set 07 - 2008 - 07 - 11}
oliviab7027.jpg,162941,f40f4fdb,\Gallery50\09 - Oliviab\Set 07 - 2008-07-11\,{Shemale Yum Dvd03~25~1~09 - Oliviab - Set 07 - 2008 - 07 - 11}
oliviab7028.jpg,215490,8c345a70,\Gallery50\09 - Oliviab\Set 07 - 2008-07-11\,{Shemale Yum Dvd03~25~1~09 - Oliviab - Set 07 - 2008 - 07 - 11}
oliviab7029.jpg,292718,5e22b971,\Gallery50\09 - Oliviab\Set 07 - 2008-07-11\,{Shemale Yum Dvd03~25~1~09 - Oliviab - Set 07 - 2008 - 07 - 11}
oliviab7030.jpg,219435,5fb8c172,\Gallery50\09 - Oliviab\Set 07 - 2008-07-11\,{Shemale Yum Dvd03~25~1~09 - Oliviab - Set 07 - 2008 - 07 - 11}
oliviab7031.jpg,251431,29ac7ea1,\Gallery50\09 - Oliviab\Set 07 - 2008-07-11\,{Shemale Yum Dvd03~25~1~09 - Oliviab - Set 07 - 2008 - 07 - 11}
oliviab7032.jpg,224442,562acb6b,\Gallery50\09 - Oliviab\Set 07 - 2008-07-11\,{Shemale Yum Dvd03~25~1~09 - Oliviab - Set 07 - 2008 - 07 - 11}
oliviab7033.jpg,219898,0fcbeb38,\Gallery50\09 - Oliviab\Set 07 - 2008-07-11\,{Shemale Yum Dvd03~25~1~09 - Oliviab - Set 07 - 2008 - 07 - 11}
oliviab7034.jpg,215234,319fbe0c,\Gallery50\09 - Oliviab\Set 07 - 2008-07-11\,{Shemale Yum Dvd03~25~1~09 - Oliviab - Set 07 - 2008 - 07 - 11}
oliviab7035.jpg,226032,064de797,\Gallery50\09 - Oliviab\Set 07 - 2008-07-11\,{Shemale Yum Dvd03~25~1~09 - Oliviab - Set 07 - 2008 - 07 - 11}
oliviab7036.jpg,217427,7e2c105b,\Gallery50\09 - Oliviab\Set 07 - 2008-07-11\,{Shemale Yum Dvd03~25~1~09 - Oliviab - Set 07 - 2008 - 07 - 11}
oliviab7037.jpg,228453,a9becfb1,\Gallery50\09 - Oliviab\Set 07 - 2008-07-11\,{Shemale Yum Dvd03~25~1~09 - Oliviab - Set 07 - 2008 - 07 - 11}
oliviab7038.jpg,232049,9db01d2e,\Gallery50\09 - Oliviab\Set 07 - 2008-07-11\,{Shemale Yum Dvd03~25~1~09 - Oliviab - Set 07 - 2008 - 07 - 11}
oliviab7039.jpg,213567,e4e8e8dc,\Gallery50\09 - Oliviab\Set 07 - 2008-07-11\,{Shemale Yum Dvd03~25~1~09 - Oliviab - Set 07 - 2008 - 07 - 11}
oliviab7040.jpg,226930,e73b56dc,\Gallery50\09 - Oliviab\Set 07 - 2008-07-11\,{Shemale Yum Dvd03~25~1~09 - Oliviab - Set 07 - 2008 - 07 - 11}
oliviab7041.jpg,227728,98f9f4a8,\Gallery50\09 - Oliviab\Set 07 - 2008-07-11\,{Shemale Yum Dvd03~25~1~09 - Oliviab - Set 07 - 2008 - 07 - 11}
oliviab7042.jpg,287106,f5dc2231,\Gallery50\09 - Oliviab\Set 07 - 2008-07-11\,{Shemale Yum Dvd03~25~1~09 - Oliviab - Set 07 - 2008 - 07 - 11}
oliviab7043.jpg,273286,17f93314,\Gallery50\09 - Oliviab\Set 07 - 2008-07-11\,{Shemale Yum Dvd03~25~1~09 - Oliviab - Set 07 - 2008 - 07 - 11}
oliviab7044.jpg,274700,cc4357a8,\Gallery50\09 - Oliviab\Set 07 - 2008-07-11\,{Shemale Yum Dvd03~25~1~09 - Oliviab - Set 07 - 2008 - 07 - 11}
oliviab7045.jpg,272894,592a0b62,\Gallery50\09 - Oliviab\Set 07 - 2008-07-11\,{Shemale Yum Dvd03~25~1~09 - Oliviab - Set 07 - 2008 - 07 - 11}
oliviab7046.jpg,265075,f6de41b5,\Gallery50\09 - Oliviab\Set 07 - 2008-07-11\,{Shemale Yum Dvd03~25~1~09 - Oliviab - Set 07 - 2008 - 07 - 11}
oliviab7047.jpg,261097,1bcce785,\Gallery50\09 - Oliviab\Set 07 - 2008-07-11\,{Shemale Yum Dvd03~25~1~09 - Oliviab - Set 07 - 2008 - 07 - 11}
oliviab7048.jpg,255440,e1c41de9,\Gallery50\09 - Oliviab\Set 07 - 2008-07-11\,{Shemale Yum Dvd03~25~1~09 - Oliviab - Set 07 - 2008 - 07 - 11}
oliviab7049.jpg,294920,e81af85d,\Gallery50\09 - Oliviab\Set 07 - 2008-07-11\,{Shemale Yum Dvd03~25~1~09 - Oliviab - Set 07 - 2008 - 07 - 11}
oliviab7050.jpg,313934,b855a470,\Gallery50\09 - Oliviab\Set 07 - 2008-07-11\,{Shemale Yum Dvd03~25~1~09 - Oliviab - Set 07 - 2008 - 07 - 11}
oliviab7051.jpg,292941,c73a5aa2,\Gallery50\09 - Oliviab\Set 07 - 2008-07-11\,{Shemale Yum Dvd03~25~1~09 - Oliviab - Set 07 - 2008 - 07 - 11}
oliviab7052.jpg,248902,6e27739b,\Gallery50\09 - Oliviab\Set 07 - 2008-07-11\,{Shemale Yum Dvd03~25~1~09 - Oliviab - Set 07 - 2008 - 07 - 11}
oliviab7053.jpg,257600,074951b3,\Gallery50\09 - Oliviab\Set 07 - 2008-07-11\,{Shemale Yum Dvd03~25~1~09 - Oliviab - Set 07 - 2008 - 07 - 11}
oliviab7054.jpg,246384,5c47cc98,\Gallery50\09 - Oliviab\Set 07 - 2008-07-11\,{Shemale Yum Dvd03~25~1~09 - Oliviab - Set 07 - 2008 - 07 - 11}
oliviab7055.jpg,245961,87e9e7dd,\Gallery50\09 - Oliviab\Set 07 - 2008-07-11\,{Shemale Yum Dvd03~25~1~09 - Oliviab - Set 07 - 2008 - 07 - 11}
oliviab7056.jpg,242392,76157cbf,\Gallery50\09 - Oliviab\Set 07 - 2008-07-11\,{Shemale Yum Dvd03~25~1~09 - Oliviab - Set 07 - 2008 - 07 - 11}
oliviab7057.jpg,230419,7eac6278,\Gallery50\09 - Oliviab\Set 07 - 2008-07-11\,{Shemale Yum Dvd03~25~1~09 - Oliviab - Set 07 - 2008 - 07 - 11}
oliviab7058.jpg,227580,f8e55953,\Gallery50\09 - Oliviab\Set 07 - 2008-07-11\,{Shemale Yum Dvd03~25~1~09 - Oliviab - Set 07 - 2008 - 07 - 11}
oliviab7059.jpg,262915,c0832012,\Gallery50\09 - Oliviab\Set 07 - 2008-07-11\,{Shemale Yum Dvd03~25~1~09 - Oliviab - Set 07 - 2008 - 07 - 11}
oliviab7060.jpg,238000,9a833434,\Gallery50\09 - Oliviab\Set 07 - 2008-07-11\,{Shemale Yum Dvd03~25~1~09 - Oliviab - Set 07 - 2008 - 07 - 11}
oliviab7061.jpg,276612,2cd54ede,\Gallery50\09 - Oliviab\Set 07 - 2008-07-11\,{Shemale Yum Dvd03~25~1~09 - Oliviab - Set 07 - 2008 - 07 - 11}
oliviab7062.jpg,221307,97bbbef8,\Gallery50\09 - Oliviab\Set 07 - 2008-07-11\,{Shemale Yum Dvd03~25~1~09 - Oliviab - Set 07 - 2008 - 07 - 11}
oliviab7063.jpg,262150,4a7ce60d,\Gallery50\09 - Oliviab\Set 07 - 2008-07-11\,{Shemale Yum Dvd03~25~1~09 - Oliviab - Set 07 - 2008 - 07 - 11}
oliviab7064.jpg,300673,b2c7bbd4,\Gallery50\09 - Oliviab\Set 07 - 2008-07-11\,{Shemale Yum Dvd03~25~1~09 - Oliviab - Set 07 - 2008 - 07 - 11}
oliviab7065.jpg,299881,e61fd74c,\Gallery50\09 - Oliviab\Set 07 - 2008-07-11\,{Shemale Yum Dvd03~25~1~09 - Oliviab - Set 07 - 2008 - 07 - 11}
oliviab7066.jpg,297152,58b94990,\Gallery50\09 - Oliviab\Set 07 - 2008-07-11\,{Shemale Yum Dvd03~25~1~09 - Oliviab - Set 07 - 2008 - 07 - 11}
oliviab7067.jpg,292962,dbd6b90a,\Gallery50\09 - Oliviab\Set 07 - 2008-07-11\,{Shemale Yum Dvd03~25~1~09 - Oliviab - Set 07 - 2008 - 07 - 11}
oliviab7068.jpg,291483,527c89f3,\Gallery50\09 - Oliviab\Set 07 - 2008-07-11\,{Shemale Yum Dvd03~25~1~09 - Oliviab - Set 07 - 2008 - 07 - 11}
oliviab7069.jpg,290026,33477a12,\Gallery50\09 - Oliviab\Set 07 - 2008-07-11\,{Shemale Yum Dvd03~25~1~09 - Oliviab - Set 07 - 2008 - 07 - 11}
oliviab7070.jpg,287308,fba950c1,\Gallery50\09 - Oliviab\Set 07 - 2008-07-11\,{Shemale Yum Dvd03~25~1~09 - Oliviab - Set 07 - 2008 - 07 - 11}
oliviab7071.jpg,288495,b164328e,\Gallery50\09 - Oliviab\Set 07 - 2008-07-11\,{Shemale Yum Dvd03~25~1~09 - Oliviab - Set 07 - 2008 - 07 - 11}
oliviab7072.jpg,260369,74e44aee,\Gallery50\09 - Oliviab\Set 07 - 2008-07-11\,{Shemale Yum Dvd03~25~1~09 - Oliviab - Set 07 - 2008 - 07 - 11}
oliviab7073.jpg,246142,628c04e8,\Gallery50\09 - Oliviab\Set 07 - 2008-07-11\,{Shemale Yum Dvd03~25~1~09 - Oliviab - Set 07 - 2008 - 07 - 11}
oliviab7074.jpg,315496,94f249dc,\Gallery50\09 - Oliviab\Set 07 - 2008-07-11\,{Shemale Yum Dvd03~25~1~09 - Oliviab - Set 07 - 2008 - 07 - 11}
oliviab7075.jpg,271738,efbfcc10,\Gallery50\09 - Oliviab\Set 07 - 2008-07-11\,{Shemale Yum Dvd03~25~1~09 - Oliviab - Set 07 - 2008 - 07 - 11}
oliviab7076.jpg,269144,6a6e6113,\Gallery50\09 - Oliviab\Set 07 - 2008-07-11\,{Shemale Yum Dvd03~25~1~09 - Oliviab - Set 07 - 2008 - 07 - 11}
oliviab7077.jpg,282885,808d33a2,\Gallery50\09 - Oliviab\Set 07 - 2008-07-11\,{Shemale Yum Dvd03~25~1~09 - Oliviab - Set 07 - 2008 - 07 - 11}
angeleyes11001.jpg,429897,1d73d20e,\Gallery56\08 - Angeleyes\Set 08 - 2008-07-11\,{Shemale Yum Dvd03~26~1~08 - Angeleyes - Set 08 - 2008 - 07 - 11}
angeleyes11002.jpg,318398,0ecb0d29,\Gallery56\08 - Angeleyes\Set 08 - 2008-07-11\,{Shemale Yum Dvd03~26~1~08 - Angeleyes - Set 08 - 2008 - 07 - 11}
angeleyes11003.jpg,349547,a925b839,\Gallery56\08 - Angeleyes\Set 08 - 2008-07-11\,{Shemale Yum Dvd03~26~1~08 - Angeleyes - Set 08 - 2008 - 07 - 11}
angeleyes11004.jpg,353123,9c82f025,\Gallery56\08 - Angeleyes\Set 08 - 2008-07-11\,{Shemale Yum Dvd03~26~1~08 - Angeleyes - Set 08 - 2008 - 07 - 11}
angeleyes11005.jpg,335362,51e55a11,\Gallery56\08 - Angeleyes\Set 08 - 2008-07-11\,{Shemale Yum Dvd03~26~1~08 - Angeleyes - Set 08 - 2008 - 07 - 11}
angeleyes11006.jpg,329563,efb3cd97,\Gallery56\08 - Angeleyes\Set 08 - 2008-07-11\,{Shemale Yum Dvd03~26~1~08 - Angeleyes - Set 08 - 2008 - 07 - 11}
angeleyes11007.jpg,331629,e95ff31d,\Gallery56\08 - Angeleyes\Set 08 - 2008-07-11\,{Shemale Yum Dvd03~26~1~08 - Angeleyes - Set 08 - 2008 - 07 - 11}
angeleyes11008.jpg,295777,8f8c579c,\Gallery56\08 - Angeleyes\Set 08 - 2008-07-11\,{Shemale Yum Dvd03~26~1~08 - Angeleyes - Set 08 - 2008 - 07 - 11}
angeleyes11009.jpg,315259,96715f2e,\Gallery56\08 - Angeleyes\Set 08 - 2008-07-11\,{Shemale Yum Dvd03~26~1~08 - Angeleyes - Set 08 - 2008 - 07 - 11}
angeleyes11010.jpg,299431,4fef5cc2,\Gallery56\08 - Angeleyes\Set 08 - 2008-07-11\,{Shemale Yum Dvd03~26~1~08 - Angeleyes - Set 08 - 2008 - 07 - 11}
angeleyes11011.jpg,295631,1e1f6e90,\Gallery56\08 - Angeleyes\Set 08 - 2008-07-11\,{Shemale Yum Dvd03~26~1~08 - Angeleyes - Set 08 - 2008 - 07 - 11}
angeleyes11012.jpg,338399,380b1c34,\Gallery56\08 - Angeleyes\Set 08 - 2008-07-11\,{Shemale Yum Dvd03~26~1~08 - Angeleyes - Set 08 - 2008 - 07 - 11}
angeleyes11013.jpg,326150,0a09ddfb,\Gallery56\08 - Angeleyes\Set 08 - 2008-07-11\,{Shemale Yum Dvd03~26~1~08 - Angeleyes - Set 08 - 2008 - 07 - 11}
angeleyes11014.jpg,294065,60a2a734,\Gallery56\08 - Angeleyes\Set 08 - 2008-07-11\,{Shemale Yum Dvd03~26~1~08 - Angeleyes - Set 08 - 2008 - 07 - 11}
angeleyes11015.jpg,320994,ffa28243,\Gallery56\08 - Angeleyes\Set 08 - 2008-07-11\,{Shemale Yum Dvd03~26~1~08 - Angeleyes - Set 08 - 2008 - 07 - 11}
angeleyes11016.jpg,318113,623cb1ae,\Gallery56\08 - Angeleyes\Set 08 - 2008-07-11\,{Shemale Yum Dvd03~26~1~08 - Angeleyes - Set 08 - 2008 - 07 - 11}
angeleyes11017.jpg,319401,2f698265,\Gallery56\08 - Angeleyes\Set 08 - 2008-07-11\,{Shemale Yum Dvd03~26~1~08 - Angeleyes - Set 08 - 2008 - 07 - 11}
angeleyes11018.jpg,311912,dcdc26e6,\Gallery56\08 - Angeleyes\Set 08 - 2008-07-11\,{Shemale Yum Dvd03~26~1~08 - Angeleyes - Set 08 - 2008 - 07 - 11}
angeleyes11019.jpg,303538,da3973ae,\Gallery56\08 - Angeleyes\Set 08 - 2008-07-11\,{Shemale Yum Dvd03~26~1~08 - Angeleyes - Set 08 - 2008 - 07 - 11}
angeleyes11020.jpg,305577,c9f906be,\Gallery56\08 - Angeleyes\Set 08 - 2008-07-11\,{Shemale Yum Dvd03~26~1~08 - Angeleyes - Set 08 - 2008 - 07 - 11}
angeleyes11021.jpg,310875,372c8eb5,\Gallery56\08 - Angeleyes\Set 08 - 2008-07-11\,{Shemale Yum Dvd03~26~1~08 - Angeleyes - Set 08 - 2008 - 07 - 11}
angeleyes11022.jpg,309787,2b04be9a,\Gallery56\08 - Angeleyes\Set 08 - 2008-07-11\,{Shemale Yum Dvd03~26~1~08 - Angeleyes - Set 08 - 2008 - 07 - 11}
angeleyes11023.jpg,311147,bc0a48cb,\Gallery56\08 - Angeleyes\Set 08 - 2008-07-11\,{Shemale Yum Dvd03~26~1~08 - Angeleyes - Set 08 - 2008 - 07 - 11}
angeleyes11024.jpg,332006,1684f6d8,\Gallery56\08 - Angeleyes\Set 08 - 2008-07-11\,{Shemale Yum Dvd03~26~1~08 - Angeleyes - Set 08 - 2008 - 07 - 11}
angeleyes11025.jpg,301346,667f8a3a,\Gallery56\08 - Angeleyes\Set 08 - 2008-07-11\,{Shemale Yum Dvd03~26~1~08 - Angeleyes - Set 08 - 2008 - 07 - 11}
angeleyes11026.jpg,330366,3e947b5b,\Gallery56\08 - Angeleyes\Set 08 - 2008-07-11\,{Shemale Yum Dvd03~26~1~08 - Angeleyes - Set 08 - 2008 - 07 - 11}
angeleyes11027.jpg,343097,5ca7beb4,\Gallery56\08 - Angeleyes\Set 08 - 2008-07-11\,{Shemale Yum Dvd03~26~1~08 - Angeleyes - Set 08 - 2008 - 07 - 11}
angeleyes11028.jpg,354937,dce60e91,\Gallery56\08 - Angeleyes\Set 08 - 2008-07-11\,{Shemale Yum Dvd03~26~1~08 - Angeleyes - Set 08 - 2008 - 07 - 11}
angeleyes11029.jpg,406844,a8778602,\Gallery56\08 - Angeleyes\Set 08 - 2008-07-11\,{Shemale Yum Dvd03~26~1~08 - Angeleyes - Set 08 - 2008 - 07 - 11}
angeleyes11030.jpg,385412,1294178d,\Gallery56\08 - Angeleyes\Set 08 - 2008-07-11\,{Shemale Yum Dvd03~26~1~08 - Angeleyes - Set 08 - 2008 - 07 - 11}
angeleyes11031.jpg,346547,16dd727e,\Gallery56\08 - Angeleyes\Set 08 - 2008-07-11\,{Shemale Yum Dvd03~26~1~08 - Angeleyes - Set 08 - 2008 - 07 - 11}
angeleyes11032.jpg,334713,f2dc1680,\Gallery56\08 - Angeleyes\Set 08 - 2008-07-11\,{Shemale Yum Dvd03~26~1~08 - Angeleyes - Set 08 - 2008 - 07 - 11}
angeleyes11033.jpg,379285,a803e175,\Gallery56\08 - Angeleyes\Set 08 - 2008-07-11\,{Shemale Yum Dvd03~26~1~08 - Angeleyes - Set 08 - 2008 - 07 - 11}
angeleyes11034.jpg,391050,27bc2080,\Gallery56\08 - Angeleyes\Set 08 - 2008-07-11\,{Shemale Yum Dvd03~26~1~08 - Angeleyes - Set 08 - 2008 - 07 - 11}
angeleyes11035.jpg,418082,9a430cf1,\Gallery56\08 - Angeleyes\Set 08 - 2008-07-11\,{Shemale Yum Dvd03~26~1~08 - Angeleyes - Set 08 - 2008 - 07 - 11}
angeleyes11036.jpg,379350,083f14c2,\Gallery56\08 - Angeleyes\Set 08 - 2008-07-11\,{Shemale Yum Dvd03~26~1~08 - Angeleyes - Set 08 - 2008 - 07 - 11}
angeleyes11037.jpg,396173,f3ee47c6,\Gallery56\08 - Angeleyes\Set 08 - 2008-07-11\,{Shemale Yum Dvd03~26~1~08 - Angeleyes - Set 08 - 2008 - 07 - 11}
angeleyes11038.jpg,324855,808a2372,\Gallery56\08 - Angeleyes\Set 08 - 2008-07-11\,{Shemale Yum Dvd03~26~1~08 - Angeleyes - Set 08 - 2008 - 07 - 11}
angeleyes11039.jpg,334651,42361b73,\Gallery56\08 - Angeleyes\Set 08 - 2008-07-11\,{Shemale Yum Dvd03~26~1~08 - Angeleyes - Set 08 - 2008 - 07 - 11}
angeleyes11040.jpg,318007,eb78e29e,\Gallery56\08 - Angeleyes\Set 08 - 2008-07-11\,{Shemale Yum Dvd03~26~1~08 - Angeleyes - Set 08 - 2008 - 07 - 11}
angeleyes11041.jpg,332950,1d251c85,\Gallery56\08 - Angeleyes\Set 08 - 2008-07-11\,{Shemale Yum Dvd03~26~1~08 - Angeleyes - Set 08 - 2008 - 07 - 11}
angeleyes11042.jpg,403754,a987031c,\Gallery56\08 - Angeleyes\Set 08 - 2008-07-11\,{Shemale Yum Dvd03~26~1~08 - Angeleyes - Set 08 - 2008 - 07 - 11}
angeleyes11043.jpg,344018,63022048,\Gallery56\08 - Angeleyes\Set 08 - 2008-07-11\,{Shemale Yum Dvd03~26~1~08 - Angeleyes - Set 08 - 2008 - 07 - 11}
angeleyes11044.jpg,359591,aa3e4dd6,\Gallery56\08 - Angeleyes\Set 08 - 2008-07-11\,{Shemale Yum Dvd03~26~1~08 - Angeleyes - Set 08 - 2008 - 07 - 11}
angeleyes11045.jpg,323943,a59a0e48,\Gallery56\08 - Angeleyes\Set 08 - 2008-07-11\,{Shemale Yum Dvd03~26~1~08 - Angeleyes - Set 08 - 2008 - 07 - 11}
angeleyes11046.jpg,375252,4835762d,\Gallery56\08 - Angeleyes\Set 08 - 2008-07-11\,{Shemale Yum Dvd03~26~1~08 - Angeleyes - Set 08 - 2008 - 07 - 11}
angeleyes11047.jpg,300492,d044168c,\Gallery56\08 - Angeleyes\Set 08 - 2008-07-11\,{Shemale Yum Dvd03~26~1~08 - Angeleyes - Set 08 - 2008 - 07 - 11}
angeleyes11048.jpg,314522,ec6b3310,\Gallery56\08 - Angeleyes\Set 08 - 2008-07-11\,{Shemale Yum Dvd03~26~1~08 - Angeleyes - Set 08 - 2008 - 07 - 11}
angeleyes11049.jpg,321948,b28b703f,\Gallery56\08 - Angeleyes\Set 08 - 2008-07-11\,{Shemale Yum Dvd03~26~1~08 - Angeleyes - Set 08 - 2008 - 07 - 11}
angeleyes11050.jpg,349221,3b783082,\Gallery56\08 - Angeleyes\Set 08 - 2008-07-11\,{Shemale Yum Dvd03~26~1~08 - Angeleyes - Set 08 - 2008 - 07 - 11}
angeleyes11051.jpg,350429,a7352b2c,\Gallery56\08 - Angeleyes\Set 08 - 2008-07-11\,{Shemale Yum Dvd03~26~1~08 - Angeleyes - Set 08 - 2008 - 07 - 11}
angeleyes11052.jpg,361369,d9ec5470,\Gallery56\08 - Angeleyes\Set 08 - 2008-07-11\,{Shemale Yum Dvd03~26~1~08 - Angeleyes - Set 08 - 2008 - 07 - 11}
angeleyes11053.jpg,343703,8fa698db,\Gallery56\08 - Angeleyes\Set 08 - 2008-07-11\,{Shemale Yum Dvd03~26~1~08 - Angeleyes - Set 08 - 2008 - 07 - 11}
angeleyes11054.jpg,368928,17b219e2,\Gallery56\08 - Angeleyes\Set 08 - 2008-07-11\,{Shemale Yum Dvd03~26~1~08 - Angeleyes - Set 08 - 2008 - 07 - 11}
angeleyes11055.jpg,339797,9128c15e,\Gallery56\08 - Angeleyes\Set 08 - 2008-07-11\,{Shemale Yum Dvd03~26~1~08 - Angeleyes - Set 08 - 2008 - 07 - 11}
angeleyes11056.jpg,342301,e395ca1e,\Gallery56\08 - Angeleyes\Set 08 - 2008-07-11\,{Shemale Yum Dvd03~26~1~08 - Angeleyes - Set 08 - 2008 - 07 - 11}
angeleyes11057.jpg,299633,ef766bab,\Gallery56\08 - Angeleyes\Set 08 - 2008-07-11\,{Shemale Yum Dvd03~26~1~08 - Angeleyes - Set 08 - 2008 - 07 - 11}
angeleyes11058.jpg,360012,3ee58af3,\Gallery56\08 - Angeleyes\Set 08 - 2008-07-11\,{Shemale Yum Dvd03~26~1~08 - Angeleyes - Set 08 - 2008 - 07 - 11}
angeleyes11059.jpg,352808,b34be33d,\Gallery56\08 - Angeleyes\Set 08 - 2008-07-11\,{Shemale Yum Dvd03~26~1~08 - Angeleyes - Set 08 - 2008 - 07 - 11}
angeleyes11060.jpg,340175,d3b8c936,\Gallery56\08 - Angeleyes\Set 08 - 2008-07-11\,{Shemale Yum Dvd03~26~1~08 - Angeleyes - Set 08 - 2008 - 07 - 11}
jennyc7001.jpg,315702,d492f561,\Gallery59\09 - Jennyc\Set 07 - 2008-07-18\,{Shemale Yum Dvd03~27~1~09 - Jennyc - Set 07 - 2008 - 07 - 18}
jennyc7002.jpg,282865,3802c9d2,\Gallery59\09 - Jennyc\Set 07 - 2008-07-18\,{Shemale Yum Dvd03~27~1~09 - Jennyc - Set 07 - 2008 - 07 - 18}
jennyc7003.jpg,281827,2039e560,\Gallery59\09 - Jennyc\Set 07 - 2008-07-18\,{Shemale Yum Dvd03~27~1~09 - Jennyc - Set 07 - 2008 - 07 - 18}
jennyc7004.jpg,319576,1ed497b5,\Gallery59\09 - Jennyc\Set 07 - 2008-07-18\,{Shemale Yum Dvd03~27~1~09 - Jennyc - Set 07 - 2008 - 07 - 18}
jennyc7005.jpg,278513,5fe154f8,\Gallery59\09 - Jennyc\Set 07 - 2008-07-18\,{Shemale Yum Dvd03~27~1~09 - Jennyc - Set 07 - 2008 - 07 - 18}
jennyc7006.jpg,285700,989e84a4,\Gallery59\09 - Jennyc\Set 07 - 2008-07-18\,{Shemale Yum Dvd03~27~1~09 - Jennyc - Set 07 - 2008 - 07 - 18}
jennyc7007.jpg,275924,92b59c58,\Gallery59\09 - Jennyc\Set 07 - 2008-07-18\,{Shemale Yum Dvd03~27~1~09 - Jennyc - Set 07 - 2008 - 07 - 18}
jennyc7008.jpg,274771,4f78b880,\Gallery59\09 - Jennyc\Set 07 - 2008-07-18\,{Shemale Yum Dvd03~27~1~09 - Jennyc - Set 07 - 2008 - 07 - 18}
jennyc7009.jpg,280970,b83f253c,\Gallery59\09 - Jennyc\Set 07 - 2008-07-18\,{Shemale Yum Dvd03~27~1~09 - Jennyc - Set 07 - 2008 - 07 - 18}
jennyc7010.jpg,301085,1e16e933,\Gallery59\09 - Jennyc\Set 07 - 2008-07-18\,{Shemale Yum Dvd03~27~1~09 - Jennyc - Set 07 - 2008 - 07 - 18}
jennyc7011.jpg,307473,1e9e5aad,\Gallery59\09 - Jennyc\Set 07 - 2008-07-18\,{Shemale Yum Dvd03~27~1~09 - Jennyc - Set 07 - 2008 - 07 - 18}
jennyc7012.jpg,235406,4bfdc222,\Gallery59\09 - Jennyc\Set 07 - 2008-07-18\,{Shemale Yum Dvd03~27~1~09 - Jennyc - Set 07 - 2008 - 07 - 18}
jennyc7013.jpg,291157,88c3f323,\Gallery59\09 - Jennyc\Set 07 - 2008-07-18\,{Shemale Yum Dvd03~27~1~09 - Jennyc - Set 07 - 2008 - 07 - 18}
jennyc7014.jpg,286335,9e874ace,\Gallery59\09 - Jennyc\Set 07 - 2008-07-18\,{Shemale Yum Dvd03~27~1~09 - Jennyc - Set 07 - 2008 - 07 - 18}
jennyc7015.jpg,266644,b12d0bfd,\Gallery59\09 - Jennyc\Set 07 - 2008-07-18\,{Shemale Yum Dvd03~27~1~09 - Jennyc - Set 07 - 2008 - 07 - 18}
jennyc7016.jpg,308393,15f2e9fb,\Gallery59\09 - Jennyc\Set 07 - 2008-07-18\,{Shemale Yum Dvd03~27~1~09 - Jennyc - Set 07 - 2008 - 07 - 18}
jennyc7017.jpg,278419,11efcde2,\Gallery59\09 - Jennyc\Set 07 - 2008-07-18\,{Shemale Yum Dvd03~27~1~09 - Jennyc - Set 07 - 2008 - 07 - 18}
jennyc7018.jpg,287780,27677c4c,\Gallery59\09 - Jennyc\Set 07 - 2008-07-18\,{Shemale Yum Dvd03~27~1~09 - Jennyc - Set 07 - 2008 - 07 - 18}
jennyc7019.jpg,289999,210339e2,\Gallery59\09 - Jennyc\Set 07 - 2008-07-18\,{Shemale Yum Dvd03~27~1~09 - Jennyc - Set 07 - 2008 - 07 - 18}
jennyc7020.jpg,280921,0ddca664,\Gallery59\09 - Jennyc\Set 07 - 2008-07-18\,{Shemale Yum Dvd03~27~1~09 - Jennyc - Set 07 - 2008 - 07 - 18}
jennyc7021.jpg,272728,f5a0a262,\Gallery59\09 - Jennyc\Set 07 - 2008-07-18\,{Shemale Yum Dvd03~27~1~09 - Jennyc - Set 07 - 2008 - 07 - 18}
jennyc7022.jpg,277059,2d840700,\Gallery59\09 - Jennyc\Set 07 - 2008-07-18\,{Shemale Yum Dvd03~27~1~09 - Jennyc - Set 07 - 2008 - 07 - 18}
jennyc7023.jpg,260628,2af4389a,\Gallery59\09 - Jennyc\Set 07 - 2008-07-18\,{Shemale Yum Dvd03~27~1~09 - Jennyc - Set 07 - 2008 - 07 - 18}
jennyc7024.jpg,287576,965ceb52,\Gallery59\09 - Jennyc\Set 07 - 2008-07-18\,{Shemale Yum Dvd03~27~1~09 - Jennyc - Set 07 - 2008 - 07 - 18}
jennyc7025.jpg,285582,e84478bf,\Gallery59\09 - Jennyc\Set 07 - 2008-07-18\,{Shemale Yum Dvd03~27~1~09 - Jennyc - Set 07 - 2008 - 07 - 18}
jennyc7026.jpg,263847,9cd0d730,\Gallery59\09 - Jennyc\Set 07 - 2008-07-18\,{Shemale Yum Dvd03~27~1~09 - Jennyc - Set 07 - 2008 - 07 - 18}
jennyc7027.jpg,278466,521e12fd,\Gallery59\09 - Jennyc\Set 07 - 2008-07-18\,{Shemale Yum Dvd03~27~1~09 - Jennyc - Set 07 - 2008 - 07 - 18}
jennyc7028.jpg,255335,42a1813c,\Gallery59\09 - Jennyc\Set 07 - 2008-07-18\,{Shemale Yum Dvd03~27~1~09 - Jennyc - Set 07 - 2008 - 07 - 18}
jennyc7029.jpg,269828,ab4d334f,\Gallery59\09 - Jennyc\Set 07 - 2008-07-18\,{Shemale Yum Dvd03~27~1~09 - Jennyc - Set 07 - 2008 - 07 - 18}
jennyc7030.jpg,282151,85a9ca1f,\Gallery59\09 - Jennyc\Set 07 - 2008-07-18\,{Shemale Yum Dvd03~27~1~09 - Jennyc - Set 07 - 2008 - 07 - 18}
jennyc7031.jpg,281417,f81d5a5f,\Gallery59\09 - Jennyc\Set 07 - 2008-07-18\,{Shemale Yum Dvd03~27~1~09 - Jennyc - Set 07 - 2008 - 07 - 18}
jennyc7032.jpg,264555,d80ce42e,\Gallery59\09 - Jennyc\Set 07 - 2008-07-18\,{Shemale Yum Dvd03~27~1~09 - Jennyc - Set 07 - 2008 - 07 - 18}
jennyc7033.jpg,244055,72b0b19e,\Gallery59\09 - Jennyc\Set 07 - 2008-07-18\,{Shemale Yum Dvd03~27~1~09 - Jennyc - Set 07 - 2008 - 07 - 18}
jennyc7034.jpg,250360,0c610c38,\Gallery59\09 - Jennyc\Set 07 - 2008-07-18\,{Shemale Yum Dvd03~27~1~09 - Jennyc - Set 07 - 2008 - 07 - 18}
jennyc7035.jpg,228755,cc0baaa7,\Gallery59\09 - Jennyc\Set 07 - 2008-07-18\,{Shemale Yum Dvd03~27~1~09 - Jennyc - Set 07 - 2008 - 07 - 18}
jennyc7036.jpg,248060,71dbcaec,\Gallery59\09 - Jennyc\Set 07 - 2008-07-18\,{Shemale Yum Dvd03~27~1~09 - Jennyc - Set 07 - 2008 - 07 - 18}
jennyc7037.jpg,266386,9403fa8a,\Gallery59\09 - Jennyc\Set 07 - 2008-07-18\,{Shemale Yum Dvd03~27~1~09 - Jennyc - Set 07 - 2008 - 07 - 18}
jennyc7038.jpg,261461,c636855a,\Gallery59\09 - Jennyc\Set 07 - 2008-07-18\,{Shemale Yum Dvd03~27~1~09 - Jennyc - Set 07 - 2008 - 07 - 18}
jennyc7039.jpg,252333,37db0143,\Gallery59\09 - Jennyc\Set 07 - 2008-07-18\,{Shemale Yum Dvd03~27~1~09 - Jennyc - Set 07 - 2008 - 07 - 18}
jennyc7040.jpg,246518,ea7bd29f,\Gallery59\09 - Jennyc\Set 07 - 2008-07-18\,{Shemale Yum Dvd03~27~1~09 - Jennyc - Set 07 - 2008 - 07 - 18}
jennyc7041.jpg,233788,17baf51e,\Gallery59\09 - Jennyc\Set 07 - 2008-07-18\,{Shemale Yum Dvd03~27~1~09 - Jennyc - Set 07 - 2008 - 07 - 18}
jennyc7042.jpg,300201,9454e610,\Gallery59\09 - Jennyc\Set 07 - 2008-07-18\,{Shemale Yum Dvd03~27~1~09 - Jennyc - Set 07 - 2008 - 07 - 18}
jennyc7043.jpg,272249,68e56cfe,\Gallery59\09 - Jennyc\Set 07 - 2008-07-18\,{Shemale Yum Dvd03~27~1~09 - Jennyc - Set 07 - 2008 - 07 - 18}
jennyc7044.jpg,235038,fca3e9d8,\Gallery59\09 - Jennyc\Set 07 - 2008-07-18\,{Shemale Yum Dvd03~27~1~09 - Jennyc - Set 07 - 2008 - 07 - 18}
jennyc7045.jpg,231760,28242eed,\Gallery59\09 - Jennyc\Set 07 - 2008-07-18\,{Shemale Yum Dvd03~27~1~09 - Jennyc - Set 07 - 2008 - 07 - 18}
jennyc7046.jpg,303204,c28012c6,\Gallery59\09 - Jennyc\Set 07 - 2008-07-18\,{Shemale Yum Dvd03~27~1~09 - Jennyc - Set 07 - 2008 - 07 - 18}
jennyc7047.jpg,238043,a0093fea,\Gallery59\09 - Jennyc\Set 07 - 2008-07-18\,{Shemale Yum Dvd03~27~1~09 - Jennyc - Set 07 - 2008 - 07 - 18}
jennyc7048.jpg,260097,9a83fdee,\Gallery59\09 - Jennyc\Set 07 - 2008-07-18\,{Shemale Yum Dvd03~27~1~09 - Jennyc - Set 07 - 2008 - 07 - 18}
jennyc7049.jpg,265319,393058e9,\Gallery59\09 - Jennyc\Set 07 - 2008-07-18\,{Shemale Yum Dvd03~27~1~09 - Jennyc - Set 07 - 2008 - 07 - 18}
jennyc7050.jpg,277137,ef173112,\Gallery59\09 - Jennyc\Set 07 - 2008-07-18\,{Shemale Yum Dvd03~27~1~09 - Jennyc - Set 07 - 2008 - 07 - 18}
jennyc7051.jpg,251784,16462b33,\Gallery59\09 - Jennyc\Set 07 - 2008-07-18\,{Shemale Yum Dvd03~27~1~09 - Jennyc - Set 07 - 2008 - 07 - 18}
jennyc7052.jpg,263731,f86b997d,\Gallery59\09 - Jennyc\Set 07 - 2008-07-18\,{Shemale Yum Dvd03~27~1~09 - Jennyc - Set 07 - 2008 - 07 - 18}
jennyc7053.jpg,263823,2c9ada68,\Gallery59\09 - Jennyc\Set 07 - 2008-07-18\,{Shemale Yum Dvd03~27~1~09 - Jennyc - Set 07 - 2008 - 07 - 18}
jennyc7054.jpg,270635,3b1a8c71,\Gallery59\09 - Jennyc\Set 07 - 2008-07-18\,{Shemale Yum Dvd03~27~1~09 - Jennyc - Set 07 - 2008 - 07 - 18}
jennyc7055.jpg,304631,350de9ca,\Gallery59\09 - Jennyc\Set 07 - 2008-07-18\,{Shemale Yum Dvd03~27~1~09 - Jennyc - Set 07 - 2008 - 07 - 18}
jennyc7056.jpg,290553,d9e39f6b,\Gallery59\09 - Jennyc\Set 07 - 2008-07-18\,{Shemale Yum Dvd03~27~1~09 - Jennyc - Set 07 - 2008 - 07 - 18}
jennyc7057.jpg,291441,b94f7cc7,\Gallery59\09 - Jennyc\Set 07 - 2008-07-18\,{Shemale Yum Dvd03~27~1~09 - Jennyc - Set 07 - 2008 - 07 - 18}
jennyc7058.jpg,270987,62fd24f7,\Gallery59\09 - Jennyc\Set 07 - 2008-07-18\,{Shemale Yum Dvd03~27~1~09 - Jennyc - Set 07 - 2008 - 07 - 18}
jennyc7059.jpg,278090,a6d79469,\Gallery59\09 - Jennyc\Set 07 - 2008-07-18\,{Shemale Yum Dvd03~27~1~09 - Jennyc - Set 07 - 2008 - 07 - 18}
jennyc7060.jpg,247828,66f67d22,\Gallery59\09 - Jennyc\Set 07 - 2008-07-18\,{Shemale Yum Dvd03~27~1~09 - Jennyc - Set 07 - 2008 - 07 - 18}
jennyc7061.jpg,248399,89a1b407,\Gallery59\09 - Jennyc\Set 07 - 2008-07-18\,{Shemale Yum Dvd03~27~1~09 - Jennyc - Set 07 - 2008 - 07 - 18}
jennyc7062.jpg,288150,95a0ac4d,\Gallery59\09 - Jennyc\Set 07 - 2008-07-18\,{Shemale Yum Dvd03~27~1~09 - Jennyc - Set 07 - 2008 - 07 - 18}
jennyc7063.jpg,256117,f992e67d,\Gallery59\09 - Jennyc\Set 07 - 2008-07-18\,{Shemale Yum Dvd03~27~1~09 - Jennyc - Set 07 - 2008 - 07 - 18}
jennyc7064.jpg,293968,05950565,\Gallery59\09 - Jennyc\Set 07 - 2008-07-18\,{Shemale Yum Dvd03~27~1~09 - Jennyc - Set 07 - 2008 - 07 - 18}
jennyc7065.jpg,194813,180943b6,\Gallery59\09 - Jennyc\Set 07 - 2008-07-18\,{Shemale Yum Dvd03~27~1~09 - Jennyc - Set 07 - 2008 - 07 - 18}
jennyc7066.jpg,265495,fe89b860,\Gallery59\09 - Jennyc\Set 07 - 2008-07-18\,{Shemale Yum Dvd03~27~1~09 - Jennyc - Set 07 - 2008 - 07 - 18}
jennyc7067.jpg,255475,2503b74c,\Gallery59\09 - Jennyc\Set 07 - 2008-07-18\,{Shemale Yum Dvd03~27~1~09 - Jennyc - Set 07 - 2008 - 07 - 18}
jennyc7068.jpg,261114,c8bfb5bd,\Gallery59\09 - Jennyc\Set 07 - 2008-07-18\,{Shemale Yum Dvd03~27~1~09 - Jennyc - Set 07 - 2008 - 07 - 18}
jennyc7069.jpg,207038,32a00e91,\Gallery59\09 - Jennyc\Set 07 - 2008-07-18\,{Shemale Yum Dvd03~27~1~09 - Jennyc - Set 07 - 2008 - 07 - 18}
jennyc7070.jpg,209458,7af7db19,\Gallery59\09 - Jennyc\Set 07 - 2008-07-18\,{Shemale Yum Dvd03~27~1~09 - Jennyc - Set 07 - 2008 - 07 - 18}
jennyc7071.jpg,284608,ce3b632c,\Gallery59\09 - Jennyc\Set 07 - 2008-07-18\,{Shemale Yum Dvd03~27~1~09 - Jennyc - Set 07 - 2008 - 07 - 18}
jennyc7072.jpg,232194,be05afd3,\Gallery59\09 - Jennyc\Set 07 - 2008-07-18\,{Shemale Yum Dvd03~27~1~09 - Jennyc - Set 07 - 2008 - 07 - 18}
jennyc7073.jpg,318990,8ca55263,\Gallery59\09 - Jennyc\Set 07 - 2008-07-18\,{Shemale Yum Dvd03~27~1~09 - Jennyc - Set 07 - 2008 - 07 - 18}
jennyc7074.jpg,354130,628c2269,\Gallery59\09 - Jennyc\Set 07 - 2008-07-18\,{Shemale Yum Dvd03~27~1~09 - Jennyc - Set 07 - 2008 - 07 - 18}
jennyc7075.jpg,393718,356196fb,\Gallery59\09 - Jennyc\Set 07 - 2008-07-18\,{Shemale Yum Dvd03~27~1~09 - Jennyc - Set 07 - 2008 - 07 - 18}
jennyc7076.jpg,373422,eb67e1e2,\Gallery59\09 - Jennyc\Set 07 - 2008-07-18\,{Shemale Yum Dvd03~27~1~09 - Jennyc - Set 07 - 2008 - 07 - 18}
jennyc7077.jpg,306865,40d38c4a,\Gallery59\09 - Jennyc\Set 07 - 2008-07-18\,{Shemale Yum Dvd03~27~1~09 - Jennyc - Set 07 - 2008 - 07 - 18}
jennyc7078.jpg,297252,582b5ee7,\Gallery59\09 - Jennyc\Set 07 - 2008-07-18\,{Shemale Yum Dvd03~27~1~09 - Jennyc - Set 07 - 2008 - 07 - 18}
jennyc7079.jpg,244902,4e10f492,\Gallery59\09 - Jennyc\Set 07 - 2008-07-18\,{Shemale Yum Dvd03~27~1~09 - Jennyc - Set 07 - 2008 - 07 - 18}
jennyc7080.jpg,271833,444aa604,\Gallery59\09 - Jennyc\Set 07 - 2008-07-18\,{Shemale Yum Dvd03~27~1~09 - Jennyc - Set 07 - 2008 - 07 - 18}
jennyc7081.jpg,305756,4ee5a5c0,\Gallery59\09 - Jennyc\Set 07 - 2008-07-18\,{Shemale Yum Dvd03~27~1~09 - Jennyc - Set 07 - 2008 - 07 - 18}
jennyc7082.jpg,327924,3da6806f,\Gallery59\09 - Jennyc\Set 07 - 2008-07-18\,{Shemale Yum Dvd03~27~1~09 - Jennyc - Set 07 - 2008 - 07 - 18}
jennyc7083.jpg,233830,f6f22185,\Gallery59\09 - Jennyc\Set 07 - 2008-07-18\,{Shemale Yum Dvd03~27~1~09 - Jennyc - Set 07 - 2008 - 07 - 18}
jennyc7084.jpg,256273,39b19360,\Gallery59\09 - Jennyc\Set 07 - 2008-07-18\,{Shemale Yum Dvd03~27~1~09 - Jennyc - Set 07 - 2008 - 07 - 18}
jennyc7085.jpg,236238,f90124ee,\Gallery59\09 - Jennyc\Set 07 - 2008-07-18\,{Shemale Yum Dvd03~27~1~09 - Jennyc - Set 07 - 2008 - 07 - 18}
jennyc7086.jpg,272003,a0207e2d,\Gallery59\09 - Jennyc\Set 07 - 2008-07-18\,{Shemale Yum Dvd03~27~1~09 - Jennyc - Set 07 - 2008 - 07 - 18}
jennyc7087.jpg,305735,9fe5278f,\Gallery59\09 - Jennyc\Set 07 - 2008-07-18\,{Shemale Yum Dvd03~27~1~09 - Jennyc - Set 07 - 2008 - 07 - 18}
jennyc7088.jpg,247959,c2261374,\Gallery59\09 - Jennyc\Set 07 - 2008-07-18\,{Shemale Yum Dvd03~27~1~09 - Jennyc - Set 07 - 2008 - 07 - 18}
jennyc7089.jpg,239276,e19b31c7,\Gallery59\09 - Jennyc\Set 07 - 2008-07-18\,{Shemale Yum Dvd03~27~1~09 - Jennyc - Set 07 - 2008 - 07 - 18}
jennyc7090.jpg,286206,9613ad31,\Gallery59\09 - Jennyc\Set 07 - 2008-07-18\,{Shemale Yum Dvd03~27~1~09 - Jennyc - Set 07 - 2008 - 07 - 18}
jennyc7091.jpg,292260,5c7885d7,\Gallery59\09 - Jennyc\Set 07 - 2008-07-18\,{Shemale Yum Dvd03~27~1~09 - Jennyc - Set 07 - 2008 - 07 - 18}
jennyc7092.jpg,279327,1f09fb33,\Gallery59\09 - Jennyc\Set 07 - 2008-07-18\,{Shemale Yum Dvd03~27~1~09 - Jennyc - Set 07 - 2008 - 07 - 18}
jennyc7093.jpg,274444,55eefe83,\Gallery59\09 - Jennyc\Set 07 - 2008-07-18\,{Shemale Yum Dvd03~27~1~09 - Jennyc - Set 07 - 2008 - 07 - 18}
jennyc7094.jpg,303654,184cd3cf,\Gallery59\09 - Jennyc\Set 07 - 2008-07-18\,{Shemale Yum Dvd03~27~1~09 - Jennyc - Set 07 - 2008 - 07 - 18}
jennyc7095.jpg,200091,e44d9947,\Gallery59\09 - Jennyc\Set 07 - 2008-07-18\,{Shemale Yum Dvd03~27~1~09 - Jennyc - Set 07 - 2008 - 07 - 18}
jennyc7096.jpg,313387,4b164c2e,\Gallery59\09 - Jennyc\Set 07 - 2008-07-18\,{Shemale Yum Dvd03~27~1~09 - Jennyc - Set 07 - 2008 - 07 - 18}
jennyc7097.jpg,324576,2bfb0b16,\Gallery59\09 - Jennyc\Set 07 - 2008-07-18\,{Shemale Yum Dvd03~27~1~09 - Jennyc - Set 07 - 2008 - 07 - 18}
jennyc7098.jpg,252033,1bb59d3d,\Gallery59\09 - Jennyc\Set 07 - 2008-07-18\,{Shemale Yum Dvd03~27~1~09 - Jennyc - Set 07 - 2008 - 07 - 18}
jennyc7099.jpg,247213,7bb1eaa7,\Gallery59\09 - Jennyc\Set 07 - 2008-07-18\,{Shemale Yum Dvd03~27~1~09 - Jennyc - Set 07 - 2008 - 07 - 18}
jennyc7100.jpg,287266,399f60ac,\Gallery59\09 - Jennyc\Set 07 - 2008-07-18\,{Shemale Yum Dvd03~27~1~09 - Jennyc - Set 07 - 2008 - 07 - 18}
jennyc7101.jpg,294105,966185d4,\Gallery59\09 - Jennyc\Set 07 - 2008-07-18\,{Shemale Yum Dvd03~27~1~09 - Jennyc - Set 07 - 2008 - 07 - 18}
jennyc7102.jpg,246000,bd602d7c,\Gallery59\09 - Jennyc\Set 07 - 2008-07-18\,{Shemale Yum Dvd03~27~1~09 - Jennyc - Set 07 - 2008 - 07 - 18}
jennyc7103.jpg,293229,d429816d,\Gallery59\09 - Jennyc\Set 07 - 2008-07-18\,{Shemale Yum Dvd03~27~1~09 - Jennyc - Set 07 - 2008 - 07 - 18}
jennyc7104.jpg,311000,dbd0c6d4,\Gallery59\09 - Jennyc\Set 07 - 2008-07-18\,{Shemale Yum Dvd03~27~1~09 - Jennyc - Set 07 - 2008 - 07 - 18}
raqueld1001.jpg,264122,450ba6b2,\Gallery61\08 - Racquel_chambers\Set 04 - 2008-06-06\,{Shemale Yum Dvd03~28~1~08 - Racquel_chambers - Set 04 - 2008 - 06 - 06}
raqueld1002.jpg,291447,88e765f7,\Gallery61\08 - Racquel_chambers\Set 04 - 2008-06-06\,{Shemale Yum Dvd03~28~1~08 - Racquel_chambers - Set 04 - 2008 - 06 - 06}
raqueld1003.jpg,293762,fb10dfd1,\Gallery61\08 - Racquel_chambers\Set 04 - 2008-06-06\,{Shemale Yum Dvd03~28~1~08 - Racquel_chambers - Set 04 - 2008 - 06 - 06}
raqueld1004.jpg,253493,371aa434,\Gallery61\08 - Racquel_chambers\Set 04 - 2008-06-06\,{Shemale Yum Dvd03~28~1~08 - Racquel_chambers - Set 04 - 2008 - 06 - 06}
raqueld1005.jpg,357827,28965f63,\Gallery61\08 - Racquel_chambers\Set 04 - 2008-06-06\,{Shemale Yum Dvd03~28~1~08 - Racquel_chambers - Set 04 - 2008 - 06 - 06}
raqueld1006.jpg,309149,24007cc4,\Gallery61\08 - Racquel_chambers\Set 04 - 2008-06-06\,{Shemale Yum Dvd03~28~1~08 - Racquel_chambers - Set 04 - 2008 - 06 - 06}
raqueld1007.jpg,333479,76395212,\Gallery61\08 - Racquel_chambers\Set 04 - 2008-06-06\,{Shemale Yum Dvd03~28~1~08 - Racquel_chambers - Set 04 - 2008 - 06 - 06}
raqueld1008.jpg,308270,ed118edc,\Gallery61\08 - Racquel_chambers\Set 04 - 2008-06-06\,{Shemale Yum Dvd03~28~1~08 - Racquel_chambers - Set 04 - 2008 - 06 - 06}
raqueld1009.jpg,256212,83c73963,\Gallery61\08 - Racquel_chambers\Set 04 - 2008-06-06\,{Shemale Yum Dvd03~28~1~08 - Racquel_chambers - Set 04 - 2008 - 06 - 06}
raqueld1010.jpg,255661,2656e3c6,\Gallery61\08 - Racquel_chambers\Set 04 - 2008-06-06\,{Shemale Yum Dvd03~28~1~08 - Racquel_chambers - Set 04 - 2008 - 06 - 06}
raqueld1011.jpg,257520,0829f1b1,\Gallery61\08 - Racquel_chambers\Set 04 - 2008-06-06\,{Shemale Yum Dvd03~28~1~08 - Racquel_chambers - Set 04 - 2008 - 06 - 06}
raqueld1012.jpg,258625,349bd742,\Gallery61\08 - Racquel_chambers\Set 04 - 2008-06-06\,{Shemale Yum Dvd03~28~1~08 - Racquel_chambers - Set 04 - 2008 - 06 - 06}
raqueld1013.jpg,261922,092cf231,\Gallery61\08 - Racquel_chambers\Set 04 - 2008-06-06\,{Shemale Yum Dvd03~28~1~08 - Racquel_chambers - Set 04 - 2008 - 06 - 06}
raqueld1014.jpg,218076,48ab8843,\Gallery61\08 - Racquel_chambers\Set 04 - 2008-06-06\,{Shemale Yum Dvd03~28~1~08 - Racquel_chambers - Set 04 - 2008 - 06 - 06}
raqueld1015.jpg,195634,8c5f70e3,\Gallery61\08 - Racquel_chambers\Set 04 - 2008-06-06\,{Shemale Yum Dvd03~28~1~08 - Racquel_chambers - Set 04 - 2008 - 06 - 06}
raqueld1016.jpg,256559,3e26a94a,\Gallery61\08 - Racquel_chambers\Set 04 - 2008-06-06\,{Shemale Yum Dvd03~28~1~08 - Racquel_chambers - Set 04 - 2008 - 06 - 06}
raqueld1017.jpg,244701,5d077ecf,\Gallery61\08 - Racquel_chambers\Set 04 - 2008-06-06\,{Shemale Yum Dvd03~28~1~08 - Racquel_chambers - Set 04 - 2008 - 06 - 06}
raqueld1018.jpg,343692,2de25c8f,\Gallery61\08 - Racquel_chambers\Set 04 - 2008-06-06\,{Shemale Yum Dvd03~28~1~08 - Racquel_chambers - Set 04 - 2008 - 06 - 06}
raqueld1019.jpg,314204,95782446,\Gallery61\08 - Racquel_chambers\Set 04 - 2008-06-06\,{Shemale Yum Dvd03~28~1~08 - Racquel_chambers - Set 04 - 2008 - 06 - 06}
raqueld1020.jpg,270359,82cd95e5,\Gallery61\08 - Racquel_chambers\Set 04 - 2008-06-06\,{Shemale Yum Dvd03~28~1~08 - Racquel_chambers - Set 04 - 2008 - 06 - 06}
raqueld1021.jpg,327580,e639b2a2,\Gallery61\08 - Racquel_chambers\Set 04 - 2008-06-06\,{Shemale Yum Dvd03~28~1~08 - Racquel_chambers - Set 04 - 2008 - 06 - 06}
raqueld1022.jpg,373127,49f6915f,\Gallery61\08 - Racquel_chambers\Set 04 - 2008-06-06\,{Shemale Yum Dvd03~28~1~08 - Racquel_chambers - Set 04 - 2008 - 06 - 06}
raqueld1023.jpg,276803,d0b3a6fd,\Gallery61\08 - Racquel_chambers\Set 04 - 2008-06-06\,{Shemale Yum Dvd03~28~1~08 - Racquel_chambers - Set 04 - 2008 - 06 - 06}
raqueld1024.jpg,301837,0409d625,\Gallery61\08 - Racquel_chambers\Set 04 - 2008-06-06\,{Shemale Yum Dvd03~28~1~08 - Racquel_chambers - Set 04 - 2008 - 06 - 06}
raqueld1025.jpg,278316,5f9be740,\Gallery61\08 - Racquel_chambers\Set 04 - 2008-06-06\,{Shemale Yum Dvd03~28~1~08 - Racquel_chambers - Set 04 - 2008 - 06 - 06}
raqueld1026.jpg,297065,6c4faa8f,\Gallery61\08 - Racquel_chambers\Set 04 - 2008-06-06\,{Shemale Yum Dvd03~28~1~08 - Racquel_chambers - Set 04 - 2008 - 06 - 06}
raqueld1027.jpg,297300,077622a5,\Gallery61\08 - Racquel_chambers\Set 04 - 2008-06-06\,{Shemale Yum Dvd03~28~1~08 - Racquel_chambers - Set 04 - 2008 - 06 - 06}
raqueld1028.jpg,333451,9cd522e1,\Gallery61\08 - Racquel_chambers\Set 04 - 2008-06-06\,{Shemale Yum Dvd03~28~1~08 - Racquel_chambers - Set 04 - 2008 - 06 - 06}
raqueld1029.jpg,260594,bf0c2096,\Gallery61\08 - Racquel_chambers\Set 04 - 2008-06-06\,{Shemale Yum Dvd03~28~1~08 - Racquel_chambers - Set 04 - 2008 - 06 - 06}
raqueld1030.jpg,277544,d0b7f583,\Gallery61\08 - Racquel_chambers\Set 04 - 2008-06-06\,{Shemale Yum Dvd03~28~1~08 - Racquel_chambers - Set 04 - 2008 - 06 - 06}
raqueld1031.jpg,286709,5fb311e0,\Gallery61\08 - Racquel_chambers\Set 04 - 2008-06-06\,{Shemale Yum Dvd03~28~1~08 - Racquel_chambers - Set 04 - 2008 - 06 - 06}
raqueld1032.jpg,247776,59b0e957,\Gallery61\08 - Racquel_chambers\Set 04 - 2008-06-06\,{Shemale Yum Dvd03~28~1~08 - Racquel_chambers - Set 04 - 2008 - 06 - 06}
raqueld1033.jpg,259325,dff8bfa2,\Gallery61\08 - Racquel_chambers\Set 04 - 2008-06-06\,{Shemale Yum Dvd03~28~1~08 - Racquel_chambers - Set 04 - 2008 - 06 - 06}
raqueld1034.jpg,222440,188a3fbc,\Gallery61\08 - Racquel_chambers\Set 04 - 2008-06-06\,{Shemale Yum Dvd03~28~1~08 - Racquel_chambers - Set 04 - 2008 - 06 - 06}
raqueld1035.jpg,291329,680a0f7d,\Gallery61\08 - Racquel_chambers\Set 04 - 2008-06-06\,{Shemale Yum Dvd03~28~1~08 - Racquel_chambers - Set 04 - 2008 - 06 - 06}
raqueld1036.jpg,255888,e0865933,\Gallery61\08 - Racquel_chambers\Set 04 - 2008-06-06\,{Shemale Yum Dvd03~28~1~08 - Racquel_chambers - Set 04 - 2008 - 06 - 06}
raqueld1037.jpg,258622,642af47b,\Gallery61\08 - Racquel_chambers\Set 04 - 2008-06-06\,{Shemale Yum Dvd03~28~1~08 - Racquel_chambers - Set 04 - 2008 - 06 - 06}
raqueld1038.jpg,248823,17abad0a,\Gallery61\08 - Racquel_chambers\Set 04 - 2008-06-06\,{Shemale Yum Dvd03~28~1~08 - Racquel_chambers - Set 04 - 2008 - 06 - 06}
raqueld1039.jpg,251675,0d135367,\Gallery61\08 - Racquel_chambers\Set 04 - 2008-06-06\,{Shemale Yum Dvd03~28~1~08 - Racquel_chambers - Set 04 - 2008 - 06 - 06}
raqueld1040.jpg,257020,87a3b93a,\Gallery61\08 - Racquel_chambers\Set 04 - 2008-06-06\,{Shemale Yum Dvd03~28~1~08 - Racquel_chambers - Set 04 - 2008 - 06 - 06}
raqueld1041.jpg,219024,bdf6b567,\Gallery61\08 - Racquel_chambers\Set 04 - 2008-06-06\,{Shemale Yum Dvd03~28~1~08 - Racquel_chambers - Set 04 - 2008 - 06 - 06}
raqueld1042.jpg,252381,7f5061ff,\Gallery61\08 - Racquel_chambers\Set 04 - 2008-06-06\,{Shemale Yum Dvd03~28~1~08 - Racquel_chambers - Set 04 - 2008 - 06 - 06}
raqueld1043.jpg,266407,457b4023,\Gallery61\08 - Racquel_chambers\Set 04 - 2008-06-06\,{Shemale Yum Dvd03~28~1~08 - Racquel_chambers - Set 04 - 2008 - 06 - 06}
raqueld1044.jpg,276809,adbf6d4d,\Gallery61\08 - Racquel_chambers\Set 04 - 2008-06-06\,{Shemale Yum Dvd03~28~1~08 - Racquel_chambers - Set 04 - 2008 - 06 - 06}
raqueld1045.jpg,284684,9bedbabc,\Gallery61\08 - Racquel_chambers\Set 04 - 2008-06-06\,{Shemale Yum Dvd03~28~1~08 - Racquel_chambers - Set 04 - 2008 - 06 - 06}
raqueld1046.jpg,234621,e11d4469,\Gallery61\08 - Racquel_chambers\Set 04 - 2008-06-06\,{Shemale Yum Dvd03~28~1~08 - Racquel_chambers - Set 04 - 2008 - 06 - 06}
raqueld1047.jpg,233765,fb23cd2f,\Gallery61\08 - Racquel_chambers\Set 04 - 2008-06-06\,{Shemale Yum Dvd03~28~1~08 - Racquel_chambers - Set 04 - 2008 - 06 - 06}
raqueld1048.jpg,225873,a046413f,\Gallery61\08 - Racquel_chambers\Set 04 - 2008-06-06\,{Shemale Yum Dvd03~28~1~08 - Racquel_chambers - Set 04 - 2008 - 06 - 06}
raqueld1049.jpg,267969,3382e5eb,\Gallery61\08 - Racquel_chambers\Set 04 - 2008-06-06\,{Shemale Yum Dvd03~28~1~08 - Racquel_chambers - Set 04 - 2008 - 06 - 06}
raqueld1050.jpg,266243,c467b955,\Gallery61\08 - Racquel_chambers\Set 04 - 2008-06-06\,{Shemale Yum Dvd03~28~1~08 - Racquel_chambers - Set 04 - 2008 - 06 - 06}
raqueld1051.jpg,279518,2b011cad,\Gallery61\08 - Racquel_chambers\Set 04 - 2008-06-06\,{Shemale Yum Dvd03~28~1~08 - Racquel_chambers - Set 04 - 2008 - 06 - 06}
raqueld1052.jpg,253538,26732195,\Gallery61\08 - Racquel_chambers\Set 04 - 2008-06-06\,{Shemale Yum Dvd03~28~1~08 - Racquel_chambers - Set 04 - 2008 - 06 - 06}
raqueld1053.jpg,257242,609bcebd,\Gallery61\08 - Racquel_chambers\Set 04 - 2008-06-06\,{Shemale Yum Dvd03~28~1~08 - Racquel_chambers - Set 04 - 2008 - 06 - 06}
raqueld1054.jpg,269101,e0fe08b0,\Gallery61\08 - Racquel_chambers\Set 04 - 2008-06-06\,{Shemale Yum Dvd03~28~1~08 - Racquel_chambers - Set 04 - 2008 - 06 - 06}
raqueld1055.jpg,282610,5ac811da,\Gallery61\08 - Racquel_chambers\Set 04 - 2008-06-06\,{Shemale Yum Dvd03~28~1~08 - Racquel_chambers - Set 04 - 2008 - 06 - 06}
raqueld1056.jpg,293041,aad56e45,\Gallery61\08 - Racquel_chambers\Set 04 - 2008-06-06\,{Shemale Yum Dvd03~28~1~08 - Racquel_chambers - Set 04 - 2008 - 06 - 06}
raqueld1057.jpg,296605,9b575853,\Gallery61\08 - Racquel_chambers\Set 04 - 2008-06-06\,{Shemale Yum Dvd03~28~1~08 - Racquel_chambers - Set 04 - 2008 - 06 - 06}
raqueld1058.jpg,213041,e430c363,\Gallery61\08 - Racquel_chambers\Set 04 - 2008-06-06\,{Shemale Yum Dvd03~28~1~08 - Racquel_chambers - Set 04 - 2008 - 06 - 06}
raqueld1059.jpg,294387,832e1362,\Gallery61\08 - Racquel_chambers\Set 04 - 2008-06-06\,{Shemale Yum Dvd03~28~1~08 - Racquel_chambers - Set 04 - 2008 - 06 - 06}
raqueld1060.jpg,272530,7d39e439,\Gallery61\08 - Racquel_chambers\Set 04 - 2008-06-06\,{Shemale Yum Dvd03~28~1~08 - Racquel_chambers - Set 04 - 2008 - 06 - 06}
raqueld1061.jpg,309166,c1ced711,\Gallery61\08 - Racquel_chambers\Set 04 - 2008-06-06\,{Shemale Yum Dvd03~28~1~08 - Racquel_chambers - Set 04 - 2008 - 06 - 06}
raqueld1062.jpg,296415,a4d8a8f8,\Gallery61\08 - Racquel_chambers\Set 04 - 2008-06-06\,{Shemale Yum Dvd03~28~1~08 - Racquel_chambers - Set 04 - 2008 - 06 - 06}
raqueld1063.jpg,310206,0ad0e735,\Gallery61\08 - Racquel_chambers\Set 04 - 2008-06-06\,{Shemale Yum Dvd03~28~1~08 - Racquel_chambers - Set 04 - 2008 - 06 - 06}
raqueld1064.jpg,366459,50ea3f69,\Gallery61\08 - Racquel_chambers\Set 04 - 2008-06-06\,{Shemale Yum Dvd03~28~1~08 - Racquel_chambers - Set 04 - 2008 - 06 - 06}
raqueld1065.jpg,299033,b1f4e8fa,\Gallery61\08 - Racquel_chambers\Set 04 - 2008-06-06\,{Shemale Yum Dvd03~28~1~08 - Racquel_chambers - Set 04 - 2008 - 06 - 06}
raqueld1066.jpg,330975,93939fb7,\Gallery61\08 - Racquel_chambers\Set 04 - 2008-06-06\,{Shemale Yum Dvd03~28~1~08 - Racquel_chambers - Set 04 - 2008 - 06 - 06}
raqueld1067.jpg,246630,3e19f7b4,\Gallery61\08 - Racquel_chambers\Set 04 - 2008-06-06\,{Shemale Yum Dvd03~28~1~08 - Racquel_chambers - Set 04 - 2008 - 06 - 06}
raqueld1068.jpg,307833,b20dd4ea,\Gallery61\08 - Racquel_chambers\Set 04 - 2008-06-06\,{Shemale Yum Dvd03~28~1~08 - Racquel_chambers - Set 04 - 2008 - 06 - 06}
raqueld1069.jpg,290842,8a0cdc64,\Gallery61\08 - Racquel_chambers\Set 04 - 2008-06-06\,{Shemale Yum Dvd03~28~1~08 - Racquel_chambers - Set 04 - 2008 - 06 - 06}
raqueld1070.jpg,331470,aed62604,\Gallery61\08 - Racquel_chambers\Set 04 - 2008-06-06\,{Shemale Yum Dvd03~28~1~08 - Racquel_chambers - Set 04 - 2008 - 06 - 06}
raqueld1071.jpg,295742,13ac6961,\Gallery61\08 - Racquel_chambers\Set 04 - 2008-06-06\,{Shemale Yum Dvd03~28~1~08 - Racquel_chambers - Set 04 - 2008 - 06 - 06}
racquel_chambers5001.jpg,257124,a4403693,\Gallery61\08 - Racquel_chambers\Set 05 - 2008-09-19\,{Shemale Yum Dvd03~28~2~08 - Racquel_chambers - Set 05 - 2008 - 09 - 19}
racquel_chambers5002.jpg,235649,8428db9f,\Gallery61\08 - Racquel_chambers\Set 05 - 2008-09-19\,{Shemale Yum Dvd03~28~2~08 - Racquel_chambers - Set 05 - 2008 - 09 - 19}
racquel_chambers5003.jpg,243654,62510c3e,\Gallery61\08 - Racquel_chambers\Set 05 - 2008-09-19\,{Shemale Yum Dvd03~28~2~08 - Racquel_chambers - Set 05 - 2008 - 09 - 19}
racquel_chambers5004.jpg,232815,15ea2c2b,\Gallery61\08 - Racquel_chambers\Set 05 - 2008-09-19\,{Shemale Yum Dvd03~28~2~08 - Racquel_chambers - Set 05 - 2008 - 09 - 19}
racquel_chambers5005.jpg,239484,64384671,\Gallery61\08 - Racquel_chambers\Set 05 - 2008-09-19\,{Shemale Yum Dvd03~28~2~08 - Racquel_chambers - Set 05 - 2008 - 09 - 19}
racquel_chambers5006.jpg,222807,b3274376,\Gallery61\08 - Racquel_chambers\Set 05 - 2008-09-19\,{Shemale Yum Dvd03~28~2~08 - Racquel_chambers - Set 05 - 2008 - 09 - 19}
racquel_chambers5007.jpg,236501,83082db2,\Gallery61\08 - Racquel_chambers\Set 05 - 2008-09-19\,{Shemale Yum Dvd03~28~2~08 - Racquel_chambers - Set 05 - 2008 - 09 - 19}
racquel_chambers5008.jpg,208825,6e8536d2,\Gallery61\08 - Racquel_chambers\Set 05 - 2008-09-19\,{Shemale Yum Dvd03~28~2~08 - Racquel_chambers - Set 05 - 2008 - 09 - 19}
racquel_chambers5009.jpg,212686,e1cfff7a,\Gallery61\08 - Racquel_chambers\Set 05 - 2008-09-19\,{Shemale Yum Dvd03~28~2~08 - Racquel_chambers - Set 05 - 2008 - 09 - 19}
racquel_chambers5010.jpg,238402,19dd829d,\Gallery61\08 - Racquel_chambers\Set 05 - 2008-09-19\,{Shemale Yum Dvd03~28~2~08 - Racquel_chambers - Set 05 - 2008 - 09 - 19}
racquel_chambers5011.jpg,241943,b19bb8ce,\Gallery61\08 - Racquel_chambers\Set 05 - 2008-09-19\,{Shemale Yum Dvd03~28~2~08 - Racquel_chambers - Set 05 - 2008 - 09 - 19}
racquel_chambers5012.jpg,207090,047e9471,\Gallery61\08 - Racquel_chambers\Set 05 - 2008-09-19\,{Shemale Yum Dvd03~28~2~08 - Racquel_chambers - Set 05 - 2008 - 09 - 19}
racquel_chambers5013.jpg,221104,c57c8d11,\Gallery61\08 - Racquel_chambers\Set 05 - 2008-09-19\,{Shemale Yum Dvd03~28~2~08 - Racquel_chambers - Set 05 - 2008 - 09 - 19}
racquel_chambers5014.jpg,207883,155b90c1,\Gallery61\08 - Racquel_chambers\Set 05 - 2008-09-19\,{Shemale Yum Dvd03~28~2~08 - Racquel_chambers - Set 05 - 2008 - 09 - 19}
racquel_chambers5015.jpg,301465,bcb0c26f,\Gallery61\08 - Racquel_chambers\Set 05 - 2008-09-19\,{Shemale Yum Dvd03~28~2~08 - Racquel_chambers - Set 05 - 2008 - 09 - 19}
racquel_chambers5016.jpg,268170,4da424f4,\Gallery61\08 - Racquel_chambers\Set 05 - 2008-09-19\,{Shemale Yum Dvd03~28~2~08 - Racquel_chambers - Set 05 - 2008 - 09 - 19}
racquel_chambers5017.jpg,225345,1e902924,\Gallery61\08 - Racquel_chambers\Set 05 - 2008-09-19\,{Shemale Yum Dvd03~28~2~08 - Racquel_chambers - Set 05 - 2008 - 09 - 19}
racquel_chambers5018.jpg,238217,f5460d31,\Gallery61\08 - Racquel_chambers\Set 05 - 2008-09-19\,{Shemale Yum Dvd03~28~2~08 - Racquel_chambers - Set 05 - 2008 - 09 - 19}
racquel_chambers5019.jpg,202605,14e5afcc,\Gallery61\08 - Racquel_chambers\Set 05 - 2008-09-19\,{Shemale Yum Dvd03~28~2~08 - Racquel_chambers - Set 05 - 2008 - 09 - 19}
racquel_chambers5020.jpg,221784,9da5ef39,\Gallery61\08 - Racquel_chambers\Set 05 - 2008-09-19\,{Shemale Yum Dvd03~28~2~08 - Racquel_chambers - Set 05 - 2008 - 09 - 19}
racquel_chambers5021.jpg,216980,7575cee5,\Gallery61\08 - Racquel_chambers\Set 05 - 2008-09-19\,{Shemale Yum Dvd03~28~2~08 - Racquel_chambers - Set 05 - 2008 - 09 - 19}
racquel_chambers5022.jpg,277075,b84d6f92,\Gallery61\08 - Racquel_chambers\Set 05 - 2008-09-19\,{Shemale Yum Dvd03~28~2~08 - Racquel_chambers - Set 05 - 2008 - 09 - 19}
racquel_chambers5023.jpg,287306,cdd27a35,\Gallery61\08 - Racquel_chambers\Set 05 - 2008-09-19\,{Shemale Yum Dvd03~28~2~08 - Racquel_chambers - Set 05 - 2008 - 09 - 19}
racquel_chambers5024.jpg,267872,a8966c9c,\Gallery61\08 - Racquel_chambers\Set 05 - 2008-09-19\,{Shemale Yum Dvd03~28~2~08 - Racquel_chambers - Set 05 - 2008 - 09 - 19}
racquel_chambers5025.jpg,270897,28b53506,\Gallery61\08 - Racquel_chambers\Set 05 - 2008-09-19\,{Shemale Yum Dvd03~28~2~08 - Racquel_chambers - Set 05 - 2008 - 09 - 19}
racquel_chambers5026.jpg,269619,889e33a3,\Gallery61\08 - Racquel_chambers\Set 05 - 2008-09-19\,{Shemale Yum Dvd03~28~2~08 - Racquel_chambers - Set 05 - 2008 - 09 - 19}
racquel_chambers5027.jpg,210512,8270f1f4,\Gallery61\08 - Racquel_chambers\Set 05 - 2008-09-19\,{Shemale Yum Dvd03~28~2~08 - Racquel_chambers - Set 05 - 2008 - 09 - 19}
racquel_chambers5028.jpg,210707,d10d7284,\Gallery61\08 - Racquel_chambers\Set 05 - 2008-09-19\,{Shemale Yum Dvd03~28~2~08 - Racquel_chambers - Set 05 - 2008 - 09 - 19}
racquel_chambers5029.jpg,232745,79c5c3d8,\Gallery61\08 - Racquel_chambers\Set 05 - 2008-09-19\,{Shemale Yum Dvd03~28~2~08 - Racquel_chambers - Set 05 - 2008 - 09 - 19}
racquel_chambers5030.jpg,264298,0a7d9336,\Gallery61\08 - Racquel_chambers\Set 05 - 2008-09-19\,{Shemale Yum Dvd03~28~2~08 - Racquel_chambers - Set 05 - 2008 - 09 - 19}
racquel_chambers5031.jpg,195924,3309ab4d,\Gallery61\08 - Racquel_chambers\Set 05 - 2008-09-19\,{Shemale Yum Dvd03~28~2~08 - Racquel_chambers - Set 05 - 2008 - 09 - 19}
racquel_chambers5032.jpg,240919,860a9fbb,\Gallery61\08 - Racquel_chambers\Set 05 - 2008-09-19\,{Shemale Yum Dvd03~28~2~08 - Racquel_chambers - Set 05 - 2008 - 09 - 19}
racquel_chambers5033.jpg,222285,4bba2eca,\Gallery61\08 - Racquel_chambers\Set 05 - 2008-09-19\,{Shemale Yum Dvd03~28~2~08 - Racquel_chambers - Set 05 - 2008 - 09 - 19}
racquel_chambers5034.jpg,227599,e2d26b28,\Gallery61\08 - Racquel_chambers\Set 05 - 2008-09-19\,{Shemale Yum Dvd03~28~2~08 - Racquel_chambers - Set 05 - 2008 - 09 - 19}
racquel_chambers5035.jpg,229755,d6b9195c,\Gallery61\08 - Racquel_chambers\Set 05 - 2008-09-19\,{Shemale Yum Dvd03~28~2~08 - Racquel_chambers - Set 05 - 2008 - 09 - 19}
racquel_chambers5036.jpg,226947,a7d20fdc,\Gallery61\08 - Racquel_chambers\Set 05 - 2008-09-19\,{Shemale Yum Dvd03~28~2~08 - Racquel_chambers - Set 05 - 2008 - 09 - 19}
racquel_chambers5037.jpg,217656,8ed9fb4e,\Gallery61\08 - Racquel_chambers\Set 05 - 2008-09-19\,{Shemale Yum Dvd03~28~2~08 - Racquel_chambers - Set 05 - 2008 - 09 - 19}
racquel_chambers5038.jpg,218801,8176287d,\Gallery61\08 - Racquel_chambers\Set 05 - 2008-09-19\,{Shemale Yum Dvd03~28~2~08 - Racquel_chambers - Set 05 - 2008 - 09 - 19}
racquel_chambers5039.jpg,238817,0fc52cb3,\Gallery61\08 - Racquel_chambers\Set 05 - 2008-09-19\,{Shemale Yum Dvd03~28~2~08 - Racquel_chambers - Set 05 - 2008 - 09 - 19}
racquel_chambers5040.jpg,236791,2143319d,\Gallery61\08 - Racquel_chambers\Set 05 - 2008-09-19\,{Shemale Yum Dvd03~28~2~08 - Racquel_chambers - Set 05 - 2008 - 09 - 19}
racquel_chambers5041.jpg,232444,7c7871b1,\Gallery61\08 - Racquel_chambers\Set 05 - 2008-09-19\,{Shemale Yum Dvd03~28~2~08 - Racquel_chambers - Set 05 - 2008 - 09 - 19}
racquel_chambers5042.jpg,254829,3bd636ee,\Gallery61\08 - Racquel_chambers\Set 05 - 2008-09-19\,{Shemale Yum Dvd03~28~2~08 - Racquel_chambers - Set 05 - 2008 - 09 - 19}
racquel_chambers5043.jpg,216619,82def44a,\Gallery61\08 - Racquel_chambers\Set 05 - 2008-09-19\,{Shemale Yum Dvd03~28~2~08 - Racquel_chambers - Set 05 - 2008 - 09 - 19}
racquel_chambers5044.jpg,274638,46b7e08d,\Gallery61\08 - Racquel_chambers\Set 05 - 2008-09-19\,{Shemale Yum Dvd03~28~2~08 - Racquel_chambers - Set 05 - 2008 - 09 - 19}
racquel_chambers5045.jpg,265750,cb1e23c6,\Gallery61\08 - Racquel_chambers\Set 05 - 2008-09-19\,{Shemale Yum Dvd03~28~2~08 - Racquel_chambers - Set 05 - 2008 - 09 - 19}
racquel_chambers5046.jpg,233629,1c6f8615,\Gallery61\08 - Racquel_chambers\Set 05 - 2008-09-19\,{Shemale Yum Dvd03~28~2~08 - Racquel_chambers - Set 05 - 2008 - 09 - 19}
racquel_chambers5047.jpg,233492,47264359,\Gallery61\08 - Racquel_chambers\Set 05 - 2008-09-19\,{Shemale Yum Dvd03~28~2~08 - Racquel_chambers - Set 05 - 2008 - 09 - 19}
racquel_chambers5048.jpg,238470,5196f130,\Gallery61\08 - Racquel_chambers\Set 05 - 2008-09-19\,{Shemale Yum Dvd03~28~2~08 - Racquel_chambers - Set 05 - 2008 - 09 - 19}
racquel_chambers5049.jpg,257509,ede4a390,\Gallery61\08 - Racquel_chambers\Set 05 - 2008-09-19\,{Shemale Yum Dvd03~28~2~08 - Racquel_chambers - Set 05 - 2008 - 09 - 19}
racquel_chambers5050.jpg,232722,d95a8203,\Gallery61\08 - Racquel_chambers\Set 05 - 2008-09-19\,{Shemale Yum Dvd03~28~2~08 - Racquel_chambers - Set 05 - 2008 - 09 - 19}
racquel_chambers5051.jpg,239960,f3eb61cd,\Gallery61\08 - Racquel_chambers\Set 05 - 2008-09-19\,{Shemale Yum Dvd03~28~2~08 - Racquel_chambers - Set 05 - 2008 - 09 - 19}
racquel_chambers5052.jpg,251374,75c8307d,\Gallery61\08 - Racquel_chambers\Set 05 - 2008-09-19\,{Shemale Yum Dvd03~28~2~08 - Racquel_chambers - Set 05 - 2008 - 09 - 19}
racquel_chambers5053.jpg,251621,f6b227d3,\Gallery61\08 - Racquel_chambers\Set 05 - 2008-09-19\,{Shemale Yum Dvd03~28~2~08 - Racquel_chambers - Set 05 - 2008 - 09 - 19}
racquel_chambers5054.jpg,228783,08831cfe,\Gallery61\08 - Racquel_chambers\Set 05 - 2008-09-19\,{Shemale Yum Dvd03~28~2~08 - Racquel_chambers - Set 05 - 2008 - 09 - 19}
racquel_chambers5055.jpg,233216,1701d0fc,\Gallery61\08 - Racquel_chambers\Set 05 - 2008-09-19\,{Shemale Yum Dvd03~28~2~08 - Racquel_chambers - Set 05 - 2008 - 09 - 19}
racquel_chambers5056.jpg,227760,6192c4a8,\Gallery61\08 - Racquel_chambers\Set 05 - 2008-09-19\,{Shemale Yum Dvd03~28~2~08 - Racquel_chambers - Set 05 - 2008 - 09 - 19}
racquel_chambers5057.jpg,260745,4e0f2f10,\Gallery61\08 - Racquel_chambers\Set 05 - 2008-09-19\,{Shemale Yum Dvd03~28~2~08 - Racquel_chambers - Set 05 - 2008 - 09 - 19}
racquel_chambers5058.jpg,267927,70b17e36,\Gallery61\08 - Racquel_chambers\Set 05 - 2008-09-19\,{Shemale Yum Dvd03~28~2~08 - Racquel_chambers - Set 05 - 2008 - 09 - 19}
racquel_chambers5059.jpg,262563,507e77e5,\Gallery61\08 - Racquel_chambers\Set 05 - 2008-09-19\,{Shemale Yum Dvd03~28~2~08 - Racquel_chambers - Set 05 - 2008 - 09 - 19}
racquel_chambers5060.jpg,228387,385b0dc8,\Gallery61\08 - Racquel_chambers\Set 05 - 2008-09-19\,{Shemale Yum Dvd03~28~2~08 - Racquel_chambers - Set 05 - 2008 - 09 - 19}
racquel_chambers5061.jpg,227801,5741a8cf,\Gallery61\08 - Racquel_chambers\Set 05 - 2008-09-19\,{Shemale Yum Dvd03~28~2~08 - Racquel_chambers - Set 05 - 2008 - 09 - 19}
racquel_chambers5062.jpg,224556,833e0e38,\Gallery61\08 - Racquel_chambers\Set 05 - 2008-09-19\,{Shemale Yum Dvd03~28~2~08 - Racquel_chambers - Set 05 - 2008 - 09 - 19}
racquel_chambers5063.jpg,230991,cba64032,\Gallery61\08 - Racquel_chambers\Set 05 - 2008-09-19\,{Shemale Yum Dvd03~28~2~08 - Racquel_chambers - Set 05 - 2008 - 09 - 19}
racquel_chambers5064.jpg,231202,dee3d305,\Gallery61\08 - Racquel_chambers\Set 05 - 2008-09-19\,{Shemale Yum Dvd03~28~2~08 - Racquel_chambers - Set 05 - 2008 - 09 - 19}
racquel_chambers5065.jpg,234907,eb93619c,\Gallery61\08 - Racquel_chambers\Set 05 - 2008-09-19\,{Shemale Yum Dvd03~28~2~08 - Racquel_chambers - Set 05 - 2008 - 09 - 19}
racquel_chambers5066.jpg,244931,cbff34f8,\Gallery61\08 - Racquel_chambers\Set 05 - 2008-09-19\,{Shemale Yum Dvd03~28~2~08 - Racquel_chambers - Set 05 - 2008 - 09 - 19}
racquel_chambers5067.jpg,246536,f01abaa5,\Gallery61\08 - Racquel_chambers\Set 05 - 2008-09-19\,{Shemale Yum Dvd03~28~2~08 - Racquel_chambers - Set 05 - 2008 - 09 - 19}
racquel_chambers5068.jpg,247710,8606d97b,\Gallery61\08 - Racquel_chambers\Set 05 - 2008-09-19\,{Shemale Yum Dvd03~28~2~08 - Racquel_chambers - Set 05 - 2008 - 09 - 19}
racquel_chambers5069.jpg,249855,d8843dc2,\Gallery61\08 - Racquel_chambers\Set 05 - 2008-09-19\,{Shemale Yum Dvd03~28~2~08 - Racquel_chambers - Set 05 - 2008 - 09 - 19}
racquel_chambers5070.jpg,227090,3595aa0d,\Gallery61\08 - Racquel_chambers\Set 05 - 2008-09-19\,{Shemale Yum Dvd03~28~2~08 - Racquel_chambers - Set 05 - 2008 - 09 - 19}
racquel_chambers5071.jpg,230248,fac8096b,\Gallery61\08 - Racquel_chambers\Set 05 - 2008-09-19\,{Shemale Yum Dvd03~28~2~08 - Racquel_chambers - Set 05 - 2008 - 09 - 19}
racquel_chambers5072.jpg,236418,13032438,\Gallery61\08 - Racquel_chambers\Set 05 - 2008-09-19\,{Shemale Yum Dvd03~28~2~08 - Racquel_chambers - Set 05 - 2008 - 09 - 19}
racquel_chambers5073.jpg,267031,693f0344,\Gallery61\08 - Racquel_chambers\Set 05 - 2008-09-19\,{Shemale Yum Dvd03~28~2~08 - Racquel_chambers - Set 05 - 2008 - 09 - 19}
racquel_chambers5074.jpg,314249,2e385255,\Gallery61\08 - Racquel_chambers\Set 05 - 2008-09-19\,{Shemale Yum Dvd03~28~2~08 - Racquel_chambers - Set 05 - 2008 - 09 - 19}
racquel_chambers5075.jpg,286065,d8c79e5e,\Gallery61\08 - Racquel_chambers\Set 05 - 2008-09-19\,{Shemale Yum Dvd03~28~2~08 - Racquel_chambers - Set 05 - 2008 - 09 - 19}
racquel_chambers5076.jpg,259684,460bd1c3,\Gallery61\08 - Racquel_chambers\Set 05 - 2008-09-19\,{Shemale Yum Dvd03~28~2~08 - Racquel_chambers - Set 05 - 2008 - 09 - 19}
racquel_chambers5077.jpg,257154,4cfc7a28,\Gallery61\08 - Racquel_chambers\Set 05 - 2008-09-19\,{Shemale Yum Dvd03~28~2~08 - Racquel_chambers - Set 05 - 2008 - 09 - 19}
racquel_chambers5078.jpg,259486,e15538fe,\Gallery61\08 - Racquel_chambers\Set 05 - 2008-09-19\,{Shemale Yum Dvd03~28~2~08 - Racquel_chambers - Set 05 - 2008 - 09 - 19}
racquel_chambers5079.jpg,260243,b40d28e8,\Gallery61\08 - Racquel_chambers\Set 05 - 2008-09-19\,{Shemale Yum Dvd03~28~2~08 - Racquel_chambers - Set 05 - 2008 - 09 - 19}
racquel_chambers5080.jpg,260544,f96e5397,\Gallery61\08 - Racquel_chambers\Set 05 - 2008-09-19\,{Shemale Yum Dvd03~28~2~08 - Racquel_chambers - Set 05 - 2008 - 09 - 19}
racquel_chambers5081.jpg,235750,01a4ace9,\Gallery61\08 - Racquel_chambers\Set 05 - 2008-09-19\,{Shemale Yum Dvd03~28~2~08 - Racquel_chambers - Set 05 - 2008 - 09 - 19}
racquel_chambers5082.jpg,236979,c144fd2e,\Gallery61\08 - Racquel_chambers\Set 05 - 2008-09-19\,{Shemale Yum Dvd03~28~2~08 - Racquel_chambers - Set 05 - 2008 - 09 - 19}
racquel_chambers5083.jpg,213871,eafab145,\Gallery61\08 - Racquel_chambers\Set 05 - 2008-09-19\,{Shemale Yum Dvd03~28~2~08 - Racquel_chambers - Set 05 - 2008 - 09 - 19}
racquel_chambers5084.jpg,225197,3b1d99b6,\Gallery61\08 - Racquel_chambers\Set 05 - 2008-09-19\,{Shemale Yum Dvd03~28~2~08 - Racquel_chambers - Set 05 - 2008 - 09 - 19}
racquel_chambers5085.jpg,225327,9ab0965e,\Gallery61\08 - Racquel_chambers\Set 05 - 2008-09-19\,{Shemale Yum Dvd03~28~2~08 - Racquel_chambers - Set 05 - 2008 - 09 - 19}
racquel_chambers5086.jpg,236607,bc7f534b,\Gallery61\08 - Racquel_chambers\Set 05 - 2008-09-19\,{Shemale Yum Dvd03~28~2~08 - Racquel_chambers - Set 05 - 2008 - 09 - 19}
racquel_chambers5087.jpg,236295,8c6291a9,\Gallery61\08 - Racquel_chambers\Set 05 - 2008-09-19\,{Shemale Yum Dvd03~28~2~08 - Racquel_chambers - Set 05 - 2008 - 09 - 19}
racquel_chambers5088.jpg,235059,339053ef,\Gallery61\08 - Racquel_chambers\Set 05 - 2008-09-19\,{Shemale Yum Dvd03~28~2~08 - Racquel_chambers - Set 05 - 2008 - 09 - 19}
racquel_chambers5089.jpg,239382,7724ac9e,\Gallery61\08 - Racquel_chambers\Set 05 - 2008-09-19\,{Shemale Yum Dvd03~28~2~08 - Racquel_chambers - Set 05 - 2008 - 09 - 19}
racquel_chambers5090.jpg,207816,b5690a04,\Gallery61\08 - Racquel_chambers\Set 05 - 2008-09-19\,{Shemale Yum Dvd03~28~2~08 - Racquel_chambers - Set 05 - 2008 - 09 - 19}
racquel_chambers5091.jpg,219075,316d38e1,\Gallery61\08 - Racquel_chambers\Set 05 - 2008-09-19\,{Shemale Yum Dvd03~28~2~08 - Racquel_chambers - Set 05 - 2008 - 09 - 19}
racquel_chambers5092.jpg,228058,2d76c3ac,\Gallery61\08 - Racquel_chambers\Set 05 - 2008-09-19\,{Shemale Yum Dvd03~28~2~08 - Racquel_chambers - Set 05 - 2008 - 09 - 19}
racquel_chambers5093.jpg,220674,28517965,\Gallery61\08 - Racquel_chambers\Set 05 - 2008-09-19\,{Shemale Yum Dvd03~28~2~08 - Racquel_chambers - Set 05 - 2008 - 09 - 19}
racquel_chambers5094.jpg,223069,2515d09a,\Gallery61\08 - Racquel_chambers\Set 05 - 2008-09-19\,{Shemale Yum Dvd03~28~2~08 - Racquel_chambers - Set 05 - 2008 - 09 - 19}
racquel_chambers5095.jpg,217572,084ae88e,\Gallery61\08 - Racquel_chambers\Set 05 - 2008-09-19\,{Shemale Yum Dvd03~28~2~08 - Racquel_chambers - Set 05 - 2008 - 09 - 19}
racquel_chambers5096.jpg,171740,414389d8,\Gallery61\08 - Racquel_chambers\Set 05 - 2008-09-19\,{Shemale Yum Dvd03~28~2~08 - Racquel_chambers - Set 05 - 2008 - 09 - 19}
racquel_chambers5097.jpg,225235,933a1c08,\Gallery61\08 - Racquel_chambers\Set 05 - 2008-09-19\,{Shemale Yum Dvd03~28~2~08 - Racquel_chambers - Set 05 - 2008 - 09 - 19}
racquel_chambers5098.jpg,202926,82704096,\Gallery61\08 - Racquel_chambers\Set 05 - 2008-09-19\,{Shemale Yum Dvd03~28~2~08 - Racquel_chambers - Set 05 - 2008 - 09 - 19}
racquel_chambers5099.jpg,191249,ce3d694f,\Gallery61\08 - Racquel_chambers\Set 05 - 2008-09-19\,{Shemale Yum Dvd03~28~2~08 - Racquel_chambers - Set 05 - 2008 - 09 - 19}
racquel_chambers5100.jpg,203409,691f099d,\Gallery61\08 - Racquel_chambers\Set 05 - 2008-09-19\,{Shemale Yum Dvd03~28~2~08 - Racquel_chambers - Set 05 - 2008 - 09 - 19}
racquel_chambers5101.jpg,210068,78abc6a5,\Gallery61\08 - Racquel_chambers\Set 05 - 2008-09-19\,{Shemale Yum Dvd03~28~2~08 - Racquel_chambers - Set 05 - 2008 - 09 - 19}
racquel_chambers5102.jpg,218229,830b30ec,\Gallery61\08 - Racquel_chambers\Set 05 - 2008-09-19\,{Shemale Yum Dvd03~28~2~08 - Racquel_chambers - Set 05 - 2008 - 09 - 19}
racquel_chambers5103.jpg,216724,a85b0b38,\Gallery61\08 - Racquel_chambers\Set 05 - 2008-09-19\,{Shemale Yum Dvd03~28~2~08 - Racquel_chambers - Set 05 - 2008 - 09 - 19}
racquel_chambers5104.jpg,207015,d9e00016,\Gallery61\08 - Racquel_chambers\Set 05 - 2008-09-19\,{Shemale Yum Dvd03~28~2~08 - Racquel_chambers - Set 05 - 2008 - 09 - 19}
racquel_chambers5105.jpg,206676,63e9e173,\Gallery61\08 - Racquel_chambers\Set 05 - 2008-09-19\,{Shemale Yum Dvd03~28~2~08 - Racquel_chambers - Set 05 - 2008 - 09 - 19}
racquel_chambers5106.jpg,209708,9cb8ce27,\Gallery61\08 - Racquel_chambers\Set 05 - 2008-09-19\,{Shemale Yum Dvd03~28~2~08 - Racquel_chambers - Set 05 - 2008 - 09 - 19}
racquel_chambers5107.jpg,206661,6d58777e,\Gallery61\08 - Racquel_chambers\Set 05 - 2008-09-19\,{Shemale Yum Dvd03~28~2~08 - Racquel_chambers - Set 05 - 2008 - 09 - 19}
racquel_chambers5108.jpg,220494,ccb98874,\Gallery61\08 - Racquel_chambers\Set 05 - 2008-09-19\,{Shemale Yum Dvd03~28~2~08 - Racquel_chambers - Set 05 - 2008 - 09 - 19}
racquel_chambers5109.jpg,232338,a0a3b862,\Gallery61\08 - Racquel_chambers\Set 05 - 2008-09-19\,{Shemale Yum Dvd03~28~2~08 - Racquel_chambers - Set 05 - 2008 - 09 - 19}
racquel_chambers5110.jpg,188764,ee0d8927,\Gallery61\08 - Racquel_chambers\Set 05 - 2008-09-19\,{Shemale Yum Dvd03~28~2~08 - Racquel_chambers - Set 05 - 2008 - 09 - 19}
racquel_chambers5111.jpg,216469,d86142a5,\Gallery61\08 - Racquel_chambers\Set 05 - 2008-09-19\,{Shemale Yum Dvd03~28~2~08 - Racquel_chambers - Set 05 - 2008 - 09 - 19}
racquel_chambers5112.jpg,219454,552fac07,\Gallery61\08 - Racquel_chambers\Set 05 - 2008-09-19\,{Shemale Yum Dvd03~28~2~08 - Racquel_chambers - Set 05 - 2008 - 09 - 19}
racquel_chambers5113.jpg,210547,50b24ac2,\Gallery61\08 - Racquel_chambers\Set 05 - 2008-09-19\,{Shemale Yum Dvd03~28~2~08 - Racquel_chambers - Set 05 - 2008 - 09 - 19}
racquel_chambers5114.jpg,216574,d53d4698,\Gallery61\08 - Racquel_chambers\Set 05 - 2008-09-19\,{Shemale Yum Dvd03~28~2~08 - Racquel_chambers - Set 05 - 2008 - 09 - 19}
racquel_chambers5115.jpg,228625,5de7f418,\Gallery61\08 - Racquel_chambers\Set 05 - 2008-09-19\,{Shemale Yum Dvd03~28~2~08 - Racquel_chambers - Set 05 - 2008 - 09 - 19}
racquel_chambers5116.jpg,233134,bf0186f4,\Gallery61\08 - Racquel_chambers\Set 05 - 2008-09-19\,{Shemale Yum Dvd03~28~2~08 - Racquel_chambers - Set 05 - 2008 - 09 - 19}
racquel_chambers5117.jpg,233247,48e9eabd,\Gallery61\08 - Racquel_chambers\Set 05 - 2008-09-19\,{Shemale Yum Dvd03~28~2~08 - Racquel_chambers - Set 05 - 2008 - 09 - 19}
racquel_chambers5118.jpg,198515,33c1c9f4,\Gallery61\08 - Racquel_chambers\Set 05 - 2008-09-19\,{Shemale Yum Dvd03~28~2~08 - Racquel_chambers - Set 05 - 2008 - 09 - 19}
racquel_chambers5119.jpg,197141,8b1acf68,\Gallery61\08 - Racquel_chambers\Set 05 - 2008-09-19\,{Shemale Yum Dvd03~28~2~08 - Racquel_chambers - Set 05 - 2008 - 09 - 19}
racquel_chambers5120.jpg,182168,f2e0d5dd,\Gallery61\08 - Racquel_chambers\Set 05 - 2008-09-19\,{Shemale Yum Dvd03~28~2~08 - Racquel_chambers - Set 05 - 2008 - 09 - 19}
racquel_chambers5121.jpg,219451,394504b1,\Gallery61\08 - Racquel_chambers\Set 05 - 2008-09-19\,{Shemale Yum Dvd03~28~2~08 - Racquel_chambers - Set 05 - 2008 - 09 - 19}
racquel_chambers5122.jpg,221786,617d29f8,\Gallery61\08 - Racquel_chambers\Set 05 - 2008-09-19\,{Shemale Yum Dvd03~28~2~08 - Racquel_chambers - Set 05 - 2008 - 09 - 19}
racquel_chambers5123.jpg,214891,8d7888d0,\Gallery61\08 - Racquel_chambers\Set 05 - 2008-09-19\,{Shemale Yum Dvd03~28~2~08 - Racquel_chambers - Set 05 - 2008 - 09 - 19}
racquel_chambers5124.jpg,220497,c934beb7,\Gallery61\08 - Racquel_chambers\Set 05 - 2008-09-19\,{Shemale Yum Dvd03~28~2~08 - Racquel_chambers - Set 05 - 2008 - 09 - 19}
cassandrab4001.jpg,256497,8ffeb634,\Gallery68\02 - Cassandrab\Set  04 - 2008-09-12\,{Shemale Yum Dvd03~29~1~02 - Cassandrab - Set 04 - 2008 - 09 - 12}
cassandrab4002.jpg,249426,d4e7dcf7,\Gallery68\02 - Cassandrab\Set  04 - 2008-09-12\,{Shemale Yum Dvd03~29~1~02 - Cassandrab - Set 04 - 2008 - 09 - 12}
cassandrab4003.jpg,266528,bf5d9eb2,\Gallery68\02 - Cassandrab\Set  04 - 2008-09-12\,{Shemale Yum Dvd03~29~1~02 - Cassandrab - Set 04 - 2008 - 09 - 12}
cassandrab4004.jpg,265002,f0159e09,\Gallery68\02 - Cassandrab\Set  04 - 2008-09-12\,{Shemale Yum Dvd03~29~1~02 - Cassandrab - Set 04 - 2008 - 09 - 12}
cassandrab4005.jpg,260168,c8708aa7,\Gallery68\02 - Cassandrab\Set  04 - 2008-09-12\,{Shemale Yum Dvd03~29~1~02 - Cassandrab - Set 04 - 2008 - 09 - 12}
cassandrab4006.jpg,255891,1ba9a65b,\Gallery68\02 - Cassandrab\Set  04 - 2008-09-12\,{Shemale Yum Dvd03~29~1~02 - Cassandrab - Set 04 - 2008 - 09 - 12}
cassandrab4007.jpg,244336,9714f515,\Gallery68\02 - Cassandrab\Set  04 - 2008-09-12\,{Shemale Yum Dvd03~29~1~02 - Cassandrab - Set 04 - 2008 - 09 - 12}
cassandrab4008.jpg,236869,54285512,\Gallery68\02 - Cassandrab\Set  04 - 2008-09-12\,{Shemale Yum Dvd03~29~1~02 - Cassandrab - Set 04 - 2008 - 09 - 12}
cassandrab4009.jpg,231551,eccc4f33,\Gallery68\02 - Cassandrab\Set  04 - 2008-09-12\,{Shemale Yum Dvd03~29~1~02 - Cassandrab - Set 04 - 2008 - 09 - 12}
cassandrab4010.jpg,271660,7daa0cc4,\Gallery68\02 - Cassandrab\Set  04 - 2008-09-12\,{Shemale Yum Dvd03~29~1~02 - Cassandrab - Set 04 - 2008 - 09 - 12}
cassandrab4011.jpg,258436,491b5683,\Gallery68\02 - Cassandrab\Set  04 - 2008-09-12\,{Shemale Yum Dvd03~29~1~02 - Cassandrab - Set 04 - 2008 - 09 - 12}
cassandrab4012.jpg,267590,34d0e8eb,\Gallery68\02 - Cassandrab\Set  04 - 2008-09-12\,{Shemale Yum Dvd03~29~1~02 - Cassandrab - Set 04 - 2008 - 09 - 12}
cassandrab4013.jpg,247256,9872ed66,\Gallery68\02 - Cassandrab\Set  04 - 2008-09-12\,{Shemale Yum Dvd03~29~1~02 - Cassandrab - Set 04 - 2008 - 09 - 12}
cassandrab4014.jpg,268558,d18c4578,\Gallery68\02 - Cassandrab\Set  04 - 2008-09-12\,{Shemale Yum Dvd03~29~1~02 - Cassandrab - Set 04 - 2008 - 09 - 12}
cassandrab4015.jpg,271664,45834c6e,\Gallery68\02 - Cassandrab\Set  04 - 2008-09-12\,{Shemale Yum Dvd03~29~1~02 - Cassandrab - Set 04 - 2008 - 09 - 12}
cassandrab4016.jpg,292249,8b91a349,\Gallery68\02 - Cassandrab\Set  04 - 2008-09-12\,{Shemale Yum Dvd03~29~1~02 - Cassandrab - Set 04 - 2008 - 09 - 12}
cassandrab4017.jpg,256070,d96e641c,\Gallery68\02 - Cassandrab\Set  04 - 2008-09-12\,{Shemale Yum Dvd03~29~1~02 - Cassandrab - Set 04 - 2008 - 09 - 12}
cassandrab4018.jpg,262000,540f39bf,\Gallery68\02 - Cassandrab\Set  04 - 2008-09-12\,{Shemale Yum Dvd03~29~1~02 - Cassandrab - Set 04 - 2008 - 09 - 12}
cassandrab4019.jpg,262556,9d0aa176,\Gallery68\02 - Cassandrab\Set  04 - 2008-09-12\,{Shemale Yum Dvd03~29~1~02 - Cassandrab - Set 04 - 2008 - 09 - 12}
cassandrab4020.jpg,271727,11c015ae,\Gallery68\02 - Cassandrab\Set  04 - 2008-09-12\,{Shemale Yum Dvd03~29~1~02 - Cassandrab - Set 04 - 2008 - 09 - 12}
cassandrab4021.jpg,258671,9c490d08,\Gallery68\02 - Cassandrab\Set  04 - 2008-09-12\,{Shemale Yum Dvd03~29~1~02 - Cassandrab - Set 04 - 2008 - 09 - 12}
cassandrab4022.jpg,254550,118b31d7,\Gallery68\02 - Cassandrab\Set  04 - 2008-09-12\,{Shemale Yum Dvd03~29~1~02 - Cassandrab - Set 04 - 2008 - 09 - 12}
cassandrab4023.jpg,275311,f7b7bf26,\Gallery68\02 - Cassandrab\Set  04 - 2008-09-12\,{Shemale Yum Dvd03~29~1~02 - Cassandrab - Set 04 - 2008 - 09 - 12}
cassandrab4024.jpg,286559,efcec1e8,\Gallery68\02 - Cassandrab\Set  04 - 2008-09-12\,{Shemale Yum Dvd03~29~1~02 - Cassandrab - Set 04 - 2008 - 09 - 12}
cassandrab4025.jpg,282351,e6e0e7be,\Gallery68\02 - Cassandrab\Set  04 - 2008-09-12\,{Shemale Yum Dvd03~29~1~02 - Cassandrab - Set 04 - 2008 - 09 - 12}
cassandrab4026.jpg,277136,b917772d,\Gallery68\02 - Cassandrab\Set  04 - 2008-09-12\,{Shemale Yum Dvd03~29~1~02 - Cassandrab - Set 04 - 2008 - 09 - 12}
cassandrab4027.jpg,260313,aeb60fd8,\Gallery68\02 - Cassandrab\Set  04 - 2008-09-12\,{Shemale Yum Dvd03~29~1~02 - Cassandrab - Set 04 - 2008 - 09 - 12}
cassandrab4028.jpg,284708,80d7d8df,\Gallery68\02 - Cassandrab\Set  04 - 2008-09-12\,{Shemale Yum Dvd03~29~1~02 - Cassandrab - Set 04 - 2008 - 09 - 12}
cassandrab4029.jpg,284060,0900d9ef,\Gallery68\02 - Cassandrab\Set  04 - 2008-09-12\,{Shemale Yum Dvd03~29~1~02 - Cassandrab - Set 04 - 2008 - 09 - 12}
cassandrab4030.jpg,279204,1e350345,\Gallery68\02 - Cassandrab\Set  04 - 2008-09-12\,{Shemale Yum Dvd03~29~1~02 - Cassandrab - Set 04 - 2008 - 09 - 12}
cassandrab4031.jpg,271489,ab33c297,\Gallery68\02 - Cassandrab\Set  04 - 2008-09-12\,{Shemale Yum Dvd03~29~1~02 - Cassandrab - Set 04 - 2008 - 09 - 12}
cassandrab4032.jpg,277641,db726a60,\Gallery68\02 - Cassandrab\Set  04 - 2008-09-12\,{Shemale Yum Dvd03~29~1~02 - Cassandrab - Set 04 - 2008 - 09 - 12}
cassandrab4033.jpg,279506,b04f37d3,\Gallery68\02 - Cassandrab\Set  04 - 2008-09-12\,{Shemale Yum Dvd03~29~1~02 - Cassandrab - Set 04 - 2008 - 09 - 12}
cassandrab4034.jpg,261833,b78dc950,\Gallery68\02 - Cassandrab\Set  04 - 2008-09-12\,{Shemale Yum Dvd03~29~1~02 - Cassandrab - Set 04 - 2008 - 09 - 12}
cassandrab4035.jpg,285881,32150038,\Gallery68\02 - Cassandrab\Set  04 - 2008-09-12\,{Shemale Yum Dvd03~29~1~02 - Cassandrab - Set 04 - 2008 - 09 - 12}
cassandrab4036.jpg,272696,9e8e4224,\Gallery68\02 - Cassandrab\Set  04 - 2008-09-12\,{Shemale Yum Dvd03~29~1~02 - Cassandrab - Set 04 - 2008 - 09 - 12}
cassandrab4037.jpg,240617,f82791c0,\Gallery68\02 - Cassandrab\Set  04 - 2008-09-12\,{Shemale Yum Dvd03~29~1~02 - Cassandrab - Set 04 - 2008 - 09 - 12}
cassandrab4038.jpg,238845,7294b34c,\Gallery68\02 - Cassandrab\Set  04 - 2008-09-12\,{Shemale Yum Dvd03~29~1~02 - Cassandrab - Set 04 - 2008 - 09 - 12}
cassandrab4039.jpg,255424,e05ee3d9,\Gallery68\02 - Cassandrab\Set  04 - 2008-09-12\,{Shemale Yum Dvd03~29~1~02 - Cassandrab - Set 04 - 2008 - 09 - 12}
cassandrab4040.jpg,253550,4552824c,\Gallery68\02 - Cassandrab\Set  04 - 2008-09-12\,{Shemale Yum Dvd03~29~1~02 - Cassandrab - Set 04 - 2008 - 09 - 12}
cassandrab4041.jpg,255816,1ed62471,\Gallery68\02 - Cassandrab\Set  04 - 2008-09-12\,{Shemale Yum Dvd03~29~1~02 - Cassandrab - Set 04 - 2008 - 09 - 12}
cassandrab4042.jpg,244048,dfbf200d,\Gallery68\02 - Cassandrab\Set  04 - 2008-09-12\,{Shemale Yum Dvd03~29~1~02 - Cassandrab - Set 04 - 2008 - 09 - 12}
cassandrab4043.jpg,241044,ff1e9ab0,\Gallery68\02 - Cassandrab\Set  04 - 2008-09-12\,{Shemale Yum Dvd03~29~1~02 - Cassandrab - Set 04 - 2008 - 09 - 12}
cassandrab4044.jpg,262010,e3a45ce2,\Gallery68\02 - Cassandrab\Set  04 - 2008-09-12\,{Shemale Yum Dvd03~29~1~02 - Cassandrab - Set 04 - 2008 - 09 - 12}
cassandrab4045.jpg,256855,a1ec3667,\Gallery68\02 - Cassandrab\Set  04 - 2008-09-12\,{Shemale Yum Dvd03~29~1~02 - Cassandrab - Set 04 - 2008 - 09 - 12}
cassandrab4046.jpg,259961,9194f04b,\Gallery68\02 - Cassandrab\Set  04 - 2008-09-12\,{Shemale Yum Dvd03~29~1~02 - Cassandrab - Set 04 - 2008 - 09 - 12}
cassandrab4047.jpg,266520,c16beb87,\Gallery68\02 - Cassandrab\Set  04 - 2008-09-12\,{Shemale Yum Dvd03~29~1~02 - Cassandrab - Set 04 - 2008 - 09 - 12}
cassandrab4048.jpg,275648,e62160c2,\Gallery68\02 - Cassandrab\Set  04 - 2008-09-12\,{Shemale Yum Dvd03~29~1~02 - Cassandrab - Set 04 - 2008 - 09 - 12}
cassandrab4049.jpg,281293,2f8101c3,\Gallery68\02 - Cassandrab\Set  04 - 2008-09-12\,{Shemale Yum Dvd03~29~1~02 - Cassandrab - Set 04 - 2008 - 09 - 12}
cassandrab4050.jpg,333449,f69d4a6b,\Gallery68\02 - Cassandrab\Set  04 - 2008-09-12\,{Shemale Yum Dvd03~29~1~02 - Cassandrab - Set 04 - 2008 - 09 - 12}
cassandrab4051.jpg,341438,2bde45a1,\Gallery68\02 - Cassandrab\Set  04 - 2008-09-12\,{Shemale Yum Dvd03~29~1~02 - Cassandrab - Set 04 - 2008 - 09 - 12}
cassandrab4052.jpg,328201,ba677444,\Gallery68\02 - Cassandrab\Set  04 - 2008-09-12\,{Shemale Yum Dvd03~29~1~02 - Cassandrab - Set 04 - 2008 - 09 - 12}
cassandrab4053.jpg,338449,580be101,\Gallery68\02 - Cassandrab\Set  04 - 2008-09-12\,{Shemale Yum Dvd03~29~1~02 - Cassandrab - Set 04 - 2008 - 09 - 12}
cassandrab4054.jpg,265713,904bf9fb,\Gallery68\02 - Cassandrab\Set  04 - 2008-09-12\,{Shemale Yum Dvd03~29~1~02 - Cassandrab - Set 04 - 2008 - 09 - 12}
cassandrab4055.jpg,246313,042527ad,\Gallery68\02 - Cassandrab\Set  04 - 2008-09-12\,{Shemale Yum Dvd03~29~1~02 - Cassandrab - Set 04 - 2008 - 09 - 12}
cassandrab4056.jpg,262427,85a0fa07,\Gallery68\02 - Cassandrab\Set  04 - 2008-09-12\,{Shemale Yum Dvd03~29~1~02 - Cassandrab - Set 04 - 2008 - 09 - 12}
cassandrab4057.jpg,282174,134618dd,\Gallery68\02 - Cassandrab\Set  04 - 2008-09-12\,{Shemale Yum Dvd03~29~1~02 - Cassandrab - Set 04 - 2008 - 09 - 12}
cassandrab4058.jpg,266745,d149a7fd,\Gallery68\02 - Cassandrab\Set  04 - 2008-09-12\,{Shemale Yum Dvd03~29~1~02 - Cassandrab - Set 04 - 2008 - 09 - 12}
cassandrab4059.jpg,301660,e6af1d77,\Gallery68\02 - Cassandrab\Set  04 - 2008-09-12\,{Shemale Yum Dvd03~29~1~02 - Cassandrab - Set 04 - 2008 - 09 - 12}
cassandrab4060.jpg,304126,fcc778a6,\Gallery68\02 - Cassandrab\Set  04 - 2008-09-12\,{Shemale Yum Dvd03~29~1~02 - Cassandrab - Set 04 - 2008 - 09 - 12}
cassandrab4061.jpg,255694,7ab9a15c,\Gallery68\02 - Cassandrab\Set  04 - 2008-09-12\,{Shemale Yum Dvd03~29~1~02 - Cassandrab - Set 04 - 2008 - 09 - 12}
cassandrab4062.jpg,278685,a27bf215,\Gallery68\02 - Cassandrab\Set  04 - 2008-09-12\,{Shemale Yum Dvd03~29~1~02 - Cassandrab - Set 04 - 2008 - 09 - 12}
cassandrab4063.jpg,264877,36b64494,\Gallery68\02 - Cassandrab\Set  04 - 2008-09-12\,{Shemale Yum Dvd03~29~1~02 - Cassandrab - Set 04 - 2008 - 09 - 12}
cassandrab4064.jpg,252074,d2ded68d,\Gallery68\02 - Cassandrab\Set  04 - 2008-09-12\,{Shemale Yum Dvd03~29~1~02 - Cassandrab - Set 04 - 2008 - 09 - 12}
cassandrab4065.jpg,246801,4a377be8,\Gallery68\02 - Cassandrab\Set  04 - 2008-09-12\,{Shemale Yum Dvd03~29~1~02 - Cassandrab - Set 04 - 2008 - 09 - 12}
cassandrab4066.jpg,223229,0fbc27d8,\Gallery68\02 - Cassandrab\Set  04 - 2008-09-12\,{Shemale Yum Dvd03~29~1~02 - Cassandrab - Set 04 - 2008 - 09 - 12}
cassandrab4067.jpg,254701,6e1db429,\Gallery68\02 - Cassandrab\Set  04 - 2008-09-12\,{Shemale Yum Dvd03~29~1~02 - Cassandrab - Set 04 - 2008 - 09 - 12}
cassandrab4068.jpg,224011,332e578f,\Gallery68\02 - Cassandrab\Set  04 - 2008-09-12\,{Shemale Yum Dvd03~29~1~02 - Cassandrab - Set 04 - 2008 - 09 - 12}
cassandrab4069.jpg,221123,923c6528,\Gallery68\02 - Cassandrab\Set  04 - 2008-09-12\,{Shemale Yum Dvd03~29~1~02 - Cassandrab - Set 04 - 2008 - 09 - 12}
cassandrab4070.jpg,293579,bfd8090b,\Gallery68\02 - Cassandrab\Set  04 - 2008-09-12\,{Shemale Yum Dvd03~29~1~02 - Cassandrab - Set 04 - 2008 - 09 - 12}
cassandrab4071.jpg,226670,539d0b2f,\Gallery68\02 - Cassandrab\Set  04 - 2008-09-12\,{Shemale Yum Dvd03~29~1~02 - Cassandrab - Set 04 - 2008 - 09 - 12}
cassandrab4072.jpg,220981,08dfff3d,\Gallery68\02 - Cassandrab\Set  04 - 2008-09-12\,{Shemale Yum Dvd03~29~1~02 - Cassandrab - Set 04 - 2008 - 09 - 12}
cassandrab4073.jpg,247704,c2594beb,\Gallery68\02 - Cassandrab\Set  04 - 2008-09-12\,{Shemale Yum Dvd03~29~1~02 - Cassandrab - Set 04 - 2008 - 09 - 12}
cassandrab4074.jpg,230479,602bc312,\Gallery68\02 - Cassandrab\Set  04 - 2008-09-12\,{Shemale Yum Dvd03~29~1~02 - Cassandrab - Set 04 - 2008 - 09 - 12}
cassandrab4075.jpg,242781,8e6fbdc4,\Gallery68\02 - Cassandrab\Set  04 - 2008-09-12\,{Shemale Yum Dvd03~29~1~02 - Cassandrab - Set 04 - 2008 - 09 - 12}
cassandrab4076.jpg,251602,90a93e43,\Gallery68\02 - Cassandrab\Set  04 - 2008-09-12\,{Shemale Yum Dvd03~29~1~02 - Cassandrab - Set 04 - 2008 - 09 - 12}
cassandrab4077.jpg,281622,f6865cdd,\Gallery68\02 - Cassandrab\Set  04 - 2008-09-12\,{Shemale Yum Dvd03~29~1~02 - Cassandrab - Set 04 - 2008 - 09 - 12}
cassandrab4078.jpg,288137,ae66272b,\Gallery68\02 - Cassandrab\Set  04 - 2008-09-12\,{Shemale Yum Dvd03~29~1~02 - Cassandrab - Set 04 - 2008 - 09 - 12}
cassandrab4079.jpg,279170,3a0cff4b,\Gallery68\02 - Cassandrab\Set  04 - 2008-09-12\,{Shemale Yum Dvd03~29~1~02 - Cassandrab - Set 04 - 2008 - 09 - 12}
cassandrab4080.jpg,243524,75bc1c2a,\Gallery68\02 - Cassandrab\Set  04 - 2008-09-12\,{Shemale Yum Dvd03~29~1~02 - Cassandrab - Set 04 - 2008 - 09 - 12}
cassandrab4081.jpg,247379,fd793427,\Gallery68\02 - Cassandrab\Set  04 - 2008-09-12\,{Shemale Yum Dvd03~29~1~02 - Cassandrab - Set 04 - 2008 - 09 - 12}
cassandrab4082.jpg,257228,f81a3acb,\Gallery68\02 - Cassandrab\Set  04 - 2008-09-12\,{Shemale Yum Dvd03~29~1~02 - Cassandrab - Set 04 - 2008 - 09 - 12}
cassandrab4083.jpg,250605,efc8fbf9,\Gallery68\02 - Cassandrab\Set  04 - 2008-09-12\,{Shemale Yum Dvd03~29~1~02 - Cassandrab - Set 04 - 2008 - 09 - 12}
cassandrab4084.jpg,259538,7b9f4209,\Gallery68\02 - Cassandrab\Set  04 - 2008-09-12\,{Shemale Yum Dvd03~29~1~02 - Cassandrab - Set 04 - 2008 - 09 - 12}
cassandrab4085.jpg,269486,eb886936,\Gallery68\02 - Cassandrab\Set  04 - 2008-09-12\,{Shemale Yum Dvd03~29~1~02 - Cassandrab - Set 04 - 2008 - 09 - 12}
cassandrab4086.jpg,256234,91b7395f,\Gallery68\02 - Cassandrab\Set  04 - 2008-09-12\,{Shemale Yum Dvd03~29~1~02 - Cassandrab - Set 04 - 2008 - 09 - 12}
cassandrab4087.jpg,272749,e39ddef3,\Gallery68\02 - Cassandrab\Set  04 - 2008-09-12\,{Shemale Yum Dvd03~29~1~02 - Cassandrab - Set 04 - 2008 - 09 - 12}
cassandrab4088.jpg,271170,d27f2333,\Gallery68\02 - Cassandrab\Set  04 - 2008-09-12\,{Shemale Yum Dvd03~29~1~02 - Cassandrab - Set 04 - 2008 - 09 - 12}
cassandrab4089.jpg,268448,e110465c,\Gallery68\02 - Cassandrab\Set  04 - 2008-09-12\,{Shemale Yum Dvd03~29~1~02 - Cassandrab - Set 04 - 2008 - 09 - 12}
cassandrab4090.jpg,266313,92c81380,\Gallery68\02 - Cassandrab\Set  04 - 2008-09-12\,{Shemale Yum Dvd03~29~1~02 - Cassandrab - Set 04 - 2008 - 09 - 12}
cassandrab4091.jpg,292383,f6d9f1b8,\Gallery68\02 - Cassandrab\Set  04 - 2008-09-12\,{Shemale Yum Dvd03~29~1~02 - Cassandrab - Set 04 - 2008 - 09 - 12}
cassandrab4092.jpg,232756,d87b2e86,\Gallery68\02 - Cassandrab\Set  04 - 2008-09-12\,{Shemale Yum Dvd03~29~1~02 - Cassandrab - Set 04 - 2008 - 09 - 12}
cassandrab4093.jpg,292395,a0e2fd46,\Gallery68\02 - Cassandrab\Set  04 - 2008-09-12\,{Shemale Yum Dvd03~29~1~02 - Cassandrab - Set 04 - 2008 - 09 - 12}
cassandrab4094.jpg,289019,d38b4498,\Gallery68\02 - Cassandrab\Set  04 - 2008-09-12\,{Shemale Yum Dvd03~29~1~02 - Cassandrab - Set 04 - 2008 - 09 - 12}
cassandrab4095.jpg,245691,26fa669e,\Gallery68\02 - Cassandrab\Set  04 - 2008-09-12\,{Shemale Yum Dvd03~29~1~02 - Cassandrab - Set 04 - 2008 - 09 - 12}
cassandrab4096.jpg,235210,b9d75a1b,\Gallery68\02 - Cassandrab\Set  04 - 2008-09-12\,{Shemale Yum Dvd03~29~1~02 - Cassandrab - Set 04 - 2008 - 09 - 12}
cassandrab4097.jpg,253057,f0dfd231,\Gallery68\02 - Cassandrab\Set  04 - 2008-09-12\,{Shemale Yum Dvd03~29~1~02 - Cassandrab - Set 04 - 2008 - 09 - 12}
cassandrab4098.jpg,231440,016f6bc0,\Gallery68\02 - Cassandrab\Set  04 - 2008-09-12\,{Shemale Yum Dvd03~29~1~02 - Cassandrab - Set 04 - 2008 - 09 - 12}
kitta7001.jpg,268586,2d46b88b,\Gallery73\08 - Kitta\Set 07 - 2008-08-29\,{Shemale Yum Dvd03~30~1~08 - Kitta - Set 07 - 2008 - 08 - 29}
kitta7002.jpg,320230,fee0e852,\Gallery73\08 - Kitta\Set 07 - 2008-08-29\,{Shemale Yum Dvd03~30~1~08 - Kitta - Set 07 - 2008 - 08 - 29}
kitta7003.jpg,277614,26acc277,\Gallery73\08 - Kitta\Set 07 - 2008-08-29\,{Shemale Yum Dvd03~30~1~08 - Kitta - Set 07 - 2008 - 08 - 29}
kitta7004.jpg,304243,872f0a42,\Gallery73\08 - Kitta\Set 07 - 2008-08-29\,{Shemale Yum Dvd03~30~1~08 - Kitta - Set 07 - 2008 - 08 - 29}
kitta7005.jpg,287787,562899f2,\Gallery73\08 - Kitta\Set 07 - 2008-08-29\,{Shemale Yum Dvd03~30~1~08 - Kitta - Set 07 - 2008 - 08 - 29}
kitta7006.jpg,289016,d65d14ee,\Gallery73\08 - Kitta\Set 07 - 2008-08-29\,{Shemale Yum Dvd03~30~1~08 - Kitta - Set 07 - 2008 - 08 - 29}
kitta7007.jpg,281008,d2850fd7,\Gallery73\08 - Kitta\Set 07 - 2008-08-29\,{Shemale Yum Dvd03~30~1~08 - Kitta - Set 07 - 2008 - 08 - 29}
kitta7008.jpg,270526,faf33da1,\Gallery73\08 - Kitta\Set 07 - 2008-08-29\,{Shemale Yum Dvd03~30~1~08 - Kitta - Set 07 - 2008 - 08 - 29}
kitta7009.jpg,253824,355ac63b,\Gallery73\08 - Kitta\Set 07 - 2008-08-29\,{Shemale Yum Dvd03~30~1~08 - Kitta - Set 07 - 2008 - 08 - 29}
kitta7010.jpg,297663,5ffdcbec,\Gallery73\08 - Kitta\Set 07 - 2008-08-29\,{Shemale Yum Dvd03~30~1~08 - Kitta - Set 07 - 2008 - 08 - 29}
kitta7011.jpg,276743,9862d161,\Gallery73\08 - Kitta\Set 07 - 2008-08-29\,{Shemale Yum Dvd03~30~1~08 - Kitta - Set 07 - 2008 - 08 - 29}
kitta7012.jpg,303823,9585e3fe,\Gallery73\08 - Kitta\Set 07 - 2008-08-29\,{Shemale Yum Dvd03~30~1~08 - Kitta - Set 07 - 2008 - 08 - 29}
kitta7013.jpg,294005,22c05e82,\Gallery73\08 - Kitta\Set 07 - 2008-08-29\,{Shemale Yum Dvd03~30~1~08 - Kitta - Set 07 - 2008 - 08 - 29}
kitta7014.jpg,263912,02c64675,\Gallery73\08 - Kitta\Set 07 - 2008-08-29\,{Shemale Yum Dvd03~30~1~08 - Kitta - Set 07 - 2008 - 08 - 29}
kitta7015.jpg,298602,b9cb9966,\Gallery73\08 - Kitta\Set 07 - 2008-08-29\,{Shemale Yum Dvd03~30~1~08 - Kitta - Set 07 - 2008 - 08 - 29}
kitta7016.jpg,306708,1f885475,\Gallery73\08 - Kitta\Set 07 - 2008-08-29\,{Shemale Yum Dvd03~30~1~08 - Kitta - Set 07 - 2008 - 08 - 29}
kitta7017.jpg,261275,5eb42a03,\Gallery73\08 - Kitta\Set 07 - 2008-08-29\,{Shemale Yum Dvd03~30~1~08 - Kitta - Set 07 - 2008 - 08 - 29}
kitta7018.jpg,300488,c6ce6174,\Gallery73\08 - Kitta\Set 07 - 2008-08-29\,{Shemale Yum Dvd03~30~1~08 - Kitta - Set 07 - 2008 - 08 - 29}
kitta7019.jpg,326470,5899bc40,\Gallery73\08 - Kitta\Set 07 - 2008-08-29\,{Shemale Yum Dvd03~30~1~08 - Kitta - Set 07 - 2008 - 08 - 29}
kitta7020.jpg,315035,eb82238c,\Gallery73\08 - Kitta\Set 07 - 2008-08-29\,{Shemale Yum Dvd03~30~1~08 - Kitta - Set 07 - 2008 - 08 - 29}
kitta7021.jpg,307729,249acd84,\Gallery73\08 - Kitta\Set 07 - 2008-08-29\,{Shemale Yum Dvd03~30~1~08 - Kitta - Set 07 - 2008 - 08 - 29}
kitta7022.jpg,300859,75ebd2a5,\Gallery73\08 - Kitta\Set 07 - 2008-08-29\,{Shemale Yum Dvd03~30~1~08 - Kitta - Set 07 - 2008 - 08 - 29}
kitta7023.jpg,314277,80c4acb5,\Gallery73\08 - Kitta\Set 07 - 2008-08-29\,{Shemale Yum Dvd03~30~1~08 - Kitta - Set 07 - 2008 - 08 - 29}
kitta7024.jpg,298320,68250b7d,\Gallery73\08 - Kitta\Set 07 - 2008-08-29\,{Shemale Yum Dvd03~30~1~08 - Kitta - Set 07 - 2008 - 08 - 29}
kitta7025.jpg,257783,acc42cf8,\Gallery73\08 - Kitta\Set 07 - 2008-08-29\,{Shemale Yum Dvd03~30~1~08 - Kitta - Set 07 - 2008 - 08 - 29}
kitta7026.jpg,293095,87ff4617,\Gallery73\08 - Kitta\Set 07 - 2008-08-29\,{Shemale Yum Dvd03~30~1~08 - Kitta - Set 07 - 2008 - 08 - 29}
kitta7027.jpg,316183,3f2c4ab1,\Gallery73\08 - Kitta\Set 07 - 2008-08-29\,{Shemale Yum Dvd03~30~1~08 - Kitta - Set 07 - 2008 - 08 - 29}
kitta7028.jpg,319598,724108ca,\Gallery73\08 - Kitta\Set 07 - 2008-08-29\,{Shemale Yum Dvd03~30~1~08 - Kitta - Set 07 - 2008 - 08 - 29}
kitta7029.jpg,282013,98d52b82,\Gallery73\08 - Kitta\Set 07 - 2008-08-29\,{Shemale Yum Dvd03~30~1~08 - Kitta - Set 07 - 2008 - 08 - 29}
kitta7030.jpg,284228,bd0740e5,\Gallery73\08 - Kitta\Set 07 - 2008-08-29\,{Shemale Yum Dvd03~30~1~08 - Kitta - Set 07 - 2008 - 08 - 29}
kitta7031.jpg,282389,4dae1eb9,\Gallery73\08 - Kitta\Set 07 - 2008-08-29\,{Shemale Yum Dvd03~30~1~08 - Kitta - Set 07 - 2008 - 08 - 29}
kitta7032.jpg,250106,96b6a834,\Gallery73\08 - Kitta\Set 07 - 2008-08-29\,{Shemale Yum Dvd03~30~1~08 - Kitta - Set 07 - 2008 - 08 - 29}
kitta7033.jpg,261436,978f751b,\Gallery73\08 - Kitta\Set 07 - 2008-08-29\,{Shemale Yum Dvd03~30~1~08 - Kitta - Set 07 - 2008 - 08 - 29}
kitta7034.jpg,252744,f6e9944c,\Gallery73\08 - Kitta\Set 07 - 2008-08-29\,{Shemale Yum Dvd03~30~1~08 - Kitta - Set 07 - 2008 - 08 - 29}
kitta7035.jpg,254988,6e1a6250,\Gallery73\08 - Kitta\Set 07 - 2008-08-29\,{Shemale Yum Dvd03~30~1~08 - Kitta - Set 07 - 2008 - 08 - 29}
kitta7036.jpg,232150,d112573d,\Gallery73\08 - Kitta\Set 07 - 2008-08-29\,{Shemale Yum Dvd03~30~1~08 - Kitta - Set 07 - 2008 - 08 - 29}
kitta7037.jpg,243622,b6574be2,\Gallery73\08 - Kitta\Set 07 - 2008-08-29\,{Shemale Yum Dvd03~30~1~08 - Kitta - Set 07 - 2008 - 08 - 29}
kitta7038.jpg,262607,7bf4ed05,\Gallery73\08 - Kitta\Set 07 - 2008-08-29\,{Shemale Yum Dvd03~30~1~08 - Kitta - Set 07 - 2008 - 08 - 29}
kitta7039.jpg,264357,0deb5070,\Gallery73\08 - Kitta\Set 07 - 2008-08-29\,{Shemale Yum Dvd03~30~1~08 - Kitta - Set 07 - 2008 - 08 - 29}
kitta7040.jpg,290723,e5148df6,\Gallery73\08 - Kitta\Set 07 - 2008-08-29\,{Shemale Yum Dvd03~30~1~08 - Kitta - Set 07 - 2008 - 08 - 29}
kitta7041.jpg,262601,27bd90c1,\Gallery73\08 - Kitta\Set 07 - 2008-08-29\,{Shemale Yum Dvd03~30~1~08 - Kitta - Set 07 - 2008 - 08 - 29}
kitta7042.jpg,256398,86c5c3fb,\Gallery73\08 - Kitta\Set 07 - 2008-08-29\,{Shemale Yum Dvd03~30~1~08 - Kitta - Set 07 - 2008 - 08 - 29}
kitta7043.jpg,252480,f99d93e6,\Gallery73\08 - Kitta\Set 07 - 2008-08-29\,{Shemale Yum Dvd03~30~1~08 - Kitta - Set 07 - 2008 - 08 - 29}
kitta7044.jpg,346079,e4885d6b,\Gallery73\08 - Kitta\Set 07 - 2008-08-29\,{Shemale Yum Dvd03~30~1~08 - Kitta - Set 07 - 2008 - 08 - 29}
kitta7045.jpg,290046,095f7adf,\Gallery73\08 - Kitta\Set 07 - 2008-08-29\,{Shemale Yum Dvd03~30~1~08 - Kitta - Set 07 - 2008 - 08 - 29}
kitta7046.jpg,290201,7df1401a,\Gallery73\08 - Kitta\Set 07 - 2008-08-29\,{Shemale Yum Dvd03~30~1~08 - Kitta - Set 07 - 2008 - 08 - 29}
kitta7047.jpg,319242,563774c0,\Gallery73\08 - Kitta\Set 07 - 2008-08-29\,{Shemale Yum Dvd03~30~1~08 - Kitta - Set 07 - 2008 - 08 - 29}
kitta7048.jpg,298620,b4813e2f,\Gallery73\08 - Kitta\Set 07 - 2008-08-29\,{Shemale Yum Dvd03~30~1~08 - Kitta - Set 07 - 2008 - 08 - 29}
kitta7049.jpg,315536,45be231a,\Gallery73\08 - Kitta\Set 07 - 2008-08-29\,{Shemale Yum Dvd03~30~1~08 - Kitta - Set 07 - 2008 - 08 - 29}
kitta7050.jpg,266579,c3334b41,\Gallery73\08 - Kitta\Set 07 - 2008-08-29\,{Shemale Yum Dvd03~30~1~08 - Kitta - Set 07 - 2008 - 08 - 29}
kitta7051.jpg,270421,03d8a7fe,\Gallery73\08 - Kitta\Set 07 - 2008-08-29\,{Shemale Yum Dvd03~30~1~08 - Kitta - Set 07 - 2008 - 08 - 29}
kitta7052.jpg,253620,97bf98a7,\Gallery73\08 - Kitta\Set 07 - 2008-08-29\,{Shemale Yum Dvd03~30~1~08 - Kitta - Set 07 - 2008 - 08 - 29}
kitta7053.jpg,255102,d5621586,\Gallery73\08 - Kitta\Set 07 - 2008-08-29\,{Shemale Yum Dvd03~30~1~08 - Kitta - Set 07 - 2008 - 08 - 29}
kitta7054.jpg,239783,ec29ef35,\Gallery73\08 - Kitta\Set 07 - 2008-08-29\,{Shemale Yum Dvd03~30~1~08 - Kitta - Set 07 - 2008 - 08 - 29}
kitta7055.jpg,267802,9d9b013a,\Gallery73\08 - Kitta\Set 07 - 2008-08-29\,{Shemale Yum Dvd03~30~1~08 - Kitta - Set 07 - 2008 - 08 - 29}
kitta7056.jpg,229414,87348616,\Gallery73\08 - Kitta\Set 07 - 2008-08-29\,{Shemale Yum Dvd03~30~1~08 - Kitta - Set 07 - 2008 - 08 - 29}
kitta7057.jpg,280463,c5821798,\Gallery73\08 - Kitta\Set 07 - 2008-08-29\,{Shemale Yum Dvd03~30~1~08 - Kitta - Set 07 - 2008 - 08 - 29}
kitta7058.jpg,255065,b7e056d8,\Gallery73\08 - Kitta\Set 07 - 2008-08-29\,{Shemale Yum Dvd03~30~1~08 - Kitta - Set 07 - 2008 - 08 - 29}
kitta7059.jpg,220891,6b848910,\Gallery73\08 - Kitta\Set 07 - 2008-08-29\,{Shemale Yum Dvd03~30~1~08 - Kitta - Set 07 - 2008 - 08 - 29}
kitta7060.jpg,272661,6a1424d9,\Gallery73\08 - Kitta\Set 07 - 2008-08-29\,{Shemale Yum Dvd03~30~1~08 - Kitta - Set 07 - 2008 - 08 - 29}
kitta7061.jpg,282918,cebaed9b,\Gallery73\08 - Kitta\Set 07 - 2008-08-29\,{Shemale Yum Dvd03~30~1~08 - Kitta - Set 07 - 2008 - 08 - 29}
kitta7062.jpg,294143,7adae4b0,\Gallery73\08 - Kitta\Set 07 - 2008-08-29\,{Shemale Yum Dvd03~30~1~08 - Kitta - Set 07 - 2008 - 08 - 29}
kitta7063.jpg,262273,c3d325f9,\Gallery73\08 - Kitta\Set 07 - 2008-08-29\,{Shemale Yum Dvd03~30~1~08 - Kitta - Set 07 - 2008 - 08 - 29}
kitta7064.jpg,271630,77a3990d,\Gallery73\08 - Kitta\Set 07 - 2008-08-29\,{Shemale Yum Dvd03~30~1~08 - Kitta - Set 07 - 2008 - 08 - 29}
kitta7065.jpg,291053,bc6a86c5,\Gallery73\08 - Kitta\Set 07 - 2008-08-29\,{Shemale Yum Dvd03~30~1~08 - Kitta - Set 07 - 2008 - 08 - 29}
kitta7066.jpg,270252,0134343f,\Gallery73\08 - Kitta\Set 07 - 2008-08-29\,{Shemale Yum Dvd03~30~1~08 - Kitta - Set 07 - 2008 - 08 - 29}
kitta7067.jpg,305219,fd1b4248,\Gallery73\08 - Kitta\Set 07 - 2008-08-29\,{Shemale Yum Dvd03~30~1~08 - Kitta - Set 07 - 2008 - 08 - 29}
kitta7068.jpg,250405,674f4c8c,\Gallery73\08 - Kitta\Set 07 - 2008-08-29\,{Shemale Yum Dvd03~30~1~08 - Kitta - Set 07 - 2008 - 08 - 29}
kitta7069.jpg,336368,efd598c5,\Gallery73\08 - Kitta\Set 07 - 2008-08-29\,{Shemale Yum Dvd03~30~1~08 - Kitta - Set 07 - 2008 - 08 - 29}
kitta7070.jpg,285847,84ca946a,\Gallery73\08 - Kitta\Set 07 - 2008-08-29\,{Shemale Yum Dvd03~30~1~08 - Kitta - Set 07 - 2008 - 08 - 29}
kitta7071.jpg,339622,c2013004,\Gallery73\08 - Kitta\Set 07 - 2008-08-29\,{Shemale Yum Dvd03~30~1~08 - Kitta - Set 07 - 2008 - 08 - 29}
kitta7072.jpg,342587,edc2e05c,\Gallery73\08 - Kitta\Set 07 - 2008-08-29\,{Shemale Yum Dvd03~30~1~08 - Kitta - Set 07 - 2008 - 08 - 29}
kitta7073.jpg,280634,8015fe97,\Gallery73\08 - Kitta\Set 07 - 2008-08-29\,{Shemale Yum Dvd03~30~1~08 - Kitta - Set 07 - 2008 - 08 - 29}
kitta7074.jpg,304574,fbd96aaf,\Gallery73\08 - Kitta\Set 07 - 2008-08-29\,{Shemale Yum Dvd03~30~1~08 - Kitta - Set 07 - 2008 - 08 - 29}
kitta7075.jpg,297842,25602c01,\Gallery73\08 - Kitta\Set 07 - 2008-08-29\,{Shemale Yum Dvd03~30~1~08 - Kitta - Set 07 - 2008 - 08 - 29}
kitta7076.jpg,298643,cb5600d0,\Gallery73\08 - Kitta\Set 07 - 2008-08-29\,{Shemale Yum Dvd03~30~1~08 - Kitta - Set 07 - 2008 - 08 - 29}
kitta7077.jpg,315510,4b54bab6,\Gallery73\08 - Kitta\Set 07 - 2008-08-29\,{Shemale Yum Dvd03~30~1~08 - Kitta - Set 07 - 2008 - 08 - 29}
kitta7078.jpg,349572,e6ba0978,\Gallery73\08 - Kitta\Set 07 - 2008-08-29\,{Shemale Yum Dvd03~30~1~08 - Kitta - Set 07 - 2008 - 08 - 29}
kitta7079.jpg,296038,267b4c08,\Gallery73\08 - Kitta\Set 07 - 2008-08-29\,{Shemale Yum Dvd03~30~1~08 - Kitta - Set 07 - 2008 - 08 - 29}
kitta7080.jpg,333720,988d2dfa,\Gallery73\08 - Kitta\Set 07 - 2008-08-29\,{Shemale Yum Dvd03~30~1~08 - Kitta - Set 07 - 2008 - 08 - 29}
kitta7081.jpg,225376,cc7ae16c,\Gallery73\08 - Kitta\Set 07 - 2008-08-29\,{Shemale Yum Dvd03~30~1~08 - Kitta - Set 07 - 2008 - 08 - 29}
kitta7082.jpg,216424,fc22447a,\Gallery73\08 - Kitta\Set 07 - 2008-08-29\,{Shemale Yum Dvd03~30~1~08 - Kitta - Set 07 - 2008 - 08 - 29}
kitta7083.jpg,250505,f277cf28,\Gallery73\08 - Kitta\Set 07 - 2008-08-29\,{Shemale Yum Dvd03~30~1~08 - Kitta - Set 07 - 2008 - 08 - 29}
kitta7084.jpg,228838,149ac675,\Gallery73\08 - Kitta\Set 07 - 2008-08-29\,{Shemale Yum Dvd03~30~1~08 - Kitta - Set 07 - 2008 - 08 - 29}
kitta7085.jpg,253091,f17349cf,\Gallery73\08 - Kitta\Set 07 - 2008-08-29\,{Shemale Yum Dvd03~30~1~08 - Kitta - Set 07 - 2008 - 08 - 29}
kitta7086.jpg,256656,b7498ae8,\Gallery73\08 - Kitta\Set 07 - 2008-08-29\,{Shemale Yum Dvd03~30~1~08 - Kitta - Set 07 - 2008 - 08 - 29}
kitta7087.jpg,252800,b09a164c,\Gallery73\08 - Kitta\Set 07 - 2008-08-29\,{Shemale Yum Dvd03~30~1~08 - Kitta - Set 07 - 2008 - 08 - 29}
kitta7088.jpg,262810,a75a45af,\Gallery73\08 - Kitta\Set 07 - 2008-08-29\,{Shemale Yum Dvd03~30~1~08 - Kitta - Set 07 - 2008 - 08 - 29}
kitta7089.jpg,271867,294b3572,\Gallery73\08 - Kitta\Set 07 - 2008-08-29\,{Shemale Yum Dvd03~30~1~08 - Kitta - Set 07 - 2008 - 08 - 29}
kitta7090.jpg,287443,41e8a51a,\Gallery73\08 - Kitta\Set 07 - 2008-08-29\,{Shemale Yum Dvd03~30~1~08 - Kitta - Set 07 - 2008 - 08 - 29}
kitta7091.jpg,285933,2d117607,\Gallery73\08 - Kitta\Set 07 - 2008-08-29\,{Shemale Yum Dvd03~30~1~08 - Kitta - Set 07 - 2008 - 08 - 29}
kitta7092.jpg,299284,d2188986,\Gallery73\08 - Kitta\Set 07 - 2008-08-29\,{Shemale Yum Dvd03~30~1~08 - Kitta - Set 07 - 2008 - 08 - 29}
kitta7093.jpg,292527,a54f4bca,\Gallery73\08 - Kitta\Set 07 - 2008-08-29\,{Shemale Yum Dvd03~30~1~08 - Kitta - Set 07 - 2008 - 08 - 29}
kitta7094.jpg,295742,a7cc2fe1,\Gallery73\08 - Kitta\Set 07 - 2008-08-29\,{Shemale Yum Dvd03~30~1~08 - Kitta - Set 07 - 2008 - 08 - 29}
kitta7095.jpg,294625,fb1cc3eb,\Gallery73\08 - Kitta\Set 07 - 2008-08-29\,{Shemale Yum Dvd03~30~1~08 - Kitta - Set 07 - 2008 - 08 - 29}
kitta7096.jpg,295216,a90479f5,\Gallery73\08 - Kitta\Set 07 - 2008-08-29\,{Shemale Yum Dvd03~30~1~08 - Kitta - Set 07 - 2008 - 08 - 29}
kitta7097.jpg,301196,f7608c3d,\Gallery73\08 - Kitta\Set 07 - 2008-08-29\,{Shemale Yum Dvd03~30~1~08 - Kitta - Set 07 - 2008 - 08 - 29}
kitta7098.jpg,267840,4ea4c886,\Gallery73\08 - Kitta\Set 07 - 2008-08-29\,{Shemale Yum Dvd03~30~1~08 - Kitta - Set 07 - 2008 - 08 - 29}
kitta7099.jpg,265642,508c2ed0,\Gallery73\08 - Kitta\Set 07 - 2008-08-29\,{Shemale Yum Dvd03~30~1~08 - Kitta - Set 07 - 2008 - 08 - 29}
kitta7100.jpg,286378,2b9c520a,\Gallery73\08 - Kitta\Set 07 - 2008-08-29\,{Shemale Yum Dvd03~30~1~08 - Kitta - Set 07 - 2008 - 08 - 29}
kitta7101.jpg,256088,cd5a8d7c,\Gallery73\08 - Kitta\Set 07 - 2008-08-29\,{Shemale Yum Dvd03~30~1~08 - Kitta - Set 07 - 2008 - 08 - 29}
kitta7102.jpg,255939,fdaed655,\Gallery73\08 - Kitta\Set 07 - 2008-08-29\,{Shemale Yum Dvd03~30~1~08 - Kitta - Set 07 - 2008 - 08 - 29}
kitta7103.jpg,263742,383b045b,\Gallery73\08 - Kitta\Set 07 - 2008-08-29\,{Shemale Yum Dvd03~30~1~08 - Kitta - Set 07 - 2008 - 08 - 29}
kitta7104.jpg,272836,cc42d59d,\Gallery73\08 - Kitta\Set 07 - 2008-08-29\,{Shemale Yum Dvd03~30~1~08 - Kitta - Set 07 - 2008 - 08 - 29}
kitta7105.jpg,269068,bc4a884d,\Gallery73\08 - Kitta\Set 07 - 2008-08-29\,{Shemale Yum Dvd03~30~1~08 - Kitta - Set 07 - 2008 - 08 - 29}
kitta7106.jpg,270770,ceda38b4,\Gallery73\08 - Kitta\Set 07 - 2008-08-29\,{Shemale Yum Dvd03~30~1~08 - Kitta - Set 07 - 2008 - 08 - 29}
kitta7107.jpg,263121,59327532,\Gallery73\08 - Kitta\Set 07 - 2008-08-29\,{Shemale Yum Dvd03~30~1~08 - Kitta - Set 07 - 2008 - 08 - 29}
kitta7108.jpg,270242,02a2c6f9,\Gallery73\08 - Kitta\Set 07 - 2008-08-29\,{Shemale Yum Dvd03~30~1~08 - Kitta - Set 07 - 2008 - 08 - 29}
kitta7109.jpg,289088,792eff1b,\Gallery73\08 - Kitta\Set 07 - 2008-08-29\,{Shemale Yum Dvd03~30~1~08 - Kitta - Set 07 - 2008 - 08 - 29}
kitta7110.jpg,295769,88aa6008,\Gallery73\08 - Kitta\Set 07 - 2008-08-29\,{Shemale Yum Dvd03~30~1~08 - Kitta - Set 07 - 2008 - 08 - 29}
kitta7111.jpg,273864,17123cb3,\Gallery73\08 - Kitta\Set 07 - 2008-08-29\,{Shemale Yum Dvd03~30~1~08 - Kitta - Set 07 - 2008 - 08 - 29}
kitta7112.jpg,246158,5e7ec255,\Gallery73\08 - Kitta\Set 07 - 2008-08-29\,{Shemale Yum Dvd03~30~1~08 - Kitta - Set 07 - 2008 - 08 - 29}
kitta7113.jpg,219229,4ddfd860,\Gallery73\08 - Kitta\Set 07 - 2008-08-29\,{Shemale Yum Dvd03~30~1~08 - Kitta - Set 07 - 2008 - 08 - 29}
kitta7114.jpg,284854,d38f79f4,\Gallery73\08 - Kitta\Set 07 - 2008-08-29\,{Shemale Yum Dvd03~30~1~08 - Kitta - Set 07 - 2008 - 08 - 29}
kitta7115.jpg,287383,e9fb5ac7,\Gallery73\08 - Kitta\Set 07 - 2008-08-29\,{Shemale Yum Dvd03~30~1~08 - Kitta - Set 07 - 2008 - 08 - 29}
kitta7116.jpg,293144,85a908ad,\Gallery73\08 - Kitta\Set 07 - 2008-08-29\,{Shemale Yum Dvd03~30~1~08 - Kitta - Set 07 - 2008 - 08 - 29}
kitta7117.jpg,292065,216e77ff,\Gallery73\08 - Kitta\Set 07 - 2008-08-29\,{Shemale Yum Dvd03~30~1~08 - Kitta - Set 07 - 2008 - 08 - 29}
jessicab9001.jpg,235311,8cbc9db5,\Gallery74\03 - Jessicab\Set 09 - 2008-06-06\,{Shemale Yum Dvd03~31~1~03 - Jessicab - Set 09 - 2008 - 06 - 06}
jessicab9002.jpg,266749,e267a7ae,\Gallery74\03 - Jessicab\Set 09 - 2008-06-06\,{Shemale Yum Dvd03~31~1~03 - Jessicab - Set 09 - 2008 - 06 - 06}
jessicab9003.jpg,272433,bb1d7670,\Gallery74\03 - Jessicab\Set 09 - 2008-06-06\,{Shemale Yum Dvd03~31~1~03 - Jessicab - Set 09 - 2008 - 06 - 06}
jessicab9004.jpg,227295,02184ee1,\Gallery74\03 - Jessicab\Set 09 - 2008-06-06\,{Shemale Yum Dvd03~31~1~03 - Jessicab - Set 09 - 2008 - 06 - 06}
jessicab9005.jpg,205317,cb256ff6,\Gallery74\03 - Jessicab\Set 09 - 2008-06-06\,{Shemale Yum Dvd03~31~1~03 - Jessicab - Set 09 - 2008 - 06 - 06}
jessicab9006.jpg,259157,6ba36968,\Gallery74\03 - Jessicab\Set 09 - 2008-06-06\,{Shemale Yum Dvd03~31~1~03 - Jessicab - Set 09 - 2008 - 06 - 06}
jessicab9007.jpg,253022,ee5257c7,\Gallery74\03 - Jessicab\Set 09 - 2008-06-06\,{Shemale Yum Dvd03~31~1~03 - Jessicab - Set 09 - 2008 - 06 - 06}
jessicab9008.jpg,224003,9f399e6c,\Gallery74\03 - Jessicab\Set 09 - 2008-06-06\,{Shemale Yum Dvd03~31~1~03 - Jessicab - Set 09 - 2008 - 06 - 06}
jessicab9009.jpg,212158,25de6493,\Gallery74\03 - Jessicab\Set 09 - 2008-06-06\,{Shemale Yum Dvd03~31~1~03 - Jessicab - Set 09 - 2008 - 06 - 06}
jessicab9010.jpg,232472,07758951,\Gallery74\03 - Jessicab\Set 09 - 2008-06-06\,{Shemale Yum Dvd03~31~1~03 - Jessicab - Set 09 - 2008 - 06 - 06}
jessicab9011.jpg,242148,f78784fd,\Gallery74\03 - Jessicab\Set 09 - 2008-06-06\,{Shemale Yum Dvd03~31~1~03 - Jessicab - Set 09 - 2008 - 06 - 06}
jessicab9012.jpg,232425,3c8c62dd,\Gallery74\03 - Jessicab\Set 09 - 2008-06-06\,{Shemale Yum Dvd03~31~1~03 - Jessicab - Set 09 - 2008 - 06 - 06}
jessicab9013.jpg,193451,0821ecee,\Gallery74\03 - Jessicab\Set 09 - 2008-06-06\,{Shemale Yum Dvd03~31~1~03 - Jessicab - Set 09 - 2008 - 06 - 06}
jessicab9014.jpg,202219,89bc1492,\Gallery74\03 - Jessicab\Set 09 - 2008-06-06\,{Shemale Yum Dvd03~31~1~03 - Jessicab - Set 09 - 2008 - 06 - 06}
jessicab9015.jpg,220429,b102ea19,\Gallery74\03 - Jessicab\Set 09 - 2008-06-06\,{Shemale Yum Dvd03~31~1~03 - Jessicab - Set 09 - 2008 - 06 - 06}
jessicab9016.jpg,233291,7874a600,\Gallery74\03 - Jessicab\Set 09 - 2008-06-06\,{Shemale Yum Dvd03~31~1~03 - Jessicab - Set 09 - 2008 - 06 - 06}
jessicab9017.jpg,232752,fdaea949,\Gallery74\03 - Jessicab\Set 09 - 2008-06-06\,{Shemale Yum Dvd03~31~1~03 - Jessicab - Set 09 - 2008 - 06 - 06}
jessicab9018.jpg,228614,343183e4,\Gallery74\03 - Jessicab\Set 09 - 2008-06-06\,{Shemale Yum Dvd03~31~1~03 - Jessicab - Set 09 - 2008 - 06 - 06}
jessicab9019.jpg,232486,782eb68d,\Gallery74\03 - Jessicab\Set 09 - 2008-06-06\,{Shemale Yum Dvd03~31~1~03 - Jessicab - Set 09 - 2008 - 06 - 06}
jessicab9020.jpg,207905,ced10c46,\Gallery74\03 - Jessicab\Set 09 - 2008-06-06\,{Shemale Yum Dvd03~31~1~03 - Jessicab - Set 09 - 2008 - 06 - 06}
jessicab9021.jpg,287510,7bde3998,\Gallery74\03 - Jessicab\Set 09 - 2008-06-06\,{Shemale Yum Dvd03~31~1~03 - Jessicab - Set 09 - 2008 - 06 - 06}
jessicab9022.jpg,215158,e00a08cc,\Gallery74\03 - Jessicab\Set 09 - 2008-06-06\,{Shemale Yum Dvd03~31~1~03 - Jessicab - Set 09 - 2008 - 06 - 06}
jessicab9023.jpg,266249,7a707d3c,\Gallery74\03 - Jessicab\Set 09 - 2008-06-06\,{Shemale Yum Dvd03~31~1~03 - Jessicab - Set 09 - 2008 - 06 - 06}
jessicab9024.jpg,250045,a27874ef,\Gallery74\03 - Jessicab\Set 09 - 2008-06-06\,{Shemale Yum Dvd03~31~1~03 - Jessicab - Set 09 - 2008 - 06 - 06}
jessicab9025.jpg,247188,fd702453,\Gallery74\03 - Jessicab\Set 09 - 2008-06-06\,{Shemale Yum Dvd03~31~1~03 - Jessicab - Set 09 - 2008 - 06 - 06}
jessicab9026.jpg,231173,6ece81ca,\Gallery74\03 - Jessicab\Set 09 - 2008-06-06\,{Shemale Yum Dvd03~31~1~03 - Jessicab - Set 09 - 2008 - 06 - 06}
jessicab9027.jpg,234132,50a24bb3,\Gallery74\03 - Jessicab\Set 09 - 2008-06-06\,{Shemale Yum Dvd03~31~1~03 - Jessicab - Set 09 - 2008 - 06 - 06}
jessicab9028.jpg,236482,8e172c53,\Gallery74\03 - Jessicab\Set 09 - 2008-06-06\,{Shemale Yum Dvd03~31~1~03 - Jessicab - Set 09 - 2008 - 06 - 06}
jessicab9029.jpg,241980,4ecb3b2e,\Gallery74\03 - Jessicab\Set 09 - 2008-06-06\,{Shemale Yum Dvd03~31~1~03 - Jessicab - Set 09 - 2008 - 06 - 06}
jessicab9030.jpg,250907,db9c87a0,\Gallery74\03 - Jessicab\Set 09 - 2008-06-06\,{Shemale Yum Dvd03~31~1~03 - Jessicab - Set 09 - 2008 - 06 - 06}
jessicab9031.jpg,248625,ee59dbe8,\Gallery74\03 - Jessicab\Set 09 - 2008-06-06\,{Shemale Yum Dvd03~31~1~03 - Jessicab - Set 09 - 2008 - 06 - 06}
jessicab9032.jpg,191185,38af4e5b,\Gallery74\03 - Jessicab\Set 09 - 2008-06-06\,{Shemale Yum Dvd03~31~1~03 - Jessicab - Set 09 - 2008 - 06 - 06}
jessicab9033.jpg,236189,a86f2c90,\Gallery74\03 - Jessicab\Set 09 - 2008-06-06\,{Shemale Yum Dvd03~31~1~03 - Jessicab - Set 09 - 2008 - 06 - 06}
jessicab9034.jpg,216544,cbe72e17,\Gallery74\03 - Jessicab\Set 09 - 2008-06-06\,{Shemale Yum Dvd03~31~1~03 - Jessicab - Set 09 - 2008 - 06 - 06}
jessicab9035.jpg,215730,dd60c119,\Gallery74\03 - Jessicab\Set 09 - 2008-06-06\,{Shemale Yum Dvd03~31~1~03 - Jessicab - Set 09 - 2008 - 06 - 06}
jessicab9036.jpg,218355,0f2b8001,\Gallery74\03 - Jessicab\Set 09 - 2008-06-06\,{Shemale Yum Dvd03~31~1~03 - Jessicab - Set 09 - 2008 - 06 - 06}
jessicab9037.jpg,227728,5866b63a,\Gallery74\03 - Jessicab\Set 09 - 2008-06-06\,{Shemale Yum Dvd03~31~1~03 - Jessicab - Set 09 - 2008 - 06 - 06}
jessicab9038.jpg,247737,8cede6aa,\Gallery74\03 - Jessicab\Set 09 - 2008-06-06\,{Shemale Yum Dvd03~31~1~03 - Jessicab - Set 09 - 2008 - 06 - 06}
jessicab9039.jpg,248531,298ed3c5,\Gallery74\03 - Jessicab\Set 09 - 2008-06-06\,{Shemale Yum Dvd03~31~1~03 - Jessicab - Set 09 - 2008 - 06 - 06}
jessicab9040.jpg,259292,1f32ea07,\Gallery74\03 - Jessicab\Set 09 - 2008-06-06\,{Shemale Yum Dvd03~31~1~03 - Jessicab - Set 09 - 2008 - 06 - 06}
jessicab9041.jpg,253904,238cc0d5,\Gallery74\03 - Jessicab\Set 09 - 2008-06-06\,{Shemale Yum Dvd03~31~1~03 - Jessicab - Set 09 - 2008 - 06 - 06}
jessicab9042.jpg,218815,629247e0,\Gallery74\03 - Jessicab\Set 09 - 2008-06-06\,{Shemale Yum Dvd03~31~1~03 - Jessicab - Set 09 - 2008 - 06 - 06}
jessicab9043.jpg,271845,7a30580f,\Gallery74\03 - Jessicab\Set 09 - 2008-06-06\,{Shemale Yum Dvd03~31~1~03 - Jessicab - Set 09 - 2008 - 06 - 06}
jessicab9044.jpg,259647,4e109b5d,\Gallery74\03 - Jessicab\Set 09 - 2008-06-06\,{Shemale Yum Dvd03~31~1~03 - Jessicab - Set 09 - 2008 - 06 - 06}
jessicab9045.jpg,257382,e95089c5,\Gallery74\03 - Jessicab\Set 09 - 2008-06-06\,{Shemale Yum Dvd03~31~1~03 - Jessicab - Set 09 - 2008 - 06 - 06}
jessicab9046.jpg,247817,3034cf8b,\Gallery74\03 - Jessicab\Set 09 - 2008-06-06\,{Shemale Yum Dvd03~31~1~03 - Jessicab - Set 09 - 2008 - 06 - 06}
jessicab9047.jpg,243305,b980b124,\Gallery74\03 - Jessicab\Set 09 - 2008-06-06\,{Shemale Yum Dvd03~31~1~03 - Jessicab - Set 09 - 2008 - 06 - 06}
jessicab9048.jpg,207705,adccfa61,\Gallery74\03 - Jessicab\Set 09 - 2008-06-06\,{Shemale Yum Dvd03~31~1~03 - Jessicab - Set 09 - 2008 - 06 - 06}
jessicab9049.jpg,211211,88129a45,\Gallery74\03 - Jessicab\Set 09 - 2008-06-06\,{Shemale Yum Dvd03~31~1~03 - Jessicab - Set 09 - 2008 - 06 - 06}
jessicab9050.jpg,223079,76051282,\Gallery74\03 - Jessicab\Set 09 - 2008-06-06\,{Shemale Yum Dvd03~31~1~03 - Jessicab - Set 09 - 2008 - 06 - 06}
jessicab9051.jpg,223029,4808d936,\Gallery74\03 - Jessicab\Set 09 - 2008-06-06\,{Shemale Yum Dvd03~31~1~03 - Jessicab - Set 09 - 2008 - 06 - 06}
jessicab9052.jpg,233741,5f85eab0,\Gallery74\03 - Jessicab\Set 09 - 2008-06-06\,{Shemale Yum Dvd03~31~1~03 - Jessicab - Set 09 - 2008 - 06 - 06}
jessicab9053.jpg,242188,36dfb6bf,\Gallery74\03 - Jessicab\Set 09 - 2008-06-06\,{Shemale Yum Dvd03~31~1~03 - Jessicab - Set 09 - 2008 - 06 - 06}
jessicab9054.jpg,236088,3d2302de,\Gallery74\03 - Jessicab\Set 09 - 2008-06-06\,{Shemale Yum Dvd03~31~1~03 - Jessicab - Set 09 - 2008 - 06 - 06}
jessicab9055.jpg,226638,8d72f6c3,\Gallery74\03 - Jessicab\Set 09 - 2008-06-06\,{Shemale Yum Dvd03~31~1~03 - Jessicab - Set 09 - 2008 - 06 - 06}
jessicab9056.jpg,221973,b7e1f925,\Gallery74\03 - Jessicab\Set 09 - 2008-06-06\,{Shemale Yum Dvd03~31~1~03 - Jessicab - Set 09 - 2008 - 06 - 06}
jessicab9057.jpg,222867,e54dbaee,\Gallery74\03 - Jessicab\Set 09 - 2008-06-06\,{Shemale Yum Dvd03~31~1~03 - Jessicab - Set 09 - 2008 - 06 - 06}
jessicab9058.jpg,221977,6614f58b,\Gallery74\03 - Jessicab\Set 09 - 2008-06-06\,{Shemale Yum Dvd03~31~1~03 - Jessicab - Set 09 - 2008 - 06 - 06}
jessicab9059.jpg,240513,81118d38,\Gallery74\03 - Jessicab\Set 09 - 2008-06-06\,{Shemale Yum Dvd03~31~1~03 - Jessicab - Set 09 - 2008 - 06 - 06}
jessicab9060.jpg,243510,5dfe35da,\Gallery74\03 - Jessicab\Set 09 - 2008-06-06\,{Shemale Yum Dvd03~31~1~03 - Jessicab - Set 09 - 2008 - 06 - 06}
jessicab9061.jpg,242674,5ddcb7ae,\Gallery74\03 - Jessicab\Set 09 - 2008-06-06\,{Shemale Yum Dvd03~31~1~03 - Jessicab - Set 09 - 2008 - 06 - 06}
jessicab9062.jpg,237429,a252a095,\Gallery74\03 - Jessicab\Set 09 - 2008-06-06\,{Shemale Yum Dvd03~31~1~03 - Jessicab - Set 09 - 2008 - 06 - 06}
jessicab9063.jpg,216151,457b4ad9,\Gallery74\03 - Jessicab\Set 09 - 2008-06-06\,{Shemale Yum Dvd03~31~1~03 - Jessicab - Set 09 - 2008 - 06 - 06}
jessicab9064.jpg,234045,8f3cbeb2,\Gallery74\03 - Jessicab\Set 09 - 2008-06-06\,{Shemale Yum Dvd03~31~1~03 - Jessicab - Set 09 - 2008 - 06 - 06}
jessicab9065.jpg,229976,a7f5d208,\Gallery74\03 - Jessicab\Set 09 - 2008-06-06\,{Shemale Yum Dvd03~31~1~03 - Jessicab - Set 09 - 2008 - 06 - 06}
jessicab9066.jpg,227629,7b8c3d55,\Gallery74\03 - Jessicab\Set 09 - 2008-06-06\,{Shemale Yum Dvd03~31~1~03 - Jessicab - Set 09 - 2008 - 06 - 06}
jessicab9067.jpg,229988,f5183422,\Gallery74\03 - Jessicab\Set 09 - 2008-06-06\,{Shemale Yum Dvd03~31~1~03 - Jessicab - Set 09 - 2008 - 06 - 06}
jessicab9068.jpg,226974,95c25e88,\Gallery74\03 - Jessicab\Set 09 - 2008-06-06\,{Shemale Yum Dvd03~31~1~03 - Jessicab - Set 09 - 2008 - 06 - 06}
jessicab9069.jpg,188230,479e65e5,\Gallery74\03 - Jessicab\Set 09 - 2008-06-06\,{Shemale Yum Dvd03~31~1~03 - Jessicab - Set 09 - 2008 - 06 - 06}
jessicab9070.jpg,284851,5b2bafa5,\Gallery74\03 - Jessicab\Set 09 - 2008-06-06\,{Shemale Yum Dvd03~31~1~03 - Jessicab - Set 09 - 2008 - 06 - 06}
jessicab9071.jpg,259767,8c27bd8f,\Gallery74\03 - Jessicab\Set 09 - 2008-06-06\,{Shemale Yum Dvd03~31~1~03 - Jessicab - Set 09 - 2008 - 06 - 06}
jessicab9072.jpg,265030,ae81929b,\Gallery74\03 - Jessicab\Set 09 - 2008-06-06\,{Shemale Yum Dvd03~31~1~03 - Jessicab - Set 09 - 2008 - 06 - 06}
jessicab9073.jpg,272941,aadafef2,\Gallery74\03 - Jessicab\Set 09 - 2008-06-06\,{Shemale Yum Dvd03~31~1~03 - Jessicab - Set 09 - 2008 - 06 - 06}
jessicab9074.jpg,241849,1d6d024a,\Gallery74\03 - Jessicab\Set 09 - 2008-06-06\,{Shemale Yum Dvd03~31~1~03 - Jessicab - Set 09 - 2008 - 06 - 06}
jessicab9075.jpg,246215,57c55f3d,\Gallery74\03 - Jessicab\Set 09 - 2008-06-06\,{Shemale Yum Dvd03~31~1~03 - Jessicab - Set 09 - 2008 - 06 - 06}
jessicab9076.jpg,238248,d6de27f2,\Gallery74\03 - Jessicab\Set 09 - 2008-06-06\,{Shemale Yum Dvd03~31~1~03 - Jessicab - Set 09 - 2008 - 06 - 06}
jessicab9077.jpg,255978,a2cf484b,\Gallery74\03 - Jessicab\Set 09 - 2008-06-06\,{Shemale Yum Dvd03~31~1~03 - Jessicab - Set 09 - 2008 - 06 - 06}
jessicab9078.jpg,253293,c090cf30,\Gallery74\03 - Jessicab\Set 09 - 2008-06-06\,{Shemale Yum Dvd03~31~1~03 - Jessicab - Set 09 - 2008 - 06 - 06}
jessicab9079.jpg,258549,15de322c,\Gallery74\03 - Jessicab\Set 09 - 2008-06-06\,{Shemale Yum Dvd03~31~1~03 - Jessicab - Set 09 - 2008 - 06 - 06}
jessicab9080.jpg,239810,7b0631da,\Gallery74\03 - Jessicab\Set 09 - 2008-06-06\,{Shemale Yum Dvd03~31~1~03 - Jessicab - Set 09 - 2008 - 06 - 06}
jessicab9081.jpg,232126,1c4df98b,\Gallery74\03 - Jessicab\Set 09 - 2008-06-06\,{Shemale Yum Dvd03~31~1~03 - Jessicab - Set 09 - 2008 - 06 - 06}
jessicab9082.jpg,239444,b208c01e,\Gallery74\03 - Jessicab\Set 09 - 2008-06-06\,{Shemale Yum Dvd03~31~1~03 - Jessicab - Set 09 - 2008 - 06 - 06}
jessicab9083.jpg,238969,8e0a51f0,\Gallery74\03 - Jessicab\Set 09 - 2008-06-06\,{Shemale Yum Dvd03~31~1~03 - Jessicab - Set 09 - 2008 - 06 - 06}
jessicab9084.jpg,239795,cfe5a60a,\Gallery74\03 - Jessicab\Set 09 - 2008-06-06\,{Shemale Yum Dvd03~31~1~03 - Jessicab - Set 09 - 2008 - 06 - 06}
jessicab9085.jpg,246732,27d7608c,\Gallery74\03 - Jessicab\Set 09 - 2008-06-06\,{Shemale Yum Dvd03~31~1~03 - Jessicab - Set 09 - 2008 - 06 - 06}
jessicab9086.jpg,258105,c8a1fc9d,\Gallery74\03 - Jessicab\Set 09 - 2008-06-06\,{Shemale Yum Dvd03~31~1~03 - Jessicab - Set 09 - 2008 - 06 - 06}
jessicab9087.jpg,255222,77bdafeb,\Gallery74\03 - Jessicab\Set 09 - 2008-06-06\,{Shemale Yum Dvd03~31~1~03 - Jessicab - Set 09 - 2008 - 06 - 06}
jessicab9088.jpg,250256,fcae03ac,\Gallery74\03 - Jessicab\Set 09 - 2008-06-06\,{Shemale Yum Dvd03~31~1~03 - Jessicab - Set 09 - 2008 - 06 - 06}
jessicab9089.jpg,260670,7e596841,\Gallery74\03 - Jessicab\Set 09 - 2008-06-06\,{Shemale Yum Dvd03~31~1~03 - Jessicab - Set 09 - 2008 - 06 - 06}
jessicab9090.jpg,223650,d7046d23,\Gallery74\03 - Jessicab\Set 09 - 2008-06-06\,{Shemale Yum Dvd03~31~1~03 - Jessicab - Set 09 - 2008 - 06 - 06}
jessicab9091.jpg,235423,e3b92943,\Gallery74\03 - Jessicab\Set 09 - 2008-06-06\,{Shemale Yum Dvd03~31~1~03 - Jessicab - Set 09 - 2008 - 06 - 06}
jessicab9092.jpg,253404,6decc6f1,\Gallery74\03 - Jessicab\Set 09 - 2008-06-06\,{Shemale Yum Dvd03~31~1~03 - Jessicab - Set 09 - 2008 - 06 - 06}
jessicab9093.jpg,252512,7d527969,\Gallery74\03 - Jessicab\Set 09 - 2008-06-06\,{Shemale Yum Dvd03~31~1~03 - Jessicab - Set 09 - 2008 - 06 - 06}
jessicab9094.jpg,215248,a61d7994,\Gallery74\03 - Jessicab\Set 09 - 2008-06-06\,{Shemale Yum Dvd03~31~1~03 - Jessicab - Set 09 - 2008 - 06 - 06}
jessicab9095.jpg,228643,8874179a,\Gallery74\03 - Jessicab\Set 09 - 2008-06-06\,{Shemale Yum Dvd03~31~1~03 - Jessicab - Set 09 - 2008 - 06 - 06}
jessicab9096.jpg,241641,f38e61d1,\Gallery74\03 - Jessicab\Set 09 - 2008-06-06\,{Shemale Yum Dvd03~31~1~03 - Jessicab - Set 09 - 2008 - 06 - 06}
jessicab9097.jpg,228185,01b7f511,\Gallery74\03 - Jessicab\Set 09 - 2008-06-06\,{Shemale Yum Dvd03~31~1~03 - Jessicab - Set 09 - 2008 - 06 - 06}
jessicab9098.jpg,222199,8f4614fb,\Gallery74\03 - Jessicab\Set 09 - 2008-06-06\,{Shemale Yum Dvd03~31~1~03 - Jessicab - Set 09 - 2008 - 06 - 06}
jessicab9099.jpg,222404,4d7b7fb4,\Gallery74\03 - Jessicab\Set 09 - 2008-06-06\,{Shemale Yum Dvd03~31~1~03 - Jessicab - Set 09 - 2008 - 06 - 06}
jessicab9100.jpg,269116,059ed18f,\Gallery74\03 - Jessicab\Set 09 - 2008-06-06\,{Shemale Yum Dvd03~31~1~03 - Jessicab - Set 09 - 2008 - 06 - 06}
jessicab9101.jpg,271400,42bbf7f2,\Gallery74\03 - Jessicab\Set 09 - 2008-06-06\,{Shemale Yum Dvd03~31~1~03 - Jessicab - Set 09 - 2008 - 06 - 06}
jessicab9102.jpg,264999,a11fe9fe,\Gallery74\03 - Jessicab\Set 09 - 2008-06-06\,{Shemale Yum Dvd03~31~1~03 - Jessicab - Set 09 - 2008 - 06 - 06}
jessicab9103.jpg,254362,2e6fe73b,\Gallery74\03 - Jessicab\Set 09 - 2008-06-06\,{Shemale Yum Dvd03~31~1~03 - Jessicab - Set 09 - 2008 - 06 - 06}
jessicab9104.jpg,264213,ee630bab,\Gallery74\03 - Jessicab\Set 09 - 2008-06-06\,{Shemale Yum Dvd03~31~1~03 - Jessicab - Set 09 - 2008 - 06 - 06}
jessicab9105.jpg,271265,2ceae203,\Gallery74\03 - Jessicab\Set 09 - 2008-06-06\,{Shemale Yum Dvd03~31~1~03 - Jessicab - Set 09 - 2008 - 06 - 06}
jessicab9106.jpg,246421,2bb843c1,\Gallery74\03 - Jessicab\Set 09 - 2008-06-06\,{Shemale Yum Dvd03~31~1~03 - Jessicab - Set 09 - 2008 - 06 - 06}
jessicab9107.jpg,257912,f40239ee,\Gallery74\03 - Jessicab\Set 09 - 2008-06-06\,{Shemale Yum Dvd03~31~1~03 - Jessicab - Set 09 - 2008 - 06 - 06}
jessicab9108.jpg,262320,dfd6b517,\Gallery74\03 - Jessicab\Set 09 - 2008-06-06\,{Shemale Yum Dvd03~31~1~03 - Jessicab - Set 09 - 2008 - 06 - 06}
jessicab9109.jpg,262419,8aab16ed,\Gallery74\03 - Jessicab\Set 09 - 2008-06-06\,{Shemale Yum Dvd03~31~1~03 - Jessicab - Set 09 - 2008 - 06 - 06}
jessicab9110.jpg,198836,747904e3,\Gallery74\03 - Jessicab\Set 09 - 2008-06-06\,{Shemale Yum Dvd03~31~1~03 - Jessicab - Set 09 - 2008 - 06 - 06}
jessicab9111.jpg,200267,cdb3efb7,\Gallery74\03 - Jessicab\Set 09 - 2008-06-06\,{Shemale Yum Dvd03~31~1~03 - Jessicab - Set 09 - 2008 - 06 - 06}
jessicab9112.jpg,205396,9f726eac,\Gallery74\03 - Jessicab\Set 09 - 2008-06-06\,{Shemale Yum Dvd03~31~1~03 - Jessicab - Set 09 - 2008 - 06 - 06}
jessicab9113.jpg,207920,7c5896ed,\Gallery74\03 - Jessicab\Set 09 - 2008-06-06\,{Shemale Yum Dvd03~31~1~03 - Jessicab - Set 09 - 2008 - 06 - 06}
jessicab9114.jpg,220158,524459da,\Gallery74\03 - Jessicab\Set 09 - 2008-06-06\,{Shemale Yum Dvd03~31~1~03 - Jessicab - Set 09 - 2008 - 06 - 06}
jessicab9115.jpg,232548,54c7c3cc,\Gallery74\03 - Jessicab\Set 09 - 2008-06-06\,{Shemale Yum Dvd03~31~1~03 - Jessicab - Set 09 - 2008 - 06 - 06}
jessicab9116.jpg,231156,6bbabcde,\Gallery74\03 - Jessicab\Set 09 - 2008-06-06\,{Shemale Yum Dvd03~31~1~03 - Jessicab - Set 09 - 2008 - 06 - 06}
jessicab9117.jpg,236142,a482b3c4,\Gallery74\03 - Jessicab\Set 09 - 2008-06-06\,{Shemale Yum Dvd03~31~1~03 - Jessicab - Set 09 - 2008 - 06 - 06}
jessicab9118.jpg,235302,ce9be3a2,\Gallery74\03 - Jessicab\Set 09 - 2008-06-06\,{Shemale Yum Dvd03~31~1~03 - Jessicab - Set 09 - 2008 - 06 - 06}
jessicab9119.jpg,230345,648cd56f,\Gallery74\03 - Jessicab\Set 09 - 2008-06-06\,{Shemale Yum Dvd03~31~1~03 - Jessicab - Set 09 - 2008 - 06 - 06}
jessicab9120.jpg,247581,6d48d589,\Gallery74\03 - Jessicab\Set 09 - 2008-06-06\,{Shemale Yum Dvd03~31~1~03 - Jessicab - Set 09 - 2008 - 06 - 06}
jessicab9121.jpg,270100,ac361b3a,\Gallery74\03 - Jessicab\Set 09 - 2008-06-06\,{Shemale Yum Dvd03~31~1~03 - Jessicab - Set 09 - 2008 - 06 - 06}
jessicab9122.jpg,279588,7eada032,\Gallery74\03 - Jessicab\Set 09 - 2008-06-06\,{Shemale Yum Dvd03~31~1~03 - Jessicab - Set 09 - 2008 - 06 - 06}
jessicab9123.jpg,281281,099fe046,\Gallery74\03 - Jessicab\Set 09 - 2008-06-06\,{Shemale Yum Dvd03~31~1~03 - Jessicab - Set 09 - 2008 - 06 - 06}
jessicab9124.jpg,290911,6b17e42e,\Gallery74\03 - Jessicab\Set 09 - 2008-06-06\,{Shemale Yum Dvd03~31~1~03 - Jessicab - Set 09 - 2008 - 06 - 06}
jessicab9125.jpg,295984,2903dff8,\Gallery74\03 - Jessicab\Set 09 - 2008-06-06\,{Shemale Yum Dvd03~31~1~03 - Jessicab - Set 09 - 2008 - 06 - 06}
jessicab9126.jpg,273926,61d3feb0,\Gallery74\03 - Jessicab\Set 09 - 2008-06-06\,{Shemale Yum Dvd03~31~1~03 - Jessicab - Set 09 - 2008 - 06 - 06}
jessicab9127.jpg,292539,9a25cf83,\Gallery74\03 - Jessicab\Set 09 - 2008-06-06\,{Shemale Yum Dvd03~31~1~03 - Jessicab - Set 09 - 2008 - 06 - 06}
jessicab9128.jpg,227514,734ad412,\Gallery74\03 - Jessicab\Set 09 - 2008-06-06\,{Shemale Yum Dvd03~31~1~03 - Jessicab - Set 09 - 2008 - 06 - 06}
jessicab9129.jpg,238137,2e08f251,\Gallery74\03 - Jessicab\Set 09 - 2008-06-06\,{Shemale Yum Dvd03~31~1~03 - Jessicab - Set 09 - 2008 - 06 - 06}
jessicab9130.jpg,193194,2fbc60f7,\Gallery74\03 - Jessicab\Set 09 - 2008-06-06\,{Shemale Yum Dvd03~31~1~03 - Jessicab - Set 09 - 2008 - 06 - 06}
jessicab9131.jpg,229683,58afb912,\Gallery74\03 - Jessicab\Set 09 - 2008-06-06\,{Shemale Yum Dvd03~31~1~03 - Jessicab - Set 09 - 2008 - 06 - 06}
jessicab9132.jpg,302157,b2423385,\Gallery74\03 - Jessicab\Set 09 - 2008-06-06\,{Shemale Yum Dvd03~31~1~03 - Jessicab - Set 09 - 2008 - 06 - 06}
jessicab9133.jpg,303642,3703de06,\Gallery74\03 - Jessicab\Set 09 - 2008-06-06\,{Shemale Yum Dvd03~31~1~03 - Jessicab - Set 09 - 2008 - 06 - 06}
jessicab9134.jpg,288749,082d8044,\Gallery74\03 - Jessicab\Set 09 - 2008-06-06\,{Shemale Yum Dvd03~31~1~03 - Jessicab - Set 09 - 2008 - 06 - 06}
jessicab9135.jpg,291868,a9071cfe,\Gallery74\03 - Jessicab\Set 09 - 2008-06-06\,{Shemale Yum Dvd03~31~1~03 - Jessicab - Set 09 - 2008 - 06 - 06}
jessicab9136.jpg,240401,4821f183,\Gallery74\03 - Jessicab\Set 09 - 2008-06-06\,{Shemale Yum Dvd03~31~1~03 - Jessicab - Set 09 - 2008 - 06 - 06}
jessicab9137.jpg,241874,1ae83fc6,\Gallery74\03 - Jessicab\Set 09 - 2008-06-06\,{Shemale Yum Dvd03~31~1~03 - Jessicab - Set 09 - 2008 - 06 - 06}
jessicab9138.jpg,256875,86b568d7,\Gallery74\03 - Jessicab\Set 09 - 2008-06-06\,{Shemale Yum Dvd03~31~1~03 - Jessicab - Set 09 - 2008 - 06 - 06}
jessicab9139.jpg,292525,6071a09e,\Gallery74\03 - Jessicab\Set 09 - 2008-06-06\,{Shemale Yum Dvd03~31~1~03 - Jessicab - Set 09 - 2008 - 06 - 06}
jessicab9140.jpg,307287,006b6144,\Gallery74\03 - Jessicab\Set 09 - 2008-06-06\,{Shemale Yum Dvd03~31~1~03 - Jessicab - Set 09 - 2008 - 06 - 06}
jessicab9141.jpg,307061,bf6bdba3,\Gallery74\03 - Jessicab\Set 09 - 2008-06-06\,{Shemale Yum Dvd03~31~1~03 - Jessicab - Set 09 - 2008 - 06 - 06}
jessicab9142.jpg,313023,e8815743,\Gallery74\03 - Jessicab\Set 09 - 2008-06-06\,{Shemale Yum Dvd03~31~1~03 - Jessicab - Set 09 - 2008 - 06 - 06}
jessicab9143.jpg,196963,7d4932ec,\Gallery74\03 - Jessicab\Set 09 - 2008-06-06\,{Shemale Yum Dvd03~31~1~03 - Jessicab - Set 09 - 2008 - 06 - 06}
jessicab9144.jpg,201499,19799184,\Gallery74\03 - Jessicab\Set 09 - 2008-06-06\,{Shemale Yum Dvd03~31~1~03 - Jessicab - Set 09 - 2008 - 06 - 06}
jessicab9145.jpg,266158,3e563c7e,\Gallery74\03 - Jessicab\Set 09 - 2008-06-06\,{Shemale Yum Dvd03~31~1~03 - Jessicab - Set 09 - 2008 - 06 - 06}
jessicab9146.jpg,281643,47f726a1,\Gallery74\03 - Jessicab\Set 09 - 2008-06-06\,{Shemale Yum Dvd03~31~1~03 - Jessicab - Set 09 - 2008 - 06 - 06}
jessicab9147.jpg,275841,74e4d663,\Gallery74\03 - Jessicab\Set 09 - 2008-06-06\,{Shemale Yum Dvd03~31~1~03 - Jessicab - Set 09 - 2008 - 06 - 06}
jessicab9148.jpg,279472,cd9e17a2,\Gallery74\03 - Jessicab\Set 09 - 2008-06-06\,{Shemale Yum Dvd03~31~1~03 - Jessicab - Set 09 - 2008 - 06 - 06}
jessicab9149.jpg,267664,2e7dfe9c,\Gallery74\03 - Jessicab\Set 09 - 2008-06-06\,{Shemale Yum Dvd03~31~1~03 - Jessicab - Set 09 - 2008 - 06 - 06}
jessicab9150.jpg,228513,77bda8f4,\Gallery74\03 - Jessicab\Set 09 - 2008-06-06\,{Shemale Yum Dvd03~31~1~03 - Jessicab - Set 09 - 2008 - 06 - 06}
jessicab9151.jpg,254671,3317219d,\Gallery74\03 - Jessicab\Set 09 - 2008-06-06\,{Shemale Yum Dvd03~31~1~03 - Jessicab - Set 09 - 2008 - 06 - 06}
jessicab9152.jpg,306209,85a3a5b4,\Gallery74\03 - Jessicab\Set 09 - 2008-06-06\,{Shemale Yum Dvd03~31~1~03 - Jessicab - Set 09 - 2008 - 06 - 06}
jessicab9153.jpg,292216,dc4b08ca,\Gallery74\03 - Jessicab\Set 09 - 2008-06-06\,{Shemale Yum Dvd03~31~1~03 - Jessicab - Set 09 - 2008 - 06 - 06}
jessicab10001.jpg,216395,70f1ff00,\Gallery74\03 - Jessicab\Set 10 - 2008-09-05\,{Shemale Yum Dvd03~31~2~03 - Jessicab - Set 10 - 2008 - 09 - 05}
jessicab10002.jpg,205050,a1c8373d,\Gallery74\03 - Jessicab\Set 10 - 2008-09-05\,{Shemale Yum Dvd03~31~2~03 - Jessicab - Set 10 - 2008 - 09 - 05}
jessicab10003.jpg,211013,585885f9,\Gallery74\03 - Jessicab\Set 10 - 2008-09-05\,{Shemale Yum Dvd03~31~2~03 - Jessicab - Set 10 - 2008 - 09 - 05}
jessicab10004.jpg,186334,33fb25b4,\Gallery74\03 - Jessicab\Set 10 - 2008-09-05\,{Shemale Yum Dvd03~31~2~03 - Jessicab - Set 10 - 2008 - 09 - 05}
jessicab10005.jpg,249434,64f4138f,\Gallery74\03 - Jessicab\Set 10 - 2008-09-05\,{Shemale Yum Dvd03~31~2~03 - Jessicab - Set 10 - 2008 - 09 - 05}
jessicab10006.jpg,243689,4adcb305,\Gallery74\03 - Jessicab\Set 10 - 2008-09-05\,{Shemale Yum Dvd03~31~2~03 - Jessicab - Set 10 - 2008 - 09 - 05}
jessicab10007.jpg,251588,ff8bd974,\Gallery74\03 - Jessicab\Set 10 - 2008-09-05\,{Shemale Yum Dvd03~31~2~03 - Jessicab - Set 10 - 2008 - 09 - 05}
jessicab10008.jpg,238545,733e4f2d,\Gallery74\03 - Jessicab\Set 10 - 2008-09-05\,{Shemale Yum Dvd03~31~2~03 - Jessicab - Set 10 - 2008 - 09 - 05}
jessicab10009.jpg,242002,3cf456c9,\Gallery74\03 - Jessicab\Set 10 - 2008-09-05\,{Shemale Yum Dvd03~31~2~03 - Jessicab - Set 10 - 2008 - 09 - 05}
jessicab10010.jpg,228916,82dccea2,\Gallery74\03 - Jessicab\Set 10 - 2008-09-05\,{Shemale Yum Dvd03~31~2~03 - Jessicab - Set 10 - 2008 - 09 - 05}
jessicab10011.jpg,230096,51a2fa90,\Gallery74\03 - Jessicab\Set 10 - 2008-09-05\,{Shemale Yum Dvd03~31~2~03 - Jessicab - Set 10 - 2008 - 09 - 05}
jessicab10012.jpg,231411,505f4a8c,\Gallery74\03 - Jessicab\Set 10 - 2008-09-05\,{Shemale Yum Dvd03~31~2~03 - Jessicab - Set 10 - 2008 - 09 - 05}
jessicab10013.jpg,228637,8f22e66d,\Gallery74\03 - Jessicab\Set 10 - 2008-09-05\,{Shemale Yum Dvd03~31~2~03 - Jessicab - Set 10 - 2008 - 09 - 05}
jessicab10014.jpg,244588,c7d6bac1,\Gallery74\03 - Jessicab\Set 10 - 2008-09-05\,{Shemale Yum Dvd03~31~2~03 - Jessicab - Set 10 - 2008 - 09 - 05}
jessicab10015.jpg,237839,23de1616,\Gallery74\03 - Jessicab\Set 10 - 2008-09-05\,{Shemale Yum Dvd03~31~2~03 - Jessicab - Set 10 - 2008 - 09 - 05}
jessicab10016.jpg,235283,ab0bde88,\Gallery74\03 - Jessicab\Set 10 - 2008-09-05\,{Shemale Yum Dvd03~31~2~03 - Jessicab - Set 10 - 2008 - 09 - 05}
jessicab10017.jpg,243620,06073ec7,\Gallery74\03 - Jessicab\Set 10 - 2008-09-05\,{Shemale Yum Dvd03~31~2~03 - Jessicab - Set 10 - 2008 - 09 - 05}
jessicab10018.jpg,229515,28184711,\Gallery74\03 - Jessicab\Set 10 - 2008-09-05\,{Shemale Yum Dvd03~31~2~03 - Jessicab - Set 10 - 2008 - 09 - 05}
jessicab10019.jpg,235739,4d9646ab,\Gallery74\03 - Jessicab\Set 10 - 2008-09-05\,{Shemale Yum Dvd03~31~2~03 - Jessicab - Set 10 - 2008 - 09 - 05}
jessicab10020.jpg,224973,94d31d11,\Gallery74\03 - Jessicab\Set 10 - 2008-09-05\,{Shemale Yum Dvd03~31~2~03 - Jessicab - Set 10 - 2008 - 09 - 05}
jessicab10021.jpg,223666,33f70daf,\Gallery74\03 - Jessicab\Set 10 - 2008-09-05\,{Shemale Yum Dvd03~31~2~03 - Jessicab - Set 10 - 2008 - 09 - 05}
jessicab10022.jpg,233468,b2ef5a2a,\Gallery74\03 - Jessicab\Set 10 - 2008-09-05\,{Shemale Yum Dvd03~31~2~03 - Jessicab - Set 10 - 2008 - 09 - 05}
jessicab10023.jpg,221856,22431bfb,\Gallery74\03 - Jessicab\Set 10 - 2008-09-05\,{Shemale Yum Dvd03~31~2~03 - Jessicab - Set 10 - 2008 - 09 - 05}
jessicab10024.jpg,192867,1d4048a0,\Gallery74\03 - Jessicab\Set 10 - 2008-09-05\,{Shemale Yum Dvd03~31~2~03 - Jessicab - Set 10 - 2008 - 09 - 05}
jessicab10025.jpg,184487,1b1ecacf,\Gallery74\03 - Jessicab\Set 10 - 2008-09-05\,{Shemale Yum Dvd03~31~2~03 - Jessicab - Set 10 - 2008 - 09 - 05}
jessicab10026.jpg,212117,70db7629,\Gallery74\03 - Jessicab\Set 10 - 2008-09-05\,{Shemale Yum Dvd03~31~2~03 - Jessicab - Set 10 - 2008 - 09 - 05}
jessicab10027.jpg,228181,3189a707,\Gallery74\03 - Jessicab\Set 10 - 2008-09-05\,{Shemale Yum Dvd03~31~2~03 - Jessicab - Set 10 - 2008 - 09 - 05}
jessicab10028.jpg,207910,915f58eb,\Gallery74\03 - Jessicab\Set 10 - 2008-09-05\,{Shemale Yum Dvd03~31~2~03 - Jessicab - Set 10 - 2008 - 09 - 05}
jessicab10029.jpg,207126,b0fd535d,\Gallery74\03 - Jessicab\Set 10 - 2008-09-05\,{Shemale Yum Dvd03~31~2~03 - Jessicab - Set 10 - 2008 - 09 - 05}
jessicab10030.jpg,203349,200aa296,\Gallery74\03 - Jessicab\Set 10 - 2008-09-05\,{Shemale Yum Dvd03~31~2~03 - Jessicab - Set 10 - 2008 - 09 - 05}
jessicab10031.jpg,192614,59c2177d,\Gallery74\03 - Jessicab\Set 10 - 2008-09-05\,{Shemale Yum Dvd03~31~2~03 - Jessicab - Set 10 - 2008 - 09 - 05}
jessicab10032.jpg,195134,9d429723,\Gallery74\03 - Jessicab\Set 10 - 2008-09-05\,{Shemale Yum Dvd03~31~2~03 - Jessicab - Set 10 - 2008 - 09 - 05}
jessicab10033.jpg,226287,422369a4,\Gallery74\03 - Jessicab\Set 10 - 2008-09-05\,{Shemale Yum Dvd03~31~2~03 - Jessicab - Set 10 - 2008 - 09 - 05}
jessicab10034.jpg,248585,47dd144b,\Gallery74\03 - Jessicab\Set 10 - 2008-09-05\,{Shemale Yum Dvd03~31~2~03 - Jessicab - Set 10 - 2008 - 09 - 05}
jessicab10035.jpg,246219,877c28db,\Gallery74\03 - Jessicab\Set 10 - 2008-09-05\,{Shemale Yum Dvd03~31~2~03 - Jessicab - Set 10 - 2008 - 09 - 05}
jessicab10036.jpg,240788,c4253b51,\Gallery74\03 - Jessicab\Set 10 - 2008-09-05\,{Shemale Yum Dvd03~31~2~03 - Jessicab - Set 10 - 2008 - 09 - 05}
jessicab10037.jpg,237154,6e3079f9,\Gallery74\03 - Jessicab\Set 10 - 2008-09-05\,{Shemale Yum Dvd03~31~2~03 - Jessicab - Set 10 - 2008 - 09 - 05}
jessicab10038.jpg,248022,57db28be,\Gallery74\03 - Jessicab\Set 10 - 2008-09-05\,{Shemale Yum Dvd03~31~2~03 - Jessicab - Set 10 - 2008 - 09 - 05}
jessicab10039.jpg,258824,52f35fd1,\Gallery74\03 - Jessicab\Set 10 - 2008-09-05\,{Shemale Yum Dvd03~31~2~03 - Jessicab - Set 10 - 2008 - 09 - 05}
jessicab10040.jpg,247217,330e8320,\Gallery74\03 - Jessicab\Set 10 - 2008-09-05\,{Shemale Yum Dvd03~31~2~03 - Jessicab - Set 10 - 2008 - 09 - 05}
jessicab10041.jpg,217980,4c400b9b,\Gallery74\03 - Jessicab\Set 10 - 2008-09-05\,{Shemale Yum Dvd03~31~2~03 - Jessicab - Set 10 - 2008 - 09 - 05}
jessicab10042.jpg,240412,473edda7,\Gallery74\03 - Jessicab\Set 10 - 2008-09-05\,{Shemale Yum Dvd03~31~2~03 - Jessicab - Set 10 - 2008 - 09 - 05}
jessicab10043.jpg,222209,9381c42b,\Gallery74\03 - Jessicab\Set 10 - 2008-09-05\,{Shemale Yum Dvd03~31~2~03 - Jessicab - Set 10 - 2008 - 09 - 05}
jessicab10044.jpg,223919,79b6a601,\Gallery74\03 - Jessicab\Set 10 - 2008-09-05\,{Shemale Yum Dvd03~31~2~03 - Jessicab - Set 10 - 2008 - 09 - 05}
jessicab10045.jpg,222722,bdadad84,\Gallery74\03 - Jessicab\Set 10 - 2008-09-05\,{Shemale Yum Dvd03~31~2~03 - Jessicab - Set 10 - 2008 - 09 - 05}
jessicab10046.jpg,217718,36f24c7f,\Gallery74\03 - Jessicab\Set 10 - 2008-09-05\,{Shemale Yum Dvd03~31~2~03 - Jessicab - Set 10 - 2008 - 09 - 05}
jessicab10047.jpg,221390,0b9427ab,\Gallery74\03 - Jessicab\Set 10 - 2008-09-05\,{Shemale Yum Dvd03~31~2~03 - Jessicab - Set 10 - 2008 - 09 - 05}
jessicab10048.jpg,244733,da1cd2bc,\Gallery74\03 - Jessicab\Set 10 - 2008-09-05\,{Shemale Yum Dvd03~31~2~03 - Jessicab - Set 10 - 2008 - 09 - 05}
jessicab10049.jpg,262363,a1a72246,\Gallery74\03 - Jessicab\Set 10 - 2008-09-05\,{Shemale Yum Dvd03~31~2~03 - Jessicab - Set 10 - 2008 - 09 - 05}
jessicab10050.jpg,250281,1a6dbc32,\Gallery74\03 - Jessicab\Set 10 - 2008-09-05\,{Shemale Yum Dvd03~31~2~03 - Jessicab - Set 10 - 2008 - 09 - 05}
jessicab10051.jpg,201728,d24adf6c,\Gallery74\03 - Jessicab\Set 10 - 2008-09-05\,{Shemale Yum Dvd03~31~2~03 - Jessicab - Set 10 - 2008 - 09 - 05}
jessicab10052.jpg,201369,5495b2f7,\Gallery74\03 - Jessicab\Set 10 - 2008-09-05\,{Shemale Yum Dvd03~31~2~03 - Jessicab - Set 10 - 2008 - 09 - 05}
jessicab10053.jpg,234391,4e20284e,\Gallery74\03 - Jessicab\Set 10 - 2008-09-05\,{Shemale Yum Dvd03~31~2~03 - Jessicab - Set 10 - 2008 - 09 - 05}
jessicab10054.jpg,231784,66fe98d4,\Gallery74\03 - Jessicab\Set 10 - 2008-09-05\,{Shemale Yum Dvd03~31~2~03 - Jessicab - Set 10 - 2008 - 09 - 05}
jessicab10055.jpg,238513,4fcb65ef,\Gallery74\03 - Jessicab\Set 10 - 2008-09-05\,{Shemale Yum Dvd03~31~2~03 - Jessicab - Set 10 - 2008 - 09 - 05}
jessicab10056.jpg,241389,ba9f9761,\Gallery74\03 - Jessicab\Set 10 - 2008-09-05\,{Shemale Yum Dvd03~31~2~03 - Jessicab - Set 10 - 2008 - 09 - 05}
jessicab10057.jpg,237993,ba1c9ebe,\Gallery74\03 - Jessicab\Set 10 - 2008-09-05\,{Shemale Yum Dvd03~31~2~03 - Jessicab - Set 10 - 2008 - 09 - 05}
jessicab10058.jpg,236175,2547ee04,\Gallery74\03 - Jessicab\Set 10 - 2008-09-05\,{Shemale Yum Dvd03~31~2~03 - Jessicab - Set 10 - 2008 - 09 - 05}
jessicab10059.jpg,237133,4eabc7d3,\Gallery74\03 - Jessicab\Set 10 - 2008-09-05\,{Shemale Yum Dvd03~31~2~03 - Jessicab - Set 10 - 2008 - 09 - 05}
jessicab10060.jpg,237691,8def6e81,\Gallery74\03 - Jessicab\Set 10 - 2008-09-05\,{Shemale Yum Dvd03~31~2~03 - Jessicab - Set 10 - 2008 - 09 - 05}
jessicab10061.jpg,234746,05cafd84,\Gallery74\03 - Jessicab\Set 10 - 2008-09-05\,{Shemale Yum Dvd03~31~2~03 - Jessicab - Set 10 - 2008 - 09 - 05}
jessicab10062.jpg,242603,4c5cef46,\Gallery74\03 - Jessicab\Set 10 - 2008-09-05\,{Shemale Yum Dvd03~31~2~03 - Jessicab - Set 10 - 2008 - 09 - 05}
jessicab10063.jpg,200552,cbb0b19c,\Gallery74\03 - Jessicab\Set 10 - 2008-09-05\,{Shemale Yum Dvd03~31~2~03 - Jessicab - Set 10 - 2008 - 09 - 05}
jessicab10064.jpg,187225,e511428e,\Gallery74\03 - Jessicab\Set 10 - 2008-09-05\,{Shemale Yum Dvd03~31~2~03 - Jessicab - Set 10 - 2008 - 09 - 05}
jessicab10065.jpg,207692,e2161cc9,\Gallery74\03 - Jessicab\Set 10 - 2008-09-05\,{Shemale Yum Dvd03~31~2~03 - Jessicab - Set 10 - 2008 - 09 - 05}
jessicab10066.jpg,294041,94a6539f,\Gallery74\03 - Jessicab\Set 10 - 2008-09-05\,{Shemale Yum Dvd03~31~2~03 - Jessicab - Set 10 - 2008 - 09 - 05}
jessicab10067.jpg,245001,363b6456,\Gallery74\03 - Jessicab\Set 10 - 2008-09-05\,{Shemale Yum Dvd03~31~2~03 - Jessicab - Set 10 - 2008 - 09 - 05}
jessicab10068.jpg,255857,7d5890d2,\Gallery74\03 - Jessicab\Set 10 - 2008-09-05\,{Shemale Yum Dvd03~31~2~03 - Jessicab - Set 10 - 2008 - 09 - 05}
jessicab10069.jpg,235346,94157f61,\Gallery74\03 - Jessicab\Set 10 - 2008-09-05\,{Shemale Yum Dvd03~31~2~03 - Jessicab - Set 10 - 2008 - 09 - 05}
jessicab10070.jpg,231788,fa122e67,\Gallery74\03 - Jessicab\Set 10 - 2008-09-05\,{Shemale Yum Dvd03~31~2~03 - Jessicab - Set 10 - 2008 - 09 - 05}
jessicab10071.jpg,231979,09affd63,\Gallery74\03 - Jessicab\Set 10 - 2008-09-05\,{Shemale Yum Dvd03~31~2~03 - Jessicab - Set 10 - 2008 - 09 - 05}
jessicab10072.jpg,284547,594b967b,\Gallery74\03 - Jessicab\Set 10 - 2008-09-05\,{Shemale Yum Dvd03~31~2~03 - Jessicab - Set 10 - 2008 - 09 - 05}
jessicab10073.jpg,274111,2c6a825b,\Gallery74\03 - Jessicab\Set 10 - 2008-09-05\,{Shemale Yum Dvd03~31~2~03 - Jessicab - Set 10 - 2008 - 09 - 05}
jessicab10074.jpg,214964,4cea12ab,\Gallery74\03 - Jessicab\Set 10 - 2008-09-05\,{Shemale Yum Dvd03~31~2~03 - Jessicab - Set 10 - 2008 - 09 - 05}
jessicab10075.jpg,212584,03b65180,\Gallery74\03 - Jessicab\Set 10 - 2008-09-05\,{Shemale Yum Dvd03~31~2~03 - Jessicab - Set 10 - 2008 - 09 - 05}
jessicab10076.jpg,219272,8a7fcf0c,\Gallery74\03 - Jessicab\Set 10 - 2008-09-05\,{Shemale Yum Dvd03~31~2~03 - Jessicab - Set 10 - 2008 - 09 - 05}
jessicab10077.jpg,219416,d326a35f,\Gallery74\03 - Jessicab\Set 10 - 2008-09-05\,{Shemale Yum Dvd03~31~2~03 - Jessicab - Set 10 - 2008 - 09 - 05}
jessicab10078.jpg,207553,0ca16c4e,\Gallery74\03 - Jessicab\Set 10 - 2008-09-05\,{Shemale Yum Dvd03~31~2~03 - Jessicab - Set 10 - 2008 - 09 - 05}
jessicab10079.jpg,222002,c4bf224f,\Gallery74\03 - Jessicab\Set 10 - 2008-09-05\,{Shemale Yum Dvd03~31~2~03 - Jessicab - Set 10 - 2008 - 09 - 05}
jessicab10080.jpg,241663,8c6c3c55,\Gallery74\03 - Jessicab\Set 10 - 2008-09-05\,{Shemale Yum Dvd03~31~2~03 - Jessicab - Set 10 - 2008 - 09 - 05}
jessicab10081.jpg,241458,1db7b602,\Gallery74\03 - Jessicab\Set 10 - 2008-09-05\,{Shemale Yum Dvd03~31~2~03 - Jessicab - Set 10 - 2008 - 09 - 05}
jessicab10082.jpg,245452,cbd16bba,\Gallery74\03 - Jessicab\Set 10 - 2008-09-05\,{Shemale Yum Dvd03~31~2~03 - Jessicab - Set 10 - 2008 - 09 - 05}
jessicab10083.jpg,243318,69841e9e,\Gallery74\03 - Jessicab\Set 10 - 2008-09-05\,{Shemale Yum Dvd03~31~2~03 - Jessicab - Set 10 - 2008 - 09 - 05}
jessicab10084.jpg,243129,d6c906de,\Gallery74\03 - Jessicab\Set 10 - 2008-09-05\,{Shemale Yum Dvd03~31~2~03 - Jessicab - Set 10 - 2008 - 09 - 05}
jessicab10085.jpg,229653,e7ec12d5,\Gallery74\03 - Jessicab\Set 10 - 2008-09-05\,{Shemale Yum Dvd03~31~2~03 - Jessicab - Set 10 - 2008 - 09 - 05}
jessicab10086.jpg,230454,f5f1a741,\Gallery74\03 - Jessicab\Set 10 - 2008-09-05\,{Shemale Yum Dvd03~31~2~03 - Jessicab - Set 10 - 2008 - 09 - 05}
jessicab10087.jpg,226564,b57731f7,\Gallery74\03 - Jessicab\Set 10 - 2008-09-05\,{Shemale Yum Dvd03~31~2~03 - Jessicab - Set 10 - 2008 - 09 - 05}
jessicab10088.jpg,227520,a030c9d7,\Gallery74\03 - Jessicab\Set 10 - 2008-09-05\,{Shemale Yum Dvd03~31~2~03 - Jessicab - Set 10 - 2008 - 09 - 05}
jessicab10089.jpg,219141,cd1277d0,\Gallery74\03 - Jessicab\Set 10 - 2008-09-05\,{Shemale Yum Dvd03~31~2~03 - Jessicab - Set 10 - 2008 - 09 - 05}
jessicab10090.jpg,219272,ab03954f,\Gallery74\03 - Jessicab\Set 10 - 2008-09-05\,{Shemale Yum Dvd03~31~2~03 - Jessicab - Set 10 - 2008 - 09 - 05}
jessicab10091.jpg,221210,b3fb93ae,\Gallery74\03 - Jessicab\Set 10 - 2008-09-05\,{Shemale Yum Dvd03~31~2~03 - Jessicab - Set 10 - 2008 - 09 - 05}
jessicab10092.jpg,227157,7595408f,\Gallery74\03 - Jessicab\Set 10 - 2008-09-05\,{Shemale Yum Dvd03~31~2~03 - Jessicab - Set 10 - 2008 - 09 - 05}
jessicab10093.jpg,233075,3bfe8506,\Gallery74\03 - Jessicab\Set 10 - 2008-09-05\,{Shemale Yum Dvd03~31~2~03 - Jessicab - Set 10 - 2008 - 09 - 05}
jessicab10094.jpg,235213,b170b790,\Gallery74\03 - Jessicab\Set 10 - 2008-09-05\,{Shemale Yum Dvd03~31~2~03 - Jessicab - Set 10 - 2008 - 09 - 05}
jessicab10095.jpg,231886,0ecec705,\Gallery74\03 - Jessicab\Set 10 - 2008-09-05\,{Shemale Yum Dvd03~31~2~03 - Jessicab - Set 10 - 2008 - 09 - 05}
jessicab10096.jpg,245419,ba3279bf,\Gallery74\03 - Jessicab\Set 10 - 2008-09-05\,{Shemale Yum Dvd03~31~2~03 - Jessicab - Set 10 - 2008 - 09 - 05}
jessicab10097.jpg,201751,ee2c301a,\Gallery74\03 - Jessicab\Set 10 - 2008-09-05\,{Shemale Yum Dvd03~31~2~03 - Jessicab - Set 10 - 2008 - 09 - 05}
jessicab10098.jpg,211344,abf0031c,\Gallery74\03 - Jessicab\Set 10 - 2008-09-05\,{Shemale Yum Dvd03~31~2~03 - Jessicab - Set 10 - 2008 - 09 - 05}
jessicab10099.jpg,193082,3774b2e2,\Gallery74\03 - Jessicab\Set 10 - 2008-09-05\,{Shemale Yum Dvd03~31~2~03 - Jessicab - Set 10 - 2008 - 09 - 05}
jessicab10100.jpg,185063,89b3c9de,\Gallery74\03 - Jessicab\Set 10 - 2008-09-05\,{Shemale Yum Dvd03~31~2~03 - Jessicab - Set 10 - 2008 - 09 - 05}
jessicab10101.jpg,184271,43b1094b,\Gallery74\03 - Jessicab\Set 10 - 2008-09-05\,{Shemale Yum Dvd03~31~2~03 - Jessicab - Set 10 - 2008 - 09 - 05}
jessicab10102.jpg,205321,4022926b,\Gallery74\03 - Jessicab\Set 10 - 2008-09-05\,{Shemale Yum Dvd03~31~2~03 - Jessicab - Set 10 - 2008 - 09 - 05}
jessicab10103.jpg,201015,e875401b,\Gallery74\03 - Jessicab\Set 10 - 2008-09-05\,{Shemale Yum Dvd03~31~2~03 - Jessicab - Set 10 - 2008 - 09 - 05}
jessicab10104.jpg,186551,1b545e33,\Gallery74\03 - Jessicab\Set 10 - 2008-09-05\,{Shemale Yum Dvd03~31~2~03 - Jessicab - Set 10 - 2008 - 09 - 05}
jessicab10105.jpg,186679,cfaf98f2,\Gallery74\03 - Jessicab\Set 10 - 2008-09-05\,{Shemale Yum Dvd03~31~2~03 - Jessicab - Set 10 - 2008 - 09 - 05}
jessicab10106.jpg,178226,2e63c879,\Gallery74\03 - Jessicab\Set 10 - 2008-09-05\,{Shemale Yum Dvd03~31~2~03 - Jessicab - Set 10 - 2008 - 09 - 05}
jessicab10107.jpg,175342,684cb564,\Gallery74\03 - Jessicab\Set 10 - 2008-09-05\,{Shemale Yum Dvd03~31~2~03 - Jessicab - Set 10 - 2008 - 09 - 05}
jessicab10108.jpg,173353,af869833,\Gallery74\03 - Jessicab\Set 10 - 2008-09-05\,{Shemale Yum Dvd03~31~2~03 - Jessicab - Set 10 - 2008 - 09 - 05}
jessicab10109.jpg,192490,474d4d00,\Gallery74\03 - Jessicab\Set 10 - 2008-09-05\,{Shemale Yum Dvd03~31~2~03 - Jessicab - Set 10 - 2008 - 09 - 05}
jessicab10110.jpg,220790,78d89bed,\Gallery74\03 - Jessicab\Set 10 - 2008-09-05\,{Shemale Yum Dvd03~31~2~03 - Jessicab - Set 10 - 2008 - 09 - 05}
jessicab10111.jpg,237756,819a16a0,\Gallery74\03 - Jessicab\Set 10 - 2008-09-05\,{Shemale Yum Dvd03~31~2~03 - Jessicab - Set 10 - 2008 - 09 - 05}
jessicab10112.jpg,240316,8e1440ae,\Gallery74\03 - Jessicab\Set 10 - 2008-09-05\,{Shemale Yum Dvd03~31~2~03 - Jessicab - Set 10 - 2008 - 09 - 05}
jessicab10113.jpg,231743,9bf5b965,\Gallery74\03 - Jessicab\Set 10 - 2008-09-05\,{Shemale Yum Dvd03~31~2~03 - Jessicab - Set 10 - 2008 - 09 - 05}
jessicab10114.jpg,225927,cb274ced,\Gallery74\03 - Jessicab\Set 10 - 2008-09-05\,{Shemale Yum Dvd03~31~2~03 - Jessicab - Set 10 - 2008 - 09 - 05}
jessicab10115.jpg,199460,0f51983c,\Gallery74\03 - Jessicab\Set 10 - 2008-09-05\,{Shemale Yum Dvd03~31~2~03 - Jessicab - Set 10 - 2008 - 09 - 05}
jessicab10116.jpg,207217,adb7d44d,\Gallery74\03 - Jessicab\Set 10 - 2008-09-05\,{Shemale Yum Dvd03~31~2~03 - Jessicab - Set 10 - 2008 - 09 - 05}
jessicab10117.jpg,209842,f1d65a8c,\Gallery74\03 - Jessicab\Set 10 - 2008-09-05\,{Shemale Yum Dvd03~31~2~03 - Jessicab - Set 10 - 2008 - 09 - 05}
jessicab10118.jpg,192422,5bd6ad21,\Gallery74\03 - Jessicab\Set 10 - 2008-09-05\,{Shemale Yum Dvd03~31~2~03 - Jessicab - Set 10 - 2008 - 09 - 05}
jessicab10119.jpg,202008,01d4e732,\Gallery74\03 - Jessicab\Set 10 - 2008-09-05\,{Shemale Yum Dvd03~31~2~03 - Jessicab - Set 10 - 2008 - 09 - 05}
jessicab10120.jpg,207389,873fe010,\Gallery74\03 - Jessicab\Set 10 - 2008-09-05\,{Shemale Yum Dvd03~31~2~03 - Jessicab - Set 10 - 2008 - 09 - 05}
jessicab10121.jpg,228474,e25c3df7,\Gallery74\03 - Jessicab\Set 10 - 2008-09-05\,{Shemale Yum Dvd03~31~2~03 - Jessicab - Set 10 - 2008 - 09 - 05}
jessicab10122.jpg,215971,f37b5eb9,\Gallery74\03 - Jessicab\Set 10 - 2008-09-05\,{Shemale Yum Dvd03~31~2~03 - Jessicab - Set 10 - 2008 - 09 - 05}
jessicab10123.jpg,257225,3d5a0e3d,\Gallery74\03 - Jessicab\Set 10 - 2008-09-05\,{Shemale Yum Dvd03~31~2~03 - Jessicab - Set 10 - 2008 - 09 - 05}
jessicab10124.jpg,207980,9a84243b,\Gallery74\03 - Jessicab\Set 10 - 2008-09-05\,{Shemale Yum Dvd03~31~2~03 - Jessicab - Set 10 - 2008 - 09 - 05}
jessicab10125.jpg,195109,ead13cd3,\Gallery74\03 - Jessicab\Set 10 - 2008-09-05\,{Shemale Yum Dvd03~31~2~03 - Jessicab - Set 10 - 2008 - 09 - 05}
jessicab10126.jpg,187702,73b346f7,\Gallery74\03 - Jessicab\Set 10 - 2008-09-05\,{Shemale Yum Dvd03~31~2~03 - Jessicab - Set 10 - 2008 - 09 - 05}
jessicab10127.jpg,214320,63e4febb,\Gallery74\03 - Jessicab\Set 10 - 2008-09-05\,{Shemale Yum Dvd03~31~2~03 - Jessicab - Set 10 - 2008 - 09 - 05}
jessicab10128.jpg,231040,4fab7a6d,\Gallery74\03 - Jessicab\Set 10 - 2008-09-05\,{Shemale Yum Dvd03~31~2~03 - Jessicab - Set 10 - 2008 - 09 - 05}
jessicab10129.jpg,236752,a1cc89bd,\Gallery74\03 - Jessicab\Set 10 - 2008-09-05\,{Shemale Yum Dvd03~31~2~03 - Jessicab - Set 10 - 2008 - 09 - 05}
jessicab10130.jpg,228375,8a4c5d0d,\Gallery74\03 - Jessicab\Set 10 - 2008-09-05\,{Shemale Yum Dvd03~31~2~03 - Jessicab - Set 10 - 2008 - 09 - 05}
jessicab10131.jpg,192313,ee6b73e5,\Gallery74\03 - Jessicab\Set 10 - 2008-09-05\,{Shemale Yum Dvd03~31~2~03 - Jessicab - Set 10 - 2008 - 09 - 05}
jessicab10132.jpg,214917,96732daa,\Gallery74\03 - Jessicab\Set 10 - 2008-09-05\,{Shemale Yum Dvd03~31~2~03 - Jessicab - Set 10 - 2008 - 09 - 05}
jessicab10133.jpg,199275,effb51bb,\Gallery74\03 - Jessicab\Set 10 - 2008-09-05\,{Shemale Yum Dvd03~31~2~03 - Jessicab - Set 10 - 2008 - 09 - 05}
jessicab10134.jpg,200719,3024f915,\Gallery74\03 - Jessicab\Set 10 - 2008-09-05\,{Shemale Yum Dvd03~31~2~03 - Jessicab - Set 10 - 2008 - 09 - 05}
jessicab10135.jpg,200982,5ae91334,\Gallery74\03 - Jessicab\Set 10 - 2008-09-05\,{Shemale Yum Dvd03~31~2~03 - Jessicab - Set 10 - 2008 - 09 - 05}
jessicab10136.jpg,222031,6b158a0a,\Gallery74\03 - Jessicab\Set 10 - 2008-09-05\,{Shemale Yum Dvd03~31~2~03 - Jessicab - Set 10 - 2008 - 09 - 05}
jessicab10137.jpg,188706,fb7353f9,\Gallery74\03 - Jessicab\Set 10 - 2008-09-05\,{Shemale Yum Dvd03~31~2~03 - Jessicab - Set 10 - 2008 - 09 - 05}
jessicab10138.jpg,207752,85bbac65,\Gallery74\03 - Jessicab\Set 10 - 2008-09-05\,{Shemale Yum Dvd03~31~2~03 - Jessicab - Set 10 - 2008 - 09 - 05}
jessicab10139.jpg,204182,07a376e8,\Gallery74\03 - Jessicab\Set 10 - 2008-09-05\,{Shemale Yum Dvd03~31~2~03 - Jessicab - Set 10 - 2008 - 09 - 05}
jessicab10140.jpg,217884,9c08fd63,\Gallery74\03 - Jessicab\Set 10 - 2008-09-05\,{Shemale Yum Dvd03~31~2~03 - Jessicab - Set 10 - 2008 - 09 - 05}
jessicab10141.jpg,208911,f3a6af57,\Gallery74\03 - Jessicab\Set 10 - 2008-09-05\,{Shemale Yum Dvd03~31~2~03 - Jessicab - Set 10 - 2008 - 09 - 05}
jessicab10142.jpg,189370,b4c0c98e,\Gallery74\03 - Jessicab\Set 10 - 2008-09-05\,{Shemale Yum Dvd03~31~2~03 - Jessicab - Set 10 - 2008 - 09 - 05}
jessicab10143.jpg,213424,cf347d8e,\Gallery74\03 - Jessicab\Set 10 - 2008-09-05\,{Shemale Yum Dvd03~31~2~03 - Jessicab - Set 10 - 2008 - 09 - 05}
jessicab10144.jpg,222110,2d3a2697,\Gallery74\03 - Jessicab\Set 10 - 2008-09-05\,{Shemale Yum Dvd03~31~2~03 - Jessicab - Set 10 - 2008 - 09 - 05}
jessicab10145.jpg,232926,d8638cca,\Gallery74\03 - Jessicab\Set 10 - 2008-09-05\,{Shemale Yum Dvd03~31~2~03 - Jessicab - Set 10 - 2008 - 09 - 05}
jessicab10146.jpg,249451,c64774ca,\Gallery74\03 - Jessicab\Set 10 - 2008-09-05\,{Shemale Yum Dvd03~31~2~03 - Jessicab - Set 10 - 2008 - 09 - 05}
jessicab10147.jpg,253664,3dbbb7d4,\Gallery74\03 - Jessicab\Set 10 - 2008-09-05\,{Shemale Yum Dvd03~31~2~03 - Jessicab - Set 10 - 2008 - 09 - 05}
jessicab10148.jpg,253380,14fe8ef3,\Gallery74\03 - Jessicab\Set 10 - 2008-09-05\,{Shemale Yum Dvd03~31~2~03 - Jessicab - Set 10 - 2008 - 09 - 05}
jessicab10149.jpg,259377,fbdc1197,\Gallery74\03 - Jessicab\Set 10 - 2008-09-05\,{Shemale Yum Dvd03~31~2~03 - Jessicab - Set 10 - 2008 - 09 - 05}
jessicab10150.jpg,258988,648cbfbe,\Gallery74\03 - Jessicab\Set 10 - 2008-09-05\,{Shemale Yum Dvd03~31~2~03 - Jessicab - Set 10 - 2008 - 09 - 05}
jessicab10151.jpg,223898,6765bb48,\Gallery74\03 - Jessicab\Set 10 - 2008-09-05\,{Shemale Yum Dvd03~31~2~03 - Jessicab - Set 10 - 2008 - 09 - 05}
jessicab10152.jpg,221598,c173a6e5,\Gallery74\03 - Jessicab\Set 10 - 2008-09-05\,{Shemale Yum Dvd03~31~2~03 - Jessicab - Set 10 - 2008 - 09 - 05}
jessicab10153.jpg,219028,bf78c901,\Gallery74\03 - Jessicab\Set 10 - 2008-09-05\,{Shemale Yum Dvd03~31~2~03 - Jessicab - Set 10 - 2008 - 09 - 05}
jessicab10154.jpg,218246,13847df9,\Gallery74\03 - Jessicab\Set 10 - 2008-09-05\,{Shemale Yum Dvd03~31~2~03 - Jessicab - Set 10 - 2008 - 09 - 05}
jessicab10155.jpg,226164,72f337f8,\Gallery74\03 - Jessicab\Set 10 - 2008-09-05\,{Shemale Yum Dvd03~31~2~03 - Jessicab - Set 10 - 2008 - 09 - 05}
jessicab10156.jpg,220096,84464042,\Gallery74\03 - Jessicab\Set 10 - 2008-09-05\,{Shemale Yum Dvd03~31~2~03 - Jessicab - Set 10 - 2008 - 09 - 05}
jessicab10157.jpg,225039,0fc80623,\Gallery74\03 - Jessicab\Set 10 - 2008-09-05\,{Shemale Yum Dvd03~31~2~03 - Jessicab - Set 10 - 2008 - 09 - 05}
jessicab10158.jpg,161981,85eca0cc,\Gallery74\03 - Jessicab\Set 10 - 2008-09-05\,{Shemale Yum Dvd03~31~2~03 - Jessicab - Set 10 - 2008 - 09 - 05}
jessicab10159.jpg,180293,10d4d8c8,\Gallery74\03 - Jessicab\Set 10 - 2008-09-05\,{Shemale Yum Dvd03~31~2~03 - Jessicab - Set 10 - 2008 - 09 - 05}
jessicab10160.jpg,175504,e6749686,\Gallery74\03 - Jessicab\Set 10 - 2008-09-05\,{Shemale Yum Dvd03~31~2~03 - Jessicab - Set 10 - 2008 - 09 - 05}
jessicab10161.jpg,161977,97364158,\Gallery74\03 - Jessicab\Set 10 - 2008-09-05\,{Shemale Yum Dvd03~31~2~03 - Jessicab - Set 10 - 2008 - 09 - 05}
jessicab10162.jpg,240354,956b1903,\Gallery74\03 - Jessicab\Set 10 - 2008-09-05\,{Shemale Yum Dvd03~31~2~03 - Jessicab - Set 10 - 2008 - 09 - 05}
jessicab10163.jpg,204498,29eba98f,\Gallery74\03 - Jessicab\Set 10 - 2008-09-05\,{Shemale Yum Dvd03~31~2~03 - Jessicab - Set 10 - 2008 - 09 - 05}
jessicab10164.jpg,205604,fe26c513,\Gallery74\03 - Jessicab\Set 10 - 2008-09-05\,{Shemale Yum Dvd03~31~2~03 - Jessicab - Set 10 - 2008 - 09 - 05}
jessicab10165.jpg,204969,06b083ff,\Gallery74\03 - Jessicab\Set 10 - 2008-09-05\,{Shemale Yum Dvd03~31~2~03 - Jessicab - Set 10 - 2008 - 09 - 05}
jessicab10166.jpg,210433,2b3e8c71,\Gallery74\03 - Jessicab\Set 10 - 2008-09-05\,{Shemale Yum Dvd03~31~2~03 - Jessicab - Set 10 - 2008 - 09 - 05}
jessicab10167.jpg,213583,03c96697,\Gallery74\03 - Jessicab\Set 10 - 2008-09-05\,{Shemale Yum Dvd03~31~2~03 - Jessicab - Set 10 - 2008 - 09 - 05}
jessicab10168.jpg,212511,e78c6588,\Gallery74\03 - Jessicab\Set 10 - 2008-09-05\,{Shemale Yum Dvd03~31~2~03 - Jessicab - Set 10 - 2008 - 09 - 05}
jessicab10169.jpg,209509,3840d97f,\Gallery74\03 - Jessicab\Set 10 - 2008-09-05\,{Shemale Yum Dvd03~31~2~03 - Jessicab - Set 10 - 2008 - 09 - 05}
jessicab10170.jpg,205501,78999ac0,\Gallery74\03 - Jessicab\Set 10 - 2008-09-05\,{Shemale Yum Dvd03~31~2~03 - Jessicab - Set 10 - 2008 - 09 - 05}
jessicab10171.jpg,193637,8498bf8c,\Gallery74\03 - Jessicab\Set 10 - 2008-09-05\,{Shemale Yum Dvd03~31~2~03 - Jessicab - Set 10 - 2008 - 09 - 05}
jessicab10172.jpg,177250,159b9c14,\Gallery74\03 - Jessicab\Set 10 - 2008-09-05\,{Shemale Yum Dvd03~31~2~03 - Jessicab - Set 10 - 2008 - 09 - 05}
jessicab10173.jpg,253477,e8b8c01f,\Gallery74\03 - Jessicab\Set 10 - 2008-09-05\,{Shemale Yum Dvd03~31~2~03 - Jessicab - Set 10 - 2008 - 09 - 05}
jessicab10174.jpg,188222,54f6ef11,\Gallery74\03 - Jessicab\Set 10 - 2008-09-05\,{Shemale Yum Dvd03~31~2~03 - Jessicab - Set 10 - 2008 - 09 - 05}
jessicab10175.jpg,259267,f568fd49,\Gallery74\03 - Jessicab\Set 10 - 2008-09-05\,{Shemale Yum Dvd03~31~2~03 - Jessicab - Set 10 - 2008 - 09 - 05}
jessicab10176.jpg,256207,c6a1c252,\Gallery74\03 - Jessicab\Set 10 - 2008-09-05\,{Shemale Yum Dvd03~31~2~03 - Jessicab - Set 10 - 2008 - 09 - 05}
jessicab10177.jpg,238967,a4e10749,\Gallery74\03 - Jessicab\Set 10 - 2008-09-05\,{Shemale Yum Dvd03~31~2~03 - Jessicab - Set 10 - 2008 - 09 - 05}
jessicab10178.jpg,228066,10b610e1,\Gallery74\03 - Jessicab\Set 10 - 2008-09-05\,{Shemale Yum Dvd03~31~2~03 - Jessicab - Set 10 - 2008 - 09 - 05}
jessicab10179.jpg,216479,a9ce21ee,\Gallery74\03 - Jessicab\Set 10 - 2008-09-05\,{Shemale Yum Dvd03~31~2~03 - Jessicab - Set 10 - 2008 - 09 - 05}
jessicab10180.jpg,204920,27cc1fdc,\Gallery74\03 - Jessicab\Set 10 - 2008-09-05\,{Shemale Yum Dvd03~31~2~03 - Jessicab - Set 10 - 2008 - 09 - 05}
jessicab10181.jpg,189812,5409a73f,\Gallery74\03 - Jessicab\Set 10 - 2008-09-05\,{Shemale Yum Dvd03~31~2~03 - Jessicab - Set 10 - 2008 - 09 - 05}
jessicab10182.jpg,180813,5928ed18,\Gallery74\03 - Jessicab\Set 10 - 2008-09-05\,{Shemale Yum Dvd03~31~2~03 - Jessicab - Set 10 - 2008 - 09 - 05}
jessicab10183.jpg,228913,17cf47ff,\Gallery74\03 - Jessicab\Set 10 - 2008-09-05\,{Shemale Yum Dvd03~31~2~03 - Jessicab - Set 10 - 2008 - 09 - 05}
jessicab10184.jpg,229787,b6e16d3a,\Gallery74\03 - Jessicab\Set 10 - 2008-09-05\,{Shemale Yum Dvd03~31~2~03 - Jessicab - Set 10 - 2008 - 09 - 05}
jessicab10185.jpg,230057,92c7c499,\Gallery74\03 - Jessicab\Set 10 - 2008-09-05\,{Shemale Yum Dvd03~31~2~03 - Jessicab - Set 10 - 2008 - 09 - 05}
jessicab10186.jpg,182884,27c36fc8,\Gallery74\03 - Jessicab\Set 10 - 2008-09-05\,{Shemale Yum Dvd03~31~2~03 - Jessicab - Set 10 - 2008 - 09 - 05}
jessicab10187.jpg,152778,7ccb3c81,\Gallery74\03 - Jessicab\Set 10 - 2008-09-05\,{Shemale Yum Dvd03~31~2~03 - Jessicab - Set 10 - 2008 - 09 - 05}
jessicab10188.jpg,165023,d81f2a1b,\Gallery74\03 - Jessicab\Set 10 - 2008-09-05\,{Shemale Yum Dvd03~31~2~03 - Jessicab - Set 10 - 2008 - 09 - 05}
jessicab10189.jpg,157352,7453cb19,\Gallery74\03 - Jessicab\Set 10 - 2008-09-05\,{Shemale Yum Dvd03~31~2~03 - Jessicab - Set 10 - 2008 - 09 - 05}
jessicab10190.jpg,162536,b68c6045,\Gallery74\03 - Jessicab\Set 10 - 2008-09-05\,{Shemale Yum Dvd03~31~2~03 - Jessicab - Set 10 - 2008 - 09 - 05}
jessicab10191.jpg,221993,66ea024b,\Gallery74\03 - Jessicab\Set 10 - 2008-09-05\,{Shemale Yum Dvd03~31~2~03 - Jessicab - Set 10 - 2008 - 09 - 05}
jessicab10192.jpg,227036,e3feae4c,\Gallery74\03 - Jessicab\Set 10 - 2008-09-05\,{Shemale Yum Dvd03~31~2~03 - Jessicab - Set 10 - 2008 - 09 - 05}
jessicab10193.jpg,218923,3616e491,\Gallery74\03 - Jessicab\Set 10 - 2008-09-05\,{Shemale Yum Dvd03~31~2~03 - Jessicab - Set 10 - 2008 - 09 - 05}
jessicab10194.jpg,216229,3fad7915,\Gallery74\03 - Jessicab\Set 10 - 2008-09-05\,{Shemale Yum Dvd03~31~2~03 - Jessicab - Set 10 - 2008 - 09 - 05}
jessicab10195.jpg,203666,eefa2ed2,\Gallery74\03 - Jessicab\Set 10 - 2008-09-05\,{Shemale Yum Dvd03~31~2~03 - Jessicab - Set 10 - 2008 - 09 - 05}
roxi6001.jpg,330961,44d96ea9,\Gallery78\01 - Roxi\Set 06 - 2008-05-30\,{Shemale Yum Dvd03~32~1~01 - Roxi - Set 06 - 2008 - 05 - 30}
roxi6002.jpg,344621,cdb4bca1,\Gallery78\01 - Roxi\Set 06 - 2008-05-30\,{Shemale Yum Dvd03~32~1~01 - Roxi - Set 06 - 2008 - 05 - 30}
roxi6003.jpg,358307,cc9f31d3,\Gallery78\01 - Roxi\Set 06 - 2008-05-30\,{Shemale Yum Dvd03~32~1~01 - Roxi - Set 06 - 2008 - 05 - 30}
roxi6004.jpg,362137,8aaffe10,\Gallery78\01 - Roxi\Set 06 - 2008-05-30\,{Shemale Yum Dvd03~32~1~01 - Roxi - Set 06 - 2008 - 05 - 30}
roxi6005.jpg,341728,1663a67e,\Gallery78\01 - Roxi\Set 06 - 2008-05-30\,{Shemale Yum Dvd03~32~1~01 - Roxi - Set 06 - 2008 - 05 - 30}
roxi6006.jpg,286513,b01d0e8d,\Gallery78\01 - Roxi\Set 06 - 2008-05-30\,{Shemale Yum Dvd03~32~1~01 - Roxi - Set 06 - 2008 - 05 - 30}
roxi6007.jpg,262151,2ea269c8,\Gallery78\01 - Roxi\Set 06 - 2008-05-30\,{Shemale Yum Dvd03~32~1~01 - Roxi - Set 06 - 2008 - 05 - 30}
roxi6008.jpg,261423,f750ea31,\Gallery78\01 - Roxi\Set 06 - 2008-05-30\,{Shemale Yum Dvd03~32~1~01 - Roxi - Set 06 - 2008 - 05 - 30}
roxi6009.jpg,268536,2221f3b0,\Gallery78\01 - Roxi\Set 06 - 2008-05-30\,{Shemale Yum Dvd03~32~1~01 - Roxi - Set 06 - 2008 - 05 - 30}
roxi6010.jpg,263697,913faf4d,\Gallery78\01 - Roxi\Set 06 - 2008-05-30\,{Shemale Yum Dvd03~32~1~01 - Roxi - Set 06 - 2008 - 05 - 30}
roxi6011.jpg,302922,aa7d0654,\Gallery78\01 - Roxi\Set 06 - 2008-05-30\,{Shemale Yum Dvd03~32~1~01 - Roxi - Set 06 - 2008 - 05 - 30}
roxi6012.jpg,326068,b6d10592,\Gallery78\01 - Roxi\Set 06 - 2008-05-30\,{Shemale Yum Dvd03~32~1~01 - Roxi - Set 06 - 2008 - 05 - 30}
roxi6013.jpg,277492,be3bff45,\Gallery78\01 - Roxi\Set 06 - 2008-05-30\,{Shemale Yum Dvd03~32~1~01 - Roxi - Set 06 - 2008 - 05 - 30}
roxi6014.jpg,295030,c8205bb2,\Gallery78\01 - Roxi\Set 06 - 2008-05-30\,{Shemale Yum Dvd03~32~1~01 - Roxi - Set 06 - 2008 - 05 - 30}
roxi6015.jpg,280131,21362bfa,\Gallery78\01 - Roxi\Set 06 - 2008-05-30\,{Shemale Yum Dvd03~32~1~01 - Roxi - Set 06 - 2008 - 05 - 30}
roxi6016.jpg,302129,f4573660,\Gallery78\01 - Roxi\Set 06 - 2008-05-30\,{Shemale Yum Dvd03~32~1~01 - Roxi - Set 06 - 2008 - 05 - 30}
roxi6017.jpg,284209,e5aff81a,\Gallery78\01 - Roxi\Set 06 - 2008-05-30\,{Shemale Yum Dvd03~32~1~01 - Roxi - Set 06 - 2008 - 05 - 30}
roxi6018.jpg,283549,de8a6dd8,\Gallery78\01 - Roxi\Set 06 - 2008-05-30\,{Shemale Yum Dvd03~32~1~01 - Roxi - Set 06 - 2008 - 05 - 30}
roxi6019.jpg,301643,63fa7115,\Gallery78\01 - Roxi\Set 06 - 2008-05-30\,{Shemale Yum Dvd03~32~1~01 - Roxi - Set 06 - 2008 - 05 - 30}
roxi6020.jpg,302209,2699fc35,\Gallery78\01 - Roxi\Set 06 - 2008-05-30\,{Shemale Yum Dvd03~32~1~01 - Roxi - Set 06 - 2008 - 05 - 30}
roxi6021.jpg,327895,fb6e11eb,\Gallery78\01 - Roxi\Set 06 - 2008-05-30\,{Shemale Yum Dvd03~32~1~01 - Roxi - Set 06 - 2008 - 05 - 30}
roxi6022.jpg,305671,120ce411,\Gallery78\01 - Roxi\Set 06 - 2008-05-30\,{Shemale Yum Dvd03~32~1~01 - Roxi - Set 06 - 2008 - 05 - 30}
roxi6023.jpg,325949,a65f0d9f,\Gallery78\01 - Roxi\Set 06 - 2008-05-30\,{Shemale Yum Dvd03~32~1~01 - Roxi - Set 06 - 2008 - 05 - 30}
roxi6024.jpg,281863,d21299fe,\Gallery78\01 - Roxi\Set 06 - 2008-05-30\,{Shemale Yum Dvd03~32~1~01 - Roxi - Set 06 - 2008 - 05 - 30}
roxi6025.jpg,295467,c6e52b5a,\Gallery78\01 - Roxi\Set 06 - 2008-05-30\,{Shemale Yum Dvd03~32~1~01 - Roxi - Set 06 - 2008 - 05 - 30}
roxi6026.jpg,301513,a0ac526d,\Gallery78\01 - Roxi\Set 06 - 2008-05-30\,{Shemale Yum Dvd03~32~1~01 - Roxi - Set 06 - 2008 - 05 - 30}
roxi6027.jpg,296851,470fff06,\Gallery78\01 - Roxi\Set 06 - 2008-05-30\,{Shemale Yum Dvd03~32~1~01 - Roxi - Set 06 - 2008 - 05 - 30}
roxi6028.jpg,292632,7023fd6f,\Gallery78\01 - Roxi\Set 06 - 2008-05-30\,{Shemale Yum Dvd03~32~1~01 - Roxi - Set 06 - 2008 - 05 - 30}
roxi6029.jpg,219783,415f638c,\Gallery78\01 - Roxi\Set 06 - 2008-05-30\,{Shemale Yum Dvd03~32~1~01 - Roxi - Set 06 - 2008 - 05 - 30}
roxi6030.jpg,239807,b9fe30b3,\Gallery78\01 - Roxi\Set 06 - 2008-05-30\,{Shemale Yum Dvd03~32~1~01 - Roxi - Set 06 - 2008 - 05 - 30}
roxi6031.jpg,237909,f04b9db4,\Gallery78\01 - Roxi\Set 06 - 2008-05-30\,{Shemale Yum Dvd03~32~1~01 - Roxi - Set 06 - 2008 - 05 - 30}
roxi6032.jpg,247885,9adc9448,\Gallery78\01 - Roxi\Set 06 - 2008-05-30\,{Shemale Yum Dvd03~32~1~01 - Roxi - Set 06 - 2008 - 05 - 30}
roxi6033.jpg,291769,6bd06b0b,\Gallery78\01 - Roxi\Set 06 - 2008-05-30\,{Shemale Yum Dvd03~32~1~01 - Roxi - Set 06 - 2008 - 05 - 30}
roxi6034.jpg,259901,2bde6ef7,\Gallery78\01 - Roxi\Set 06 - 2008-05-30\,{Shemale Yum Dvd03~32~1~01 - Roxi - Set 06 - 2008 - 05 - 30}
roxi6035.jpg,262554,00207b98,\Gallery78\01 - Roxi\Set 06 - 2008-05-30\,{Shemale Yum Dvd03~32~1~01 - Roxi - Set 06 - 2008 - 05 - 30}
roxi6036.jpg,261406,54972eab,\Gallery78\01 - Roxi\Set 06 - 2008-05-30\,{Shemale Yum Dvd03~32~1~01 - Roxi - Set 06 - 2008 - 05 - 30}
roxi6037.jpg,295201,ede01918,\Gallery78\01 - Roxi\Set 06 - 2008-05-30\,{Shemale Yum Dvd03~32~1~01 - Roxi - Set 06 - 2008 - 05 - 30}
roxi6038.jpg,301824,d51ebaf4,\Gallery78\01 - Roxi\Set 06 - 2008-05-30\,{Shemale Yum Dvd03~32~1~01 - Roxi - Set 06 - 2008 - 05 - 30}
roxi6039.jpg,293937,56e23d75,\Gallery78\01 - Roxi\Set 06 - 2008-05-30\,{Shemale Yum Dvd03~32~1~01 - Roxi - Set 06 - 2008 - 05 - 30}
roxi6040.jpg,269719,8c803d89,\Gallery78\01 - Roxi\Set 06 - 2008-05-30\,{Shemale Yum Dvd03~32~1~01 - Roxi - Set 06 - 2008 - 05 - 30}
roxi6041.jpg,309199,b920bbd0,\Gallery78\01 - Roxi\Set 06 - 2008-05-30\,{Shemale Yum Dvd03~32~1~01 - Roxi - Set 06 - 2008 - 05 - 30}
roxi6042.jpg,301352,6c6f05bb,\Gallery78\01 - Roxi\Set 06 - 2008-05-30\,{Shemale Yum Dvd03~32~1~01 - Roxi - Set 06 - 2008 - 05 - 30}
roxi6043.jpg,290374,b9f69189,\Gallery78\01 - Roxi\Set 06 - 2008-05-30\,{Shemale Yum Dvd03~32~1~01 - Roxi - Set 06 - 2008 - 05 - 30}
roxi6044.jpg,284160,450c8092,\Gallery78\01 - Roxi\Set 06 - 2008-05-30\,{Shemale Yum Dvd03~32~1~01 - Roxi - Set 06 - 2008 - 05 - 30}
roxi6045.jpg,302674,d4566fcf,\Gallery78\01 - Roxi\Set 06 - 2008-05-30\,{Shemale Yum Dvd03~32~1~01 - Roxi - Set 06 - 2008 - 05 - 30}
roxi6046.jpg,294157,f0bb7fa3,\Gallery78\01 - Roxi\Set 06 - 2008-05-30\,{Shemale Yum Dvd03~32~1~01 - Roxi - Set 06 - 2008 - 05 - 30}
roxi6047.jpg,290224,aaf7fb58,\Gallery78\01 - Roxi\Set 06 - 2008-05-30\,{Shemale Yum Dvd03~32~1~01 - Roxi - Set 06 - 2008 - 05 - 30}
roxi6048.jpg,288867,7a0188e6,\Gallery78\01 - Roxi\Set 06 - 2008-05-30\,{Shemale Yum Dvd03~32~1~01 - Roxi - Set 06 - 2008 - 05 - 30}
roxi6049.jpg,287412,51d64b37,\Gallery78\01 - Roxi\Set 06 - 2008-05-30\,{Shemale Yum Dvd03~32~1~01 - Roxi - Set 06 - 2008 - 05 - 30}
roxi6050.jpg,291247,7b95e277,\Gallery78\01 - Roxi\Set 06 - 2008-05-30\,{Shemale Yum Dvd03~32~1~01 - Roxi - Set 06 - 2008 - 05 - 30}
roxi6051.jpg,274501,ba07a197,\Gallery78\01 - Roxi\Set 06 - 2008-05-30\,{Shemale Yum Dvd03~32~1~01 - Roxi - Set 06 - 2008 - 05 - 30}
roxi6052.jpg,305171,ef7ad5ff,\Gallery78\01 - Roxi\Set 06 - 2008-05-30\,{Shemale Yum Dvd03~32~1~01 - Roxi - Set 06 - 2008 - 05 - 30}
roxi6053.jpg,299974,87dd6e2d,\Gallery78\01 - Roxi\Set 06 - 2008-05-30\,{Shemale Yum Dvd03~32~1~01 - Roxi - Set 06 - 2008 - 05 - 30}
roxi6054.jpg,306323,e3116d18,\Gallery78\01 - Roxi\Set 06 - 2008-05-30\,{Shemale Yum Dvd03~32~1~01 - Roxi - Set 06 - 2008 - 05 - 30}
roxi6055.jpg,302456,20243149,\Gallery78\01 - Roxi\Set 06 - 2008-05-30\,{Shemale Yum Dvd03~32~1~01 - Roxi - Set 06 - 2008 - 05 - 30}
roxi6056.jpg,308969,2d1bc2f9,\Gallery78\01 - Roxi\Set 06 - 2008-05-30\,{Shemale Yum Dvd03~32~1~01 - Roxi - Set 06 - 2008 - 05 - 30}
roxi6057.jpg,293547,0027e706,\Gallery78\01 - Roxi\Set 06 - 2008-05-30\,{Shemale Yum Dvd03~32~1~01 - Roxi - Set 06 - 2008 - 05 - 30}
roxi6058.jpg,284081,939760e2,\Gallery78\01 - Roxi\Set 06 - 2008-05-30\,{Shemale Yum Dvd03~32~1~01 - Roxi - Set 06 - 2008 - 05 - 30}
roxi6059.jpg,290394,d70007e8,\Gallery78\01 - Roxi\Set 06 - 2008-05-30\,{Shemale Yum Dvd03~32~1~01 - Roxi - Set 06 - 2008 - 05 - 30}
roxi6060.jpg,299535,9197a5ce,\Gallery78\01 - Roxi\Set 06 - 2008-05-30\,{Shemale Yum Dvd03~32~1~01 - Roxi - Set 06 - 2008 - 05 - 30}
roxi6061.jpg,314781,230a11a9,\Gallery78\01 - Roxi\Set 06 - 2008-05-30\,{Shemale Yum Dvd03~32~1~01 - Roxi - Set 06 - 2008 - 05 - 30}
roxi6062.jpg,304790,4f414b29,\Gallery78\01 - Roxi\Set 06 - 2008-05-30\,{Shemale Yum Dvd03~32~1~01 - Roxi - Set 06 - 2008 - 05 - 30}
roxi6063.jpg,308604,57cb8bf9,\Gallery78\01 - Roxi\Set 06 - 2008-05-30\,{Shemale Yum Dvd03~32~1~01 - Roxi - Set 06 - 2008 - 05 - 30}
roxi6064.jpg,310078,93f28dfe,\Gallery78\01 - Roxi\Set 06 - 2008-05-30\,{Shemale Yum Dvd03~32~1~01 - Roxi - Set 06 - 2008 - 05 - 30}
roxi6065.jpg,305558,c7a869d8,\Gallery78\01 - Roxi\Set 06 - 2008-05-30\,{Shemale Yum Dvd03~32~1~01 - Roxi - Set 06 - 2008 - 05 - 30}
roxi6066.jpg,295100,2f5f5f26,\Gallery78\01 - Roxi\Set 06 - 2008-05-30\,{Shemale Yum Dvd03~32~1~01 - Roxi - Set 06 - 2008 - 05 - 30}
roxi6067.jpg,304798,7ec4f03c,\Gallery78\01 - Roxi\Set 06 - 2008-05-30\,{Shemale Yum Dvd03~32~1~01 - Roxi - Set 06 - 2008 - 05 - 30}
roxi6068.jpg,300564,ed77681b,\Gallery78\01 - Roxi\Set 06 - 2008-05-30\,{Shemale Yum Dvd03~32~1~01 - Roxi - Set 06 - 2008 - 05 - 30}
roxi6069.jpg,305627,5499d2dc,\Gallery78\01 - Roxi\Set 06 - 2008-05-30\,{Shemale Yum Dvd03~32~1~01 - Roxi - Set 06 - 2008 - 05 - 30}
roxi6070.jpg,304191,c6b86579,\Gallery78\01 - Roxi\Set 06 - 2008-05-30\,{Shemale Yum Dvd03~32~1~01 - Roxi - Set 06 - 2008 - 05 - 30}
roxi6071.jpg,309114,d0d83c7d,\Gallery78\01 - Roxi\Set 06 - 2008-05-30\,{Shemale Yum Dvd03~32~1~01 - Roxi - Set 06 - 2008 - 05 - 30}
roxi6072.jpg,309484,f1f5c522,\Gallery78\01 - Roxi\Set 06 - 2008-05-30\,{Shemale Yum Dvd03~32~1~01 - Roxi - Set 06 - 2008 - 05 - 30}
roxi6073.jpg,311427,f6300e95,\Gallery78\01 - Roxi\Set 06 - 2008-05-30\,{Shemale Yum Dvd03~32~1~01 - Roxi - Set 06 - 2008 - 05 - 30}
roxi6074.jpg,305296,1f784512,\Gallery78\01 - Roxi\Set 06 - 2008-05-30\,{Shemale Yum Dvd03~32~1~01 - Roxi - Set 06 - 2008 - 05 - 30}
roxi6075.jpg,307749,f97ff809,\Gallery78\01 - Roxi\Set 06 - 2008-05-30\,{Shemale Yum Dvd03~32~1~01 - Roxi - Set 06 - 2008 - 05 - 30}
roxi6076.jpg,308668,8dcd6f50,\Gallery78\01 - Roxi\Set 06 - 2008-05-30\,{Shemale Yum Dvd03~32~1~01 - Roxi - Set 06 - 2008 - 05 - 30}
roxi6077.jpg,284670,871686c6,\Gallery78\01 - Roxi\Set 06 - 2008-05-30\,{Shemale Yum Dvd03~32~1~01 - Roxi - Set 06 - 2008 - 05 - 30}
roxi6078.jpg,283379,d36133de,\Gallery78\01 - Roxi\Set 06 - 2008-05-30\,{Shemale Yum Dvd03~32~1~01 - Roxi - Set 06 - 2008 - 05 - 30}
roxi6079.jpg,280829,74bae7d5,\Gallery78\01 - Roxi\Set 06 - 2008-05-30\,{Shemale Yum Dvd03~32~1~01 - Roxi - Set 06 - 2008 - 05 - 30}
roxi6080.jpg,276964,5f5097c0,\Gallery78\01 - Roxi\Set 06 - 2008-05-30\,{Shemale Yum Dvd03~32~1~01 - Roxi - Set 06 - 2008 - 05 - 30}
roxi6081.jpg,274557,f2113800,\Gallery78\01 - Roxi\Set 06 - 2008-05-30\,{Shemale Yum Dvd03~32~1~01 - Roxi - Set 06 - 2008 - 05 - 30}
roxi6082.jpg,303767,3b55cb24,\Gallery78\01 - Roxi\Set 06 - 2008-05-30\,{Shemale Yum Dvd03~32~1~01 - Roxi - Set 06 - 2008 - 05 - 30}
roxi6083.jpg,304029,258247d4,\Gallery78\01 - Roxi\Set 06 - 2008-05-30\,{Shemale Yum Dvd03~32~1~01 - Roxi - Set 06 - 2008 - 05 - 30}
roxi6084.jpg,294185,df4acb67,\Gallery78\01 - Roxi\Set 06 - 2008-05-30\,{Shemale Yum Dvd03~32~1~01 - Roxi - Set 06 - 2008 - 05 - 30}
roxi6085.jpg,301044,59958de4,\Gallery78\01 - Roxi\Set 06 - 2008-05-30\,{Shemale Yum Dvd03~32~1~01 - Roxi - Set 06 - 2008 - 05 - 30}
stephany001.jpg,140973,02d202b3,\Gallery 47\06 - Stephany\,{Shemale Yum Dvd03~G47~06~06 - Stephany}
stephany002.jpg,144323,6da1a2fe,\Gallery 47\06 - Stephany\,{Shemale Yum Dvd03~G47~06~06 - Stephany}
stephany003.jpg,156555,b436a383,\Gallery 47\06 - Stephany\,{Shemale Yum Dvd03~G47~06~06 - Stephany}
stephany004.jpg,118050,bbba19c4,\Gallery 47\06 - Stephany\,{Shemale Yum Dvd03~G47~06~06 - Stephany}
stephany005.jpg,127062,a57d811d,\Gallery 47\06 - Stephany\,{Shemale Yum Dvd03~G47~06~06 - Stephany}
stephany006.jpg,139477,600e01c8,\Gallery 47\06 - Stephany\,{Shemale Yum Dvd03~G47~06~06 - Stephany}
stephany007.jpg,121982,6a0861eb,\Gallery 47\06 - Stephany\,{Shemale Yum Dvd03~G47~06~06 - Stephany}
stephany008.jpg,87530,c70afb72,\Gallery 47\06 - Stephany\,{Shemale Yum Dvd03~G47~06~06 - Stephany}
stephany009.jpg,117116,a43dad2b,\Gallery 47\06 - Stephany\,{Shemale Yum Dvd03~G47~06~06 - Stephany}
stephany010.jpg,90194,0c38dc53,\Gallery 47\06 - Stephany\,{Shemale Yum Dvd03~G47~06~06 - Stephany}
stephany011.jpg,90274,884c7569,\Gallery 47\06 - Stephany\,{Shemale Yum Dvd03~G47~06~06 - Stephany}
stephany012.jpg,87958,6a49ecc3,\Gallery 47\06 - Stephany\,{Shemale Yum Dvd03~G47~06~06 - Stephany}
stephany013.jpg,127680,e9aa61d5,\Gallery 47\06 - Stephany\,{Shemale Yum Dvd03~G47~06~06 - Stephany}
stephany014.jpg,116419,5f03803a,\Gallery 47\06 - Stephany\,{Shemale Yum Dvd03~G47~06~06 - Stephany}
stephany015.jpg,140339,20edb8cb,\Gallery 47\06 - Stephany\,{Shemale Yum Dvd03~G47~06~06 - Stephany}
stephany016.jpg,112240,fbb3e446,\Gallery 47\06 - Stephany\,{Shemale Yum Dvd03~G47~06~06 - Stephany}
stephany017.jpg,123351,66915e53,\Gallery 47\06 - Stephany\,{Shemale Yum Dvd03~G47~06~06 - Stephany}
stephany018.jpg,89335,07294b17,\Gallery 47\06 - Stephany\,{Shemale Yum Dvd03~G47~06~06 - Stephany}
stephany019.jpg,118394,5a6a8c7d,\Gallery 47\06 - Stephany\,{Shemale Yum Dvd03~G47~06~06 - Stephany}
stephany020.jpg,109687,a60683b7,\Gallery 47\06 - Stephany\,{Shemale Yum Dvd03~G47~06~06 - Stephany}
stephany022.jpg,87982,7c2dac9b,\Gallery 47\06 - Stephany\,{Shemale Yum Dvd03~G47~06~06 - Stephany}
stephany023.jpg,89122,20053c79,\Gallery 47\06 - Stephany\,{Shemale Yum Dvd03~G47~06~06 - Stephany}
stephany024.jpg,121028,c39922f5,\Gallery 47\06 - Stephany\,{Shemale Yum Dvd03~G47~06~06 - Stephany}
stephany025.jpg,88476,6745a7d3,\Gallery 47\06 - Stephany\,{Shemale Yum Dvd03~G47~06~06 - Stephany}
stephany026.jpg,88369,fef841c7,\Gallery 47\06 - Stephany\,{Shemale Yum Dvd03~G47~06~06 - Stephany}
stephany027.jpg,110510,4bf6146e,\Gallery 47\06 - Stephany\,{Shemale Yum Dvd03~G47~06~06 - Stephany}
stephany028.jpg,128686,369eb73e,\Gallery 47\06 - Stephany\,{Shemale Yum Dvd03~G47~06~06 - Stephany}
stephany029.jpg,109905,b1a07a67,\Gallery 47\06 - Stephany\,{Shemale Yum Dvd03~G47~06~06 - Stephany}
stephany030.jpg,84540,750e5bfd,\Gallery 47\06 - Stephany\,{Shemale Yum Dvd03~G47~06~06 - Stephany}
stephany031.jpg,108120,13973432,\Gallery 47\06 - Stephany\,{Shemale Yum Dvd03~G47~06~06 - Stephany}
stephany032.jpg,110367,33ecceef,\Gallery 47\06 - Stephany\,{Shemale Yum Dvd03~G47~06~06 - Stephany}
stephany033.jpg,110333,b73105a2,\Gallery 47\06 - Stephany\,{Shemale Yum Dvd03~G47~06~06 - Stephany}
stephany034.jpg,100068,6b39e470,\Gallery 47\06 - Stephany\,{Shemale Yum Dvd03~G47~06~06 - Stephany}
stephany035.jpg,94460,6156c3db,\Gallery 47\06 - Stephany\,{Shemale Yum Dvd03~G47~06~06 - Stephany}
stephany036.jpg,82349,11dcba1f,\Gallery 47\06 - Stephany\,{Shemale Yum Dvd03~G47~06~06 - Stephany}
stephany037.jpg,104364,eb5b7a36,\Gallery 47\06 - Stephany\,{Shemale Yum Dvd03~G47~06~06 - Stephany}
stephany038.jpg,100239,64b8a3eb,\Gallery 47\06 - Stephany\,{Shemale Yum Dvd03~G47~06~06 - Stephany}
stephany039.jpg,108735,b9524486,\Gallery 47\06 - Stephany\,{Shemale Yum Dvd03~G47~06~06 - Stephany}
stephany040.jpg,101932,9514fb97,\Gallery 47\06 - Stephany\,{Shemale Yum Dvd03~G47~06~06 - Stephany}
stephany041.jpg,107265,14dd5c3c,\Gallery 47\06 - Stephany\,{Shemale Yum Dvd03~G47~06~06 - Stephany}
stephany042.jpg,106056,e75f7ab6,\Gallery 47\06 - Stephany\,{Shemale Yum Dvd03~G47~06~06 - Stephany}
stephany043.jpg,119800,4ceb98b5,\Gallery 47\06 - Stephany\,{Shemale Yum Dvd03~G47~06~06 - Stephany}
stephany044.jpg,131693,ddad8513,\Gallery 47\06 - Stephany\,{Shemale Yum Dvd03~G47~06~06 - Stephany}
stephany045.jpg,111387,3806c6fc,\Gallery 47\06 - Stephany\,{Shemale Yum Dvd03~G47~06~06 - Stephany}
stephany046.jpg,112545,1ed25451,\Gallery 47\06 - Stephany\,{Shemale Yum Dvd03~G47~06~06 - Stephany}
stephany048.jpg,107687,e2831032,\Gallery 47\06 - Stephany\,{Shemale Yum Dvd03~G47~06~06 - Stephany}
stephany049.jpg,120153,fa0f6370,\Gallery 47\06 - Stephany\,{Shemale Yum Dvd03~G47~06~06 - Stephany}
stephany050.jpg,119217,3a78616c,\Gallery 47\06 - Stephany\,{Shemale Yum Dvd03~G47~06~06 - Stephany}
stephany051.jpg,104623,30ab1c94,\Gallery 47\06 - Stephany\,{Shemale Yum Dvd03~G47~06~06 - Stephany}
stephany052.jpg,120166,d2e682d2,\Gallery 47\06 - Stephany\,{Shemale Yum Dvd03~G47~06~06 - Stephany}
stephany053.jpg,87138,8370a4fd,\Gallery 47\06 - Stephany\,{Shemale Yum Dvd03~G47~06~06 - Stephany}
stephany054.jpg,128359,ef3fd093,\Gallery 47\06 - Stephany\,{Shemale Yum Dvd03~G47~06~06 - Stephany}
stephany055.jpg,141279,2f8266ef,\Gallery 47\06 - Stephany\,{Shemale Yum Dvd03~G47~06~06 - Stephany}
stephany056.jpg,88570,017647c5,\Gallery 47\06 - Stephany\,{Shemale Yum Dvd03~G47~06~06 - Stephany}
stephany057.jpg,142906,4bf1a7df,\Gallery 47\06 - Stephany\,{Shemale Yum Dvd03~G47~06~06 - Stephany}
stephany058.jpg,141520,74b19190,\Gallery 47\06 - Stephany\,{Shemale Yum Dvd03~G47~06~06 - Stephany}
stephany059.jpg,110938,a10c09cd,\Gallery 47\06 - Stephany\,{Shemale Yum Dvd03~G47~06~06 - Stephany}
stephany060.jpg,117679,2e85cb6d,\Gallery 47\06 - Stephany\,{Shemale Yum Dvd03~G47~06~06 - Stephany}
stephany061.jpg,119957,17e312d0,\Gallery 47\06 - Stephany\,{Shemale Yum Dvd03~G47~06~06 - Stephany}
stephany063.jpg,136503,bdc86df4,\Gallery 47\06 - Stephany\,{Shemale Yum Dvd03~G47~06~06 - Stephany}
stephany064.jpg,113606,456196c4,\Gallery 47\06 - Stephany\,{Shemale Yum Dvd03~G47~06~06 - Stephany}
stephany065.jpg,118310,02367f1e,\Gallery 47\06 - Stephany\,{Shemale Yum Dvd03~G47~06~06 - Stephany}
stephany068.jpg,127710,c02f9f55,\Gallery 47\06 - Stephany\,{Shemale Yum Dvd03~G47~06~06 - Stephany}
stephany069.jpg,88637,a4352356,\Gallery 47\06 - Stephany\,{Shemale Yum Dvd03~G47~06~06 - Stephany}
stephany070.jpg,133829,6d365e3c,\Gallery 47\06 - Stephany\,{Shemale Yum Dvd03~G47~06~06 - Stephany}
stephany071.jpg,117492,ad7071e8,\Gallery 47\06 - Stephany\,{Shemale Yum Dvd03~G47~06~06 - Stephany}
stephanyc001.jpg,132338,4f11bf0f,\Gallery 47\06 - Stephany (2)\,{Shemale Yum Dvd03~G47~06-2~06 - Stephany (2)}
stephanyc002.jpg,131155,d67c137b,\Gallery 47\06 - Stephany (2)\,{Shemale Yum Dvd03~G47~06-2~06 - Stephany (2)}
stephanyc003.jpg,136868,051f2646,\Gallery 47\06 - Stephany (2)\,{Shemale Yum Dvd03~G47~06-2~06 - Stephany (2)}
stephanyc004.jpg,131433,28128230,\Gallery 47\06 - Stephany (2)\,{Shemale Yum Dvd03~G47~06-2~06 - Stephany (2)}
stephanyc005.jpg,131544,9396d338,\Gallery 47\06 - Stephany (2)\,{Shemale Yum Dvd03~G47~06-2~06 - Stephany (2)}
stephanyc006.jpg,117857,a3b33aa9,\Gallery 47\06 - Stephany (2)\,{Shemale Yum Dvd03~G47~06-2~06 - Stephany (2)}
stephanyc007.jpg,126299,41077fbc,\Gallery 47\06 - Stephany (2)\,{Shemale Yum Dvd03~G47~06-2~06 - Stephany (2)}
stephanyc008.jpg,138995,3cefe2b8,\Gallery 47\06 - Stephany (2)\,{Shemale Yum Dvd03~G47~06-2~06 - Stephany (2)}
stephanyc009.jpg,142515,06f7609e,\Gallery 47\06 - Stephany (2)\,{Shemale Yum Dvd03~G47~06-2~06 - Stephany (2)}
stephanyc010.jpg,126125,052e8483,\Gallery 47\06 - Stephany (2)\,{Shemale Yum Dvd03~G47~06-2~06 - Stephany (2)}
stephanyc011.jpg,140352,f9b3a858,\Gallery 47\06 - Stephany (2)\,{Shemale Yum Dvd03~G47~06-2~06 - Stephany (2)}
stephanyc012.jpg,132911,481a2936,\Gallery 47\06 - Stephany (2)\,{Shemale Yum Dvd03~G47~06-2~06 - Stephany (2)}
stephanyc013.jpg,133079,04b8b646,\Gallery 47\06 - Stephany (2)\,{Shemale Yum Dvd03~G47~06-2~06 - Stephany (2)}
stephanyc014.jpg,134379,ac9918e2,\Gallery 47\06 - Stephany (2)\,{Shemale Yum Dvd03~G47~06-2~06 - Stephany (2)}
stephanyc015.jpg,132332,45281825,\Gallery 47\06 - Stephany (2)\,{Shemale Yum Dvd03~G47~06-2~06 - Stephany (2)}
stephanyc016.jpg,140203,72a6bf22,\Gallery 47\06 - Stephany (2)\,{Shemale Yum Dvd03~G47~06-2~06 - Stephany (2)}
stephanyc017.jpg,133620,7babcf4e,\Gallery 47\06 - Stephany (2)\,{Shemale Yum Dvd03~G47~06-2~06 - Stephany (2)}
stephanyc018.jpg,138009,a547bdf2,\Gallery 47\06 - Stephany (2)\,{Shemale Yum Dvd03~G47~06-2~06 - Stephany (2)}
stephanyc019.jpg,137443,0e0eb089,\Gallery 47\06 - Stephany (2)\,{Shemale Yum Dvd03~G47~06-2~06 - Stephany (2)}
stephanyc020.jpg,134941,57b0205f,\Gallery 47\06 - Stephany (2)\,{Shemale Yum Dvd03~G47~06-2~06 - Stephany (2)}
stephanyc021.jpg,142518,e8a4f305,\Gallery 47\06 - Stephany (2)\,{Shemale Yum Dvd03~G47~06-2~06 - Stephany (2)}
stephanyc022.jpg,122296,14c99ee0,\Gallery 47\06 - Stephany (2)\,{Shemale Yum Dvd03~G47~06-2~06 - Stephany (2)}
stephanyc023.jpg,137221,4d96c89e,\Gallery 47\06 - Stephany (2)\,{Shemale Yum Dvd03~G47~06-2~06 - Stephany (2)}
stephanyc024.jpg,137661,0b8485a6,\Gallery 47\06 - Stephany (2)\,{Shemale Yum Dvd03~G47~06-2~06 - Stephany (2)}
stephanyc025.jpg,143001,ac5a6ab4,\Gallery 47\06 - Stephany (2)\,{Shemale Yum Dvd03~G47~06-2~06 - Stephany (2)}
stephanyc026.jpg,130995,8ba7721a,\Gallery 47\06 - Stephany (2)\,{Shemale Yum Dvd03~G47~06-2~06 - Stephany (2)}
stephanyc027.jpg,143505,a49ee0b3,\Gallery 47\06 - Stephany (2)\,{Shemale Yum Dvd03~G47~06-2~06 - Stephany (2)}
stephanyc028.jpg,142338,ef2d1927,\Gallery 47\06 - Stephany (2)\,{Shemale Yum Dvd03~G47~06-2~06 - Stephany (2)}
stephanyc029.jpg,127864,f27bd073,\Gallery 47\06 - Stephany (2)\,{Shemale Yum Dvd03~G47~06-2~06 - Stephany (2)}
stephanyc030.jpg,141857,45e690f7,\Gallery 47\06 - Stephany (2)\,{Shemale Yum Dvd03~G47~06-2~06 - Stephany (2)}
stephanyc031.jpg,117110,d2062556,\Gallery 47\06 - Stephany (2)\,{Shemale Yum Dvd03~G47~06-2~06 - Stephany (2)}
stephanyc032.jpg,142899,f1741d88,\Gallery 47\06 - Stephany (2)\,{Shemale Yum Dvd03~G47~06-2~06 - Stephany (2)}
stephanyc033.jpg,137833,438bea4e,\Gallery 47\06 - Stephany (2)\,{Shemale Yum Dvd03~G47~06-2~06 - Stephany (2)}
stephanyc034.jpg,135828,55e0df18,\Gallery 47\06 - Stephany (2)\,{Shemale Yum Dvd03~G47~06-2~06 - Stephany (2)}
stephanyc035.jpg,84157,46723a0d,\Gallery 47\06 - Stephany (2)\,{Shemale Yum Dvd03~G47~06-2~06 - Stephany (2)}
stephanyc036.jpg,99751,3a3974b8,\Gallery 47\06 - Stephany (2)\,{Shemale Yum Dvd03~G47~06-2~06 - Stephany (2)}
stephanyc037.jpg,93158,307153a7,\Gallery 47\06 - Stephany (2)\,{Shemale Yum Dvd03~G47~06-2~06 - Stephany (2)}
stephanyc038.jpg,98445,58cdb2bf,\Gallery 47\06 - Stephany (2)\,{Shemale Yum Dvd03~G47~06-2~06 - Stephany (2)}
stephanyc039.jpg,114010,7b8d587e,\Gallery 47\06 - Stephany (2)\,{Shemale Yum Dvd03~G47~06-2~06 - Stephany (2)}
stephanyc040.jpg,114627,54bbb6d7,\Gallery 47\06 - Stephany (2)\,{Shemale Yum Dvd03~G47~06-2~06 - Stephany (2)}
stephanyc041.jpg,107208,54431bd8,\Gallery 47\06 - Stephany (2)\,{Shemale Yum Dvd03~G47~06-2~06 - Stephany (2)}
stephanyc042.jpg,107418,ad23f3cb,\Gallery 47\06 - Stephany (2)\,{Shemale Yum Dvd03~G47~06-2~06 - Stephany (2)}
stephanyc043.jpg,114267,078f53d6,\Gallery 47\06 - Stephany (2)\,{Shemale Yum Dvd03~G47~06-2~06 - Stephany (2)}
stephanyc044.jpg,103651,a95d6e69,\Gallery 47\06 - Stephany (2)\,{Shemale Yum Dvd03~G47~06-2~06 - Stephany (2)}
stephanyc045.jpg,139548,ad7e1842,\Gallery 47\06 - Stephany (2)\,{Shemale Yum Dvd03~G47~06-2~06 - Stephany (2)}
stephanyc046.jpg,128362,a6982039,\Gallery 47\06 - Stephany (2)\,{Shemale Yum Dvd03~G47~06-2~06 - Stephany (2)}
stephanyc047.jpg,128647,9b0fde81,\Gallery 47\06 - Stephany (2)\,{Shemale Yum Dvd03~G47~06-2~06 - Stephany (2)}
stephanyc048.jpg,130701,729e4bb2,\Gallery 47\06 - Stephany (2)\,{Shemale Yum Dvd03~G47~06-2~06 - Stephany (2)}
stephanyc049.jpg,128502,d4d918b7,\Gallery 47\06 - Stephany (2)\,{Shemale Yum Dvd03~G47~06-2~06 - Stephany (2)}
stephanyc050.jpg,126176,47d95bad,\Gallery 47\06 - Stephany (2)\,{Shemale Yum Dvd03~G47~06-2~06 - Stephany (2)}
stephanyc051.jpg,135525,9a037e50,\Gallery 47\06 - Stephany (2)\,{Shemale Yum Dvd03~G47~06-2~06 - Stephany (2)}
stephanyc052.jpg,136727,3cc45658,\Gallery 47\06 - Stephany (2)\,{Shemale Yum Dvd03~G47~06-2~06 - Stephany (2)}
stephanyc053.jpg,136788,1e16109e,\Gallery 47\06 - Stephany (2)\,{Shemale Yum Dvd03~G47~06-2~06 - Stephany (2)}
stephanyc054.jpg,138607,c2bbf662,\Gallery 47\06 - Stephany (2)\,{Shemale Yum Dvd03~G47~06-2~06 - Stephany (2)}
stephanyc055.jpg,120847,93281f96,\Gallery 47\06 - Stephany (2)\,{Shemale Yum Dvd03~G47~06-2~06 - Stephany (2)}
stephanyc056.jpg,140435,ca5a97b9,\Gallery 47\06 - Stephany (2)\,{Shemale Yum Dvd03~G47~06-2~06 - Stephany (2)}
stephanyc057.jpg,142555,99f75c1b,\Gallery 47\06 - Stephany (2)\,{Shemale Yum Dvd03~G47~06-2~06 - Stephany (2)}
stephanyc058.jpg,130663,55de3804,\Gallery 47\06 - Stephany (2)\,{Shemale Yum Dvd03~G47~06-2~06 - Stephany (2)}
stephanyc059.jpg,132093,5a922cfc,\Gallery 47\06 - Stephany (2)\,{Shemale Yum Dvd03~G47~06-2~06 - Stephany (2)}
stephanyc060.jpg,110895,cbb39713,\Gallery 47\06 - Stephany (2)\,{Shemale Yum Dvd03~G47~06-2~06 - Stephany (2)}
stephanyc061.jpg,126656,5645ab2a,\Gallery 47\06 - Stephany (2)\,{Shemale Yum Dvd03~G47~06-2~06 - Stephany (2)}
stephanyc062.jpg,112631,237b5c1a,\Gallery 47\06 - Stephany (2)\,{Shemale Yum Dvd03~G47~06-2~06 - Stephany (2)}
stephanyc063.jpg,110683,d05c39ff,\Gallery 47\06 - Stephany (2)\,{Shemale Yum Dvd03~G47~06-2~06 - Stephany (2)}
stephanyc064.jpg,102795,cd718093,\Gallery 47\06 - Stephany (2)\,{Shemale Yum Dvd03~G47~06-2~06 - Stephany (2)}
stephanyc065.jpg,115037,c9e656dd,\Gallery 47\06 - Stephany (2)\,{Shemale Yum Dvd03~G47~06-2~06 - Stephany (2)}
stephanyc066.jpg,118341,a25f7586,\Gallery 47\06 - Stephany (2)\,{Shemale Yum Dvd03~G47~06-2~06 - Stephany (2)}
stephanyc067.jpg,125703,0835169f,\Gallery 47\06 - Stephany (2)\,{Shemale Yum Dvd03~G47~06-2~06 - Stephany (2)}
stephanyc068.jpg,137950,d73728e0,\Gallery 47\06 - Stephany (2)\,{Shemale Yum Dvd03~G47~06-2~06 - Stephany (2)}
stephanyc069.jpg,144556,70909340,\Gallery 47\06 - Stephany (2)\,{Shemale Yum Dvd03~G47~06-2~06 - Stephany (2)}
stephanyc070.jpg,139182,334a75e7,\Gallery 47\06 - Stephany (2)\,{Shemale Yum Dvd03~G47~06-2~06 - Stephany (2)}
stephanyc071.jpg,139915,e0cd9eb6,\Gallery 47\06 - Stephany (2)\,{Shemale Yum Dvd03~G47~06-2~06 - Stephany (2)}
stephanyc072.jpg,138460,9f2f7e34,\Gallery 47\06 - Stephany (2)\,{Shemale Yum Dvd03~G47~06-2~06 - Stephany (2)}
stephanyc073.jpg,135027,4b70073d,\Gallery 47\06 - Stephany (2)\,{Shemale Yum Dvd03~G47~06-2~06 - Stephany (2)}
stephanyc074.jpg,150130,379d9b7c,\Gallery 47\06 - Stephany (2)\,{Shemale Yum Dvd03~G47~06-2~06 - Stephany (2)}
stephanyc075.jpg,140216,8dc7b99f,\Gallery 47\06 - Stephany (2)\,{Shemale Yum Dvd03~G47~06-2~06 - Stephany (2)}
stephanyc076.jpg,121916,90a6a687,\Gallery 47\06 - Stephany (2)\,{Shemale Yum Dvd03~G47~06-2~06 - Stephany (2)}
stephanyc077.jpg,115479,a88eeafa,\Gallery 47\06 - Stephany (2)\,{Shemale Yum Dvd03~G47~06-2~06 - Stephany (2)}
suzy001.jpg,125731,ea49ba00,\Gallery 47\07 - Suzy\,{Shemale Yum Dvd03~G47~07~07 - Suzy}
suzylingerie002.jpg,116736,8c3052ca,\Gallery 47\07 - Suzy\,{Shemale Yum Dvd03~G47~07~07 - Suzy}
suzy003.jpg,115090,289935c9,\Gallery 47\07 - Suzy\,{Shemale Yum Dvd03~G47~07~07 - Suzy}
suzy004.jpg,118038,9b8dfa66,\Gallery 47\07 - Suzy\,{Shemale Yum Dvd03~G47~07~07 - Suzy}
suzy005.jpg,114852,fcb21683,\Gallery 47\07 - Suzy\,{Shemale Yum Dvd03~G47~07~07 - Suzy}
suzy006.jpg,116163,e0213d5b,\Gallery 47\07 - Suzy\,{Shemale Yum Dvd03~G47~07~07 - Suzy}
suzy007.jpg,117187,5dcc86e2,\Gallery 47\07 - Suzy\,{Shemale Yum Dvd03~G47~07~07 - Suzy}
suzy008.jpg,104131,309e7cf2,\Gallery 47\07 - Suzy\,{Shemale Yum Dvd03~G47~07~07 - Suzy}
suzy009.jpg,115854,bef65f3d,\Gallery 47\07 - Suzy\,{Shemale Yum Dvd03~G47~07~07 - Suzy}
suzy010.jpg,76592,ab51518d,\Gallery 47\07 - Suzy\,{Shemale Yum Dvd03~G47~07~07 - Suzy}
suzy011.jpg,108662,06d4e799,\Gallery 47\07 - Suzy\,{Shemale Yum Dvd03~G47~07~07 - Suzy}
suzy012.jpg,112529,cb5f23e5,\Gallery 47\07 - Suzy\,{Shemale Yum Dvd03~G47~07~07 - Suzy}
suzy013.jpg,117856,cfe5062e,\Gallery 47\07 - Suzy\,{Shemale Yum Dvd03~G47~07~07 - Suzy}
suzy014.jpg,127842,060245cc,\Gallery 47\07 - Suzy\,{Shemale Yum Dvd03~G47~07~07 - Suzy}
suzy015.jpg,133016,5a0cbf19,\Gallery 47\07 - Suzy\,{Shemale Yum Dvd03~G47~07~07 - Suzy}
suzy016.jpg,130225,0396080a,\Gallery 47\07 - Suzy\,{Shemale Yum Dvd03~G47~07~07 - Suzy}
suzy017.jpg,127887,cd367b61,\Gallery 47\07 - Suzy\,{Shemale Yum Dvd03~G47~07~07 - Suzy}
suzy018.jpg,131447,ec5fc35f,\Gallery 47\07 - Suzy\,{Shemale Yum Dvd03~G47~07~07 - Suzy}
suzy019.jpg,111845,d0ab221f,\Gallery 47\07 - Suzy\,{Shemale Yum Dvd03~G47~07~07 - Suzy}
suzy020.jpg,109852,00eea39b,\Gallery 47\07 - Suzy\,{Shemale Yum Dvd03~G47~07~07 - Suzy}
suzy021.jpg,100356,e3667349,\Gallery 47\07 - Suzy\,{Shemale Yum Dvd03~G47~07~07 - Suzy}
suzy022.jpg,94182,ccf004b2,\Gallery 47\07 - Suzy\,{Shemale Yum Dvd03~G47~07~07 - Suzy}
suzy023.jpg,92581,b23b67bc,\Gallery 47\07 - Suzy\,{Shemale Yum Dvd03~G47~07~07 - Suzy}
suzy024.jpg,88025,05386268,\Gallery 47\07 - Suzy\,{Shemale Yum Dvd03~G47~07~07 - Suzy}
suzy025.jpg,93534,4d0ada03,\Gallery 47\07 - Suzy\,{Shemale Yum Dvd03~G47~07~07 - Suzy}
suzy026.jpg,95194,b0f6128a,\Gallery 47\07 - Suzy\,{Shemale Yum Dvd03~G47~07~07 - Suzy}
suzy027.jpg,95300,9dc685a0,\Gallery 47\07 - Suzy\,{Shemale Yum Dvd03~G47~07~07 - Suzy}
suzy028.jpg,97699,3b2622ce,\Gallery 47\07 - Suzy\,{Shemale Yum Dvd03~G47~07~07 - Suzy}
suzy029.jpg,142240,368a436a,\Gallery 47\07 - Suzy\,{Shemale Yum Dvd03~G47~07~07 - Suzy}
suzy030.jpg,94375,e6c426ee,\Gallery 47\07 - Suzy\,{Shemale Yum Dvd03~G47~07~07 - Suzy}
suzy031.jpg,116473,21039e37,\Gallery 47\07 - Suzy\,{Shemale Yum Dvd03~G47~07~07 - Suzy}
suzy032.jpg,118567,907bdfb7,\Gallery 47\07 - Suzy\,{Shemale Yum Dvd03~G47~07~07 - Suzy}
suzy033.jpg,131240,61e83e07,\Gallery 47\07 - Suzy\,{Shemale Yum Dvd03~G47~07~07 - Suzy}
suzy034.jpg,128567,80d14ec2,\Gallery 47\07 - Suzy\,{Shemale Yum Dvd03~G47~07~07 - Suzy}
suzy035.jpg,132136,a2e1586b,\Gallery 47\07 - Suzy\,{Shemale Yum Dvd03~G47~07~07 - Suzy}
suzy036.jpg,133931,b545cabb,\Gallery 47\07 - Suzy\,{Shemale Yum Dvd03~G47~07~07 - Suzy}
suzy037.jpg,127736,8f5a3da8,\Gallery 47\07 - Suzy\,{Shemale Yum Dvd03~G47~07~07 - Suzy}
suzy038.jpg,129798,85abf24a,\Gallery 47\07 - Suzy\,{Shemale Yum Dvd03~G47~07~07 - Suzy}
suzy039.jpg,137008,b2e38b39,\Gallery 47\07 - Suzy\,{Shemale Yum Dvd03~G47~07~07 - Suzy}
suzy040.jpg,127958,0fffa8b4,\Gallery 47\07 - Suzy\,{Shemale Yum Dvd03~G47~07~07 - Suzy}
suzy041.jpg,127231,61802277,\Gallery 47\07 - Suzy\,{Shemale Yum Dvd03~G47~07~07 - Suzy}
suzy042.jpg,136575,9b5c3aa4,\Gallery 47\07 - Suzy\,{Shemale Yum Dvd03~G47~07~07 - Suzy}
suzy043.jpg,126433,67f87b95,\Gallery 47\07 - Suzy\,{Shemale Yum Dvd03~G47~07~07 - Suzy}
suzy044.jpg,123249,3e5a9556,\Gallery 47\07 - Suzy\,{Shemale Yum Dvd03~G47~07~07 - Suzy}
suzy045.jpg,125357,cb206e36,\Gallery 47\07 - Suzy\,{Shemale Yum Dvd03~G47~07~07 - Suzy}
suzy046.jpg,134642,a85fd467,\Gallery 47\07 - Suzy\,{Shemale Yum Dvd03~G47~07~07 - Suzy}
suzy047.jpg,134448,3dda34e6,\Gallery 47\07 - Suzy\,{Shemale Yum Dvd03~G47~07~07 - Suzy}
suzy048.jpg,113434,8cc00ca5,\Gallery 47\07 - Suzy\,{Shemale Yum Dvd03~G47~07~07 - Suzy}
suzy049.jpg,134869,dc139309,\Gallery 47\07 - Suzy\,{Shemale Yum Dvd03~G47~07~07 - Suzy}
suzy050.jpg,134031,6c2ad538,\Gallery 47\07 - Suzy\,{Shemale Yum Dvd03~G47~07~07 - Suzy}
suzy051.jpg,139106,22368c64,\Gallery 47\07 - Suzy\,{Shemale Yum Dvd03~G47~07~07 - Suzy}
suzy052.jpg,131855,5317ccad,\Gallery 47\07 - Suzy\,{Shemale Yum Dvd03~G47~07~07 - Suzy}
suzy053.jpg,115876,e932caa9,\Gallery 47\07 - Suzy\,{Shemale Yum Dvd03~G47~07~07 - Suzy}
suzy054.jpg,122955,009c1895,\Gallery 47\07 - Suzy\,{Shemale Yum Dvd03~G47~07~07 - Suzy}
suzy056.jpg,127296,474c8f2d,\Gallery 47\07 - Suzy\,{Shemale Yum Dvd03~G47~07~07 - Suzy}
suzy057.jpg,131127,100b6ef4,\Gallery 47\07 - Suzy\,{Shemale Yum Dvd03~G47~07~07 - Suzy}
suzy058.jpg,131493,c5e8b8df,\Gallery 47\07 - Suzy\,{Shemale Yum Dvd03~G47~07~07 - Suzy}
suzy059.jpg,114637,7b125c18,\Gallery 47\07 - Suzy\,{Shemale Yum Dvd03~G47~07~07 - Suzy}
suzy060.jpg,137755,40d0c2cf,\Gallery 47\07 - Suzy\,{Shemale Yum Dvd03~G47~07~07 - Suzy}
suzy061.jpg,120864,e3c93d1b,\Gallery 47\07 - Suzy\,{Shemale Yum Dvd03~G47~07~07 - Suzy}
suzy062.jpg,139152,2abdd409,\Gallery 47\07 - Suzy\,{Shemale Yum Dvd03~G47~07~07 - Suzy}
suzy063.jpg,132577,78dfefb1,\Gallery 47\07 - Suzy\,{Shemale Yum Dvd03~G47~07~07 - Suzy}
suzy064.jpg,132585,47cd74c4,\Gallery 47\07 - Suzy\,{Shemale Yum Dvd03~G47~07~07 - Suzy}
suzy065.jpg,122689,b9b0808b,\Gallery 47\07 - Suzy\,{Shemale Yum Dvd03~G47~07~07 - Suzy}
suzy066.jpg,129455,cb5ffa74,\Gallery 47\07 - Suzy\,{Shemale Yum Dvd03~G47~07~07 - Suzy}
suzy067.jpg,115473,32fc4b42,\Gallery 47\07 - Suzy\,{Shemale Yum Dvd03~G47~07~07 - Suzy}
suzy068.jpg,134028,678d6f22,\Gallery 47\07 - Suzy\,{Shemale Yum Dvd03~G47~07~07 - Suzy}
suzy069.jpg,136591,f413af51,\Gallery 47\07 - Suzy\,{Shemale Yum Dvd03~G47~07~07 - Suzy}
suzy070.jpg,131226,10487521,\Gallery 47\07 - Suzy\,{Shemale Yum Dvd03~G47~07~07 - Suzy}
suzy071.jpg,117425,3d3b3fb1,\Gallery 47\07 - Suzy\,{Shemale Yum Dvd03~G47~07~07 - Suzy}
suzy072.jpg,140766,891f5ffd,\Gallery 47\07 - Suzy\,{Shemale Yum Dvd03~G47~07~07 - Suzy}
suzy073.jpg,129587,2fe9d431,\Gallery 47\07 - Suzy\,{Shemale Yum Dvd03~G47~07~07 - Suzy}
suzy074.jpg,141244,c43ece45,\Gallery 47\07 - Suzy\,{Shemale Yum Dvd03~G47~07~07 - Suzy}
suzy075.jpg,139354,fcc19e59,\Gallery 47\07 - Suzy\,{Shemale Yum Dvd03~G47~07~07 - Suzy}
suzy076.jpg,131757,ff0bf70c,\Gallery 47\07 - Suzy\,{Shemale Yum Dvd03~G47~07~07 - Suzy}
suzy077.jpg,119757,d206bc20,\Gallery 47\07 - Suzy\,{Shemale Yum Dvd03~G47~07~07 - Suzy}
suzy078.jpg,134704,49b6db0f,\Gallery 47\07 - Suzy\,{Shemale Yum Dvd03~G47~07~07 - Suzy}
suzy079.jpg,125480,effb2d5b,\Gallery 47\07 - Suzy\,{Shemale Yum Dvd03~G47~07~07 - Suzy}
suzy080.jpg,134854,8dc1f26e,\Gallery 47\07 - Suzy\,{Shemale Yum Dvd03~G47~07~07 - Suzy}
suzy081.jpg,116999,78f04d38,\Gallery 47\07 - Suzy\,{Shemale Yum Dvd03~G47~07~07 - Suzy}
suzy082.jpg,138163,e9dd214b,\Gallery 47\07 - Suzy\,{Shemale Yum Dvd03~G47~07~07 - Suzy}
suzy083.jpg,119281,d12fd1b8,\Gallery 47\07 - Suzy\,{Shemale Yum Dvd03~G47~07~07 - Suzy}
suzy084.jpg,121902,b2412f12,\Gallery 47\07 - Suzy\,{Shemale Yum Dvd03~G47~07~07 - Suzy}
suzy085.jpg,126338,6f128026,\Gallery 47\07 - Suzy\,{Shemale Yum Dvd03~G47~07~07 - Suzy}
suzy086.jpg,123407,0bb98654,\Gallery 47\07 - Suzy\,{Shemale Yum Dvd03~G47~07~07 - Suzy}
suzy087.jpg,135527,fffc0281,\Gallery 47\07 - Suzy\,{Shemale Yum Dvd03~G47~07~07 - Suzy}
suzy088.jpg,139009,18311a93,\Gallery 47\07 - Suzy\,{Shemale Yum Dvd03~G47~07~07 - Suzy}
suzy089.jpg,117661,10276003,\Gallery 47\07 - Suzy\,{Shemale Yum Dvd03~G47~07~07 - Suzy}
suzy090.jpg,133689,0f88589f,\Gallery 47\07 - Suzy\,{Shemale Yum Dvd03~G47~07~07 - Suzy}
suzy091.jpg,116271,b2f033e1,\Gallery 47\07 - Suzy\,{Shemale Yum Dvd03~G47~07~07 - Suzy}
suzy092.jpg,119031,dcd0146c,\Gallery 47\07 - Suzy\,{Shemale Yum Dvd03~G47~07~07 - Suzy}
suzy093.jpg,134287,989e0f51,\Gallery 47\07 - Suzy\,{Shemale Yum Dvd03~G47~07~07 - Suzy}
suzy094.jpg,131986,9f40d583,\Gallery 47\07 - Suzy\,{Shemale Yum Dvd03~G47~07~07 - Suzy}
suzy095.jpg,129728,eeb70d28,\Gallery 47\07 - Suzy\,{Shemale Yum Dvd03~G47~07~07 - Suzy}
suzy096.jpg,130024,5eb5682d,\Gallery 47\07 - Suzy\,{Shemale Yum Dvd03~G47~07~07 - Suzy}
suzy097.jpg,137932,ca702581,\Gallery 47\07 - Suzy\,{Shemale Yum Dvd03~G47~07~07 - Suzy}
suzy099.jpg,131498,1a089db7,\Gallery 47\07 - Suzy\,{Shemale Yum Dvd03~G47~07~07 - Suzy}
suzy100.jpg,134483,bbb3613c,\Gallery 47\07 - Suzy\,{Shemale Yum Dvd03~G47~07~07 - Suzy}
suzy101.jpg,139750,03517d34,\Gallery 47\07 - Suzy\,{Shemale Yum Dvd03~G47~07~07 - Suzy}
suzy102.jpg,115381,a7b6aaca,\Gallery 47\07 - Suzy\,{Shemale Yum Dvd03~G47~07~07 - Suzy}
suzy103.jpg,134904,e4e7abd5,\Gallery 47\07 - Suzy\,{Shemale Yum Dvd03~G47~07~07 - Suzy}
suzy104.jpg,139385,95e71321,\Gallery 47\07 - Suzy\,{Shemale Yum Dvd03~G47~07~07 - Suzy}
suzy105.jpg,137560,13b48e93,\Gallery 47\07 - Suzy\,{Shemale Yum Dvd03~G47~07~07 - Suzy}
suzy106.jpg,134446,d79df7f8,\Gallery 47\07 - Suzy\,{Shemale Yum Dvd03~G47~07~07 - Suzy}
suzy107.jpg,140059,fd4a35d5,\Gallery 47\07 - Suzy\,{Shemale Yum Dvd03~G47~07~07 - Suzy}
suzy108.jpg,142228,23768088,\Gallery 47\07 - Suzy\,{Shemale Yum Dvd03~G47~07~07 - Suzy}
suzy109.jpg,137065,65d52964,\Gallery 47\07 - Suzy\,{Shemale Yum Dvd03~G47~07~07 - Suzy}
suzy110.jpg,134644,42bbd6a8,\Gallery 47\07 - Suzy\,{Shemale Yum Dvd03~G47~07~07 - Suzy}
suzy111.jpg,139984,9df5a83e,\Gallery 47\07 - Suzy\,{Shemale Yum Dvd03~G47~07~07 - Suzy}
suzy112.jpg,127898,458fcafc,\Gallery 47\07 - Suzy\,{Shemale Yum Dvd03~G47~07~07 - Suzy}
suzy113.jpg,127899,ab89f6e3,\Gallery 47\07 - Suzy\,{Shemale Yum Dvd03~G47~07~07 - Suzy}
suzylingerie114.jpg,121869,ab105f86,\Gallery 47\07 - Suzy\,{Shemale Yum Dvd03~G47~07~07 - Suzy}
suzy115.jpg,140531,b4cbc0c1,\Gallery 47\07 - Suzy\,{Shemale Yum Dvd03~G47~07~07 - Suzy}
suzyb001.jpg,95517,f0d45e13,\Gallery 47\07 - Suzy (2)\,{Shemale Yum Dvd03~G47~07-2~07 - Suzy (2)}
suzyb002.jpg,104511,3b0490b3,\Gallery 47\07 - Suzy (2)\,{Shemale Yum Dvd03~G47~07-2~07 - Suzy (2)}
suzyb003.jpg,97315,9b2a4680,\Gallery 47\07 - Suzy (2)\,{Shemale Yum Dvd03~G47~07-2~07 - Suzy (2)}
suzyb004.jpg,100968,21d7aabf,\Gallery 47\07 - Suzy (2)\,{Shemale Yum Dvd03~G47~07-2~07 - Suzy (2)}
suzyb005.jpg,108982,4fb5a902,\Gallery 47\07 - Suzy (2)\,{Shemale Yum Dvd03~G47~07-2~07 - Suzy (2)}
suzyb006.jpg,124014,59b7f472,\Gallery 47\07 - Suzy (2)\,{Shemale Yum Dvd03~G47~07-2~07 - Suzy (2)}
suzyb007.jpg,106226,980ea4d1,\Gallery 47\07 - Suzy (2)\,{Shemale Yum Dvd03~G47~07-2~07 - Suzy (2)}
suzyb008.jpg,104056,f0359cd7,\Gallery 47\07 - Suzy (2)\,{Shemale Yum Dvd03~G47~07-2~07 - Suzy (2)}
suzyb009.jpg,97621,13c0d87f,\Gallery 47\07 - Suzy (2)\,{Shemale Yum Dvd03~G47~07-2~07 - Suzy (2)}
suzyb010.jpg,115165,fcd81dcf,\Gallery 47\07 - Suzy (2)\,{Shemale Yum Dvd03~G47~07-2~07 - Suzy (2)}
suzyb011.jpg,103397,1f2c6e46,\Gallery 47\07 - Suzy (2)\,{Shemale Yum Dvd03~G47~07-2~07 - Suzy (2)}
suzyb012.jpg,110117,33a3d736,\Gallery 47\07 - Suzy (2)\,{Shemale Yum Dvd03~G47~07-2~07 - Suzy (2)}
suzyb013.jpg,124763,8d301fe6,\Gallery 47\07 - Suzy (2)\,{Shemale Yum Dvd03~G47~07-2~07 - Suzy (2)}
suzyb014.jpg,99134,a4f40d03,\Gallery 47\07 - Suzy (2)\,{Shemale Yum Dvd03~G47~07-2~07 - Suzy (2)}
suzyb015.jpg,99666,fcf89637,\Gallery 47\07 - Suzy (2)\,{Shemale Yum Dvd03~G47~07-2~07 - Suzy (2)}
suzyb016.jpg,109050,80d59f51,\Gallery 47\07 - Suzy (2)\,{Shemale Yum Dvd03~G47~07-2~07 - Suzy (2)}
suzyb017.jpg,108682,d859ec3f,\Gallery 47\07 - Suzy (2)\,{Shemale Yum Dvd03~G47~07-2~07 - Suzy (2)}
suzyb018.jpg,102291,fc2d0726,\Gallery 47\07 - Suzy (2)\,{Shemale Yum Dvd03~G47~07-2~07 - Suzy (2)}
suzyb019.jpg,110166,f416906c,\Gallery 47\07 - Suzy (2)\,{Shemale Yum Dvd03~G47~07-2~07 - Suzy (2)}
suzyb020.jpg,109567,807b18c9,\Gallery 47\07 - Suzy (2)\,{Shemale Yum Dvd03~G47~07-2~07 - Suzy (2)}
suzyb021.jpg,117372,0016cad2,\Gallery 47\07 - Suzy (2)\,{Shemale Yum Dvd03~G47~07-2~07 - Suzy (2)}
suzyb022.jpg,126731,52c9ba4c,\Gallery 47\07 - Suzy (2)\,{Shemale Yum Dvd03~G47~07-2~07 - Suzy (2)}
suzyb023.jpg,108672,8784cfb5,\Gallery 47\07 - Suzy (2)\,{Shemale Yum Dvd03~G47~07-2~07 - Suzy (2)}
suzyb024.jpg,113808,e47c8b5b,\Gallery 47\07 - Suzy (2)\,{Shemale Yum Dvd03~G47~07-2~07 - Suzy (2)}
suzyb025.jpg,112285,53dfad47,\Gallery 47\07 - Suzy (2)\,{Shemale Yum Dvd03~G47~07-2~07 - Suzy (2)}
suzyb026.jpg,109612,d97768e3,\Gallery 47\07 - Suzy (2)\,{Shemale Yum Dvd03~G47~07-2~07 - Suzy (2)}
suzyb027.jpg,125733,6f2f9abd,\Gallery 47\07 - Suzy (2)\,{Shemale Yum Dvd03~G47~07-2~07 - Suzy (2)}
suzyb028.jpg,122245,f6bdafa7,\Gallery 47\07 - Suzy (2)\,{Shemale Yum Dvd03~G47~07-2~07 - Suzy (2)}
suzyb029.jpg,127226,4d1b1005,\Gallery 47\07 - Suzy (2)\,{Shemale Yum Dvd03~G47~07-2~07 - Suzy (2)}
suzyb030.jpg,127334,5ec0544c,\Gallery 47\07 - Suzy (2)\,{Shemale Yum Dvd03~G47~07-2~07 - Suzy (2)}
suzyb031.jpg,134486,8cb07cac,\Gallery 47\07 - Suzy (2)\,{Shemale Yum Dvd03~G47~07-2~07 - Suzy (2)}
suzyb032.jpg,130785,a95b6f1a,\Gallery 47\07 - Suzy (2)\,{Shemale Yum Dvd03~G47~07-2~07 - Suzy (2)}
suzyb033.jpg,124723,8bf21acc,\Gallery 47\07 - Suzy (2)\,{Shemale Yum Dvd03~G47~07-2~07 - Suzy (2)}
suzyb034.jpg,119532,b3a8e2ed,\Gallery 47\07 - Suzy (2)\,{Shemale Yum Dvd03~G47~07-2~07 - Suzy (2)}
suzyb035.jpg,131509,153c6be6,\Gallery 47\07 - Suzy (2)\,{Shemale Yum Dvd03~G47~07-2~07 - Suzy (2)}
suzyb036.jpg,151161,8b17f44d,\Gallery 47\07 - Suzy (2)\,{Shemale Yum Dvd03~G47~07-2~07 - Suzy (2)}
suzyb037.jpg,140608,adbc1ff9,\Gallery 47\07 - Suzy (2)\,{Shemale Yum Dvd03~G47~07-2~07 - Suzy (2)}
suzyb038.jpg,118458,ee1cfc58,\Gallery 47\07 - Suzy (2)\,{Shemale Yum Dvd03~G47~07-2~07 - Suzy (2)}
suzyb039.jpg,121170,6e05c1d9,\Gallery 47\07 - Suzy (2)\,{Shemale Yum Dvd03~G47~07-2~07 - Suzy (2)}
suzyb040.jpg,105655,a0285b5d,\Gallery 47\07 - Suzy (2)\,{Shemale Yum Dvd03~G47~07-2~07 - Suzy (2)}
suzyb041.jpg,150415,1408972d,\Gallery 47\07 - Suzy (2)\,{Shemale Yum Dvd03~G47~07-2~07 - Suzy (2)}
suzyb042.jpg,137994,bb5a0779,\Gallery 47\07 - Suzy (2)\,{Shemale Yum Dvd03~G47~07-2~07 - Suzy (2)}
suzyb043.jpg,130346,cf5a8179,\Gallery 47\07 - Suzy (2)\,{Shemale Yum Dvd03~G47~07-2~07 - Suzy (2)}
suzyb044.jpg,135265,9dda1143,\Gallery 47\07 - Suzy (2)\,{Shemale Yum Dvd03~G47~07-2~07 - Suzy (2)}
suzyb045.jpg,141482,57b80ea9,\Gallery 47\07 - Suzy (2)\,{Shemale Yum Dvd03~G47~07-2~07 - Suzy (2)}
suzyb046.jpg,135469,b95346b9,\Gallery 47\07 - Suzy (2)\,{Shemale Yum Dvd03~G47~07-2~07 - Suzy (2)}
suzyb047.jpg,110196,edc48e84,\Gallery 47\07 - Suzy (2)\,{Shemale Yum Dvd03~G47~07-2~07 - Suzy (2)}
suzyb048.jpg,125007,ce9f15ae,\Gallery 47\07 - Suzy (2)\,{Shemale Yum Dvd03~G47~07-2~07 - Suzy (2)}
suzyb049.jpg,87382,c524721d,\Gallery 47\07 - Suzy (2)\,{Shemale Yum Dvd03~G47~07-2~07 - Suzy (2)}
suzyb050.jpg,111079,f51d4966,\Gallery 47\07 - Suzy (2)\,{Shemale Yum Dvd03~G47~07-2~07 - Suzy (2)}
suzyb051.jpg,103942,74b505aa,\Gallery 47\07 - Suzy (2)\,{Shemale Yum Dvd03~G47~07-2~07 - Suzy (2)}
suzyb052.jpg,99417,b5ff8a8c,\Gallery 47\07 - Suzy (2)\,{Shemale Yum Dvd03~G47~07-2~07 - Suzy (2)}
suzyb053.jpg,105931,e50dad24,\Gallery 47\07 - Suzy (2)\,{Shemale Yum Dvd03~G47~07-2~07 - Suzy (2)}
suzyb054.jpg,107412,e2071a54,\Gallery 47\07 - Suzy (2)\,{Shemale Yum Dvd03~G47~07-2~07 - Suzy (2)}
suzyb055.jpg,106921,975bf8d7,\Gallery 47\07 - Suzy (2)\,{Shemale Yum Dvd03~G47~07-2~07 - Suzy (2)}
suzyb056.jpg,109626,e3a46746,\Gallery 47\07 - Suzy (2)\,{Shemale Yum Dvd03~G47~07-2~07 - Suzy (2)}
suzyb057.jpg,110578,71e52dfb,\Gallery 47\07 - Suzy (2)\,{Shemale Yum Dvd03~G47~07-2~07 - Suzy (2)}
suzyb058.jpg,123419,76fd404a,\Gallery 47\07 - Suzy (2)\,{Shemale Yum Dvd03~G47~07-2~07 - Suzy (2)}
suzyb059.jpg,125504,da5448f7,\Gallery 47\07 - Suzy (2)\,{Shemale Yum Dvd03~G47~07-2~07 - Suzy (2)}
suzyb060.jpg,107427,f42d70df,\Gallery 47\07 - Suzy (2)\,{Shemale Yum Dvd03~G47~07-2~07 - Suzy (2)}
suzyb061.jpg,116247,d13fd3f0,\Gallery 47\07 - Suzy (2)\,{Shemale Yum Dvd03~G47~07-2~07 - Suzy (2)}
suzyb062.jpg,92456,97f59b55,\Gallery 47\07 - Suzy (2)\,{Shemale Yum Dvd03~G47~07-2~07 - Suzy (2)}
suzyb063.jpg,97939,9926bb72,\Gallery 47\07 - Suzy (2)\,{Shemale Yum Dvd03~G47~07-2~07 - Suzy (2)}
suzyb064.jpg,106665,f90e8462,\Gallery 47\07 - Suzy (2)\,{Shemale Yum Dvd03~G47~07-2~07 - Suzy (2)}
suzyb065.jpg,105756,b1424631,\Gallery 47\07 - Suzy (2)\,{Shemale Yum Dvd03~G47~07-2~07 - Suzy (2)}
suzyb066.jpg,110836,63807448,\Gallery 47\07 - Suzy (2)\,{Shemale Yum Dvd03~G47~07-2~07 - Suzy (2)}
suzyb067.jpg,112918,2cdf5a7a,\Gallery 47\07 - Suzy (2)\,{Shemale Yum Dvd03~G47~07-2~07 - Suzy (2)}
suzyb068.jpg,111165,ffb1987b,\Gallery 47\07 - Suzy (2)\,{Shemale Yum Dvd03~G47~07-2~07 - Suzy (2)}
suzyb069.jpg,111934,7f18d222,\Gallery 47\07 - Suzy (2)\,{Shemale Yum Dvd03~G47~07-2~07 - Suzy (2)}
suzyb070.jpg,104455,6d814c31,\Gallery 47\07 - Suzy (2)\,{Shemale Yum Dvd03~G47~07-2~07 - Suzy (2)}
suzyb071.jpg,123909,b73c5728,\Gallery 47\07 - Suzy (2)\,{Shemale Yum Dvd03~G47~07-2~07 - Suzy (2)}
suzyb072.jpg,112200,06b1bd83,\Gallery 47\07 - Suzy (2)\,{Shemale Yum Dvd03~G47~07-2~07 - Suzy (2)}
suzyb073.jpg,115908,5a121925,\Gallery 47\07 - Suzy (2)\,{Shemale Yum Dvd03~G47~07-2~07 - Suzy (2)}
suzyb074.jpg,129899,b665e002,\Gallery 47\07 - Suzy (2)\,{Shemale Yum Dvd03~G47~07-2~07 - Suzy (2)}
suzyb075.jpg,120098,e58edc73,\Gallery 47\07 - Suzy (2)\,{Shemale Yum Dvd03~G47~07-2~07 - Suzy (2)}
suzyb076.jpg,124692,5ada3096,\Gallery 47\07 - Suzy (2)\,{Shemale Yum Dvd03~G47~07-2~07 - Suzy (2)}
suzyb077.jpg,139524,6f7e3657,\Gallery 47\07 - Suzy (2)\,{Shemale Yum Dvd03~G47~07-2~07 - Suzy (2)}
suzyb078.jpg,142771,74a5a451,\Gallery 47\07 - Suzy (2)\,{Shemale Yum Dvd03~G47~07-2~07 - Suzy (2)}
suzyb079.jpg,132750,9a4617e1,\Gallery 47\07 - Suzy (2)\,{Shemale Yum Dvd03~G47~07-2~07 - Suzy (2)}
suzyb080.jpg,131091,30fa3855,\Gallery 47\07 - Suzy (2)\,{Shemale Yum Dvd03~G47~07-2~07 - Suzy (2)}
suzyb081.jpg,138806,6197da4b,\Gallery 47\07 - Suzy (2)\,{Shemale Yum Dvd03~G47~07-2~07 - Suzy (2)}
suzyb082.jpg,141519,d7263e19,\Gallery 47\07 - Suzy (2)\,{Shemale Yum Dvd03~G47~07-2~07 - Suzy (2)}
suzyb083.jpg,139830,6fec8461,\Gallery 47\07 - Suzy (2)\,{Shemale Yum Dvd03~G47~07-2~07 - Suzy (2)}
suzyb084.jpg,142568,d72e5e68,\Gallery 47\07 - Suzy (2)\,{Shemale Yum Dvd03~G47~07-2~07 - Suzy (2)}
suzyb085.jpg,121075,b0c1b38b,\Gallery 47\07 - Suzy (2)\,{Shemale Yum Dvd03~G47~07-2~07 - Suzy (2)}
suzyb086.jpg,121150,e89e6318,\Gallery 47\07 - Suzy (2)\,{Shemale Yum Dvd03~G47~07-2~07 - Suzy (2)}
suzyb087.jpg,139562,86c4f5cd,\Gallery 47\07 - Suzy (2)\,{Shemale Yum Dvd03~G47~07-2~07 - Suzy (2)}
suzyb088.jpg,137550,82b891ed,\Gallery 47\07 - Suzy (2)\,{Shemale Yum Dvd03~G47~07-2~07 - Suzy (2)}
suzyb089.jpg,123315,c5188060,\Gallery 47\07 - Suzy (2)\,{Shemale Yum Dvd03~G47~07-2~07 - Suzy (2)}
traci001.jpg,120952,14aafea4,\Gallery 47\08 - Traci\,{Shemale Yum Dvd03~G47~08~08 - Traci}
traci002.jpg,124931,93099f16,\Gallery 47\08 - Traci\,{Shemale Yum Dvd03~G47~08~08 - Traci}
traci003.jpg,99663,6cd222d1,\Gallery 47\08 - Traci\,{Shemale Yum Dvd03~G47~08~08 - Traci}
traci004.jpg,117498,f4a7f154,\Gallery 47\08 - Traci\,{Shemale Yum Dvd03~G47~08~08 - Traci}
traci005.jpg,115955,d2c38a68,\Gallery 47\08 - Traci\,{Shemale Yum Dvd03~G47~08~08 - Traci}
traci006.jpg,111829,6dc5fb76,\Gallery 47\08 - Traci\,{Shemale Yum Dvd03~G47~08~08 - Traci}
traci007.jpg,118791,a658da5b,\Gallery 47\08 - Traci\,{Shemale Yum Dvd03~G47~08~08 - Traci}
traci008.jpg,102309,1140d3aa,\Gallery 47\08 - Traci\,{Shemale Yum Dvd03~G47~08~08 - Traci}
traci009.jpg,123562,eb0c9826,\Gallery 47\08 - Traci\,{Shemale Yum Dvd03~G47~08~08 - Traci}
traci010.jpg,129086,e960f2db,\Gallery 47\08 - Traci\,{Shemale Yum Dvd03~G47~08~08 - Traci}
traci011.jpg,119399,3a14ac7b,\Gallery 47\08 - Traci\,{Shemale Yum Dvd03~G47~08~08 - Traci}
traci012.jpg,131440,845aae71,\Gallery 47\08 - Traci\,{Shemale Yum Dvd03~G47~08~08 - Traci}
traci013.jpg,136775,c36c3b23,\Gallery 47\08 - Traci\,{Shemale Yum Dvd03~G47~08~08 - Traci}
traci014.jpg,127518,77ebdb8d,\Gallery 47\08 - Traci\,{Shemale Yum Dvd03~G47~08~08 - Traci}
traci015.jpg,139772,7d3e62e3,\Gallery 47\08 - Traci\,{Shemale Yum Dvd03~G47~08~08 - Traci}
traci016.jpg,146077,6b01c1fd,\Gallery 47\08 - Traci\,{Shemale Yum Dvd03~G47~08~08 - Traci}
traci017.jpg,129219,31610b78,\Gallery 47\08 - Traci\,{Shemale Yum Dvd03~G47~08~08 - Traci}
traci018.jpg,140496,3b17385a,\Gallery 47\08 - Traci\,{Shemale Yum Dvd03~G47~08~08 - Traci}
traci019.jpg,141797,fd6342f2,\Gallery 47\08 - Traci\,{Shemale Yum Dvd03~G47~08~08 - Traci}
traci020.jpg,111743,8e6c5745,\Gallery 47\08 - Traci\,{Shemale Yum Dvd03~G47~08~08 - Traci}
traci021.jpg,98043,47e683e1,\Gallery 47\08 - Traci\,{Shemale Yum Dvd03~G47~08~08 - Traci}
traci022.jpg,134363,e1d7745c,\Gallery 47\08 - Traci\,{Shemale Yum Dvd03~G47~08~08 - Traci}
traci023.jpg,130294,f545dd1b,\Gallery 47\08 - Traci\,{Shemale Yum Dvd03~G47~08~08 - Traci}
traci024.jpg,136182,1944cbff,\Gallery 47\08 - Traci\,{Shemale Yum Dvd03~G47~08~08 - Traci}
traci025.jpg,142324,93168316,\Gallery 47\08 - Traci\,{Shemale Yum Dvd03~G47~08~08 - Traci}
traci026.jpg,131685,6d80fef6,\Gallery 47\08 - Traci\,{Shemale Yum Dvd03~G47~08~08 - Traci}
traci027.jpg,153946,092e1098,\Gallery 47\08 - Traci\,{Shemale Yum Dvd03~G47~08~08 - Traci}
traci028.jpg,166635,1c604379,\Gallery 47\08 - Traci\,{Shemale Yum Dvd03~G47~08~08 - Traci}
traci029.jpg,134982,35b25647,\Gallery 47\08 - Traci\,{Shemale Yum Dvd03~G47~08~08 - Traci}
traci030.jpg,141016,35bc1de5,\Gallery 47\08 - Traci\,{Shemale Yum Dvd03~G47~08~08 - Traci}
traci031.jpg,141197,01e0a22e,\Gallery 47\08 - Traci\,{Shemale Yum Dvd03~G47~08~08 - Traci}
traci032.jpg,147977,b304a35c,\Gallery 47\08 - Traci\,{Shemale Yum Dvd03~G47~08~08 - Traci}
traci033.jpg,143680,61002c00,\Gallery 47\08 - Traci\,{Shemale Yum Dvd03~G47~08~08 - Traci}
traci034.jpg,128250,ad4bb4d2,\Gallery 47\08 - Traci\,{Shemale Yum Dvd03~G47~08~08 - Traci}
traci035.jpg,144912,b690824d,\Gallery 47\08 - Traci\,{Shemale Yum Dvd03~G47~08~08 - Traci}
traci036.jpg,133568,717db5d0,\Gallery 47\08 - Traci\,{Shemale Yum Dvd03~G47~08~08 - Traci}
traci037.jpg,167089,a247e555,\Gallery 47\08 - Traci\,{Shemale Yum Dvd03~G47~08~08 - Traci}
traci038.jpg,140285,bed24d2f,\Gallery 47\08 - Traci\,{Shemale Yum Dvd03~G47~08~08 - Traci}
traci039.jpg,131075,a9ba8408,\Gallery 47\08 - Traci\,{Shemale Yum Dvd03~G47~08~08 - Traci}
traci040.jpg,148591,3551a95b,\Gallery 47\08 - Traci\,{Shemale Yum Dvd03~G47~08~08 - Traci}
traci041.jpg,118827,fd43c373,\Gallery 47\08 - Traci\,{Shemale Yum Dvd03~G47~08~08 - Traci}
traci042.jpg,129737,5c045074,\Gallery 47\08 - Traci\,{Shemale Yum Dvd03~G47~08~08 - Traci}
traci043.jpg,139058,423a20c1,\Gallery 47\08 - Traci\,{Shemale Yum Dvd03~G47~08~08 - Traci}
traci044.jpg,143214,5ffc5bbd,\Gallery 47\08 - Traci\,{Shemale Yum Dvd03~G47~08~08 - Traci}
traci045.jpg,151428,38ecf066,\Gallery 47\08 - Traci\,{Shemale Yum Dvd03~G47~08~08 - Traci}
traci046.jpg,141433,75273d2f,\Gallery 47\08 - Traci\,{Shemale Yum Dvd03~G47~08~08 - Traci}
traci047.jpg,144298,41eaff84,\Gallery 47\08 - Traci\,{Shemale Yum Dvd03~G47~08~08 - Traci}
traci048.jpg,110087,0681b75d,\Gallery 47\08 - Traci\,{Shemale Yum Dvd03~G47~08~08 - Traci}
traci049.jpg,121500,baf0f32f,\Gallery 47\08 - Traci\,{Shemale Yum Dvd03~G47~08~08 - Traci}
traci050.jpg,128627,94e5b203,\Gallery 47\08 - Traci\,{Shemale Yum Dvd03~G47~08~08 - Traci}
traci051.jpg,107523,07170c11,\Gallery 47\08 - Traci\,{Shemale Yum Dvd03~G47~08~08 - Traci}
traci052.jpg,123956,e18a7174,\Gallery 47\08 - Traci\,{Shemale Yum Dvd03~G47~08~08 - Traci}
traci053.jpg,114598,9b4366c2,\Gallery 47\08 - Traci\,{Shemale Yum Dvd03~G47~08~08 - Traci}
traci054.jpg,119938,268b5fa6,\Gallery 47\08 - Traci\,{Shemale Yum Dvd03~G47~08~08 - Traci}
traci055.jpg,117013,94169963,\Gallery 47\08 - Traci\,{Shemale Yum Dvd03~G47~08~08 - Traci}
traci056.jpg,88138,d583ec81,\Gallery 47\08 - Traci\,{Shemale Yum Dvd03~G47~08~08 - Traci}
traci057.jpg,120390,c2bbe0f6,\Gallery 47\08 - Traci\,{Shemale Yum Dvd03~G47~08~08 - Traci}
traci058.jpg,116757,6f83fed0,\Gallery 47\08 - Traci\,{Shemale Yum Dvd03~G47~08~08 - Traci}
traci059.jpg,118524,f0f4a8f6,\Gallery 47\08 - Traci\,{Shemale Yum Dvd03~G47~08~08 - Traci}
traci060.jpg,101217,3080bf12,\Gallery 47\08 - Traci\,{Shemale Yum Dvd03~G47~08~08 - Traci}
traci061.jpg,88337,76a55dd8,\Gallery 47\08 - Traci\,{Shemale Yum Dvd03~G47~08~08 - Traci}
traci062.jpg,137799,58c3d982,\Gallery 47\08 - Traci\,{Shemale Yum Dvd03~G47~08~08 - Traci}
traci063.jpg,137571,ac789281,\Gallery 47\08 - Traci\,{Shemale Yum Dvd03~G47~08~08 - Traci}
traci064.jpg,137750,3ec44b66,\Gallery 47\08 - Traci\,{Shemale Yum Dvd03~G47~08~08 - Traci}
traci065.jpg,141936,3d0ccb1f,\Gallery 47\08 - Traci\,{Shemale Yum Dvd03~G47~08~08 - Traci}
traci066.jpg,140489,7fa683c5,\Gallery 47\08 - Traci\,{Shemale Yum Dvd03~G47~08~08 - Traci}
traci067.jpg,135736,a18429fe,\Gallery 47\08 - Traci\,{Shemale Yum Dvd03~G47~08~08 - Traci}
traci068.jpg,140751,395d54df,\Gallery 47\08 - Traci\,{Shemale Yum Dvd03~G47~08~08 - Traci}
traci069.jpg,126920,fc8196b0,\Gallery 47\08 - Traci\,{Shemale Yum Dvd03~G47~08~08 - Traci}
traci070.jpg,138878,8c400450,\Gallery 47\08 - Traci\,{Shemale Yum Dvd03~G47~08~08 - Traci}
traci071.jpg,131640,b5b65aad,\Gallery 47\08 - Traci\,{Shemale Yum Dvd03~G47~08~08 - Traci}
traci072.jpg,127633,f8365c15,\Gallery 47\08 - Traci\,{Shemale Yum Dvd03~G47~08~08 - Traci}
traci073.jpg,128648,331262d0,\Gallery 47\08 - Traci\,{Shemale Yum Dvd03~G47~08~08 - Traci}
traci074.jpg,127278,7e9ff523,\Gallery 47\08 - Traci\,{Shemale Yum Dvd03~G47~08~08 - Traci}
traci075.jpg,136044,4ceb8e3b,\Gallery 47\08 - Traci\,{Shemale Yum Dvd03~G47~08~08 - Traci}
traci076.jpg,126385,fcc05de0,\Gallery 47\08 - Traci\,{Shemale Yum Dvd03~G47~08~08 - Traci}
traci077.jpg,129913,f71e4448,\Gallery 47\08 - Traci\,{Shemale Yum Dvd03~G47~08~08 - Traci}
traci078.jpg,110805,59d7c6b6,\Gallery 47\08 - Traci\,{Shemale Yum Dvd03~G47~08~08 - Traci}
traci079.jpg,110105,11ebe351,\Gallery 47\08 - Traci\,{Shemale Yum Dvd03~G47~08~08 - Traci}
traci080.jpg,133088,cb901375,\Gallery 47\08 - Traci\,{Shemale Yum Dvd03~G47~08~08 - Traci}
traci081.jpg,138470,d274dc2d,\Gallery 47\08 - Traci\,{Shemale Yum Dvd03~G47~08~08 - Traci}
traci082.jpg,128441,1c9cb301,\Gallery 47\08 - Traci\,{Shemale Yum Dvd03~G47~08~08 - Traci}
traci083.jpg,137424,bedc217a,\Gallery 47\08 - Traci\,{Shemale Yum Dvd03~G47~08~08 - Traci}
traci084.jpg,132620,1694d011,\Gallery 47\08 - Traci\,{Shemale Yum Dvd03~G47~08~08 - Traci}
traci085.jpg,140850,a7e4ec5b,\Gallery 47\08 - Traci\,{Shemale Yum Dvd03~G47~08~08 - Traci}
traci086.jpg,140159,1b097e32,\Gallery 47\08 - Traci\,{Shemale Yum Dvd03~G47~08~08 - Traci}
wendy1001.jpg,132981,157b000e,\Gallery 47\09 - Wendy Williams\,{Shemale Yum Dvd03~G47~09~09 - Wendy Williams}
wendy1003.jpg,138642,196c54d1,\Gallery 47\09 - Wendy Williams\,{Shemale Yum Dvd03~G47~09~09 - Wendy Williams}
wendy1004.jpg,140168,d41cc588,\Gallery 47\09 - Wendy Williams\,{Shemale Yum Dvd03~G47~09~09 - Wendy Williams}
wendy1005.jpg,127397,e8d77c63,\Gallery 47\09 - Wendy Williams\,{Shemale Yum Dvd03~G47~09~09 - Wendy Williams}
wendy1006.jpg,132226,c15fedd1,\Gallery 47\09 - Wendy Williams\,{Shemale Yum Dvd03~G47~09~09 - Wendy Williams}
wendy1007.jpg,134964,bdf68ab7,\Gallery 47\09 - Wendy Williams\,{Shemale Yum Dvd03~G47~09~09 - Wendy Williams}
wendy1008.jpg,134789,b665d09c,\Gallery 47\09 - Wendy Williams\,{Shemale Yum Dvd03~G47~09~09 - Wendy Williams}
wendy1009.jpg,142239,0c736ca7,\Gallery 47\09 - Wendy Williams\,{Shemale Yum Dvd03~G47~09~09 - Wendy Williams}
wendy1010.jpg,143588,5406abb3,\Gallery 47\09 - Wendy Williams\,{Shemale Yum Dvd03~G47~09~09 - Wendy Williams}
wendy1011.jpg,122938,80c52bb4,\Gallery 47\09 - Wendy Williams\,{Shemale Yum Dvd03~G47~09~09 - Wendy Williams}
wendy1012.jpg,133355,dceaf184,\Gallery 47\09 - Wendy Williams\,{Shemale Yum Dvd03~G47~09~09 - Wendy Williams}
wendy1013.jpg,135713,e03d0b05,\Gallery 47\09 - Wendy Williams\,{Shemale Yum Dvd03~G47~09~09 - Wendy Williams}
wendy1014.jpg,130949,aa7b5be6,\Gallery 47\09 - Wendy Williams\,{Shemale Yum Dvd03~G47~09~09 - Wendy Williams}
wendy1016.jpg,137740,1fa1ee9d,\Gallery 47\09 - Wendy Williams\,{Shemale Yum Dvd03~G47~09~09 - Wendy Williams}
wendy1017.jpg,131948,47541a0d,\Gallery 47\09 - Wendy Williams\,{Shemale Yum Dvd03~G47~09~09 - Wendy Williams}
wendy1018.jpg,105172,dec05f9e,\Gallery 47\09 - Wendy Williams\,{Shemale Yum Dvd03~G47~09~09 - Wendy Williams}
wendy1019.jpg,115347,02110d91,\Gallery 47\09 - Wendy Williams\,{Shemale Yum Dvd03~G47~09~09 - Wendy Williams}
wendy1020.jpg,133577,b189d4ba,\Gallery 47\09 - Wendy Williams\,{Shemale Yum Dvd03~G47~09~09 - Wendy Williams}
wendy1021.jpg,122219,70c6eb53,\Gallery 47\09 - Wendy Williams\,{Shemale Yum Dvd03~G47~09~09 - Wendy Williams}
wendy1022.jpg,141942,cdc5f79f,\Gallery 47\09 - Wendy Williams\,{Shemale Yum Dvd03~G47~09~09 - Wendy Williams}
wendy1023.jpg,138886,3e58071b,\Gallery 47\09 - Wendy Williams\,{Shemale Yum Dvd03~G47~09~09 - Wendy Williams}
wendy1024.jpg,136477,913c8960,\Gallery 47\09 - Wendy Williams\,{Shemale Yum Dvd03~G47~09~09 - Wendy Williams}
wendy1025.jpg,129810,96d75b91,\Gallery 47\09 - Wendy Williams\,{Shemale Yum Dvd03~G47~09~09 - Wendy Williams}
wendy1026.jpg,125063,051a220e,\Gallery 47\09 - Wendy Williams\,{Shemale Yum Dvd03~G47~09~09 - Wendy Williams}
wendy1027.jpg,131363,0c082425,\Gallery 47\09 - Wendy Williams\,{Shemale Yum Dvd03~G47~09~09 - Wendy Williams}
wendy1028.jpg,122417,c35adfff,\Gallery 47\09 - Wendy Williams\,{Shemale Yum Dvd03~G47~09~09 - Wendy Williams}
wendy1029.jpg,127187,dace4edd,\Gallery 47\09 - Wendy Williams\,{Shemale Yum Dvd03~G47~09~09 - Wendy Williams}
wendy1030.jpg,125769,a8b0f99a,\Gallery 47\09 - Wendy Williams\,{Shemale Yum Dvd03~G47~09~09 - Wendy Williams}
wendy1031.jpg,136605,737d95d4,\Gallery 47\09 - Wendy Williams\,{Shemale Yum Dvd03~G47~09~09 - Wendy Williams}
wendy1032.jpg,142095,62a703bb,\Gallery 47\09 - Wendy Williams\,{Shemale Yum Dvd03~G47~09~09 - Wendy Williams}
wendy1033.jpg,129716,e3f1becc,\Gallery 47\09 - Wendy Williams\,{Shemale Yum Dvd03~G47~09~09 - Wendy Williams}
wendy1034.jpg,125634,0af13801,\Gallery 47\09 - Wendy Williams\,{Shemale Yum Dvd03~G47~09~09 - Wendy Williams}
wendy1035.jpg,132018,bed162c6,\Gallery 47\09 - Wendy Williams\,{Shemale Yum Dvd03~G47~09~09 - Wendy Williams}
wendy1036.jpg,137990,e4d9d081,\Gallery 47\09 - Wendy Williams\,{Shemale Yum Dvd03~G47~09~09 - Wendy Williams}
wendy1037.jpg,139380,a7441910,\Gallery 47\09 - Wendy Williams\,{Shemale Yum Dvd03~G47~09~09 - Wendy Williams}
wendy1038.jpg,123642,46870b48,\Gallery 47\09 - Wendy Williams\,{Shemale Yum Dvd03~G47~09~09 - Wendy Williams}
wendy1039.jpg,125975,49b37a15,\Gallery 47\09 - Wendy Williams\,{Shemale Yum Dvd03~G47~09~09 - Wendy Williams}
wendy1040.jpg,126559,5f410451,\Gallery 47\09 - Wendy Williams\,{Shemale Yum Dvd03~G47~09~09 - Wendy Williams}
wendy1041.jpg,126309,1f558128,\Gallery 47\09 - Wendy Williams\,{Shemale Yum Dvd03~G47~09~09 - Wendy Williams}
wendy1042.jpg,130827,5134d734,\Gallery 47\09 - Wendy Williams\,{Shemale Yum Dvd03~G47~09~09 - Wendy Williams}
wendy1043.jpg,134268,f8553724,\Gallery 47\09 - Wendy Williams\,{Shemale Yum Dvd03~G47~09~09 - Wendy Williams}
wendy1044.jpg,135428,bc8660b9,\Gallery 47\09 - Wendy Williams\,{Shemale Yum Dvd03~G47~09~09 - Wendy Williams}
wendy1045.jpg,134700,c6b34856,\Gallery 47\09 - Wendy Williams\,{Shemale Yum Dvd03~G47~09~09 - Wendy Williams}
wendy1046.jpg,129230,37039951,\Gallery 47\09 - Wendy Williams\,{Shemale Yum Dvd03~G47~09~09 - Wendy Williams}
wendy1047.jpg,123434,34a0e05a,\Gallery 47\09 - Wendy Williams\,{Shemale Yum Dvd03~G47~09~09 - Wendy Williams}
wendy1048.jpg,137747,aa48363d,\Gallery 47\09 - Wendy Williams\,{Shemale Yum Dvd03~G47~09~09 - Wendy Williams}
wendy1049.jpg,132967,34e5d093,\Gallery 47\09 - Wendy Williams\,{Shemale Yum Dvd03~G47~09~09 - Wendy Williams}
wendy1050.jpg,130647,d2b9710a,\Gallery 47\09 - Wendy Williams\,{Shemale Yum Dvd03~G47~09~09 - Wendy Williams}
wendy1051.jpg,132661,c7721d40,\Gallery 47\09 - Wendy Williams\,{Shemale Yum Dvd03~G47~09~09 - Wendy Williams}
wendy1052.jpg,120967,76f2e9ef,\Gallery 47\09 - Wendy Williams\,{Shemale Yum Dvd03~G47~09~09 - Wendy Williams}
wendy1053.jpg,135528,8da6d245,\Gallery 47\09 - Wendy Williams\,{Shemale Yum Dvd03~G47~09~09 - Wendy Williams}
wendy1054.jpg,140835,4235159c,\Gallery 47\09 - Wendy Williams\,{Shemale Yum Dvd03~G47~09~09 - Wendy Williams}
wendy1055.jpg,140071,58d53673,\Gallery 47\09 - Wendy Williams\,{Shemale Yum Dvd03~G47~09~09 - Wendy Williams}
wendy1056.jpg,135886,d4886b92,\Gallery 47\09 - Wendy Williams\,{Shemale Yum Dvd03~G47~09~09 - Wendy Williams}
wendy1057.jpg,138631,322a2111,\Gallery 47\09 - Wendy Williams\,{Shemale Yum Dvd03~G47~09~09 - Wendy Williams}
wendy1058.jpg,133868,e49ff395,\Gallery 47\09 - Wendy Williams\,{Shemale Yum Dvd03~G47~09~09 - Wendy Williams}
wendy1059.jpg,131799,7a795220,\Gallery 47\09 - Wendy Williams\,{Shemale Yum Dvd03~G47~09~09 - Wendy Williams}
wendy1060.jpg,135785,2ad15f30,\Gallery 47\09 - Wendy Williams\,{Shemale Yum Dvd03~G47~09~09 - Wendy Williams}
wendy1061.jpg,138128,6f6ce1c5,\Gallery 47\09 - Wendy Williams\,{Shemale Yum Dvd03~G47~09~09 - Wendy Williams}
wendy1062.jpg,130973,8cca05a7,\Gallery 47\09 - Wendy Williams\,{Shemale Yum Dvd03~G47~09~09 - Wendy Williams}
wendy1063.jpg,141686,22cc1e9b,\Gallery 47\09 - Wendy Williams\,{Shemale Yum Dvd03~G47~09~09 - Wendy Williams}
wendy1064.jpg,132912,3a719724,\Gallery 47\09 - Wendy Williams\,{Shemale Yum Dvd03~G47~09~09 - Wendy Williams}
wendy1065.jpg,100904,c77a3809,\Gallery 47\09 - Wendy Williams\,{Shemale Yum Dvd03~G47~09~09 - Wendy Williams}
wendy1066.jpg,93743,efb87087,\Gallery 47\09 - Wendy Williams\,{Shemale Yum Dvd03~G47~09~09 - Wendy Williams}
wendy1067.jpg,137916,c3ceec93,\Gallery 47\09 - Wendy Williams\,{Shemale Yum Dvd03~G47~09~09 - Wendy Williams}
wendy1068.jpg,131997,62dc0a0a,\Gallery 47\09 - Wendy Williams\,{Shemale Yum Dvd03~G47~09~09 - Wendy Williams}
wendy1069.jpg,132687,4d967be3,\Gallery 47\09 - Wendy Williams\,{Shemale Yum Dvd03~G47~09~09 - Wendy Williams}
wendy1070.jpg,131905,6c9f3091,\Gallery 47\09 - Wendy Williams\,{Shemale Yum Dvd03~G47~09~09 - Wendy Williams}
wendy1071.jpg,136532,76dd21fa,\Gallery 47\09 - Wendy Williams\,{Shemale Yum Dvd03~G47~09~09 - Wendy Williams}
wendy1072.jpg,138891,f6e44a19,\Gallery 47\09 - Wendy Williams\,{Shemale Yum Dvd03~G47~09~09 - Wendy Williams}
wendy1073.jpg,128633,a9ec6c90,\Gallery 47\09 - Wendy Williams\,{Shemale Yum Dvd03~G47~09~09 - Wendy Williams}
wendy1074.jpg,129389,99c5d81a,\Gallery 47\09 - Wendy Williams\,{Shemale Yum Dvd03~G47~09~09 - Wendy Williams}
wendy1075.jpg,141815,77f80d1f,\Gallery 47\09 - Wendy Williams\,{Shemale Yum Dvd03~G47~09~09 - Wendy Williams}
wendy1076.jpg,128387,db65efb0,\Gallery 47\09 - Wendy Williams\,{Shemale Yum Dvd03~G47~09~09 - Wendy Williams}
wendy1077.jpg,138549,a0188796,\Gallery 47\09 - Wendy Williams\,{Shemale Yum Dvd03~G47~09~09 - Wendy Williams}
wendy1078.jpg,151804,9226d3f9,\Gallery 47\09 - Wendy Williams\,{Shemale Yum Dvd03~G47~09~09 - Wendy Williams}
wendy1079.jpg,132993,10bbc99d,\Gallery 47\09 - Wendy Williams\,{Shemale Yum Dvd03~G47~09~09 - Wendy Williams}
wendy1080.jpg,129792,98c52821,\Gallery 47\09 - Wendy Williams\,{Shemale Yum Dvd03~G47~09~09 - Wendy Williams}
wendy1081.jpg,131326,1b45d5ff,\Gallery 47\09 - Wendy Williams\,{Shemale Yum Dvd03~G47~09~09 - Wendy Williams}
wendy1082.jpg,118054,3c954a97,\Gallery 47\09 - Wendy Williams\,{Shemale Yum Dvd03~G47~09~09 - Wendy Williams}
wendy1083.jpg,123558,58706462,\Gallery 47\09 - Wendy Williams\,{Shemale Yum Dvd03~G47~09~09 - Wendy Williams}
wendy1084.jpg,130901,1b1ad35f,\Gallery 47\09 - Wendy Williams\,{Shemale Yum Dvd03~G47~09~09 - Wendy Williams}
wendy1085.jpg,142580,912856d8,\Gallery 47\09 - Wendy Williams\,{Shemale Yum Dvd03~G47~09~09 - Wendy Williams}
wendy1086.jpg,143235,3cf7423b,\Gallery 47\09 - Wendy Williams\,{Shemale Yum Dvd03~G47~09~09 - Wendy Williams}
wendy1087.jpg,125143,c7c546d3,\Gallery 47\09 - Wendy Williams\,{Shemale Yum Dvd03~G47~09~09 - Wendy Williams}
wendy1088.jpg,132923,1836b70c,\Gallery 47\09 - Wendy Williams\,{Shemale Yum Dvd03~G47~09~09 - Wendy Williams}
wendy1089.jpg,119931,bbd97825,\Gallery 47\09 - Wendy Williams\,{Shemale Yum Dvd03~G47~09~09 - Wendy Williams}
wendy1090.jpg,138027,ae54529b,\Gallery 47\09 - Wendy Williams\,{Shemale Yum Dvd03~G47~09~09 - Wendy Williams}
wendy1091.jpg,140945,b6fe0d29,\Gallery 47\09 - Wendy Williams\,{Shemale Yum Dvd03~G47~09~09 - Wendy Williams}
wendy1092.jpg,125574,bef3d34c,\Gallery 47\09 - Wendy Williams\,{Shemale Yum Dvd03~G47~09~09 - Wendy Williams}
wendy1093.jpg,113720,af696723,\Gallery 47\09 - Wendy Williams\,{Shemale Yum Dvd03~G47~09~09 - Wendy Williams}
wendy1094.jpg,110501,f5c23e49,\Gallery 47\09 - Wendy Williams\,{Shemale Yum Dvd03~G47~09~09 - Wendy Williams}
wendy1095.jpg,136447,71b82296,\Gallery 47\09 - Wendy Williams\,{Shemale Yum Dvd03~G47~09~09 - Wendy Williams}
wendy1096.jpg,110331,9c8f1dba,\Gallery 47\09 - Wendy Williams\,{Shemale Yum Dvd03~G47~09~09 - Wendy Williams}
wendy1097.jpg,126225,8ef7b36e,\Gallery 47\09 - Wendy Williams\,{Shemale Yum Dvd03~G47~09~09 - Wendy Williams}
wendy1098.jpg,137770,64010a75,\Gallery 47\09 - Wendy Williams\,{Shemale Yum Dvd03~G47~09~09 - Wendy Williams}
wendy1099.jpg,124397,91970f66,\Gallery 47\09 - Wendy Williams\,{Shemale Yum Dvd03~G47~09~09 - Wendy Williams}
wendy1100.jpg,126590,69082316,\Gallery 47\09 - Wendy Williams\,{Shemale Yum Dvd03~G47~09~09 - Wendy Williams}
wendy2001.jpg,132971,4e6539fc,\Gallery 47\09 - Wendy Williams (2)\,{Shemale Yum Dvd03~G47~09-2~09 - Wendy Williams (2)}
wendy2002.jpg,110492,2e57e21d,\Gallery 47\09 - Wendy Williams (2)\,{Shemale Yum Dvd03~G47~09-2~09 - Wendy Williams (2)}
wendy2003.jpg,167000,39f1014d,\Gallery 47\09 - Wendy Williams (2)\,{Shemale Yum Dvd03~G47~09-2~09 - Wendy Williams (2)}
wendy2004.jpg,162032,1fc8ef94,\Gallery 47\09 - Wendy Williams (2)\,{Shemale Yum Dvd03~G47~09-2~09 - Wendy Williams (2)}
wendy2005.jpg,155301,18c76a21,\Gallery 47\09 - Wendy Williams (2)\,{Shemale Yum Dvd03~G47~09-2~09 - Wendy Williams (2)}
wendy2006.jpg,158667,e9208982,\Gallery 47\09 - Wendy Williams (2)\,{Shemale Yum Dvd03~G47~09-2~09 - Wendy Williams (2)}
wendy2007.jpg,161000,2caa8c25,\Gallery 47\09 - Wendy Williams (2)\,{Shemale Yum Dvd03~G47~09-2~09 - Wendy Williams (2)}
wendy2009.jpg,162048,02ae7364,\Gallery 47\09 - Wendy Williams (2)\,{Shemale Yum Dvd03~G47~09-2~09 - Wendy Williams (2)}
wendy2010.jpg,152708,9f8bfe7d,\Gallery 47\09 - Wendy Williams (2)\,{Shemale Yum Dvd03~G47~09-2~09 - Wendy Williams (2)}
wendy2011.jpg,154057,2a8d7fe9,\Gallery 47\09 - Wendy Williams (2)\,{Shemale Yum Dvd03~G47~09-2~09 - Wendy Williams (2)}
wendy2012.jpg,148565,f95cae8d,\Gallery 47\09 - Wendy Williams (2)\,{Shemale Yum Dvd03~G47~09-2~09 - Wendy Williams (2)}
wendy2013.jpg,146236,f80e0de2,\Gallery 47\09 - Wendy Williams (2)\,{Shemale Yum Dvd03~G47~09-2~09 - Wendy Williams (2)}
wendy2014.jpg,157664,9174367f,\Gallery 47\09 - Wendy Williams (2)\,{Shemale Yum Dvd03~G47~09-2~09 - Wendy Williams (2)}
wendy2015.jpg,141701,24b19088,\Gallery 47\09 - Wendy Williams (2)\,{Shemale Yum Dvd03~G47~09-2~09 - Wendy Williams (2)}
wendy2016.jpg,133676,487e2c9d,\Gallery 47\09 - Wendy Williams (2)\,{Shemale Yum Dvd03~G47~09-2~09 - Wendy Williams (2)}
wendy2017.jpg,142924,12dad06b,\Gallery 47\09 - Wendy Williams (2)\,{Shemale Yum Dvd03~G47~09-2~09 - Wendy Williams (2)}
wendy2018.jpg,147836,02f1ef79,\Gallery 47\09 - Wendy Williams (2)\,{Shemale Yum Dvd03~G47~09-2~09 - Wendy Williams (2)}
wendy2019.jpg,153393,a05d90fa,\Gallery 47\09 - Wendy Williams (2)\,{Shemale Yum Dvd03~G47~09-2~09 - Wendy Williams (2)}
wendy2020.jpg,159645,b9e70d74,\Gallery 47\09 - Wendy Williams (2)\,{Shemale Yum Dvd03~G47~09-2~09 - Wendy Williams (2)}
wendy2021.jpg,141124,98870055,\Gallery 47\09 - Wendy Williams (2)\,{Shemale Yum Dvd03~G47~09-2~09 - Wendy Williams (2)}
wendy2022.jpg,169473,8d7307dd,\Gallery 47\09 - Wendy Williams (2)\,{Shemale Yum Dvd03~G47~09-2~09 - Wendy Williams (2)}
wendy2024.jpg,146708,8ee78708,\Gallery 47\09 - Wendy Williams (2)\,{Shemale Yum Dvd03~G47~09-2~09 - Wendy Williams (2)}
wendy2026.jpg,161548,be2d7306,\Gallery 47\09 - Wendy Williams (2)\,{Shemale Yum Dvd03~G47~09-2~09 - Wendy Williams (2)}
wendy2027.jpg,152106,a0076691,\Gallery 47\09 - Wendy Williams (2)\,{Shemale Yum Dvd03~G47~09-2~09 - Wendy Williams (2)}
wendy2028.jpg,168910,14cbbbfe,\Gallery 47\09 - Wendy Williams (2)\,{Shemale Yum Dvd03~G47~09-2~09 - Wendy Williams (2)}
wendy2029.jpg,155473,cbdc1b62,\Gallery 47\09 - Wendy Williams (2)\,{Shemale Yum Dvd03~G47~09-2~09 - Wendy Williams (2)}
wendy2030.jpg,121673,eac69d77,\Gallery 47\09 - Wendy Williams (2)\,{Shemale Yum Dvd03~G47~09-2~09 - Wendy Williams (2)}
wendy2031.jpg,159452,62e5048e,\Gallery 47\09 - Wendy Williams (2)\,{Shemale Yum Dvd03~G47~09-2~09 - Wendy Williams (2)}
wendy2032.jpg,150108,1dd92ac1,\Gallery 47\09 - Wendy Williams (2)\,{Shemale Yum Dvd03~G47~09-2~09 - Wendy Williams (2)}
wendy2033.jpg,166806,bcfbf9e2,\Gallery 47\09 - Wendy Williams (2)\,{Shemale Yum Dvd03~G47~09-2~09 - Wendy Williams (2)}
wendy2034.jpg,165083,b44d59cd,\Gallery 47\09 - Wendy Williams (2)\,{Shemale Yum Dvd03~G47~09-2~09 - Wendy Williams (2)}
wendy2035.jpg,152147,14c48b47,\Gallery 47\09 - Wendy Williams (2)\,{Shemale Yum Dvd03~G47~09-2~09 - Wendy Williams (2)}
wendy2036.jpg,146532,76f2e1ef,\Gallery 47\09 - Wendy Williams (2)\,{Shemale Yum Dvd03~G47~09-2~09 - Wendy Williams (2)}
wendy2037.jpg,141613,3ffa815c,\Gallery 47\09 - Wendy Williams (2)\,{Shemale Yum Dvd03~G47~09-2~09 - Wendy Williams (2)}
wendy2038.jpg,155644,9b9a2840,\Gallery 47\09 - Wendy Williams (2)\,{Shemale Yum Dvd03~G47~09-2~09 - Wendy Williams (2)}
wendy2039.jpg,165951,8dbac060,\Gallery 47\09 - Wendy Williams (2)\,{Shemale Yum Dvd03~G47~09-2~09 - Wendy Williams (2)}
wendy2040.jpg,142715,fb5f9d51,\Gallery 47\09 - Wendy Williams (2)\,{Shemale Yum Dvd03~G47~09-2~09 - Wendy Williams (2)}
wendy2041.jpg,135229,bbc5d26b,\Gallery 47\09 - Wendy Williams (2)\,{Shemale Yum Dvd03~G47~09-2~09 - Wendy Williams (2)}
wendy2042.jpg,146276,ad58a7e3,\Gallery 47\09 - Wendy Williams (2)\,{Shemale Yum Dvd03~G47~09-2~09 - Wendy Williams (2)}
wendy2043.jpg,188988,5024465a,\Gallery 47\09 - Wendy Williams (2)\,{Shemale Yum Dvd03~G47~09-2~09 - Wendy Williams (2)}
wendy2044.jpg,151189,e6c383a3,\Gallery 47\09 - Wendy Williams (2)\,{Shemale Yum Dvd03~G47~09-2~09 - Wendy Williams (2)}
wendy2045.jpg,170898,857fb617,\Gallery 47\09 - Wendy Williams (2)\,{Shemale Yum Dvd03~G47~09-2~09 - Wendy Williams (2)}
wendy2046.jpg,200631,675458d5,\Gallery 47\09 - Wendy Williams (2)\,{Shemale Yum Dvd03~G47~09-2~09 - Wendy Williams (2)}
wendy2047.jpg,196143,e6b77d7c,\Gallery 47\09 - Wendy Williams (2)\,{Shemale Yum Dvd03~G47~09-2~09 - Wendy Williams (2)}
wendy2048.jpg,152389,cde8f80e,\Gallery 47\09 - Wendy Williams (2)\,{Shemale Yum Dvd03~G47~09-2~09 - Wendy Williams (2)}
wendy2049.jpg,157047,55a691cd,\Gallery 47\09 - Wendy Williams (2)\,{Shemale Yum Dvd03~G47~09-2~09 - Wendy Williams (2)}
wendy2050.jpg,164941,5d080cc6,\Gallery 47\09 - Wendy Williams (2)\,{Shemale Yum Dvd03~G47~09-2~09 - Wendy Williams (2)}
wendy2051.jpg,218532,4ba91084,\Gallery 47\09 - Wendy Williams (2)\,{Shemale Yum Dvd03~G47~09-2~09 - Wendy Williams (2)}
wendy2052.jpg,165320,0b2d548e,\Gallery 47\09 - Wendy Williams (2)\,{Shemale Yum Dvd03~G47~09-2~09 - Wendy Williams (2)}
wendy2053.jpg,204518,748c07e5,\Gallery 47\09 - Wendy Williams (2)\,{Shemale Yum Dvd03~G47~09-2~09 - Wendy Williams (2)}
wendy2054.jpg,159433,30305088,\Gallery 47\09 - Wendy Williams (2)\,{Shemale Yum Dvd03~G47~09-2~09 - Wendy Williams (2)}
wendy2055.jpg,177397,99f97832,\Gallery 47\09 - Wendy Williams (2)\,{Shemale Yum Dvd03~G47~09-2~09 - Wendy Williams (2)}
wendy2056.jpg,169842,d3db9f94,\Gallery 47\09 - Wendy Williams (2)\,{Shemale Yum Dvd03~G47~09-2~09 - Wendy Williams (2)}
wendy2057.jpg,163331,e934591a,\Gallery 47\09 - Wendy Williams (2)\,{Shemale Yum Dvd03~G47~09-2~09 - Wendy Williams (2)}
wendy2058.jpg,161047,3c96dcae,\Gallery 47\09 - Wendy Williams (2)\,{Shemale Yum Dvd03~G47~09-2~09 - Wendy Williams (2)}
wendy2059.jpg,157101,2bb27c2e,\Gallery 47\09 - Wendy Williams (2)\,{Shemale Yum Dvd03~G47~09-2~09 - Wendy Williams (2)}
wendy2061.jpg,180173,a0d4a955,\Gallery 47\09 - Wendy Williams (2)\,{Shemale Yum Dvd03~G47~09-2~09 - Wendy Williams (2)}
wendy2062.jpg,153110,9ab2e42f,\Gallery 47\09 - Wendy Williams (2)\,{Shemale Yum Dvd03~G47~09-2~09 - Wendy Williams (2)}
wendy2063.jpg,167141,b117e5ff,\Gallery 47\09 - Wendy Williams (2)\,{Shemale Yum Dvd03~G47~09-2~09 - Wendy Williams (2)}
wendy2064.jpg,162531,1defd6c2,\Gallery 47\09 - Wendy Williams (2)\,{Shemale Yum Dvd03~G47~09-2~09 - Wendy Williams (2)}
wendy2065.jpg,158507,7d70eab0,\Gallery 47\09 - Wendy Williams (2)\,{Shemale Yum Dvd03~G47~09-2~09 - Wendy Williams (2)}
wendy2066.jpg,191304,15fb8666,\Gallery 47\09 - Wendy Williams (2)\,{Shemale Yum Dvd03~G47~09-2~09 - Wendy Williams (2)}
wendy2067.jpg,183069,d3c5e2f0,\Gallery 47\09 - Wendy Williams (2)\,{Shemale Yum Dvd03~G47~09-2~09 - Wendy Williams (2)}
wendy2068.jpg,175493,d3b133e9,\Gallery 47\09 - Wendy Williams (2)\,{Shemale Yum Dvd03~G47~09-2~09 - Wendy Williams (2)}
wendy2069.jpg,179876,1c4703e2,\Gallery 47\09 - Wendy Williams (2)\,{Shemale Yum Dvd03~G47~09-2~09 - Wendy Williams (2)}
wendy3001.jpg,166548,3427834d,\Gallery 47\09 - Wendy Williams (3)\,{Shemale Yum Dvd03~G47~09-3~09 - Wendy Williams (3)}
wendy3002.jpg,172796,eb78b7f8,\Gallery 47\09 - Wendy Williams (3)\,{Shemale Yum Dvd03~G47~09-3~09 - Wendy Williams (3)}
wendy3003.jpg,205977,e5546709,\Gallery 47\09 - Wendy Williams (3)\,{Shemale Yum Dvd03~G47~09-3~09 - Wendy Williams (3)}
wendy3004.jpg,217961,f409e287,\Gallery 47\09 - Wendy Williams (3)\,{Shemale Yum Dvd03~G47~09-3~09 - Wendy Williams (3)}
wendy3006.jpg,198405,d8c8531d,\Gallery 47\09 - Wendy Williams (3)\,{Shemale Yum Dvd03~G47~09-3~09 - Wendy Williams (3)}
wendy3007.jpg,201051,f8545c2c,\Gallery 47\09 - Wendy Williams (3)\,{Shemale Yum Dvd03~G47~09-3~09 - Wendy Williams (3)}
wendy3008.jpg,200233,c4070ed5,\Gallery 47\09 - Wendy Williams (3)\,{Shemale Yum Dvd03~G47~09-3~09 - Wendy Williams (3)}
wendy3009.jpg,289303,3473e7be,\Gallery 47\09 - Wendy Williams (3)\,{Shemale Yum Dvd03~G47~09-3~09 - Wendy Williams (3)}
wendy3010.jpg,287852,ebc78565,\Gallery 47\09 - Wendy Williams (3)\,{Shemale Yum Dvd03~G47~09-3~09 - Wendy Williams (3)}
wendy3011.jpg,434400,353ec6f9,\Gallery 47\09 - Wendy Williams (3)\,{Shemale Yum Dvd03~G47~09-3~09 - Wendy Williams (3)}
wendy3012.jpg,249477,071d31b8,\Gallery 47\09 - Wendy Williams (3)\,{Shemale Yum Dvd03~G47~09-3~09 - Wendy Williams (3)}
wendy3013.jpg,228021,56303062,\Gallery 47\09 - Wendy Williams (3)\,{Shemale Yum Dvd03~G47~09-3~09 - Wendy Williams (3)}
wendy3014.jpg,314026,186aa3b4,\Gallery 47\09 - Wendy Williams (3)\,{Shemale Yum Dvd03~G47~09-3~09 - Wendy Williams (3)}
wendy3015.jpg,270568,34baffdd,\Gallery 47\09 - Wendy Williams (3)\,{Shemale Yum Dvd03~G47~09-3~09 - Wendy Williams (3)}
wendy3016.jpg,299126,14c14d00,\Gallery 47\09 - Wendy Williams (3)\,{Shemale Yum Dvd03~G47~09-3~09 - Wendy Williams (3)}
wendy3017.jpg,192442,b5a8dca0,\Gallery 47\09 - Wendy Williams (3)\,{Shemale Yum Dvd03~G47~09-3~09 - Wendy Williams (3)}
wendy3018.jpg,166314,d65427c9,\Gallery 47\09 - Wendy Williams (3)\,{Shemale Yum Dvd03~G47~09-3~09 - Wendy Williams (3)}
wendy3019.jpg,176040,d19828a6,\Gallery 47\09 - Wendy Williams (3)\,{Shemale Yum Dvd03~G47~09-3~09 - Wendy Williams (3)}
wendy3020.jpg,240578,e4148ea9,\Gallery 47\09 - Wendy Williams (3)\,{Shemale Yum Dvd03~G47~09-3~09 - Wendy Williams (3)}
wendy3021.jpg,157814,9e947a46,\Gallery 47\09 - Wendy Williams (3)\,{Shemale Yum Dvd03~G47~09-3~09 - Wendy Williams (3)}
wendy3022.jpg,181093,3755249d,\Gallery 47\09 - Wendy Williams (3)\,{Shemale Yum Dvd03~G47~09-3~09 - Wendy Williams (3)}
wendy3023.jpg,241150,14b46ca7,\Gallery 47\09 - Wendy Williams (3)\,{Shemale Yum Dvd03~G47~09-3~09 - Wendy Williams (3)}
wendy3024.jpg,257953,1d1c68d2,\Gallery 47\09 - Wendy Williams (3)\,{Shemale Yum Dvd03~G47~09-3~09 - Wendy Williams (3)}
wendy3025.jpg,421644,4b6026fe,\Gallery 47\09 - Wendy Williams (3)\,{Shemale Yum Dvd03~G47~09-3~09 - Wendy Williams (3)}
wendy3026.jpg,314312,57bf0f07,\Gallery 47\09 - Wendy Williams (3)\,{Shemale Yum Dvd03~G47~09-3~09 - Wendy Williams (3)}
wendy3027.jpg,220528,e9349b8b,\Gallery 47\09 - Wendy Williams (3)\,{Shemale Yum Dvd03~G47~09-3~09 - Wendy Williams (3)}
wendy3028.jpg,311632,3634fca6,\Gallery 47\09 - Wendy Williams (3)\,{Shemale Yum Dvd03~G47~09-3~09 - Wendy Williams (3)}
wendy3029.jpg,345206,1f20bb19,\Gallery 47\09 - Wendy Williams (3)\,{Shemale Yum Dvd03~G47~09-3~09 - Wendy Williams (3)}
wendy3030.jpg,178484,a4dcf1ba,\Gallery 47\09 - Wendy Williams (3)\,{Shemale Yum Dvd03~G47~09-3~09 - Wendy Williams (3)}
wendy3031.jpg,260643,46a8b61f,\Gallery 47\09 - Wendy Williams (3)\,{Shemale Yum Dvd03~G47~09-3~09 - Wendy Williams (3)}
wendy3032.jpg,276502,71df7dcf,\Gallery 47\09 - Wendy Williams (3)\,{Shemale Yum Dvd03~G47~09-3~09 - Wendy Williams (3)}
wendy3033.jpg,239575,215a8337,\Gallery 47\09 - Wendy Williams (3)\,{Shemale Yum Dvd03~G47~09-3~09 - Wendy Williams (3)}
wendy3034.jpg,212372,857d74ae,\Gallery 47\09 - Wendy Williams (3)\,{Shemale Yum Dvd03~G47~09-3~09 - Wendy Williams (3)}
wendy3035.jpg,209485,58eeb4aa,\Gallery 47\09 - Wendy Williams (3)\,{Shemale Yum Dvd03~G47~09-3~09 - Wendy Williams (3)}
wendy3036.jpg,190023,701ca9be,\Gallery 47\09 - Wendy Williams (3)\,{Shemale Yum Dvd03~G47~09-3~09 - Wendy Williams (3)}
wendy3037.jpg,181694,226f4abd,\Gallery 47\09 - Wendy Williams (3)\,{Shemale Yum Dvd03~G47~09-3~09 - Wendy Williams (3)}
wendy3038.jpg,307682,64ae1be1,\Gallery 47\09 - Wendy Williams (3)\,{Shemale Yum Dvd03~G47~09-3~09 - Wendy Williams (3)}
wendy3039.jpg,328122,5a93fa29,\Gallery 47\09 - Wendy Williams (3)\,{Shemale Yum Dvd03~G47~09-3~09 - Wendy Williams (3)}
wendy3040.jpg,158593,4f0cbe96,\Gallery 47\09 - Wendy Williams (3)\,{Shemale Yum Dvd03~G47~09-3~09 - Wendy Williams (3)}
wendy3041.jpg,288153,46699f72,\Gallery 47\09 - Wendy Williams (3)\,{Shemale Yum Dvd03~G47~09-3~09 - Wendy Williams (3)}
wendy3042.jpg,223550,d4024146,\Gallery 47\09 - Wendy Williams (3)\,{Shemale Yum Dvd03~G47~09-3~09 - Wendy Williams (3)}
wendy3043.jpg,208693,ee271824,\Gallery 47\09 - Wendy Williams (3)\,{Shemale Yum Dvd03~G47~09-3~09 - Wendy Williams (3)}
wendy3044.jpg,205782,c4a9944b,\Gallery 47\09 - Wendy Williams (3)\,{Shemale Yum Dvd03~G47~09-3~09 - Wendy Williams (3)}
wendy3045.jpg,222199,15b2baa6,\Gallery 47\09 - Wendy Williams (3)\,{Shemale Yum Dvd03~G47~09-3~09 - Wendy Williams (3)}
wendy3046.jpg,179209,470f2079,\Gallery 47\09 - Wendy Williams (3)\,{Shemale Yum Dvd03~G47~09-3~09 - Wendy Williams (3)}
wendy3047.jpg,148916,a77ae29f,\Gallery 47\09 - Wendy Williams (3)\,{Shemale Yum Dvd03~G47~09-3~09 - Wendy Williams (3)}
wendy3048.jpg,152467,3237a2a5,\Gallery 47\09 - Wendy Williams (3)\,{Shemale Yum Dvd03~G47~09-3~09 - Wendy Williams (3)}
wendy3049.jpg,270631,f47cbf36,\Gallery 47\09 - Wendy Williams (3)\,{Shemale Yum Dvd03~G47~09-3~09 - Wendy Williams (3)}
wendy3050.jpg,419703,8f420f48,\Gallery 47\09 - Wendy Williams (3)\,{Shemale Yum Dvd03~G47~09-3~09 - Wendy Williams (3)}
wendy3051.jpg,280503,7a0dadf5,\Gallery 47\09 - Wendy Williams (3)\,{Shemale Yum Dvd03~G47~09-3~09 - Wendy Williams (3)}
wendychip001.jpg,63264,e6aed33f,\Gallery 47\09 - Wendy Williams (4)\,{Shemale Yum Dvd03~G47~09-4~09 - Wendy Williams (4)}
wendychip002.jpg,59650,0e00b71f,\Gallery 47\09 - Wendy Williams (4)\,{Shemale Yum Dvd03~G47~09-4~09 - Wendy Williams (4)}
wendychip003.jpg,56767,c7c47296,\Gallery 47\09 - Wendy Williams (4)\,{Shemale Yum Dvd03~G47~09-4~09 - Wendy Williams (4)}
wendychip004.jpg,52461,7b49261f,\Gallery 47\09 - Wendy Williams (4)\,{Shemale Yum Dvd03~G47~09-4~09 - Wendy Williams (4)}
wendychip005.jpg,70139,d1cad374,\Gallery 47\09 - Wendy Williams (4)\,{Shemale Yum Dvd03~G47~09-4~09 - Wendy Williams (4)}
wendychip006.jpg,71789,9877c96b,\Gallery 47\09 - Wendy Williams (4)\,{Shemale Yum Dvd03~G47~09-4~09 - Wendy Williams (4)}
wendychip007.jpg,69627,7b0de811,\Gallery 47\09 - Wendy Williams (4)\,{Shemale Yum Dvd03~G47~09-4~09 - Wendy Williams (4)}
wendychip008.jpg,66309,71d61e14,\Gallery 47\09 - Wendy Williams (4)\,{Shemale Yum Dvd03~G47~09-4~09 - Wendy Williams (4)}
wendychip009.jpg,73519,88767c19,\Gallery 47\09 - Wendy Williams (4)\,{Shemale Yum Dvd03~G47~09-4~09 - Wendy Williams (4)}
wendychip010.jpg,70774,163ca936,\Gallery 47\09 - Wendy Williams (4)\,{Shemale Yum Dvd03~G47~09-4~09 - Wendy Williams (4)}
wendychip011.jpg,67705,cf23a7e9,\Gallery 47\09 - Wendy Williams (4)\,{Shemale Yum Dvd03~G47~09-4~09 - Wendy Williams (4)}
wendychip012.jpg,58669,44b39db8,\Gallery 47\09 - Wendy Williams (4)\,{Shemale Yum Dvd03~G47~09-4~09 - Wendy Williams (4)}
wendychip013.jpg,72195,ddffe8d2,\Gallery 47\09 - Wendy Williams (4)\,{Shemale Yum Dvd03~G47~09-4~09 - Wendy Williams (4)}
wendychip014.jpg,73820,dfb70fde,\Gallery 47\09 - Wendy Williams (4)\,{Shemale Yum Dvd03~G47~09-4~09 - Wendy Williams (4)}
wendychip015.jpg,67646,ed8441dc,\Gallery 47\09 - Wendy Williams (4)\,{Shemale Yum Dvd03~G47~09-4~09 - Wendy Williams (4)}
wendychip016.jpg,80243,5494f4ec,\Gallery 47\09 - Wendy Williams (4)\,{Shemale Yum Dvd03~G47~09-4~09 - Wendy Williams (4)}
wendychip017.jpg,52493,3480cf2f,\Gallery 47\09 - Wendy Williams (4)\,{Shemale Yum Dvd03~G47~09-4~09 - Wendy Williams (4)}
wendychip018.jpg,63591,577555cb,\Gallery 47\09 - Wendy Williams (4)\,{Shemale Yum Dvd03~G47~09-4~09 - Wendy Williams (4)}
wendychip019.jpg,52153,4df1db52,\Gallery 47\09 - Wendy Williams (4)\,{Shemale Yum Dvd03~G47~09-4~09 - Wendy Williams (4)}
wendychip020.jpg,51868,d4506ad8,\Gallery 47\09 - Wendy Williams (4)\,{Shemale Yum Dvd03~G47~09-4~09 - Wendy Williams (4)}
wendychip021.jpg,43950,2af67fa1,\Gallery 47\09 - Wendy Williams (4)\,{Shemale Yum Dvd03~G47~09-4~09 - Wendy Williams (4)}
wendychip022.jpg,57036,e6f98d93,\Gallery 47\09 - Wendy Williams (4)\,{Shemale Yum Dvd03~G47~09-4~09 - Wendy Williams (4)}
wendychip023.jpg,61080,c09b167e,\Gallery 47\09 - Wendy Williams (4)\,{Shemale Yum Dvd03~G47~09-4~09 - Wendy Williams (4)}
wendychip024.jpg,61539,fccde446,\Gallery 47\09 - Wendy Williams (4)\,{Shemale Yum Dvd03~G47~09-4~09 - Wendy Williams (4)}
wendychip025.jpg,60962,bffa02d4,\Gallery 47\09 - Wendy Williams (4)\,{Shemale Yum Dvd03~G47~09-4~09 - Wendy Williams (4)}
wendychip026.jpg,70642,073d8c8a,\Gallery 47\09 - Wendy Williams (4)\,{Shemale Yum Dvd03~G47~09-4~09 - Wendy Williams (4)}
wendychip027.jpg,65646,ca1d1a51,\Gallery 47\09 - Wendy Williams (4)\,{Shemale Yum Dvd03~G47~09-4~09 - Wendy Williams (4)}
wendychip028.jpg,57918,9cb69cf4,\Gallery 47\09 - Wendy Williams (4)\,{Shemale Yum Dvd03~G47~09-4~09 - Wendy Williams (4)}
wendychip029.jpg,62640,28bbaf5f,\Gallery 47\09 - Wendy Williams (4)\,{Shemale Yum Dvd03~G47~09-4~09 - Wendy Williams (4)}
wendychip030.jpg,59189,1a2871a6,\Gallery 47\09 - Wendy Williams (4)\,{Shemale Yum Dvd03~G47~09-4~09 - Wendy Williams (4)}
wendychip031.jpg,55332,5cae54bf,\Gallery 47\09 - Wendy Williams (4)\,{Shemale Yum Dvd03~G47~09-4~09 - Wendy Williams (4)}
wendychip032.jpg,57099,48cbc897,\Gallery 47\09 - Wendy Williams (4)\,{Shemale Yum Dvd03~G47~09-4~09 - Wendy Williams (4)}
wendychip033.jpg,64079,131b9681,\Gallery 47\09 - Wendy Williams (4)\,{Shemale Yum Dvd03~G47~09-4~09 - Wendy Williams (4)}
wendychip034.jpg,57061,01322d9e,\Gallery 47\09 - Wendy Williams (4)\,{Shemale Yum Dvd03~G47~09-4~09 - Wendy Williams (4)}
wendychip035.jpg,55384,535d7ada,\Gallery 47\09 - Wendy Williams (4)\,{Shemale Yum Dvd03~G47~09-4~09 - Wendy Williams (4)}
wendychip036.jpg,56927,c0d558c0,\Gallery 47\09 - Wendy Williams (4)\,{Shemale Yum Dvd03~G47~09-4~09 - Wendy Williams (4)}
wendychip037.jpg,56544,461213dc,\Gallery 47\09 - Wendy Williams (4)\,{Shemale Yum Dvd03~G47~09-4~09 - Wendy Williams (4)}
wendychip038.jpg,56731,94e9cdea,\Gallery 47\09 - Wendy Williams (4)\,{Shemale Yum Dvd03~G47~09-4~09 - Wendy Williams (4)}
wendychip039.jpg,51822,2b1f4ec9,\Gallery 47\09 - Wendy Williams (4)\,{Shemale Yum Dvd03~G47~09-4~09 - Wendy Williams (4)}
wendychip040.jpg,44295,c8b42201,\Gallery 47\09 - Wendy Williams (4)\,{Shemale Yum Dvd03~G47~09-4~09 - Wendy Williams (4)}
wendychip041.jpg,52260,58a981cc,\Gallery 47\09 - Wendy Williams (4)\,{Shemale Yum Dvd03~G47~09-4~09 - Wendy Williams (4)}
wendychip042.jpg,55215,7a24ac82,\Gallery 47\09 - Wendy Williams (4)\,{Shemale Yum Dvd03~G47~09-4~09 - Wendy Williams (4)}
wendychip043.jpg,43674,67911586,\Gallery 47\09 - Wendy Williams (4)\,{Shemale Yum Dvd03~G47~09-4~09 - Wendy Williams (4)}
wendychip044.jpg,52792,517e1072,\Gallery 47\09 - Wendy Williams (4)\,{Shemale Yum Dvd03~G47~09-4~09 - Wendy Williams (4)}
wendychip045.jpg,58075,b52597f1,\Gallery 47\09 - Wendy Williams (4)\,{Shemale Yum Dvd03~G47~09-4~09 - Wendy Williams (4)}
wendychip046.jpg,48632,70a1364e,\Gallery 47\09 - Wendy Williams (4)\,{Shemale Yum Dvd03~G47~09-4~09 - Wendy Williams (4)}
wendychip047.jpg,41946,0012fc4b,\Gallery 47\09 - Wendy Williams (4)\,{Shemale Yum Dvd03~G47~09-4~09 - Wendy Williams (4)}
wendychip048.jpg,55309,f8df0150,\Gallery 47\09 - Wendy Williams (4)\,{Shemale Yum Dvd03~G47~09-4~09 - Wendy Williams (4)}
wendychip049.jpg,50344,3461eb28,\Gallery 47\09 - Wendy Williams (4)\,{Shemale Yum Dvd03~G47~09-4~09 - Wendy Williams (4)}
wendychip050.jpg,51492,7f787116,\Gallery 47\09 - Wendy Williams (4)\,{Shemale Yum Dvd03~G47~09-4~09 - Wendy Williams (4)}
wendychip051.jpg,63465,eaef9b1d,\Gallery 47\09 - Wendy Williams (4)\,{Shemale Yum Dvd03~G47~09-4~09 - Wendy Williams (4)}
wendychip052.jpg,66543,46594eaf,\Gallery 47\09 - Wendy Williams (4)\,{Shemale Yum Dvd03~G47~09-4~09 - Wendy Williams (4)}
wendychip053.jpg,64187,8a1d778f,\Gallery 47\09 - Wendy Williams (4)\,{Shemale Yum Dvd03~G47~09-4~09 - Wendy Williams (4)}
wendychip054.jpg,63658,5a832a69,\Gallery 47\09 - Wendy Williams (4)\,{Shemale Yum Dvd03~G47~09-4~09 - Wendy Williams (4)}
wendychip055.jpg,66968,381066df,\Gallery 47\09 - Wendy Williams (4)\,{Shemale Yum Dvd03~G47~09-4~09 - Wendy Williams (4)}
wendychip056.jpg,41928,05fd2b78,\Gallery 47\09 - Wendy Williams (4)\,{Shemale Yum Dvd03~G47~09-4~09 - Wendy Williams (4)}
wendychip057.jpg,56272,75c7f01f,\Gallery 47\09 - Wendy Williams (4)\,{Shemale Yum Dvd03~G47~09-4~09 - Wendy Williams (4)}
wendychip058.jpg,61197,61168073,\Gallery 47\09 - Wendy Williams (4)\,{Shemale Yum Dvd03~G47~09-4~09 - Wendy Williams (4)}
wendychip059.jpg,45082,0a78fc29,\Gallery 47\09 - Wendy Williams (4)\,{Shemale Yum Dvd03~G47~09-4~09 - Wendy Williams (4)}
wendychip060.jpg,43272,9084bb42,\Gallery 47\09 - Wendy Williams (4)\,{Shemale Yum Dvd03~G47~09-4~09 - Wendy Williams (4)}
wendychip061.jpg,46294,03e4b757,\Gallery 47\09 - Wendy Williams (4)\,{Shemale Yum Dvd03~G47~09-4~09 - Wendy Williams (4)}
wendychip062.jpg,52640,b3e8c52e,\Gallery 47\09 - Wendy Williams (4)\,{Shemale Yum Dvd03~G47~09-4~09 - Wendy Williams (4)}
wendychip063.jpg,46500,26715b70,\Gallery 47\09 - Wendy Williams (4)\,{Shemale Yum Dvd03~G47~09-4~09 - Wendy Williams (4)}
wendychip064.jpg,47912,a53e2b96,\Gallery 47\09 - Wendy Williams (4)\,{Shemale Yum Dvd03~G47~09-4~09 - Wendy Williams (4)}
wendychip065.jpg,50353,bb57b202,\Gallery 47\09 - Wendy Williams (4)\,{Shemale Yum Dvd03~G47~09-4~09 - Wendy Williams (4)}
wendychip066.jpg,51704,1a9e1201,\Gallery 47\09 - Wendy Williams (4)\,{Shemale Yum Dvd03~G47~09-4~09 - Wendy Williams (4)}
wendychip067.jpg,35324,b83e35c1,\Gallery 47\09 - Wendy Williams (4)\,{Shemale Yum Dvd03~G47~09-4~09 - Wendy Williams (4)}
wendychip068.jpg,45655,d0503fcb,\Gallery 47\09 - Wendy Williams (4)\,{Shemale Yum Dvd03~G47~09-4~09 - Wendy Williams (4)}
wendychip069.jpg,40413,90256596,\Gallery 47\09 - Wendy Williams (4)\,{Shemale Yum Dvd03~G47~09-4~09 - Wendy Williams (4)}
wendychip070.jpg,46139,3e9e6999,\Gallery 47\09 - Wendy Williams (4)\,{Shemale Yum Dvd03~G47~09-4~09 - Wendy Williams (4)}
wendychip071.jpg,47798,1195fcca,\Gallery 47\09 - Wendy Williams (4)\,{Shemale Yum Dvd03~G47~09-4~09 - Wendy Williams (4)}
wendychip072.jpg,51004,fd4f9d6b,\Gallery 47\09 - Wendy Williams (4)\,{Shemale Yum Dvd03~G47~09-4~09 - Wendy Williams (4)}
wendychip073.jpg,48688,1e5d642e,\Gallery 47\09 - Wendy Williams (4)\,{Shemale Yum Dvd03~G47~09-4~09 - Wendy Williams (4)}
wendychip074.jpg,53877,7dd148b6,\Gallery 47\09 - Wendy Williams (4)\,{Shemale Yum Dvd03~G47~09-4~09 - Wendy Williams (4)}
wendychip075.jpg,48041,bb232488,\Gallery 47\09 - Wendy Williams (4)\,{Shemale Yum Dvd03~G47~09-4~09 - Wendy Williams (4)}
wendychip076.jpg,61417,415c3292,\Gallery 47\09 - Wendy Williams (4)\,{Shemale Yum Dvd03~G47~09-4~09 - Wendy Williams (4)}
wendychip077.jpg,45614,77e8e54d,\Gallery 47\09 - Wendy Williams (4)\,{Shemale Yum Dvd03~G47~09-4~09 - Wendy Williams (4)}
wendychip078.jpg,56314,a98a7286,\Gallery 47\09 - Wendy Williams (4)\,{Shemale Yum Dvd03~G47~09-4~09 - Wendy Williams (4)}
wendychip079.jpg,67065,0d995334,\Gallery 47\09 - Wendy Williams (4)\,{Shemale Yum Dvd03~G47~09-4~09 - Wendy Williams (4)}
wendychip080.jpg,58527,cc9a7d92,\Gallery 47\09 - Wendy Williams (4)\,{Shemale Yum Dvd03~G47~09-4~09 - Wendy Williams (4)}
wendychip081.jpg,65570,bb3c4d05,\Gallery 47\09 - Wendy Williams (4)\,{Shemale Yum Dvd03~G47~09-4~09 - Wendy Williams (4)}
wendychip082.jpg,56731,4197b4ff,\Gallery 47\09 - Wendy Williams (4)\,{Shemale Yum Dvd03~G47~09-4~09 - Wendy Williams (4)}
wendychip083.jpg,61525,dd67458d,\Gallery 47\09 - Wendy Williams (4)\,{Shemale Yum Dvd03~G47~09-4~09 - Wendy Williams (4)}
wendychip084.jpg,65826,2cb5a787,\Gallery 47\09 - Wendy Williams (4)\,{Shemale Yum Dvd03~G47~09-4~09 - Wendy Williams (4)}
wendychip085.jpg,66379,ef1fc498,\Gallery 47\09 - Wendy Williams (4)\,{Shemale Yum Dvd03~G47~09-4~09 - Wendy Williams (4)}
wendychip086.jpg,69343,c06fa44a,\Gallery 47\09 - Wendy Williams (4)\,{Shemale Yum Dvd03~G47~09-4~09 - Wendy Williams (4)}
wendychip087.jpg,66067,eacd4d8d,\Gallery 47\09 - Wendy Williams (4)\,{Shemale Yum Dvd03~G47~09-4~09 - Wendy Williams (4)}
wendychip088.jpg,66875,e99f99fa,\Gallery 47\09 - Wendy Williams (4)\,{Shemale Yum Dvd03~G47~09-4~09 - Wendy Williams (4)}
wendychip089.jpg,58129,0b04771e,\Gallery 47\09 - Wendy Williams (4)\,{Shemale Yum Dvd03~G47~09-4~09 - Wendy Williams (4)}
wendychip090.jpg,65311,01e330f5,\Gallery 47\09 - Wendy Williams (4)\,{Shemale Yum Dvd03~G47~09-4~09 - Wendy Williams (4)}
wendychip091.jpg,58322,7e5f2a06,\Gallery 47\09 - Wendy Williams (4)\,{Shemale Yum Dvd03~G47~09-4~09 - Wendy Williams (4)}
wendychip092.jpg,56239,d1dcb6af,\Gallery 47\09 - Wendy Williams (4)\,{Shemale Yum Dvd03~G47~09-4~09 - Wendy Williams (4)}
wendychip093.jpg,59483,ccbde196,\Gallery 47\09 - Wendy Williams (4)\,{Shemale Yum Dvd03~G47~09-4~09 - Wendy Williams (4)}
wendychip094.jpg,59111,fa9cc68e,\Gallery 47\09 - Wendy Williams (4)\,{Shemale Yum Dvd03~G47~09-4~09 - Wendy Williams (4)}
wendychip095.jpg,56128,f80cae33,\Gallery 47\09 - Wendy Williams (4)\,{Shemale Yum Dvd03~G47~09-4~09 - Wendy Williams (4)}
wendychip096.jpg,48159,305fac26,\Gallery 47\09 - Wendy Williams (4)\,{Shemale Yum Dvd03~G47~09-4~09 - Wendy Williams (4)}
wendychip097.jpg,48850,98170477,\Gallery 47\09 - Wendy Williams (4)\,{Shemale Yum Dvd03~G47~09-4~09 - Wendy Williams (4)}
wendychip098.jpg,69366,a042ef72,\Gallery 47\09 - Wendy Williams (4)\,{Shemale Yum Dvd03~G47~09-4~09 - Wendy Williams (4)}
wendychip099.jpg,71682,d037f738,\Gallery 47\09 - Wendy Williams (4)\,{Shemale Yum Dvd03~G47~09-4~09 - Wendy Williams (4)}
wendychip100.jpg,57906,c3202c38,\Gallery 47\09 - Wendy Williams (4)\,{Shemale Yum Dvd03~G47~09-4~09 - Wendy Williams (4)}
wendychip101.jpg,44083,56e6dc57,\Gallery 47\09 - Wendy Williams (4)\,{Shemale Yum Dvd03~G47~09-4~09 - Wendy Williams (4)}
wendychip102.jpg,69663,00a6ec54,\Gallery 47\09 - Wendy Williams (4)\,{Shemale Yum Dvd03~G47~09-4~09 - Wendy Williams (4)}
wendychip103.jpg,63468,da7fff1a,\Gallery 47\09 - Wendy Williams (4)\,{Shemale Yum Dvd03~G47~09-4~09 - Wendy Williams (4)}
wendychip104.jpg,46396,aa522d28,\Gallery 47\09 - Wendy Williams (4)\,{Shemale Yum Dvd03~G47~09-4~09 - Wendy Williams (4)}
wendychip105.jpg,54731,fba1dd43,\Gallery 47\09 - Wendy Williams (4)\,{Shemale Yum Dvd03~G47~09-4~09 - Wendy Williams (4)}
wendychip106.jpg,52505,8f15e59c,\Gallery 47\09 - Wendy Williams (4)\,{Shemale Yum Dvd03~G47~09-4~09 - Wendy Williams (4)}
wendychip107.jpg,43038,269bd5cd,\Gallery 47\09 - Wendy Williams (4)\,{Shemale Yum Dvd03~G47~09-4~09 - Wendy Williams (4)}
wendychip108.jpg,43022,8026d9b5,\Gallery 47\09 - Wendy Williams (4)\,{Shemale Yum Dvd03~G47~09-4~09 - Wendy Williams (4)}
wendychip109.jpg,42762,fd531b59,\Gallery 47\09 - Wendy Williams (4)\,{Shemale Yum Dvd03~G47~09-4~09 - Wendy Williams (4)}
wendychip110.jpg,43192,f64cb048,\Gallery 47\09 - Wendy Williams (4)\,{Shemale Yum Dvd03~G47~09-4~09 - Wendy Williams (4)}
wendychip111.jpg,31494,d0e841c7,\Gallery 47\09 - Wendy Williams (4)\,{Shemale Yum Dvd03~G47~09-4~09 - Wendy Williams (4)}
wendychip112.jpg,42803,6a745431,\Gallery 47\09 - Wendy Williams (4)\,{Shemale Yum Dvd03~G47~09-4~09 - Wendy Williams (4)}
wendychip113.jpg,51649,2b72240b,\Gallery 47\09 - Wendy Williams (4)\,{Shemale Yum Dvd03~G47~09-4~09 - Wendy Williams (4)}
wendychip114.jpg,31697,da7c9e13,\Gallery 47\09 - Wendy Williams (4)\,{Shemale Yum Dvd03~G47~09-4~09 - Wendy Williams (4)}
wendychip115.jpg,63457,a2c7474a,\Gallery 47\09 - Wendy Williams (4)\,{Shemale Yum Dvd03~G47~09-4~09 - Wendy Williams (4)}
wendychip116.jpg,58955,27ddc7d7,\Gallery 47\09 - Wendy Williams (4)\,{Shemale Yum Dvd03~G47~09-4~09 - Wendy Williams (4)}
wendyb5001.jpg,129082,fd9aeac6,\Gallery 47\09 - Wendy Williams (5)\,{Shemale Yum Dvd03~G47~09-5~09 - Wendy Williams (5)}
wendyb5002.jpg,123246,c98dc2e7,\Gallery 47\09 - Wendy Williams (5)\,{Shemale Yum Dvd03~G47~09-5~09 - Wendy Williams (5)}
wendyb5003.jpg,143068,ba8f8980,\Gallery 47\09 - Wendy Williams (5)\,{Shemale Yum Dvd03~G47~09-5~09 - Wendy Williams (5)}
wendyb5004.jpg,148336,d017990f,\Gallery 47\09 - Wendy Williams (5)\,{Shemale Yum Dvd03~G47~09-5~09 - Wendy Williams (5)}
wendyb5005.jpg,134583,99397f3a,\Gallery 47\09 - Wendy Williams (5)\,{Shemale Yum Dvd03~G47~09-5~09 - Wendy Williams (5)}
wendyb5006.jpg,155787,9a68b10e,\Gallery 47\09 - Wendy Williams (5)\,{Shemale Yum Dvd03~G47~09-5~09 - Wendy Williams (5)}
wendyb5007.jpg,157073,f9985366,\Gallery 47\09 - Wendy Williams (5)\,{Shemale Yum Dvd03~G47~09-5~09 - Wendy Williams (5)}
wendyb5008.jpg,152315,e3e75896,\Gallery 47\09 - Wendy Williams (5)\,{Shemale Yum Dvd03~G47~09-5~09 - Wendy Williams (5)}
wendyb5009.jpg,153541,32439608,\Gallery 47\09 - Wendy Williams (5)\,{Shemale Yum Dvd03~G47~09-5~09 - Wendy Williams (5)}
wendyb5010.jpg,153197,38a673df,\Gallery 47\09 - Wendy Williams (5)\,{Shemale Yum Dvd03~G47~09-5~09 - Wendy Williams (5)}
wendyb5011.jpg,149510,cb251c3c,\Gallery 47\09 - Wendy Williams (5)\,{Shemale Yum Dvd03~G47~09-5~09 - Wendy Williams (5)}
wendyb5012.jpg,163649,0aae4975,\Gallery 47\09 - Wendy Williams (5)\,{Shemale Yum Dvd03~G47~09-5~09 - Wendy Williams (5)}
wendyb5013.jpg,129216,58c07973,\Gallery 47\09 - Wendy Williams (5)\,{Shemale Yum Dvd03~G47~09-5~09 - Wendy Williams (5)}
wendyb5014.jpg,131158,9bc0bf17,\Gallery 47\09 - Wendy Williams (5)\,{Shemale Yum Dvd03~G47~09-5~09 - Wendy Williams (5)}
wendyb5015.jpg,136869,652d1d51,\Gallery 47\09 - Wendy Williams (5)\,{Shemale Yum Dvd03~G47~09-5~09 - Wendy Williams (5)}
wendyb5016.jpg,172693,f8872a73,\Gallery 47\09 - Wendy Williams (5)\,{Shemale Yum Dvd03~G47~09-5~09 - Wendy Williams (5)}
wendyb5017.jpg,140313,4e9eed0a,\Gallery 47\09 - Wendy Williams (5)\,{Shemale Yum Dvd03~G47~09-5~09 - Wendy Williams (5)}
wendyb5018.jpg,138858,4765b9d6,\Gallery 47\09 - Wendy Williams (5)\,{Shemale Yum Dvd03~G47~09-5~09 - Wendy Williams (5)}
wendyb5019.jpg,139148,0d56824c,\Gallery 47\09 - Wendy Williams (5)\,{Shemale Yum Dvd03~G47~09-5~09 - Wendy Williams (5)}
wendyb5020.jpg,171791,6c35d802,\Gallery 47\09 - Wendy Williams (5)\,{Shemale Yum Dvd03~G47~09-5~09 - Wendy Williams (5)}
wendyb5021.jpg,132529,5232729e,\Gallery 47\09 - Wendy Williams (5)\,{Shemale Yum Dvd03~G47~09-5~09 - Wendy Williams (5)}
wendyb5022.jpg,148651,7e96383e,\Gallery 47\09 - Wendy Williams (5)\,{Shemale Yum Dvd03~G47~09-5~09 - Wendy Williams (5)}
wendyb5023.jpg,137123,5fcce844,\Gallery 47\09 - Wendy Williams (5)\,{Shemale Yum Dvd03~G47~09-5~09 - Wendy Williams (5)}
wendyb5024.jpg,111683,d58f9f27,\Gallery 47\09 - Wendy Williams (5)\,{Shemale Yum Dvd03~G47~09-5~09 - Wendy Williams (5)}
wendyb5025.jpg,116371,73afb0f5,\Gallery 47\09 - Wendy Williams (5)\,{Shemale Yum Dvd03~G47~09-5~09 - Wendy Williams (5)}
wendyb5026.jpg,136174,6bd17fb8,\Gallery 47\09 - Wendy Williams (5)\,{Shemale Yum Dvd03~G47~09-5~09 - Wendy Williams (5)}
wendyb5027.jpg,190783,b8176b2b,\Gallery 47\09 - Wendy Williams (5)\,{Shemale Yum Dvd03~G47~09-5~09 - Wendy Williams (5)}
wendyb5028.jpg,153446,68e76aec,\Gallery 47\09 - Wendy Williams (5)\,{Shemale Yum Dvd03~G47~09-5~09 - Wendy Williams (5)}
wendyb5029.jpg,142569,e0261d9a,\Gallery 47\09 - Wendy Williams (5)\,{Shemale Yum Dvd03~G47~09-5~09 - Wendy Williams (5)}
wendyb5030.jpg,152638,d68974f3,\Gallery 47\09 - Wendy Williams (5)\,{Shemale Yum Dvd03~G47~09-5~09 - Wendy Williams (5)}
wendyb5031.jpg,127568,2ba072a1,\Gallery 47\09 - Wendy Williams (5)\,{Shemale Yum Dvd03~G47~09-5~09 - Wendy Williams (5)}
wendyb5032.jpg,130065,837ba12c,\Gallery 47\09 - Wendy Williams (5)\,{Shemale Yum Dvd03~G47~09-5~09 - Wendy Williams (5)}
wendyb5033.jpg,133771,f42de491,\Gallery 47\09 - Wendy Williams (5)\,{Shemale Yum Dvd03~G47~09-5~09 - Wendy Williams (5)}
wendyb5034.jpg,117069,823a25eb,\Gallery 47\09 - Wendy Williams (5)\,{Shemale Yum Dvd03~G47~09-5~09 - Wendy Williams (5)}
wendyb5035.jpg,130668,b260bf7e,\Gallery 47\09 - Wendy Williams (5)\,{Shemale Yum Dvd03~G47~09-5~09 - Wendy Williams (5)}
wendyb5036.jpg,136312,e1dbf98c,\Gallery 47\09 - Wendy Williams (5)\,{Shemale Yum Dvd03~G47~09-5~09 - Wendy Williams (5)}
wendyb5037.jpg,119292,815d4510,\Gallery 47\09 - Wendy Williams (5)\,{Shemale Yum Dvd03~G47~09-5~09 - Wendy Williams (5)}
wendyb5038.jpg,129917,8f7a3917,\Gallery 47\09 - Wendy Williams (5)\,{Shemale Yum Dvd03~G47~09-5~09 - Wendy Williams (5)}
wendyb5039.jpg,136610,575a4639,\Gallery 47\09 - Wendy Williams (5)\,{Shemale Yum Dvd03~G47~09-5~09 - Wendy Williams (5)}
wendyb5040.jpg,139116,94b998fc,\Gallery 47\09 - Wendy Williams (5)\,{Shemale Yum Dvd03~G47~09-5~09 - Wendy Williams (5)}
wendyb5041.jpg,150256,7f9018b8,\Gallery 47\09 - Wendy Williams (5)\,{Shemale Yum Dvd03~G47~09-5~09 - Wendy Williams (5)}
wendyb5042.jpg,133215,0e9d5823,\Gallery 47\09 - Wendy Williams (5)\,{Shemale Yum Dvd03~G47~09-5~09 - Wendy Williams (5)}
wendyb5043.jpg,115684,b7e9c472,\Gallery 47\09 - Wendy Williams (5)\,{Shemale Yum Dvd03~G47~09-5~09 - Wendy Williams (5)}
wendyb5044.jpg,133388,e614292a,\Gallery 47\09 - Wendy Williams (5)\,{Shemale Yum Dvd03~G47~09-5~09 - Wendy Williams (5)}
wendyb5045.jpg,164406,a2fac425,\Gallery 47\09 - Wendy Williams (5)\,{Shemale Yum Dvd03~G47~09-5~09 - Wendy Williams (5)}
wendyb5046.jpg,157184,a9e1b4df,\Gallery 47\09 - Wendy Williams (5)\,{Shemale Yum Dvd03~G47~09-5~09 - Wendy Williams (5)}
wendyb5047.jpg,160368,32ec1a34,\Gallery 47\09 - Wendy Williams (5)\,{Shemale Yum Dvd03~G47~09-5~09 - Wendy Williams (5)}
wendyb5048.jpg,150743,c0dd2c3a,\Gallery 47\09 - Wendy Williams (5)\,{Shemale Yum Dvd03~G47~09-5~09 - Wendy Williams (5)}
wendyb5049.jpg,140872,d8a5140d,\Gallery 47\09 - Wendy Williams (5)\,{Shemale Yum Dvd03~G47~09-5~09 - Wendy Williams (5)}
wendyb5050.jpg,146277,69f8dab1,\Gallery 47\09 - Wendy Williams (5)\,{Shemale Yum Dvd03~G47~09-5~09 - Wendy Williams (5)}
wendyb5051.jpg,185052,0f2a202a,\Gallery 47\09 - Wendy Williams (5)\,{Shemale Yum Dvd03~G47~09-5~09 - Wendy Williams (5)}
wendyb5052.jpg,135319,8ff9962d,\Gallery 47\09 - Wendy Williams (5)\,{Shemale Yum Dvd03~G47~09-5~09 - Wendy Williams (5)}
wendyb5053.jpg,148128,f393d473,\Gallery 47\09 - Wendy Williams (5)\,{Shemale Yum Dvd03~G47~09-5~09 - Wendy Williams (5)}
wendyb5054.jpg,169811,ce0288d8,\Gallery 47\09 - Wendy Williams (5)\,{Shemale Yum Dvd03~G47~09-5~09 - Wendy Williams (5)}
wendyb5055.jpg,133012,63d1c3bd,\Gallery 47\09 - Wendy Williams (5)\,{Shemale Yum Dvd03~G47~09-5~09 - Wendy Williams (5)}
wendyb5056.jpg,139791,60aedf0a,\Gallery 47\09 - Wendy Williams (5)\,{Shemale Yum Dvd03~G47~09-5~09 - Wendy Williams (5)}
wendyb5057.jpg,163487,fce031ae,\Gallery 47\09 - Wendy Williams (5)\,{Shemale Yum Dvd03~G47~09-5~09 - Wendy Williams (5)}
wendyb5058.jpg,155740,ac41b516,\Gallery 47\09 - Wendy Williams (5)\,{Shemale Yum Dvd03~G47~09-5~09 - Wendy Williams (5)}
wendyb5059.jpg,165262,2bdc4a9e,\Gallery 47\09 - Wendy Williams (5)\,{Shemale Yum Dvd03~G47~09-5~09 - Wendy Williams (5)}
wendyb5060.jpg,156456,55db78f1,\Gallery 47\09 - Wendy Williams (5)\,{Shemale Yum Dvd03~G47~09-5~09 - Wendy Williams (5)}
wendyb5061.jpg,157939,4bf0c031,\Gallery 47\09 - Wendy Williams (5)\,{Shemale Yum Dvd03~G47~09-5~09 - Wendy Williams (5)}
wendyb5062.jpg,153965,955a2d0e,\Gallery 47\09 - Wendy Williams (5)\,{Shemale Yum Dvd03~G47~09-5~09 - Wendy Williams (5)}
wendyb5063.jpg,176731,6f927687,\Gallery 47\09 - Wendy Williams (5)\,{Shemale Yum Dvd03~G47~09-5~09 - Wendy Williams (5)}
wendyb5064.jpg,135659,1a80b92a,\Gallery 47\09 - Wendy Williams (5)\,{Shemale Yum Dvd03~G47~09-5~09 - Wendy Williams (5)}
wendyb5065.jpg,114880,fad363da,\Gallery 47\09 - Wendy Williams (5)\,{Shemale Yum Dvd03~G47~09-5~09 - Wendy Williams (5)}
wendyb5066.jpg,111609,aa611885,\Gallery 47\09 - Wendy Williams (5)\,{Shemale Yum Dvd03~G47~09-5~09 - Wendy Williams (5)}
wendyb5067.jpg,128643,45b616dd,\Gallery 47\09 - Wendy Williams (5)\,{Shemale Yum Dvd03~G47~09-5~09 - Wendy Williams (5)}
wendyb5068.jpg,156614,8a9c6215,\Gallery 47\09 - Wendy Williams (5)\,{Shemale Yum Dvd03~G47~09-5~09 - Wendy Williams (5)}
wendyb5069.jpg,145326,cf068462,\Gallery 47\09 - Wendy Williams (5)\,{Shemale Yum Dvd03~G47~09-5~09 - Wendy Williams (5)}
wendyb5070.jpg,185268,e8b71931,\Gallery 47\09 - Wendy Williams (5)\,{Shemale Yum Dvd03~G47~09-5~09 - Wendy Williams (5)}
wendyb5071.jpg,155578,de95699d,\Gallery 47\09 - Wendy Williams (5)\,{Shemale Yum Dvd03~G47~09-5~09 - Wendy Williams (5)}
wendyb5072.jpg,135310,1058e2f7,\Gallery 47\09 - Wendy Williams (5)\,{Shemale Yum Dvd03~G47~09-5~09 - Wendy Williams (5)}
wendyb5073.jpg,151371,b040f9ae,\Gallery 47\09 - Wendy Williams (5)\,{Shemale Yum Dvd03~G47~09-5~09 - Wendy Williams (5)}
wendyb5074.jpg,129458,6189927b,\Gallery 47\09 - Wendy Williams (5)\,{Shemale Yum Dvd03~G47~09-5~09 - Wendy Williams (5)}
wendyb5075.jpg,158558,a8129992,\Gallery 47\09 - Wendy Williams (5)\,{Shemale Yum Dvd03~G47~09-5~09 - Wendy Williams (5)}
wendyb5076.jpg,131115,69f64b39,\Gallery 47\09 - Wendy Williams (5)\,{Shemale Yum Dvd03~G47~09-5~09 - Wendy Williams (5)}
wendyb5077.jpg,145967,796caa56,\Gallery 47\09 - Wendy Williams (5)\,{Shemale Yum Dvd03~G47~09-5~09 - Wendy Williams (5)}
wendyb5078.jpg,147471,a2d60dad,\Gallery 47\09 - Wendy Williams (5)\,{Shemale Yum Dvd03~G47~09-5~09 - Wendy Williams (5)}
wendyb5079.jpg,146479,5bcf4163,\Gallery 47\09 - Wendy Williams (5)\,{Shemale Yum Dvd03~G47~09-5~09 - Wendy Williams (5)}
wendyb5080.jpg,167116,7c062a66,\Gallery 47\09 - Wendy Williams (5)\,{Shemale Yum Dvd03~G47~09-5~09 - Wendy Williams (5)}
wendyb5081.jpg,178984,2cacf1fd,\Gallery 47\09 - Wendy Williams (5)\,{Shemale Yum Dvd03~G47~09-5~09 - Wendy Williams (5)}
wendyb5082.jpg,171957,1145b1d6,\Gallery 47\09 - Wendy Williams (5)\,{Shemale Yum Dvd03~G47~09-5~09 - Wendy Williams (5)}
wendyb5083.jpg,143611,3a170390,\Gallery 47\09 - Wendy Williams (5)\,{Shemale Yum Dvd03~G47~09-5~09 - Wendy Williams (5)}
wendyb5084.jpg,151101,0024119a,\Gallery 47\09 - Wendy Williams (5)\,{Shemale Yum Dvd03~G47~09-5~09 - Wendy Williams (5)}
wendyb5085.jpg,171457,068d420d,\Gallery 47\09 - Wendy Williams (5)\,{Shemale Yum Dvd03~G47~09-5~09 - Wendy Williams (5)}
wendyb5086.jpg,145028,34bdf23c,\Gallery 47\09 - Wendy Williams (5)\,{Shemale Yum Dvd03~G47~09-5~09 - Wendy Williams (5)}
wendyb5087.jpg,131153,862dc3a1,\Gallery 47\09 - Wendy Williams (5)\,{Shemale Yum Dvd03~G47~09-5~09 - Wendy Williams (5)}
wendyb5088.jpg,129250,f19cb14d,\Gallery 47\09 - Wendy Williams (5)\,{Shemale Yum Dvd03~G47~09-5~09 - Wendy Williams (5)}
wendyb5089.jpg,94656,6bf6b81e,\Gallery 47\09 - Wendy Williams (5)\,{Shemale Yum Dvd03~G47~09-5~09 - Wendy Williams (5)}
wendyb5090.jpg,170690,2e58d64c,\Gallery 47\09 - Wendy Williams (5)\,{Shemale Yum Dvd03~G47~09-5~09 - Wendy Williams (5)}
wendyb5091.jpg,164785,02fee079,\Gallery 47\09 - Wendy Williams (5)\,{Shemale Yum Dvd03~G47~09-5~09 - Wendy Williams (5)}
wendyb5092.jpg,164390,a74a32e1,\Gallery 47\09 - Wendy Williams (5)\,{Shemale Yum Dvd03~G47~09-5~09 - Wendy Williams (5)}
wendyb5093.jpg,165077,42f8dd56,\Gallery 47\09 - Wendy Williams (5)\,{Shemale Yum Dvd03~G47~09-5~09 - Wendy Williams (5)}
wendyb5094.jpg,135043,bc320d93,\Gallery 47\09 - Wendy Williams (5)\,{Shemale Yum Dvd03~G47~09-5~09 - Wendy Williams (5)}
wendyb5095.jpg,182794,72825e0b,\Gallery 47\09 - Wendy Williams (5)\,{Shemale Yum Dvd03~G47~09-5~09 - Wendy Williams (5)}
wendyb5096.jpg,168942,e66f5788,\Gallery 47\09 - Wendy Williams (5)\,{Shemale Yum Dvd03~G47~09-5~09 - Wendy Williams (5)}
wendyb5097.jpg,191767,8f7c3c05,\Gallery 47\09 - Wendy Williams (5)\,{Shemale Yum Dvd03~G47~09-5~09 - Wendy Williams (5)}
wendyb5098.jpg,175270,6fb8a5f4,\Gallery 47\09 - Wendy Williams (5)\,{Shemale Yum Dvd03~G47~09-5~09 - Wendy Williams (5)}
wendyb5099.jpg,160984,c10fa56f,\Gallery 47\09 - Wendy Williams (5)\,{Shemale Yum Dvd03~G47~09-5~09 - Wendy Williams (5)}
wendyb5100.jpg,123775,3d79f4f5,\Gallery 47\09 - Wendy Williams (5)\,{Shemale Yum Dvd03~G47~09-5~09 - Wendy Williams (5)}
wendyb5101.jpg,180382,f933c88f,\Gallery 47\09 - Wendy Williams (5)\,{Shemale Yum Dvd03~G47~09-5~09 - Wendy Williams (5)}
wendyb5102.jpg,168375,1b7f3a47,\Gallery 47\09 - Wendy Williams (5)\,{Shemale Yum Dvd03~G47~09-5~09 - Wendy Williams (5)}
wendyb5103.jpg,173362,1ebc919e,\Gallery 47\09 - Wendy Williams (5)\,{Shemale Yum Dvd03~G47~09-5~09 - Wendy Williams (5)}
vidjade001.jpg,123112,00355d2f,\Gallery 47\10 - Jade\,{Shemale Yum Dvd03~G47~10~10 - Jade}
vidjade002.jpg,127452,b25b1db2,\Gallery 47\10 - Jade\,{Shemale Yum Dvd03~G47~10~10 - Jade}
vidjade003.jpg,109962,981fb060,\Gallery 47\10 - Jade\,{Shemale Yum Dvd03~G47~10~10 - Jade}
vidjade004.jpg,141542,0f8c0e35,\Gallery 47\10 - Jade\,{Shemale Yum Dvd03~G47~10~10 - Jade}
vidjade005.jpg,128218,d6bac361,\Gallery 47\10 - Jade\,{Shemale Yum Dvd03~G47~10~10 - Jade}
vidjade006.jpg,132942,6183f1cc,\Gallery 47\10 - Jade\,{Shemale Yum Dvd03~G47~10~10 - Jade}
vidjade007.jpg,134387,399a1c05,\Gallery 47\10 - Jade\,{Shemale Yum Dvd03~G47~10~10 - Jade}
vidjade008.jpg,128355,f19d4056,\Gallery 47\10 - Jade\,{Shemale Yum Dvd03~G47~10~10 - Jade}
vidjade009.jpg,113178,ce92785d,\Gallery 47\10 - Jade\,{Shemale Yum Dvd03~G47~10~10 - Jade}
vidjade010.jpg,128627,8770180b,\Gallery 47\10 - Jade\,{Shemale Yum Dvd03~G47~10~10 - Jade}
vidjade011.jpg,126607,22a0ad5f,\Gallery 47\10 - Jade\,{Shemale Yum Dvd03~G47~10~10 - Jade}
vidjade012.jpg,113166,c478f0bd,\Gallery 47\10 - Jade\,{Shemale Yum Dvd03~G47~10~10 - Jade}
vidjade013.jpg,124209,948f6104,\Gallery 47\10 - Jade\,{Shemale Yum Dvd03~G47~10~10 - Jade}
vidjade014.jpg,133348,cbb301e1,\Gallery 47\10 - Jade\,{Shemale Yum Dvd03~G47~10~10 - Jade}
vidjade015.jpg,125533,600ad8de,\Gallery 47\10 - Jade\,{Shemale Yum Dvd03~G47~10~10 - Jade}
vidjade016.jpg,119233,8371bb1d,\Gallery 47\10 - Jade\,{Shemale Yum Dvd03~G47~10~10 - Jade}
vidjade017.jpg,126907,b080e455,\Gallery 47\10 - Jade\,{Shemale Yum Dvd03~G47~10~10 - Jade}
vidjade018.jpg,130587,c918c856,\Gallery 47\10 - Jade\,{Shemale Yum Dvd03~G47~10~10 - Jade}
vidjade019.jpg,97197,44d525f8,\Gallery 47\10 - Jade\,{Shemale Yum Dvd03~G47~10~10 - Jade}
vidjade020.jpg,99834,0963dcb1,\Gallery 47\10 - Jade\,{Shemale Yum Dvd03~G47~10~10 - Jade}
vidjade021.jpg,89947,0e846f20,\Gallery 47\10 - Jade\,{Shemale Yum Dvd03~G47~10~10 - Jade}
vidjade022.jpg,114856,c033f4fa,\Gallery 47\10 - Jade\,{Shemale Yum Dvd03~G47~10~10 - Jade}
vidjade023.jpg,132731,8e008369,\Gallery 47\10 - Jade\,{Shemale Yum Dvd03~G47~10~10 - Jade}
vidjade024.jpg,123041,4561139f,\Gallery 47\10 - Jade\,{Shemale Yum Dvd03~G47~10~10 - Jade}
vidjade025.jpg,119675,48323209,\Gallery 47\10 - Jade\,{Shemale Yum Dvd03~G47~10~10 - Jade}
vidjade026.jpg,97138,c7b2269f,\Gallery 47\10 - Jade\,{Shemale Yum Dvd03~G47~10~10 - Jade}
vidjade027.jpg,110977,7df5ab31,\Gallery 47\10 - Jade\,{Shemale Yum Dvd03~G47~10~10 - Jade}
vidjade028.jpg,122697,ec56a5e1,\Gallery 47\10 - Jade\,{Shemale Yum Dvd03~G47~10~10 - Jade}
vidjade029.jpg,128620,41f6da31,\Gallery 47\10 - Jade\,{Shemale Yum Dvd03~G47~10~10 - Jade}
vidjade030.jpg,110278,d5b1ef60,\Gallery 47\10 - Jade\,{Shemale Yum Dvd03~G47~10~10 - Jade}
vidjade031.jpg,103012,a9a050be,\Gallery 47\10 - Jade\,{Shemale Yum Dvd03~G47~10~10 - Jade}
vidjade032.jpg,141828,c74f0bec,\Gallery 47\10 - Jade\,{Shemale Yum Dvd03~G47~10~10 - Jade}
vidjade033.jpg,112430,1fd1ad8c,\Gallery 47\10 - Jade\,{Shemale Yum Dvd03~G47~10~10 - Jade}
vidjade034.jpg,131327,d8667455,\Gallery 47\10 - Jade\,{Shemale Yum Dvd03~G47~10~10 - Jade}
vidjade035.jpg,130452,b82adf75,\Gallery 47\10 - Jade\,{Shemale Yum Dvd03~G47~10~10 - Jade}
vidjade036.jpg,130035,86706c8b,\Gallery 47\10 - Jade\,{Shemale Yum Dvd03~G47~10~10 - Jade}
vidjade037.jpg,107995,08115479,\Gallery 47\10 - Jade\,{Shemale Yum Dvd03~G47~10~10 - Jade}
vidjade038.jpg,128756,d4c74ede,\Gallery 47\10 - Jade\,{Shemale Yum Dvd03~G47~10~10 - Jade}
vidjade039.jpg,109011,7b678c12,\Gallery 47\10 - Jade\,{Shemale Yum Dvd03~G47~10~10 - Jade}
vidjade040.jpg,115896,d08e78d2,\Gallery 47\10 - Jade\,{Shemale Yum Dvd03~G47~10~10 - Jade}
vidjade041.jpg,145663,71f5f2d0,\Gallery 47\10 - Jade\,{Shemale Yum Dvd03~G47~10~10 - Jade}
vidjade042.jpg,136396,02f6ab31,\Gallery 47\10 - Jade\,{Shemale Yum Dvd03~G47~10~10 - Jade}
vidjade044.jpg,121318,17bdbb2e,\Gallery 47\10 - Jade\,{Shemale Yum Dvd03~G47~10~10 - Jade}
vidjade045.jpg,108271,2b0a34f4,\Gallery 47\10 - Jade\,{Shemale Yum Dvd03~G47~10~10 - Jade}
vidjade046.jpg,111919,0112ee8e,\Gallery 47\10 - Jade\,{Shemale Yum Dvd03~G47~10~10 - Jade}
vidjade047.jpg,84137,67fec54f,\Gallery 47\10 - Jade\,{Shemale Yum Dvd03~G47~10~10 - Jade}
vidjade048.jpg,97066,e75e9458,\Gallery 47\10 - Jade\,{Shemale Yum Dvd03~G47~10~10 - Jade}
vidjade049.jpg,106410,750abc3a,\Gallery 47\10 - Jade\,{Shemale Yum Dvd03~G47~10~10 - Jade}
vidjade050.jpg,133755,67701ad2,\Gallery 47\10 - Jade\,{Shemale Yum Dvd03~G47~10~10 - Jade}
vidtrina001.jpg,142576,5279dc2d,\Gallery 47\01 - Katrina (2)\,{Shemale Yum Dvd03~G47~01-2~01 - Katrina (2)}
vidtrina002.jpg,127331,b9e13af6,\Gallery 47\01 - Katrina (2)\,{Shemale Yum Dvd03~G47~01-2~01 - Katrina (2)}
vidtrina003.jpg,137487,bc6da67c,\Gallery 47\01 - Katrina (2)\,{Shemale Yum Dvd03~G47~01-2~01 - Katrina (2)}
vidtrina004.jpg,135484,5dc95a4f,\Gallery 47\01 - Katrina (2)\,{Shemale Yum Dvd03~G47~01-2~01 - Katrina (2)}
vidtrina005.jpg,139528,0c578229,\Gallery 47\01 - Katrina (2)\,{Shemale Yum Dvd03~G47~01-2~01 - Katrina (2)}
vidtrina006.jpg,140936,d124e97c,\Gallery 47\01 - Katrina (2)\,{Shemale Yum Dvd03~G47~01-2~01 - Katrina (2)}
vidtrina007.jpg,134706,2f79717e,\Gallery 47\01 - Katrina (2)\,{Shemale Yum Dvd03~G47~01-2~01 - Katrina (2)}
vidtrina008.jpg,139704,c29ae393,\Gallery 47\01 - Katrina (2)\,{Shemale Yum Dvd03~G47~01-2~01 - Katrina (2)}
vidtrina009.jpg,138395,c1ea1faa,\Gallery 47\01 - Katrina (2)\,{Shemale Yum Dvd03~G47~01-2~01 - Katrina (2)}
vidtrina010.jpg,156820,2d542bff,\Gallery 47\01 - Katrina (2)\,{Shemale Yum Dvd03~G47~01-2~01 - Katrina (2)}
vidtrina011.jpg,157232,466ec135,\Gallery 47\01 - Katrina (2)\,{Shemale Yum Dvd03~G47~01-2~01 - Katrina (2)}
vidtrina012.jpg,133774,f7a1c4cb,\Gallery 47\01 - Katrina (2)\,{Shemale Yum Dvd03~G47~01-2~01 - Katrina (2)}
vidtrina013.jpg,130055,74577501,\Gallery 47\01 - Katrina (2)\,{Shemale Yum Dvd03~G47~01-2~01 - Katrina (2)}
vidtrina014.jpg,122146,c02f2f99,\Gallery 47\01 - Katrina (2)\,{Shemale Yum Dvd03~G47~01-2~01 - Katrina (2)}
vidtrina015.jpg,130663,70bfce6d,\Gallery 47\01 - Katrina (2)\,{Shemale Yum Dvd03~G47~01-2~01 - Katrina (2)}
vidtrina016.jpg,127370,b5d70fa3,\Gallery 47\01 - Katrina (2)\,{Shemale Yum Dvd03~G47~01-2~01 - Katrina (2)}
vidtrina017.jpg,132246,233d0c32,\Gallery 47\01 - Katrina (2)\,{Shemale Yum Dvd03~G47~01-2~01 - Katrina (2)}
vidtrina018.jpg,131412,d557c8e5,\Gallery 47\01 - Katrina (2)\,{Shemale Yum Dvd03~G47~01-2~01 - Katrina (2)}
vidtrina019.jpg,129545,92a1ba07,\Gallery 47\01 - Katrina (2)\,{Shemale Yum Dvd03~G47~01-2~01 - Katrina (2)}
vidtrina020.jpg,172803,6e3dd1e8,\Gallery 47\01 - Katrina (2)\,{Shemale Yum Dvd03~G47~01-2~01 - Katrina (2)}
vidtrina021.jpg,129203,c330b288,\Gallery 47\01 - Katrina (2)\,{Shemale Yum Dvd03~G47~01-2~01 - Katrina (2)}
vidtrina022.jpg,134511,5a4cfe7a,\Gallery 47\01 - Katrina (2)\,{Shemale Yum Dvd03~G47~01-2~01 - Katrina (2)}
vidtrina023.jpg,131506,0177212a,\Gallery 47\01 - Katrina (2)\,{Shemale Yum Dvd03~G47~01-2~01 - Katrina (2)}
vidtrina024.jpg,128562,b800ab1b,\Gallery 47\01 - Katrina (2)\,{Shemale Yum Dvd03~G47~01-2~01 - Katrina (2)}
vidtrina025.jpg,131410,ae262ade,\Gallery 47\01 - Katrina (2)\,{Shemale Yum Dvd03~G47~01-2~01 - Katrina (2)}
vidtrina026.jpg,132817,7d1ce8ea,\Gallery 47\01 - Katrina (2)\,{Shemale Yum Dvd03~G47~01-2~01 - Katrina (2)}
vidtrina027.jpg,126249,a07badd3,\Gallery 47\01 - Katrina (2)\,{Shemale Yum Dvd03~G47~01-2~01 - Katrina (2)}
vidtrina028.jpg,123290,5c43ebc6,\Gallery 47\01 - Katrina (2)\,{Shemale Yum Dvd03~G47~01-2~01 - Katrina (2)}
vidtrina029.jpg,136682,14563a9f,\Gallery 47\01 - Katrina (2)\,{Shemale Yum Dvd03~G47~01-2~01 - Katrina (2)}
vidtrina030.jpg,133216,80f7ad7d,\Gallery 47\01 - Katrina (2)\,{Shemale Yum Dvd03~G47~01-2~01 - Katrina (2)}
vidtrina031.jpg,126755,0e7c7914,\Gallery 47\01 - Katrina (2)\,{Shemale Yum Dvd03~G47~01-2~01 - Katrina (2)}
vidtrina032.jpg,122222,2895a7a1,\Gallery 47\01 - Katrina (2)\,{Shemale Yum Dvd03~G47~01-2~01 - Katrina (2)}
vidtrina033.jpg,138304,0f1945b4,\Gallery 47\01 - Katrina (2)\,{Shemale Yum Dvd03~G47~01-2~01 - Katrina (2)}
vidtrina034.jpg,139090,1dd07494,\Gallery 47\01 - Katrina (2)\,{Shemale Yum Dvd03~G47~01-2~01 - Katrina (2)}
vidtrina035.jpg,142830,b97ccd6d,\Gallery 47\01 - Katrina (2)\,{Shemale Yum Dvd03~G47~01-2~01 - Katrina (2)}
vidtrina036.jpg,125313,f6237949,\Gallery 47\01 - Katrina (2)\,{Shemale Yum Dvd03~G47~01-2~01 - Katrina (2)}
vidtrina037.jpg,133646,e6b92d20,\Gallery 47\01 - Katrina (2)\,{Shemale Yum Dvd03~G47~01-2~01 - Katrina (2)}
vidtrina038.jpg,131572,53209f6f,\Gallery 47\01 - Katrina (2)\,{Shemale Yum Dvd03~G47~01-2~01 - Katrina (2)}
vidtrina039.jpg,102226,36e5a9a5,\Gallery 47\01 - Katrina (2)\,{Shemale Yum Dvd03~G47~01-2~01 - Katrina (2)}
vidtrina040.jpg,137905,1342d9a2,\Gallery 47\01 - Katrina (2)\,{Shemale Yum Dvd03~G47~01-2~01 - Katrina (2)}
vidtrina041.jpg,108948,6840e244,\Gallery 47\01 - Katrina (2)\,{Shemale Yum Dvd03~G47~01-2~01 - Katrina (2)}
vidtrina042.jpg,117525,df46f008,\Gallery 47\01 - Katrina (2)\,{Shemale Yum Dvd03~G47~01-2~01 - Katrina (2)}
vidtrina043.jpg,110680,8b424475,\Gallery 47\01 - Katrina (2)\,{Shemale Yum Dvd03~G47~01-2~01 - Katrina (2)}
vidtrina044.jpg,132902,136a4289,\Gallery 47\01 - Katrina (2)\,{Shemale Yum Dvd03~G47~01-2~01 - Katrina (2)}
vidtrina045.jpg,139264,fa955168,\Gallery 47\01 - Katrina (2)\,{Shemale Yum Dvd03~G47~01-2~01 - Katrina (2)}
vidtrina046.jpg,128692,4ef98e7d,\Gallery 47\01 - Katrina (2)\,{Shemale Yum Dvd03~G47~01-2~01 - Katrina (2)}
vidtrina047.jpg,133980,9baa240a,\Gallery 47\01 - Katrina (2)\,{Shemale Yum Dvd03~G47~01-2~01 - Katrina (2)}
vidtrina049.jpg,150362,f4fdbdb2,\Gallery 47\01 - Katrina (2)\,{Shemale Yum Dvd03~G47~01-2~01 - Katrina (2)}
vidtrina050.jpg,133449,a19d7c3b,\Gallery 47\01 - Katrina (2)\,{Shemale Yum Dvd03~G47~01-2~01 - Katrina (2)}
vidtrina051.jpg,126167,d73cfce4,\Gallery 47\01 - Katrina (2)\,{Shemale Yum Dvd03~G47~01-2~01 - Katrina (2)}
vidtrina052.jpg,138110,2a189c35,\Gallery 47\01 - Katrina (2)\,{Shemale Yum Dvd03~G47~01-2~01 - Katrina (2)}
vidtrina053.jpg,160312,4c01df62,\Gallery 47\01 - Katrina (2)\,{Shemale Yum Dvd03~G47~01-2~01 - Katrina (2)}
vidtrina054.jpg,142358,57423e32,\Gallery 47\01 - Katrina (2)\,{Shemale Yum Dvd03~G47~01-2~01 - Katrina (2)}
vidtrina055.jpg,169107,c480d18a,\Gallery 47\01 - Katrina (2)\,{Shemale Yum Dvd03~G47~01-2~01 - Katrina (2)}
trina001.jpg,127995,d10665b6,\Gallery 47\01 - Katrina\,{Shemale Yum Dvd03~G47~01~01 - Katrina}
trina002.jpg,123300,90d10c69,\Gallery 47\01 - Katrina\,{Shemale Yum Dvd03~G47~01~01 - Katrina}
trina003.jpg,124141,8cfbefdf,\Gallery 47\01 - Katrina\,{Shemale Yum Dvd03~G47~01~01 - Katrina}
trina004.jpg,128285,4c600441,\Gallery 47\01 - Katrina\,{Shemale Yum Dvd03~G47~01~01 - Katrina}
trina005.jpg,121382,384f0ec2,\Gallery 47\01 - Katrina\,{Shemale Yum Dvd03~G47~01~01 - Katrina}
trina006.jpg,121228,c0b1a7dc,\Gallery 47\01 - Katrina\,{Shemale Yum Dvd03~G47~01~01 - Katrina}
trina007.jpg,128465,4a3eb748,\Gallery 47\01 - Katrina\,{Shemale Yum Dvd03~G47~01~01 - Katrina}
trina008.jpg,123798,cc434495,\Gallery 47\01 - Katrina\,{Shemale Yum Dvd03~G47~01~01 - Katrina}
trina009.jpg,128475,d38bfb32,\Gallery 47\01 - Katrina\,{Shemale Yum Dvd03~G47~01~01 - Katrina}
trina010.jpg,133975,98e7e6bb,\Gallery 47\01 - Katrina\,{Shemale Yum Dvd03~G47~01~01 - Katrina}
trina011.jpg,121215,641f95ef,\Gallery 47\01 - Katrina\,{Shemale Yum Dvd03~G47~01~01 - Katrina}
trina012.jpg,135615,2177d5ba,\Gallery 47\01 - Katrina\,{Shemale Yum Dvd03~G47~01~01 - Katrina}
trina013.jpg,139398,64b1012c,\Gallery 47\01 - Katrina\,{Shemale Yum Dvd03~G47~01~01 - Katrina}
trina014.jpg,138879,95d3986b,\Gallery 47\01 - Katrina\,{Shemale Yum Dvd03~G47~01~01 - Katrina}
trina015.jpg,136359,1e8042e0,\Gallery 47\01 - Katrina\,{Shemale Yum Dvd03~G47~01~01 - Katrina}
trina016.jpg,142387,4ef8e935,\Gallery 47\01 - Katrina\,{Shemale Yum Dvd03~G47~01~01 - Katrina}
trina017.jpg,141013,5765c223,\Gallery 47\01 - Katrina\,{Shemale Yum Dvd03~G47~01~01 - Katrina}
trina018.jpg,137202,1cc05d8e,\Gallery 47\01 - Katrina\,{Shemale Yum Dvd03~G47~01~01 - Katrina}
trina019.jpg,134655,b300cf59,\Gallery 47\01 - Katrina\,{Shemale Yum Dvd03~G47~01~01 - Katrina}
trina020.jpg,137718,28c5264c,\Gallery 47\01 - Katrina\,{Shemale Yum Dvd03~G47~01~01 - Katrina}
trina021.jpg,130763,f3942bd2,\Gallery 47\01 - Katrina\,{Shemale Yum Dvd03~G47~01~01 - Katrina}
trina022.jpg,133741,dcb5692b,\Gallery 47\01 - Katrina\,{Shemale Yum Dvd03~G47~01~01 - Katrina}
trina023.jpg,136528,063effa9,\Gallery 47\01 - Katrina\,{Shemale Yum Dvd03~G47~01~01 - Katrina}
trina024.jpg,143275,772690b4,\Gallery 47\01 - Katrina\,{Shemale Yum Dvd03~G47~01~01 - Katrina}
trina025.jpg,130761,20193719,\Gallery 47\01 - Katrina\,{Shemale Yum Dvd03~G47~01~01 - Katrina}
trina026.jpg,130878,31d43375,\Gallery 47\01 - Katrina\,{Shemale Yum Dvd03~G47~01~01 - Katrina}
trina027.jpg,135350,03f3eb2a,\Gallery 47\01 - Katrina\,{Shemale Yum Dvd03~G47~01~01 - Katrina}
trina028.jpg,140580,a836311d,\Gallery 47\01 - Katrina\,{Shemale Yum Dvd03~G47~01~01 - Katrina}
trina029.jpg,129624,b3a8b347,\Gallery 47\01 - Katrina\,{Shemale Yum Dvd03~G47~01~01 - Katrina}
trina030.jpg,123727,24bcf80d,\Gallery 47\01 - Katrina\,{Shemale Yum Dvd03~G47~01~01 - Katrina}
trina031.jpg,142437,260250f3,\Gallery 47\01 - Katrina\,{Shemale Yum Dvd03~G47~01~01 - Katrina}
trina032.jpg,129414,d6dcba09,\Gallery 47\01 - Katrina\,{Shemale Yum Dvd03~G47~01~01 - Katrina}
trina033.jpg,135118,17f46f9d,\Gallery 47\01 - Katrina\,{Shemale Yum Dvd03~G47~01~01 - Katrina}
trina034.jpg,128461,762ee993,\Gallery 47\01 - Katrina\,{Shemale Yum Dvd03~G47~01~01 - Katrina}
trina035.jpg,129583,c74feb20,\Gallery 47\01 - Katrina\,{Shemale Yum Dvd03~G47~01~01 - Katrina}
trina036.jpg,129231,047da48b,\Gallery 47\01 - Katrina\,{Shemale Yum Dvd03~G47~01~01 - Katrina}
trina037.jpg,127709,bbce14e4,\Gallery 47\01 - Katrina\,{Shemale Yum Dvd03~G47~01~01 - Katrina}
trina038.jpg,142501,9eb6eb94,\Gallery 47\01 - Katrina\,{Shemale Yum Dvd03~G47~01~01 - Katrina}
trina039.jpg,131666,b6cdc4ea,\Gallery 47\01 - Katrina\,{Shemale Yum Dvd03~G47~01~01 - Katrina}
trina040.jpg,128470,64b791b6,\Gallery 47\01 - Katrina\,{Shemale Yum Dvd03~G47~01~01 - Katrina}
trina041.jpg,86624,bf38a836,\Gallery 47\01 - Katrina\,{Shemale Yum Dvd03~G47~01~01 - Katrina}
trina042.jpg,138328,0a73d381,\Gallery 47\01 - Katrina\,{Shemale Yum Dvd03~G47~01~01 - Katrina}
trina043.jpg,142660,52403885,\Gallery 47\01 - Katrina\,{Shemale Yum Dvd03~G47~01~01 - Katrina}
trina044.jpg,131963,830dc3c2,\Gallery 47\01 - Katrina\,{Shemale Yum Dvd03~G47~01~01 - Katrina}
trina045.jpg,87229,9ff1d700,\Gallery 47\01 - Katrina\,{Shemale Yum Dvd03~G47~01~01 - Katrina}
trina046.jpg,135222,6dd53bc8,\Gallery 47\01 - Katrina\,{Shemale Yum Dvd03~G47~01~01 - Katrina}
trina047.jpg,134467,3a1b4afc,\Gallery 47\01 - Katrina\,{Shemale Yum Dvd03~G47~01~01 - Katrina}
trina048.jpg,141746,1e724fa6,\Gallery 47\01 - Katrina\,{Shemale Yum Dvd03~G47~01~01 - Katrina}
trina049.jpg,90206,da0e97c1,\Gallery 47\01 - Katrina\,{Shemale Yum Dvd03~G47~01~01 - Katrina}
trina050.jpg,90955,c6541c3c,\Gallery 47\01 - Katrina\,{Shemale Yum Dvd03~G47~01~01 - Katrina}
trina051.jpg,140156,29b942ed,\Gallery 47\01 - Katrina\,{Shemale Yum Dvd03~G47~01~01 - Katrina}
trina052.jpg,134097,ef331dcc,\Gallery 47\01 - Katrina\,{Shemale Yum Dvd03~G47~01~01 - Katrina}
trina053.jpg,80510,1c4b0aee,\Gallery 47\01 - Katrina\,{Shemale Yum Dvd03~G47~01~01 - Katrina}
trina054.jpg,131566,57b548da,\Gallery 47\01 - Katrina\,{Shemale Yum Dvd03~G47~01~01 - Katrina}
trina055.jpg,87349,d963c3ee,\Gallery 47\01 - Katrina\,{Shemale Yum Dvd03~G47~01~01 - Katrina}
trina056.jpg,128964,677e25e0,\Gallery 47\01 - Katrina\,{Shemale Yum Dvd03~G47~01~01 - Katrina}
trina057.jpg,120763,27b2618a,\Gallery 47\01 - Katrina\,{Shemale Yum Dvd03~G47~01~01 - Katrina}
trina058.jpg,87497,c47cd4e9,\Gallery 47\01 - Katrina\,{Shemale Yum Dvd03~G47~01~01 - Katrina}
trina059.jpg,87842,70e523c7,\Gallery 47\01 - Katrina\,{Shemale Yum Dvd03~G47~01~01 - Katrina}
trina060.jpg,132202,6288b2d0,\Gallery 47\01 - Katrina\,{Shemale Yum Dvd03~G47~01~01 - Katrina}
trina061.jpg,136081,78905444,\Gallery 47\01 - Katrina\,{Shemale Yum Dvd03~G47~01~01 - Katrina}
trina062.jpg,136166,0893eefa,\Gallery 47\01 - Katrina\,{Shemale Yum Dvd03~G47~01~01 - Katrina}
trina063.jpg,86971,912e4512,\Gallery 47\01 - Katrina\,{Shemale Yum Dvd03~G47~01~01 - Katrina}
trina064.jpg,140783,0c4e2c10,\Gallery 47\01 - Katrina\,{Shemale Yum Dvd03~G47~01~01 - Katrina}
trina065.jpg,136173,373b88c1,\Gallery 47\01 - Katrina\,{Shemale Yum Dvd03~G47~01~01 - Katrina}
trina066.jpg,137196,08605b2d,\Gallery 47\01 - Katrina\,{Shemale Yum Dvd03~G47~01~01 - Katrina}
trina067.jpg,128918,ab4c7ecf,\Gallery 47\01 - Katrina\,{Shemale Yum Dvd03~G47~01~01 - Katrina}
trina068.jpg,135333,258a8010,\Gallery 47\01 - Katrina\,{Shemale Yum Dvd03~G47~01~01 - Katrina}
trina069.jpg,139021,2a1a809c,\Gallery 47\01 - Katrina\,{Shemale Yum Dvd03~G47~01~01 - Katrina}
trina070.jpg,111659,0c2f3408,\Gallery 47\01 - Katrina\,{Shemale Yum Dvd03~G47~01~01 - Katrina}
trina071.jpg,113776,3357b2ef,\Gallery 47\01 - Katrina\,{Shemale Yum Dvd03~G47~01~01 - Katrina}
trina072.jpg,116396,d9e17980,\Gallery 47\01 - Katrina\,{Shemale Yum Dvd03~G47~01~01 - Katrina}
trina073.jpg,120138,b68ea881,\Gallery 47\01 - Katrina\,{Shemale Yum Dvd03~G47~01~01 - Katrina}
trina074.jpg,112859,24e8cb10,\Gallery 47\01 - Katrina\,{Shemale Yum Dvd03~G47~01~01 - Katrina}
trina075.jpg,120806,065817c0,\Gallery 47\01 - Katrina\,{Shemale Yum Dvd03~G47~01~01 - Katrina}
trina076.jpg,124577,84207048,\Gallery 47\01 - Katrina\,{Shemale Yum Dvd03~G47~01~01 - Katrina}
trina077.jpg,130448,c88b637c,\Gallery 47\01 - Katrina\,{Shemale Yum Dvd03~G47~01~01 - Katrina}
trina078.jpg,120743,41cfe920,\Gallery 47\01 - Katrina\,{Shemale Yum Dvd03~G47~01~01 - Katrina}
trina079.jpg,137308,6ad86a98,\Gallery 47\01 - Katrina\,{Shemale Yum Dvd03~G47~01~01 - Katrina}
trina080.jpg,141141,e684d8aa,\Gallery 47\01 - Katrina\,{Shemale Yum Dvd03~G47~01~01 - Katrina}
trina081.jpg,124525,1abd8e13,\Gallery 47\01 - Katrina\,{Shemale Yum Dvd03~G47~01~01 - Katrina}
trina082.jpg,150162,5e0892d6,\Gallery 47\01 - Katrina\,{Shemale Yum Dvd03~G47~01~01 - Katrina}
trina083.jpg,135711,0f7541d8,\Gallery 47\01 - Katrina\,{Shemale Yum Dvd03~G47~01~01 - Katrina}
trina084.jpg,134607,f21e32d0,\Gallery 47\01 - Katrina\,{Shemale Yum Dvd03~G47~01~01 - Katrina}
trina085.jpg,133417,4f12f1bb,\Gallery 47\01 - Katrina\,{Shemale Yum Dvd03~G47~01~01 - Katrina}
trina086.jpg,135003,9536a97d,\Gallery 47\01 - Katrina\,{Shemale Yum Dvd03~G47~01~01 - Katrina}
trina087.jpg,133997,19cca5e3,\Gallery 47\01 - Katrina\,{Shemale Yum Dvd03~G47~01~01 - Katrina}
trina088.jpg,136028,4e6b7e6b,\Gallery 47\01 - Katrina\,{Shemale Yum Dvd03~G47~01~01 - Katrina}
trina089.jpg,139658,53b78748,\Gallery 47\01 - Katrina\,{Shemale Yum Dvd03~G47~01~01 - Katrina}
trina090.jpg,141089,12e68c4c,\Gallery 47\01 - Katrina\,{Shemale Yum Dvd03~G47~01~01 - Katrina}
trina091.jpg,141184,7fca8f6c,\Gallery 47\01 - Katrina\,{Shemale Yum Dvd03~G47~01~01 - Katrina}
trina092.jpg,142994,54375505,\Gallery 47\01 - Katrina\,{Shemale Yum Dvd03~G47~01~01 - Katrina}
trina093.jpg,136140,c410dc10,\Gallery 47\01 - Katrina\,{Shemale Yum Dvd03~G47~01~01 - Katrina}
trina094.jpg,130200,bb94b0ea,\Gallery 47\01 - Katrina\,{Shemale Yum Dvd03~G47~01~01 - Katrina}
trina095.jpg,124296,0f597f67,\Gallery 47\01 - Katrina\,{Shemale Yum Dvd03~G47~01~01 - Katrina}
trina096.jpg,134205,f0c422ef,\Gallery 47\01 - Katrina\,{Shemale Yum Dvd03~G47~01~01 - Katrina}
trina097.jpg,135679,f2b82a96,\Gallery 47\01 - Katrina\,{Shemale Yum Dvd03~G47~01~01 - Katrina}
trina098.jpg,114183,e4c58287,\Gallery 47\01 - Katrina\,{Shemale Yum Dvd03~G47~01~01 - Katrina}
trina099.jpg,110210,f0bba75a,\Gallery 47\01 - Katrina\,{Shemale Yum Dvd03~G47~01~01 - Katrina}
2trina001.jpg,125182,bbcc76b6,\Gallery 47\01 - Katrina (3)\,{Shemale Yum Dvd03~G47~01-3~01 - Katrina (3)}
2trina002.jpg,136857,30ad21c1,\Gallery 47\01 - Katrina (3)\,{Shemale Yum Dvd03~G47~01-3~01 - Katrina (3)}
2trina003.jpg,125071,be373bf1,\Gallery 47\01 - Katrina (3)\,{Shemale Yum Dvd03~G47~01-3~01 - Katrina (3)}
2trina004.jpg,138027,c127325c,\Gallery 47\01 - Katrina (3)\,{Shemale Yum Dvd03~G47~01-3~01 - Katrina (3)}
2trina005.jpg,138203,77f85b66,\Gallery 47\01 - Katrina (3)\,{Shemale Yum Dvd03~G47~01-3~01 - Katrina (3)}
2trina006.jpg,134771,824598c4,\Gallery 47\01 - Katrina (3)\,{Shemale Yum Dvd03~G47~01-3~01 - Katrina (3)}
2trina007.jpg,132055,1b781233,\Gallery 47\01 - Katrina (3)\,{Shemale Yum Dvd03~G47~01-3~01 - Katrina (3)}
2trina008.jpg,135544,82f7a92e,\Gallery 47\01 - Katrina (3)\,{Shemale Yum Dvd03~G47~01-3~01 - Katrina (3)}
2trina009.jpg,127215,adbe8b7c,\Gallery 47\01 - Katrina (3)\,{Shemale Yum Dvd03~G47~01-3~01 - Katrina (3)}
2trina010.jpg,133664,5ec89a43,\Gallery 47\01 - Katrina (3)\,{Shemale Yum Dvd03~G47~01-3~01 - Katrina (3)}
2trina011.jpg,139105,8de8884b,\Gallery 47\01 - Katrina (3)\,{Shemale Yum Dvd03~G47~01-3~01 - Katrina (3)}
2trina012.jpg,141279,8df43eb4,\Gallery 47\01 - Katrina (3)\,{Shemale Yum Dvd03~G47~01-3~01 - Katrina (3)}
2trina013.jpg,119156,f5b21c7d,\Gallery 47\01 - Katrina (3)\,{Shemale Yum Dvd03~G47~01-3~01 - Katrina (3)}
2trina014.jpg,125208,8dc11383,\Gallery 47\01 - Katrina (3)\,{Shemale Yum Dvd03~G47~01-3~01 - Katrina (3)}
2trina015.jpg,138539,c656c801,\Gallery 47\01 - Katrina (3)\,{Shemale Yum Dvd03~G47~01-3~01 - Katrina (3)}
2trina016.jpg,138972,ec24bc16,\Gallery 47\01 - Katrina (3)\,{Shemale Yum Dvd03~G47~01-3~01 - Katrina (3)}
2trina017.jpg,126000,df0e19eb,\Gallery 47\01 - Katrina (3)\,{Shemale Yum Dvd03~G47~01-3~01 - Katrina (3)}
2trina018.jpg,128341,b0f7e37f,\Gallery 47\01 - Katrina (3)\,{Shemale Yum Dvd03~G47~01-3~01 - Katrina (3)}
2trina019.jpg,125310,1c82dbb7,\Gallery 47\01 - Katrina (3)\,{Shemale Yum Dvd03~G47~01-3~01 - Katrina (3)}
2trina020.jpg,128502,b311e07b,\Gallery 47\01 - Katrina (3)\,{Shemale Yum Dvd03~G47~01-3~01 - Katrina (3)}
2trina021.jpg,140210,6d9801f6,\Gallery 47\01 - Katrina (3)\,{Shemale Yum Dvd03~G47~01-3~01 - Katrina (3)}
2trina022.jpg,132244,06a256a9,\Gallery 47\01 - Katrina (3)\,{Shemale Yum Dvd03~G47~01-3~01 - Katrina (3)}
2trina024.jpg,127493,85324be9,\Gallery 47\01 - Katrina (3)\,{Shemale Yum Dvd03~G47~01-3~01 - Katrina (3)}
2trina025.jpg,139778,00a4f1ba,\Gallery 47\01 - Katrina (3)\,{Shemale Yum Dvd03~G47~01-3~01 - Katrina (3)}
2trina026.jpg,128732,e8373be1,\Gallery 47\01 - Katrina (3)\,{Shemale Yum Dvd03~G47~01-3~01 - Katrina (3)}
2trina027.jpg,125645,4c330c59,\Gallery 47\01 - Katrina (3)\,{Shemale Yum Dvd03~G47~01-3~01 - Katrina (3)}
2trina028.jpg,134978,b5873270,\Gallery 47\01 - Katrina (3)\,{Shemale Yum Dvd03~G47~01-3~01 - Katrina (3)}
2trina029.jpg,140460,977d5bf9,\Gallery 47\01 - Katrina (3)\,{Shemale Yum Dvd03~G47~01-3~01 - Katrina (3)}
2trina030.jpg,127028,8af4bce4,\Gallery 47\01 - Katrina (3)\,{Shemale Yum Dvd03~G47~01-3~01 - Katrina (3)}
2trina031.jpg,141770,6f5bf5c2,\Gallery 47\01 - Katrina (3)\,{Shemale Yum Dvd03~G47~01-3~01 - Katrina (3)}
2trina032.jpg,126094,c4d5b3bd,\Gallery 47\01 - Katrina (3)\,{Shemale Yum Dvd03~G47~01-3~01 - Katrina (3)}
2trina033.jpg,124549,c9300af5,\Gallery 47\01 - Katrina (3)\,{Shemale Yum Dvd03~G47~01-3~01 - Katrina (3)}
2trina034.jpg,129334,1260a62f,\Gallery 47\01 - Katrina (3)\,{Shemale Yum Dvd03~G47~01-3~01 - Katrina (3)}
2trina035.jpg,126619,e0bfcce2,\Gallery 47\01 - Katrina (3)\,{Shemale Yum Dvd03~G47~01-3~01 - Katrina (3)}
2trina036.jpg,132601,62f010f4,\Gallery 47\01 - Katrina (3)\,{Shemale Yum Dvd03~G47~01-3~01 - Katrina (3)}
2trina037.jpg,137974,c89bdb52,\Gallery 47\01 - Katrina (3)\,{Shemale Yum Dvd03~G47~01-3~01 - Katrina (3)}
2trina038.jpg,142109,96e9d951,\Gallery 47\01 - Katrina (3)\,{Shemale Yum Dvd03~G47~01-3~01 - Katrina (3)}
2trina039.jpg,123097,965ae024,\Gallery 47\01 - Katrina (3)\,{Shemale Yum Dvd03~G47~01-3~01 - Katrina (3)}
2trina040.jpg,130701,00351227,\Gallery 47\01 - Katrina (3)\,{Shemale Yum Dvd03~G47~01-3~01 - Katrina (3)}
2trina041.jpg,136342,36e99ace,\Gallery 47\01 - Katrina (3)\,{Shemale Yum Dvd03~G47~01-3~01 - Katrina (3)}
2trina042.jpg,137248,5114c7d0,\Gallery 47\01 - Katrina (3)\,{Shemale Yum Dvd03~G47~01-3~01 - Katrina (3)}
2trina043.jpg,130418,4a863d83,\Gallery 47\01 - Katrina (3)\,{Shemale Yum Dvd03~G47~01-3~01 - Katrina (3)}
2trina044.jpg,138401,30f54c3c,\Gallery 47\01 - Katrina (3)\,{Shemale Yum Dvd03~G47~01-3~01 - Katrina (3)}
2trina045.jpg,129248,9c8aa54b,\Gallery 47\01 - Katrina (3)\,{Shemale Yum Dvd03~G47~01-3~01 - Katrina (3)}
2trina046.jpg,133763,79bafd8f,\Gallery 47\01 - Katrina (3)\,{Shemale Yum Dvd03~G47~01-3~01 - Katrina (3)}
2trina047.jpg,134480,9108b830,\Gallery 47\01 - Katrina (3)\,{Shemale Yum Dvd03~G47~01-3~01 - Katrina (3)}
2trina048.jpg,127683,179f813b,\Gallery 47\01 - Katrina (3)\,{Shemale Yum Dvd03~G47~01-3~01 - Katrina (3)}
2trina049.jpg,124781,e4887eea,\Gallery 47\01 - Katrina (3)\,{Shemale Yum Dvd03~G47~01-3~01 - Katrina (3)}
2trina050.jpg,142439,2f9271b7,\Gallery 47\01 - Katrina (3)\,{Shemale Yum Dvd03~G47~01-3~01 - Katrina (3)}
2trina051.jpg,142311,43f0d4f1,\Gallery 47\01 - Katrina (3)\,{Shemale Yum Dvd03~G47~01-3~01 - Katrina (3)}
2trina052.jpg,136123,37046aed,\Gallery 47\01 - Katrina (3)\,{Shemale Yum Dvd03~G47~01-3~01 - Katrina (3)}
2trina053.jpg,128507,ba8cc1e9,\Gallery 47\01 - Katrina (3)\,{Shemale Yum Dvd03~G47~01-3~01 - Katrina (3)}
2trina054.jpg,121569,f2aa1fac,\Gallery 47\01 - Katrina (3)\,{Shemale Yum Dvd03~G47~01-3~01 - Katrina (3)}
2trina055.jpg,119558,bb3e5748,\Gallery 47\01 - Katrina (3)\,{Shemale Yum Dvd03~G47~01-3~01 - Katrina (3)}
2trina056.jpg,133015,aabf39dc,\Gallery 47\01 - Katrina (3)\,{Shemale Yum Dvd03~G47~01-3~01 - Katrina (3)}
2trina057.jpg,137080,23bff284,\Gallery 47\01 - Katrina (3)\,{Shemale Yum Dvd03~G47~01-3~01 - Katrina (3)}
2trina058.jpg,135225,0f881ef5,\Gallery 47\01 - Katrina (3)\,{Shemale Yum Dvd03~G47~01-3~01 - Katrina (3)}
2trina059.jpg,118022,4a65999f,\Gallery 47\01 - Katrina (3)\,{Shemale Yum Dvd03~G47~01-3~01 - Katrina (3)}
2trina060.jpg,115598,b36f9ee3,\Gallery 47\01 - Katrina (3)\,{Shemale Yum Dvd03~G47~01-3~01 - Katrina (3)}
2trina061.jpg,138976,c5ef9dbc,\Gallery 47\01 - Katrina (3)\,{Shemale Yum Dvd03~G47~01-3~01 - Katrina (3)}
2trina062.jpg,140216,ce4f5517,\Gallery 47\01 - Katrina (3)\,{Shemale Yum Dvd03~G47~01-3~01 - Katrina (3)}
2trina063.jpg,115641,5d4bdf06,\Gallery 47\01 - Katrina (3)\,{Shemale Yum Dvd03~G47~01-3~01 - Katrina (3)}
2trina064.jpg,130286,5811693a,\Gallery 47\01 - Katrina (3)\,{Shemale Yum Dvd03~G47~01-3~01 - Katrina (3)}
2trina065.jpg,136639,a7a87f3c,\Gallery 47\01 - Katrina (3)\,{Shemale Yum Dvd03~G47~01-3~01 - Katrina (3)}
2trina066.jpg,127229,2a9ae2d5,\Gallery 47\01 - Katrina (3)\,{Shemale Yum Dvd03~G47~01-3~01 - Katrina (3)}
2trina067.jpg,127221,51d15079,\Gallery 47\01 - Katrina (3)\,{Shemale Yum Dvd03~G47~01-3~01 - Katrina (3)}
2trina068.jpg,132350,d4a95be0,\Gallery 47\01 - Katrina (3)\,{Shemale Yum Dvd03~G47~01-3~01 - Katrina (3)}
2trina069.jpg,140831,a96c4cb8,\Gallery 47\01 - Katrina (3)\,{Shemale Yum Dvd03~G47~01-3~01 - Katrina (3)}
2trina070.jpg,130799,2f6602dd,\Gallery 47\01 - Katrina (3)\,{Shemale Yum Dvd03~G47~01-3~01 - Katrina (3)}
2trina071.jpg,133857,fe7693c6,\Gallery 47\01 - Katrina (3)\,{Shemale Yum Dvd03~G47~01-3~01 - Katrina (3)}
2trina072.jpg,121970,3be0896a,\Gallery 47\01 - Katrina (3)\,{Shemale Yum Dvd03~G47~01-3~01 - Katrina (3)}
2trina073.jpg,121665,76bfdfa0,\Gallery 47\01 - Katrina (3)\,{Shemale Yum Dvd03~G47~01-3~01 - Katrina (3)}
2trina074.jpg,135530,a7f2e6e2,\Gallery 47\01 - Katrina (3)\,{Shemale Yum Dvd03~G47~01-3~01 - Katrina (3)}
2trina075.jpg,129500,0ee81b3d,\Gallery 47\01 - Katrina (3)\,{Shemale Yum Dvd03~G47~01-3~01 - Katrina (3)}
2trina076.jpg,126628,6c5e4756,\Gallery 47\01 - Katrina (3)\,{Shemale Yum Dvd03~G47~01-3~01 - Katrina (3)}
katrina1001.jpg,172316,12e82e07,\Gallery 47\01 - Katrina (4)\,{Shemale Yum Dvd03~G47~01-4~01 - Katrina (4)}
katrina1002.jpg,168653,cb24ef31,\Gallery 47\01 - Katrina (4)\,{Shemale Yum Dvd03~G47~01-4~01 - Katrina (4)}
katrina1003.jpg,146093,a190a320,\Gallery 47\01 - Katrina (4)\,{Shemale Yum Dvd03~G47~01-4~01 - Katrina (4)}
katrina1004.jpg,185520,2dc36c09,\Gallery 47\01 - Katrina (4)\,{Shemale Yum Dvd03~G47~01-4~01 - Katrina (4)}
katrina1005.jpg,178475,8d6fb81a,\Gallery 47\01 - Katrina (4)\,{Shemale Yum Dvd03~G47~01-4~01 - Katrina (4)}
katrina1006.jpg,104200,f2f73b51,\Gallery 47\01 - Katrina (4)\,{Shemale Yum Dvd03~G47~01-4~01 - Katrina (4)}
katrina1007.jpg,170080,073e171c,\Gallery 47\01 - Katrina (4)\,{Shemale Yum Dvd03~G47~01-4~01 - Katrina (4)}
katrina1008.jpg,174492,e3e80d22,\Gallery 47\01 - Katrina (4)\,{Shemale Yum Dvd03~G47~01-4~01 - Katrina (4)}
katrina1009.jpg,160055,05776f4e,\Gallery 47\01 - Katrina (4)\,{Shemale Yum Dvd03~G47~01-4~01 - Katrina (4)}
katrina1010.jpg,173664,a03e1116,\Gallery 47\01 - Katrina (4)\,{Shemale Yum Dvd03~G47~01-4~01 - Katrina (4)}
katrina1011.jpg,177011,f2a7a5cc,\Gallery 47\01 - Katrina (4)\,{Shemale Yum Dvd03~G47~01-4~01 - Katrina (4)}
katrina1012.jpg,171028,722177fd,\Gallery 47\01 - Katrina (4)\,{Shemale Yum Dvd03~G47~01-4~01 - Katrina (4)}
katrina1013.jpg,180170,d3cedd60,\Gallery 47\01 - Katrina (4)\,{Shemale Yum Dvd03~G47~01-4~01 - Katrina (4)}
katrina1014.jpg,174151,bade9f09,\Gallery 47\01 - Katrina (4)\,{Shemale Yum Dvd03~G47~01-4~01 - Katrina (4)}
katrina1015.jpg,183733,54da9860,\Gallery 47\01 - Katrina (4)\,{Shemale Yum Dvd03~G47~01-4~01 - Katrina (4)}
katrina1016.jpg,126861,a26f85bb,\Gallery 47\01 - Katrina (4)\,{Shemale Yum Dvd03~G47~01-4~01 - Katrina (4)}
katrina1017.jpg,101525,fd536599,\Gallery 47\01 - Katrina (4)\,{Shemale Yum Dvd03~G47~01-4~01 - Katrina (4)}
katrina1018.jpg,98069,5b0b581b,\Gallery 47\01 - Katrina (4)\,{Shemale Yum Dvd03~G47~01-4~01 - Katrina (4)}
katrina1019.jpg,112744,6105ecfd,\Gallery 47\01 - Katrina (4)\,{Shemale Yum Dvd03~G47~01-4~01 - Katrina (4)}
katrina1020.jpg,114516,7e0a9bd6,\Gallery 47\01 - Katrina (4)\,{Shemale Yum Dvd03~G47~01-4~01 - Katrina (4)}
katrina1021.jpg,172558,4a0d3d22,\Gallery 47\01 - Katrina (4)\,{Shemale Yum Dvd03~G47~01-4~01 - Katrina (4)}
katrina1022.jpg,168407,27efa530,\Gallery 47\01 - Katrina (4)\,{Shemale Yum Dvd03~G47~01-4~01 - Katrina (4)}
katrina1023.jpg,184671,95bfe71e,\Gallery 47\01 - Katrina (4)\,{Shemale Yum Dvd03~G47~01-4~01 - Katrina (4)}
katrina1024.jpg,141082,f4d7b5cc,\Gallery 47\01 - Katrina (4)\,{Shemale Yum Dvd03~G47~01-4~01 - Katrina (4)}
katrina1025.jpg,158020,39d5e956,\Gallery 47\01 - Katrina (4)\,{Shemale Yum Dvd03~G47~01-4~01 - Katrina (4)}
katrina1026.jpg,157449,00f8d15a,\Gallery 47\01 - Katrina (4)\,{Shemale Yum Dvd03~G47~01-4~01 - Katrina (4)}
katrina1027.jpg,156776,16029acf,\Gallery 47\01 - Katrina (4)\,{Shemale Yum Dvd03~G47~01-4~01 - Katrina (4)}
katrina1028.jpg,109599,fdd55ac4,\Gallery 47\01 - Katrina (4)\,{Shemale Yum Dvd03~G47~01-4~01 - Katrina (4)}
katrina1029.jpg,145084,8200d6a3,\Gallery 47\01 - Katrina (4)\,{Shemale Yum Dvd03~G47~01-4~01 - Katrina (4)}
katrina1030.jpg,150049,dfdd5cf5,\Gallery 47\01 - Katrina (4)\,{Shemale Yum Dvd03~G47~01-4~01 - Katrina (4)}
katrina1031.jpg,156239,02d94a36,\Gallery 47\01 - Katrina (4)\,{Shemale Yum Dvd03~G47~01-4~01 - Katrina (4)}
katrina1032.jpg,181592,4960b7ea,\Gallery 47\01 - Katrina (4)\,{Shemale Yum Dvd03~G47~01-4~01 - Katrina (4)}
katrina1033.jpg,188337,e5f7b37f,\Gallery 47\01 - Katrina (4)\,{Shemale Yum Dvd03~G47~01-4~01 - Katrina (4)}
katrina1034.jpg,169417,0be17146,\Gallery 47\01 - Katrina (4)\,{Shemale Yum Dvd03~G47~01-4~01 - Katrina (4)}
katrina1035.jpg,176327,57d0b757,\Gallery 47\01 - Katrina (4)\,{Shemale Yum Dvd03~G47~01-4~01 - Katrina (4)}
katrina1036.jpg,124779,925ae112,\Gallery 47\01 - Katrina (4)\,{Shemale Yum Dvd03~G47~01-4~01 - Katrina (4)}
katrina1037.jpg,172930,6a7e0159,\Gallery 47\01 - Katrina (4)\,{Shemale Yum Dvd03~G47~01-4~01 - Katrina (4)}
katrina1038.jpg,148034,59bbf598,\Gallery 47\01 - Katrina (4)\,{Shemale Yum Dvd03~G47~01-4~01 - Katrina (4)}
katrina1039.jpg,181204,5ae2db3e,\Gallery 47\01 - Katrina (4)\,{Shemale Yum Dvd03~G47~01-4~01 - Katrina (4)}
katrina1040.jpg,188117,a837ca27,\Gallery 47\01 - Katrina (4)\,{Shemale Yum Dvd03~G47~01-4~01 - Katrina (4)}
katrina1041.jpg,160682,c84ad8c7,\Gallery 47\01 - Katrina (4)\,{Shemale Yum Dvd03~G47~01-4~01 - Katrina (4)}
katrina1042.jpg,112969,1daed45c,\Gallery 47\01 - Katrina (4)\,{Shemale Yum Dvd03~G47~01-4~01 - Katrina (4)}
katrina1043.jpg,109608,7e0876a5,\Gallery 47\01 - Katrina (4)\,{Shemale Yum Dvd03~G47~01-4~01 - Katrina (4)}
katrina1044.jpg,94146,46669d77,\Gallery 47\01 - Katrina (4)\,{Shemale Yum Dvd03~G47~01-4~01 - Katrina (4)}
katrina1045.jpg,120112,b0337c7a,\Gallery 47\01 - Katrina (4)\,{Shemale Yum Dvd03~G47~01-4~01 - Katrina (4)}
katrina1046.jpg,90678,063507d0,\Gallery 47\01 - Katrina (4)\,{Shemale Yum Dvd03~G47~01-4~01 - Katrina (4)}
katrina1047.jpg,129834,36a57fbf,\Gallery 47\01 - Katrina (4)\,{Shemale Yum Dvd03~G47~01-4~01 - Katrina (4)}
katrina1048.jpg,140887,400dc32d,\Gallery 47\01 - Katrina (4)\,{Shemale Yum Dvd03~G47~01-4~01 - Katrina (4)}
katrina1049.jpg,156816,02c4b8b9,\Gallery 47\01 - Katrina (4)\,{Shemale Yum Dvd03~G47~01-4~01 - Katrina (4)}
katrina1050.jpg,172986,aadf03cb,\Gallery 47\01 - Katrina (4)\,{Shemale Yum Dvd03~G47~01-4~01 - Katrina (4)}
katrina1051.jpg,168442,c76d3705,\Gallery 47\01 - Katrina (4)\,{Shemale Yum Dvd03~G47~01-4~01 - Katrina (4)}
katrina1052.jpg,176563,30da79fb,\Gallery 47\01 - Katrina (4)\,{Shemale Yum Dvd03~G47~01-4~01 - Katrina (4)}
katrina1053.jpg,158775,eac0bb20,\Gallery 47\01 - Katrina (4)\,{Shemale Yum Dvd03~G47~01-4~01 - Katrina (4)}
katrina1054.jpg,155371,b8698ef3,\Gallery 47\01 - Katrina (4)\,{Shemale Yum Dvd03~G47~01-4~01 - Katrina (4)}
katrina1055.jpg,131562,1ee775e7,\Gallery 47\01 - Katrina (4)\,{Shemale Yum Dvd03~G47~01-4~01 - Katrina (4)}
katrina1056.jpg,142930,1303b8b9,\Gallery 47\01 - Katrina (4)\,{Shemale Yum Dvd03~G47~01-4~01 - Katrina (4)}
katrina1057.jpg,151921,e4f4eb95,\Gallery 47\01 - Katrina (4)\,{Shemale Yum Dvd03~G47~01-4~01 - Katrina (4)}
katrina1058.jpg,154613,9d3b2b15,\Gallery 47\01 - Katrina (4)\,{Shemale Yum Dvd03~G47~01-4~01 - Katrina (4)}
katrina1059.jpg,161877,05cb82d8,\Gallery 47\01 - Katrina (4)\,{Shemale Yum Dvd03~G47~01-4~01 - Katrina (4)}
katrina1060.jpg,162251,24dc0171,\Gallery 47\01 - Katrina (4)\,{Shemale Yum Dvd03~G47~01-4~01 - Katrina (4)}
katrina1061.jpg,133449,5237875b,\Gallery 47\01 - Katrina (4)\,{Shemale Yum Dvd03~G47~01-4~01 - Katrina (4)}
katrina1062.jpg,187576,f397e924,\Gallery 47\01 - Katrina (4)\,{Shemale Yum Dvd03~G47~01-4~01 - Katrina (4)}
katrina1063.jpg,171291,d63393c1,\Gallery 47\01 - Katrina (4)\,{Shemale Yum Dvd03~G47~01-4~01 - Katrina (4)}
katrina1064.jpg,145008,e75d5c26,\Gallery 47\01 - Katrina (4)\,{Shemale Yum Dvd03~G47~01-4~01 - Katrina (4)}
katrina1065.jpg,162495,9e7bd7b2,\Gallery 47\01 - Katrina (4)\,{Shemale Yum Dvd03~G47~01-4~01 - Katrina (4)}
katrina1066.jpg,70545,49c49bde,\Gallery 47\01 - Katrina (4)\,{Shemale Yum Dvd03~G47~01-4~01 - Katrina (4)}
katrina1067.jpg,159480,1b8118e8,\Gallery 47\01 - Katrina (4)\,{Shemale Yum Dvd03~G47~01-4~01 - Katrina (4)}
katrina1068.jpg,186180,d76d4a31,\Gallery 47\01 - Katrina (4)\,{Shemale Yum Dvd03~G47~01-4~01 - Katrina (4)}
katrina1069.jpg,129556,ed727c01,\Gallery 47\01 - Katrina (4)\,{Shemale Yum Dvd03~G47~01-4~01 - Katrina (4)}
katrina1070.jpg,172947,1ab1f0d0,\Gallery 47\01 - Katrina (4)\,{Shemale Yum Dvd03~G47~01-4~01 - Katrina (4)}
katrina1071.jpg,190882,11983f52,\Gallery 47\01 - Katrina (4)\,{Shemale Yum Dvd03~G47~01-4~01 - Katrina (4)}
katrina1072.jpg,182430,e667e736,\Gallery 47\01 - Katrina (4)\,{Shemale Yum Dvd03~G47~01-4~01 - Katrina (4)}
katrina1073.jpg,145813,d3545498,\Gallery 47\01 - Katrina (4)\,{Shemale Yum Dvd03~G47~01-4~01 - Katrina (4)}
katrina1074.jpg,155513,8ae6d754,\Gallery 47\01 - Katrina (4)\,{Shemale Yum Dvd03~G47~01-4~01 - Katrina (4)}
katrina1075.jpg,140853,e34a56db,\Gallery 47\01 - Katrina (4)\,{Shemale Yum Dvd03~G47~01-4~01 - Katrina (4)}
katrina1076.jpg,152962,82db95a5,\Gallery 47\01 - Katrina (4)\,{Shemale Yum Dvd03~G47~01-4~01 - Katrina (4)}
katrina1077.jpg,155855,8e5feb72,\Gallery 47\01 - Katrina (4)\,{Shemale Yum Dvd03~G47~01-4~01 - Katrina (4)}
katrina1078.jpg,157296,e58b8523,\Gallery 47\01 - Katrina (4)\,{Shemale Yum Dvd03~G47~01-4~01 - Katrina (4)}
katrina1079.jpg,162349,76a5a75a,\Gallery 47\01 - Katrina (4)\,{Shemale Yum Dvd03~G47~01-4~01 - Katrina (4)}
katrina1080.jpg,144904,e3548a39,\Gallery 47\01 - Katrina (4)\,{Shemale Yum Dvd03~G47~01-4~01 - Katrina (4)}
katrina1081.jpg,144795,c3876dfc,\Gallery 47\01 - Katrina (4)\,{Shemale Yum Dvd03~G47~01-4~01 - Katrina (4)}
katrina1082.jpg,151084,dfe8639f,\Gallery 47\01 - Katrina (4)\,{Shemale Yum Dvd03~G47~01-4~01 - Katrina (4)}
katrina1083.jpg,154517,8fe22d37,\Gallery 47\01 - Katrina (4)\,{Shemale Yum Dvd03~G47~01-4~01 - Katrina (4)}
katrina1084.jpg,127932,f0cac3cc,\Gallery 47\01 - Katrina (4)\,{Shemale Yum Dvd03~G47~01-4~01 - Katrina (4)}
katrina1085.jpg,186686,2f876f29,\Gallery 47\01 - Katrina (4)\,{Shemale Yum Dvd03~G47~01-4~01 - Katrina (4)}
katrina1086.jpg,146270,4c840c8e,\Gallery 47\01 - Katrina (4)\,{Shemale Yum Dvd03~G47~01-4~01 - Katrina (4)}
katrina2001.jpg,177517,b7449c8e,\Gallery 47\01 - Katrina (5)\,{Shemale Yum Dvd03~G47~01-5~01 - Katrina (5)}
katrina2002.jpg,177105,b6be0776,\Gallery 47\01 - Katrina (5)\,{Shemale Yum Dvd03~G47~01-5~01 - Katrina (5)}
katrina2003.jpg,179350,097bcbc2,\Gallery 47\01 - Katrina (5)\,{Shemale Yum Dvd03~G47~01-5~01 - Katrina (5)}
katrina2004.jpg,184317,fad035c7,\Gallery 47\01 - Katrina (5)\,{Shemale Yum Dvd03~G47~01-5~01 - Katrina (5)}
katrina2005.jpg,180937,12a3ec59,\Gallery 47\01 - Katrina (5)\,{Shemale Yum Dvd03~G47~01-5~01 - Katrina (5)}
katrina2006.jpg,170736,5f27d9b9,\Gallery 47\01 - Katrina (5)\,{Shemale Yum Dvd03~G47~01-5~01 - Katrina (5)}
katrina2007.jpg,172527,8be381a6,\Gallery 47\01 - Katrina (5)\,{Shemale Yum Dvd03~G47~01-5~01 - Katrina (5)}
katrina2008.jpg,170546,43edf4fc,\Gallery 47\01 - Katrina (5)\,{Shemale Yum Dvd03~G47~01-5~01 - Katrina (5)}
katrina2009.jpg,169174,32837320,\Gallery 47\01 - Katrina (5)\,{Shemale Yum Dvd03~G47~01-5~01 - Katrina (5)}
katrina2010.jpg,160748,5216ec69,\Gallery 47\01 - Katrina (5)\,{Shemale Yum Dvd03~G47~01-5~01 - Katrina (5)}
katrina2011.jpg,177471,af33ecee,\Gallery 47\01 - Katrina (5)\,{Shemale Yum Dvd03~G47~01-5~01 - Katrina (5)}
katrina2012.jpg,176043,66368565,\Gallery 47\01 - Katrina (5)\,{Shemale Yum Dvd03~G47~01-5~01 - Katrina (5)}
katrina2013.jpg,177273,331a0430,\Gallery 47\01 - Katrina (5)\,{Shemale Yum Dvd03~G47~01-5~01 - Katrina (5)}
katrina2014.jpg,157572,3c0ec9fe,\Gallery 47\01 - Katrina (5)\,{Shemale Yum Dvd03~G47~01-5~01 - Katrina (5)}
katrina2015.jpg,172707,e491ec2d,\Gallery 47\01 - Katrina (5)\,{Shemale Yum Dvd03~G47~01-5~01 - Katrina (5)}
katrina2016.jpg,174132,16c803ff,\Gallery 47\01 - Katrina (5)\,{Shemale Yum Dvd03~G47~01-5~01 - Katrina (5)}
katrina2017.jpg,144233,b7bf8b43,\Gallery 47\01 - Katrina (5)\,{Shemale Yum Dvd03~G47~01-5~01 - Katrina (5)}
katrina2018.jpg,142714,2d8c6cd9,\Gallery 47\01 - Katrina (5)\,{Shemale Yum Dvd03~G47~01-5~01 - Katrina (5)}
katrina2019.jpg,114631,d7c635d3,\Gallery 47\01 - Katrina (5)\,{Shemale Yum Dvd03~G47~01-5~01 - Katrina (5)}
katrina2020.jpg,123552,61febe13,\Gallery 47\01 - Katrina (5)\,{Shemale Yum Dvd03~G47~01-5~01 - Katrina (5)}
katrina2021.jpg,149793,3bc429b7,\Gallery 47\01 - Katrina (5)\,{Shemale Yum Dvd03~G47~01-5~01 - Katrina (5)}
katrina2022.jpg,159944,ba0a4368,\Gallery 47\01 - Katrina (5)\,{Shemale Yum Dvd03~G47~01-5~01 - Katrina (5)}
katrina2023.jpg,138725,d8f5b428,\Gallery 47\01 - Katrina (5)\,{Shemale Yum Dvd03~G47~01-5~01 - Katrina (5)}
katrina2024.jpg,154528,8cd43821,\Gallery 47\01 - Katrina (5)\,{Shemale Yum Dvd03~G47~01-5~01 - Katrina (5)}
katrina2025.jpg,141788,183521c3,\Gallery 47\01 - Katrina (5)\,{Shemale Yum Dvd03~G47~01-5~01 - Katrina (5)}
katrina2026.jpg,161041,29c841aa,\Gallery 47\01 - Katrina (5)\,{Shemale Yum Dvd03~G47~01-5~01 - Katrina (5)}
katrina2027.jpg,166707,4aeef6bd,\Gallery 47\01 - Katrina (5)\,{Shemale Yum Dvd03~G47~01-5~01 - Katrina (5)}
katrina2028.jpg,139281,d8fff971,\Gallery 47\01 - Katrina (5)\,{Shemale Yum Dvd03~G47~01-5~01 - Katrina (5)}
katrina2029.jpg,134844,43ce0ffc,\Gallery 47\01 - Katrina (5)\,{Shemale Yum Dvd03~G47~01-5~01 - Katrina (5)}
katrina2030.jpg,141382,e97621a6,\Gallery 47\01 - Katrina (5)\,{Shemale Yum Dvd03~G47~01-5~01 - Katrina (5)}
katrina2031.jpg,156396,95fe96cc,\Gallery 47\01 - Katrina (5)\,{Shemale Yum Dvd03~G47~01-5~01 - Katrina (5)}
katrina2032.jpg,140938,7c3e230e,\Gallery 47\01 - Katrina (5)\,{Shemale Yum Dvd03~G47~01-5~01 - Katrina (5)}
katrina2033.jpg,135903,0db95ed6,\Gallery 47\01 - Katrina (5)\,{Shemale Yum Dvd03~G47~01-5~01 - Katrina (5)}
katrina2034.jpg,193337,270f2ebe,\Gallery 47\01 - Katrina (5)\,{Shemale Yum Dvd03~G47~01-5~01 - Katrina (5)}
katrina2035.jpg,131451,f7c5a64f,\Gallery 47\01 - Katrina (5)\,{Shemale Yum Dvd03~G47~01-5~01 - Katrina (5)}
katrina2036.jpg,123507,92860f10,\Gallery 47\01 - Katrina (5)\,{Shemale Yum Dvd03~G47~01-5~01 - Katrina (5)}
katrina2037.jpg,126371,346c07bd,\Gallery 47\01 - Katrina (5)\,{Shemale Yum Dvd03~G47~01-5~01 - Katrina (5)}
katrina2038.jpg,158489,03f5fb64,\Gallery 47\01 - Katrina (5)\,{Shemale Yum Dvd03~G47~01-5~01 - Katrina (5)}
katrina2039.jpg,183301,2a807517,\Gallery 47\01 - Katrina (5)\,{Shemale Yum Dvd03~G47~01-5~01 - Katrina (5)}
katrina2040.jpg,139384,33a849ca,\Gallery 47\01 - Katrina (5)\,{Shemale Yum Dvd03~G47~01-5~01 - Katrina (5)}
katrina2041.jpg,156240,8b006ef3,\Gallery 47\01 - Katrina (5)\,{Shemale Yum Dvd03~G47~01-5~01 - Katrina (5)}
katrina2042.jpg,154153,123f2a97,\Gallery 47\01 - Katrina (5)\,{Shemale Yum Dvd03~G47~01-5~01 - Katrina (5)}
katrina2043.jpg,121056,a13e8f24,\Gallery 47\01 - Katrina (5)\,{Shemale Yum Dvd03~G47~01-5~01 - Katrina (5)}
katrina2044.jpg,133067,4db22c9f,\Gallery 47\01 - Katrina (5)\,{Shemale Yum Dvd03~G47~01-5~01 - Katrina (5)}
katrina2045.jpg,132980,7f8d0a49,\Gallery 47\01 - Katrina (5)\,{Shemale Yum Dvd03~G47~01-5~01 - Katrina (5)}
katrina2046.jpg,141752,5ee89c36,\Gallery 47\01 - Katrina (5)\,{Shemale Yum Dvd03~G47~01-5~01 - Katrina (5)}
katrina2047.jpg,141591,51f3ce72,\Gallery 47\01 - Katrina (5)\,{Shemale Yum Dvd03~G47~01-5~01 - Katrina (5)}
katrina2048.jpg,153367,0eed5392,\Gallery 47\01 - Katrina (5)\,{Shemale Yum Dvd03~G47~01-5~01 - Katrina (5)}
katrina2049.jpg,152192,25242553,\Gallery 47\01 - Katrina (5)\,{Shemale Yum Dvd03~G47~01-5~01 - Katrina (5)}
katrina2050.jpg,191502,c62bf7ef,\Gallery 47\01 - Katrina (5)\,{Shemale Yum Dvd03~G47~01-5~01 - Katrina (5)}
katrina2051.jpg,158048,758b5ea3,\Gallery 47\01 - Katrina (5)\,{Shemale Yum Dvd03~G47~01-5~01 - Katrina (5)}
katrina2052.jpg,128448,fa11d28f,\Gallery 47\01 - Katrina (5)\,{Shemale Yum Dvd03~G47~01-5~01 - Katrina (5)}
katrina2053.jpg,147283,3f7c05dd,\Gallery 47\01 - Katrina (5)\,{Shemale Yum Dvd03~G47~01-5~01 - Katrina (5)}
katrina2054.jpg,144944,9abb1a68,\Gallery 47\01 - Katrina (5)\,{Shemale Yum Dvd03~G47~01-5~01 - Katrina (5)}
katrina2055.jpg,131596,42479389,\Gallery 47\01 - Katrina (5)\,{Shemale Yum Dvd03~G47~01-5~01 - Katrina (5)}
katrina2056.jpg,126318,0dfd2d32,\Gallery 47\01 - Katrina (5)\,{Shemale Yum Dvd03~G47~01-5~01 - Katrina (5)}
katrina2057.jpg,152273,7ee8c946,\Gallery 47\01 - Katrina (5)\,{Shemale Yum Dvd03~G47~01-5~01 - Katrina (5)}
katrina2058.jpg,140447,969def72,\Gallery 47\01 - Katrina (5)\,{Shemale Yum Dvd03~G47~01-5~01 - Katrina (5)}
katrina2059.jpg,148693,3a61787f,\Gallery 47\01 - Katrina (5)\,{Shemale Yum Dvd03~G47~01-5~01 - Katrina (5)}
katrina2060.jpg,165497,9c5ef06b,\Gallery 47\01 - Katrina (5)\,{Shemale Yum Dvd03~G47~01-5~01 - Katrina (5)}
katrina2061.jpg,115199,c11576ce,\Gallery 47\01 - Katrina (5)\,{Shemale Yum Dvd03~G47~01-5~01 - Katrina (5)}
katrina2062.jpg,122560,3a7d6d5d,\Gallery 47\01 - Katrina (5)\,{Shemale Yum Dvd03~G47~01-5~01 - Katrina (5)}
katrina2063.jpg,152022,ccf8ef4f,\Gallery 47\01 - Katrina (5)\,{Shemale Yum Dvd03~G47~01-5~01 - Katrina (5)}
katrina2064.jpg,145081,c325c230,\Gallery 47\01 - Katrina (5)\,{Shemale Yum Dvd03~G47~01-5~01 - Katrina (5)}
katrina2065.jpg,141179,fa0b50db,\Gallery 47\01 - Katrina (5)\,{Shemale Yum Dvd03~G47~01-5~01 - Katrina (5)}
katrina2066.jpg,123791,aec1a974,\Gallery 47\01 - Katrina (5)\,{Shemale Yum Dvd03~G47~01-5~01 - Katrina (5)}
katrina2067.jpg,116680,1033b143,\Gallery 47\01 - Katrina (5)\,{Shemale Yum Dvd03~G47~01-5~01 - Katrina (5)}
katrina2068.jpg,130053,cb85a89b,\Gallery 47\01 - Katrina (5)\,{Shemale Yum Dvd03~G47~01-5~01 - Katrina (5)}
katrina2069.jpg,117715,ed479a5b,\Gallery 47\01 - Katrina (5)\,{Shemale Yum Dvd03~G47~01-5~01 - Katrina (5)}
katrina2070.jpg,157084,51790396,\Gallery 47\01 - Katrina (5)\,{Shemale Yum Dvd03~G47~01-5~01 - Katrina (5)}
katrina2071.jpg,161284,cd87b8aa,\Gallery 47\01 - Katrina (5)\,{Shemale Yum Dvd03~G47~01-5~01 - Katrina (5)}
katrina2072.jpg,142885,4440a406,\Gallery 47\01 - Katrina (5)\,{Shemale Yum Dvd03~G47~01-5~01 - Katrina (5)}
katrina2073.jpg,156977,82303ab6,\Gallery 47\01 - Katrina (5)\,{Shemale Yum Dvd03~G47~01-5~01 - Katrina (5)}
katrina2074.jpg,134950,dcbd73f7,\Gallery 47\01 - Katrina (5)\,{Shemale Yum Dvd03~G47~01-5~01 - Katrina (5)}
katrina2075.jpg,123500,7ff8a157,\Gallery 47\01 - Katrina (5)\,{Shemale Yum Dvd03~G47~01-5~01 - Katrina (5)}
katrina2076.jpg,121242,324571af,\Gallery 47\01 - Katrina (5)\,{Shemale Yum Dvd03~G47~01-5~01 - Katrina (5)}
katrina2077.jpg,108176,6b02d05f,\Gallery 47\01 - Katrina (5)\,{Shemale Yum Dvd03~G47~01-5~01 - Katrina (5)}
katrina2078.jpg,87357,6b80d06a,\Gallery 47\01 - Katrina (5)\,{Shemale Yum Dvd03~G47~01-5~01 - Katrina (5)}
katrina2079.jpg,123406,cfc17dce,\Gallery 47\01 - Katrina (5)\,{Shemale Yum Dvd03~G47~01-5~01 - Katrina (5)}
katrina2080.jpg,120021,7329eca7,\Gallery 47\01 - Katrina (5)\,{Shemale Yum Dvd03~G47~01-5~01 - Katrina (5)}
katrina2081.jpg,178987,73dcf1b2,\Gallery 47\01 - Katrina (5)\,{Shemale Yum Dvd03~G47~01-5~01 - Katrina (5)}
katrina2082.jpg,170097,2fe24312,\Gallery 47\01 - Katrina (5)\,{Shemale Yum Dvd03~G47~01-5~01 - Katrina (5)}
katrina2083.jpg,181782,32fb56f3,\Gallery 47\01 - Katrina (5)\,{Shemale Yum Dvd03~G47~01-5~01 - Katrina (5)}
katrina2084.jpg,156605,0f0e6bb5,\Gallery 47\01 - Katrina (5)\,{Shemale Yum Dvd03~G47~01-5~01 - Katrina (5)}
katrina2085.jpg,175305,44f932df,\Gallery 47\01 - Katrina (5)\,{Shemale Yum Dvd03~G47~01-5~01 - Katrina (5)}
katrina2086.jpg,147109,22a4dff0,\Gallery 47\01 - Katrina (5)\,{Shemale Yum Dvd03~G47~01-5~01 - Katrina (5)}
katrina2087.jpg,165976,60aa1e50,\Gallery 47\01 - Katrina (5)\,{Shemale Yum Dvd03~G47~01-5~01 - Katrina (5)}
katrina2088.jpg,175984,2694a53f,\Gallery 47\01 - Katrina (5)\,{Shemale Yum Dvd03~G47~01-5~01 - Katrina (5)}
katrina2089.jpg,163571,e05232ef,\Gallery 47\01 - Katrina (5)\,{Shemale Yum Dvd03~G47~01-5~01 - Katrina (5)}
katrina2090.jpg,113431,82aa3ffd,\Gallery 47\01 - Katrina (5)\,{Shemale Yum Dvd03~G47~01-5~01 - Katrina (5)}
dscn2129.jpg,100856,088f6441,\Gallery 47\02 - Eva Reyes\,{Shemale Yum Dvd03~G47~02~02 - Eva Reyes}
dscn2130.jpg,93955,51def94f,\Gallery 47\02 - Eva Reyes\,{Shemale Yum Dvd03~G47~02~02 - Eva Reyes}
dscn2131.jpg,93723,6af4e500,\Gallery 47\02 - Eva Reyes\,{Shemale Yum Dvd03~G47~02~02 - Eva Reyes}
dscn2132.jpg,87233,fc7a625c,\Gallery 47\02 - Eva Reyes\,{Shemale Yum Dvd03~G47~02~02 - Eva Reyes}
dscn2133.jpg,87230,13b0dd8d,\Gallery 47\02 - Eva Reyes\,{Shemale Yum Dvd03~G47~02~02 - Eva Reyes}
dscn2134.jpg,102500,e79b3b62,\Gallery 47\02 - Eva Reyes\,{Shemale Yum Dvd03~G47~02~02 - Eva Reyes}
dscn2135.jpg,110875,7bba727e,\Gallery 47\02 - Eva Reyes\,{Shemale Yum Dvd03~G47~02~02 - Eva Reyes}
dscn2136.jpg,100132,e07ad9a8,\Gallery 47\02 - Eva Reyes\,{Shemale Yum Dvd03~G47~02~02 - Eva Reyes}
dscn2137.jpg,125432,7ce398f7,\Gallery 47\02 - Eva Reyes\,{Shemale Yum Dvd03~G47~02~02 - Eva Reyes}
dscn2138.jpg,94574,770e19b0,\Gallery 47\02 - Eva Reyes\,{Shemale Yum Dvd03~G47~02~02 - Eva Reyes}
dscn2139.jpg,101692,ab53de76,\Gallery 47\02 - Eva Reyes\,{Shemale Yum Dvd03~G47~02~02 - Eva Reyes}
dscn2140.jpg,107953,ee45508a,\Gallery 47\02 - Eva Reyes\,{Shemale Yum Dvd03~G47~02~02 - Eva Reyes}
dscn2141.jpg,101671,1e8c099c,\Gallery 47\02 - Eva Reyes\,{Shemale Yum Dvd03~G47~02~02 - Eva Reyes}
dscn2142.jpg,98926,a8245faa,\Gallery 47\02 - Eva Reyes\,{Shemale Yum Dvd03~G47~02~02 - Eva Reyes}
dscn2144.jpg,88501,4138b6f1,\Gallery 47\02 - Eva Reyes\,{Shemale Yum Dvd03~G47~02~02 - Eva Reyes}
dscn2145.jpg,79132,ad60dfbe,\Gallery 47\02 - Eva Reyes\,{Shemale Yum Dvd03~G47~02~02 - Eva Reyes}
dscn2146.jpg,81152,fdc8d43b,\Gallery 47\02 - Eva Reyes\,{Shemale Yum Dvd03~G47~02~02 - Eva Reyes}
dscn2147.jpg,87496,b74c0e09,\Gallery 47\02 - Eva Reyes\,{Shemale Yum Dvd03~G47~02~02 - Eva Reyes}
dscn2148.jpg,89520,3ff3225e,\Gallery 47\02 - Eva Reyes\,{Shemale Yum Dvd03~G47~02~02 - Eva Reyes}
dscn2149.jpg,84033,2f3ea929,\Gallery 47\02 - Eva Reyes\,{Shemale Yum Dvd03~G47~02~02 - Eva Reyes}
dscn2150.jpg,103550,4e692cae,\Gallery 47\02 - Eva Reyes\,{Shemale Yum Dvd03~G47~02~02 - Eva Reyes}
dscn2151.jpg,100335,1c39080d,\Gallery 47\02 - Eva Reyes\,{Shemale Yum Dvd03~G47~02~02 - Eva Reyes}
dscn2152.jpg,111355,ff24d081,\Gallery 47\02 - Eva Reyes\,{Shemale Yum Dvd03~G47~02~02 - Eva Reyes}
dscn2154.jpg,108859,f0b22722,\Gallery 47\02 - Eva Reyes\,{Shemale Yum Dvd03~G47~02~02 - Eva Reyes}
dscn2155.jpg,111264,f72f2c31,\Gallery 47\02 - Eva Reyes\,{Shemale Yum Dvd03~G47~02~02 - Eva Reyes}
dscn2156.jpg,96004,8cef5eda,\Gallery 47\02 - Eva Reyes\,{Shemale Yum Dvd03~G47~02~02 - Eva Reyes}
dscn2157.jpg,92114,ae593431,\Gallery 47\02 - Eva Reyes\,{Shemale Yum Dvd03~G47~02~02 - Eva Reyes}
dscn2158.jpg,132821,216e6f13,\Gallery 47\02 - Eva Reyes\,{Shemale Yum Dvd03~G47~02~02 - Eva Reyes}
dscn2159.jpg,86617,6caaa11a,\Gallery 47\02 - Eva Reyes\,{Shemale Yum Dvd03~G47~02~02 - Eva Reyes}
dscn2160.jpg,83643,3c9d34fe,\Gallery 47\02 - Eva Reyes\,{Shemale Yum Dvd03~G47~02~02 - Eva Reyes}
dscn2161.jpg,81167,2a3ca6cf,\Gallery 47\02 - Eva Reyes\,{Shemale Yum Dvd03~G47~02~02 - Eva Reyes}
dscn2162.jpg,108156,63d81a0d,\Gallery 47\02 - Eva Reyes\,{Shemale Yum Dvd03~G47~02~02 - Eva Reyes}
dscn2163.jpg,127346,858c5cfe,\Gallery 47\02 - Eva Reyes\,{Shemale Yum Dvd03~G47~02~02 - Eva Reyes}
dscn2164.jpg,107387,feb628c9,\Gallery 47\02 - Eva Reyes\,{Shemale Yum Dvd03~G47~02~02 - Eva Reyes}
dscn2165.jpg,121162,d0c8cb9f,\Gallery 47\02 - Eva Reyes\,{Shemale Yum Dvd03~G47~02~02 - Eva Reyes}
dscn2166.jpg,111734,61874acf,\Gallery 47\02 - Eva Reyes\,{Shemale Yum Dvd03~G47~02~02 - Eva Reyes}
dscn2167.jpg,102193,4ea6eb6f,\Gallery 47\02 - Eva Reyes\,{Shemale Yum Dvd03~G47~02~02 - Eva Reyes}
dscn2168.jpg,121081,f5c0126a,\Gallery 47\02 - Eva Reyes\,{Shemale Yum Dvd03~G47~02~02 - Eva Reyes}
dscn2169.jpg,127432,c872d280,\Gallery 47\02 - Eva Reyes\,{Shemale Yum Dvd03~G47~02~02 - Eva Reyes}
dscn2170.jpg,111412,d2e6dbe7,\Gallery 47\02 - Eva Reyes\,{Shemale Yum Dvd03~G47~02~02 - Eva Reyes}
dscn2171.jpg,96944,66a55ac3,\Gallery 47\02 - Eva Reyes\,{Shemale Yum Dvd03~G47~02~02 - Eva Reyes}
dscn2172.jpg,114723,2b25a2e9,\Gallery 47\02 - Eva Reyes\,{Shemale Yum Dvd03~G47~02~02 - Eva Reyes}
dscn2173.jpg,120156,a0c0d782,\Gallery 47\02 - Eva Reyes\,{Shemale Yum Dvd03~G47~02~02 - Eva Reyes}
dscn2175.jpg,109248,5fdc3b6a,\Gallery 47\02 - Eva Reyes\,{Shemale Yum Dvd03~G47~02~02 - Eva Reyes}
dscn2176.jpg,92462,4e4e099d,\Gallery 47\02 - Eva Reyes\,{Shemale Yum Dvd03~G47~02~02 - Eva Reyes}
dscn2177.jpg,139607,73c5648a,\Gallery 47\02 - Eva Reyes\,{Shemale Yum Dvd03~G47~02~02 - Eva Reyes}
dscn2178.jpg,126530,821ff03b,\Gallery 47\02 - Eva Reyes\,{Shemale Yum Dvd03~G47~02~02 - Eva Reyes}
dscn2179.jpg,107036,5bc22cf4,\Gallery 47\02 - Eva Reyes\,{Shemale Yum Dvd03~G47~02~02 - Eva Reyes}
dscn2180.jpg,115108,6dfa90a5,\Gallery 47\02 - Eva Reyes\,{Shemale Yum Dvd03~G47~02~02 - Eva Reyes}
dscn2181.jpg,129252,2067febd,\Gallery 47\02 - Eva Reyes\,{Shemale Yum Dvd03~G47~02~02 - Eva Reyes}
dscn2182.jpg,107226,b20638fe,\Gallery 47\02 - Eva Reyes\,{Shemale Yum Dvd03~G47~02~02 - Eva Reyes}
dscn2183.jpg,128453,3fa2468d,\Gallery 47\02 - Eva Reyes\,{Shemale Yum Dvd03~G47~02~02 - Eva Reyes}
dscn2184.jpg,116310,82d5ed84,\Gallery 47\02 - Eva Reyes\,{Shemale Yum Dvd03~G47~02~02 - Eva Reyes}
dscn2185.jpg,88131,5ee629d5,\Gallery 47\02 - Eva Reyes\,{Shemale Yum Dvd03~G47~02~02 - Eva Reyes}
dscn2186.jpg,133069,e9d30c7b,\Gallery 47\02 - Eva Reyes\,{Shemale Yum Dvd03~G47~02~02 - Eva Reyes}
dscn2187.jpg,99021,4590da34,\Gallery 47\02 - Eva Reyes\,{Shemale Yum Dvd03~G47~02~02 - Eva Reyes}
dscn2188.jpg,101047,bf2f841f,\Gallery 47\02 - Eva Reyes\,{Shemale Yum Dvd03~G47~02~02 - Eva Reyes}
dscn2189.jpg,95142,9f2d1594,\Gallery 47\02 - Eva Reyes\,{Shemale Yum Dvd03~G47~02~02 - Eva Reyes}
dscn2190.jpg,90137,fe7f00f8,\Gallery 47\02 - Eva Reyes\,{Shemale Yum Dvd03~G47~02~02 - Eva Reyes}
dscn2191.jpg,85629,9adcbb78,\Gallery 47\02 - Eva Reyes\,{Shemale Yum Dvd03~G47~02~02 - Eva Reyes}
dscn2192.jpg,88950,f0b7358f,\Gallery 47\02 - Eva Reyes\,{Shemale Yum Dvd03~G47~02~02 - Eva Reyes}
dscn2193.jpg,87473,0c64e14c,\Gallery 47\02 - Eva Reyes\,{Shemale Yum Dvd03~G47~02~02 - Eva Reyes}
dscn2194.jpg,102190,3076adc3,\Gallery 47\02 - Eva Reyes\,{Shemale Yum Dvd03~G47~02~02 - Eva Reyes}
dscn2195.jpg,91137,253df331,\Gallery 47\02 - Eva Reyes\,{Shemale Yum Dvd03~G47~02~02 - Eva Reyes}
dscn2196.jpg,80674,f14c5e2b,\Gallery 47\02 - Eva Reyes\,{Shemale Yum Dvd03~G47~02~02 - Eva Reyes}
dscn2197.jpg,92235,f6ba89f1,\Gallery 47\02 - Eva Reyes\,{Shemale Yum Dvd03~G47~02~02 - Eva Reyes}
dscn2198.jpg,85322,84e265fe,\Gallery 47\02 - Eva Reyes\,{Shemale Yum Dvd03~G47~02~02 - Eva Reyes}
dscn2199.jpg,134595,fc4febde,\Gallery 47\02 - Eva Reyes\,{Shemale Yum Dvd03~G47~02~02 - Eva Reyes}
dscn2204.jpg,113446,f1838287,\Gallery 47\02 - Eva Reyes\,{Shemale Yum Dvd03~G47~02~02 - Eva Reyes}
dscn2205.jpg,111597,87e2eb16,\Gallery 47\02 - Eva Reyes\,{Shemale Yum Dvd03~G47~02~02 - Eva Reyes}
dscn2206.jpg,120541,23403f73,\Gallery 47\02 - Eva Reyes\,{Shemale Yum Dvd03~G47~02~02 - Eva Reyes}
dscn2207.jpg,127996,86789b94,\Gallery 47\02 - Eva Reyes\,{Shemale Yum Dvd03~G47~02~02 - Eva Reyes}
dscn2208.jpg,119034,4849d808,\Gallery 47\02 - Eva Reyes\,{Shemale Yum Dvd03~G47~02~02 - Eva Reyes}
dscn2209.jpg,111548,ce2771c8,\Gallery 47\02 - Eva Reyes\,{Shemale Yum Dvd03~G47~02~02 - Eva Reyes}
dscn2211.jpg,101089,8b78deda,\Gallery 47\02 - Eva Reyes\,{Shemale Yum Dvd03~G47~02~02 - Eva Reyes}
dscn2212.jpg,81001,b6b17394,\Gallery 47\02 - Eva Reyes\,{Shemale Yum Dvd03~G47~02~02 - Eva Reyes}
dscn2213.jpg,76131,081a60d2,\Gallery 47\02 - Eva Reyes\,{Shemale Yum Dvd03~G47~02~02 - Eva Reyes}
dscn2214.jpg,105599,f9df9761,\Gallery 47\02 - Eva Reyes\,{Shemale Yum Dvd03~G47~02~02 - Eva Reyes}
dscn2215.jpg,123404,4a8b40cd,\Gallery 47\02 - Eva Reyes\,{Shemale Yum Dvd03~G47~02~02 - Eva Reyes}
dscn2216.jpg,102985,0cddf3e9,\Gallery 47\02 - Eva Reyes\,{Shemale Yum Dvd03~G47~02~02 - Eva Reyes}
dscn2217.jpg,103428,e78c3cc1,\Gallery 47\02 - Eva Reyes\,{Shemale Yum Dvd03~G47~02~02 - Eva Reyes}
dscn2218.jpg,100385,15e7dc9c,\Gallery 47\02 - Eva Reyes\,{Shemale Yum Dvd03~G47~02~02 - Eva Reyes}
dscn2219.jpg,104488,e6812237,\Gallery 47\02 - Eva Reyes\,{Shemale Yum Dvd03~G47~02~02 - Eva Reyes}
dscn2220.jpg,109669,0b99df47,\Gallery 47\02 - Eva Reyes\,{Shemale Yum Dvd03~G47~02~02 - Eva Reyes}
dscn2221.jpg,106442,6068dcb7,\Gallery 47\02 - Eva Reyes\,{Shemale Yum Dvd03~G47~02~02 - Eva Reyes}
dscn2222.jpg,100145,9c233540,\Gallery 47\02 - Eva Reyes\,{Shemale Yum Dvd03~G47~02~02 - Eva Reyes}
dscn2223.jpg,96434,4c49078d,\Gallery 47\02 - Eva Reyes\,{Shemale Yum Dvd03~G47~02~02 - Eva Reyes}
dscn2224.jpg,94031,1df2832c,\Gallery 47\02 - Eva Reyes\,{Shemale Yum Dvd03~G47~02~02 - Eva Reyes}
dscn2225.jpg,85016,e45acc16,\Gallery 47\02 - Eva Reyes\,{Shemale Yum Dvd03~G47~02~02 - Eva Reyes}
dscn2226.jpg,88635,b388cd8d,\Gallery 47\02 - Eva Reyes\,{Shemale Yum Dvd03~G47~02~02 - Eva Reyes}
dscn2227.jpg,90037,1b17598e,\Gallery 47\02 - Eva Reyes\,{Shemale Yum Dvd03~G47~02~02 - Eva Reyes}
dscn2228.jpg,89117,40e99850,\Gallery 47\02 - Eva Reyes\,{Shemale Yum Dvd03~G47~02~02 - Eva Reyes}
dscn2229.jpg,73015,8424af81,\Gallery 47\02 - Eva Reyes\,{Shemale Yum Dvd03~G47~02~02 - Eva Reyes}
dscn2230.jpg,99688,e49c1f8b,\Gallery 47\02 - Eva Reyes\,{Shemale Yum Dvd03~G47~02~02 - Eva Reyes}
dscn2231.jpg,73275,03f54ecc,\Gallery 47\02 - Eva Reyes\,{Shemale Yum Dvd03~G47~02~02 - Eva Reyes}
dscn2232.jpg,101536,3533a2c8,\Gallery 47\02 - Eva Reyes\,{Shemale Yum Dvd03~G47~02~02 - Eva Reyes}
dscn2233.jpg,104482,aedf7adc,\Gallery 47\02 - Eva Reyes\,{Shemale Yum Dvd03~G47~02~02 - Eva Reyes}
dscn2234.jpg,100749,697c6f40,\Gallery 47\02 - Eva Reyes\,{Shemale Yum Dvd03~G47~02~02 - Eva Reyes}
dscn2235.jpg,134439,584eef2c,\Gallery 47\02 - Eva Reyes\,{Shemale Yum Dvd03~G47~02~02 - Eva Reyes}
dscn2236.jpg,119220,14443f05,\Gallery 47\02 - Eva Reyes\,{Shemale Yum Dvd03~G47~02~02 - Eva Reyes}
dscn2238.jpg,126323,c0f07e28,\Gallery 47\02 - Eva Reyes\,{Shemale Yum Dvd03~G47~02~02 - Eva Reyes}
dscn2239.jpg,117424,4651941a,\Gallery 47\02 - Eva Reyes\,{Shemale Yum Dvd03~G47~02~02 - Eva Reyes}
dscn2240.jpg,115493,1e9088a6,\Gallery 47\02 - Eva Reyes\,{Shemale Yum Dvd03~G47~02~02 - Eva Reyes}
dscn2241.jpg,94975,6ca45f60,\Gallery 47\02 - Eva Reyes\,{Shemale Yum Dvd03~G47~02~02 - Eva Reyes}
dscn2242.jpg,113339,d0aab4af,\Gallery 47\02 - Eva Reyes\,{Shemale Yum Dvd03~G47~02~02 - Eva Reyes}
dscn2243.jpg,126474,4ba857dd,\Gallery 47\02 - Eva Reyes\,{Shemale Yum Dvd03~G47~02~02 - Eva Reyes}
dscn2244.jpg,126179,668bc867,\Gallery 47\02 - Eva Reyes\,{Shemale Yum Dvd03~G47~02~02 - Eva Reyes}
dscn2245.jpg,111810,603d81a6,\Gallery 47\02 - Eva Reyes\,{Shemale Yum Dvd03~G47~02~02 - Eva Reyes}
dscn2247.jpg,86498,e8e70309,\Gallery 47\02 - Eva Reyes\,{Shemale Yum Dvd03~G47~02~02 - Eva Reyes}
dscn2249.jpg,95081,d8d89db0,\Gallery 47\02 - Eva Reyes\,{Shemale Yum Dvd03~G47~02~02 - Eva Reyes}
dscn2250.jpg,84111,eb6ff483,\Gallery 47\02 - Eva Reyes\,{Shemale Yum Dvd03~G47~02~02 - Eva Reyes}
dscn2251.jpg,82466,5a209127,\Gallery 47\02 - Eva Reyes\,{Shemale Yum Dvd03~G47~02~02 - Eva Reyes}
dscn2252.jpg,109866,30870bfe,\Gallery 47\02 - Eva Reyes\,{Shemale Yum Dvd03~G47~02~02 - Eva Reyes}
dscn2253.jpg,103711,79c8c672,\Gallery 47\02 - Eva Reyes\,{Shemale Yum Dvd03~G47~02~02 - Eva Reyes}
dscn2254.jpg,100276,79df3ece,\Gallery 47\02 - Eva Reyes\,{Shemale Yum Dvd03~G47~02~02 - Eva Reyes}
dscn2255.jpg,120015,a6c645ad,\Gallery 47\02 - Eva Reyes\,{Shemale Yum Dvd03~G47~02~02 - Eva Reyes}
dscn2256.jpg,126734,8b007593,\Gallery 47\02 - Eva Reyes\,{Shemale Yum Dvd03~G47~02~02 - Eva Reyes}
eva2248.jpg,94952,1698aacd,\Gallery 47\02 - Eva Reyes\,{Shemale Yum Dvd03~G47~02~02 - Eva Reyes}
eva2312.jpg,86247,e3c406f3,\Gallery 47\02 - Eva Reyes\,{Shemale Yum Dvd03~G47~02~02 - Eva Reyes}
karen001.jpg,111464,055182cb,\Gallery 47\03 - Karen\,{Shemale Yum Dvd03~G47~03~03 - Karen}
karenblue002.jpg,93392,a6358687,\Gallery 47\03 - Karen\,{Shemale Yum Dvd03~G47~03~03 - Karen}
karen003.jpg,102648,c5625fc3,\Gallery 47\03 - Karen\,{Shemale Yum Dvd03~G47~03~03 - Karen}
karen004.jpg,141297,a442591b,\Gallery 47\03 - Karen\,{Shemale Yum Dvd03~G47~03~03 - Karen}
karen005.jpg,133484,8c128db8,\Gallery 47\03 - Karen\,{Shemale Yum Dvd03~G47~03~03 - Karen}
karen006.jpg,133981,39e391da,\Gallery 47\03 - Karen\,{Shemale Yum Dvd03~G47~03~03 - Karen}
karen007.jpg,119099,7a7e99b8,\Gallery 47\03 - Karen\,{Shemale Yum Dvd03~G47~03~03 - Karen}
karen008.jpg,139003,db67c4ef,\Gallery 47\03 - Karen\,{Shemale Yum Dvd03~G47~03~03 - Karen}
karen009.jpg,129531,2beb949a,\Gallery 47\03 - Karen\,{Shemale Yum Dvd03~G47~03~03 - Karen}
karen010.jpg,124000,580dbe3d,\Gallery 47\03 - Karen\,{Shemale Yum Dvd03~G47~03~03 - Karen}
karen011.jpg,124862,2ce729ab,\Gallery 47\03 - Karen\,{Shemale Yum Dvd03~G47~03~03 - Karen}
karen012.jpg,119001,29ed3360,\Gallery 47\03 - Karen\,{Shemale Yum Dvd03~G47~03~03 - Karen}
karen013.jpg,109381,320763bd,\Gallery 47\03 - Karen\,{Shemale Yum Dvd03~G47~03~03 - Karen}
karen014.jpg,128823,09cd2ee7,\Gallery 47\03 - Karen\,{Shemale Yum Dvd03~G47~03~03 - Karen}
karen015.jpg,126562,ce4b44fb,\Gallery 47\03 - Karen\,{Shemale Yum Dvd03~G47~03~03 - Karen}
karen016.jpg,136133,29db7d65,\Gallery 47\03 - Karen\,{Shemale Yum Dvd03~G47~03~03 - Karen}
karen017.jpg,129185,9afdbeb9,\Gallery 47\03 - Karen\,{Shemale Yum Dvd03~G47~03~03 - Karen}
karen018.jpg,132404,e23432c6,\Gallery 47\03 - Karen\,{Shemale Yum Dvd03~G47~03~03 - Karen}
karen019.jpg,126383,4d66f4de,\Gallery 47\03 - Karen\,{Shemale Yum Dvd03~G47~03~03 - Karen}
karen020.jpg,128999,3cbccdc4,\Gallery 47\03 - Karen\,{Shemale Yum Dvd03~G47~03~03 - Karen}
karen021.jpg,127704,2b0fa795,\Gallery 47\03 - Karen\,{Shemale Yum Dvd03~G47~03~03 - Karen}
karen023.jpg,124316,01c5fad2,\Gallery 47\03 - Karen\,{Shemale Yum Dvd03~G47~03~03 - Karen}
karen024.jpg,141618,6102eb0b,\Gallery 47\03 - Karen\,{Shemale Yum Dvd03~G47~03~03 - Karen}
karen025.jpg,135038,62507693,\Gallery 47\03 - Karen\,{Shemale Yum Dvd03~G47~03~03 - Karen}
karen026.jpg,135839,276bd481,\Gallery 47\03 - Karen\,{Shemale Yum Dvd03~G47~03~03 - Karen}
karen028.jpg,110892,9e2440c4,\Gallery 47\03 - Karen\,{Shemale Yum Dvd03~G47~03~03 - Karen}
karen029.jpg,101079,b5343a1e,\Gallery 47\03 - Karen\,{Shemale Yum Dvd03~G47~03~03 - Karen}
karen030.jpg,127464,09d16489,\Gallery 47\03 - Karen\,{Shemale Yum Dvd03~G47~03~03 - Karen}
karen031.jpg,147243,58bf2845,\Gallery 47\03 - Karen\,{Shemale Yum Dvd03~G47~03~03 - Karen}
karen032.jpg,130980,5a2f8d5e,\Gallery 47\03 - Karen\,{Shemale Yum Dvd03~G47~03~03 - Karen}
karen033.jpg,141370,eb58192c,\Gallery 47\03 - Karen\,{Shemale Yum Dvd03~G47~03~03 - Karen}
karen034.jpg,127704,5979ad2b,\Gallery 47\03 - Karen\,{Shemale Yum Dvd03~G47~03~03 - Karen}
karen035.jpg,130401,8afc1f8c,\Gallery 47\03 - Karen\,{Shemale Yum Dvd03~G47~03~03 - Karen}
karen036.jpg,126359,2059742b,\Gallery 47\03 - Karen\,{Shemale Yum Dvd03~G47~03~03 - Karen}
karen037.jpg,148468,1b668549,\Gallery 47\03 - Karen\,{Shemale Yum Dvd03~G47~03~03 - Karen}
karen039.jpg,147136,ea7cfbd4,\Gallery 47\03 - Karen\,{Shemale Yum Dvd03~G47~03~03 - Karen}
karen040.jpg,141055,536ca772,\Gallery 47\03 - Karen\,{Shemale Yum Dvd03~G47~03~03 - Karen}
karen041.jpg,140424,f7375180,\Gallery 47\03 - Karen\,{Shemale Yum Dvd03~G47~03~03 - Karen}
karen042.jpg,137531,294e1fca,\Gallery 47\03 - Karen\,{Shemale Yum Dvd03~G47~03~03 - Karen}
karen043.jpg,107575,21351cfd,\Gallery 47\03 - Karen\,{Shemale Yum Dvd03~G47~03~03 - Karen}
karen045.jpg,126167,f2047b78,\Gallery 47\03 - Karen\,{Shemale Yum Dvd03~G47~03~03 - Karen}
karen046.jpg,129893,20a1f12d,\Gallery 47\03 - Karen\,{Shemale Yum Dvd03~G47~03~03 - Karen}
karen047.jpg,128945,6d3a80cf,\Gallery 47\03 - Karen\,{Shemale Yum Dvd03~G47~03~03 - Karen}
karen048.jpg,134126,cafb2b72,\Gallery 47\03 - Karen\,{Shemale Yum Dvd03~G47~03~03 - Karen}
karen049.jpg,131363,ab561e83,\Gallery 47\03 - Karen\,{Shemale Yum Dvd03~G47~03~03 - Karen}
karen052.jpg,106469,4d134814,\Gallery 47\03 - Karen\,{Shemale Yum Dvd03~G47~03~03 - Karen}
karen053.jpg,110553,c6cec3c2,\Gallery 47\03 - Karen\,{Shemale Yum Dvd03~G47~03~03 - Karen}
karen054.jpg,135771,b206f640,\Gallery 47\03 - Karen\,{Shemale Yum Dvd03~G47~03~03 - Karen}
karen055.jpg,131679,cdd4bf1f,\Gallery 47\03 - Karen\,{Shemale Yum Dvd03~G47~03~03 - Karen}
karen056.jpg,126072,a5d849aa,\Gallery 47\03 - Karen\,{Shemale Yum Dvd03~G47~03~03 - Karen}
karen057.jpg,118566,ef623a8e,\Gallery 47\03 - Karen\,{Shemale Yum Dvd03~G47~03~03 - Karen}
karen058.jpg,117235,ffd9aa74,\Gallery 47\03 - Karen\,{Shemale Yum Dvd03~G47~03~03 - Karen}
karen059.jpg,139167,8ed9ba81,\Gallery 47\03 - Karen\,{Shemale Yum Dvd03~G47~03~03 - Karen}
karen060.jpg,131350,9009b11e,\Gallery 47\03 - Karen\,{Shemale Yum Dvd03~G47~03~03 - Karen}
karen061.jpg,137142,66e0acad,\Gallery 47\03 - Karen\,{Shemale Yum Dvd03~G47~03~03 - Karen}
karen062.jpg,142611,175d0100,\Gallery 47\03 - Karen\,{Shemale Yum Dvd03~G47~03~03 - Karen}
karen063.jpg,118742,9415bb71,\Gallery 47\03 - Karen\,{Shemale Yum Dvd03~G47~03~03 - Karen}
karen064.jpg,110126,bc2abc10,\Gallery 47\03 - Karen\,{Shemale Yum Dvd03~G47~03~03 - Karen}
karen065.jpg,142687,4b36a3ca,\Gallery 47\03 - Karen\,{Shemale Yum Dvd03~G47~03~03 - Karen}
karen066.jpg,138191,4271d4a6,\Gallery 47\03 - Karen\,{Shemale Yum Dvd03~G47~03~03 - Karen}
karen067.jpg,141459,c761ab5b,\Gallery 47\03 - Karen\,{Shemale Yum Dvd03~G47~03~03 - Karen}
karen068.jpg,132130,c2ce9cd6,\Gallery 47\03 - Karen\,{Shemale Yum Dvd03~G47~03~03 - Karen}
karen069.jpg,131663,722f4648,\Gallery 47\03 - Karen\,{Shemale Yum Dvd03~G47~03~03 - Karen}
karen070.jpg,112637,14685b83,\Gallery 47\03 - Karen\,{Shemale Yum Dvd03~G47~03~03 - Karen}
karen071.jpg,98130,64a6a76e,\Gallery 47\03 - Karen\,{Shemale Yum Dvd03~G47~03~03 - Karen}
karen072.jpg,119631,76d0b728,\Gallery 47\03 - Karen\,{Shemale Yum Dvd03~G47~03~03 - Karen}
karen074.jpg,119727,3489eb24,\Gallery 47\03 - Karen\,{Shemale Yum Dvd03~G47~03~03 - Karen}
karenblue075.jpg,92767,effaeb84,\Gallery 47\03 - Karen\,{Shemale Yum Dvd03~G47~03~03 - Karen}
karen076.jpg,130223,6dc3d54e,\Gallery 47\03 - Karen\,{Shemale Yum Dvd03~G47~03~03 - Karen}
karen077.jpg,128958,64175116,\Gallery 47\03 - Karen\,{Shemale Yum Dvd03~G47~03~03 - Karen}
karen078.jpg,125819,aea360d4,\Gallery 47\03 - Karen\,{Shemale Yum Dvd03~G47~03~03 - Karen}
karen079.jpg,107772,9f49aa8e,\Gallery 47\03 - Karen\,{Shemale Yum Dvd03~G47~03~03 - Karen}
karen080.jpg,103618,4e926427,\Gallery 47\03 - Karen\,{Shemale Yum Dvd03~G47~03~03 - Karen}
karen082.jpg,115276,5aaa7ad6,\Gallery 47\03 - Karen\,{Shemale Yum Dvd03~G47~03~03 - Karen}
karen083.jpg,101751,9242e37a,\Gallery 47\03 - Karen\,{Shemale Yum Dvd03~G47~03~03 - Karen}
karen084.jpg,107868,ff99dfca,\Gallery 47\03 - Karen\,{Shemale Yum Dvd03~G47~03~03 - Karen}
karen085.jpg,85021,12dce5c2,\Gallery 47\03 - Karen\,{Shemale Yum Dvd03~G47~03~03 - Karen}
karen086.jpg,83907,3e0a7a93,\Gallery 47\03 - Karen\,{Shemale Yum Dvd03~G47~03~03 - Karen}
karen087.jpg,87279,3d2a4b16,\Gallery 47\03 - Karen\,{Shemale Yum Dvd03~G47~03~03 - Karen}
karen089.jpg,87862,2318dfc1,\Gallery 47\03 - Karen\,{Shemale Yum Dvd03~G47~03~03 - Karen}
karen091.jpg,85120,f8298770,\Gallery 47\03 - Karen\,{Shemale Yum Dvd03~G47~03~03 - Karen}
karen092.jpg,85069,a5a70029,\Gallery 47\03 - Karen\,{Shemale Yum Dvd03~G47~03~03 - Karen}
karen094.jpg,77204,2acf9d6a,\Gallery 47\03 - Karen\,{Shemale Yum Dvd03~G47~03~03 - Karen}
karen095.jpg,86841,78b1a0a1,\Gallery 47\03 - Karen\,{Shemale Yum Dvd03~G47~03~03 - Karen}
karen096.jpg,88744,29ce7e44,\Gallery 47\03 - Karen\,{Shemale Yum Dvd03~G47~03~03 - Karen}
karen097.jpg,96683,c447d2df,\Gallery 47\03 - Karen\,{Shemale Yum Dvd03~G47~03~03 - Karen}
karen098.jpg,91868,204bb94b,\Gallery 47\03 - Karen\,{Shemale Yum Dvd03~G47~03~03 - Karen}
karen099.jpg,98970,5493ae9b,\Gallery 47\03 - Karen\,{Shemale Yum Dvd03~G47~03~03 - Karen}
karen100.jpg,96023,3f8bd8bb,\Gallery 47\03 - Karen\,{Shemale Yum Dvd03~G47~03~03 - Karen}
karen101.jpg,105477,70976dfc,\Gallery 47\03 - Karen\,{Shemale Yum Dvd03~G47~03~03 - Karen}
karenb001.jpg,126197,2daac0ea,\Gallery 47\03 - Karen (2)\,{Shemale Yum Dvd03~G47~03-2~03 - Karen (2)}
karenb002.jpg,116094,df46df07,\Gallery 47\03 - Karen (2)\,{Shemale Yum Dvd03~G47~03-2~03 - Karen (2)}
karenb003.jpg,128190,ff3e9fbd,\Gallery 47\03 - Karen (2)\,{Shemale Yum Dvd03~G47~03-2~03 - Karen (2)}
karenb004.jpg,111891,bc0ad5d4,\Gallery 47\03 - Karen (2)\,{Shemale Yum Dvd03~G47~03-2~03 - Karen (2)}
karenb005.jpg,122652,bbdab18f,\Gallery 47\03 - Karen (2)\,{Shemale Yum Dvd03~G47~03-2~03 - Karen (2)}
karenb006.jpg,121994,27684acf,\Gallery 47\03 - Karen (2)\,{Shemale Yum Dvd03~G47~03-2~03 - Karen (2)}
karenb007.jpg,125033,bb50c386,\Gallery 47\03 - Karen (2)\,{Shemale Yum Dvd03~G47~03-2~03 - Karen (2)}
karenb008.jpg,116671,c101dad1,\Gallery 47\03 - Karen (2)\,{Shemale Yum Dvd03~G47~03-2~03 - Karen (2)}
karenb009.jpg,119630,2eb4a7ff,\Gallery 47\03 - Karen (2)\,{Shemale Yum Dvd03~G47~03-2~03 - Karen (2)}
karenb010.jpg,115915,8456f961,\Gallery 47\03 - Karen (2)\,{Shemale Yum Dvd03~G47~03-2~03 - Karen (2)}
karenb011.jpg,120177,de2d967c,\Gallery 47\03 - Karen (2)\,{Shemale Yum Dvd03~G47~03-2~03 - Karen (2)}
karenb012.jpg,119706,730fa167,\Gallery 47\03 - Karen (2)\,{Shemale Yum Dvd03~G47~03-2~03 - Karen (2)}
karenb013.jpg,114105,7ad1c824,\Gallery 47\03 - Karen (2)\,{Shemale Yum Dvd03~G47~03-2~03 - Karen (2)}
karenb014.jpg,120165,20017f10,\Gallery 47\03 - Karen (2)\,{Shemale Yum Dvd03~G47~03-2~03 - Karen (2)}
karenb015.jpg,112159,d303f916,\Gallery 47\03 - Karen (2)\,{Shemale Yum Dvd03~G47~03-2~03 - Karen (2)}
karenb016.jpg,115822,875fbc1f,\Gallery 47\03 - Karen (2)\,{Shemale Yum Dvd03~G47~03-2~03 - Karen (2)}
karenb017.jpg,133342,283de741,\Gallery 47\03 - Karen (2)\,{Shemale Yum Dvd03~G47~03-2~03 - Karen (2)}
karenb018.jpg,124180,8b49b48d,\Gallery 47\03 - Karen (2)\,{Shemale Yum Dvd03~G47~03-2~03 - Karen (2)}
karenb019.jpg,125030,2e737ada,\Gallery 47\03 - Karen (2)\,{Shemale Yum Dvd03~G47~03-2~03 - Karen (2)}
karenb020.jpg,137204,a728a501,\Gallery 47\03 - Karen (2)\,{Shemale Yum Dvd03~G47~03-2~03 - Karen (2)}
karenb021.jpg,132170,3341a047,\Gallery 47\03 - Karen (2)\,{Shemale Yum Dvd03~G47~03-2~03 - Karen (2)}
karenb022.jpg,132744,88a30bc1,\Gallery 47\03 - Karen (2)\,{Shemale Yum Dvd03~G47~03-2~03 - Karen (2)}
karenb023.jpg,125343,1be087fa,\Gallery 47\03 - Karen (2)\,{Shemale Yum Dvd03~G47~03-2~03 - Karen (2)}
karenb024.jpg,129524,e4b912a0,\Gallery 47\03 - Karen (2)\,{Shemale Yum Dvd03~G47~03-2~03 - Karen (2)}
karenb025.jpg,133289,c7962b3b,\Gallery 47\03 - Karen (2)\,{Shemale Yum Dvd03~G47~03-2~03 - Karen (2)}
karenb026.jpg,130031,9fa976ea,\Gallery 47\03 - Karen (2)\,{Shemale Yum Dvd03~G47~03-2~03 - Karen (2)}
karenb027.jpg,139091,7e0c2809,\Gallery 47\03 - Karen (2)\,{Shemale Yum Dvd03~G47~03-2~03 - Karen (2)}
karenb028.jpg,135098,50652bee,\Gallery 47\03 - Karen (2)\,{Shemale Yum Dvd03~G47~03-2~03 - Karen (2)}
karenb029.jpg,120208,926a3f8a,\Gallery 47\03 - Karen (2)\,{Shemale Yum Dvd03~G47~03-2~03 - Karen (2)}
karenb030.jpg,129404,ae1ffe74,\Gallery 47\03 - Karen (2)\,{Shemale Yum Dvd03~G47~03-2~03 - Karen (2)}
karenb031.jpg,123023,5b38220c,\Gallery 47\03 - Karen (2)\,{Shemale Yum Dvd03~G47~03-2~03 - Karen (2)}
karenb032.jpg,130999,887ef549,\Gallery 47\03 - Karen (2)\,{Shemale Yum Dvd03~G47~03-2~03 - Karen (2)}
karenb033.jpg,129484,c1b982bb,\Gallery 47\03 - Karen (2)\,{Shemale Yum Dvd03~G47~03-2~03 - Karen (2)}
karenb034.jpg,111031,cb3fc6b5,\Gallery 47\03 - Karen (2)\,{Shemale Yum Dvd03~G47~03-2~03 - Karen (2)}
karenb035.jpg,134094,b05839ba,\Gallery 47\03 - Karen (2)\,{Shemale Yum Dvd03~G47~03-2~03 - Karen (2)}
karenb036.jpg,133638,d5e3f191,\Gallery 47\03 - Karen (2)\,{Shemale Yum Dvd03~G47~03-2~03 - Karen (2)}
karenb037.jpg,133867,b4b80279,\Gallery 47\03 - Karen (2)\,{Shemale Yum Dvd03~G47~03-2~03 - Karen (2)}
karenb038.jpg,93983,0cdfda9b,\Gallery 47\03 - Karen (2)\,{Shemale Yum Dvd03~G47~03-2~03 - Karen (2)}
karenb039.jpg,131328,861b6403,\Gallery 47\03 - Karen (2)\,{Shemale Yum Dvd03~G47~03-2~03 - Karen (2)}
karenb040.jpg,128074,ca0d7214,\Gallery 47\03 - Karen (2)\,{Shemale Yum Dvd03~G47~03-2~03 - Karen (2)}
karenb041.jpg,113596,1e36ffee,\Gallery 47\03 - Karen (2)\,{Shemale Yum Dvd03~G47~03-2~03 - Karen (2)}
karenb042.jpg,126088,c9f9e052,\Gallery 47\03 - Karen (2)\,{Shemale Yum Dvd03~G47~03-2~03 - Karen (2)}
karenb043.jpg,112765,979a3043,\Gallery 47\03 - Karen (2)\,{Shemale Yum Dvd03~G47~03-2~03 - Karen (2)}
karenb044.jpg,119324,feb1a176,\Gallery 47\03 - Karen (2)\,{Shemale Yum Dvd03~G47~03-2~03 - Karen (2)}
karenb045.jpg,99736,2db1e1cc,\Gallery 47\03 - Karen (2)\,{Shemale Yum Dvd03~G47~03-2~03 - Karen (2)}
karenb046.jpg,102590,c039b2b2,\Gallery 47\03 - Karen (2)\,{Shemale Yum Dvd03~G47~03-2~03 - Karen (2)}
karenb047.jpg,116049,3f7deeb3,\Gallery 47\03 - Karen (2)\,{Shemale Yum Dvd03~G47~03-2~03 - Karen (2)}
karenb048.jpg,119533,82108174,\Gallery 47\03 - Karen (2)\,{Shemale Yum Dvd03~G47~03-2~03 - Karen (2)}
karenb049.jpg,110541,b1ed53c3,\Gallery 47\03 - Karen (2)\,{Shemale Yum Dvd03~G47~03-2~03 - Karen (2)}
karenb050.jpg,112029,c5ae7fd4,\Gallery 47\03 - Karen (2)\,{Shemale Yum Dvd03~G47~03-2~03 - Karen (2)}
karenb051.jpg,146974,fa6dbba9,\Gallery 47\03 - Karen (2)\,{Shemale Yum Dvd03~G47~03-2~03 - Karen (2)}
karenb052.jpg,139464,55e98c04,\Gallery 47\03 - Karen (2)\,{Shemale Yum Dvd03~G47~03-2~03 - Karen (2)}
karenb053.jpg,116131,e3e84ff8,\Gallery 47\03 - Karen (2)\,{Shemale Yum Dvd03~G47~03-2~03 - Karen (2)}
karenb054.jpg,104393,e5de840c,\Gallery 47\03 - Karen (2)\,{Shemale Yum Dvd03~G47~03-2~03 - Karen (2)}
karenb055.jpg,112419,5110b7bb,\Gallery 47\03 - Karen (2)\,{Shemale Yum Dvd03~G47~03-2~03 - Karen (2)}
karenb056.jpg,122917,509851b1,\Gallery 47\03 - Karen (2)\,{Shemale Yum Dvd03~G47~03-2~03 - Karen (2)}
karenb057.jpg,117620,aa120e63,\Gallery 47\03 - Karen (2)\,{Shemale Yum Dvd03~G47~03-2~03 - Karen (2)}
karenb058.jpg,142328,e5355bda,\Gallery 47\03 - Karen (2)\,{Shemale Yum Dvd03~G47~03-2~03 - Karen (2)}
karenb059.jpg,110712,776aaabe,\Gallery 47\03 - Karen (2)\,{Shemale Yum Dvd03~G47~03-2~03 - Karen (2)}
karenb060.jpg,122330,000dcea8,\Gallery 47\03 - Karen (2)\,{Shemale Yum Dvd03~G47~03-2~03 - Karen (2)}
karenb061.jpg,120117,cb0f70be,\Gallery 47\03 - Karen (2)\,{Shemale Yum Dvd03~G47~03-2~03 - Karen (2)}
karenb062.jpg,120069,7df6958c,\Gallery 47\03 - Karen (2)\,{Shemale Yum Dvd03~G47~03-2~03 - Karen (2)}
karenb063.jpg,121587,0d1c44c8,\Gallery 47\03 - Karen (2)\,{Shemale Yum Dvd03~G47~03-2~03 - Karen (2)}
karenb064.jpg,124835,fe57bdf4,\Gallery 47\03 - Karen (2)\,{Shemale Yum Dvd03~G47~03-2~03 - Karen (2)}
karenb065.jpg,131800,936c539d,\Gallery 47\03 - Karen (2)\,{Shemale Yum Dvd03~G47~03-2~03 - Karen (2)}
karenb066.jpg,126054,318cd397,\Gallery 47\03 - Karen (2)\,{Shemale Yum Dvd03~G47~03-2~03 - Karen (2)}
karenb067.jpg,124546,11bc3de3,\Gallery 47\03 - Karen (2)\,{Shemale Yum Dvd03~G47~03-2~03 - Karen (2)}
karenb068.jpg,106381,faab75d7,\Gallery 47\03 - Karen (2)\,{Shemale Yum Dvd03~G47~03-2~03 - Karen (2)}
karenb069.jpg,108947,730c7af9,\Gallery 47\03 - Karen (2)\,{Shemale Yum Dvd03~G47~03-2~03 - Karen (2)}
karenb070.jpg,113708,dab1b322,\Gallery 47\03 - Karen (2)\,{Shemale Yum Dvd03~G47~03-2~03 - Karen (2)}
karenb071.jpg,114748,b1602f7f,\Gallery 47\03 - Karen (2)\,{Shemale Yum Dvd03~G47~03-2~03 - Karen (2)}
karenb072.jpg,116698,07ec7763,\Gallery 47\03 - Karen (2)\,{Shemale Yum Dvd03~G47~03-2~03 - Karen (2)}
karenb073.jpg,112787,88a928ae,\Gallery 47\03 - Karen (2)\,{Shemale Yum Dvd03~G47~03-2~03 - Karen (2)}
karenb074.jpg,119640,e851541f,\Gallery 47\03 - Karen (2)\,{Shemale Yum Dvd03~G47~03-2~03 - Karen (2)}
karenb075.jpg,101778,bea2a05e,\Gallery 47\03 - Karen (2)\,{Shemale Yum Dvd03~G47~03-2~03 - Karen (2)}
karenb076.jpg,94128,c46b77b2,\Gallery 47\03 - Karen (2)\,{Shemale Yum Dvd03~G47~03-2~03 - Karen (2)}
karenb077.jpg,96864,86a20365,\Gallery 47\03 - Karen (2)\,{Shemale Yum Dvd03~G47~03-2~03 - Karen (2)}
karenb078.jpg,97910,a870148a,\Gallery 47\03 - Karen (2)\,{Shemale Yum Dvd03~G47~03-2~03 - Karen (2)}
karenb079.jpg,91388,55962dac,\Gallery 47\03 - Karen (2)\,{Shemale Yum Dvd03~G47~03-2~03 - Karen (2)}
karenb080.jpg,81897,b8946ab2,\Gallery 47\03 - Karen (2)\,{Shemale Yum Dvd03~G47~03-2~03 - Karen (2)}
karenb081.jpg,84820,10309aea,\Gallery 47\03 - Karen (2)\,{Shemale Yum Dvd03~G47~03-2~03 - Karen (2)}
karenb082.jpg,83580,9896bbc0,\Gallery 47\03 - Karen (2)\,{Shemale Yum Dvd03~G47~03-2~03 - Karen (2)}
karenb083.jpg,91305,618bf884,\Gallery 47\03 - Karen (2)\,{Shemale Yum Dvd03~G47~03-2~03 - Karen (2)}
karenb084.jpg,85829,105fa74b,\Gallery 47\03 - Karen (2)\,{Shemale Yum Dvd03~G47~03-2~03 - Karen (2)}
karenb085.jpg,116062,56d7bce8,\Gallery 47\03 - Karen (2)\,{Shemale Yum Dvd03~G47~03-2~03 - Karen (2)}
karenb086.jpg,111990,7544e908,\Gallery 47\03 - Karen (2)\,{Shemale Yum Dvd03~G47~03-2~03 - Karen (2)}
karenb087.jpg,118407,88971c49,\Gallery 47\03 - Karen (2)\,{Shemale Yum Dvd03~G47~03-2~03 - Karen (2)}
karenb088.jpg,104817,36fdb505,\Gallery 47\03 - Karen (2)\,{Shemale Yum Dvd03~G47~03-2~03 - Karen (2)}
karenb089.jpg,116006,73ce98dc,\Gallery 47\03 - Karen (2)\,{Shemale Yum Dvd03~G47~03-2~03 - Karen (2)}
karenb090.jpg,104293,25a1c3d1,\Gallery 47\03 - Karen (2)\,{Shemale Yum Dvd03~G47~03-2~03 - Karen (2)}
karenb091.jpg,105806,bf3a6ccc,\Gallery 47\03 - Karen (2)\,{Shemale Yum Dvd03~G47~03-2~03 - Karen (2)}
karenb092.jpg,89481,36aed7e7,\Gallery 47\03 - Karen (2)\,{Shemale Yum Dvd03~G47~03-2~03 - Karen (2)}
karenc001.jpg,167633,5e1f80d2,\Gallery 47\03 - Karen (3)\,{Shemale Yum Dvd03~G47~03-3~03 - Karen (3)}
karenc002.jpg,201876,e740392c,\Gallery 47\03 - Karen (3)\,{Shemale Yum Dvd03~G47~03-3~03 - Karen (3)}
karenc003.jpg,142138,d08efe96,\Gallery 47\03 - Karen (3)\,{Shemale Yum Dvd03~G47~03-3~03 - Karen (3)}
karenc004.jpg,152607,38f4100b,\Gallery 47\03 - Karen (3)\,{Shemale Yum Dvd03~G47~03-3~03 - Karen (3)}
karenc005.jpg,178184,be71d535,\Gallery 47\03 - Karen (3)\,{Shemale Yum Dvd03~G47~03-3~03 - Karen (3)}
karenc006.jpg,153362,3bbfb417,\Gallery 47\03 - Karen (3)\,{Shemale Yum Dvd03~G47~03-3~03 - Karen (3)}
karenc007.jpg,148344,d3bdb97c,\Gallery 47\03 - Karen (3)\,{Shemale Yum Dvd03~G47~03-3~03 - Karen (3)}
karenc008.jpg,149919,fd859a7e,\Gallery 47\03 - Karen (3)\,{Shemale Yum Dvd03~G47~03-3~03 - Karen (3)}
karenc009.jpg,145442,7272798a,\Gallery 47\03 - Karen (3)\,{Shemale Yum Dvd03~G47~03-3~03 - Karen (3)}
karenc010.jpg,144526,5b8fb1b9,\Gallery 47\03 - Karen (3)\,{Shemale Yum Dvd03~G47~03-3~03 - Karen (3)}
karenc011.jpg,134761,84227639,\Gallery 47\03 - Karen (3)\,{Shemale Yum Dvd03~G47~03-3~03 - Karen (3)}
karenc012.jpg,128483,768a98c9,\Gallery 47\03 - Karen (3)\,{Shemale Yum Dvd03~G47~03-3~03 - Karen (3)}
karenc013.jpg,130456,2bd4c824,\Gallery 47\03 - Karen (3)\,{Shemale Yum Dvd03~G47~03-3~03 - Karen (3)}
karenc014.jpg,140403,c0cb1f6e,\Gallery 47\03 - Karen (3)\,{Shemale Yum Dvd03~G47~03-3~03 - Karen (3)}
karenc015.jpg,151245,d18c6018,\Gallery 47\03 - Karen (3)\,{Shemale Yum Dvd03~G47~03-3~03 - Karen (3)}
karenc016.jpg,158938,c11e7576,\Gallery 47\03 - Karen (3)\,{Shemale Yum Dvd03~G47~03-3~03 - Karen (3)}
karenc017.jpg,143219,2ffab971,\Gallery 47\03 - Karen (3)\,{Shemale Yum Dvd03~G47~03-3~03 - Karen (3)}
karenc018.jpg,101190,dbdc0228,\Gallery 47\03 - Karen (3)\,{Shemale Yum Dvd03~G47~03-3~03 - Karen (3)}
karenc019.jpg,98746,598ad44c,\Gallery 47\03 - Karen (3)\,{Shemale Yum Dvd03~G47~03-3~03 - Karen (3)}
karenc020.jpg,189307,9e2b1667,\Gallery 47\03 - Karen (3)\,{Shemale Yum Dvd03~G47~03-3~03 - Karen (3)}
karenc021.jpg,131561,cfcbb250,\Gallery 47\03 - Karen (3)\,{Shemale Yum Dvd03~G47~03-3~03 - Karen (3)}
karenc022.jpg,139214,45d8b583,\Gallery 47\03 - Karen (3)\,{Shemale Yum Dvd03~G47~03-3~03 - Karen (3)}
karenc023.jpg,135195,d516cc06,\Gallery 47\03 - Karen (3)\,{Shemale Yum Dvd03~G47~03-3~03 - Karen (3)}
karenc024.jpg,132324,38fe84ec,\Gallery 47\03 - Karen (3)\,{Shemale Yum Dvd03~G47~03-3~03 - Karen (3)}
karenc025.jpg,117447,74e93ba8,\Gallery 47\03 - Karen (3)\,{Shemale Yum Dvd03~G47~03-3~03 - Karen (3)}
karenc026.jpg,111245,826ad8ac,\Gallery 47\03 - Karen (3)\,{Shemale Yum Dvd03~G47~03-3~03 - Karen (3)}
karenc027.jpg,136131,3308e9df,\Gallery 47\03 - Karen (3)\,{Shemale Yum Dvd03~G47~03-3~03 - Karen (3)}
karenc028.jpg,129570,8ce41f0d,\Gallery 47\03 - Karen (3)\,{Shemale Yum Dvd03~G47~03-3~03 - Karen (3)}
karenc029.jpg,130196,eeed2c5e,\Gallery 47\03 - Karen (3)\,{Shemale Yum Dvd03~G47~03-3~03 - Karen (3)}
karenc030.jpg,124813,19198202,\Gallery 47\03 - Karen (3)\,{Shemale Yum Dvd03~G47~03-3~03 - Karen (3)}
karenc031.jpg,128312,63c96f4a,\Gallery 47\03 - Karen (3)\,{Shemale Yum Dvd03~G47~03-3~03 - Karen (3)}
karenc032.jpg,174972,1d9e85da,\Gallery 47\03 - Karen (3)\,{Shemale Yum Dvd03~G47~03-3~03 - Karen (3)}
karenc033.jpg,126037,b2264d4d,\Gallery 47\03 - Karen (3)\,{Shemale Yum Dvd03~G47~03-3~03 - Karen (3)}
karenc034.jpg,132873,c805911d,\Gallery 47\03 - Karen (3)\,{Shemale Yum Dvd03~G47~03-3~03 - Karen (3)}
karenc035.jpg,144467,ba267bc6,\Gallery 47\03 - Karen (3)\,{Shemale Yum Dvd03~G47~03-3~03 - Karen (3)}
karenc036.jpg,140335,39930856,\Gallery 47\03 - Karen (3)\,{Shemale Yum Dvd03~G47~03-3~03 - Karen (3)}
karenc037.jpg,136354,950278bf,\Gallery 47\03 - Karen (3)\,{Shemale Yum Dvd03~G47~03-3~03 - Karen (3)}
karenc038.jpg,129512,58c9eb65,\Gallery 47\03 - Karen (3)\,{Shemale Yum Dvd03~G47~03-3~03 - Karen (3)}
karenc039.jpg,140971,c0cf8a5c,\Gallery 47\03 - Karen (3)\,{Shemale Yum Dvd03~G47~03-3~03 - Karen (3)}
karenc040.jpg,148876,97bde5d0,\Gallery 47\03 - Karen (3)\,{Shemale Yum Dvd03~G47~03-3~03 - Karen (3)}
karenc041.jpg,145024,dea56d4c,\Gallery 47\03 - Karen (3)\,{Shemale Yum Dvd03~G47~03-3~03 - Karen (3)}
karenc042.jpg,171477,683f6db8,\Gallery 47\03 - Karen (3)\,{Shemale Yum Dvd03~G47~03-3~03 - Karen (3)}
karenc043.jpg,165669,2aac03dc,\Gallery 47\03 - Karen (3)\,{Shemale Yum Dvd03~G47~03-3~03 - Karen (3)}
karenc044.jpg,154725,451322c9,\Gallery 47\03 - Karen (3)\,{Shemale Yum Dvd03~G47~03-3~03 - Karen (3)}
karenc045.jpg,131164,3c6de4ca,\Gallery 47\03 - Karen (3)\,{Shemale Yum Dvd03~G47~03-3~03 - Karen (3)}
karenc046.jpg,127910,6077cacb,\Gallery 47\03 - Karen (3)\,{Shemale Yum Dvd03~G47~03-3~03 - Karen (3)}
karenc047.jpg,151106,aec933bc,\Gallery 47\03 - Karen (3)\,{Shemale Yum Dvd03~G47~03-3~03 - Karen (3)}
karenc048.jpg,184142,855c1dd5,\Gallery 47\03 - Karen (3)\,{Shemale Yum Dvd03~G47~03-3~03 - Karen (3)}
karenc049.jpg,176780,51068ce8,\Gallery 47\03 - Karen (3)\,{Shemale Yum Dvd03~G47~03-3~03 - Karen (3)}
karenc050.jpg,183740,af4dd1f5,\Gallery 47\03 - Karen (3)\,{Shemale Yum Dvd03~G47~03-3~03 - Karen (3)}
karenc051.jpg,139843,d96eca6f,\Gallery 47\03 - Karen (3)\,{Shemale Yum Dvd03~G47~03-3~03 - Karen (3)}
karenc052.jpg,149761,d21d56dd,\Gallery 47\03 - Karen (3)\,{Shemale Yum Dvd03~G47~03-3~03 - Karen (3)}
karenc053.jpg,146431,5531244c,\Gallery 47\03 - Karen (3)\,{Shemale Yum Dvd03~G47~03-3~03 - Karen (3)}
karenc054.jpg,164588,6f43df22,\Gallery 47\03 - Karen (3)\,{Shemale Yum Dvd03~G47~03-3~03 - Karen (3)}
karenc055.jpg,141049,3b2341b2,\Gallery 47\03 - Karen (3)\,{Shemale Yum Dvd03~G47~03-3~03 - Karen (3)}
karenc056.jpg,134964,bd3c6d84,\Gallery 47\03 - Karen (3)\,{Shemale Yum Dvd03~G47~03-3~03 - Karen (3)}
karenc057.jpg,143943,fc0b7557,\Gallery 47\03 - Karen (3)\,{Shemale Yum Dvd03~G47~03-3~03 - Karen (3)}
karenc058.jpg,139794,e583d7f8,\Gallery 47\03 - Karen (3)\,{Shemale Yum Dvd03~G47~03-3~03 - Karen (3)}
karenc059.jpg,135787,1b12ddf2,\Gallery 47\03 - Karen (3)\,{Shemale Yum Dvd03~G47~03-3~03 - Karen (3)}
karenc060.jpg,160075,6cd44ca7,\Gallery 47\03 - Karen (3)\,{Shemale Yum Dvd03~G47~03-3~03 - Karen (3)}
karenc061.jpg,137275,c95c9395,\Gallery 47\03 - Karen (3)\,{Shemale Yum Dvd03~G47~03-3~03 - Karen (3)}
karenc062.jpg,174047,346bcf54,\Gallery 47\03 - Karen (3)\,{Shemale Yum Dvd03~G47~03-3~03 - Karen (3)}
karenc063.jpg,133585,24cae15a,\Gallery 47\03 - Karen (3)\,{Shemale Yum Dvd03~G47~03-3~03 - Karen (3)}
karenc064.jpg,142372,dbf6df97,\Gallery 47\03 - Karen (3)\,{Shemale Yum Dvd03~G47~03-3~03 - Karen (3)}
karenc065.jpg,136824,70f11845,\Gallery 47\03 - Karen (3)\,{Shemale Yum Dvd03~G47~03-3~03 - Karen (3)}
karenc066.jpg,137489,a6cb8ae1,\Gallery 47\03 - Karen (3)\,{Shemale Yum Dvd03~G47~03-3~03 - Karen (3)}
karenc067.jpg,137764,9dfe3e24,\Gallery 47\03 - Karen (3)\,{Shemale Yum Dvd03~G47~03-3~03 - Karen (3)}
karenc068.jpg,122742,29e2b801,\Gallery 47\03 - Karen (3)\,{Shemale Yum Dvd03~G47~03-3~03 - Karen (3)}
karenc069.jpg,118440,e73b7f31,\Gallery 47\03 - Karen (3)\,{Shemale Yum Dvd03~G47~03-3~03 - Karen (3)}
karenc070.jpg,129024,58c19864,\Gallery 47\03 - Karen (3)\,{Shemale Yum Dvd03~G47~03-3~03 - Karen (3)}
karenc071.jpg,125251,191d3d88,\Gallery 47\03 - Karen (3)\,{Shemale Yum Dvd03~G47~03-3~03 - Karen (3)}
karenc072.jpg,131465,a7e82688,\Gallery 47\03 - Karen (3)\,{Shemale Yum Dvd03~G47~03-3~03 - Karen (3)}
karenc073.jpg,121864,d0a93f73,\Gallery 47\03 - Karen (3)\,{Shemale Yum Dvd03~G47~03-3~03 - Karen (3)}
karenc074.jpg,141315,fc0b1bca,\Gallery 47\03 - Karen (3)\,{Shemale Yum Dvd03~G47~03-3~03 - Karen (3)}
karenc075.jpg,129506,f0327e0b,\Gallery 47\03 - Karen (3)\,{Shemale Yum Dvd03~G47~03-3~03 - Karen (3)}
karenc076.jpg,114865,d3f90dea,\Gallery 47\03 - Karen (3)\,{Shemale Yum Dvd03~G47~03-3~03 - Karen (3)}
karenc077.jpg,115295,64425f95,\Gallery 47\03 - Karen (3)\,{Shemale Yum Dvd03~G47~03-3~03 - Karen (3)}
karenc078.jpg,120448,dd70b413,\Gallery 47\03 - Karen (3)\,{Shemale Yum Dvd03~G47~03-3~03 - Karen (3)}
karenc079.jpg,117145,ad40d78f,\Gallery 47\03 - Karen (3)\,{Shemale Yum Dvd03~G47~03-3~03 - Karen (3)}
karenc080.jpg,120738,9baf1473,\Gallery 47\03 - Karen (3)\,{Shemale Yum Dvd03~G47~03-3~03 - Karen (3)}
karenc081.jpg,122887,6c681a89,\Gallery 47\03 - Karen (3)\,{Shemale Yum Dvd03~G47~03-3~03 - Karen (3)}
karenc082.jpg,102791,81dbe9d6,\Gallery 47\03 - Karen (3)\,{Shemale Yum Dvd03~G47~03-3~03 - Karen (3)}
karenc083.jpg,117959,a759803e,\Gallery 47\03 - Karen (3)\,{Shemale Yum Dvd03~G47~03-3~03 - Karen (3)}
karenc084.jpg,122119,a3994716,\Gallery 47\03 - Karen (3)\,{Shemale Yum Dvd03~G47~03-3~03 - Karen (3)}
karenc085.jpg,120997,0450f0e7,\Gallery 47\03 - Karen (3)\,{Shemale Yum Dvd03~G47~03-3~03 - Karen (3)}
karenc086.jpg,120314,dd1ec999,\Gallery 47\03 - Karen (3)\,{Shemale Yum Dvd03~G47~03-3~03 - Karen (3)}
karenc087.jpg,121709,edfa950c,\Gallery 47\03 - Karen (3)\,{Shemale Yum Dvd03~G47~03-3~03 - Karen (3)}
karenc088.jpg,122077,159164ef,\Gallery 47\03 - Karen (3)\,{Shemale Yum Dvd03~G47~03-3~03 - Karen (3)}
karenc089.jpg,122713,43661f44,\Gallery 47\03 - Karen (3)\,{Shemale Yum Dvd03~G47~03-3~03 - Karen (3)}
karenc090.jpg,119684,edd1fd7a,\Gallery 47\03 - Karen (3)\,{Shemale Yum Dvd03~G47~03-3~03 - Karen (3)}
karenc091.jpg,120146,e68d8cfc,\Gallery 47\03 - Karen (3)\,{Shemale Yum Dvd03~G47~03-3~03 - Karen (3)}
karenc092.jpg,142149,7b14ba3c,\Gallery 47\03 - Karen (3)\,{Shemale Yum Dvd03~G47~03-3~03 - Karen (3)}
karenc093.jpg,122790,f9ce98e0,\Gallery 47\03 - Karen (3)\,{Shemale Yum Dvd03~G47~03-3~03 - Karen (3)}
karenc094.jpg,128482,5cdd9336,\Gallery 47\03 - Karen (3)\,{Shemale Yum Dvd03~G47~03-3~03 - Karen (3)}
karenc095.jpg,113042,3ca32223,\Gallery 47\03 - Karen (3)\,{Shemale Yum Dvd03~G47~03-3~03 - Karen (3)}
karenc096.jpg,127775,7cb5f17d,\Gallery 47\03 - Karen (3)\,{Shemale Yum Dvd03~G47~03-3~03 - Karen (3)}
karenc097.jpg,132699,575cd778,\Gallery 47\03 - Karen (3)\,{Shemale Yum Dvd03~G47~03-3~03 - Karen (3)}
karenc098.jpg,125494,f73f9e8d,\Gallery 47\03 - Karen (3)\,{Shemale Yum Dvd03~G47~03-3~03 - Karen (3)}
karenc099.jpg,122442,07898a95,\Gallery 47\03 - Karen (3)\,{Shemale Yum Dvd03~G47~03-3~03 - Karen (3)}
karenc100.jpg,128281,447d3bbf,\Gallery 47\03 - Karen (3)\,{Shemale Yum Dvd03~G47~03-3~03 - Karen (3)}
octavia2001.jpg,140555,b3df4e9e,\Gallery 47\04 - Keyle\,{Shemale Yum Dvd03~G47~04~04 - Keyle}
octavia2002.jpg,129228,dfb7d332,\Gallery 47\04 - Keyle\,{Shemale Yum Dvd03~G47~04~04 - Keyle}
octavia2004.jpg,158979,7d3a1ce9,\Gallery 47\04 - Keyle\,{Shemale Yum Dvd03~G47~04~04 - Keyle}
octavia2005.jpg,154534,d2602339,\Gallery 47\04 - Keyle\,{Shemale Yum Dvd03~G47~04~04 - Keyle}
octavia2006.jpg,141854,f3735a08,\Gallery 47\04 - Keyle\,{Shemale Yum Dvd03~G47~04~04 - Keyle}
octavia2007.jpg,141170,e35e1cd2,\Gallery 47\04 - Keyle\,{Shemale Yum Dvd03~G47~04~04 - Keyle}
octavia2008.jpg,141125,2a81aa71,\Gallery 47\04 - Keyle\,{Shemale Yum Dvd03~G47~04~04 - Keyle}
octavia2010.jpg,162993,c1f19cfb,\Gallery 47\04 - Keyle\,{Shemale Yum Dvd03~G47~04~04 - Keyle}
octavia2011.jpg,147328,11b73fe4,\Gallery 47\04 - Keyle\,{Shemale Yum Dvd03~G47~04~04 - Keyle}
octavia2013.jpg,175529,04e1e88d,\Gallery 47\04 - Keyle\,{Shemale Yum Dvd03~G47~04~04 - Keyle}
octavia2016.jpg,166856,7e4ab899,\Gallery 47\04 - Keyle\,{Shemale Yum Dvd03~G47~04~04 - Keyle}
octavia2017.jpg,110148,bde20757,\Gallery 47\04 - Keyle\,{Shemale Yum Dvd03~G47~04~04 - Keyle}
octavia2019.jpg,117502,84b73f47,\Gallery 47\04 - Keyle\,{Shemale Yum Dvd03~G47~04~04 - Keyle}
octavia2022.jpg,137893,12a571f5,\Gallery 47\04 - Keyle\,{Shemale Yum Dvd03~G47~04~04 - Keyle}
octavia2023.jpg,134101,4dbc6c67,\Gallery 47\04 - Keyle\,{Shemale Yum Dvd03~G47~04~04 - Keyle}
octavia2024.jpg,137057,21648334,\Gallery 47\04 - Keyle\,{Shemale Yum Dvd03~G47~04~04 - Keyle}
octavia2025.jpg,134913,8cff2763,\Gallery 47\04 - Keyle\,{Shemale Yum Dvd03~G47~04~04 - Keyle}
octavia2027.jpg,121551,b6fa01d5,\Gallery 47\04 - Keyle\,{Shemale Yum Dvd03~G47~04~04 - Keyle}
octavia2028.jpg,119158,c0de4207,\Gallery 47\04 - Keyle\,{Shemale Yum Dvd03~G47~04~04 - Keyle}
octavia2029.jpg,121269,17fcc8eb,\Gallery 47\04 - Keyle\,{Shemale Yum Dvd03~G47~04~04 - Keyle}
octavia2030.jpg,139409,0db812a3,\Gallery 47\04 - Keyle\,{Shemale Yum Dvd03~G47~04~04 - Keyle}
octavia2031.jpg,119665,d6c1d30c,\Gallery 47\04 - Keyle\,{Shemale Yum Dvd03~G47~04~04 - Keyle}
octavia2032.jpg,133525,fd452a93,\Gallery 47\04 - Keyle\,{Shemale Yum Dvd03~G47~04~04 - Keyle}
octavia2033.jpg,141774,08f2d70e,\Gallery 47\04 - Keyle\,{Shemale Yum Dvd03~G47~04~04 - Keyle}
octavia2034.jpg,131315,cf792da1,\Gallery 47\04 - Keyle\,{Shemale Yum Dvd03~G47~04~04 - Keyle}
octavia2035.jpg,139384,92135e9e,\Gallery 47\04 - Keyle\,{Shemale Yum Dvd03~G47~04~04 - Keyle}
octavia2036.jpg,141009,d11eac1d,\Gallery 47\04 - Keyle\,{Shemale Yum Dvd03~G47~04~04 - Keyle}
octavia2037.jpg,138399,dc0059fb,\Gallery 47\04 - Keyle\,{Shemale Yum Dvd03~G47~04~04 - Keyle}
octavia2038.jpg,136121,eea40fa4,\Gallery 47\04 - Keyle\,{Shemale Yum Dvd03~G47~04~04 - Keyle}
octavia2039.jpg,130748,e04c4e88,\Gallery 47\04 - Keyle\,{Shemale Yum Dvd03~G47~04~04 - Keyle}
octavia2040.jpg,126219,e11ffd00,\Gallery 47\04 - Keyle\,{Shemale Yum Dvd03~G47~04~04 - Keyle}
octavia2041.jpg,143314,d98970d7,\Gallery 47\04 - Keyle\,{Shemale Yum Dvd03~G47~04~04 - Keyle}
octavia2042.jpg,144577,39647c0a,\Gallery 47\04 - Keyle\,{Shemale Yum Dvd03~G47~04~04 - Keyle}
octavia2043.jpg,149411,d2b4ad89,\Gallery 47\04 - Keyle\,{Shemale Yum Dvd03~G47~04~04 - Keyle}
octavia2044.jpg,135107,a746e7e4,\Gallery 47\04 - Keyle\,{Shemale Yum Dvd03~G47~04~04 - Keyle}
octavia2045.jpg,131858,da4967ed,\Gallery 47\04 - Keyle\,{Shemale Yum Dvd03~G47~04~04 - Keyle}
octavia2046.jpg,141210,e2bb5e3a,\Gallery 47\04 - Keyle\,{Shemale Yum Dvd03~G47~04~04 - Keyle}
octavia2047.jpg,138659,23a0445e,\Gallery 47\04 - Keyle\,{Shemale Yum Dvd03~G47~04~04 - Keyle}
octavia2048.jpg,138503,4e991806,\Gallery 47\04 - Keyle\,{Shemale Yum Dvd03~G47~04~04 - Keyle}
octavia2049.jpg,145701,065b4083,\Gallery 47\04 - Keyle\,{Shemale Yum Dvd03~G47~04~04 - Keyle}
octavia2050.jpg,137206,f2651aa9,\Gallery 47\04 - Keyle\,{Shemale Yum Dvd03~G47~04~04 - Keyle}
octavia2051.jpg,127426,6c2472d0,\Gallery 47\04 - Keyle\,{Shemale Yum Dvd03~G47~04~04 - Keyle}
octavia2052.jpg,142957,c0b660bd,\Gallery 47\04 - Keyle\,{Shemale Yum Dvd03~G47~04~04 - Keyle}
octavia2053.jpg,159706,994d04f2,\Gallery 47\04 - Keyle\,{Shemale Yum Dvd03~G47~04~04 - Keyle}
octavia2054.jpg,126952,1d9c4dba,\Gallery 47\04 - Keyle\,{Shemale Yum Dvd03~G47~04~04 - Keyle}
octavia2055.jpg,134485,267e7315,\Gallery 47\04 - Keyle\,{Shemale Yum Dvd03~G47~04~04 - Keyle}
octavia2056.jpg,136879,62bd26d4,\Gallery 47\04 - Keyle\,{Shemale Yum Dvd03~G47~04~04 - Keyle}
octavia2057.jpg,131583,49c091ff,\Gallery 47\04 - Keyle\,{Shemale Yum Dvd03~G47~04~04 - Keyle}
octavia2058.jpg,127672,92ecb9dd,\Gallery 47\04 - Keyle\,{Shemale Yum Dvd03~G47~04~04 - Keyle}
octavia2059.jpg,133794,946353b3,\Gallery 47\04 - Keyle\,{Shemale Yum Dvd03~G47~04~04 - Keyle}
octavia2060.jpg,136808,febd870e,\Gallery 47\04 - Keyle\,{Shemale Yum Dvd03~G47~04~04 - Keyle}
octavia2061.jpg,148757,0226a898,\Gallery 47\04 - Keyle\,{Shemale Yum Dvd03~G47~04~04 - Keyle}
octavia2062.jpg,135645,2b1e15ac,\Gallery 47\04 - Keyle\,{Shemale Yum Dvd03~G47~04~04 - Keyle}
octavia2063.jpg,131441,1fd5f386,\Gallery 47\04 - Keyle\,{Shemale Yum Dvd03~G47~04~04 - Keyle}
octavia2064.jpg,127023,284ac762,\Gallery 47\04 - Keyle\,{Shemale Yum Dvd03~G47~04~04 - Keyle}
octavia2065.jpg,135238,86edff20,\Gallery 47\04 - Keyle\,{Shemale Yum Dvd03~G47~04~04 - Keyle}
octavia2066.jpg,140195,205e44b0,\Gallery 47\04 - Keyle\,{Shemale Yum Dvd03~G47~04~04 - Keyle}
octavia2067.jpg,136940,8c887df2,\Gallery 47\04 - Keyle\,{Shemale Yum Dvd03~G47~04~04 - Keyle}
octavia2068.jpg,133139,42572283,\Gallery 47\04 - Keyle\,{Shemale Yum Dvd03~G47~04~04 - Keyle}
octavia2069.jpg,142624,2ad0cdeb,\Gallery 47\04 - Keyle\,{Shemale Yum Dvd03~G47~04~04 - Keyle}
octavia2070.jpg,137250,1090fc6c,\Gallery 47\04 - Keyle\,{Shemale Yum Dvd03~G47~04~04 - Keyle}
octavia2071.jpg,136922,a7705e99,\Gallery 47\04 - Keyle\,{Shemale Yum Dvd03~G47~04~04 - Keyle}
octavia2072.jpg,133382,fdade2bf,\Gallery 47\04 - Keyle\,{Shemale Yum Dvd03~G47~04~04 - Keyle}
octavia2073.jpg,134938,ef3a63ae,\Gallery 47\04 - Keyle\,{Shemale Yum Dvd03~G47~04~04 - Keyle}
octavia2074.jpg,132700,3d55b0dc,\Gallery 47\04 - Keyle\,{Shemale Yum Dvd03~G47~04~04 - Keyle}
octavia2076.jpg,119629,82d672c8,\Gallery 47\04 - Keyle\,{Shemale Yum Dvd03~G47~04~04 - Keyle}
octavia2077.jpg,134840,589e2a07,\Gallery 47\04 - Keyle\,{Shemale Yum Dvd03~G47~04~04 - Keyle}
octavia2078.jpg,134558,ee1625af,\Gallery 47\04 - Keyle\,{Shemale Yum Dvd03~G47~04~04 - Keyle}
octavia2079.jpg,133510,46ab402c,\Gallery 47\04 - Keyle\,{Shemale Yum Dvd03~G47~04~04 - Keyle}
octavia2080.jpg,133383,d5e6aeed,\Gallery 47\04 - Keyle\,{Shemale Yum Dvd03~G47~04~04 - Keyle}
octavia2081.jpg,128324,24748736,\Gallery 47\04 - Keyle\,{Shemale Yum Dvd03~G47~04~04 - Keyle}
octavia2083.jpg,135612,df6748c3,\Gallery 47\04 - Keyle\,{Shemale Yum Dvd03~G47~04~04 - Keyle}
octavia2084.jpg,130522,9c8e43a1,\Gallery 47\04 - Keyle\,{Shemale Yum Dvd03~G47~04~04 - Keyle}
octavia2085.jpg,134634,4d126de1,\Gallery 47\04 - Keyle\,{Shemale Yum Dvd03~G47~04~04 - Keyle}
octavia2086.jpg,139473,ba679c6d,\Gallery 47\04 - Keyle\,{Shemale Yum Dvd03~G47~04~04 - Keyle}
octavia2087.jpg,141775,fb257bdc,\Gallery 47\04 - Keyle\,{Shemale Yum Dvd03~G47~04~04 - Keyle}
octavia2088.jpg,134186,1cb723dc,\Gallery 47\04 - Keyle\,{Shemale Yum Dvd03~G47~04~04 - Keyle}
octavia2089.jpg,138219,10667f63,\Gallery 47\04 - Keyle\,{Shemale Yum Dvd03~G47~04~04 - Keyle}
octavia2090.jpg,119688,2280ea89,\Gallery 47\04 - Keyle\,{Shemale Yum Dvd03~G47~04~04 - Keyle}
octavia2091.jpg,142005,27b75bed,\Gallery 47\04 - Keyle\,{Shemale Yum Dvd03~G47~04~04 - Keyle}
octavia2092.jpg,123860,710a9759,\Gallery 47\04 - Keyle\,{Shemale Yum Dvd03~G47~04~04 - Keyle}
octavia2093.jpg,126646,bc84c7b2,\Gallery 47\04 - Keyle\,{Shemale Yum Dvd03~G47~04~04 - Keyle}
octavia2094.jpg,120528,6575f74c,\Gallery 47\04 - Keyle\,{Shemale Yum Dvd03~G47~04~04 - Keyle}
octavia2095.jpg,134200,b1c04486,\Gallery 47\04 - Keyle\,{Shemale Yum Dvd03~G47~04~04 - Keyle}
octavia2096.jpg,139855,43124e10,\Gallery 47\04 - Keyle\,{Shemale Yum Dvd03~G47~04~04 - Keyle}
octavia2097.jpg,128437,de684915,\Gallery 47\04 - Keyle\,{Shemale Yum Dvd03~G47~04~04 - Keyle}
octavia2098.jpg,139111,ce2914bc,\Gallery 47\04 - Keyle\,{Shemale Yum Dvd03~G47~04~04 - Keyle}
octavia2099.jpg,134595,57a74b4c,\Gallery 47\04 - Keyle\,{Shemale Yum Dvd03~G47~04~04 - Keyle}
octavia2100.jpg,142850,c05496e4,\Gallery 47\04 - Keyle\,{Shemale Yum Dvd03~G47~04~04 - Keyle}
octavia2101.jpg,124658,65677a46,\Gallery 47\04 - Keyle\,{Shemale Yum Dvd03~G47~04~04 - Keyle}
octavia2102.jpg,128543,5436fa2d,\Gallery 47\04 - Keyle\,{Shemale Yum Dvd03~G47~04~04 - Keyle}
octavia2103.jpg,131153,69b6c215,\Gallery 47\04 - Keyle\,{Shemale Yum Dvd03~G47~04~04 - Keyle}
octavia2105.jpg,138140,e5375fb5,\Gallery 47\04 - Keyle\,{Shemale Yum Dvd03~G47~04~04 - Keyle}
octavia2106.jpg,121249,de037a5a,\Gallery 47\04 - Keyle\,{Shemale Yum Dvd03~G47~04~04 - Keyle}
octavia2107.jpg,132051,fb09df39,\Gallery 47\04 - Keyle\,{Shemale Yum Dvd03~G47~04~04 - Keyle}
octavia2109.jpg,129785,eda1d681,\Gallery 47\04 - Keyle\,{Shemale Yum Dvd03~G47~04~04 - Keyle}
octavia2110.jpg,141220,b52ee7c0,\Gallery 47\04 - Keyle\,{Shemale Yum Dvd03~G47~04~04 - Keyle}
keyle001.jpg,193636,39e1bd6e,\Gallery 47\04 - Keyle (2)\,{Shemale Yum Dvd03~G47~04-2~04 - Keyle (2)}
keyle002.jpg,141012,502c302f,\Gallery 47\04 - Keyle (2)\,{Shemale Yum Dvd03~G47~04-2~04 - Keyle (2)}
keyle003.jpg,186266,205851bc,\Gallery 47\04 - Keyle (2)\,{Shemale Yum Dvd03~G47~04-2~04 - Keyle (2)}
keyle004.jpg,185621,3ba53997,\Gallery 47\04 - Keyle (2)\,{Shemale Yum Dvd03~G47~04-2~04 - Keyle (2)}
keyle005.jpg,140369,4e88dafe,\Gallery 47\04 - Keyle (2)\,{Shemale Yum Dvd03~G47~04-2~04 - Keyle (2)}
keyle006.jpg,170667,8ca4f452,\Gallery 47\04 - Keyle (2)\,{Shemale Yum Dvd03~G47~04-2~04 - Keyle (2)}
keyle007.jpg,178690,8b1974ea,\Gallery 47\04 - Keyle (2)\,{Shemale Yum Dvd03~G47~04-2~04 - Keyle (2)}
keyle008.jpg,167278,35e10cb5,\Gallery 47\04 - Keyle (2)\,{Shemale Yum Dvd03~G47~04-2~04 - Keyle (2)}
keyle009.jpg,167022,f5734278,\Gallery 47\04 - Keyle (2)\,{Shemale Yum Dvd03~G47~04-2~04 - Keyle (2)}
keyle010.jpg,185730,d2d91658,\Gallery 47\04 - Keyle (2)\,{Shemale Yum Dvd03~G47~04-2~04 - Keyle (2)}
keyle011.jpg,168843,2bcefbe8,\Gallery 47\04 - Keyle (2)\,{Shemale Yum Dvd03~G47~04-2~04 - Keyle (2)}
keyle012.jpg,177978,6ae965e1,\Gallery 47\04 - Keyle (2)\,{Shemale Yum Dvd03~G47~04-2~04 - Keyle (2)}
keyle013.jpg,165946,98bd969c,\Gallery 47\04 - Keyle (2)\,{Shemale Yum Dvd03~G47~04-2~04 - Keyle (2)}
keyle014.jpg,195421,5541ce24,\Gallery 47\04 - Keyle (2)\,{Shemale Yum Dvd03~G47~04-2~04 - Keyle (2)}
keyle015.jpg,175836,a9813ba5,\Gallery 47\04 - Keyle (2)\,{Shemale Yum Dvd03~G47~04-2~04 - Keyle (2)}
keyle016.jpg,166655,4c5e7ab4,\Gallery 47\04 - Keyle (2)\,{Shemale Yum Dvd03~G47~04-2~04 - Keyle (2)}
keyle017.jpg,170002,0d81074e,\Gallery 47\04 - Keyle (2)\,{Shemale Yum Dvd03~G47~04-2~04 - Keyle (2)}
keyle018.jpg,188402,59c605c0,\Gallery 47\04 - Keyle (2)\,{Shemale Yum Dvd03~G47~04-2~04 - Keyle (2)}
keyle019.jpg,171150,978b98c9,\Gallery 47\04 - Keyle (2)\,{Shemale Yum Dvd03~G47~04-2~04 - Keyle (2)}
keyle020.jpg,174844,002385eb,\Gallery 47\04 - Keyle (2)\,{Shemale Yum Dvd03~G47~04-2~04 - Keyle (2)}
keyle021.jpg,186037,a2150a3b,\Gallery 47\04 - Keyle (2)\,{Shemale Yum Dvd03~G47~04-2~04 - Keyle (2)}
keyle022.jpg,194227,5fd3552d,\Gallery 47\04 - Keyle (2)\,{Shemale Yum Dvd03~G47~04-2~04 - Keyle (2)}
keyle023.jpg,187207,f708776e,\Gallery 47\04 - Keyle (2)\,{Shemale Yum Dvd03~G47~04-2~04 - Keyle (2)}
keyle024.jpg,195208,188b896f,\Gallery 47\04 - Keyle (2)\,{Shemale Yum Dvd03~G47~04-2~04 - Keyle (2)}
keyle025.jpg,184607,29fb7804,\Gallery 47\04 - Keyle (2)\,{Shemale Yum Dvd03~G47~04-2~04 - Keyle (2)}
keyle026.jpg,170249,8be6462f,\Gallery 47\04 - Keyle (2)\,{Shemale Yum Dvd03~G47~04-2~04 - Keyle (2)}
keyle027.jpg,184299,04641f34,\Gallery 47\04 - Keyle (2)\,{Shemale Yum Dvd03~G47~04-2~04 - Keyle (2)}
keyle028.jpg,177472,cc30934d,\Gallery 47\04 - Keyle (2)\,{Shemale Yum Dvd03~G47~04-2~04 - Keyle (2)}
keyle029.jpg,168994,efca95c5,\Gallery 47\04 - Keyle (2)\,{Shemale Yum Dvd03~G47~04-2~04 - Keyle (2)}
keyle030.jpg,168515,1bd64d06,\Gallery 47\04 - Keyle (2)\,{Shemale Yum Dvd03~G47~04-2~04 - Keyle (2)}
keyle031.jpg,167237,4c9a760f,\Gallery 47\04 - Keyle (2)\,{Shemale Yum Dvd03~G47~04-2~04 - Keyle (2)}
keyle032.jpg,171785,12a98e19,\Gallery 47\04 - Keyle (2)\,{Shemale Yum Dvd03~G47~04-2~04 - Keyle (2)}
keyle033.jpg,172639,5c54e73c,\Gallery 47\04 - Keyle (2)\,{Shemale Yum Dvd03~G47~04-2~04 - Keyle (2)}
keyle034.jpg,168569,7dc2f7ea,\Gallery 47\04 - Keyle (2)\,{Shemale Yum Dvd03~G47~04-2~04 - Keyle (2)}
keyle035.jpg,194412,5e913e17,\Gallery 47\04 - Keyle (2)\,{Shemale Yum Dvd03~G47~04-2~04 - Keyle (2)}
keyle036.jpg,174387,7b21c4ce,\Gallery 47\04 - Keyle (2)\,{Shemale Yum Dvd03~G47~04-2~04 - Keyle (2)}
keyle037.jpg,183285,c6380805,\Gallery 47\04 - Keyle (2)\,{Shemale Yum Dvd03~G47~04-2~04 - Keyle (2)}
keyle038.jpg,179991,313070f6,\Gallery 47\04 - Keyle (2)\,{Shemale Yum Dvd03~G47~04-2~04 - Keyle (2)}
keyle039.jpg,186754,b427935a,\Gallery 47\04 - Keyle (2)\,{Shemale Yum Dvd03~G47~04-2~04 - Keyle (2)}
keyle040.jpg,178135,1380f0da,\Gallery 47\04 - Keyle (2)\,{Shemale Yum Dvd03~G47~04-2~04 - Keyle (2)}
keyle041.jpg,167727,9523240c,\Gallery 47\04 - Keyle (2)\,{Shemale Yum Dvd03~G47~04-2~04 - Keyle (2)}
keyle042.jpg,188867,440cb4b3,\Gallery 47\04 - Keyle (2)\,{Shemale Yum Dvd03~G47~04-2~04 - Keyle (2)}
keyle043.jpg,194842,35783782,\Gallery 47\04 - Keyle (2)\,{Shemale Yum Dvd03~G47~04-2~04 - Keyle (2)}
keyle044.jpg,172976,5b8e9309,\Gallery 47\04 - Keyle (2)\,{Shemale Yum Dvd03~G47~04-2~04 - Keyle (2)}
keyle045.jpg,170207,b1e98bf2,\Gallery 47\04 - Keyle (2)\,{Shemale Yum Dvd03~G47~04-2~04 - Keyle (2)}
keyle046.jpg,173806,bb38302c,\Gallery 47\04 - Keyle (2)\,{Shemale Yum Dvd03~G47~04-2~04 - Keyle (2)}
keyle047.jpg,147685,170c5622,\Gallery 47\04 - Keyle (2)\,{Shemale Yum Dvd03~G47~04-2~04 - Keyle (2)}
keyle048.jpg,175586,d548dc0d,\Gallery 47\04 - Keyle (2)\,{Shemale Yum Dvd03~G47~04-2~04 - Keyle (2)}
keyle049.jpg,183366,b8a1c945,\Gallery 47\04 - Keyle (2)\,{Shemale Yum Dvd03~G47~04-2~04 - Keyle (2)}
keyle050.jpg,181746,ca8c5f9a,\Gallery 47\04 - Keyle (2)\,{Shemale Yum Dvd03~G47~04-2~04 - Keyle (2)}
keyle051.jpg,175729,42ba5d6f,\Gallery 47\04 - Keyle (2)\,{Shemale Yum Dvd03~G47~04-2~04 - Keyle (2)}
keyle052.jpg,190535,66329319,\Gallery 47\04 - Keyle (2)\,{Shemale Yum Dvd03~G47~04-2~04 - Keyle (2)}
keyle053.jpg,176931,06f55c79,\Gallery 47\04 - Keyle (2)\,{Shemale Yum Dvd03~G47~04-2~04 - Keyle (2)}
keyle054.jpg,169212,63c5e839,\Gallery 47\04 - Keyle (2)\,{Shemale Yum Dvd03~G47~04-2~04 - Keyle (2)}
keyle055.jpg,184531,2bf73c47,\Gallery 47\04 - Keyle (2)\,{Shemale Yum Dvd03~G47~04-2~04 - Keyle (2)}
keyle056.jpg,170208,2848caf2,\Gallery 47\04 - Keyle (2)\,{Shemale Yum Dvd03~G47~04-2~04 - Keyle (2)}
keyle057.jpg,144553,02d43cf4,\Gallery 47\04 - Keyle (2)\,{Shemale Yum Dvd03~G47~04-2~04 - Keyle (2)}
keyle058.jpg,151877,233be55c,\Gallery 47\04 - Keyle (2)\,{Shemale Yum Dvd03~G47~04-2~04 - Keyle (2)}
keyle059.jpg,184729,2573df7c,\Gallery 47\04 - Keyle (2)\,{Shemale Yum Dvd03~G47~04-2~04 - Keyle (2)}
keyle060.jpg,175358,740e93d1,\Gallery 47\04 - Keyle (2)\,{Shemale Yum Dvd03~G47~04-2~04 - Keyle (2)}
keyle061.jpg,171774,ef75324c,\Gallery 47\04 - Keyle (2)\,{Shemale Yum Dvd03~G47~04-2~04 - Keyle (2)}
keyle062.jpg,162555,6d360663,\Gallery 47\04 - Keyle (2)\,{Shemale Yum Dvd03~G47~04-2~04 - Keyle (2)}
keyle063.jpg,191310,d5ddb846,\Gallery 47\04 - Keyle (2)\,{Shemale Yum Dvd03~G47~04-2~04 - Keyle (2)}
keyle064.jpg,145557,be398a98,\Gallery 47\04 - Keyle (2)\,{Shemale Yum Dvd03~G47~04-2~04 - Keyle (2)}
keyle065.jpg,149869,755d78bd,\Gallery 47\04 - Keyle (2)\,{Shemale Yum Dvd03~G47~04-2~04 - Keyle (2)}
keyle066.jpg,171181,c60d3382,\Gallery 47\04 - Keyle (2)\,{Shemale Yum Dvd03~G47~04-2~04 - Keyle (2)}
keyle067.jpg,179087,904aedcb,\Gallery 47\04 - Keyle (2)\,{Shemale Yum Dvd03~G47~04-2~04 - Keyle (2)}
keyle068.jpg,178003,ea759f46,\Gallery 47\04 - Keyle (2)\,{Shemale Yum Dvd03~G47~04-2~04 - Keyle (2)}
keyle069.jpg,163184,4707c2c5,\Gallery 47\04 - Keyle (2)\,{Shemale Yum Dvd03~G47~04-2~04 - Keyle (2)}
keyle070.jpg,162683,e13e5e59,\Gallery 47\04 - Keyle (2)\,{Shemale Yum Dvd03~G47~04-2~04 - Keyle (2)}
keyle071.jpg,173242,e3f0f090,\Gallery 47\04 - Keyle (2)\,{Shemale Yum Dvd03~G47~04-2~04 - Keyle (2)}
keyle072.jpg,178728,ca7175db,\Gallery 47\04 - Keyle (2)\,{Shemale Yum Dvd03~G47~04-2~04 - Keyle (2)}
keyle073.jpg,178159,a8b0c071,\Gallery 47\04 - Keyle (2)\,{Shemale Yum Dvd03~G47~04-2~04 - Keyle (2)}
keyle074.jpg,163990,2f7056a1,\Gallery 47\04 - Keyle (2)\,{Shemale Yum Dvd03~G47~04-2~04 - Keyle (2)}
keyle075.jpg,166949,5ac632a5,\Gallery 47\04 - Keyle (2)\,{Shemale Yum Dvd03~G47~04-2~04 - Keyle (2)}
keyle076.jpg,128835,ed2837bb,\Gallery 47\04 - Keyle (2)\,{Shemale Yum Dvd03~G47~04-2~04 - Keyle (2)}
keyle077.jpg,147008,1811c9f4,\Gallery 47\04 - Keyle (2)\,{Shemale Yum Dvd03~G47~04-2~04 - Keyle (2)}
keyle078.jpg,152927,e53907a6,\Gallery 47\04 - Keyle (2)\,{Shemale Yum Dvd03~G47~04-2~04 - Keyle (2)}
keyle079.jpg,138305,64669b9c,\Gallery 47\04 - Keyle (2)\,{Shemale Yum Dvd03~G47~04-2~04 - Keyle (2)}
keyle080.jpg,140955,3655239e,\Gallery 47\04 - Keyle (2)\,{Shemale Yum Dvd03~G47~04-2~04 - Keyle (2)}
keyle081.jpg,137890,8ec20551,\Gallery 47\04 - Keyle (2)\,{Shemale Yum Dvd03~G47~04-2~04 - Keyle (2)}
keyle082.jpg,124761,5aebcda9,\Gallery 47\04 - Keyle (2)\,{Shemale Yum Dvd03~G47~04-2~04 - Keyle (2)}
keyle083.jpg,141643,10f376d1,\Gallery 47\04 - Keyle (2)\,{Shemale Yum Dvd03~G47~04-2~04 - Keyle (2)}
keyle084.jpg,146681,c5eb51d2,\Gallery 47\04 - Keyle (2)\,{Shemale Yum Dvd03~G47~04-2~04 - Keyle (2)}
keyle085.jpg,143558,ff61d872,\Gallery 47\04 - Keyle (2)\,{Shemale Yum Dvd03~G47~04-2~04 - Keyle (2)}
keyle086.jpg,169731,43112dec,\Gallery 47\04 - Keyle (2)\,{Shemale Yum Dvd03~G47~04-2~04 - Keyle (2)}
keyle087.jpg,155031,fc4476c7,\Gallery 47\04 - Keyle (2)\,{Shemale Yum Dvd03~G47~04-2~04 - Keyle (2)}
keyle088.jpg,154561,c3646efa,\Gallery 47\04 - Keyle (2)\,{Shemale Yum Dvd03~G47~04-2~04 - Keyle (2)}
keyle089.jpg,167745,e6ca0f22,\Gallery 47\04 - Keyle (2)\,{Shemale Yum Dvd03~G47~04-2~04 - Keyle (2)}
keyle090.jpg,155111,136faca7,\Gallery 47\04 - Keyle (2)\,{Shemale Yum Dvd03~G47~04-2~04 - Keyle (2)}
keyle091.jpg,155518,e36b1e73,\Gallery 47\04 - Keyle (2)\,{Shemale Yum Dvd03~G47~04-2~04 - Keyle (2)}
keyle092.jpg,151405,3ebad405,\Gallery 47\04 - Keyle (2)\,{Shemale Yum Dvd03~G47~04-2~04 - Keyle (2)}
keyle093.jpg,155517,83599832,\Gallery 47\04 - Keyle (2)\,{Shemale Yum Dvd03~G47~04-2~04 - Keyle (2)}
keyle094.jpg,187607,c8db09cf,\Gallery 47\04 - Keyle (2)\,{Shemale Yum Dvd03~G47~04-2~04 - Keyle (2)}
keyle095.jpg,158766,1ce98319,\Gallery 47\04 - Keyle (2)\,{Shemale Yum Dvd03~G47~04-2~04 - Keyle (2)}
keyle096.jpg,190761,1699acfe,\Gallery 47\04 - Keyle (2)\,{Shemale Yum Dvd03~G47~04-2~04 - Keyle (2)}
keyle097.jpg,188469,46a6c1b1,\Gallery 47\04 - Keyle (2)\,{Shemale Yum Dvd03~G47~04-2~04 - Keyle (2)}
keyle098.jpg,152676,5a2755bd,\Gallery 47\04 - Keyle (2)\,{Shemale Yum Dvd03~G47~04-2~04 - Keyle (2)}
keyle099.jpg,184522,883e8e5c,\Gallery 47\04 - Keyle (2)\,{Shemale Yum Dvd03~G47~04-2~04 - Keyle (2)}
keyle100.jpg,172454,0651d17e,\Gallery 47\04 - Keyle (2)\,{Shemale Yum Dvd03~G47~04-2~04 - Keyle (2)}
keyle101.jpg,184940,aa2c2724,\Gallery 47\04 - Keyle (2)\,{Shemale Yum Dvd03~G47~04-2~04 - Keyle (2)}
keyle102.jpg,168573,c78bda3d,\Gallery 47\04 - Keyle (2)\,{Shemale Yum Dvd03~G47~04-2~04 - Keyle (2)}
keyle103.jpg,177715,358a979a,\Gallery 47\04 - Keyle (2)\,{Shemale Yum Dvd03~G47~04-2~04 - Keyle (2)}
keyle104.jpg,175369,ed5c753e,\Gallery 47\04 - Keyle (2)\,{Shemale Yum Dvd03~G47~04-2~04 - Keyle (2)}
keyle105.jpg,174881,bc97811b,\Gallery 47\04 - Keyle (2)\,{Shemale Yum Dvd03~G47~04-2~04 - Keyle (2)}
keyle106.jpg,175888,076ec4b3,\Gallery 47\04 - Keyle (2)\,{Shemale Yum Dvd03~G47~04-2~04 - Keyle (2)}
keyle107.jpg,149204,3b0c3f50,\Gallery 47\04 - Keyle (2)\,{Shemale Yum Dvd03~G47~04-2~04 - Keyle (2)}
keyle108.jpg,128292,85b1d8b2,\Gallery 47\04 - Keyle (2)\,{Shemale Yum Dvd03~G47~04-2~04 - Keyle (2)}
keyle109.jpg,130896,65f1bec9,\Gallery 47\04 - Keyle (2)\,{Shemale Yum Dvd03~G47~04-2~04 - Keyle (2)}
keyle110.jpg,130577,17627789,\Gallery 47\04 - Keyle (2)\,{Shemale Yum Dvd03~G47~04-2~04 - Keyle (2)}
keyle111.jpg,122869,9724b02d,\Gallery 47\04 - Keyle (2)\,{Shemale Yum Dvd03~G47~04-2~04 - Keyle (2)}
keyle112.jpg,132225,a10bb955,\Gallery 47\04 - Keyle (2)\,{Shemale Yum Dvd03~G47~04-2~04 - Keyle (2)}
keyle113.jpg,128877,3eecb0aa,\Gallery 47\04 - Keyle (2)\,{Shemale Yum Dvd03~G47~04-2~04 - Keyle (2)}
keyle114.jpg,144034,ccd068c0,\Gallery 47\04 - Keyle (2)\,{Shemale Yum Dvd03~G47~04-2~04 - Keyle (2)}
keyle115.jpg,137309,82177ec5,\Gallery 47\04 - Keyle (2)\,{Shemale Yum Dvd03~G47~04-2~04 - Keyle (2)}
keyle116.jpg,140078,33e05204,\Gallery 47\04 - Keyle (2)\,{Shemale Yum Dvd03~G47~04-2~04 - Keyle (2)}
keyle117.jpg,144075,bcdd94f0,\Gallery 47\04 - Keyle (2)\,{Shemale Yum Dvd03~G47~04-2~04 - Keyle (2)}
keyle118.jpg,124757,93160b1c,\Gallery 47\04 - Keyle (2)\,{Shemale Yum Dvd03~G47~04-2~04 - Keyle (2)}
keyle119.jpg,130485,af3bfa94,\Gallery 47\04 - Keyle (2)\,{Shemale Yum Dvd03~G47~04-2~04 - Keyle (2)}
keyle120.jpg,130189,43e801c5,\Gallery 47\04 - Keyle (2)\,{Shemale Yum Dvd03~G47~04-2~04 - Keyle (2)}
keyle121.jpg,117994,6b033165,\Gallery 47\04 - Keyle (2)\,{Shemale Yum Dvd03~G47~04-2~04 - Keyle (2)}
keyle122.jpg,130483,889e3338,\Gallery 47\04 - Keyle (2)\,{Shemale Yum Dvd03~G47~04-2~04 - Keyle (2)}
keyle123.jpg,134188,ecf53861,\Gallery 47\04 - Keyle (2)\,{Shemale Yum Dvd03~G47~04-2~04 - Keyle (2)}
keyle124.jpg,126794,e3cf9aa9,\Gallery 47\04 - Keyle (2)\,{Shemale Yum Dvd03~G47~04-2~04 - Keyle (2)}
keyle125.jpg,128420,03770fbd,\Gallery 47\04 - Keyle (2)\,{Shemale Yum Dvd03~G47~04-2~04 - Keyle (2)}
keyle126.jpg,181445,136333d6,\Gallery 47\04 - Keyle (2)\,{Shemale Yum Dvd03~G47~04-2~04 - Keyle (2)}
keyle127.jpg,151766,0567b9ac,\Gallery 47\04 - Keyle (2)\,{Shemale Yum Dvd03~G47~04-2~04 - Keyle (2)}
keyle128.jpg,154568,faa88662,\Gallery 47\04 - Keyle (2)\,{Shemale Yum Dvd03~G47~04-2~04 - Keyle (2)}
keyle129.jpg,120120,c11dc4b2,\Gallery 47\04 - Keyle (2)\,{Shemale Yum Dvd03~G47~04-2~04 - Keyle (2)}
keyle130.jpg,115989,ad6d9ee6,\Gallery 47\04 - Keyle (2)\,{Shemale Yum Dvd03~G47~04-2~04 - Keyle (2)}
keyle131.jpg,178959,2de5299f,\Gallery 47\04 - Keyle (2)\,{Shemale Yum Dvd03~G47~04-2~04 - Keyle (2)}
keyle132.jpg,155710,3be6ec02,\Gallery 47\04 - Keyle (2)\,{Shemale Yum Dvd03~G47~04-2~04 - Keyle (2)}
keyle133.jpg,152022,04bafc03,\Gallery 47\04 - Keyle (2)\,{Shemale Yum Dvd03~G47~04-2~04 - Keyle (2)}
keyle134.jpg,138445,bf340fad,\Gallery 47\04 - Keyle (2)\,{Shemale Yum Dvd03~G47~04-2~04 - Keyle (2)}
keyle135.jpg,129383,37b15615,\Gallery 47\04 - Keyle (2)\,{Shemale Yum Dvd03~G47~04-2~04 - Keyle (2)}
keyle136.jpg,134898,3aa6ef8d,\Gallery 47\04 - Keyle (2)\,{Shemale Yum Dvd03~G47~04-2~04 - Keyle (2)}
keyle137.jpg,150097,c566e385,\Gallery 47\04 - Keyle (2)\,{Shemale Yum Dvd03~G47~04-2~04 - Keyle (2)}
keyle138.jpg,111487,3604c5b3,\Gallery 47\04 - Keyle (2)\,{Shemale Yum Dvd03~G47~04-2~04 - Keyle (2)}
keyle139.jpg,149949,42709560,\Gallery 47\04 - Keyle (2)\,{Shemale Yum Dvd03~G47~04-2~04 - Keyle (2)}
keyle140.jpg,138423,e2c3dc8a,\Gallery 47\04 - Keyle (2)\,{Shemale Yum Dvd03~G47~04-2~04 - Keyle (2)}
keyle141.jpg,146951,ca8b5686,\Gallery 47\04 - Keyle (2)\,{Shemale Yum Dvd03~G47~04-2~04 - Keyle (2)}
keyle142.jpg,128848,162de253,\Gallery 47\04 - Keyle (2)\,{Shemale Yum Dvd03~G47~04-2~04 - Keyle (2)}
keyle143.jpg,163180,b5126aee,\Gallery 47\04 - Keyle (2)\,{Shemale Yum Dvd03~G47~04-2~04 - Keyle (2)}
keyle144.jpg,159956,a1cdf6de,\Gallery 47\04 - Keyle (2)\,{Shemale Yum Dvd03~G47~04-2~04 - Keyle (2)}
keyle145.jpg,146144,5fbb5fc3,\Gallery 47\04 - Keyle (2)\,{Shemale Yum Dvd03~G47~04-2~04 - Keyle (2)}
keyle146.jpg,159009,9bd7cc11,\Gallery 47\04 - Keyle (2)\,{Shemale Yum Dvd03~G47~04-2~04 - Keyle (2)}
sabrina001.jpg,133728,4f2e96fe,\Gallery 47\05 - Ashley\,{Shemale Yum Dvd03~G47~05~05 - Ashley}
sabrina002.jpg,142813,00719451,\Gallery 47\05 - Ashley\,{Shemale Yum Dvd03~G47~05~05 - Ashley}
sabrina003.jpg,109291,c2ed5733,\Gallery 47\05 - Ashley\,{Shemale Yum Dvd03~G47~05~05 - Ashley}
sabrina004.jpg,109674,e783a8cc,\Gallery 47\05 - Ashley\,{Shemale Yum Dvd03~G47~05~05 - Ashley}
sabrina005.jpg,112774,180a4427,\Gallery 47\05 - Ashley\,{Shemale Yum Dvd03~G47~05~05 - Ashley}
sabrina006.jpg,108305,efd4e7ee,\Gallery 47\05 - Ashley\,{Shemale Yum Dvd03~G47~05~05 - Ashley}
sabrina007.jpg,114287,2d461f86,\Gallery 47\05 - Ashley\,{Shemale Yum Dvd03~G47~05~05 - Ashley}
sabrina008.jpg,115247,16d71195,\Gallery 47\05 - Ashley\,{Shemale Yum Dvd03~G47~05~05 - Ashley}
sabrina009.jpg,117157,c9780fce,\Gallery 47\05 - Ashley\,{Shemale Yum Dvd03~G47~05~05 - Ashley}
sabrina010.jpg,143002,a1eb4ef9,\Gallery 47\05 - Ashley\,{Shemale Yum Dvd03~G47~05~05 - Ashley}
sabrina011.jpg,139519,3415424f,\Gallery 47\05 - Ashley\,{Shemale Yum Dvd03~G47~05~05 - Ashley}
sabrina012.jpg,132861,6d1b8db2,\Gallery 47\05 - Ashley\,{Shemale Yum Dvd03~G47~05~05 - Ashley}
sabrina013.jpg,139132,275be3e1,\Gallery 47\05 - Ashley\,{Shemale Yum Dvd03~G47~05~05 - Ashley}
sabrina014.jpg,108691,bcc94395,\Gallery 47\05 - Ashley\,{Shemale Yum Dvd03~G47~05~05 - Ashley}
sabrina015.jpg,110001,7d36e2e8,\Gallery 47\05 - Ashley\,{Shemale Yum Dvd03~G47~05~05 - Ashley}
sabrina016.jpg,110786,fcf12ef4,\Gallery 47\05 - Ashley\,{Shemale Yum Dvd03~G47~05~05 - Ashley}
sabrina017.jpg,102652,d7bf9ef1,\Gallery 47\05 - Ashley\,{Shemale Yum Dvd03~G47~05~05 - Ashley}
sabrina018.jpg,123716,79c1b6bf,\Gallery 47\05 - Ashley\,{Shemale Yum Dvd03~G47~05~05 - Ashley}
sabrina019.jpg,122503,b8140b08,\Gallery 47\05 - Ashley\,{Shemale Yum Dvd03~G47~05~05 - Ashley}
sabrina020.jpg,126766,eaffce5f,\Gallery 47\05 - Ashley\,{Shemale Yum Dvd03~G47~05~05 - Ashley}
sabrina021.jpg,128139,c77d52a8,\Gallery 47\05 - Ashley\,{Shemale Yum Dvd03~G47~05~05 - Ashley}
sabrina022.jpg,108974,ec74877e,\Gallery 47\05 - Ashley\,{Shemale Yum Dvd03~G47~05~05 - Ashley}
sabrina023.jpg,106959,9fb29486,\Gallery 47\05 - Ashley\,{Shemale Yum Dvd03~G47~05~05 - Ashley}
sabrina024.jpg,139644,18c5d8dd,\Gallery 47\05 - Ashley\,{Shemale Yum Dvd03~G47~05~05 - Ashley}
sabrina025.jpg,129928,69348b44,\Gallery 47\05 - Ashley\,{Shemale Yum Dvd03~G47~05~05 - Ashley}
sabrina026.jpg,136865,62d8063f,\Gallery 47\05 - Ashley\,{Shemale Yum Dvd03~G47~05~05 - Ashley}
sabrina027.jpg,137108,bcd53769,\Gallery 47\05 - Ashley\,{Shemale Yum Dvd03~G47~05~05 - Ashley}
sabrina028.jpg,139668,297f2ff0,\Gallery 47\05 - Ashley\,{Shemale Yum Dvd03~G47~05~05 - Ashley}
sabrina029.jpg,141240,f074e8cc,\Gallery 47\05 - Ashley\,{Shemale Yum Dvd03~G47~05~05 - Ashley}
sabrina030.jpg,138312,46e552cf,\Gallery 47\05 - Ashley\,{Shemale Yum Dvd03~G47~05~05 - Ashley}
sabrina031.jpg,142328,fb5a25ca,\Gallery 47\05 - Ashley\,{Shemale Yum Dvd03~G47~05~05 - Ashley}
sabrina032.jpg,137904,87e812e3,\Gallery 47\05 - Ashley\,{Shemale Yum Dvd03~G47~05~05 - Ashley}
sabrina033.jpg,136821,7ee558af,\Gallery 47\05 - Ashley\,{Shemale Yum Dvd03~G47~05~05 - Ashley}
sabrina034.jpg,137796,40b1305a,\Gallery 47\05 - Ashley\,{Shemale Yum Dvd03~G47~05~05 - Ashley}
sabrina035.jpg,132536,43982942,\Gallery 47\05 - Ashley\,{Shemale Yum Dvd03~G47~05~05 - Ashley}
sabrina036.jpg,107864,2a5f5410,\Gallery 47\05 - Ashley\,{Shemale Yum Dvd03~G47~05~05 - Ashley}
sabrina037.jpg,142415,fb29c168,\Gallery 47\05 - Ashley\,{Shemale Yum Dvd03~G47~05~05 - Ashley}
sabrina038.jpg,130192,6c18e4b0,\Gallery 47\05 - Ashley\,{Shemale Yum Dvd03~G47~05~05 - Ashley}
sabrina039.jpg,133198,e0d3c21a,\Gallery 47\05 - Ashley\,{Shemale Yum Dvd03~G47~05~05 - Ashley}
sabrina040.jpg,133402,7e0f8578,\Gallery 47\05 - Ashley\,{Shemale Yum Dvd03~G47~05~05 - Ashley}
sabrina041.jpg,119931,87f95bc4,\Gallery 47\05 - Ashley\,{Shemale Yum Dvd03~G47~05~05 - Ashley}
sabrina042.jpg,131509,e9cda954,\Gallery 47\05 - Ashley\,{Shemale Yum Dvd03~G47~05~05 - Ashley}
sabrina043.jpg,125557,2d260614,\Gallery 47\05 - Ashley\,{Shemale Yum Dvd03~G47~05~05 - Ashley}
sabrina044.jpg,138547,5212bc2f,\Gallery 47\05 - Ashley\,{Shemale Yum Dvd03~G47~05~05 - Ashley}
sabrina045.jpg,118174,60f2da1e,\Gallery 47\05 - Ashley\,{Shemale Yum Dvd03~G47~05~05 - Ashley}
sabrina046.jpg,118691,714b08eb,\Gallery 47\05 - Ashley\,{Shemale Yum Dvd03~G47~05~05 - Ashley}
sabrina047.jpg,137005,46b84d32,\Gallery 47\05 - Ashley\,{Shemale Yum Dvd03~G47~05~05 - Ashley}
sabrina048.jpg,120447,c36cb63b,\Gallery 47\05 - Ashley\,{Shemale Yum Dvd03~G47~05~05 - Ashley}
sabrina049.jpg,124364,64fea105,\Gallery 47\05 - Ashley\,{Shemale Yum Dvd03~G47~05~05 - Ashley}
sabrina050.jpg,139617,e9f54503,\Gallery 47\05 - Ashley\,{Shemale Yum Dvd03~G47~05~05 - Ashley}
sabrina051.jpg,127693,a78726bb,\Gallery 47\05 - Ashley\,{Shemale Yum Dvd03~G47~05~05 - Ashley}
sabrina052.jpg,128738,653f9789,\Gallery 47\05 - Ashley\,{Shemale Yum Dvd03~G47~05~05 - Ashley}
sabrina053.jpg,130496,3b686b7e,\Gallery 47\05 - Ashley\,{Shemale Yum Dvd03~G47~05~05 - Ashley}
sabrina054.jpg,126031,93693cee,\Gallery 47\05 - Ashley\,{Shemale Yum Dvd03~G47~05~05 - Ashley}
sabrina055.jpg,137023,9aebd5cb,\Gallery 47\05 - Ashley\,{Shemale Yum Dvd03~G47~05~05 - Ashley}
sabrina056.jpg,141194,359bba23,\Gallery 47\05 - Ashley\,{Shemale Yum Dvd03~G47~05~05 - Ashley}
sabrina057.jpg,140904,b766252e,\Gallery 47\05 - Ashley\,{Shemale Yum Dvd03~G47~05~05 - Ashley}
sabrina058.jpg,138972,48ad553f,\Gallery 47\05 - Ashley\,{Shemale Yum Dvd03~G47~05~05 - Ashley}
sabrina059.jpg,134569,c41c815f,\Gallery 47\05 - Ashley\,{Shemale Yum Dvd03~G47~05~05 - Ashley}
sabrina060.jpg,147713,132ce9b0,\Gallery 47\05 - Ashley\,{Shemale Yum Dvd03~G47~05~05 - Ashley}
sabrina061.jpg,151911,182f5cd5,\Gallery 47\05 - Ashley\,{Shemale Yum Dvd03~G47~05~05 - Ashley}
sabrina062.jpg,122806,c527f9be,\Gallery 47\05 - Ashley\,{Shemale Yum Dvd03~G47~05~05 - Ashley}
sabrina064.jpg,137200,a13b2751,\Gallery 47\05 - Ashley\,{Shemale Yum Dvd03~G47~05~05 - Ashley}
sabrina066.jpg,143423,97f6466c,\Gallery 47\05 - Ashley\,{Shemale Yum Dvd03~G47~05~05 - Ashley}
sabrina067.jpg,156512,4a87fddb,\Gallery 47\05 - Ashley\,{Shemale Yum Dvd03~G47~05~05 - Ashley}
sabrina068.jpg,138668,37ac6e16,\Gallery 47\05 - Ashley\,{Shemale Yum Dvd03~G47~05~05 - Ashley}
sabrina069.jpg,122658,3bcebf96,\Gallery 47\05 - Ashley\,{Shemale Yum Dvd03~G47~05~05 - Ashley}
sabrina070.jpg,139226,e13428f3,\Gallery 47\05 - Ashley\,{Shemale Yum Dvd03~G47~05~05 - Ashley}
sabrina071.jpg,140950,30201837,\Gallery 47\05 - Ashley\,{Shemale Yum Dvd03~G47~05~05 - Ashley}
sabrina072.jpg,128774,2772f555,\Gallery 47\05 - Ashley\,{Shemale Yum Dvd03~G47~05~05 - Ashley}
sabrina073.jpg,131689,6e8c07d9,\Gallery 47\05 - Ashley\,{Shemale Yum Dvd03~G47~05~05 - Ashley}
sabrina074.jpg,140480,b186c4eb,\Gallery 47\05 - Ashley\,{Shemale Yum Dvd03~G47~05~05 - Ashley}
sabrina075.jpg,143929,0a025992,\Gallery 47\05 - Ashley\,{Shemale Yum Dvd03~G47~05~05 - Ashley}
sabrina076.jpg,139545,dce38a0e,\Gallery 47\05 - Ashley\,{Shemale Yum Dvd03~G47~05~05 - Ashley}
sabrina077.jpg,131760,3a707488,\Gallery 47\05 - Ashley\,{Shemale Yum Dvd03~G47~05~05 - Ashley}
sabrina078.jpg,135815,f37f67aa,\Gallery 47\05 - Ashley\,{Shemale Yum Dvd03~G47~05~05 - Ashley}
sabrina079.jpg,135838,18ba1e70,\Gallery 47\05 - Ashley\,{Shemale Yum Dvd03~G47~05~05 - Ashley}
sabrina080.jpg,133087,9a00f535,\Gallery 47\05 - Ashley\,{Shemale Yum Dvd03~G47~05~05 - Ashley}
sabrina081.jpg,138306,d11bd26a,\Gallery 47\05 - Ashley\,{Shemale Yum Dvd03~G47~05~05 - Ashley}
sabrina082.jpg,135565,f5136b22,\Gallery 47\05 - Ashley\,{Shemale Yum Dvd03~G47~05~05 - Ashley}
sabrina083.jpg,130045,de477f85,\Gallery 47\05 - Ashley\,{Shemale Yum Dvd03~G47~05~05 - Ashley}
ashley094.jpg,180226,337b2d85,\Gallery 47\05 - Ashley (2)\,{Shemale Yum Dvd03~G47~05-2~05 - Ashley (2)}
ashley095.jpg,168251,7cb41506,\Gallery 47\05 - Ashley (2)\,{Shemale Yum Dvd03~G47~05-2~05 - Ashley (2)}
ashley096.jpg,184718,326c07ca,\Gallery 47\05 - Ashley (2)\,{Shemale Yum Dvd03~G47~05-2~05 - Ashley (2)}
ashley097.jpg,182156,d22edc0f,\Gallery 47\05 - Ashley (2)\,{Shemale Yum Dvd03~G47~05-2~05 - Ashley (2)}
ashley098.jpg,162429,06502f02,\Gallery 47\05 - Ashley (2)\,{Shemale Yum Dvd03~G47~05-2~05 - Ashley (2)}
ashley100.jpg,173471,079044fe,\Gallery 47\05 - Ashley (2)\,{Shemale Yum Dvd03~G47~05-2~05 - Ashley (2)}
ashley101.jpg,176820,cc86c97d,\Gallery 47\05 - Ashley (2)\,{Shemale Yum Dvd03~G47~05-2~05 - Ashley (2)}
ashley102.jpg,153381,56e6eec2,\Gallery 47\05 - Ashley (2)\,{Shemale Yum Dvd03~G47~05-2~05 - Ashley (2)}
ashley103.jpg,153447,bc609ae1,\Gallery 47\05 - Ashley (2)\,{Shemale Yum Dvd03~G47~05-2~05 - Ashley (2)}
ashley104.jpg,165674,cd3a065b,\Gallery 47\05 - Ashley (2)\,{Shemale Yum Dvd03~G47~05-2~05 - Ashley (2)}
ashley105.jpg,157182,812f8d2c,\Gallery 47\05 - Ashley (2)\,{Shemale Yum Dvd03~G47~05-2~05 - Ashley (2)}
ashley106.jpg,147396,9bb75371,\Gallery 47\05 - Ashley (2)\,{Shemale Yum Dvd03~G47~05-2~05 - Ashley (2)}
ashley107.jpg,125417,94775c30,\Gallery 47\05 - Ashley (2)\,{Shemale Yum Dvd03~G47~05-2~05 - Ashley (2)}
ashley108.jpg,173703,bd242645,\Gallery 47\05 - Ashley (2)\,{Shemale Yum Dvd03~G47~05-2~05 - Ashley (2)}
ashley109.jpg,136851,a7548495,\Gallery 47\05 - Ashley (2)\,{Shemale Yum Dvd03~G47~05-2~05 - Ashley (2)}
ashley110.jpg,152921,f6fdcb58,\Gallery 47\05 - Ashley (2)\,{Shemale Yum Dvd03~G47~05-2~05 - Ashley (2)}
ashley111.jpg,190444,b41cc6ee,\Gallery 47\05 - Ashley (2)\,{Shemale Yum Dvd03~G47~05-2~05 - Ashley (2)}
ashley112.jpg,172991,25baa5d8,\Gallery 47\05 - Ashley (2)\,{Shemale Yum Dvd03~G47~05-2~05 - Ashley (2)}
ashley113.jpg,191781,01fdd522,\Gallery 47\05 - Ashley (2)\,{Shemale Yum Dvd03~G47~05-2~05 - Ashley (2)}
ashley114.jpg,167467,882bcef3,\Gallery 47\05 - Ashley (2)\,{Shemale Yum Dvd03~G47~05-2~05 - Ashley (2)}
ashley115.jpg,169088,4ce00790,\Gallery 47\05 - Ashley (2)\,{Shemale Yum Dvd03~G47~05-2~05 - Ashley (2)}
ashley116.099.jpg,135997,fecc2f31,\Gallery 47\05 - Ashley (2)\,{Shemale Yum Dvd03~G47~05-2~05 - Ashley (2)}
ashley116.208.jpg,135608,5a4acbef,\Gallery 47\05 - Ashley (2)\,{Shemale Yum Dvd03~G47~05-2~05 - Ashley (2)}
ashley116.jpg,154286,6a47927f,\Gallery 47\05 - Ashley (2)\,{Shemale Yum Dvd03~G47~05-2~05 - Ashley (2)}
ashley117.jpg,149945,6c03c2aa,\Gallery 47\05 - Ashley (2)\,{Shemale Yum Dvd03~G47~05-2~05 - Ashley (2)}
ashley118.jpg,152752,5458e146,\Gallery 47\05 - Ashley (2)\,{Shemale Yum Dvd03~G47~05-2~05 - Ashley (2)}
ashley119.jpg,161906,b62eda49,\Gallery 47\05 - Ashley (2)\,{Shemale Yum Dvd03~G47~05-2~05 - Ashley (2)}
ashley120.jpg,147921,97302cc6,\Gallery 47\05 - Ashley (2)\,{Shemale Yum Dvd03~G47~05-2~05 - Ashley (2)}
ashley121.jpg,168934,c5e91c92,\Gallery 47\05 - Ashley (2)\,{Shemale Yum Dvd03~G47~05-2~05 - Ashley (2)}
ashley122.jpg,159975,79f1dea7,\Gallery 47\05 - Ashley (2)\,{Shemale Yum Dvd03~G47~05-2~05 - Ashley (2)}
ashley123.jpg,153557,36fc79e5,\Gallery 47\05 - Ashley (2)\,{Shemale Yum Dvd03~G47~05-2~05 - Ashley (2)}
ashley124.jpg,152993,e44ebed3,\Gallery 47\05 - Ashley (2)\,{Shemale Yum Dvd03~G47~05-2~05 - Ashley (2)}
ashley125.jpg,165379,9c38d1d4,\Gallery 47\05 - Ashley (2)\,{Shemale Yum Dvd03~G47~05-2~05 - Ashley (2)}
ashley126.jpg,165822,9e4b9481,\Gallery 47\05 - Ashley (2)\,{Shemale Yum Dvd03~G47~05-2~05 - Ashley (2)}
ashley127.jpg,160187,e5a860bb,\Gallery 47\05 - Ashley (2)\,{Shemale Yum Dvd03~G47~05-2~05 - Ashley (2)}
ashley128.jpg,156530,637fb9cf,\Gallery 47\05 - Ashley (2)\,{Shemale Yum Dvd03~G47~05-2~05 - Ashley (2)}
ashley129.jpg,159429,d7be69aa,\Gallery 47\05 - Ashley (2)\,{Shemale Yum Dvd03~G47~05-2~05 - Ashley (2)}
ashley130.jpg,147144,b90e8cd9,\Gallery 47\05 - Ashley (2)\,{Shemale Yum Dvd03~G47~05-2~05 - Ashley (2)}
ashley131.jpg,152452,e542bfa3,\Gallery 47\05 - Ashley (2)\,{Shemale Yum Dvd03~G47~05-2~05 - Ashley (2)}
ashley132.jpg,162882,3a07ad52,\Gallery 47\05 - Ashley (2)\,{Shemale Yum Dvd03~G47~05-2~05 - Ashley (2)}
ashley133.jpg,176482,06277448,\Gallery 47\05 - Ashley (2)\,{Shemale Yum Dvd03~G47~05-2~05 - Ashley (2)}
ashley134.jpg,168353,70de8fce,\Gallery 47\05 - Ashley (2)\,{Shemale Yum Dvd03~G47~05-2~05 - Ashley (2)}
ashley135.jpg,143562,e4f0315a,\Gallery 47\05 - Ashley (2)\,{Shemale Yum Dvd03~G47~05-2~05 - Ashley (2)}
ashley136.jpg,155887,721cd67f,\Gallery 47\05 - Ashley (2)\,{Shemale Yum Dvd03~G47~05-2~05 - Ashley (2)}
ashley137.jpg,167139,9ed5bcf3,\Gallery 47\05 - Ashley (2)\,{Shemale Yum Dvd03~G47~05-2~05 - Ashley (2)}
ashley138.jpg,164347,2f0b82b6,\Gallery 47\05 - Ashley (2)\,{Shemale Yum Dvd03~G47~05-2~05 - Ashley (2)}
ashley139.jpg,156007,2c5d8454,\Gallery 47\05 - Ashley (2)\,{Shemale Yum Dvd03~G47~05-2~05 - Ashley (2)}
ashley140.jpg,179137,e6f73147,\Gallery 47\05 - Ashley (2)\,{Shemale Yum Dvd03~G47~05-2~05 - Ashley (2)}
ashley141.jpg,158260,2c798605,\Gallery 47\05 - Ashley (2)\,{Shemale Yum Dvd03~G47~05-2~05 - Ashley (2)}
ashley142.jpg,162494,90de1cd0,\Gallery 47\05 - Ashley (2)\,{Shemale Yum Dvd03~G47~05-2~05 - Ashley (2)}
ashley143.jpg,154696,4941b212,\Gallery 47\05 - Ashley (2)\,{Shemale Yum Dvd03~G47~05-2~05 - Ashley (2)}
ashley144.jpg,155622,d6c80120,\Gallery 47\05 - Ashley (2)\,{Shemale Yum Dvd03~G47~05-2~05 - Ashley (2)}
ashley145.jpg,154836,ce3ad5d3,\Gallery 47\05 - Ashley (2)\,{Shemale Yum Dvd03~G47~05-2~05 - Ashley (2)}
ashley146.jpg,188106,ee2a182f,\Gallery 47\05 - Ashley (2)\,{Shemale Yum Dvd03~G47~05-2~05 - Ashley (2)}
ashley147.jpg,138880,ffaa29c9,\Gallery 47\05 - Ashley (2)\,{Shemale Yum Dvd03~G47~05-2~05 - Ashley (2)}
ashley148.jpg,152001,a19708d3,\Gallery 47\05 - Ashley (2)\,{Shemale Yum Dvd03~G47~05-2~05 - Ashley (2)}
ashley149.jpg,149437,02183fc1,\Gallery 47\05 - Ashley (2)\,{Shemale Yum Dvd03~G47~05-2~05 - Ashley (2)}
ashley150.jpg,155260,b3aab9c2,\Gallery 47\05 - Ashley (2)\,{Shemale Yum Dvd03~G47~05-2~05 - Ashley (2)}
ashley151.jpg,145730,dca84780,\Gallery 47\05 - Ashley (2)\,{Shemale Yum Dvd03~G47~05-2~05 - Ashley (2)}
ashley152.jpg,129630,c0db7ae0,\Gallery 47\05 - Ashley (2)\,{Shemale Yum Dvd03~G47~05-2~05 - Ashley (2)}
ashley153.jpg,156080,b1ceffa8,\Gallery 47\05 - Ashley (2)\,{Shemale Yum Dvd03~G47~05-2~05 - Ashley (2)}
ashley154.jpg,141954,7ac41c5b,\Gallery 47\05 - Ashley (2)\,{Shemale Yum Dvd03~G47~05-2~05 - Ashley (2)}
ashley155.jpg,153850,c8e29d8e,\Gallery 47\05 - Ashley (2)\,{Shemale Yum Dvd03~G47~05-2~05 - Ashley (2)}
ashley156.jpg,142203,8fb83387,\Gallery 47\05 - Ashley (2)\,{Shemale Yum Dvd03~G47~05-2~05 - Ashley (2)}
ashley157.jpg,155754,7fb13351,\Gallery 47\05 - Ashley (2)\,{Shemale Yum Dvd03~G47~05-2~05 - Ashley (2)}
ashley158.jpg,147837,14884533,\Gallery 47\05 - Ashley (2)\,{Shemale Yum Dvd03~G47~05-2~05 - Ashley (2)}
ashley159.jpg,192310,3d83c80c,\Gallery 47\05 - Ashley (2)\,{Shemale Yum Dvd03~G47~05-2~05 - Ashley (2)}
ashley160.jpg,152843,0bf30837,\Gallery 47\05 - Ashley (2)\,{Shemale Yum Dvd03~G47~05-2~05 - Ashley (2)}
ashley161.jpg,148655,b08d39ce,\Gallery 47\05 - Ashley (2)\,{Shemale Yum Dvd03~G47~05-2~05 - Ashley (2)}
ashley162.jpg,167159,304ea4d6,\Gallery 47\05 - Ashley (2)\,{Shemale Yum Dvd03~G47~05-2~05 - Ashley (2)}
ashley163.jpg,157861,4481caed,\Gallery 47\05 - Ashley (2)\,{Shemale Yum Dvd03~G47~05-2~05 - Ashley (2)}
ashley164.jpg,163408,5320f420,\Gallery 47\05 - Ashley (2)\,{Shemale Yum Dvd03~G47~05-2~05 - Ashley (2)}
ashley165.jpg,151750,56da11ba,\Gallery 47\05 - Ashley (2)\,{Shemale Yum Dvd03~G47~05-2~05 - Ashley (2)}
ashley166.jpg,163688,c0ff7504,\Gallery 47\05 - Ashley (2)\,{Shemale Yum Dvd03~G47~05-2~05 - Ashley (2)}
ashley167.jpg,155583,6415432f,\Gallery 47\05 - Ashley (2)\,{Shemale Yum Dvd03~G47~05-2~05 - Ashley (2)}
ashley168.jpg,156089,cf26efbc,\Gallery 47\05 - Ashley (2)\,{Shemale Yum Dvd03~G47~05-2~05 - Ashley (2)}
ashley169.jpg,159892,2c54adbe,\Gallery 47\05 - Ashley (2)\,{Shemale Yum Dvd03~G47~05-2~05 - Ashley (2)}
ashley170.jpg,158064,2f4c69d0,\Gallery 47\05 - Ashley (2)\,{Shemale Yum Dvd03~G47~05-2~05 - Ashley (2)}
ashley171.jpg,140050,66989f22,\Gallery 47\05 - Ashley (2)\,{Shemale Yum Dvd03~G47~05-2~05 - Ashley (2)}
ashley172.jpg,164498,4562d5c5,\Gallery 47\05 - Ashley (2)\,{Shemale Yum Dvd03~G47~05-2~05 - Ashley (2)}
ashley173.jpg,154714,0fa46f06,\Gallery 47\05 - Ashley (2)\,{Shemale Yum Dvd03~G47~05-2~05 - Ashley (2)}
ashley174.jpg,159803,984975d2,\Gallery 47\05 - Ashley (2)\,{Shemale Yum Dvd03~G47~05-2~05 - Ashley (2)}
ashley175.jpg,159660,d54b841f,\Gallery 47\05 - Ashley (2)\,{Shemale Yum Dvd03~G47~05-2~05 - Ashley (2)}
ashley176.jpg,188360,a5592b3d,\Gallery 47\05 - Ashley (2)\,{Shemale Yum Dvd03~G47~05-2~05 - Ashley (2)}
ashley177.jpg,169615,a8666680,\Gallery 47\05 - Ashley (2)\,{Shemale Yum Dvd03~G47~05-2~05 - Ashley (2)}
ashley178.jpg,183931,0c187df0,\Gallery 47\05 - Ashley (2)\,{Shemale Yum Dvd03~G47~05-2~05 - Ashley (2)}
ashley179.jpg,169550,cd726c27,\Gallery 47\05 - Ashley (2)\,{Shemale Yum Dvd03~G47~05-2~05 - Ashley (2)}
ashley180.jpg,165461,5d334de8,\Gallery 47\05 - Ashley (2)\,{Shemale Yum Dvd03~G47~05-2~05 - Ashley (2)}
ashley181.jpg,173892,ab6f3371,\Gallery 47\05 - Ashley (2)\,{Shemale Yum Dvd03~G47~05-2~05 - Ashley (2)}
ashley182.jpg,188553,e20f2319,\Gallery 47\05 - Ashley (2)\,{Shemale Yum Dvd03~G47~05-2~05 - Ashley (2)}
ashley183.jpg,163054,7dfd20d9,\Gallery 47\05 - Ashley (2)\,{Shemale Yum Dvd03~G47~05-2~05 - Ashley (2)}
ashley184.jpg,174360,6fd0c16c,\Gallery 47\05 - Ashley (2)\,{Shemale Yum Dvd03~G47~05-2~05 - Ashley (2)}
ashley185.jpg,171651,d91bfcd5,\Gallery 47\05 - Ashley (2)\,{Shemale Yum Dvd03~G47~05-2~05 - Ashley (2)}
ashley186.jpg,165582,8101c448,\Gallery 47\05 - Ashley (2)\,{Shemale Yum Dvd03~G47~05-2~05 - Ashley (2)}
ashley187.jpg,176392,9a2a1b09,\Gallery 47\05 - Ashley (2)\,{Shemale Yum Dvd03~G47~05-2~05 - Ashley (2)}
ashley188.jpg,170094,5df3dc96,\Gallery 47\05 - Ashley (2)\,{Shemale Yum Dvd03~G47~05-2~05 - Ashley (2)}
ashley189.jpg,189046,b6858737,\Gallery 47\05 - Ashley (2)\,{Shemale Yum Dvd03~G47~05-2~05 - Ashley (2)}
ashley190.jpg,175010,5ef175e5,\Gallery 47\05 - Ashley (2)\,{Shemale Yum Dvd03~G47~05-2~05 - Ashley (2)}
ashley191.jpg,161601,fec457ae,\Gallery 47\05 - Ashley (2)\,{Shemale Yum Dvd03~G47~05-2~05 - Ashley (2)}
ashley192.jpg,163773,2f55c03d,\Gallery 47\05 - Ashley (2)\,{Shemale Yum Dvd03~G47~05-2~05 - Ashley (2)}
ashley193.jpg,145544,b0abade5,\Gallery 47\05 - Ashley (2)\,{Shemale Yum Dvd03~G47~05-2~05 - Ashley (2)}
ashley194.jpg,184807,96c04078,\Gallery 47\05 - Ashley (2)\,{Shemale Yum Dvd03~G47~05-2~05 - Ashley (2)}
ashley195.jpg,192553,d819239b,\Gallery 47\05 - Ashley (2)\,{Shemale Yum Dvd03~G47~05-2~05 - Ashley (2)}
ashley196.jpg,194498,7e0f0328,\Gallery 47\05 - Ashley (2)\,{Shemale Yum Dvd03~G47~05-2~05 - Ashley (2)}
ashley197.jpg,176797,ebec74fd,\Gallery 47\05 - Ashley (2)\,{Shemale Yum Dvd03~G47~05-2~05 - Ashley (2)}
ashley198.jpg,165164,7760099b,\Gallery 47\05 - Ashley (2)\,{Shemale Yum Dvd03~G47~05-2~05 - Ashley (2)}
ashley199.jpg,157950,aa11821c,\Gallery 47\05 - Ashley (2)\,{Shemale Yum Dvd03~G47~05-2~05 - Ashley (2)}
ashley200.jpg,199525,bb84fea1,\Gallery 47\05 - Ashley (2)\,{Shemale Yum Dvd03~G47~05-2~05 - Ashley (2)}
ashley201.jpg,167303,fb7d5451,\Gallery 47\05 - Ashley (2)\,{Shemale Yum Dvd03~G47~05-2~05 - Ashley (2)}
ashley202.jpg,154919,ab14ca59,\Gallery 47\05 - Ashley (2)\,{Shemale Yum Dvd03~G47~05-2~05 - Ashley (2)}
ashley203.jpg,161964,fa213f20,\Gallery 47\05 - Ashley (2)\,{Shemale Yum Dvd03~G47~05-2~05 - Ashley (2)}
ashley204.jpg,147756,c7ff1d69,\Gallery 47\05 - Ashley (2)\,{Shemale Yum Dvd03~G47~05-2~05 - Ashley (2)}
ashley205.jpg,158569,8cbaa38f,\Gallery 47\05 - Ashley (2)\,{Shemale Yum Dvd03~G47~05-2~05 - Ashley (2)}
ashley206.jpg,145964,18b1fb6e,\Gallery 47\05 - Ashley (2)\,{Shemale Yum Dvd03~G47~05-2~05 - Ashley (2)}
ashley207.jpg,159623,7872ca8f,\Gallery 47\05 - Ashley (2)\,{Shemale Yum Dvd03~G47~05-2~05 - Ashley (2)}
ashley209.jpg,186541,def6bd17,\Gallery 47\05 - Ashley (2)\,{Shemale Yum Dvd03~G47~05-2~05 - Ashley (2)}
ashleyc2001.jpg,160804,a5ebf1da,\Gallery 47\05 - Ashley (3)\,{Shemale Yum Dvd03~G47~05-3~05 - Ashley (3)}
ashleyc2002.jpg,162785,e574a536,\Gallery 47\05 - Ashley (3)\,{Shemale Yum Dvd03~G47~05-3~05 - Ashley (3)}
ashleyc2003.jpg,177797,f9943bf6,\Gallery 47\05 - Ashley (3)\,{Shemale Yum Dvd03~G47~05-3~05 - Ashley (3)}
ashleyc2004.jpg,179122,93c43ad5,\Gallery 47\05 - Ashley (3)\,{Shemale Yum Dvd03~G47~05-3~05 - Ashley (3)}
ashleyc2005.jpg,156197,361512d6,\Gallery 47\05 - Ashley (3)\,{Shemale Yum Dvd03~G47~05-3~05 - Ashley (3)}
ashleyc2006.jpg,173661,e36ac78d,\Gallery 47\05 - Ashley (3)\,{Shemale Yum Dvd03~G47~05-3~05 - Ashley (3)}
ashleyc2007.jpg,178961,dd96cc9e,\Gallery 47\05 - Ashley (3)\,{Shemale Yum Dvd03~G47~05-3~05 - Ashley (3)}
ashleyc2008.jpg,165112,c1f16fff,\Gallery 47\05 - Ashley (3)\,{Shemale Yum Dvd03~G47~05-3~05 - Ashley (3)}
ashleyc2009.jpg,191918,311fed14,\Gallery 47\05 - Ashley (3)\,{Shemale Yum Dvd03~G47~05-3~05 - Ashley (3)}
ashleyc2010.jpg,187769,2de123fb,\Gallery 47\05 - Ashley (3)\,{Shemale Yum Dvd03~G47~05-3~05 - Ashley (3)}
ashleyc2011.jpg,151787,68c7fab3,\Gallery 47\05 - Ashley (3)\,{Shemale Yum Dvd03~G47~05-3~05 - Ashley (3)}
ashleyc2012.jpg,182419,db6cedcf,\Gallery 47\05 - Ashley (3)\,{Shemale Yum Dvd03~G47~05-3~05 - Ashley (3)}
ashleyc2013.jpg,186795,26b410f9,\Gallery 47\05 - Ashley (3)\,{Shemale Yum Dvd03~G47~05-3~05 - Ashley (3)}
ashleyc2014.jpg,174641,e4531b47,\Gallery 47\05 - Ashley (3)\,{Shemale Yum Dvd03~G47~05-3~05 - Ashley (3)}
ashleyc2015.jpg,177102,26e93ecf,\Gallery 47\05 - Ashley (3)\,{Shemale Yum Dvd03~G47~05-3~05 - Ashley (3)}
ashleyc2016.jpg,180480,ac1ff2b5,\Gallery 47\05 - Ashley (3)\,{Shemale Yum Dvd03~G47~05-3~05 - Ashley (3)}
ashleyc2017.jpg,181944,60931555,\Gallery 47\05 - Ashley (3)\,{Shemale Yum Dvd03~G47~05-3~05 - Ashley (3)}
ashleyc2018.jpg,172640,6cf3e202,\Gallery 47\05 - Ashley (3)\,{Shemale Yum Dvd03~G47~05-3~05 - Ashley (3)}
ashleyc2019.jpg,187566,19973a37,\Gallery 47\05 - Ashley (3)\,{Shemale Yum Dvd03~G47~05-3~05 - Ashley (3)}
ashleyc2020.jpg,196098,f74a8e90,\Gallery 47\05 - Ashley (3)\,{Shemale Yum Dvd03~G47~05-3~05 - Ashley (3)}
ashleyc2021.jpg,197104,25179836,\Gallery 47\05 - Ashley (3)\,{Shemale Yum Dvd03~G47~05-3~05 - Ashley (3)}
ashleyc2022.jpg,187701,715f4524,\Gallery 47\05 - Ashley (3)\,{Shemale Yum Dvd03~G47~05-3~05 - Ashley (3)}
ashleyc2023.jpg,187785,41e48f3f,\Gallery 47\05 - Ashley (3)\,{Shemale Yum Dvd03~G47~05-3~05 - Ashley (3)}
ashleyc2024.jpg,182034,f43c4571,\Gallery 47\05 - Ashley (3)\,{Shemale Yum Dvd03~G47~05-3~05 - Ashley (3)}
ashleyc2025.jpg,172670,4470a038,\Gallery 47\05 - Ashley (3)\,{Shemale Yum Dvd03~G47~05-3~05 - Ashley (3)}
ashleyc2026.jpg,176464,3d3c8e19,\Gallery 47\05 - Ashley (3)\,{Shemale Yum Dvd03~G47~05-3~05 - Ashley (3)}
ashleyc2027.jpg,156027,88986434,\Gallery 47\05 - Ashley (3)\,{Shemale Yum Dvd03~G47~05-3~05 - Ashley (3)}
ashleyc2028.jpg,176247,e4ae1d29,\Gallery 47\05 - Ashley (3)\,{Shemale Yum Dvd03~G47~05-3~05 - Ashley (3)}
ashleyc2029.jpg,182529,28cf541f,\Gallery 47\05 - Ashley (3)\,{Shemale Yum Dvd03~G47~05-3~05 - Ashley (3)}
ashleyc2030.jpg,179293,c29bc78e,\Gallery 47\05 - Ashley (3)\,{Shemale Yum Dvd03~G47~05-3~05 - Ashley (3)}
ashleyc2031.jpg,165744,5cdd24ff,\Gallery 47\05 - Ashley (3)\,{Shemale Yum Dvd03~G47~05-3~05 - Ashley (3)}
ashleyc2032.jpg,148605,97a20d3a,\Gallery 47\05 - Ashley (3)\,{Shemale Yum Dvd03~G47~05-3~05 - Ashley (3)}
ashleyc2033.jpg,175175,c536ac98,\Gallery 47\05 - Ashley (3)\,{Shemale Yum Dvd03~G47~05-3~05 - Ashley (3)}
ashleyc2034.jpg,190695,f522264b,\Gallery 47\05 - Ashley (3)\,{Shemale Yum Dvd03~G47~05-3~05 - Ashley (3)}
ashleyc2035.jpg,187542,a27beca2,\Gallery 47\05 - Ashley (3)\,{Shemale Yum Dvd03~G47~05-3~05 - Ashley (3)}
ashleyc2036.jpg,174934,da877f5c,\Gallery 47\05 - Ashley (3)\,{Shemale Yum Dvd03~G47~05-3~05 - Ashley (3)}
ashleyc2037.jpg,165219,c22f12a7,\Gallery 47\05 - Ashley (3)\,{Shemale Yum Dvd03~G47~05-3~05 - Ashley (3)}
ashleyc2038.jpg,180781,d0fc4689,\Gallery 47\05 - Ashley (3)\,{Shemale Yum Dvd03~G47~05-3~05 - Ashley (3)}
ashleyc2039.jpg,166222,004b36e1,\Gallery 47\05 - Ashley (3)\,{Shemale Yum Dvd03~G47~05-3~05 - Ashley (3)}
ashleyc2040.jpg,172311,b6cdeacc,\Gallery 47\05 - Ashley (3)\,{Shemale Yum Dvd03~G47~05-3~05 - Ashley (3)}
ashleyc2041.jpg,169600,2a396dd3,\Gallery 47\05 - Ashley (3)\,{Shemale Yum Dvd03~G47~05-3~05 - Ashley (3)}
ashleyc2042.jpg,160951,815a07ca,\Gallery 47\05 - Ashley (3)\,{Shemale Yum Dvd03~G47~05-3~05 - Ashley (3)}
ashleyc2043.jpg,178107,fb474dc0,\Gallery 47\05 - Ashley (3)\,{Shemale Yum Dvd03~G47~05-3~05 - Ashley (3)}
ashleyc2044.jpg,169647,a453ff1e,\Gallery 47\05 - Ashley (3)\,{Shemale Yum Dvd03~G47~05-3~05 - Ashley (3)}
ashleyc2045.jpg,177884,c31b84f8,\Gallery 47\05 - Ashley (3)\,{Shemale Yum Dvd03~G47~05-3~05 - Ashley (3)}
ashleyc2046.jpg,179504,188751cc,\Gallery 47\05 - Ashley (3)\,{Shemale Yum Dvd03~G47~05-3~05 - Ashley (3)}
ashleyc2047.jpg,176671,83bd8f84,\Gallery 47\05 - Ashley (3)\,{Shemale Yum Dvd03~G47~05-3~05 - Ashley (3)}
ashleyc2048.jpg,173230,37785136,\Gallery 47\05 - Ashley (3)\,{Shemale Yum Dvd03~G47~05-3~05 - Ashley (3)}
ashleyc2049.jpg,187766,591151fd,\Gallery 47\05 - Ashley (3)\,{Shemale Yum Dvd03~G47~05-3~05 - Ashley (3)}
ashleyc2050.jpg,171936,0e982eb6,\Gallery 47\05 - Ashley (3)\,{Shemale Yum Dvd03~G47~05-3~05 - Ashley (3)}
ashleyc2051.jpg,175258,b9cf1274,\Gallery 47\05 - Ashley (3)\,{Shemale Yum Dvd03~G47~05-3~05 - Ashley (3)}
ashleyc2052.jpg,179648,4f5abb4c,\Gallery 47\05 - Ashley (3)\,{Shemale Yum Dvd03~G47~05-3~05 - Ashley (3)}
ashleyc2053.jpg,181723,81435064,\Gallery 47\05 - Ashley (3)\,{Shemale Yum Dvd03~G47~05-3~05 - Ashley (3)}
ashleyc2054.jpg,171668,a0c6f63b,\Gallery 47\05 - Ashley (3)\,{Shemale Yum Dvd03~G47~05-3~05 - Ashley (3)}
ashleyc2055.jpg,170720,631909b5,\Gallery 47\05 - Ashley (3)\,{Shemale Yum Dvd03~G47~05-3~05 - Ashley (3)}
ashleyc2056.jpg,170014,b9d123e2,\Gallery 47\05 - Ashley (3)\,{Shemale Yum Dvd03~G47~05-3~05 - Ashley (3)}
ashleyc2057.jpg,178771,48be29ed,\Gallery 47\05 - Ashley (3)\,{Shemale Yum Dvd03~G47~05-3~05 - Ashley (3)}
ashleyc2058.jpg,159816,8c7629de,\Gallery 47\05 - Ashley (3)\,{Shemale Yum Dvd03~G47~05-3~05 - Ashley (3)}
ashleyc2059.jpg,194515,6c43b2eb,\Gallery 47\05 - Ashley (3)\,{Shemale Yum Dvd03~G47~05-3~05 - Ashley (3)}
ashleyc2060.jpg,185737,6cf4dba4,\Gallery 47\05 - Ashley (3)\,{Shemale Yum Dvd03~G47~05-3~05 - Ashley (3)}
ashleyc2061.jpg,178973,09821cad,\Gallery 47\05 - Ashley (3)\,{Shemale Yum Dvd03~G47~05-3~05 - Ashley (3)}
ashleyc2062.jpg,174358,6f3f0eb7,\Gallery 47\05 - Ashley (3)\,{Shemale Yum Dvd03~G47~05-3~05 - Ashley (3)}
ashleyc2063.jpg,191295,875a8f91,\Gallery 47\05 - Ashley (3)\,{Shemale Yum Dvd03~G47~05-3~05 - Ashley (3)}
ashleyc2064.jpg,186123,57d905b7,\Gallery 47\05 - Ashley (3)\,{Shemale Yum Dvd03~G47~05-3~05 - Ashley (3)}
ashleyc2065.jpg,184047,102f7031,\Gallery 47\05 - Ashley (3)\,{Shemale Yum Dvd03~G47~05-3~05 - Ashley (3)}
ashleyc2066.jpg,190498,7f0b9cc2,\Gallery 47\05 - Ashley (3)\,{Shemale Yum Dvd03~G47~05-3~05 - Ashley (3)}
ashleyc2067.jpg,178410,26120f1b,\Gallery 47\05 - Ashley (3)\,{Shemale Yum Dvd03~G47~05-3~05 - Ashley (3)}
ashleyc2068.jpg,176437,27163806,\Gallery 47\05 - Ashley (3)\,{Shemale Yum Dvd03~G47~05-3~05 - Ashley (3)}
ashleyc2069.jpg,178738,3a8d8013,\Gallery 47\05 - Ashley (3)\,{Shemale Yum Dvd03~G47~05-3~05 - Ashley (3)}
ashleyc2070.jpg,177371,09f4061e,\Gallery 47\05 - Ashley (3)\,{Shemale Yum Dvd03~G47~05-3~05 - Ashley (3)}
ashleyc2071.jpg,186236,e15ce9db,\Gallery 47\05 - Ashley (3)\,{Shemale Yum Dvd03~G47~05-3~05 - Ashley (3)}
ashleyc2072.jpg,174883,ad3bc000,\Gallery 47\05 - Ashley (3)\,{Shemale Yum Dvd03~G47~05-3~05 - Ashley (3)}
ashleyc2073.jpg,168503,5dd7d0e9,\Gallery 47\05 - Ashley (3)\,{Shemale Yum Dvd03~G47~05-3~05 - Ashley (3)}
ashleyc2074.jpg,184386,db98dfd5,\Gallery 47\05 - Ashley (3)\,{Shemale Yum Dvd03~G47~05-3~05 - Ashley (3)}
ashleyc2075.jpg,173257,cf9a40db,\Gallery 47\05 - Ashley (3)\,{Shemale Yum Dvd03~G47~05-3~05 - Ashley (3)}
ashleyc2076.jpg,143354,45120979,\Gallery 47\05 - Ashley (3)\,{Shemale Yum Dvd03~G47~05-3~05 - Ashley (3)}
ashleyc2077.jpg,149054,9613d78f,\Gallery 47\05 - Ashley (3)\,{Shemale Yum Dvd03~G47~05-3~05 - Ashley (3)}
ashleyc2078.jpg,189772,0f33dba0,\Gallery 47\05 - Ashley (3)\,{Shemale Yum Dvd03~G47~05-3~05 - Ashley (3)}
ashleyc2079.jpg,173826,3d111f09,\Gallery 47\05 - Ashley (3)\,{Shemale Yum Dvd03~G47~05-3~05 - Ashley (3)}
ashleyc2080.jpg,176130,ea54a3b4,\Gallery 47\05 - Ashley (3)\,{Shemale Yum Dvd03~G47~05-3~05 - Ashley (3)}
ashleyc2081.jpg,175165,aab200c5,\Gallery 47\05 - Ashley (3)\,{Shemale Yum Dvd03~G47~05-3~05 - Ashley (3)}
ashleyc2082.jpg,177344,6fc8ed26,\Gallery 47\05 - Ashley (3)\,{Shemale Yum Dvd03~G47~05-3~05 - Ashley (3)}
ashleyc2083.jpg,190133,03ec4f1e,\Gallery 47\05 - Ashley (3)\,{Shemale Yum Dvd03~G47~05-3~05 - Ashley (3)}
ashleyc2084.jpg,179342,bda99b0d,\Gallery 47\05 - Ashley (3)\,{Shemale Yum Dvd03~G47~05-3~05 - Ashley (3)}
ashleyc2085.jpg,192266,abfdb00e,\Gallery 47\05 - Ashley (3)\,{Shemale Yum Dvd03~G47~05-3~05 - Ashley (3)}
ashleyc2086.jpg,185561,a61b74ce,\Gallery 47\05 - Ashley (3)\,{Shemale Yum Dvd03~G47~05-3~05 - Ashley (3)}
ashleyc2087.jpg,163251,6db1c0d9,\Gallery 47\05 - Ashley (3)\,{Shemale Yum Dvd03~G47~05-3~05 - Ashley (3)}
ashleyc2088.jpg,131561,2d157f04,\Gallery 47\05 - Ashley (3)\,{Shemale Yum Dvd03~G47~05-3~05 - Ashley (3)}
ashleyc2089.jpg,141017,e06113c0,\Gallery 47\05 - Ashley (3)\,{Shemale Yum Dvd03~G47~05-3~05 - Ashley (3)}
ashleyc2090.jpg,160229,5df1e526,\Gallery 47\05 - Ashley (3)\,{Shemale Yum Dvd03~G47~05-3~05 - Ashley (3)}
ashleyc2091.jpg,157522,04e5f940,\Gallery 47\05 - Ashley (3)\,{Shemale Yum Dvd03~G47~05-3~05 - Ashley (3)}
ashleyc3001.jpg,132497,dcae7fb4,\Gallery 47\05 - Ashley (4)\,{Shemale Yum Dvd03~G47~05-4~05 - Ashley (4)}
ashleyc3002.jpg,135440,3d65d5d5,\Gallery 47\05 - Ashley (4)\,{Shemale Yum Dvd03~G47~05-4~05 - Ashley (4)}
ashleyc3003.jpg,152149,16555c93,\Gallery 47\05 - Ashley (4)\,{Shemale Yum Dvd03~G47~05-4~05 - Ashley (4)}
ashleyc3004.jpg,152334,eb23c355,\Gallery 47\05 - Ashley (4)\,{Shemale Yum Dvd03~G47~05-4~05 - Ashley (4)}
ashleyc3005.jpg,151757,eff2ceeb,\Gallery 47\05 - Ashley (4)\,{Shemale Yum Dvd03~G47~05-4~05 - Ashley (4)}
ashleyc3006.jpg,148180,599eeb1d,\Gallery 47\05 - Ashley (4)\,{Shemale Yum Dvd03~G47~05-4~05 - Ashley (4)}
ashleyc3007.jpg,156539,4218647b,\Gallery 47\05 - Ashley (4)\,{Shemale Yum Dvd03~G47~05-4~05 - Ashley (4)}
ashleyc3008.jpg,140557,48d4496d,\Gallery 47\05 - Ashley (4)\,{Shemale Yum Dvd03~G47~05-4~05 - Ashley (4)}
ashleyc3009.jpg,139815,125dce60,\Gallery 47\05 - Ashley (4)\,{Shemale Yum Dvd03~G47~05-4~05 - Ashley (4)}
ashleyc3010.jpg,132760,1405fba4,\Gallery 47\05 - Ashley (4)\,{Shemale Yum Dvd03~G47~05-4~05 - Ashley (4)}
ashleyc3011.jpg,142722,b1adc4c5,\Gallery 47\05 - Ashley (4)\,{Shemale Yum Dvd03~G47~05-4~05 - Ashley (4)}
ashleyc3012.jpg,142043,972ff9ed,\Gallery 47\05 - Ashley (4)\,{Shemale Yum Dvd03~G47~05-4~05 - Ashley (4)}
ashleyc3013.jpg,143669,26b591b7,\Gallery 47\05 - Ashley (4)\,{Shemale Yum Dvd03~G47~05-4~05 - Ashley (4)}
ashleyc3014.jpg,118598,a496fec3,\Gallery 47\05 - Ashley (4)\,{Shemale Yum Dvd03~G47~05-4~05 - Ashley (4)}
ashleyc3015.jpg,149399,3e362115,\Gallery 47\05 - Ashley (4)\,{Shemale Yum Dvd03~G47~05-4~05 - Ashley (4)}
ashleyc3016.jpg,163713,74e40eca,\Gallery 47\05 - Ashley (4)\,{Shemale Yum Dvd03~G47~05-4~05 - Ashley (4)}
ashleyc3017.jpg,159557,cc0476ce,\Gallery 47\05 - Ashley (4)\,{Shemale Yum Dvd03~G47~05-4~05 - Ashley (4)}
ashleyc3018.jpg,189214,dc5e44f6,\Gallery 47\05 - Ashley (4)\,{Shemale Yum Dvd03~G47~05-4~05 - Ashley (4)}
ashleyc3019.jpg,131588,cc26b05a,\Gallery 47\05 - Ashley (4)\,{Shemale Yum Dvd03~G47~05-4~05 - Ashley (4)}
ashleyc3020.jpg,137220,faf1acb1,\Gallery 47\05 - Ashley (4)\,{Shemale Yum Dvd03~G47~05-4~05 - Ashley (4)}
ashleyc3021.jpg,125444,01e4f9dc,\Gallery 47\05 - Ashley (4)\,{Shemale Yum Dvd03~G47~05-4~05 - Ashley (4)}
ashleyc3022.jpg,143223,c3807648,\Gallery 47\05 - Ashley (4)\,{Shemale Yum Dvd03~G47~05-4~05 - Ashley (4)}
ashleyc3023.jpg,140173,e83a7eb5,\Gallery 47\05 - Ashley (4)\,{Shemale Yum Dvd03~G47~05-4~05 - Ashley (4)}
ashleyc3024.jpg,133399,ee693cb7,\Gallery 47\05 - Ashley (4)\,{Shemale Yum Dvd03~G47~05-4~05 - Ashley (4)}
ashleyc3025.jpg,143132,14ac3bc6,\Gallery 47\05 - Ashley (4)\,{Shemale Yum Dvd03~G47~05-4~05 - Ashley (4)}
ashleyc3026.jpg,126208,89f5b93b,\Gallery 47\05 - Ashley (4)\,{Shemale Yum Dvd03~G47~05-4~05 - Ashley (4)}
ashleyc3027.jpg,146974,b6500411,\Gallery 47\05 - Ashley (4)\,{Shemale Yum Dvd03~G47~05-4~05 - Ashley (4)}
ashleyc3028.jpg,156662,034b07e0,\Gallery 47\05 - Ashley (4)\,{Shemale Yum Dvd03~G47~05-4~05 - Ashley (4)}
ashleyc3029.jpg,138172,29e64815,\Gallery 47\05 - Ashley (4)\,{Shemale Yum Dvd03~G47~05-4~05 - Ashley (4)}
ashleyc3030.jpg,142083,a13aabd2,\Gallery 47\05 - Ashley (4)\,{Shemale Yum Dvd03~G47~05-4~05 - Ashley (4)}
ashleyc3031.jpg,141433,29bc98c2,\Gallery 47\05 - Ashley (4)\,{Shemale Yum Dvd03~G47~05-4~05 - Ashley (4)}
ashleyc3032.jpg,138166,f8f00d5e,\Gallery 47\05 - Ashley (4)\,{Shemale Yum Dvd03~G47~05-4~05 - Ashley (4)}
ashleyc3033.jpg,138438,0f9d9d23,\Gallery 47\05 - Ashley (4)\,{Shemale Yum Dvd03~G47~05-4~05 - Ashley (4)}
ashleyc3034.jpg,132275,bace4fdd,\Gallery 47\05 - Ashley (4)\,{Shemale Yum Dvd03~G47~05-4~05 - Ashley (4)}
ashleyc3035.jpg,139295,4d50117e,\Gallery 47\05 - Ashley (4)\,{Shemale Yum Dvd03~G47~05-4~05 - Ashley (4)}
ashleyc3036.jpg,144052,5029c4d1,\Gallery 47\05 - Ashley (4)\,{Shemale Yum Dvd03~G47~05-4~05 - Ashley (4)}
ashleyc3037.jpg,143973,ce8a123e,\Gallery 47\05 - Ashley (4)\,{Shemale Yum Dvd03~G47~05-4~05 - Ashley (4)}
ashleyc3038.jpg,135082,6342fec7,\Gallery 47\05 - Ashley (4)\,{Shemale Yum Dvd03~G47~05-4~05 - Ashley (4)}
ashleyc3039.jpg,132567,65e952a6,\Gallery 47\05 - Ashley (4)\,{Shemale Yum Dvd03~G47~05-4~05 - Ashley (4)}
ashleyc3040.jpg,122369,19ab8af5,\Gallery 47\05 - Ashley (4)\,{Shemale Yum Dvd03~G47~05-4~05 - Ashley (4)}
ashleyc3041.jpg,125023,9a537502,\Gallery 47\05 - Ashley (4)\,{Shemale Yum Dvd03~G47~05-4~05 - Ashley (4)}
ashleyc3042.jpg,132265,1f66f215,\Gallery 47\05 - Ashley (4)\,{Shemale Yum Dvd03~G47~05-4~05 - Ashley (4)}
ashleyc3043.jpg,136487,cc81586d,\Gallery 47\05 - Ashley (4)\,{Shemale Yum Dvd03~G47~05-4~05 - Ashley (4)}
ashleyc3044.jpg,173933,23b24014,\Gallery 47\05 - Ashley (4)\,{Shemale Yum Dvd03~G47~05-4~05 - Ashley (4)}
ashleyc3045.jpg,173367,4a76415c,\Gallery 47\05 - Ashley (4)\,{Shemale Yum Dvd03~G47~05-4~05 - Ashley (4)}
ashleyc3046.jpg,188110,fbfdb75f,\Gallery 47\05 - Ashley (4)\,{Shemale Yum Dvd03~G47~05-4~05 - Ashley (4)}
ashleyc3047.jpg,154594,9bc20b22,\Gallery 47\05 - Ashley (4)\,{Shemale Yum Dvd03~G47~05-4~05 - Ashley (4)}
ashleyc3048.jpg,175949,0162c8e6,\Gallery 47\05 - Ashley (4)\,{Shemale Yum Dvd03~G47~05-4~05 - Ashley (4)}
ashleyc3049.jpg,155179,c613d943,\Gallery 47\05 - Ashley (4)\,{Shemale Yum Dvd03~G47~05-4~05 - Ashley (4)}
ashleyc3050.jpg,176475,0217def1,\Gallery 47\05 - Ashley (4)\,{Shemale Yum Dvd03~G47~05-4~05 - Ashley (4)}
ashleyc3051.jpg,120010,991f6c48,\Gallery 47\05 - Ashley (4)\,{Shemale Yum Dvd03~G47~05-4~05 - Ashley (4)}
ashleyc3052.jpg,130696,d3daa115,\Gallery 47\05 - Ashley (4)\,{Shemale Yum Dvd03~G47~05-4~05 - Ashley (4)}
ashleyc3053.jpg,123122,008bfc38,\Gallery 47\05 - Ashley (4)\,{Shemale Yum Dvd03~G47~05-4~05 - Ashley (4)}
ashleyc3054.jpg,129085,9e902ffd,\Gallery 47\05 - Ashley (4)\,{Shemale Yum Dvd03~G47~05-4~05 - Ashley (4)}
ashleyc3055.jpg,133937,5127d2b7,\Gallery 47\05 - Ashley (4)\,{Shemale Yum Dvd03~G47~05-4~05 - Ashley (4)}
ashleyc3056.jpg,143480,4e54a1c7,\Gallery 47\05 - Ashley (4)\,{Shemale Yum Dvd03~G47~05-4~05 - Ashley (4)}
ashleyc3057.jpg,153659,c256e9a5,\Gallery 47\05 - Ashley (4)\,{Shemale Yum Dvd03~G47~05-4~05 - Ashley (4)}
ashleyc3058.jpg,154694,f406296b,\Gallery 47\05 - Ashley (4)\,{Shemale Yum Dvd03~G47~05-4~05 - Ashley (4)}
ashleyc3059.jpg,141828,cb594b0a,\Gallery 47\05 - Ashley (4)\,{Shemale Yum Dvd03~G47~05-4~05 - Ashley (4)}
ashleyc3060.jpg,144958,fad624e7,\Gallery 47\05 - Ashley (4)\,{Shemale Yum Dvd03~G47~05-4~05 - Ashley (4)}
ashleyc3061.jpg,148927,b66be2e6,\Gallery 47\05 - Ashley (4)\,{Shemale Yum Dvd03~G47~05-4~05 - Ashley (4)}
ashleyc3062.jpg,144656,37a5d5f1,\Gallery 47\05 - Ashley (4)\,{Shemale Yum Dvd03~G47~05-4~05 - Ashley (4)}
ashleyc3063.jpg,147305,baa8d1d8,\Gallery 47\05 - Ashley (4)\,{Shemale Yum Dvd03~G47~05-4~05 - Ashley (4)}
ashleyc3064.jpg,171387,30f09820,\Gallery 47\05 - Ashley (4)\,{Shemale Yum Dvd03~G47~05-4~05 - Ashley (4)}
ashleyc3065.jpg,146606,ae0cfbc2,\Gallery 47\05 - Ashley (4)\,{Shemale Yum Dvd03~G47~05-4~05 - Ashley (4)}
ashleyc3066.jpg,134680,967098b7,\Gallery 47\05 - Ashley (4)\,{Shemale Yum Dvd03~G47~05-4~05 - Ashley (4)}
ashleyc3067.jpg,138920,d1e998c9,\Gallery 47\05 - Ashley (4)\,{Shemale Yum Dvd03~G47~05-4~05 - Ashley (4)}
ashleyc3068.jpg,129541,8ef115ed,\Gallery 47\05 - Ashley (4)\,{Shemale Yum Dvd03~G47~05-4~05 - Ashley (4)}
ashleyc3069.jpg,138620,d2c9a97c,\Gallery 47\05 - Ashley (4)\,{Shemale Yum Dvd03~G47~05-4~05 - Ashley (4)}
ashleyc3070.jpg,126242,45fcdba9,\Gallery 47\05 - Ashley (4)\,{Shemale Yum Dvd03~G47~05-4~05 - Ashley (4)}
ashleyc3071.jpg,104648,3d47930a,\Gallery 47\05 - Ashley (4)\,{Shemale Yum Dvd03~G47~05-4~05 - Ashley (4)}
ashleyc3072.jpg,98302,65989923,\Gallery 47\05 - Ashley (4)\,{Shemale Yum Dvd03~G47~05-4~05 - Ashley (4)}
ashleyc3073.jpg,110820,48593e52,\Gallery 47\05 - Ashley (4)\,{Shemale Yum Dvd03~G47~05-4~05 - Ashley (4)}
ashleyc3074.jpg,132464,c673787c,\Gallery 47\05 - Ashley (4)\,{Shemale Yum Dvd03~G47~05-4~05 - Ashley (4)}
ashleyc3075.jpg,136075,f01c32f2,\Gallery 47\05 - Ashley (4)\,{Shemale Yum Dvd03~G47~05-4~05 - Ashley (4)}
ashleyc3076.jpg,115877,489473bf,\Gallery 47\05 - Ashley (4)\,{Shemale Yum Dvd03~G47~05-4~05 - Ashley (4)}
ashleyc3077.jpg,120142,f1bb3943,\Gallery 47\05 - Ashley (4)\,{Shemale Yum Dvd03~G47~05-4~05 - Ashley (4)}
ashleyc3078.jpg,115667,24992b45,\Gallery 47\05 - Ashley (4)\,{Shemale Yum Dvd03~G47~05-4~05 - Ashley (4)}
ashleyc3079.jpg,117153,08c8bda4,\Gallery 47\05 - Ashley (4)\,{Shemale Yum Dvd03~G47~05-4~05 - Ashley (4)}
ashleyc3080.jpg,115860,cf726942,\Gallery 47\05 - Ashley (4)\,{Shemale Yum Dvd03~G47~05-4~05 - Ashley (4)}
ashleyc3081.jpg,146455,c4c4fd4a,\Gallery 47\05 - Ashley (4)\,{Shemale Yum Dvd03~G47~05-4~05 - Ashley (4)}
ashleyc3082.jpg,137695,51223522,\Gallery 47\05 - Ashley (4)\,{Shemale Yum Dvd03~G47~05-4~05 - Ashley (4)}
ashleyc3083.jpg,149560,270c49bc,\Gallery 47\05 - Ashley (4)\,{Shemale Yum Dvd03~G47~05-4~05 - Ashley (4)}
ashleyc3084.jpg,116644,15fc8614,\Gallery 47\05 - Ashley (4)\,{Shemale Yum Dvd03~G47~05-4~05 - Ashley (4)}
ashleyc3085.jpg,127517,91b06e16,\Gallery 47\05 - Ashley (4)\,{Shemale Yum Dvd03~G47~05-4~05 - Ashley (4)}
ashleyc3086.jpg,121511,bf62826e,\Gallery 47\05 - Ashley (4)\,{Shemale Yum Dvd03~G47~05-4~05 - Ashley (4)}
ashleyc3087.jpg,143838,a1443c4c,\Gallery 47\05 - Ashley (4)\,{Shemale Yum Dvd03~G47~05-4~05 - Ashley (4)}
ashleyc3088.jpg,125828,4f4e906f,\Gallery 47\05 - Ashley (4)\,{Shemale Yum Dvd03~G47~05-4~05 - Ashley (4)}
ashleyc3089.jpg,135495,0ca5f0f1,\Gallery 47\05 - Ashley (4)\,{Shemale Yum Dvd03~G47~05-4~05 - Ashley (4)}
ashleyc3090.jpg,101510,f9076558,\Gallery 47\05 - Ashley (4)\,{Shemale Yum Dvd03~G47~05-4~05 - Ashley (4)}
ashleyc3091.jpg,114068,2c5a396b,\Gallery 47\05 - Ashley (4)\,{Shemale Yum Dvd03~G47~05-4~05 - Ashley (4)}
ashleyc3092.jpg,120542,0ca881f7,\Gallery 47\05 - Ashley (4)\,{Shemale Yum Dvd03~G47~05-4~05 - Ashley (4)}
ashleyc3093.jpg,121080,6f306c01,\Gallery 47\05 - Ashley (4)\,{Shemale Yum Dvd03~G47~05-4~05 - Ashley (4)}
ashleyc3094.jpg,156380,23386150,\Gallery 47\05 - Ashley (4)\,{Shemale Yum Dvd03~G47~05-4~05 - Ashley (4)}
ashleyc3095.jpg,150682,45119264,\Gallery 47\05 - Ashley (4)\,{Shemale Yum Dvd03~G47~05-4~05 - Ashley (4)}
ashleyc3096.jpg,164250,02f582c4,\Gallery 47\05 - Ashley (4)\,{Shemale Yum Dvd03~G47~05-4~05 - Ashley (4)}
ashleyc3097.jpg,163486,082d6224,\Gallery 47\05 - Ashley (4)\,{Shemale Yum Dvd03~G47~05-4~05 - Ashley (4)}
ashleyc3098.jpg,148815,bbd06bbe,\Gallery 47\05 - Ashley (4)\,{Shemale Yum Dvd03~G47~05-4~05 - Ashley (4)}
ashleyc3099.jpg,154526,7a47f285,\Gallery 47\05 - Ashley (4)\,{Shemale Yum Dvd03~G47~05-4~05 - Ashley (4)}
ashleyc3100.jpg,141198,a78adee4,\Gallery 47\05 - Ashley (4)\,{Shemale Yum Dvd03~G47~05-4~05 - Ashley (4)}
ashleyc3101.jpg,142658,9c8d23a1,\Gallery 47\05 - Ashley (4)\,{Shemale Yum Dvd03~G47~05-4~05 - Ashley (4)}
ashleyc3102.jpg,144436,3ff60493,\Gallery 47\05 - Ashley (4)\,{Shemale Yum Dvd03~G47~05-4~05 - Ashley (4)}
ashleyc3103.jpg,149523,2b3cb0dd,\Gallery 47\05 - Ashley (4)\,{Shemale Yum Dvd03~G47~05-4~05 - Ashley (4)}
ashleyc3104.jpg,162401,4c274c43,\Gallery 47\05 - Ashley (4)\,{Shemale Yum Dvd03~G47~05-4~05 - Ashley (4)}
ashleyc3105.jpg,145796,542ea52b,\Gallery 47\05 - Ashley (4)\,{Shemale Yum Dvd03~G47~05-4~05 - Ashley (4)}
ashleyc3106.jpg,158145,f910aa33,\Gallery 47\05 - Ashley (4)\,{Shemale Yum Dvd03~G47~05-4~05 - Ashley (4)}
ashleyc3107.jpg,134899,6d437841,\Gallery 47\05 - Ashley (4)\,{Shemale Yum Dvd03~G47~05-4~05 - Ashley (4)}
ashleyc3108.jpg,128107,1f3063bb,\Gallery 47\05 - Ashley (4)\,{Shemale Yum Dvd03~G47~05-4~05 - Ashley (4)}
ashleyc3109.jpg,134306,985810e5,\Gallery 47\05 - Ashley (4)\,{Shemale Yum Dvd03~G47~05-4~05 - Ashley (4)}
ashleyc3110.jpg,131287,3852f437,\Gallery 47\05 - Ashley (4)\,{Shemale Yum Dvd03~G47~05-4~05 - Ashley (4)}
ashleyc3111.jpg,140979,8c7d7f8b,\Gallery 47\05 - Ashley (4)\,{Shemale Yum Dvd03~G47~05-4~05 - Ashley (4)}
ashleyc3112.jpg,115262,f83c8132,\Gallery 47\05 - Ashley (4)\,{Shemale Yum Dvd03~G47~05-4~05 - Ashley (4)}
ashleyc3113.jpg,143761,92766f1c,\Gallery 47\05 - Ashley (4)\,{Shemale Yum Dvd03~G47~05-4~05 - Ashley (4)}
ashleyc3114.jpg,130611,b4fe73c7,\Gallery 47\05 - Ashley (4)\,{Shemale Yum Dvd03~G47~05-4~05 - Ashley (4)}
ashleyc3115.jpg,143788,eb4dc5b9,\Gallery 47\05 - Ashley (4)\,{Shemale Yum Dvd03~G47~05-4~05 - Ashley (4)}
ashleyc3116.jpg,128089,bca80c6b,\Gallery 47\05 - Ashley (4)\,{Shemale Yum Dvd03~G47~05-4~05 - Ashley (4)}
ashleyc3117.jpg,118545,162f0baa,\Gallery 47\05 - Ashley (4)\,{Shemale Yum Dvd03~G47~05-4~05 - Ashley (4)}
ashleyc3118.jpg,134247,ea2c949d,\Gallery 47\05 - Ashley (4)\,{Shemale Yum Dvd03~G47~05-4~05 - Ashley (4)}
ashleyc3119.jpg,140899,b7286cf6,\Gallery 47\05 - Ashley (4)\,{Shemale Yum Dvd03~G47~05-4~05 - Ashley (4)}
ashleyc3120.jpg,141105,2d1f8e2c,\Gallery 47\05 - Ashley (4)\,{Shemale Yum Dvd03~G47~05-4~05 - Ashley (4)}
ashleyc3121.jpg,150773,4d048f2c,\Gallery 47\05 - Ashley (4)\,{Shemale Yum Dvd03~G47~05-4~05 - Ashley (4)}
ashleyc3122.jpg,141196,bb2b53e6,\Gallery 47\05 - Ashley (4)\,{Shemale Yum Dvd03~G47~05-4~05 - Ashley (4)}
ashleyc3123.jpg,152433,73289ed7,\Gallery 47\05 - Ashley (4)\,{Shemale Yum Dvd03~G47~05-4~05 - Ashley (4)}
ashleyc3124.jpg,130835,7b4f5c7d,\Gallery 47\05 - Ashley (4)\,{Shemale Yum Dvd03~G47~05-4~05 - Ashley (4)}
ashleyc3125.jpg,121005,599caecd,\Gallery 47\05 - Ashley (4)\,{Shemale Yum Dvd03~G47~05-4~05 - Ashley (4)}
ashleyc3126.jpg,113371,bcfbf87f,\Gallery 47\05 - Ashley (4)\,{Shemale Yum Dvd03~G47~05-4~05 - Ashley (4)}
ashleyc3127.jpg,108827,9677b41c,\Gallery 47\05 - Ashley (4)\,{Shemale Yum Dvd03~G47~05-4~05 - Ashley (4)}
ashleyc3128.jpg,149208,c4767f54,\Gallery 47\05 - Ashley (4)\,{Shemale Yum Dvd03~G47~05-4~05 - Ashley (4)}
ashleyc3129.jpg,158522,32bcc754,\Gallery 47\05 - Ashley (4)\,{Shemale Yum Dvd03~G47~05-4~05 - Ashley (4)}
ashleyc3130.jpg,159703,2813a102,\Gallery 47\05 - Ashley (4)\,{Shemale Yum Dvd03~G47~05-4~05 - Ashley (4)}
ashleyc3131.jpg,130650,5488210e,\Gallery 47\05 - Ashley (4)\,{Shemale Yum Dvd03~G47~05-4~05 - Ashley (4)}
ashleyc3132.jpg,133466,f17fb068,\Gallery 47\05 - Ashley (4)\,{Shemale Yum Dvd03~G47~05-4~05 - Ashley (4)}
ashleyc3133.jpg,131737,78a7cfac,\Gallery 47\05 - Ashley (4)\,{Shemale Yum Dvd03~G47~05-4~05 - Ashley (4)}
ashleyc3134.jpg,141426,90d65c2c,\Gallery 47\05 - Ashley (4)\,{Shemale Yum Dvd03~G47~05-4~05 - Ashley (4)}
ashleyc3135.jpg,145670,6f9ba5df,\Gallery 47\05 - Ashley (4)\,{Shemale Yum Dvd03~G47~05-4~05 - Ashley (4)}
ashleyc3136.jpg,123967,cabeb3b6,\Gallery 47\05 - Ashley (4)\,{Shemale Yum Dvd03~G47~05-4~05 - Ashley (4)}
ashleyc3137.jpg,134671,475dbb59,\Gallery 47\05 - Ashley (4)\,{Shemale Yum Dvd03~G47~05-4~05 - Ashley (4)}
ashleyc3138.jpg,137563,0601e19c,\Gallery 47\05 - Ashley (4)\,{Shemale Yum Dvd03~G47~05-4~05 - Ashley (4)}
ashleyc3139.jpg,145458,7d5e30f7,\Gallery 47\05 - Ashley (4)\,{Shemale Yum Dvd03~G47~05-4~05 - Ashley (4)}
ashleyc3140.jpg,135834,aec5cee0,\Gallery 47\05 - Ashley (4)\,{Shemale Yum Dvd03~G47~05-4~05 - Ashley (4)}
ashleyc3141.jpg,119079,7ac0f51b,\Gallery 47\05 - Ashley (4)\,{Shemale Yum Dvd03~G47~05-4~05 - Ashley (4)}
ashleyc3142.jpg,126592,10864a8f,\Gallery 47\05 - Ashley (4)\,{Shemale Yum Dvd03~G47~05-4~05 - Ashley (4)}
ashleyc3143.jpg,119254,3540f498,\Gallery 47\05 - Ashley (4)\,{Shemale Yum Dvd03~G47~05-4~05 - Ashley (4)}
ashleyc3144.jpg,131182,2e80a7d7,\Gallery 47\05 - Ashley (4)\,{Shemale Yum Dvd03~G47~05-4~05 - Ashley (4)}
ashleyc3145.jpg,129549,91da3cd9,\Gallery 47\05 - Ashley (4)\,{Shemale Yum Dvd03~G47~05-4~05 - Ashley (4)}
ashleyc3146.jpg,122334,a33f5caa,\Gallery 47\05 - Ashley (4)\,{Shemale Yum Dvd03~G47~05-4~05 - Ashley (4)}
ashleyc3147.jpg,114591,2d1f9f5e,\Gallery 47\05 - Ashley (4)\,{Shemale Yum Dvd03~G47~05-4~05 - Ashley (4)}
ashleyc3148.jpg,90948,e53b0e0e,\Gallery 47\05 - Ashley (4)\,{Shemale Yum Dvd03~G47~05-4~05 - Ashley (4)}
ashleyc3149.jpg,96464,a6b7c35d,\Gallery 47\05 - Ashley (4)\,{Shemale Yum Dvd03~G47~05-4~05 - Ashley (4)}
ashleyc3150.jpg,88552,a21e0584,\Gallery 47\05 - Ashley (4)\,{Shemale Yum Dvd03~G47~05-4~05 - Ashley (4)}
ashleyc3151.jpg,117541,ae446add,\Gallery 47\05 - Ashley (4)\,{Shemale Yum Dvd03~G47~05-4~05 - Ashley (4)}
ashleyc3152.jpg,116694,3e6bc731,\Gallery 47\05 - Ashley (4)\,{Shemale Yum Dvd03~G47~05-4~05 - Ashley (4)}
ashleyc3153.jpg,116231,d9a675d4,\Gallery 47\05 - Ashley (4)\,{Shemale Yum Dvd03~G47~05-4~05 - Ashley (4)}
ashleyc3154.jpg,108861,8e479106,\Gallery 47\05 - Ashley (4)\,{Shemale Yum Dvd03~G47~05-4~05 - Ashley (4)}
ashleyc3155.jpg,106984,15ae8656,\Gallery 47\05 - Ashley (4)\,{Shemale Yum Dvd03~G47~05-4~05 - Ashley (4)}
ashleyc3156.jpg,109485,ab9aaec6,\Gallery 47\05 - Ashley (4)\,{Shemale Yum Dvd03~G47~05-4~05 - Ashley (4)}
ashleyc3157.jpg,116635,0cf69375,\Gallery 47\05 - Ashley (4)\,{Shemale Yum Dvd03~G47~05-4~05 - Ashley (4)}
ashleyc3158.jpg,118980,60213def,\Gallery 47\05 - Ashley (4)\,{Shemale Yum Dvd03~G47~05-4~05 - Ashley (4)}
ashleyc5001.jpg,154044,c394a007,\Gallery 47\05 - Ashley (5)\,{Shemale Yum Dvd03~G47~05-5~05 - Ashley (5)}
ashleyc5002.jpg,190159,e443f9ce,\Gallery 47\05 - Ashley (5)\,{Shemale Yum Dvd03~G47~05-5~05 - Ashley (5)}
ashleyc5003.jpg,195909,4afddb3f,\Gallery 47\05 - Ashley (5)\,{Shemale Yum Dvd03~G47~05-5~05 - Ashley (5)}
ashleyc5004.jpg,143310,6782dc8f,\Gallery 47\05 - Ashley (5)\,{Shemale Yum Dvd03~G47~05-5~05 - Ashley (5)}
ashleyc5005.jpg,145378,c5975189,\Gallery 47\05 - Ashley (5)\,{Shemale Yum Dvd03~G47~05-5~05 - Ashley (5)}
ashleyc5006.jpg,134706,a013b439,\Gallery 47\05 - Ashley (5)\,{Shemale Yum Dvd03~G47~05-5~05 - Ashley (5)}
ashleyc5007.jpg,140225,08775644,\Gallery 47\05 - Ashley (5)\,{Shemale Yum Dvd03~G47~05-5~05 - Ashley (5)}
ashleyc5008.jpg,153930,202470fa,\Gallery 47\05 - Ashley (5)\,{Shemale Yum Dvd03~G47~05-5~05 - Ashley (5)}
ashleyc5009.jpg,181259,87c57122,\Gallery 47\05 - Ashley (5)\,{Shemale Yum Dvd03~G47~05-5~05 - Ashley (5)}
ashleyc5010.jpg,161138,15b94cbc,\Gallery 47\05 - Ashley (5)\,{Shemale Yum Dvd03~G47~05-5~05 - Ashley (5)}
ashleyc5011.jpg,117283,766d270b,\Gallery 47\05 - Ashley (5)\,{Shemale Yum Dvd03~G47~05-5~05 - Ashley (5)}
ashleyc5012.jpg,109694,a3fbf386,\Gallery 47\05 - Ashley (5)\,{Shemale Yum Dvd03~G47~05-5~05 - Ashley (5)}
ashleyc5013.jpg,158601,c565ab17,\Gallery 47\05 - Ashley (5)\,{Shemale Yum Dvd03~G47~05-5~05 - Ashley (5)}
ashleyc5014.jpg,97168,ac96d04e,\Gallery 47\05 - Ashley (5)\,{Shemale Yum Dvd03~G47~05-5~05 - Ashley (5)}
ashleyc5015.jpg,135793,64b481c8,\Gallery 47\05 - Ashley (5)\,{Shemale Yum Dvd03~G47~05-5~05 - Ashley (5)}
ashleyc5016.jpg,177712,665279b6,\Gallery 47\05 - Ashley (5)\,{Shemale Yum Dvd03~G47~05-5~05 - Ashley (5)}
ashleyc5017.jpg,123646,91b38256,\Gallery 47\05 - Ashley (5)\,{Shemale Yum Dvd03~G47~05-5~05 - Ashley (5)}
ashleyc5018.jpg,139732,bcfbb0d0,\Gallery 47\05 - Ashley (5)\,{Shemale Yum Dvd03~G47~05-5~05 - Ashley (5)}
ashleyc5019.jpg,132167,095e928c,\Gallery 47\05 - Ashley (5)\,{Shemale Yum Dvd03~G47~05-5~05 - Ashley (5)}
ashleyc5020.jpg,142508,ddd74a8d,\Gallery 47\05 - Ashley (5)\,{Shemale Yum Dvd03~G47~05-5~05 - Ashley (5)}
ashleyc5021.jpg,141783,75aae6d8,\Gallery 47\05 - Ashley (5)\,{Shemale Yum Dvd03~G47~05-5~05 - Ashley (5)}
ashleyc5022.jpg,129568,37eeec26,\Gallery 47\05 - Ashley (5)\,{Shemale Yum Dvd03~G47~05-5~05 - Ashley (5)}
ashleyc5023.jpg,124955,d2a9d02c,\Gallery 47\05 - Ashley (5)\,{Shemale Yum Dvd03~G47~05-5~05 - Ashley (5)}
ashleyc5024.jpg,170662,bb9bccbe,\Gallery 47\05 - Ashley (5)\,{Shemale Yum Dvd03~G47~05-5~05 - Ashley (5)}
ashleyc5025.jpg,184358,c5f14943,\Gallery 47\05 - Ashley (5)\,{Shemale Yum Dvd03~G47~05-5~05 - Ashley (5)}
ashleyc5026.jpg,125751,341b85f5,\Gallery 47\05 - Ashley (5)\,{Shemale Yum Dvd03~G47~05-5~05 - Ashley (5)}
ashleyc5027.jpg,124748,07a6ddcc,\Gallery 47\05 - Ashley (5)\,{Shemale Yum Dvd03~G47~05-5~05 - Ashley (5)}
ashleyc5028.jpg,169783,1ada8def,\Gallery 47\05 - Ashley (5)\,{Shemale Yum Dvd03~G47~05-5~05 - Ashley (5)}
ashleyc5029.jpg,181222,4badc27c,\Gallery 47\05 - Ashley (5)\,{Shemale Yum Dvd03~G47~05-5~05 - Ashley (5)}
ashleyc5030.jpg,188568,181a9f3f,\Gallery 47\05 - Ashley (5)\,{Shemale Yum Dvd03~G47~05-5~05 - Ashley (5)}
ashleyc5031.jpg,188132,7c1cf23a,\Gallery 47\05 - Ashley (5)\,{Shemale Yum Dvd03~G47~05-5~05 - Ashley (5)}
ashleyc5032.jpg,172828,581af227,\Gallery 47\05 - Ashley (5)\,{Shemale Yum Dvd03~G47~05-5~05 - Ashley (5)}
ashleyc5033.jpg,183444,d66fa0b5,\Gallery 47\05 - Ashley (5)\,{Shemale Yum Dvd03~G47~05-5~05 - Ashley (5)}
ashleyc5034.jpg,127682,3545775d,\Gallery 47\05 - Ashley (5)\,{Shemale Yum Dvd03~G47~05-5~05 - Ashley (5)}
ashleyc5035.jpg,135036,c423e683,\Gallery 47\05 - Ashley (5)\,{Shemale Yum Dvd03~G47~05-5~05 - Ashley (5)}
ashleyc5036.jpg,184706,9f2a8c59,\Gallery 47\05 - Ashley (5)\,{Shemale Yum Dvd03~G47~05-5~05 - Ashley (5)}
ashleyc5037.jpg,117869,5e69807c,\Gallery 47\05 - Ashley (5)\,{Shemale Yum Dvd03~G47~05-5~05 - Ashley (5)}
ashleyc5038.jpg,176855,8ce61d8b,\Gallery 47\05 - Ashley (5)\,{Shemale Yum Dvd03~G47~05-5~05 - Ashley (5)}
ashleyc5039.jpg,124554,d95b00db,\Gallery 47\05 - Ashley (5)\,{Shemale Yum Dvd03~G47~05-5~05 - Ashley (5)}
ashleyc5040.jpg,115051,fe9b93c1,\Gallery 47\05 - Ashley (5)\,{Shemale Yum Dvd03~G47~05-5~05 - Ashley (5)}
ashleyc5041.jpg,121065,c2277bc2,\Gallery 47\05 - Ashley (5)\,{Shemale Yum Dvd03~G47~05-5~05 - Ashley (5)}
ashleyc5042.jpg,116904,02d2dfa5,\Gallery 47\05 - Ashley (5)\,{Shemale Yum Dvd03~G47~05-5~05 - Ashley (5)}
ashleyc5043.jpg,127045,4c2caa25,\Gallery 47\05 - Ashley (5)\,{Shemale Yum Dvd03~G47~05-5~05 - Ashley (5)}
ashleyc5044.jpg,121439,1cd24819,\Gallery 47\05 - Ashley (5)\,{Shemale Yum Dvd03~G47~05-5~05 - Ashley (5)}
ashleyc5045.jpg,114806,7dfa6bb8,\Gallery 47\05 - Ashley (5)\,{Shemale Yum Dvd03~G47~05-5~05 - Ashley (5)}
ashleyc5046.jpg,172663,eb852054,\Gallery 47\05 - Ashley (5)\,{Shemale Yum Dvd03~G47~05-5~05 - Ashley (5)}
ashleyc5047.jpg,122461,349b7d38,\Gallery 47\05 - Ashley (5)\,{Shemale Yum Dvd03~G47~05-5~05 - Ashley (5)}
ashleyc5048.jpg,170120,fe1f6c17,\Gallery 47\05 - Ashley (5)\,{Shemale Yum Dvd03~G47~05-5~05 - Ashley (5)}
ashleyc5049.jpg,159682,7d0d3a79,\Gallery 47\05 - Ashley (5)\,{Shemale Yum Dvd03~G47~05-5~05 - Ashley (5)}
ashleyc5050.jpg,126026,020a8f4b,\Gallery 47\05 - Ashley (5)\,{Shemale Yum Dvd03~G47~05-5~05 - Ashley (5)}
ashleyc5051.jpg,178400,0bd53508,\Gallery 47\05 - Ashley (5)\,{Shemale Yum Dvd03~G47~05-5~05 - Ashley (5)}
ashleyc5052.jpg,125638,c6e31d78,\Gallery 47\05 - Ashley (5)\,{Shemale Yum Dvd03~G47~05-5~05 - Ashley (5)}
ashleyc5053.jpg,143285,e21ebfa6,\Gallery 47\05 - Ashley (5)\,{Shemale Yum Dvd03~G47~05-5~05 - Ashley (5)}
ashleyc5054.jpg,130632,cf2b1990,\Gallery 47\05 - Ashley (5)\,{Shemale Yum Dvd03~G47~05-5~05 - Ashley (5)}
ashleyc5055.jpg,146085,8bc8188a,\Gallery 47\05 - Ashley (5)\,{Shemale Yum Dvd03~G47~05-5~05 - Ashley (5)}
ashleyc5056.jpg,137819,62ca2c25,\Gallery 47\05 - Ashley (5)\,{Shemale Yum Dvd03~G47~05-5~05 - Ashley (5)}
ashleyc5057.jpg,123508,0142a835,\Gallery 47\05 - Ashley (5)\,{Shemale Yum Dvd03~G47~05-5~05 - Ashley (5)}
ashleyc5058.jpg,124725,2bc9b5f7,\Gallery 47\05 - Ashley (5)\,{Shemale Yum Dvd03~G47~05-5~05 - Ashley (5)}
ashleyc5059.jpg,111712,bb209e10,\Gallery 47\05 - Ashley (5)\,{Shemale Yum Dvd03~G47~05-5~05 - Ashley (5)}
ashleyc5060.jpg,147423,21a3a01c,\Gallery 47\05 - Ashley (5)\,{Shemale Yum Dvd03~G47~05-5~05 - Ashley (5)}
ashleyc5061.jpg,123927,65923bc5,\Gallery 47\05 - Ashley (5)\,{Shemale Yum Dvd03~G47~05-5~05 - Ashley (5)}
ashleyc5062.jpg,146298,5e4ccee4,\Gallery 47\05 - Ashley (5)\,{Shemale Yum Dvd03~G47~05-5~05 - Ashley (5)}
ashleyc5063.jpg,151184,2226d1e1,\Gallery 47\05 - Ashley (5)\,{Shemale Yum Dvd03~G47~05-5~05 - Ashley (5)}
ashleyc5064.jpg,123838,779693e0,\Gallery 47\05 - Ashley (5)\,{Shemale Yum Dvd03~G47~05-5~05 - Ashley (5)}
ashleyc5065.jpg,117937,d82e3ed2,\Gallery 47\05 - Ashley (5)\,{Shemale Yum Dvd03~G47~05-5~05 - Ashley (5)}
ashleyc5066.jpg,120271,4d02257d,\Gallery 47\05 - Ashley (5)\,{Shemale Yum Dvd03~G47~05-5~05 - Ashley (5)}
ashleyc5067.jpg,126487,719f6cab,\Gallery 47\05 - Ashley (5)\,{Shemale Yum Dvd03~G47~05-5~05 - Ashley (5)}
ashleyc5068.jpg,179383,5a6d4b3b,\Gallery 47\05 - Ashley (5)\,{Shemale Yum Dvd03~G47~05-5~05 - Ashley (5)}
ashleyc5069.jpg,175751,30adf441,\Gallery 47\05 - Ashley (5)\,{Shemale Yum Dvd03~G47~05-5~05 - Ashley (5)}
ashleyc5070.jpg,127504,e61296b7,\Gallery 47\05 - Ashley (5)\,{Shemale Yum Dvd03~G47~05-5~05 - Ashley (5)}
ashleyc5071.jpg,128840,0aa44c96,\Gallery 47\05 - Ashley (5)\,{Shemale Yum Dvd03~G47~05-5~05 - Ashley (5)}
ashleyc5072.jpg,130639,a4872dac,\Gallery 47\05 - Ashley (5)\,{Shemale Yum Dvd03~G47~05-5~05 - Ashley (5)}
ashleyc5073.jpg,189601,ad2d24ef,\Gallery 47\05 - Ashley (5)\,{Shemale Yum Dvd03~G47~05-5~05 - Ashley (5)}
ashleyc5074.jpg,132173,bb4bb19b,\Gallery 47\05 - Ashley (5)\,{Shemale Yum Dvd03~G47~05-5~05 - Ashley (5)}
ashleyc5075.jpg,141133,01d065ca,\Gallery 47\05 - Ashley (5)\,{Shemale Yum Dvd03~G47~05-5~05 - Ashley (5)}
ashleyc5076.jpg,148918,e387e877,\Gallery 47\05 - Ashley (5)\,{Shemale Yum Dvd03~G47~05-5~05 - Ashley (5)}
ashleyc5077.jpg,140605,84222ec5,\Gallery 47\05 - Ashley (5)\,{Shemale Yum Dvd03~G47~05-5~05 - Ashley (5)}
ashleyc5078.jpg,122903,4c51373b,\Gallery 47\05 - Ashley (5)\,{Shemale Yum Dvd03~G47~05-5~05 - Ashley (5)}
ashleyc5079.jpg,157426,2fe4d18d,\Gallery 47\05 - Ashley (5)\,{Shemale Yum Dvd03~G47~05-5~05 - Ashley (5)}
ashleyc5080.jpg,137303,8150b820,\Gallery 47\05 - Ashley (5)\,{Shemale Yum Dvd03~G47~05-5~05 - Ashley (5)}
ashleyc5081.jpg,131450,04291a3f,\Gallery 47\05 - Ashley (5)\,{Shemale Yum Dvd03~G47~05-5~05 - Ashley (5)}
ashleyc5082.jpg,131196,ce26a2c9,\Gallery 47\05 - Ashley (5)\,{Shemale Yum Dvd03~G47~05-5~05 - Ashley (5)}
ashleyc5083.jpg,137428,9ae35c52,\Gallery 47\05 - Ashley (5)\,{Shemale Yum Dvd03~G47~05-5~05 - Ashley (5)}
ashleyc5084.jpg,134826,2ab9a3d5,\Gallery 47\05 - Ashley (5)\,{Shemale Yum Dvd03~G47~05-5~05 - Ashley (5)}
ashleyc5085.jpg,107914,dc460fea,\Gallery 47\05 - Ashley (5)\,{Shemale Yum Dvd03~G47~05-5~05 - Ashley (5)}
ashleyc5086.jpg,191134,9b668e26,\Gallery 47\05 - Ashley (5)\,{Shemale Yum Dvd03~G47~05-5~05 - Ashley (5)}
ashleyc5087.jpg,177778,6df75f98,\Gallery 47\05 - Ashley (5)\,{Shemale Yum Dvd03~G47~05-5~05 - Ashley (5)}
ashleyc5088.jpg,113423,bd52cd21,\Gallery 47\05 - Ashley (5)\,{Shemale Yum Dvd03~G47~05-5~05 - Ashley (5)}
ashleyc5089.jpg,106627,36c59577,\Gallery 47\05 - Ashley (5)\,{Shemale Yum Dvd03~G47~05-5~05 - Ashley (5)}
ashleyc5090.jpg,108517,3a74ea45,\Gallery 47\05 - Ashley (5)\,{Shemale Yum Dvd03~G47~05-5~05 - Ashley (5)}
ashleyc5091.jpg,105951,87cfcfee,\Gallery 47\05 - Ashley (5)\,{Shemale Yum Dvd03~G47~05-5~05 - Ashley (5)}
ashleyc5092.jpg,174770,a15cd9f5,\Gallery 47\05 - Ashley (5)\,{Shemale Yum Dvd03~G47~05-5~05 - Ashley (5)}
ashleyc5093.jpg,113818,56e61e92,\Gallery 47\05 - Ashley (5)\,{Shemale Yum Dvd03~G47~05-5~05 - Ashley (5)}
ashleyc5094.jpg,181683,66d9ba4b,\Gallery 47\05 - Ashley (5)\,{Shemale Yum Dvd03~G47~05-5~05 - Ashley (5)}
ashleyc5095.jpg,176660,14032895,\Gallery 47\05 - Ashley (5)\,{Shemale Yum Dvd03~G47~05-5~05 - Ashley (5)}
ashleyc5096.jpg,129605,a5d18658,\Gallery 47\05 - Ashley (5)\,{Shemale Yum Dvd03~G47~05-5~05 - Ashley (5)}
ashleyc5097.jpg,181137,95626480,\Gallery 47\05 - Ashley (5)\,{Shemale Yum Dvd03~G47~05-5~05 - Ashley (5)}
ashleyc5098.jpg,148977,27e39d58,\Gallery 47\05 - Ashley (5)\,{Shemale Yum Dvd03~G47~05-5~05 - Ashley (5)}
ashleyc5099.jpg,186252,a1b5e881,\Gallery 47\05 - Ashley (5)\,{Shemale Yum Dvd03~G47~05-5~05 - Ashley (5)}
ashleyc5100.jpg,182836,8f4e28bb,\Gallery 47\05 - Ashley (5)\,{Shemale Yum Dvd03~G47~05-5~05 - Ashley (5)}
ashleyc5101.jpg,187295,22bb89d8,\Gallery 47\05 - Ashley (5)\,{Shemale Yum Dvd03~G47~05-5~05 - Ashley (5)}
ashleyc5102.jpg,191822,89bd26f4,\Gallery 47\05 - Ashley (5)\,{Shemale Yum Dvd03~G47~05-5~05 - Ashley (5)}
ashleyc5103.jpg,130886,62a4d8e9,\Gallery 47\05 - Ashley (5)\,{Shemale Yum Dvd03~G47~05-5~05 - Ashley (5)}
ashleyc5104.jpg,122421,542a65d0,\Gallery 47\05 - Ashley (5)\,{Shemale Yum Dvd03~G47~05-5~05 - Ashley (5)}
ashleyc5105.jpg,179837,be2b0343,\Gallery 47\05 - Ashley (5)\,{Shemale Yum Dvd03~G47~05-5~05 - Ashley (5)}
ashleyc5106.jpg,178172,401ccc9e,\Gallery 47\05 - Ashley (5)\,{Shemale Yum Dvd03~G47~05-5~05 - Ashley (5)}
ashleyc5107.jpg,185575,402be7fd,\Gallery 47\05 - Ashley (5)\,{Shemale Yum Dvd03~G47~05-5~05 - Ashley (5)}
ashleyc5108.jpg,128038,5794a66c,\Gallery 47\05 - Ashley (5)\,{Shemale Yum Dvd03~G47~05-5~05 - Ashley (5)}
ashleyc5109.jpg,189676,e9242bca,\Gallery 47\05 - Ashley (5)\,{Shemale Yum Dvd03~G47~05-5~05 - Ashley (5)}
ashleyc5110.jpg,169125,7e696de7,\Gallery 47\05 - Ashley (5)\,{Shemale Yum Dvd03~G47~05-5~05 - Ashley (5)}
ashleyc5111.jpg,164772,33ff921b,\Gallery 47\05 - Ashley (5)\,{Shemale Yum Dvd03~G47~05-5~05 - Ashley (5)}
ashleyc5112.jpg,129092,9cdc2be1,\Gallery 47\05 - Ashley (5)\,{Shemale Yum Dvd03~G47~05-5~05 - Ashley (5)}
ashleyc5113.jpg,120098,ab0d1f6a,\Gallery 47\05 - Ashley (5)\,{Shemale Yum Dvd03~G47~05-5~05 - Ashley (5)}
ashleyc5114.jpg,130711,52535f87,\Gallery 47\05 - Ashley (5)\,{Shemale Yum Dvd03~G47~05-5~05 - Ashley (5)}
ashleyc5115.jpg,126285,c91383fc,\Gallery 47\05 - Ashley (5)\,{Shemale Yum Dvd03~G47~05-5~05 - Ashley (5)}
ashleyc5116.jpg,145392,b9d4b323,\Gallery 47\05 - Ashley (5)\,{Shemale Yum Dvd03~G47~05-5~05 - Ashley (5)}
3kianna0001.jpg,115216,b13d02b9,\Gallery 48\01 - Kianna\,{Shemale Yum Dvd03~G48~01~01 - Kianna}
3kianna0004.jpg,124217,80803947,\Gallery 48\01 - Kianna\,{Shemale Yum Dvd03~G48~01~01 - Kianna}
3kianna0005.jpg,130046,664c7ac9,\Gallery 48\01 - Kianna\,{Shemale Yum Dvd03~G48~01~01 - Kianna}
3kianna0006.jpg,129861,3ac4abd6,\Gallery 48\01 - Kianna\,{Shemale Yum Dvd03~G48~01~01 - Kianna}
3kianna0007.jpg,136131,077bf510,\Gallery 48\01 - Kianna\,{Shemale Yum Dvd03~G48~01~01 - Kianna}
3kianna0008.jpg,142792,93eae0fb,\Gallery 48\01 - Kianna\,{Shemale Yum Dvd03~G48~01~01 - Kianna}
3kianna0009.jpg,142448,9a83d501,\Gallery 48\01 - Kianna\,{Shemale Yum Dvd03~G48~01~01 - Kianna}
3kianna0010.jpg,137200,126ab95c,\Gallery 48\01 - Kianna\,{Shemale Yum Dvd03~G48~01~01 - Kianna}
3kianna0011.jpg,140611,ed1474da,\Gallery 48\01 - Kianna\,{Shemale Yum Dvd03~G48~01~01 - Kianna}
3kianna0012.jpg,138298,a06a2d6b,\Gallery 48\01 - Kianna\,{Shemale Yum Dvd03~G48~01~01 - Kianna}
3kianna0013.jpg,134781,d1e014b4,\Gallery 48\01 - Kianna\,{Shemale Yum Dvd03~G48~01~01 - Kianna}
3kianna0014.jpg,129695,f19744a8,\Gallery 48\01 - Kianna\,{Shemale Yum Dvd03~G48~01~01 - Kianna}
3kianna0015.jpg,133094,f48d8595,\Gallery 48\01 - Kianna\,{Shemale Yum Dvd03~G48~01~01 - Kianna}
3kianna0016.jpg,128718,4bf576b9,\Gallery 48\01 - Kianna\,{Shemale Yum Dvd03~G48~01~01 - Kianna}
3kianna0017.jpg,133119,f5669c58,\Gallery 48\01 - Kianna\,{Shemale Yum Dvd03~G48~01~01 - Kianna}
3kianna0018.jpg,133859,74fc36a4,\Gallery 48\01 - Kianna\,{Shemale Yum Dvd03~G48~01~01 - Kianna}
3kianna0019.jpg,138460,d6d540b5,\Gallery 48\01 - Kianna\,{Shemale Yum Dvd03~G48~01~01 - Kianna}
3kianna0020.jpg,137878,105af6d5,\Gallery 48\01 - Kianna\,{Shemale Yum Dvd03~G48~01~01 - Kianna}
3kianna0022.jpg,143978,32a23b5d,\Gallery 48\01 - Kianna\,{Shemale Yum Dvd03~G48~01~01 - Kianna}
3kianna0023.jpg,139431,d7561a83,\Gallery 48\01 - Kianna\,{Shemale Yum Dvd03~G48~01~01 - Kianna}
3kianna0024.jpg,128742,1568796a,\Gallery 48\01 - Kianna\,{Shemale Yum Dvd03~G48~01~01 - Kianna}
3kianna0025.jpg,130519,d08f5e0f,\Gallery 48\01 - Kianna\,{Shemale Yum Dvd03~G48~01~01 - Kianna}
3kianna0026.jpg,139541,80056c0b,\Gallery 48\01 - Kianna\,{Shemale Yum Dvd03~G48~01~01 - Kianna}
3kianna0027.jpg,135982,40760c6d,\Gallery 48\01 - Kianna\,{Shemale Yum Dvd03~G48~01~01 - Kianna}
3kianna0028.jpg,107601,2cb9d519,\Gallery 48\01 - Kianna\,{Shemale Yum Dvd03~G48~01~01 - Kianna}
3kianna0029.jpg,133022,dc176bb4,\Gallery 48\01 - Kianna\,{Shemale Yum Dvd03~G48~01~01 - Kianna}
3kianna0030.jpg,126522,00d54ba1,\Gallery 48\01 - Kianna\,{Shemale Yum Dvd03~G48~01~01 - Kianna}
3kianna0031.jpg,129672,da43eb2a,\Gallery 48\01 - Kianna\,{Shemale Yum Dvd03~G48~01~01 - Kianna}
3kianna0032.jpg,125452,0daa2b31,\Gallery 48\01 - Kianna\,{Shemale Yum Dvd03~G48~01~01 - Kianna}
3kianna0033.jpg,124453,39a1da54,\Gallery 48\01 - Kianna\,{Shemale Yum Dvd03~G48~01~01 - Kianna}
3kianna0034.jpg,133409,11974f0e,\Gallery 48\01 - Kianna\,{Shemale Yum Dvd03~G48~01~01 - Kianna}
3kianna0035.jpg,135910,09199d66,\Gallery 48\01 - Kianna\,{Shemale Yum Dvd03~G48~01~01 - Kianna}
3kianna0036.jpg,136323,1de91204,\Gallery 48\01 - Kianna\,{Shemale Yum Dvd03~G48~01~01 - Kianna}
3kianna0037.jpg,127348,12771117,\Gallery 48\01 - Kianna\,{Shemale Yum Dvd03~G48~01~01 - Kianna}
3kianna0038.jpg,128817,81416741,\Gallery 48\01 - Kianna\,{Shemale Yum Dvd03~G48~01~01 - Kianna}
3kianna0039.jpg,116473,21e97795,\Gallery 48\01 - Kianna\,{Shemale Yum Dvd03~G48~01~01 - Kianna}
3kianna0040.jpg,109126,65106a68,\Gallery 48\01 - Kianna\,{Shemale Yum Dvd03~G48~01~01 - Kianna}
3kianna0041.jpg,116797,9c4e5f09,\Gallery 48\01 - Kianna\,{Shemale Yum Dvd03~G48~01~01 - Kianna}
3kianna0042.jpg,118398,068254ed,\Gallery 48\01 - Kianna\,{Shemale Yum Dvd03~G48~01~01 - Kianna}
3kianna0043.jpg,108350,2eb78cfb,\Gallery 48\01 - Kianna\,{Shemale Yum Dvd03~G48~01~01 - Kianna}
3kianna0044.jpg,95103,69715321,\Gallery 48\01 - Kianna\,{Shemale Yum Dvd03~G48~01~01 - Kianna}
3kianna0050.jpg,123400,1619ce34,\Gallery 48\01 - Kianna\,{Shemale Yum Dvd03~G48~01~01 - Kianna}
3kianna0052.jpg,121394,0b745bc6,\Gallery 48\01 - Kianna\,{Shemale Yum Dvd03~G48~01~01 - Kianna}
3kianna0053.jpg,129605,cae64c34,\Gallery 48\01 - Kianna\,{Shemale Yum Dvd03~G48~01~01 - Kianna}
3kianna0054.jpg,126924,176fe26b,\Gallery 48\01 - Kianna\,{Shemale Yum Dvd03~G48~01~01 - Kianna}
3kianna0055.jpg,131327,c8cf4b96,\Gallery 48\01 - Kianna\,{Shemale Yum Dvd03~G48~01~01 - Kianna}
3kianna0056.jpg,132763,6b914271,\Gallery 48\01 - Kianna\,{Shemale Yum Dvd03~G48~01~01 - Kianna}
3kianna0057.jpg,124382,c409b086,\Gallery 48\01 - Kianna\,{Shemale Yum Dvd03~G48~01~01 - Kianna}
3kianna0058.jpg,123178,3e870251,\Gallery 48\01 - Kianna\,{Shemale Yum Dvd03~G48~01~01 - Kianna}
3kianna0059.jpg,121451,d7ea7f30,\Gallery 48\01 - Kianna\,{Shemale Yum Dvd03~G48~01~01 - Kianna}
3kianna0060.jpg,119540,75e99c0d,\Gallery 48\01 - Kianna\,{Shemale Yum Dvd03~G48~01~01 - Kianna}
3kianna0061.jpg,126482,e477e2d4,\Gallery 48\01 - Kianna\,{Shemale Yum Dvd03~G48~01~01 - Kianna}
3kianna0062.jpg,138826,13f5ce93,\Gallery 48\01 - Kianna\,{Shemale Yum Dvd03~G48~01~01 - Kianna}
3kianna0063.jpg,139136,01735f78,\Gallery 48\01 - Kianna\,{Shemale Yum Dvd03~G48~01~01 - Kianna}
3kianna0066.jpg,134838,647074a7,\Gallery 48\01 - Kianna\,{Shemale Yum Dvd03~G48~01~01 - Kianna}
3kianna0067.jpg,120556,4b9f553d,\Gallery 48\01 - Kianna\,{Shemale Yum Dvd03~G48~01~01 - Kianna}
3kianna0068.jpg,124594,698bc687,\Gallery 48\01 - Kianna\,{Shemale Yum Dvd03~G48~01~01 - Kianna}
3kianna0069.jpg,128261,2beb54a6,\Gallery 48\01 - Kianna\,{Shemale Yum Dvd03~G48~01~01 - Kianna}
3kianna0070.jpg,117766,edd0fe3f,\Gallery 48\01 - Kianna\,{Shemale Yum Dvd03~G48~01~01 - Kianna}
3kianna0071.jpg,123706,2b1022c5,\Gallery 48\01 - Kianna\,{Shemale Yum Dvd03~G48~01~01 - Kianna}
3kianna0072.jpg,104763,4d0dcc04,\Gallery 48\01 - Kianna\,{Shemale Yum Dvd03~G48~01~01 - Kianna}
3kianna0073.jpg,103535,2d4af523,\Gallery 48\01 - Kianna\,{Shemale Yum Dvd03~G48~01~01 - Kianna}
3kianna0074.jpg,107714,f901ee5e,\Gallery 48\01 - Kianna\,{Shemale Yum Dvd03~G48~01~01 - Kianna}
3kianna0075.jpg,103554,08956cee,\Gallery 48\01 - Kianna\,{Shemale Yum Dvd03~G48~01~01 - Kianna}
3kianna0076.jpg,100595,43a87453,\Gallery 48\01 - Kianna\,{Shemale Yum Dvd03~G48~01~01 - Kianna}
3kianna0077.jpg,108560,2f84f774,\Gallery 48\01 - Kianna\,{Shemale Yum Dvd03~G48~01~01 - Kianna}
3kianna0078.jpg,101563,6e6c1e1e,\Gallery 48\01 - Kianna\,{Shemale Yum Dvd03~G48~01~01 - Kianna}
3kianna0079.jpg,105885,ae154f8e,\Gallery 48\01 - Kianna\,{Shemale Yum Dvd03~G48~01~01 - Kianna}
3kianna0080.jpg,123578,48d9c8e5,\Gallery 48\01 - Kianna\,{Shemale Yum Dvd03~G48~01~01 - Kianna}
3kianna0081.jpg,141494,60f381da,\Gallery 48\01 - Kianna\,{Shemale Yum Dvd03~G48~01~01 - Kianna}
3kianna0082.jpg,135854,6206e122,\Gallery 48\01 - Kianna\,{Shemale Yum Dvd03~G48~01~01 - Kianna}
3kianna0083.jpg,122205,afa56e2a,\Gallery 48\01 - Kianna\,{Shemale Yum Dvd03~G48~01~01 - Kianna}
3kianna0084.jpg,129842,37de99ce,\Gallery 48\01 - Kianna\,{Shemale Yum Dvd03~G48~01~01 - Kianna}
3kianna0085.jpg,124171,17687226,\Gallery 48\01 - Kianna\,{Shemale Yum Dvd03~G48~01~01 - Kianna}
3kianna0086.jpg,125743,7108d413,\Gallery 48\01 - Kianna\,{Shemale Yum Dvd03~G48~01~01 - Kianna}
3kianna0088.jpg,119932,3ff9e31b,\Gallery 48\01 - Kianna\,{Shemale Yum Dvd03~G48~01~01 - Kianna}
3kianna0089.jpg,98478,ba9bca9c,\Gallery 48\01 - Kianna\,{Shemale Yum Dvd03~G48~01~01 - Kianna}
3kianna0091.jpg,133339,aa669737,\Gallery 48\01 - Kianna\,{Shemale Yum Dvd03~G48~01~01 - Kianna}
3kianna0092.jpg,130441,301030a7,\Gallery 48\01 - Kianna\,{Shemale Yum Dvd03~G48~01~01 - Kianna}
3kianna0093.jpg,139459,728b2653,\Gallery 48\01 - Kianna\,{Shemale Yum Dvd03~G48~01~01 - Kianna}
3kianna0095.jpg,125506,9c9ba0b6,\Gallery 48\01 - Kianna\,{Shemale Yum Dvd03~G48~01~01 - Kianna}
3kianna0096.jpg,127009,61fc3833,\Gallery 48\01 - Kianna\,{Shemale Yum Dvd03~G48~01~01 - Kianna}
3kianna0098.jpg,134232,2d0f8034,\Gallery 48\01 - Kianna\,{Shemale Yum Dvd03~G48~01~01 - Kianna}
3kianna0099.jpg,133657,cdac00ae,\Gallery 48\01 - Kianna\,{Shemale Yum Dvd03~G48~01~01 - Kianna}
3kianna0101.jpg,96690,a4546a5d,\Gallery 48\01 - Kianna\,{Shemale Yum Dvd03~G48~01~01 - Kianna}
3kianna0102.jpg,99770,915186a0,\Gallery 48\01 - Kianna\,{Shemale Yum Dvd03~G48~01~01 - Kianna}
3kianna0104.jpg,100543,b0a1edd8,\Gallery 48\01 - Kianna\,{Shemale Yum Dvd03~G48~01~01 - Kianna}
3kianna0105.jpg,105196,2af2c347,\Gallery 48\01 - Kianna\,{Shemale Yum Dvd03~G48~01~01 - Kianna}
3kianna0106.jpg,100674,1982475b,\Gallery 48\01 - Kianna\,{Shemale Yum Dvd03~G48~01~01 - Kianna}
3kianna0107.jpg,101446,67053e81,\Gallery 48\01 - Kianna\,{Shemale Yum Dvd03~G48~01~01 - Kianna}
3kianna0108.jpg,92754,5bfc2ccf,\Gallery 48\01 - Kianna\,{Shemale Yum Dvd03~G48~01~01 - Kianna}
3kianna0109.jpg,87375,1100e2fc,\Gallery 48\01 - Kianna\,{Shemale Yum Dvd03~G48~01~01 - Kianna}
3kianna0110.jpg,112998,32464be8,\Gallery 48\01 - Kianna\,{Shemale Yum Dvd03~G48~01~01 - Kianna}
3kianna0111.jpg,107872,1c61cf58,\Gallery 48\01 - Kianna\,{Shemale Yum Dvd03~G48~01~01 - Kianna}
3kianna0112.jpg,94520,12c1f7a3,\Gallery 48\01 - Kianna\,{Shemale Yum Dvd03~G48~01~01 - Kianna}
3kianna0113.jpg,97066,0f4bb385,\Gallery 48\01 - Kianna\,{Shemale Yum Dvd03~G48~01~01 - Kianna}
3kianna0114.jpg,138039,c424c124,\Gallery 48\01 - Kianna\,{Shemale Yum Dvd03~G48~01~01 - Kianna}
3kianna0115.jpg,128039,d6036000,\Gallery 48\01 - Kianna\,{Shemale Yum Dvd03~G48~01~01 - Kianna}
3kianna0116.jpg,108792,41d4d186,\Gallery 48\01 - Kianna\,{Shemale Yum Dvd03~G48~01~01 - Kianna}
3kianna0118.jpg,102296,b78c0670,\Gallery 48\01 - Kianna\,{Shemale Yum Dvd03~G48~01~01 - Kianna}
3kianna0120.jpg,134417,77c525d5,\Gallery 48\01 - Kianna\,{Shemale Yum Dvd03~G48~01~01 - Kianna}
3kianna0122.jpg,128158,43636c44,\Gallery 48\01 - Kianna\,{Shemale Yum Dvd03~G48~01~01 - Kianna}
3kianna0123.jpg,140859,de846976,\Gallery 48\01 - Kianna\,{Shemale Yum Dvd03~G48~01~01 - Kianna}
3kianna0124.jpg,133264,008fec23,\Gallery 48\01 - Kianna\,{Shemale Yum Dvd03~G48~01~01 - Kianna}
3kianna0125.jpg,132694,68af6c09,\Gallery 48\01 - Kianna\,{Shemale Yum Dvd03~G48~01~01 - Kianna}
3kianna0126.jpg,130998,9dc1c560,\Gallery 48\01 - Kianna\,{Shemale Yum Dvd03~G48~01~01 - Kianna}
3kianna0127.jpg,140969,2a52badb,\Gallery 48\01 - Kianna\,{Shemale Yum Dvd03~G48~01~01 - Kianna}
3kianna0128.jpg,130481,3a6b94b0,\Gallery 48\01 - Kianna\,{Shemale Yum Dvd03~G48~01~01 - Kianna}
3kianna0131.jpg,113961,c507e30e,\Gallery 48\01 - Kianna\,{Shemale Yum Dvd03~G48~01~01 - Kianna}
3kianna0132.jpg,112904,f38f6140,\Gallery 48\01 - Kianna\,{Shemale Yum Dvd03~G48~01~01 - Kianna}
3kianna0133.jpg,123611,b5e08904,\Gallery 48\01 - Kianna\,{Shemale Yum Dvd03~G48~01~01 - Kianna}
3kianna0134.jpg,114665,72b80f04,\Gallery 48\01 - Kianna\,{Shemale Yum Dvd03~G48~01~01 - Kianna}
3kianna0135.jpg,119638,75009670,\Gallery 48\01 - Kianna\,{Shemale Yum Dvd03~G48~01~01 - Kianna}
3kianna0136.jpg,125367,2637227c,\Gallery 48\01 - Kianna\,{Shemale Yum Dvd03~G48~01~01 - Kianna}
3kianna0137.jpg,124381,3796e850,\Gallery 48\01 - Kianna\,{Shemale Yum Dvd03~G48~01~01 - Kianna}
3kianna0138.jpg,109112,e343737b,\Gallery 48\01 - Kianna\,{Shemale Yum Dvd03~G48~01~01 - Kianna}
3kianna0139.jpg,116337,1a11892e,\Gallery 48\01 - Kianna\,{Shemale Yum Dvd03~G48~01~01 - Kianna}
3kianna0140.jpg,115976,633329be,\Gallery 48\01 - Kianna\,{Shemale Yum Dvd03~G48~01~01 - Kianna}
3kianna0141.jpg,120094,e0abd97d,\Gallery 48\01 - Kianna\,{Shemale Yum Dvd03~G48~01~01 - Kianna}
3kianna0142.jpg,90852,08a31359,\Gallery 48\01 - Kianna\,{Shemale Yum Dvd03~G48~01~01 - Kianna}
3kianna0143.jpg,117853,36b907b0,\Gallery 48\01 - Kianna\,{Shemale Yum Dvd03~G48~01~01 - Kianna}
3kianna0144.jpg,107872,8ae25e36,\Gallery 48\01 - Kianna\,{Shemale Yum Dvd03~G48~01~01 - Kianna}
3kianna0145.jpg,125393,ad7282ab,\Gallery 48\01 - Kianna\,{Shemale Yum Dvd03~G48~01~01 - Kianna}
3kianna0146.jpg,131294,e8b2ef21,\Gallery 48\01 - Kianna\,{Shemale Yum Dvd03~G48~01~01 - Kianna}
3kianna0147.jpg,102099,868ce65e,\Gallery 48\01 - Kianna\,{Shemale Yum Dvd03~G48~01~01 - Kianna}
3kianna0148.jpg,106427,0cf43bd0,\Gallery 48\01 - Kianna\,{Shemale Yum Dvd03~G48~01~01 - Kianna}
3kianna0149.jpg,103169,aa4c2447,\Gallery 48\01 - Kianna\,{Shemale Yum Dvd03~G48~01~01 - Kianna}
3kianna0150.jpg,103571,88cf739e,\Gallery 48\01 - Kianna\,{Shemale Yum Dvd03~G48~01~01 - Kianna}
3kianna0151.jpg,111897,9e655eeb,\Gallery 48\01 - Kianna\,{Shemale Yum Dvd03~G48~01~01 - Kianna}
3kianna0152.jpg,98924,523acfca,\Gallery 48\01 - Kianna\,{Shemale Yum Dvd03~G48~01~01 - Kianna}
3kianna0153.jpg,122322,5bb333ad,\Gallery 48\01 - Kianna\,{Shemale Yum Dvd03~G48~01~01 - Kianna}
3kianna0156.jpg,99828,3a7ffafc,\Gallery 48\01 - Kianna\,{Shemale Yum Dvd03~G48~01~01 - Kianna}
3kianna0157.jpg,102758,b5ec815d,\Gallery 48\01 - Kianna\,{Shemale Yum Dvd03~G48~01~01 - Kianna}
3kianna0159.jpg,116008,8346bd67,\Gallery 48\01 - Kianna\,{Shemale Yum Dvd03~G48~01~01 - Kianna}
3kianna0160.jpg,134016,423ea9e0,\Gallery 48\01 - Kianna\,{Shemale Yum Dvd03~G48~01~01 - Kianna}
vidkiana001.jpg,110048,b9a7ddfb,\Gallery 48\01 - Kianna (2)\,{Shemale Yum Dvd03~G48~01-2~01 - Kianna (2)}
vidkiana002.jpg,117786,0219cf2c,\Gallery 48\01 - Kianna (2)\,{Shemale Yum Dvd03~G48~01-2~01 - Kianna (2)}
vidkiana003.jpg,136762,86db64d1,\Gallery 48\01 - Kianna (2)\,{Shemale Yum Dvd03~G48~01-2~01 - Kianna (2)}
vidkiana004.jpg,97068,f2429396,\Gallery 48\01 - Kianna (2)\,{Shemale Yum Dvd03~G48~01-2~01 - Kianna (2)}
vidkiana005.jpg,93064,d72ae680,\Gallery 48\01 - Kianna (2)\,{Shemale Yum Dvd03~G48~01-2~01 - Kianna (2)}
vidkiana006.jpg,111117,f5c1ed56,\Gallery 48\01 - Kianna (2)\,{Shemale Yum Dvd03~G48~01-2~01 - Kianna (2)}
vidkiana007.jpg,104427,9a3c6359,\Gallery 48\01 - Kianna (2)\,{Shemale Yum Dvd03~G48~01-2~01 - Kianna (2)}
vidkiana008.jpg,136239,2af60ce2,\Gallery 48\01 - Kianna (2)\,{Shemale Yum Dvd03~G48~01-2~01 - Kianna (2)}
vidkiana009.jpg,106259,f38dbe1d,\Gallery 48\01 - Kianna (2)\,{Shemale Yum Dvd03~G48~01-2~01 - Kianna (2)}
vidkiana010.jpg,103268,f11f3b07,\Gallery 48\01 - Kianna (2)\,{Shemale Yum Dvd03~G48~01-2~01 - Kianna (2)}
vidkiana011.jpg,138149,ec56f596,\Gallery 48\01 - Kianna (2)\,{Shemale Yum Dvd03~G48~01-2~01 - Kianna (2)}
vidkiana012.jpg,115050,9cd7c694,\Gallery 48\01 - Kianna (2)\,{Shemale Yum Dvd03~G48~01-2~01 - Kianna (2)}
vidkiana013.jpg,107948,b380d29f,\Gallery 48\01 - Kianna (2)\,{Shemale Yum Dvd03~G48~01-2~01 - Kianna (2)}
vidkiana014.jpg,109399,d33d2a72,\Gallery 48\01 - Kianna (2)\,{Shemale Yum Dvd03~G48~01-2~01 - Kianna (2)}
vidkiana015.jpg,94970,c29db55f,\Gallery 48\01 - Kianna (2)\,{Shemale Yum Dvd03~G48~01-2~01 - Kianna (2)}
vidkiana016.jpg,108743,5c8fa2e9,\Gallery 48\01 - Kianna (2)\,{Shemale Yum Dvd03~G48~01-2~01 - Kianna (2)}
vidkiana017.jpg,121826,5f51edbc,\Gallery 48\01 - Kianna (2)\,{Shemale Yum Dvd03~G48~01-2~01 - Kianna (2)}
vidkiana018.jpg,127488,b9324582,\Gallery 48\01 - Kianna (2)\,{Shemale Yum Dvd03~G48~01-2~01 - Kianna (2)}
vidkiana019.jpg,107398,e2a046d9,\Gallery 48\01 - Kianna (2)\,{Shemale Yum Dvd03~G48~01-2~01 - Kianna (2)}
vidkiana020.jpg,108610,d6a0db36,\Gallery 48\01 - Kianna (2)\,{Shemale Yum Dvd03~G48~01-2~01 - Kianna (2)}
vidkiana021.jpg,102364,1145ce28,\Gallery 48\01 - Kianna (2)\,{Shemale Yum Dvd03~G48~01-2~01 - Kianna (2)}
vidkiana022.jpg,102277,687efcfe,\Gallery 48\01 - Kianna (2)\,{Shemale Yum Dvd03~G48~01-2~01 - Kianna (2)}
vidkiana023.jpg,110319,c1d5ef74,\Gallery 48\01 - Kianna (2)\,{Shemale Yum Dvd03~G48~01-2~01 - Kianna (2)}
vidkiana024.jpg,97839,3a516ef2,\Gallery 48\01 - Kianna (2)\,{Shemale Yum Dvd03~G48~01-2~01 - Kianna (2)}
vidkiana025.jpg,101472,6fd24be7,\Gallery 48\01 - Kianna (2)\,{Shemale Yum Dvd03~G48~01-2~01 - Kianna (2)}
vidkiana026.jpg,96198,ac28ac28,\Gallery 48\01 - Kianna (2)\,{Shemale Yum Dvd03~G48~01-2~01 - Kianna (2)}
vidkiana027.jpg,108930,4c580e9e,\Gallery 48\01 - Kianna (2)\,{Shemale Yum Dvd03~G48~01-2~01 - Kianna (2)}
vidkiana028.jpg,121703,449c441a,\Gallery 48\01 - Kianna (2)\,{Shemale Yum Dvd03~G48~01-2~01 - Kianna (2)}
vidkiana029.jpg,105931,170bda12,\Gallery 48\01 - Kianna (2)\,{Shemale Yum Dvd03~G48~01-2~01 - Kianna (2)}
vidkiana030.jpg,102293,fbb64485,\Gallery 48\01 - Kianna (2)\,{Shemale Yum Dvd03~G48~01-2~01 - Kianna (2)}
vidkiana031.jpg,110482,678436a9,\Gallery 48\01 - Kianna (2)\,{Shemale Yum Dvd03~G48~01-2~01 - Kianna (2)}
vidkiana032.jpg,109420,804f60fe,\Gallery 48\01 - Kianna (2)\,{Shemale Yum Dvd03~G48~01-2~01 - Kianna (2)}
vidkiana033.jpg,103576,298817b2,\Gallery 48\01 - Kianna (2)\,{Shemale Yum Dvd03~G48~01-2~01 - Kianna (2)}
vidkiana034.jpg,93362,a2c9d70c,\Gallery 48\01 - Kianna (2)\,{Shemale Yum Dvd03~G48~01-2~01 - Kianna (2)}
vidkiana035.jpg,94028,d6b26d99,\Gallery 48\01 - Kianna (2)\,{Shemale Yum Dvd03~G48~01-2~01 - Kianna (2)}
vidkiana036.jpg,91619,43ca07c5,\Gallery 48\01 - Kianna (2)\,{Shemale Yum Dvd03~G48~01-2~01 - Kianna (2)}
vidkiana037.jpg,97025,8ab1f85b,\Gallery 48\01 - Kianna (2)\,{Shemale Yum Dvd03~G48~01-2~01 - Kianna (2)}
vidkiana038.jpg,95674,9f742b6b,\Gallery 48\01 - Kianna (2)\,{Shemale Yum Dvd03~G48~01-2~01 - Kianna (2)}
vidkiana039.jpg,97883,f7050e27,\Gallery 48\01 - Kianna (2)\,{Shemale Yum Dvd03~G48~01-2~01 - Kianna (2)}
vidkiana040.jpg,118318,e2541968,\Gallery 48\01 - Kianna (2)\,{Shemale Yum Dvd03~G48~01-2~01 - Kianna (2)}
vidkiana041.jpg,115286,20dc10ca,\Gallery 48\01 - Kianna (2)\,{Shemale Yum Dvd03~G48~01-2~01 - Kianna (2)}
vidkiana042.jpg,119399,a0d29dec,\Gallery 48\01 - Kianna (2)\,{Shemale Yum Dvd03~G48~01-2~01 - Kianna (2)}
vidkiana043.jpg,121773,3b2c4122,\Gallery 48\01 - Kianna (2)\,{Shemale Yum Dvd03~G48~01-2~01 - Kianna (2)}
vidkiana044.jpg,101661,1da8be01,\Gallery 48\01 - Kianna (2)\,{Shemale Yum Dvd03~G48~01-2~01 - Kianna (2)}
vidkiana045.jpg,143255,e1ebd318,\Gallery 48\01 - Kianna (2)\,{Shemale Yum Dvd03~G48~01-2~01 - Kianna (2)}
vidkiana046.jpg,123444,88bdf683,\Gallery 48\01 - Kianna (2)\,{Shemale Yum Dvd03~G48~01-2~01 - Kianna (2)}
vidkiana047.jpg,117327,a3f114b4,\Gallery 48\01 - Kianna (2)\,{Shemale Yum Dvd03~G48~01-2~01 - Kianna (2)}
vidkiana048.jpg,129635,4c3d2dd4,\Gallery 48\01 - Kianna (2)\,{Shemale Yum Dvd03~G48~01-2~01 - Kianna (2)}
vidkiana049.jpg,110570,11497279,\Gallery 48\01 - Kianna (2)\,{Shemale Yum Dvd03~G48~01-2~01 - Kianna (2)}
vidkiana050.jpg,136397,0fbf46b1,\Gallery 48\01 - Kianna (2)\,{Shemale Yum Dvd03~G48~01-2~01 - Kianna (2)}
vidkiana051.jpg,136491,ac1ba9be,\Gallery 48\01 - Kianna (2)\,{Shemale Yum Dvd03~G48~01-2~01 - Kianna (2)}
vidkiana052.jpg,111820,94ab9e7b,\Gallery 48\01 - Kianna (2)\,{Shemale Yum Dvd03~G48~01-2~01 - Kianna (2)}
vidkiana054.jpg,95295,e1ffae4c,\Gallery 48\01 - Kianna (2)\,{Shemale Yum Dvd03~G48~01-2~01 - Kianna (2)}
vidkiana055.jpg,92041,c212e0dc,\Gallery 48\01 - Kianna (2)\,{Shemale Yum Dvd03~G48~01-2~01 - Kianna (2)}
vidkiana056.jpg,125057,85e36c89,\Gallery 48\01 - Kianna (2)\,{Shemale Yum Dvd03~G48~01-2~01 - Kianna (2)}
vidkiana057.jpg,131222,4fce615a,\Gallery 48\01 - Kianna (2)\,{Shemale Yum Dvd03~G48~01-2~01 - Kianna (2)}
vidkiana058.jpg,124902,55a685fb,\Gallery 48\01 - Kianna (2)\,{Shemale Yum Dvd03~G48~01-2~01 - Kianna (2)}
vidkiana059.jpg,130753,38bdd03e,\Gallery 48\01 - Kianna (2)\,{Shemale Yum Dvd03~G48~01-2~01 - Kianna (2)}
vidkiana060.jpg,121675,18de24ac,\Gallery 48\01 - Kianna (2)\,{Shemale Yum Dvd03~G48~01-2~01 - Kianna (2)}
vidkiana061.jpg,130594,d2f52f93,\Gallery 48\01 - Kianna (2)\,{Shemale Yum Dvd03~G48~01-2~01 - Kianna (2)}
vidkiana062.jpg,121167,fba1c2e0,\Gallery 48\01 - Kianna (2)\,{Shemale Yum Dvd03~G48~01-2~01 - Kianna (2)}
vidkiana063.jpg,97174,b8eef207,\Gallery 48\01 - Kianna (2)\,{Shemale Yum Dvd03~G48~01-2~01 - Kianna (2)}
vidkiana064.jpg,102015,deec74a4,\Gallery 48\01 - Kianna (2)\,{Shemale Yum Dvd03~G48~01-2~01 - Kianna (2)}
vidkiana065.jpg,99130,2e9b2f05,\Gallery 48\01 - Kianna (2)\,{Shemale Yum Dvd03~G48~01-2~01 - Kianna (2)}
vidkiana066.jpg,120883,20041a46,\Gallery 48\01 - Kianna (2)\,{Shemale Yum Dvd03~G48~01-2~01 - Kianna (2)}
vidkiana067.jpg,129052,32d54df8,\Gallery 48\01 - Kianna (2)\,{Shemale Yum Dvd03~G48~01-2~01 - Kianna (2)}
vidkiana068.jpg,131351,3e70357a,\Gallery 48\01 - Kianna (2)\,{Shemale Yum Dvd03~G48~01-2~01 - Kianna (2)}
vidkiana069.jpg,124032,54aecaa9,\Gallery 48\01 - Kianna (2)\,{Shemale Yum Dvd03~G48~01-2~01 - Kianna (2)}
vidkiana070.jpg,133417,841d86f8,\Gallery 48\01 - Kianna (2)\,{Shemale Yum Dvd03~G48~01-2~01 - Kianna (2)}
vidkiana071.jpg,125748,2148afe4,\Gallery 48\01 - Kianna (2)\,{Shemale Yum Dvd03~G48~01-2~01 - Kianna (2)}
vidkiana072.jpg,114027,90e0ef94,\Gallery 48\01 - Kianna (2)\,{Shemale Yum Dvd03~G48~01-2~01 - Kianna (2)}
vidkiana073.jpg,122877,4f5e4b78,\Gallery 48\01 - Kianna (2)\,{Shemale Yum Dvd03~G48~01-2~01 - Kianna (2)}
vidkiana074.jpg,122037,39b52081,\Gallery 48\01 - Kianna (2)\,{Shemale Yum Dvd03~G48~01-2~01 - Kianna (2)}
vidkiana075.jpg,100521,099c1761,\Gallery 48\01 - Kianna (2)\,{Shemale Yum Dvd03~G48~01-2~01 - Kianna (2)}
vidkiana076.jpg,109706,5788ef38,\Gallery 48\01 - Kianna (2)\,{Shemale Yum Dvd03~G48~01-2~01 - Kianna (2)}
vidkiana078.jpg,122845,cc39d6d2,\Gallery 48\01 - Kianna (2)\,{Shemale Yum Dvd03~G48~01-2~01 - Kianna (2)}
vidkiana079.jpg,126569,d7761dbd,\Gallery 48\01 - Kianna (2)\,{Shemale Yum Dvd03~G48~01-2~01 - Kianna (2)}
vidkiana080.jpg,138777,5ddfd40e,\Gallery 48\01 - Kianna (2)\,{Shemale Yum Dvd03~G48~01-2~01 - Kianna (2)}
vidkiana081.jpg,111597,2e3e72ed,\Gallery 48\01 - Kianna (2)\,{Shemale Yum Dvd03~G48~01-2~01 - Kianna (2)}
vidkiana082.jpg,90245,d3b58909,\Gallery 48\01 - Kianna (2)\,{Shemale Yum Dvd03~G48~01-2~01 - Kianna (2)}
vidkiana083.jpg,103489,a410e5c8,\Gallery 48\01 - Kianna (2)\,{Shemale Yum Dvd03~G48~01-2~01 - Kianna (2)}
vidkiana084.jpg,105862,b64a06c4,\Gallery 48\01 - Kianna (2)\,{Shemale Yum Dvd03~G48~01-2~01 - Kianna (2)}
vidkiana085.jpg,129174,9b310454,\Gallery 48\01 - Kianna (2)\,{Shemale Yum Dvd03~G48~01-2~01 - Kianna (2)}
vidkiana086.jpg,102872,56d52cbd,\Gallery 48\01 - Kianna (2)\,{Shemale Yum Dvd03~G48~01-2~01 - Kianna (2)}
vidkiana087.jpg,108952,13760b48,\Gallery 48\01 - Kianna (2)\,{Shemale Yum Dvd03~G48~01-2~01 - Kianna (2)}
vidkiana088.jpg,92512,b7a5c6ac,\Gallery 48\01 - Kianna (2)\,{Shemale Yum Dvd03~G48~01-2~01 - Kianna (2)}
vidkiana089.jpg,106099,0a6097e8,\Gallery 48\01 - Kianna (2)\,{Shemale Yum Dvd03~G48~01-2~01 - Kianna (2)}
vidkiana090.jpg,110605,80e95d9a,\Gallery 48\01 - Kianna (2)\,{Shemale Yum Dvd03~G48~01-2~01 - Kianna (2)}
vidkiana091.jpg,138820,b23ac554,\Gallery 48\01 - Kianna (2)\,{Shemale Yum Dvd03~G48~01-2~01 - Kianna (2)}
vidkiana092.jpg,137362,13eba78d,\Gallery 48\01 - Kianna (2)\,{Shemale Yum Dvd03~G48~01-2~01 - Kianna (2)}
vidkiana093.jpg,140006,0d29d434,\Gallery 48\01 - Kianna (2)\,{Shemale Yum Dvd03~G48~01-2~01 - Kianna (2)}
vidkiana094.jpg,131578,4fa6ea6f,\Gallery 48\01 - Kianna (2)\,{Shemale Yum Dvd03~G48~01-2~01 - Kianna (2)}
vidkiana095.jpg,100454,6679cab9,\Gallery 48\01 - Kianna (2)\,{Shemale Yum Dvd03~G48~01-2~01 - Kianna (2)}
vidkiana096.jpg,102434,7b441621,\Gallery 48\01 - Kianna (2)\,{Shemale Yum Dvd03~G48~01-2~01 - Kianna (2)}
vidkiana097.jpg,107232,029bb672,\Gallery 48\01 - Kianna (2)\,{Shemale Yum Dvd03~G48~01-2~01 - Kianna (2)}
vidkiana098.jpg,119932,d005ebac,\Gallery 48\01 - Kianna (2)\,{Shemale Yum Dvd03~G48~01-2~01 - Kianna (2)}
vidkiana099.jpg,122828,74e614fc,\Gallery 48\01 - Kianna (2)\,{Shemale Yum Dvd03~G48~01-2~01 - Kianna (2)}
vidkiana100.jpg,134529,a2a47c85,\Gallery 48\01 - Kianna (2)\,{Shemale Yum Dvd03~G48~01-2~01 - Kianna (2)}
vidkiana101.jpg,132594,f407f5d7,\Gallery 48\01 - Kianna (2)\,{Shemale Yum Dvd03~G48~01-2~01 - Kianna (2)}
vidkiana102.jpg,128986,2f3306da,\Gallery 48\01 - Kianna (2)\,{Shemale Yum Dvd03~G48~01-2~01 - Kianna (2)}
vidkiana103.jpg,122548,cb1ca61f,\Gallery 48\01 - Kianna (2)\,{Shemale Yum Dvd03~G48~01-2~01 - Kianna (2)}
vidkiana104.jpg,136495,a06a4b6b,\Gallery 48\01 - Kianna (2)\,{Shemale Yum Dvd03~G48~01-2~01 - Kianna (2)}
vidkiana105.jpg,134547,a94aee15,\Gallery 48\01 - Kianna (2)\,{Shemale Yum Dvd03~G48~01-2~01 - Kianna (2)}
vidkiana106.jpg,127726,65871d01,\Gallery 48\01 - Kianna (2)\,{Shemale Yum Dvd03~G48~01-2~01 - Kianna (2)}
vidkiana107.jpg,127237,66b03921,\Gallery 48\01 - Kianna (2)\,{Shemale Yum Dvd03~G48~01-2~01 - Kianna (2)}
vidkiana108.jpg,123135,5d3821f3,\Gallery 48\01 - Kianna (2)\,{Shemale Yum Dvd03~G48~01-2~01 - Kianna (2)}
vidkiana109.jpg,134530,2a98375b,\Gallery 48\01 - Kianna (2)\,{Shemale Yum Dvd03~G48~01-2~01 - Kianna (2)}
vidkiana110.jpg,130993,6c6ef5fc,\Gallery 48\01 - Kianna (2)\,{Shemale Yum Dvd03~G48~01-2~01 - Kianna (2)}
vidkiana111.jpg,136155,9409318b,\Gallery 48\01 - Kianna (2)\,{Shemale Yum Dvd03~G48~01-2~01 - Kianna (2)}
vidkiana112.jpg,129538,f086e928,\Gallery 48\01 - Kianna (2)\,{Shemale Yum Dvd03~G48~01-2~01 - Kianna (2)}
vidkiana113.jpg,137105,a293b9f6,\Gallery 48\01 - Kianna (2)\,{Shemale Yum Dvd03~G48~01-2~01 - Kianna (2)}
vidkiana114.jpg,132481,622d49db,\Gallery 48\01 - Kianna (2)\,{Shemale Yum Dvd03~G48~01-2~01 - Kianna (2)}
vidkiana115.jpg,81459,8a67a322,\Gallery 48\01 - Kianna (2)\,{Shemale Yum Dvd03~G48~01-2~01 - Kianna (2)}
vidkiana116.jpg,137770,8c58358b,\Gallery 48\01 - Kianna (2)\,{Shemale Yum Dvd03~G48~01-2~01 - Kianna (2)}
vidkiana117.jpg,142580,6cd303b4,\Gallery 48\01 - Kianna (2)\,{Shemale Yum Dvd03~G48~01-2~01 - Kianna (2)}
01060001.jpg,110905,efeb1c57,\Gallery 48\02 - Abigail\,{Shemale Yum Dvd03~G48~02~02 - Abigail}
01060003.jpg,100493,cf182987,\Gallery 48\02 - Abigail\,{Shemale Yum Dvd03~G48~02~02 - Abigail}
01060004.jpg,139041,e983cbad,\Gallery 48\02 - Abigail\,{Shemale Yum Dvd03~G48~02~02 - Abigail}
01060005.jpg,100685,1736ac7a,\Gallery 48\02 - Abigail\,{Shemale Yum Dvd03~G48~02~02 - Abigail}
01060006.jpg,119234,9c9ac4f2,\Gallery 48\02 - Abigail\,{Shemale Yum Dvd03~G48~02~02 - Abigail}
01060008.jpg,104919,30a1a158,\Gallery 48\02 - Abigail\,{Shemale Yum Dvd03~G48~02~02 - Abigail}
01060009.jpg,64496,fa5cb506,\Gallery 48\02 - Abigail\,{Shemale Yum Dvd03~G48~02~02 - Abigail}
01060010.jpg,70328,3681ab3c,\Gallery 48\02 - Abigail\,{Shemale Yum Dvd03~G48~02~02 - Abigail}
01060011.jpg,84008,20053097,\Gallery 48\02 - Abigail\,{Shemale Yum Dvd03~G48~02~02 - Abigail}
01060012.jpg,109246,6425106e,\Gallery 48\02 - Abigail\,{Shemale Yum Dvd03~G48~02~02 - Abigail}
01060013.jpg,106443,5fa83412,\Gallery 48\02 - Abigail\,{Shemale Yum Dvd03~G48~02~02 - Abigail}
01060014.jpg,97471,f30dc2d5,\Gallery 48\02 - Abigail\,{Shemale Yum Dvd03~G48~02~02 - Abigail}
01060018.jpg,104693,0865abbf,\Gallery 48\02 - Abigail\,{Shemale Yum Dvd03~G48~02~02 - Abigail}
01060028.jpg,128820,c8bddd24,\Gallery 48\02 - Abigail\,{Shemale Yum Dvd03~G48~02~02 - Abigail}
01060029.jpg,95320,f280afc6,\Gallery 48\02 - Abigail\,{Shemale Yum Dvd03~G48~02~02 - Abigail}
01060031.jpg,93507,ed4e7ecc,\Gallery 48\02 - Abigail\,{Shemale Yum Dvd03~G48~02~02 - Abigail}
01060032.jpg,98642,ee43f3cd,\Gallery 48\02 - Abigail\,{Shemale Yum Dvd03~G48~02~02 - Abigail}
01060034.jpg,91597,cbb471ab,\Gallery 48\02 - Abigail\,{Shemale Yum Dvd03~G48~02~02 - Abigail}
01060036.jpg,105622,4fddc0fe,\Gallery 48\02 - Abigail\,{Shemale Yum Dvd03~G48~02~02 - Abigail}
01060038.jpg,94999,74a83ad1,\Gallery 48\02 - Abigail\,{Shemale Yum Dvd03~G48~02~02 - Abigail}
01060039.jpg,102500,bc57cb38,\Gallery 48\02 - Abigail\,{Shemale Yum Dvd03~G48~02~02 - Abigail}
01060040.jpg,113350,ee588c09,\Gallery 48\02 - Abigail\,{Shemale Yum Dvd03~G48~02~02 - Abigail}
01060042.jpg,98027,ebc8429c,\Gallery 48\02 - Abigail\,{Shemale Yum Dvd03~G48~02~02 - Abigail}
01060044.jpg,106291,9ec35c40,\Gallery 48\02 - Abigail\,{Shemale Yum Dvd03~G48~02~02 - Abigail}
01060045.jpg,114066,b39e5f0d,\Gallery 48\02 - Abigail\,{Shemale Yum Dvd03~G48~02~02 - Abigail}
01060046.jpg,128943,fac562ed,\Gallery 48\02 - Abigail\,{Shemale Yum Dvd03~G48~02~02 - Abigail}
01060048.jpg,110262,193f1181,\Gallery 48\02 - Abigail\,{Shemale Yum Dvd03~G48~02~02 - Abigail}
01060049.jpg,102674,9b60a269,\Gallery 48\02 - Abigail\,{Shemale Yum Dvd03~G48~02~02 - Abigail}
01060055.jpg,93217,ef33cadb,\Gallery 48\02 - Abigail\,{Shemale Yum Dvd03~G48~02~02 - Abigail}
01060056.jpg,93144,2da638e2,\Gallery 48\02 - Abigail\,{Shemale Yum Dvd03~G48~02~02 - Abigail}
01060057.jpg,102856,1fb36914,\Gallery 48\02 - Abigail\,{Shemale Yum Dvd03~G48~02~02 - Abigail}
01060058.jpg,98842,84d94cad,\Gallery 48\02 - Abigail\,{Shemale Yum Dvd03~G48~02~02 - Abigail}
01060059.jpg,83592,aac039be,\Gallery 48\02 - Abigail\,{Shemale Yum Dvd03~G48~02~02 - Abigail}
01070003.jpg,84691,dc98b9ef,\Gallery 48\02 - Abigail\,{Shemale Yum Dvd03~G48~02~02 - Abigail}
01070004.jpg,98041,ebecb930,\Gallery 48\02 - Abigail\,{Shemale Yum Dvd03~G48~02~02 - Abigail}
01070005.jpg,106343,5871752f,\Gallery 48\02 - Abigail\,{Shemale Yum Dvd03~G48~02~02 - Abigail}
01070006.jpg,109543,b4e8e9b3,\Gallery 48\02 - Abigail\,{Shemale Yum Dvd03~G48~02~02 - Abigail}
01070007.jpg,110565,0fa3298a,\Gallery 48\02 - Abigail\,{Shemale Yum Dvd03~G48~02~02 - Abigail}
01070008.jpg,124315,256934c8,\Gallery 48\02 - Abigail\,{Shemale Yum Dvd03~G48~02~02 - Abigail}
01070009.jpg,97968,857f4063,\Gallery 48\02 - Abigail\,{Shemale Yum Dvd03~G48~02~02 - Abigail}
01070013.jpg,100419,b5f539f8,\Gallery 48\02 - Abigail\,{Shemale Yum Dvd03~G48~02~02 - Abigail}
01070014.jpg,91919,d7c3d796,\Gallery 48\02 - Abigail\,{Shemale Yum Dvd03~G48~02~02 - Abigail}
01070015.jpg,108783,295a4d8c,\Gallery 48\02 - Abigail\,{Shemale Yum Dvd03~G48~02~02 - Abigail}
01070016.jpg,121609,320fae31,\Gallery 48\02 - Abigail\,{Shemale Yum Dvd03~G48~02~02 - Abigail}
01070019.jpg,88496,c746634e,\Gallery 48\02 - Abigail\,{Shemale Yum Dvd03~G48~02~02 - Abigail}
01070020.jpg,102023,55095ff7,\Gallery 48\02 - Abigail\,{Shemale Yum Dvd03~G48~02~02 - Abigail}
01070021.jpg,87577,b7998150,\Gallery 48\02 - Abigail\,{Shemale Yum Dvd03~G48~02~02 - Abigail}
01070022.jpg,91833,ba6855f1,\Gallery 48\02 - Abigail\,{Shemale Yum Dvd03~G48~02~02 - Abigail}
01070023.jpg,98231,e17344cb,\Gallery 48\02 - Abigail\,{Shemale Yum Dvd03~G48~02~02 - Abigail}
01070024.jpg,99404,066be000,\Gallery 48\02 - Abigail\,{Shemale Yum Dvd03~G48~02~02 - Abigail}
01070025.jpg,93412,3827924f,\Gallery 48\02 - Abigail\,{Shemale Yum Dvd03~G48~02~02 - Abigail}
01070026.jpg,102075,ae596494,\Gallery 48\02 - Abigail\,{Shemale Yum Dvd03~G48~02~02 - Abigail}
01070027.jpg,91993,3ffcdebd,\Gallery 48\02 - Abigail\,{Shemale Yum Dvd03~G48~02~02 - Abigail}
01070028.jpg,94950,96241624,\Gallery 48\02 - Abigail\,{Shemale Yum Dvd03~G48~02~02 - Abigail}
01070029.jpg,105467,a8384a32,\Gallery 48\02 - Abigail\,{Shemale Yum Dvd03~G48~02~02 - Abigail}
01070031.jpg,87330,4faafcde,\Gallery 48\02 - Abigail\,{Shemale Yum Dvd03~G48~02~02 - Abigail}
01070037.jpg,64180,7f45d2bb,\Gallery 48\02 - Abigail\,{Shemale Yum Dvd03~G48~02~02 - Abigail}
01070038.jpg,62202,be3ca098,\Gallery 48\02 - Abigail\,{Shemale Yum Dvd03~G48~02~02 - Abigail}
01070039.jpg,72925,9e83714d,\Gallery 48\02 - Abigail\,{Shemale Yum Dvd03~G48~02~02 - Abigail}
01070040.jpg,93217,bd23bfdf,\Gallery 48\02 - Abigail\,{Shemale Yum Dvd03~G48~02~02 - Abigail}
01070041.jpg,96459,932f92c2,\Gallery 48\02 - Abigail\,{Shemale Yum Dvd03~G48~02~02 - Abigail}
01070042.jpg,91928,654590ad,\Gallery 48\02 - Abigail\,{Shemale Yum Dvd03~G48~02~02 - Abigail}
01070044.jpg,103259,fafad4d5,\Gallery 48\02 - Abigail\,{Shemale Yum Dvd03~G48~02~02 - Abigail}
01070047.jpg,76522,8704e319,\Gallery 48\02 - Abigail\,{Shemale Yum Dvd03~G48~02~02 - Abigail}
01070048.jpg,76045,86042dad,\Gallery 48\02 - Abigail\,{Shemale Yum Dvd03~G48~02~02 - Abigail}
01070050.jpg,103566,854638e3,\Gallery 48\02 - Abigail\,{Shemale Yum Dvd03~G48~02~02 - Abigail}
01070054.jpg,115948,1cdb9f3c,\Gallery 48\02 - Abigail\,{Shemale Yum Dvd03~G48~02~02 - Abigail}
01070056.jpg,81129,63e4dba7,\Gallery 48\02 - Abigail\,{Shemale Yum Dvd03~G48~02~02 - Abigail}
01070057.jpg,79253,89cd038f,\Gallery 48\02 - Abigail\,{Shemale Yum Dvd03~G48~02~02 - Abigail}
01070059.jpg,112116,f0f16a02,\Gallery 48\02 - Abigail\,{Shemale Yum Dvd03~G48~02~02 - Abigail}
01070061.jpg,120995,7d3d4499,\Gallery 48\02 - Abigail\,{Shemale Yum Dvd03~G48~02~02 - Abigail}
01070064.jpg,116080,e2031b17,\Gallery 48\02 - Abigail\,{Shemale Yum Dvd03~G48~02~02 - Abigail}
01070067.jpg,107390,f554a5bd,\Gallery 48\02 - Abigail\,{Shemale Yum Dvd03~G48~02~02 - Abigail}
01070068.jpg,107930,c3c8fa65,\Gallery 48\02 - Abigail\,{Shemale Yum Dvd03~G48~02~02 - Abigail}
01070070.jpg,119186,69ad26e9,\Gallery 48\02 - Abigail\,{Shemale Yum Dvd03~G48~02~02 - Abigail}
01070073.jpg,112915,38d1c8eb,\Gallery 48\02 - Abigail\,{Shemale Yum Dvd03~G48~02~02 - Abigail}
01070075.jpg,121332,a3990e7a,\Gallery 48\02 - Abigail\,{Shemale Yum Dvd03~G48~02~02 - Abigail}
01070085.jpg,125544,3a276aae,\Gallery 48\02 - Abigail\,{Shemale Yum Dvd03~G48~02~02 - Abigail}
01070086.jpg,122855,866071a7,\Gallery 48\02 - Abigail\,{Shemale Yum Dvd03~G48~02~02 - Abigail}
abigail55.jpg,120288,964f256e,\Gallery 48\02 - Abigail\,{Shemale Yum Dvd03~G48~02~02 - Abigail}
abigail7.jpg,96400,390fd108,\Gallery 48\02 - Abigail\,{Shemale Yum Dvd03~G48~02~02 - Abigail}
barbara002.jpg,128026,ae3f2c41,\Gallery 48\03 - Barbara\,{Shemale Yum Dvd03~G48~03~03 - Barbara}
barbara003.jpg,135228,b3abeb56,\Gallery 48\03 - Barbara\,{Shemale Yum Dvd03~G48~03~03 - Barbara}
barbara004.jpg,135146,db29324d,\Gallery 48\03 - Barbara\,{Shemale Yum Dvd03~G48~03~03 - Barbara}
barbara005.jpg,147650,74f57a77,\Gallery 48\03 - Barbara\,{Shemale Yum Dvd03~G48~03~03 - Barbara}
barbara006.jpg,141947,3d8548da,\Gallery 48\03 - Barbara\,{Shemale Yum Dvd03~G48~03~03 - Barbara}
barbara007.jpg,137241,40aa70a9,\Gallery 48\03 - Barbara\,{Shemale Yum Dvd03~G48~03~03 - Barbara}
barbara008.jpg,133561,50fc8349,\Gallery 48\03 - Barbara\,{Shemale Yum Dvd03~G48~03~03 - Barbara}
barbara009.jpg,131354,025673fb,\Gallery 48\03 - Barbara\,{Shemale Yum Dvd03~G48~03~03 - Barbara}
barbara010.jpg,129876,8e975d65,\Gallery 48\03 - Barbara\,{Shemale Yum Dvd03~G48~03~03 - Barbara}
barbara011.jpg,129055,a549ac1c,\Gallery 48\03 - Barbara\,{Shemale Yum Dvd03~G48~03~03 - Barbara}
barbara012.jpg,115462,aee521a8,\Gallery 48\03 - Barbara\,{Shemale Yum Dvd03~G48~03~03 - Barbara}
barbara013.jpg,100672,747f7aff,\Gallery 48\03 - Barbara\,{Shemale Yum Dvd03~G48~03~03 - Barbara}
barbara014.jpg,120408,a552170a,\Gallery 48\03 - Barbara\,{Shemale Yum Dvd03~G48~03~03 - Barbara}
barbara015.jpg,124885,7e737335,\Gallery 48\03 - Barbara\,{Shemale Yum Dvd03~G48~03~03 - Barbara}
barbara016.jpg,113674,2db9684d,\Gallery 48\03 - Barbara\,{Shemale Yum Dvd03~G48~03~03 - Barbara}
barbara017.jpg,125116,315900ee,\Gallery 48\03 - Barbara\,{Shemale Yum Dvd03~G48~03~03 - Barbara}
barbara018.jpg,119249,1c629875,\Gallery 48\03 - Barbara\,{Shemale Yum Dvd03~G48~03~03 - Barbara}
barbara019.jpg,114916,1a0341a8,\Gallery 48\03 - Barbara\,{Shemale Yum Dvd03~G48~03~03 - Barbara}
barbara020.jpg,112601,a1cb7157,\Gallery 48\03 - Barbara\,{Shemale Yum Dvd03~G48~03~03 - Barbara}
barbara021.jpg,119340,ceda3e30,\Gallery 48\03 - Barbara\,{Shemale Yum Dvd03~G48~03~03 - Barbara}
barbara022.jpg,95195,9f4f7def,\Gallery 48\03 - Barbara\,{Shemale Yum Dvd03~G48~03~03 - Barbara}
barbara023.jpg,115712,6ac79680,\Gallery 48\03 - Barbara\,{Shemale Yum Dvd03~G48~03~03 - Barbara}
barbara024.jpg,106507,1c58aa1d,\Gallery 48\03 - Barbara\,{Shemale Yum Dvd03~G48~03~03 - Barbara}
barbara025.jpg,125830,80476d2c,\Gallery 48\03 - Barbara\,{Shemale Yum Dvd03~G48~03~03 - Barbara}
barbara026.jpg,108015,e833dc0d,\Gallery 48\03 - Barbara\,{Shemale Yum Dvd03~G48~03~03 - Barbara}
barbara027.jpg,96504,b3d48ee2,\Gallery 48\03 - Barbara\,{Shemale Yum Dvd03~G48~03~03 - Barbara}
barbara028.jpg,124633,9b348d5c,\Gallery 48\03 - Barbara\,{Shemale Yum Dvd03~G48~03~03 - Barbara}
barbara029.jpg,118902,cfb01afa,\Gallery 48\03 - Barbara\,{Shemale Yum Dvd03~G48~03~03 - Barbara}
barbara030.jpg,114463,0836b7ea,\Gallery 48\03 - Barbara\,{Shemale Yum Dvd03~G48~03~03 - Barbara}
barbara031.jpg,109021,a1ffdf6d,\Gallery 48\03 - Barbara\,{Shemale Yum Dvd03~G48~03~03 - Barbara}
barbara032.jpg,105252,103b59bd,\Gallery 48\03 - Barbara\,{Shemale Yum Dvd03~G48~03~03 - Barbara}
barbara033.jpg,113441,79591bc2,\Gallery 48\03 - Barbara\,{Shemale Yum Dvd03~G48~03~03 - Barbara}
barbara034.jpg,125038,d169c1eb,\Gallery 48\03 - Barbara\,{Shemale Yum Dvd03~G48~03~03 - Barbara}
barbara035.jpg,123177,8832c840,\Gallery 48\03 - Barbara\,{Shemale Yum Dvd03~G48~03~03 - Barbara}
barbara036.jpg,133836,62054cfa,\Gallery 48\03 - Barbara\,{Shemale Yum Dvd03~G48~03~03 - Barbara}
barbara037.jpg,103497,8913b60d,\Gallery 48\03 - Barbara\,{Shemale Yum Dvd03~G48~03~03 - Barbara}
barbara038.jpg,121384,bb3b9f7c,\Gallery 48\03 - Barbara\,{Shemale Yum Dvd03~G48~03~03 - Barbara}
barbara039.jpg,111133,90bd87ac,\Gallery 48\03 - Barbara\,{Shemale Yum Dvd03~G48~03~03 - Barbara}
barbara040.jpg,118401,07f8bb37,\Gallery 48\03 - Barbara\,{Shemale Yum Dvd03~G48~03~03 - Barbara}
barbara041.jpg,125059,1a8cabb1,\Gallery 48\03 - Barbara\,{Shemale Yum Dvd03~G48~03~03 - Barbara}
barbara042.jpg,129374,81042630,\Gallery 48\03 - Barbara\,{Shemale Yum Dvd03~G48~03~03 - Barbara}
barbara043.jpg,103740,25b8e014,\Gallery 48\03 - Barbara\,{Shemale Yum Dvd03~G48~03~03 - Barbara}
barbara044.jpg,98406,0676248a,\Gallery 48\03 - Barbara\,{Shemale Yum Dvd03~G48~03~03 - Barbara}
barbara045.jpg,107632,deb60bb6,\Gallery 48\03 - Barbara\,{Shemale Yum Dvd03~G48~03~03 - Barbara}
barbara046.jpg,101496,b041b760,\Gallery 48\03 - Barbara\,{Shemale Yum Dvd03~G48~03~03 - Barbara}
barbara047.jpg,99591,bdf318b9,\Gallery 48\03 - Barbara\,{Shemale Yum Dvd03~G48~03~03 - Barbara}
barbara048.jpg,130499,868df7bc,\Gallery 48\03 - Barbara\,{Shemale Yum Dvd03~G48~03~03 - Barbara}
barbara049.jpg,111305,8d601c3c,\Gallery 48\03 - Barbara\,{Shemale Yum Dvd03~G48~03~03 - Barbara}
barbara050.jpg,137369,00462042,\Gallery 48\03 - Barbara\,{Shemale Yum Dvd03~G48~03~03 - Barbara}
barbara051.jpg,136124,e008141b,\Gallery 48\03 - Barbara\,{Shemale Yum Dvd03~G48~03~03 - Barbara}
barbara052.jpg,130682,45375709,\Gallery 48\03 - Barbara\,{Shemale Yum Dvd03~G48~03~03 - Barbara}
barbara053.jpg,117805,40f7228d,\Gallery 48\03 - Barbara\,{Shemale Yum Dvd03~G48~03~03 - Barbara}
barbara054.jpg,130946,c8a96cf6,\Gallery 48\03 - Barbara\,{Shemale Yum Dvd03~G48~03~03 - Barbara}
barbara055.jpg,140157,ec56069d,\Gallery 48\03 - Barbara\,{Shemale Yum Dvd03~G48~03~03 - Barbara}
barbara056.jpg,137588,6093849f,\Gallery 48\03 - Barbara\,{Shemale Yum Dvd03~G48~03~03 - Barbara}
barbara057.jpg,113478,2add87bf,\Gallery 48\03 - Barbara\,{Shemale Yum Dvd03~G48~03~03 - Barbara}
barbara058.jpg,117596,84f06f99,\Gallery 48\03 - Barbara\,{Shemale Yum Dvd03~G48~03~03 - Barbara}
barbara059.jpg,105085,abad424b,\Gallery 48\03 - Barbara\,{Shemale Yum Dvd03~G48~03~03 - Barbara}
barbara060.jpg,138338,b12045e1,\Gallery 48\03 - Barbara\,{Shemale Yum Dvd03~G48~03~03 - Barbara}
barbara061.jpg,142190,12eef560,\Gallery 48\03 - Barbara\,{Shemale Yum Dvd03~G48~03~03 - Barbara}
barbara062.jpg,138733,e51f4103,\Gallery 48\03 - Barbara\,{Shemale Yum Dvd03~G48~03~03 - Barbara}
barbara063.jpg,130586,3378080d,\Gallery 48\03 - Barbara\,{Shemale Yum Dvd03~G48~03~03 - Barbara}
barbara064.jpg,126817,923fafc1,\Gallery 48\03 - Barbara\,{Shemale Yum Dvd03~G48~03~03 - Barbara}
barbara066.jpg,128689,fd8bb432,\Gallery 48\03 - Barbara\,{Shemale Yum Dvd03~G48~03~03 - Barbara}
barbara067.jpg,134092,cdfb83a5,\Gallery 48\03 - Barbara\,{Shemale Yum Dvd03~G48~03~03 - Barbara}
barbara068.jpg,133997,c842ade2,\Gallery 48\03 - Barbara\,{Shemale Yum Dvd03~G48~03~03 - Barbara}
barbara069.jpg,138999,5d3b9141,\Gallery 48\03 - Barbara\,{Shemale Yum Dvd03~G48~03~03 - Barbara}
barbara070.jpg,136975,8ae60397,\Gallery 48\03 - Barbara\,{Shemale Yum Dvd03~G48~03~03 - Barbara}
barbara071.jpg,134348,2e710a94,\Gallery 48\03 - Barbara\,{Shemale Yum Dvd03~G48~03~03 - Barbara}
barbara072.jpg,137762,400fa966,\Gallery 48\03 - Barbara\,{Shemale Yum Dvd03~G48~03~03 - Barbara}
barbara073.jpg,132178,02c81291,\Gallery 48\03 - Barbara\,{Shemale Yum Dvd03~G48~03~03 - Barbara}
barbara074.jpg,120048,9d3898af,\Gallery 48\03 - Barbara\,{Shemale Yum Dvd03~G48~03~03 - Barbara}
barbara076.jpg,118436,4daf47fd,\Gallery 48\03 - Barbara\,{Shemale Yum Dvd03~G48~03~03 - Barbara}
barbara077.jpg,129620,3eefc7a0,\Gallery 48\03 - Barbara\,{Shemale Yum Dvd03~G48~03~03 - Barbara}
barbara078.jpg,128989,ddd51605,\Gallery 48\03 - Barbara\,{Shemale Yum Dvd03~G48~03~03 - Barbara}
barbara079.jpg,136414,56dcba1f,\Gallery 48\03 - Barbara\,{Shemale Yum Dvd03~G48~03~03 - Barbara}
barbara080.jpg,133911,eb7a23d8,\Gallery 48\03 - Barbara\,{Shemale Yum Dvd03~G48~03~03 - Barbara}
barbara081.jpg,131065,f3f29941,\Gallery 48\03 - Barbara\,{Shemale Yum Dvd03~G48~03~03 - Barbara}
barbara082.jpg,130361,6d2b88f3,\Gallery 48\03 - Barbara\,{Shemale Yum Dvd03~G48~03~03 - Barbara}
barbara083.jpg,126559,a114527b,\Gallery 48\03 - Barbara\,{Shemale Yum Dvd03~G48~03~03 - Barbara}
barbara084.jpg,119209,7928e110,\Gallery 48\03 - Barbara\,{Shemale Yum Dvd03~G48~03~03 - Barbara}
barbara085.jpg,132071,2c81d75c,\Gallery 48\03 - Barbara\,{Shemale Yum Dvd03~G48~03~03 - Barbara}
barbara086.jpg,123476,9192ea4d,\Gallery 48\03 - Barbara\,{Shemale Yum Dvd03~G48~03~03 - Barbara}
barbara087.jpg,123916,b7e8c58e,\Gallery 48\03 - Barbara\,{Shemale Yum Dvd03~G48~03~03 - Barbara}
barbara088.jpg,112871,1b74948f,\Gallery 48\03 - Barbara\,{Shemale Yum Dvd03~G48~03~03 - Barbara}
barbara089.jpg,138190,728c3087,\Gallery 48\03 - Barbara\,{Shemale Yum Dvd03~G48~03~03 - Barbara}
barbara090.jpg,78526,070bc571,\Gallery 48\03 - Barbara\,{Shemale Yum Dvd03~G48~03~03 - Barbara}
barbara091.jpg,136981,6c664fe6,\Gallery 48\03 - Barbara\,{Shemale Yum Dvd03~G48~03~03 - Barbara}
barbara092.jpg,146957,d5c8ffa2,\Gallery 48\03 - Barbara\,{Shemale Yum Dvd03~G48~03~03 - Barbara}
barbara093.jpg,140506,c3247d66,\Gallery 48\03 - Barbara\,{Shemale Yum Dvd03~G48~03~03 - Barbara}
barbara094.jpg,130510,15840e27,\Gallery 48\03 - Barbara\,{Shemale Yum Dvd03~G48~03~03 - Barbara}
barbara095.jpg,135602,08d456be,\Gallery 48\03 - Barbara\,{Shemale Yum Dvd03~G48~03~03 - Barbara}
barbara096.jpg,121358,e33104d8,\Gallery 48\03 - Barbara\,{Shemale Yum Dvd03~G48~03~03 - Barbara}
barbara097.jpg,123015,f4daece9,\Gallery 48\03 - Barbara\,{Shemale Yum Dvd03~G48~03~03 - Barbara}
barbara098.jpg,118235,011a6275,\Gallery 48\03 - Barbara\,{Shemale Yum Dvd03~G48~03~03 - Barbara}
barbara099.jpg,120157,e51d8896,\Gallery 48\03 - Barbara\,{Shemale Yum Dvd03~G48~03~03 - Barbara}
barbara100.jpg,115056,0a2c69f3,\Gallery 48\03 - Barbara\,{Shemale Yum Dvd03~G48~03~03 - Barbara}
barbara101.jpg,129357,faece4e0,\Gallery 48\03 - Barbara\,{Shemale Yum Dvd03~G48~03~03 - Barbara}
barbara102.jpg,97936,84bb33e4,\Gallery 48\03 - Barbara\,{Shemale Yum Dvd03~G48~03~03 - Barbara}
barbara103.jpg,116442,b467d02c,\Gallery 48\03 - Barbara\,{Shemale Yum Dvd03~G48~03~03 - Barbara}
barbara104.jpg,111976,d399d4ee,\Gallery 48\03 - Barbara\,{Shemale Yum Dvd03~G48~03~03 - Barbara}
barbara105.jpg,142523,7eb36ab4,\Gallery 48\03 - Barbara\,{Shemale Yum Dvd03~G48~03~03 - Barbara}
barbara106.jpg,131938,05042752,\Gallery 48\03 - Barbara\,{Shemale Yum Dvd03~G48~03~03 - Barbara}
barbara107.jpg,120733,8a6c4d98,\Gallery 48\03 - Barbara\,{Shemale Yum Dvd03~G48~03~03 - Barbara}
barbara108.jpg,123806,7d49429c,\Gallery 48\03 - Barbara\,{Shemale Yum Dvd03~G48~03~03 - Barbara}
barbara109.jpg,115296,f3087589,\Gallery 48\03 - Barbara\,{Shemale Yum Dvd03~G48~03~03 - Barbara}
barbara110.jpg,114893,8779971b,\Gallery 48\03 - Barbara\,{Shemale Yum Dvd03~G48~03~03 - Barbara}
barbara111.jpg,110714,0d3bca12,\Gallery 48\03 - Barbara\,{Shemale Yum Dvd03~G48~03~03 - Barbara}
barbara112.jpg,119551,ae9d06a2,\Gallery 48\03 - Barbara\,{Shemale Yum Dvd03~G48~03~03 - Barbara}
barbara113.jpg,120648,d6290944,\Gallery 48\03 - Barbara\,{Shemale Yum Dvd03~G48~03~03 - Barbara}
barbara114.jpg,117907,b562084b,\Gallery 48\03 - Barbara\,{Shemale Yum Dvd03~G48~03~03 - Barbara}
barbara115.jpg,127008,059b6b35,\Gallery 48\03 - Barbara\,{Shemale Yum Dvd03~G48~03~03 - Barbara}
barbara116.jpg,124357,00a1ba17,\Gallery 48\03 - Barbara\,{Shemale Yum Dvd03~G48~03~03 - Barbara}
barbara117.jpg,129857,efe63a8d,\Gallery 48\03 - Barbara\,{Shemale Yum Dvd03~G48~03~03 - Barbara}
barbara118.jpg,126625,9a8e83ab,\Gallery 48\03 - Barbara\,{Shemale Yum Dvd03~G48~03~03 - Barbara}
barbara119.jpg,115826,d8c9cfea,\Gallery 48\03 - Barbara\,{Shemale Yum Dvd03~G48~03~03 - Barbara}
barbara120.jpg,112101,d2e2340d,\Gallery 48\03 - Barbara\,{Shemale Yum Dvd03~G48~03~03 - Barbara}
barbara121.jpg,110831,964f48c2,\Gallery 48\03 - Barbara\,{Shemale Yum Dvd03~G48~03~03 - Barbara}
barbara122.jpg,114504,a342bb73,\Gallery 48\03 - Barbara\,{Shemale Yum Dvd03~G48~03~03 - Barbara}
barbara123.jpg,100809,509c2815,\Gallery 48\03 - Barbara\,{Shemale Yum Dvd03~G48~03~03 - Barbara}
barbara124.jpg,98885,ac14747c,\Gallery 48\03 - Barbara\,{Shemale Yum Dvd03~G48~03~03 - Barbara}
barbara125.jpg,110521,0bccfd43,\Gallery 48\03 - Barbara\,{Shemale Yum Dvd03~G48~03~03 - Barbara}
barbara126.jpg,109938,1ae40dc7,\Gallery 48\03 - Barbara\,{Shemale Yum Dvd03~G48~03~03 - Barbara}
barbara127.jpg,123391,c6a03a84,\Gallery 48\03 - Barbara\,{Shemale Yum Dvd03~G48~03~03 - Barbara}
barbara128.jpg,127284,bec0ed78,\Gallery 48\03 - Barbara\,{Shemale Yum Dvd03~G48~03~03 - Barbara}
barbara129.jpg,97225,6081704f,\Gallery 48\03 - Barbara\,{Shemale Yum Dvd03~G48~03~03 - Barbara}
barbara130.jpg,101585,bd16842d,\Gallery 48\03 - Barbara\,{Shemale Yum Dvd03~G48~03~03 - Barbara}
barbara131.jpg,105475,a5ce764a,\Gallery 48\03 - Barbara\,{Shemale Yum Dvd03~G48~03~03 - Barbara}
barbara132.jpg,93871,2563b7ff,\Gallery 48\03 - Barbara\,{Shemale Yum Dvd03~G48~03~03 - Barbara}
barbara133.jpg,100563,fab3b614,\Gallery 48\03 - Barbara\,{Shemale Yum Dvd03~G48~03~03 - Barbara}
barbara134.jpg,98003,28a7b383,\Gallery 48\03 - Barbara\,{Shemale Yum Dvd03~G48~03~03 - Barbara}
barbara135.jpg,95716,69ffec98,\Gallery 48\03 - Barbara\,{Shemale Yum Dvd03~G48~03~03 - Barbara}
barbara136.jpg,99529,05201812,\Gallery 48\03 - Barbara\,{Shemale Yum Dvd03~G48~03~03 - Barbara}
barbara137.jpg,100783,409a217a,\Gallery 48\03 - Barbara\,{Shemale Yum Dvd03~G48~03~03 - Barbara}
barbara138.jpg,99280,6381d5ea,\Gallery 48\03 - Barbara\,{Shemale Yum Dvd03~G48~03~03 - Barbara}
barbara139.jpg,101831,2e49f196,\Gallery 48\03 - Barbara\,{Shemale Yum Dvd03~G48~03~03 - Barbara}
eva001.jpg,97278,f452687b,\Gallery 48\04 - Eva\,{Shemale Yum Dvd03~G48~04~04 - Eva}
eva002.jpg,94006,745bf4b7,\Gallery 48\04 - Eva\,{Shemale Yum Dvd03~G48~04~04 - Eva}
eva003.jpg,97422,e0e669c0,\Gallery 48\04 - Eva\,{Shemale Yum Dvd03~G48~04~04 - Eva}
eva004.jpg,100681,54a01694,\Gallery 48\04 - Eva\,{Shemale Yum Dvd03~G48~04~04 - Eva}
eva005.jpg,104787,1ec9800e,\Gallery 48\04 - Eva\,{Shemale Yum Dvd03~G48~04~04 - Eva}
eva006.jpg,92078,22d2129a,\Gallery 48\04 - Eva\,{Shemale Yum Dvd03~G48~04~04 - Eva}
eva007.jpg,117329,ee755e1b,\Gallery 48\04 - Eva\,{Shemale Yum Dvd03~G48~04~04 - Eva}
eva008.jpg,113675,72da8c71,\Gallery 48\04 - Eva\,{Shemale Yum Dvd03~G48~04~04 - Eva}
eva009.jpg,100938,3cfd9393,\Gallery 48\04 - Eva\,{Shemale Yum Dvd03~G48~04~04 - Eva}
eva010.jpg,103541,a913ef7f,\Gallery 48\04 - Eva\,{Shemale Yum Dvd03~G48~04~04 - Eva}
eva011.jpg,121262,ed4c217b,\Gallery 48\04 - Eva\,{Shemale Yum Dvd03~G48~04~04 - Eva}
eva012.jpg,119307,95497aa8,\Gallery 48\04 - Eva\,{Shemale Yum Dvd03~G48~04~04 - Eva}
eva013.jpg,109178,a172d8a9,\Gallery 48\04 - Eva\,{Shemale Yum Dvd03~G48~04~04 - Eva}
eva014.jpg,129558,1ca962d2,\Gallery 48\04 - Eva\,{Shemale Yum Dvd03~G48~04~04 - Eva}
eva015.jpg,121360,ea6c42f2,\Gallery 48\04 - Eva\,{Shemale Yum Dvd03~G48~04~04 - Eva}
eva016.jpg,129546,6d500b33,\Gallery 48\04 - Eva\,{Shemale Yum Dvd03~G48~04~04 - Eva}
eva017.jpg,132010,d2bd8efc,\Gallery 48\04 - Eva\,{Shemale Yum Dvd03~G48~04~04 - Eva}
eva018.jpg,121559,c5c8e6a5,\Gallery 48\04 - Eva\,{Shemale Yum Dvd03~G48~04~04 - Eva}
eva019.jpg,128244,203804b1,\Gallery 48\04 - Eva\,{Shemale Yum Dvd03~G48~04~04 - Eva}
eva020.jpg,124806,3df56470,\Gallery 48\04 - Eva\,{Shemale Yum Dvd03~G48~04~04 - Eva}
eva021.jpg,116367,7a5fae57,\Gallery 48\04 - Eva\,{Shemale Yum Dvd03~G48~04~04 - Eva}
eva022.jpg,108607,24359ffb,\Gallery 48\04 - Eva\,{Shemale Yum Dvd03~G48~04~04 - Eva}
eva023.jpg,103237,e3a4b232,\Gallery 48\04 - Eva\,{Shemale Yum Dvd03~G48~04~04 - Eva}
eva024.jpg,117974,0a43d810,\Gallery 48\04 - Eva\,{Shemale Yum Dvd03~G48~04~04 - Eva}
eva025.jpg,97332,9177e1bb,\Gallery 48\04 - Eva\,{Shemale Yum Dvd03~G48~04~04 - Eva}
eva026.jpg,124299,8e5b7f5c,\Gallery 48\04 - Eva\,{Shemale Yum Dvd03~G48~04~04 - Eva}
eva027.jpg,126910,295c0fe4,\Gallery 48\04 - Eva\,{Shemale Yum Dvd03~G48~04~04 - Eva}
eva028.jpg,113279,7d0c7a7c,\Gallery 48\04 - Eva\,{Shemale Yum Dvd03~G48~04~04 - Eva}
eva029.jpg,107851,a9b46692,\Gallery 48\04 - Eva\,{Shemale Yum Dvd03~G48~04~04 - Eva}
eva030.jpg,98767,f50a3862,\Gallery 48\04 - Eva\,{Shemale Yum Dvd03~G48~04~04 - Eva}
eva031.jpg,103547,ae671f62,\Gallery 48\04 - Eva\,{Shemale Yum Dvd03~G48~04~04 - Eva}
eva032.jpg,102894,a84dc0c8,\Gallery 48\04 - Eva\,{Shemale Yum Dvd03~G48~04~04 - Eva}
eva033.jpg,99143,a6084be8,\Gallery 48\04 - Eva\,{Shemale Yum Dvd03~G48~04~04 - Eva}
eva034.jpg,75053,952b6447,\Gallery 48\04 - Eva\,{Shemale Yum Dvd03~G48~04~04 - Eva}
eva035.jpg,74206,c06f8488,\Gallery 48\04 - Eva\,{Shemale Yum Dvd03~G48~04~04 - Eva}
eva036.jpg,104181,dd084f34,\Gallery 48\04 - Eva\,{Shemale Yum Dvd03~G48~04~04 - Eva}
eva037.jpg,106024,58530df1,\Gallery 48\04 - Eva\,{Shemale Yum Dvd03~G48~04~04 - Eva}
eva038.jpg,113558,0fa753c6,\Gallery 48\04 - Eva\,{Shemale Yum Dvd03~G48~04~04 - Eva}
eva039.jpg,106809,b5329a6d,\Gallery 48\04 - Eva\,{Shemale Yum Dvd03~G48~04~04 - Eva}
eva040.jpg,126225,47eba04a,\Gallery 48\04 - Eva\,{Shemale Yum Dvd03~G48~04~04 - Eva}
eva041.jpg,130119,7ff802d0,\Gallery 48\04 - Eva\,{Shemale Yum Dvd03~G48~04~04 - Eva}
eva042.jpg,103634,797ed5bd,\Gallery 48\04 - Eva\,{Shemale Yum Dvd03~G48~04~04 - Eva}
eva043.jpg,105397,4bd29e7a,\Gallery 48\04 - Eva\,{Shemale Yum Dvd03~G48~04~04 - Eva}
eva044.jpg,104364,98c029d0,\Gallery 48\04 - Eva\,{Shemale Yum Dvd03~G48~04~04 - Eva}
eva045.jpg,103492,3fa72b51,\Gallery 48\04 - Eva\,{Shemale Yum Dvd03~G48~04~04 - Eva}
eva046.jpg,99158,3223cd77,\Gallery 48\04 - Eva\,{Shemale Yum Dvd03~G48~04~04 - Eva}
eva047.jpg,86565,2df0fb75,\Gallery 48\04 - Eva\,{Shemale Yum Dvd03~G48~04~04 - Eva}
eva048.jpg,99454,7d290098,\Gallery 48\04 - Eva\,{Shemale Yum Dvd03~G48~04~04 - Eva}
eva049.jpg,99902,584acbff,\Gallery 48\04 - Eva\,{Shemale Yum Dvd03~G48~04~04 - Eva}
eva050.jpg,110286,a070a5e3,\Gallery 48\04 - Eva\,{Shemale Yum Dvd03~G48~04~04 - Eva}
eva051.jpg,111145,9aa73cad,\Gallery 48\04 - Eva\,{Shemale Yum Dvd03~G48~04~04 - Eva}
eva053.jpg,120275,8f95baeb,\Gallery 48\04 - Eva\,{Shemale Yum Dvd03~G48~04~04 - Eva}
eva054.jpg,122557,3a7b2e86,\Gallery 48\04 - Eva\,{Shemale Yum Dvd03~G48~04~04 - Eva}
eva055.jpg,119707,16ad4b99,\Gallery 48\04 - Eva\,{Shemale Yum Dvd03~G48~04~04 - Eva}
eva056.jpg,124399,eb0fd7e6,\Gallery 48\04 - Eva\,{Shemale Yum Dvd03~G48~04~04 - Eva}
eva057.jpg,122469,62895bad,\Gallery 48\04 - Eva\,{Shemale Yum Dvd03~G48~04~04 - Eva}
eva058.jpg,108716,0dc12aa6,\Gallery 48\04 - Eva\,{Shemale Yum Dvd03~G48~04~04 - Eva}
eva059.jpg,128475,859beb12,\Gallery 48\04 - Eva\,{Shemale Yum Dvd03~G48~04~04 - Eva}
eva060.jpg,105051,e6a17b68,\Gallery 48\04 - Eva\,{Shemale Yum Dvd03~G48~04~04 - Eva}
eva061.jpg,107969,a7557e3f,\Gallery 48\04 - Eva\,{Shemale Yum Dvd03~G48~04~04 - Eva}
eva062.jpg,126374,c83ceecf,\Gallery 48\04 - Eva\,{Shemale Yum Dvd03~G48~04~04 - Eva}
eva063.jpg,124713,229aa8d8,\Gallery 48\04 - Eva\,{Shemale Yum Dvd03~G48~04~04 - Eva}
eva064.jpg,116779,b24911de,\Gallery 48\04 - Eva\,{Shemale Yum Dvd03~G48~04~04 - Eva}
eva065.jpg,83217,0e2ff018,\Gallery 48\04 - Eva\,{Shemale Yum Dvd03~G48~04~04 - Eva}
eva066.jpg,102901,92606b81,\Gallery 48\04 - Eva\,{Shemale Yum Dvd03~G48~04~04 - Eva}
eva067.jpg,95471,23e54271,\Gallery 48\04 - Eva\,{Shemale Yum Dvd03~G48~04~04 - Eva}
eva068.jpg,120187,b147db1c,\Gallery 48\04 - Eva\,{Shemale Yum Dvd03~G48~04~04 - Eva}
eva069.jpg,137171,ccd53d5e,\Gallery 48\04 - Eva\,{Shemale Yum Dvd03~G48~04~04 - Eva}
eva070.jpg,108963,45d2ba52,\Gallery 48\04 - Eva\,{Shemale Yum Dvd03~G48~04~04 - Eva}
eva071.jpg,115043,0ef23076,\Gallery 48\04 - Eva\,{Shemale Yum Dvd03~G48~04~04 - Eva}
eva072.jpg,124313,e84b18e9,\Gallery 48\04 - Eva\,{Shemale Yum Dvd03~G48~04~04 - Eva}
eva073.jpg,132990,6c633109,\Gallery 48\04 - Eva\,{Shemale Yum Dvd03~G48~04~04 - Eva}
eva075.jpg,110002,179dcaf7,\Gallery 48\04 - Eva\,{Shemale Yum Dvd03~G48~04~04 - Eva}
eva077.jpg,118797,09f5cffa,\Gallery 48\04 - Eva\,{Shemale Yum Dvd03~G48~04~04 - Eva}
eva079.jpg,111899,8dd741ff,\Gallery 48\04 - Eva\,{Shemale Yum Dvd03~G48~04~04 - Eva}
eva081.jpg,127205,e459592e,\Gallery 48\04 - Eva\,{Shemale Yum Dvd03~G48~04~04 - Eva}
eva083.jpg,107692,850dd731,\Gallery 48\04 - Eva\,{Shemale Yum Dvd03~G48~04~04 - Eva}
eva085.jpg,103784,d266676c,\Gallery 48\04 - Eva\,{Shemale Yum Dvd03~G48~04~04 - Eva}
evab001.jpg,90074,2f9f750c,\Gallery 48\04 - Eva (2)\,{Shemale Yum Dvd03~G48~04-2~04 - Eva (2)}
evab002.jpg,91475,e5050297,\Gallery 48\04 - Eva (2)\,{Shemale Yum Dvd03~G48~04-2~04 - Eva (2)}
evab003.jpg,84921,99e9597b,\Gallery 48\04 - Eva (2)\,{Shemale Yum Dvd03~G48~04-2~04 - Eva (2)}
evab004.jpg,81909,d4b1b189,\Gallery 48\04 - Eva (2)\,{Shemale Yum Dvd03~G48~04-2~04 - Eva (2)}
evab005.jpg,84858,fea59326,\Gallery 48\04 - Eva (2)\,{Shemale Yum Dvd03~G48~04-2~04 - Eva (2)}
evab006.jpg,97007,f263c999,\Gallery 48\04 - Eva (2)\,{Shemale Yum Dvd03~G48~04-2~04 - Eva (2)}
evab007.jpg,102669,24665b75,\Gallery 48\04 - Eva (2)\,{Shemale Yum Dvd03~G48~04-2~04 - Eva (2)}
evab008.jpg,87021,c127ee9a,\Gallery 48\04 - Eva (2)\,{Shemale Yum Dvd03~G48~04-2~04 - Eva (2)}
evab009.jpg,100408,dc77c0d9,\Gallery 48\04 - Eva (2)\,{Shemale Yum Dvd03~G48~04-2~04 - Eva (2)}
evab010.jpg,100682,ca80590f,\Gallery 48\04 - Eva (2)\,{Shemale Yum Dvd03~G48~04-2~04 - Eva (2)}
evab011.jpg,95200,3eb9184d,\Gallery 48\04 - Eva (2)\,{Shemale Yum Dvd03~G48~04-2~04 - Eva (2)}
evab012.jpg,90660,3d82f40f,\Gallery 48\04 - Eva (2)\,{Shemale Yum Dvd03~G48~04-2~04 - Eva (2)}
evab013.jpg,96599,2addd2f5,\Gallery 48\04 - Eva (2)\,{Shemale Yum Dvd03~G48~04-2~04 - Eva (2)}
evab014.jpg,104713,55693bcb,\Gallery 48\04 - Eva (2)\,{Shemale Yum Dvd03~G48~04-2~04 - Eva (2)}
evab015.jpg,99769,db26110b,\Gallery 48\04 - Eva (2)\,{Shemale Yum Dvd03~G48~04-2~04 - Eva (2)}
evab016.jpg,94531,ce079512,\Gallery 48\04 - Eva (2)\,{Shemale Yum Dvd03~G48~04-2~04 - Eva (2)}
evab017.jpg,98957,2823f3b9,\Gallery 48\04 - Eva (2)\,{Shemale Yum Dvd03~G48~04-2~04 - Eva (2)}
evab018.jpg,107187,2af289b4,\Gallery 48\04 - Eva (2)\,{Shemale Yum Dvd03~G48~04-2~04 - Eva (2)}
evab019.jpg,116615,5117a5aa,\Gallery 48\04 - Eva (2)\,{Shemale Yum Dvd03~G48~04-2~04 - Eva (2)}
evab020.jpg,105911,08510eee,\Gallery 48\04 - Eva (2)\,{Shemale Yum Dvd03~G48~04-2~04 - Eva (2)}
evab021.jpg,107382,4390bd9a,\Gallery 48\04 - Eva (2)\,{Shemale Yum Dvd03~G48~04-2~04 - Eva (2)}
evab022.jpg,108322,76da773a,\Gallery 48\04 - Eva (2)\,{Shemale Yum Dvd03~G48~04-2~04 - Eva (2)}
evab023.jpg,103646,1b5913c2,\Gallery 48\04 - Eva (2)\,{Shemale Yum Dvd03~G48~04-2~04 - Eva (2)}
evab024.jpg,107096,b8bf6f6b,\Gallery 48\04 - Eva (2)\,{Shemale Yum Dvd03~G48~04-2~04 - Eva (2)}
evab025.jpg,108800,dc7335d2,\Gallery 48\04 - Eva (2)\,{Shemale Yum Dvd03~G48~04-2~04 - Eva (2)}
evab026.jpg,104395,be2a86c6,\Gallery 48\04 - Eva (2)\,{Shemale Yum Dvd03~G48~04-2~04 - Eva (2)}
evab027.jpg,115196,6c2b2c0f,\Gallery 48\04 - Eva (2)\,{Shemale Yum Dvd03~G48~04-2~04 - Eva (2)}
evab028.jpg,114585,64c9ab52,\Gallery 48\04 - Eva (2)\,{Shemale Yum Dvd03~G48~04-2~04 - Eva (2)}
evab029.jpg,119760,70b2e5e2,\Gallery 48\04 - Eva (2)\,{Shemale Yum Dvd03~G48~04-2~04 - Eva (2)}
evab030.jpg,140663,df7dd5f4,\Gallery 48\04 - Eva (2)\,{Shemale Yum Dvd03~G48~04-2~04 - Eva (2)}
evab031.jpg,138372,4c1e2d40,\Gallery 48\04 - Eva (2)\,{Shemale Yum Dvd03~G48~04-2~04 - Eva (2)}
evab032.jpg,127049,0a131fe0,\Gallery 48\04 - Eva (2)\,{Shemale Yum Dvd03~G48~04-2~04 - Eva (2)}
evab033.jpg,134272,94e51aaa,\Gallery 48\04 - Eva (2)\,{Shemale Yum Dvd03~G48~04-2~04 - Eva (2)}
evab034.jpg,133081,31e1bf14,\Gallery 48\04 - Eva (2)\,{Shemale Yum Dvd03~G48~04-2~04 - Eva (2)}
evab035.jpg,121463,ae0ea938,\Gallery 48\04 - Eva (2)\,{Shemale Yum Dvd03~G48~04-2~04 - Eva (2)}
evab036.jpg,131520,ce2a1e3f,\Gallery 48\04 - Eva (2)\,{Shemale Yum Dvd03~G48~04-2~04 - Eva (2)}
evab037.jpg,124645,53994b57,\Gallery 48\04 - Eva (2)\,{Shemale Yum Dvd03~G48~04-2~04 - Eva (2)}
evab038.jpg,119282,f61ca839,\Gallery 48\04 - Eva (2)\,{Shemale Yum Dvd03~G48~04-2~04 - Eva (2)}
evab039.jpg,111378,88fa05f8,\Gallery 48\04 - Eva (2)\,{Shemale Yum Dvd03~G48~04-2~04 - Eva (2)}
evab040.jpg,113308,8ac92d3c,\Gallery 48\04 - Eva (2)\,{Shemale Yum Dvd03~G48~04-2~04 - Eva (2)}
evab041.jpg,109766,68de2b7a,\Gallery 48\04 - Eva (2)\,{Shemale Yum Dvd03~G48~04-2~04 - Eva (2)}
evab042.jpg,108999,2a0f6e02,\Gallery 48\04 - Eva (2)\,{Shemale Yum Dvd03~G48~04-2~04 - Eva (2)}
evab043.jpg,114147,0596d9d5,\Gallery 48\04 - Eva (2)\,{Shemale Yum Dvd03~G48~04-2~04 - Eva (2)}
evab044.jpg,111769,c6a78b90,\Gallery 48\04 - Eva (2)\,{Shemale Yum Dvd03~G48~04-2~04 - Eva (2)}
evab045.jpg,114792,db2f2818,\Gallery 48\04 - Eva (2)\,{Shemale Yum Dvd03~G48~04-2~04 - Eva (2)}
evab046.jpg,108619,e4ed5a2a,\Gallery 48\04 - Eva (2)\,{Shemale Yum Dvd03~G48~04-2~04 - Eva (2)}
evab047.jpg,114493,58caec90,\Gallery 48\04 - Eva (2)\,{Shemale Yum Dvd03~G48~04-2~04 - Eva (2)}
evab048.jpg,107045,d82e1391,\Gallery 48\04 - Eva (2)\,{Shemale Yum Dvd03~G48~04-2~04 - Eva (2)}
evab049.jpg,139429,a6c4cd4c,\Gallery 48\04 - Eva (2)\,{Shemale Yum Dvd03~G48~04-2~04 - Eva (2)}
evab050.jpg,139457,c3eb0b23,\Gallery 48\04 - Eva (2)\,{Shemale Yum Dvd03~G48~04-2~04 - Eva (2)}
evab051.jpg,118304,7b083634,\Gallery 48\04 - Eva (2)\,{Shemale Yum Dvd03~G48~04-2~04 - Eva (2)}
evab052.jpg,137947,5251f7b0,\Gallery 48\04 - Eva (2)\,{Shemale Yum Dvd03~G48~04-2~04 - Eva (2)}
evab053.jpg,129341,c803abf1,\Gallery 48\04 - Eva (2)\,{Shemale Yum Dvd03~G48~04-2~04 - Eva (2)}
evab054.jpg,130028,bd011fa5,\Gallery 48\04 - Eva (2)\,{Shemale Yum Dvd03~G48~04-2~04 - Eva (2)}
evab055.jpg,129917,dba9c1e7,\Gallery 48\04 - Eva (2)\,{Shemale Yum Dvd03~G48~04-2~04 - Eva (2)}
evab056.jpg,132783,6778f9fb,\Gallery 48\04 - Eva (2)\,{Shemale Yum Dvd03~G48~04-2~04 - Eva (2)}
evab057.jpg,117787,f7e218a1,\Gallery 48\04 - Eva (2)\,{Shemale Yum Dvd03~G48~04-2~04 - Eva (2)}
evab058.jpg,118228,05d710df,\Gallery 48\04 - Eva (2)\,{Shemale Yum Dvd03~G48~04-2~04 - Eva (2)}
evab059.jpg,141019,2d9df616,\Gallery 48\04 - Eva (2)\,{Shemale Yum Dvd03~G48~04-2~04 - Eva (2)}
evab060.jpg,127719,312bb87e,\Gallery 48\04 - Eva (2)\,{Shemale Yum Dvd03~G48~04-2~04 - Eva (2)}
evab061.jpg,121086,47734e0e,\Gallery 48\04 - Eva (2)\,{Shemale Yum Dvd03~G48~04-2~04 - Eva (2)}
evab062.jpg,123982,e956e9e4,\Gallery 48\04 - Eva (2)\,{Shemale Yum Dvd03~G48~04-2~04 - Eva (2)}
evab063.jpg,140694,8761228f,\Gallery 48\04 - Eva (2)\,{Shemale Yum Dvd03~G48~04-2~04 - Eva (2)}
evab064.jpg,133254,55e810dd,\Gallery 48\04 - Eva (2)\,{Shemale Yum Dvd03~G48~04-2~04 - Eva (2)}
evab065.jpg,135809,cf4140ae,\Gallery 48\04 - Eva (2)\,{Shemale Yum Dvd03~G48~04-2~04 - Eva (2)}
evab066.jpg,124353,96a9f799,\Gallery 48\04 - Eva (2)\,{Shemale Yum Dvd03~G48~04-2~04 - Eva (2)}
evab067.jpg,120725,6dea0866,\Gallery 48\04 - Eva (2)\,{Shemale Yum Dvd03~G48~04-2~04 - Eva (2)}
evab068.jpg,126543,2655d2cc,\Gallery 48\04 - Eva (2)\,{Shemale Yum Dvd03~G48~04-2~04 - Eva (2)}
evab069.jpg,134570,af30c73c,\Gallery 48\04 - Eva (2)\,{Shemale Yum Dvd03~G48~04-2~04 - Eva (2)}
evab070.jpg,134833,b0dc7b7c,\Gallery 48\04 - Eva (2)\,{Shemale Yum Dvd03~G48~04-2~04 - Eva (2)}
evab071.jpg,146321,6bb90f56,\Gallery 48\04 - Eva (2)\,{Shemale Yum Dvd03~G48~04-2~04 - Eva (2)}
evab072.jpg,147611,caac6c38,\Gallery 48\04 - Eva (2)\,{Shemale Yum Dvd03~G48~04-2~04 - Eva (2)}
evab073.jpg,132682,a9e19d7a,\Gallery 48\04 - Eva (2)\,{Shemale Yum Dvd03~G48~04-2~04 - Eva (2)}
evab074.jpg,128084,1d0d956f,\Gallery 48\04 - Eva (2)\,{Shemale Yum Dvd03~G48~04-2~04 - Eva (2)}
evab075.jpg,123529,b218548e,\Gallery 48\04 - Eva (2)\,{Shemale Yum Dvd03~G48~04-2~04 - Eva (2)}
evab076.jpg,120853,abd380d1,\Gallery 48\04 - Eva (2)\,{Shemale Yum Dvd03~G48~04-2~04 - Eva (2)}
evab077.jpg,116698,4a21fc31,\Gallery 48\04 - Eva (2)\,{Shemale Yum Dvd03~G48~04-2~04 - Eva (2)}
evab078.jpg,115823,f8ab0f6c,\Gallery 48\04 - Eva (2)\,{Shemale Yum Dvd03~G48~04-2~04 - Eva (2)}
evab079.jpg,114106,70b9a658,\Gallery 48\04 - Eva (2)\,{Shemale Yum Dvd03~G48~04-2~04 - Eva (2)}
evab080.jpg,99421,7a94f4a1,\Gallery 48\04 - Eva (2)\,{Shemale Yum Dvd03~G48~04-2~04 - Eva (2)}
evab081.jpg,107606,dae1d354,\Gallery 48\04 - Eva (2)\,{Shemale Yum Dvd03~G48~04-2~04 - Eva (2)}
evab082.jpg,131518,0e6e443f,\Gallery 48\04 - Eva (2)\,{Shemale Yum Dvd03~G48~04-2~04 - Eva (2)}
evab083.jpg,117595,8b132d51,\Gallery 48\04 - Eva (2)\,{Shemale Yum Dvd03~G48~04-2~04 - Eva (2)}
evab084.jpg,120082,96e3da62,\Gallery 48\04 - Eva (2)\,{Shemale Yum Dvd03~G48~04-2~04 - Eva (2)}
evab085.jpg,122244,7251e700,\Gallery 48\04 - Eva (2)\,{Shemale Yum Dvd03~G48~04-2~04 - Eva (2)}
evab086.jpg,110654,4809ea51,\Gallery 48\04 - Eva (2)\,{Shemale Yum Dvd03~G48~04-2~04 - Eva (2)}
evab087.jpg,102063,75a5b7ce,\Gallery 48\04 - Eva (2)\,{Shemale Yum Dvd03~G48~04-2~04 - Eva (2)}
evab088.jpg,113754,650090aa,\Gallery 48\04 - Eva (2)\,{Shemale Yum Dvd03~G48~04-2~04 - Eva (2)}
evab089.jpg,104470,8c7d677f,\Gallery 48\04 - Eva (2)\,{Shemale Yum Dvd03~G48~04-2~04 - Eva (2)}
evab090.jpg,99972,5e457a51,\Gallery 48\04 - Eva (2)\,{Shemale Yum Dvd03~G48~04-2~04 - Eva (2)}
evab091.jpg,82609,2f611cb8,\Gallery 48\04 - Eva (2)\,{Shemale Yum Dvd03~G48~04-2~04 - Eva (2)}
evab092.jpg,98616,74455582,\Gallery 48\04 - Eva (2)\,{Shemale Yum Dvd03~G48~04-2~04 - Eva (2)}
evab093.jpg,111378,78f9d49d,\Gallery 48\04 - Eva (2)\,{Shemale Yum Dvd03~G48~04-2~04 - Eva (2)}
evab094.jpg,107406,5c6ab878,\Gallery 48\04 - Eva (2)\,{Shemale Yum Dvd03~G48~04-2~04 - Eva (2)}
evab095.jpg,138287,73d21493,\Gallery 48\04 - Eva (2)\,{Shemale Yum Dvd03~G48~04-2~04 - Eva (2)}
evab096.jpg,130909,823d47ce,\Gallery 48\04 - Eva (2)\,{Shemale Yum Dvd03~G48~04-2~04 - Eva (2)}
evab097.jpg,107082,ebd70e91,\Gallery 48\04 - Eva (2)\,{Shemale Yum Dvd03~G48~04-2~04 - Eva (2)}
evab098.jpg,115478,a143a80c,\Gallery 48\04 - Eva (2)\,{Shemale Yum Dvd03~G48~04-2~04 - Eva (2)}
evab099.jpg,118161,a8ad249b,\Gallery 48\04 - Eva (2)\,{Shemale Yum Dvd03~G48~04-2~04 - Eva (2)}
evac001.jpg,128616,ad751b8e,\Gallery 48\04 - Eva (3)\,{Shemale Yum Dvd03~G48~04-3~04 - Eva (3)}
evac002.jpg,126752,bb756f10,\Gallery 48\04 - Eva (3)\,{Shemale Yum Dvd03~G48~04-3~04 - Eva (3)}
evac003.jpg,116517,810320c6,\Gallery 48\04 - Eva (3)\,{Shemale Yum Dvd03~G48~04-3~04 - Eva (3)}
evac004.jpg,120384,0f690649,\Gallery 48\04 - Eva (3)\,{Shemale Yum Dvd03~G48~04-3~04 - Eva (3)}
evac005.jpg,126159,f11a8604,\Gallery 48\04 - Eva (3)\,{Shemale Yum Dvd03~G48~04-3~04 - Eva (3)}
evac006.jpg,129728,a95932fd,\Gallery 48\04 - Eva (3)\,{Shemale Yum Dvd03~G48~04-3~04 - Eva (3)}
evac007.jpg,172525,1faa6721,\Gallery 48\04 - Eva (3)\,{Shemale Yum Dvd03~G48~04-3~04 - Eva (3)}
evac008.jpg,169069,5fdad23d,\Gallery 48\04 - Eva (3)\,{Shemale Yum Dvd03~G48~04-3~04 - Eva (3)}
evac009.jpg,118811,78e4b9ac,\Gallery 48\04 - Eva (3)\,{Shemale Yum Dvd03~G48~04-3~04 - Eva (3)}
evac010.jpg,116428,fb207cf6,\Gallery 48\04 - Eva (3)\,{Shemale Yum Dvd03~G48~04-3~04 - Eva (3)}
evac011.jpg,117804,325ce667,\Gallery 48\04 - Eva (3)\,{Shemale Yum Dvd03~G48~04-3~04 - Eva (3)}
evac012.jpg,129060,a86eccdf,\Gallery 48\04 - Eva (3)\,{Shemale Yum Dvd03~G48~04-3~04 - Eva (3)}
evac013.jpg,112449,729592d1,\Gallery 48\04 - Eva (3)\,{Shemale Yum Dvd03~G48~04-3~04 - Eva (3)}
evac014.jpg,113728,d53e0ac5,\Gallery 48\04 - Eva (3)\,{Shemale Yum Dvd03~G48~04-3~04 - Eva (3)}
evac015.jpg,163192,ad8ba16f,\Gallery 48\04 - Eva (3)\,{Shemale Yum Dvd03~G48~04-3~04 - Eva (3)}
evac016.jpg,109804,f6f684d1,\Gallery 48\04 - Eva (3)\,{Shemale Yum Dvd03~G48~04-3~04 - Eva (3)}
evac017.jpg,115733,5e1e44fc,\Gallery 48\04 - Eva (3)\,{Shemale Yum Dvd03~G48~04-3~04 - Eva (3)}
evac018.jpg,131420,12303ffd,\Gallery 48\04 - Eva (3)\,{Shemale Yum Dvd03~G48~04-3~04 - Eva (3)}
evac019.jpg,125004,f95346b1,\Gallery 48\04 - Eva (3)\,{Shemale Yum Dvd03~G48~04-3~04 - Eva (3)}
evac020.jpg,146098,9eeab308,\Gallery 48\04 - Eva (3)\,{Shemale Yum Dvd03~G48~04-3~04 - Eva (3)}
evac021.jpg,135780,436c2f5d,\Gallery 48\04 - Eva (3)\,{Shemale Yum Dvd03~G48~04-3~04 - Eva (3)}
evac022.jpg,105502,a5bb6f3b,\Gallery 48\04 - Eva (3)\,{Shemale Yum Dvd03~G48~04-3~04 - Eva (3)}
evac023.jpg,102154,2d44b967,\Gallery 48\04 - Eva (3)\,{Shemale Yum Dvd03~G48~04-3~04 - Eva (3)}
evac024.jpg,130146,3ea45884,\Gallery 48\04 - Eva (3)\,{Shemale Yum Dvd03~G48~04-3~04 - Eva (3)}
evac025.jpg,111279,584d14f7,\Gallery 48\04 - Eva (3)\,{Shemale Yum Dvd03~G48~04-3~04 - Eva (3)}
evac026.jpg,119915,1c1d3357,\Gallery 48\04 - Eva (3)\,{Shemale Yum Dvd03~G48~04-3~04 - Eva (3)}
evac027.jpg,108943,c0e008e1,\Gallery 48\04 - Eva (3)\,{Shemale Yum Dvd03~G48~04-3~04 - Eva (3)}
evac028.jpg,123949,18df007c,\Gallery 48\04 - Eva (3)\,{Shemale Yum Dvd03~G48~04-3~04 - Eva (3)}
evac029.jpg,135705,00039498,\Gallery 48\04 - Eva (3)\,{Shemale Yum Dvd03~G48~04-3~04 - Eva (3)}
evac030.jpg,140165,ed85f53b,\Gallery 48\04 - Eva (3)\,{Shemale Yum Dvd03~G48~04-3~04 - Eva (3)}
evac031.jpg,133942,ced29eee,\Gallery 48\04 - Eva (3)\,{Shemale Yum Dvd03~G48~04-3~04 - Eva (3)}
evac032.jpg,127461,788f6714,\Gallery 48\04 - Eva (3)\,{Shemale Yum Dvd03~G48~04-3~04 - Eva (3)}
evac033.jpg,145287,8a56ee11,\Gallery 48\04 - Eva (3)\,{Shemale Yum Dvd03~G48~04-3~04 - Eva (3)}
evac034.jpg,149463,da9b8a70,\Gallery 48\04 - Eva (3)\,{Shemale Yum Dvd03~G48~04-3~04 - Eva (3)}
evac035.jpg,167231,36e16ac8,\Gallery 48\04 - Eva (3)\,{Shemale Yum Dvd03~G48~04-3~04 - Eva (3)}
evac036.jpg,166363,b7c9c93c,\Gallery 48\04 - Eva (3)\,{Shemale Yum Dvd03~G48~04-3~04 - Eva (3)}
evac037.jpg,174445,c757f5f3,\Gallery 48\04 - Eva (3)\,{Shemale Yum Dvd03~G48~04-3~04 - Eva (3)}
evac038.jpg,120765,280149a4,\Gallery 48\04 - Eva (3)\,{Shemale Yum Dvd03~G48~04-3~04 - Eva (3)}
evac039.jpg,112950,31f1b877,\Gallery 48\04 - Eva (3)\,{Shemale Yum Dvd03~G48~04-3~04 - Eva (3)}
evac040.jpg,157375,9be08ddc,\Gallery 48\04 - Eva (3)\,{Shemale Yum Dvd03~G48~04-3~04 - Eva (3)}
evac041.jpg,129042,c63c09f9,\Gallery 48\04 - Eva (3)\,{Shemale Yum Dvd03~G48~04-3~04 - Eva (3)}
evac042.jpg,118449,c8558b45,\Gallery 48\04 - Eva (3)\,{Shemale Yum Dvd03~G48~04-3~04 - Eva (3)}
evac043.jpg,125550,5f8d7fe6,\Gallery 48\04 - Eva (3)\,{Shemale Yum Dvd03~G48~04-3~04 - Eva (3)}
evac044.jpg,122897,0d29ca70,\Gallery 48\04 - Eva (3)\,{Shemale Yum Dvd03~G48~04-3~04 - Eva (3)}
evac045.jpg,118299,73501728,\Gallery 48\04 - Eva (3)\,{Shemale Yum Dvd03~G48~04-3~04 - Eva (3)}
evac046.jpg,127528,19474215,\Gallery 48\04 - Eva (3)\,{Shemale Yum Dvd03~G48~04-3~04 - Eva (3)}
evac047.jpg,125890,6ecabce1,\Gallery 48\04 - Eva (3)\,{Shemale Yum Dvd03~G48~04-3~04 - Eva (3)}
evac048.jpg,118427,4a4cde77,\Gallery 48\04 - Eva (3)\,{Shemale Yum Dvd03~G48~04-3~04 - Eva (3)}
evac049.jpg,117000,46b1ed24,\Gallery 48\04 - Eva (3)\,{Shemale Yum Dvd03~G48~04-3~04 - Eva (3)}
evac050.jpg,125145,dd4dc819,\Gallery 48\04 - Eva (3)\,{Shemale Yum Dvd03~G48~04-3~04 - Eva (3)}
evac051.jpg,169336,a2e5fba0,\Gallery 48\04 - Eva (3)\,{Shemale Yum Dvd03~G48~04-3~04 - Eva (3)}
evac052.jpg,181301,d8d7bb18,\Gallery 48\04 - Eva (3)\,{Shemale Yum Dvd03~G48~04-3~04 - Eva (3)}
evac053.jpg,180612,0ec95e53,\Gallery 48\04 - Eva (3)\,{Shemale Yum Dvd03~G48~04-3~04 - Eva (3)}
evac054.jpg,125141,1d79da4c,\Gallery 48\04 - Eva (3)\,{Shemale Yum Dvd03~G48~04-3~04 - Eva (3)}
evac055.jpg,122374,8d335657,\Gallery 48\04 - Eva (3)\,{Shemale Yum Dvd03~G48~04-3~04 - Eva (3)}
evac056.jpg,103665,6e01a6e3,\Gallery 48\04 - Eva (3)\,{Shemale Yum Dvd03~G48~04-3~04 - Eva (3)}
evac057.jpg,112202,89f42fdc,\Gallery 48\04 - Eva (3)\,{Shemale Yum Dvd03~G48~04-3~04 - Eva (3)}
evac058.jpg,135516,01f18322,\Gallery 48\04 - Eva (3)\,{Shemale Yum Dvd03~G48~04-3~04 - Eva (3)}
evac059.jpg,144678,d6fe43a1,\Gallery 48\04 - Eva (3)\,{Shemale Yum Dvd03~G48~04-3~04 - Eva (3)}
evac060.jpg,111667,cc612f1f,\Gallery 48\04 - Eva (3)\,{Shemale Yum Dvd03~G48~04-3~04 - Eva (3)}
evac061.jpg,133919,64c8fe55,\Gallery 48\04 - Eva (3)\,{Shemale Yum Dvd03~G48~04-3~04 - Eva (3)}
evac062.jpg,121117,15a4fde4,\Gallery 48\04 - Eva (3)\,{Shemale Yum Dvd03~G48~04-3~04 - Eva (3)}
evac063.jpg,155022,c2cd725b,\Gallery 48\04 - Eva (3)\,{Shemale Yum Dvd03~G48~04-3~04 - Eva (3)}
evac064.jpg,137155,e8259042,\Gallery 48\04 - Eva (3)\,{Shemale Yum Dvd03~G48~04-3~04 - Eva (3)}
evac065.jpg,132330,6c87983d,\Gallery 48\04 - Eva (3)\,{Shemale Yum Dvd03~G48~04-3~04 - Eva (3)}
evac066.jpg,142065,8c311fb4,\Gallery 48\04 - Eva (3)\,{Shemale Yum Dvd03~G48~04-3~04 - Eva (3)}
evac067.jpg,107148,9b010991,\Gallery 48\04 - Eva (3)\,{Shemale Yum Dvd03~G48~04-3~04 - Eva (3)}
evac068.jpg,136850,98c2e230,\Gallery 48\04 - Eva (3)\,{Shemale Yum Dvd03~G48~04-3~04 - Eva (3)}
evac069.jpg,136736,4da837b7,\Gallery 48\04 - Eva (3)\,{Shemale Yum Dvd03~G48~04-3~04 - Eva (3)}
evac070.jpg,140267,9a9afba6,\Gallery 48\04 - Eva (3)\,{Shemale Yum Dvd03~G48~04-3~04 - Eva (3)}
evac071.jpg,151529,fab9cdfb,\Gallery 48\04 - Eva (3)\,{Shemale Yum Dvd03~G48~04-3~04 - Eva (3)}
evac072.jpg,124844,f41e97d6,\Gallery 48\04 - Eva (3)\,{Shemale Yum Dvd03~G48~04-3~04 - Eva (3)}
evac073.jpg,129671,b745f7c2,\Gallery 48\04 - Eva (3)\,{Shemale Yum Dvd03~G48~04-3~04 - Eva (3)}
evac074.jpg,128175,0a341539,\Gallery 48\04 - Eva (3)\,{Shemale Yum Dvd03~G48~04-3~04 - Eva (3)}
evac075.jpg,118499,8b14df10,\Gallery 48\04 - Eva (3)\,{Shemale Yum Dvd03~G48~04-3~04 - Eva (3)}
keysse001.jpg,129326,8d1ab6bf,\Gallery 48\05 - Keysse\,{Shemale Yum Dvd03~G48~05~05 - Keysse}
keysse002.jpg,128459,990f5156,\Gallery 48\05 - Keysse\,{Shemale Yum Dvd03~G48~05~05 - Keysse}
keysse003.jpg,130112,a0ae4e94,\Gallery 48\05 - Keysse\,{Shemale Yum Dvd03~G48~05~05 - Keysse}
keysse004.jpg,120412,a915a692,\Gallery 48\05 - Keysse\,{Shemale Yum Dvd03~G48~05~05 - Keysse}
keysse005.jpg,133398,40ff8148,\Gallery 48\05 - Keysse\,{Shemale Yum Dvd03~G48~05~05 - Keysse}
keysse006.jpg,143036,2604867a,\Gallery 48\05 - Keysse\,{Shemale Yum Dvd03~G48~05~05 - Keysse}
keysse007.jpg,125784,b478c46f,\Gallery 48\05 - Keysse\,{Shemale Yum Dvd03~G48~05~05 - Keysse}
keysse008.jpg,134872,9cbd1a36,\Gallery 48\05 - Keysse\,{Shemale Yum Dvd03~G48~05~05 - Keysse}
keysse009.jpg,143039,a2efc693,\Gallery 48\05 - Keysse\,{Shemale Yum Dvd03~G48~05~05 - Keysse}
keysse010.jpg,131849,96e8fbda,\Gallery 48\05 - Keysse\,{Shemale Yum Dvd03~G48~05~05 - Keysse}
keysse011.jpg,136252,5916a4a0,\Gallery 48\05 - Keysse\,{Shemale Yum Dvd03~G48~05~05 - Keysse}
keysse012.jpg,133204,a48f25e8,\Gallery 48\05 - Keysse\,{Shemale Yum Dvd03~G48~05~05 - Keysse}
keysse013.jpg,140838,97c58040,\Gallery 48\05 - Keysse\,{Shemale Yum Dvd03~G48~05~05 - Keysse}
keysse014.jpg,130866,f33040dc,\Gallery 48\05 - Keysse\,{Shemale Yum Dvd03~G48~05~05 - Keysse}
keysse015.jpg,125063,6da0d59f,\Gallery 48\05 - Keysse\,{Shemale Yum Dvd03~G48~05~05 - Keysse}
keysse016.jpg,134353,a09fa79d,\Gallery 48\05 - Keysse\,{Shemale Yum Dvd03~G48~05~05 - Keysse}
keysse017.jpg,129291,5d05b4f6,\Gallery 48\05 - Keysse\,{Shemale Yum Dvd03~G48~05~05 - Keysse}
keysse018.jpg,138471,d2df1a72,\Gallery 48\05 - Keysse\,{Shemale Yum Dvd03~G48~05~05 - Keysse}
keysse019.jpg,137585,b2d723e7,\Gallery 48\05 - Keysse\,{Shemale Yum Dvd03~G48~05~05 - Keysse}
keysse021.jpg,120522,d058a1bd,\Gallery 48\05 - Keysse\,{Shemale Yum Dvd03~G48~05~05 - Keysse}
keysse022.jpg,143126,bd4d0e5f,\Gallery 48\05 - Keysse\,{Shemale Yum Dvd03~G48~05~05 - Keysse}
keysse023.jpg,137994,4ef2d493,\Gallery 48\05 - Keysse\,{Shemale Yum Dvd03~G48~05~05 - Keysse}
keysse024.jpg,132689,bfd734d0,\Gallery 48\05 - Keysse\,{Shemale Yum Dvd03~G48~05~05 - Keysse}
keysse025.jpg,138298,99de2aad,\Gallery 48\05 - Keysse\,{Shemale Yum Dvd03~G48~05~05 - Keysse}
keysse026.jpg,125898,5cff5ae0,\Gallery 48\05 - Keysse\,{Shemale Yum Dvd03~G48~05~05 - Keysse}
keysse027.jpg,129593,2f7a00f4,\Gallery 48\05 - Keysse\,{Shemale Yum Dvd03~G48~05~05 - Keysse}
keysse028.jpg,126781,20d7eca5,\Gallery 48\05 - Keysse\,{Shemale Yum Dvd03~G48~05~05 - Keysse}
keysse029.jpg,139297,fe8511bc,\Gallery 48\05 - Keysse\,{Shemale Yum Dvd03~G48~05~05 - Keysse}
keysse030.jpg,132825,a1e7b218,\Gallery 48\05 - Keysse\,{Shemale Yum Dvd03~G48~05~05 - Keysse}
keysse031.jpg,138043,7843b89c,\Gallery 48\05 - Keysse\,{Shemale Yum Dvd03~G48~05~05 - Keysse}
keysse032.jpg,141021,4f3ab953,\Gallery 48\05 - Keysse\,{Shemale Yum Dvd03~G48~05~05 - Keysse}
keysse033.jpg,136851,8c690000,\Gallery 48\05 - Keysse\,{Shemale Yum Dvd03~G48~05~05 - Keysse}
keysse034.jpg,131374,837e6de9,\Gallery 48\05 - Keysse\,{Shemale Yum Dvd03~G48~05~05 - Keysse}
keysse035.jpg,141540,d24eedd8,\Gallery 48\05 - Keysse\,{Shemale Yum Dvd03~G48~05~05 - Keysse}
keysse036.jpg,131514,a025f908,\Gallery 48\05 - Keysse\,{Shemale Yum Dvd03~G48~05~05 - Keysse}
keysse037.jpg,139893,de43eae0,\Gallery 48\05 - Keysse\,{Shemale Yum Dvd03~G48~05~05 - Keysse}
keysse038.jpg,130784,5cb77a9b,\Gallery 48\05 - Keysse\,{Shemale Yum Dvd03~G48~05~05 - Keysse}
keysse039.jpg,108287,0e6fe09a,\Gallery 48\05 - Keysse\,{Shemale Yum Dvd03~G48~05~05 - Keysse}
keysse040.jpg,141270,60186a88,\Gallery 48\05 - Keysse\,{Shemale Yum Dvd03~G48~05~05 - Keysse}
keysse041.jpg,122315,502580e7,\Gallery 48\05 - Keysse\,{Shemale Yum Dvd03~G48~05~05 - Keysse}
keysse042.jpg,116792,7797134c,\Gallery 48\05 - Keysse\,{Shemale Yum Dvd03~G48~05~05 - Keysse}
keysse043.jpg,133758,d2305b19,\Gallery 48\05 - Keysse\,{Shemale Yum Dvd03~G48~05~05 - Keysse}
keysse044.jpg,139085,ee3b26d0,\Gallery 48\05 - Keysse\,{Shemale Yum Dvd03~G48~05~05 - Keysse}
keysse045.jpg,140144,25de7a92,\Gallery 48\05 - Keysse\,{Shemale Yum Dvd03~G48~05~05 - Keysse}
keysse046.jpg,115379,fde0c5d7,\Gallery 48\05 - Keysse\,{Shemale Yum Dvd03~G48~05~05 - Keysse}
keysse048.jpg,138444,a8f6764c,\Gallery 48\05 - Keysse\,{Shemale Yum Dvd03~G48~05~05 - Keysse}
keysse049.jpg,135670,5152b23b,\Gallery 48\05 - Keysse\,{Shemale Yum Dvd03~G48~05~05 - Keysse}
keysse050.jpg,134969,d605e6da,\Gallery 48\05 - Keysse\,{Shemale Yum Dvd03~G48~05~05 - Keysse}
keysse051.jpg,140871,29162bfc,\Gallery 48\05 - Keysse\,{Shemale Yum Dvd03~G48~05~05 - Keysse}
keysse052.jpg,125937,85cc1c7a,\Gallery 48\05 - Keysse\,{Shemale Yum Dvd03~G48~05~05 - Keysse}
keysse053.jpg,129767,ea458cbb,\Gallery 48\05 - Keysse\,{Shemale Yum Dvd03~G48~05~05 - Keysse}
keysse054.jpg,137821,a5f52d98,\Gallery 48\05 - Keysse\,{Shemale Yum Dvd03~G48~05~05 - Keysse}
keysse055.jpg,131354,00ef6e2b,\Gallery 48\05 - Keysse\,{Shemale Yum Dvd03~G48~05~05 - Keysse}
keysse056.jpg,133477,e8ff29c3,\Gallery 48\05 - Keysse\,{Shemale Yum Dvd03~G48~05~05 - Keysse}
keysse057.jpg,136028,1ae119f7,\Gallery 48\05 - Keysse\,{Shemale Yum Dvd03~G48~05~05 - Keysse}
keysse058.jpg,130855,da929da6,\Gallery 48\05 - Keysse\,{Shemale Yum Dvd03~G48~05~05 - Keysse}
keysse059.jpg,126949,c400bb87,\Gallery 48\05 - Keysse\,{Shemale Yum Dvd03~G48~05~05 - Keysse}
keysse060.jpg,142676,ba08ab67,\Gallery 48\05 - Keysse\,{Shemale Yum Dvd03~G48~05~05 - Keysse}
keysse061.jpg,127660,a17f359e,\Gallery 48\05 - Keysse\,{Shemale Yum Dvd03~G48~05~05 - Keysse}
keysse062.jpg,133376,9c4371dd,\Gallery 48\05 - Keysse\,{Shemale Yum Dvd03~G48~05~05 - Keysse}
keysse063.jpg,124102,ba7c465a,\Gallery 48\05 - Keysse\,{Shemale Yum Dvd03~G48~05~05 - Keysse}
keysse064.jpg,121396,15bedca2,\Gallery 48\05 - Keysse\,{Shemale Yum Dvd03~G48~05~05 - Keysse}
keysse065.jpg,118565,d4a45e32,\Gallery 48\05 - Keysse\,{Shemale Yum Dvd03~G48~05~05 - Keysse}
keysse066.jpg,111833,abbb8b55,\Gallery 48\05 - Keysse\,{Shemale Yum Dvd03~G48~05~05 - Keysse}
keysse067.jpg,119589,53a75a6b,\Gallery 48\05 - Keysse\,{Shemale Yum Dvd03~G48~05~05 - Keysse}
keysse068.jpg,117535,999de7a6,\Gallery 48\05 - Keysse\,{Shemale Yum Dvd03~G48~05~05 - Keysse}
keysse069.jpg,130903,77e47402,\Gallery 48\05 - Keysse\,{Shemale Yum Dvd03~G48~05~05 - Keysse}
keysse070.jpg,136141,fd2e54dc,\Gallery 48\05 - Keysse\,{Shemale Yum Dvd03~G48~05~05 - Keysse}
keysse071.jpg,133798,88b825b6,\Gallery 48\05 - Keysse\,{Shemale Yum Dvd03~G48~05~05 - Keysse}
keysse072.jpg,143238,ac5dcece,\Gallery 48\05 - Keysse\,{Shemale Yum Dvd03~G48~05~05 - Keysse}
keysse073.jpg,142881,11f5f2c8,\Gallery 48\05 - Keysse\,{Shemale Yum Dvd03~G48~05~05 - Keysse}
keysse075.jpg,131909,0f92f766,\Gallery 48\05 - Keysse\,{Shemale Yum Dvd03~G48~05~05 - Keysse}
keysse076.jpg,110886,7eb6ef84,\Gallery 48\05 - Keysse\,{Shemale Yum Dvd03~G48~05~05 - Keysse}
keysse077.jpg,133429,3cbdebda,\Gallery 48\05 - Keysse\,{Shemale Yum Dvd03~G48~05~05 - Keysse}
keysse078.jpg,108039,c74ba8eb,\Gallery 48\05 - Keysse\,{Shemale Yum Dvd03~G48~05~05 - Keysse}
keysse079.jpg,125382,e03008f0,\Gallery 48\05 - Keysse\,{Shemale Yum Dvd03~G48~05~05 - Keysse}
keysse080.jpg,136747,b85bbdfc,\Gallery 48\05 - Keysse\,{Shemale Yum Dvd03~G48~05~05 - Keysse}
keysse081.jpg,129406,41dcad8e,\Gallery 48\05 - Keysse\,{Shemale Yum Dvd03~G48~05~05 - Keysse}
keysse082.jpg,127136,3bfb7f30,\Gallery 48\05 - Keysse\,{Shemale Yum Dvd03~G48~05~05 - Keysse}
keysse083.jpg,130546,28966c0b,\Gallery 48\05 - Keysse\,{Shemale Yum Dvd03~G48~05~05 - Keysse}
keysse084.jpg,134589,a5f98865,\Gallery 48\05 - Keysse\,{Shemale Yum Dvd03~G48~05~05 - Keysse}
keysse085.jpg,127324,23c197dd,\Gallery 48\05 - Keysse\,{Shemale Yum Dvd03~G48~05~05 - Keysse}
keysse086.jpg,134970,84ca67db,\Gallery 48\05 - Keysse\,{Shemale Yum Dvd03~G48~05~05 - Keysse}
keysse087.jpg,121503,c1df7886,\Gallery 48\05 - Keysse\,{Shemale Yum Dvd03~G48~05~05 - Keysse}
keysse088.jpg,116217,3d731bf1,\Gallery 48\05 - Keysse\,{Shemale Yum Dvd03~G48~05~05 - Keysse}
keysse089.jpg,129140,88fea7d0,\Gallery 48\05 - Keysse\,{Shemale Yum Dvd03~G48~05~05 - Keysse}
keysse090.jpg,117428,f49bce27,\Gallery 48\05 - Keysse\,{Shemale Yum Dvd03~G48~05~05 - Keysse}
keysse091.jpg,115643,694e7a00,\Gallery 48\05 - Keysse\,{Shemale Yum Dvd03~G48~05~05 - Keysse}
tina2001.jpg,110053,b45d1cd2,\Gallery 48\06 - Tina\,{Shemale Yum Dvd03~G48~06~06 - Tina}
tina2002.jpg,123668,c3a0e0cb,\Gallery 48\06 - Tina\,{Shemale Yum Dvd03~G48~06~06 - Tina}
tina2004.jpg,109035,e6993999,\Gallery 48\06 - Tina\,{Shemale Yum Dvd03~G48~06~06 - Tina}
tina2006.jpg,96972,6a4f1544,\Gallery 48\06 - Tina\,{Shemale Yum Dvd03~G48~06~06 - Tina}
tina2007.jpg,112625,dd3be1e9,\Gallery 48\06 - Tina\,{Shemale Yum Dvd03~G48~06~06 - Tina}
tina2008.jpg,118019,e9256ccd,\Gallery 48\06 - Tina\,{Shemale Yum Dvd03~G48~06~06 - Tina}
tina2009.jpg,88075,37403925,\Gallery 48\06 - Tina\,{Shemale Yum Dvd03~G48~06~06 - Tina}
tina2010.jpg,90769,29f68fee,\Gallery 48\06 - Tina\,{Shemale Yum Dvd03~G48~06~06 - Tina}
tina2011.jpg,126370,9dedba84,\Gallery 48\06 - Tina\,{Shemale Yum Dvd03~G48~06~06 - Tina}
tina2012.jpg,100998,09a6c2c1,\Gallery 48\06 - Tina\,{Shemale Yum Dvd03~G48~06~06 - Tina}
tina2013.jpg,111922,d788b271,\Gallery 48\06 - Tina\,{Shemale Yum Dvd03~G48~06~06 - Tina}
tina2014.jpg,88458,a78c74ac,\Gallery 48\06 - Tina\,{Shemale Yum Dvd03~G48~06~06 - Tina}
tina2015.jpg,134153,372c817b,\Gallery 48\06 - Tina\,{Shemale Yum Dvd03~G48~06~06 - Tina}
tina2016.jpg,120179,2952f55d,\Gallery 48\06 - Tina\,{Shemale Yum Dvd03~G48~06~06 - Tina}
tina2017.jpg,86354,edbab0cf,\Gallery 48\06 - Tina\,{Shemale Yum Dvd03~G48~06~06 - Tina}
tina2018.jpg,99587,16190a5f,\Gallery 48\06 - Tina\,{Shemale Yum Dvd03~G48~06~06 - Tina}
tina2019.jpg,119128,2785a4f2,\Gallery 48\06 - Tina\,{Shemale Yum Dvd03~G48~06~06 - Tina}
tina2020.jpg,119034,0ea6008f,\Gallery 48\06 - Tina\,{Shemale Yum Dvd03~G48~06~06 - Tina}
tina2021.jpg,140575,1c568dc2,\Gallery 48\06 - Tina\,{Shemale Yum Dvd03~G48~06~06 - Tina}
tina2022.jpg,126300,0715f34d,\Gallery 48\06 - Tina\,{Shemale Yum Dvd03~G48~06~06 - Tina}
tina2023.jpg,121855,b1c9b3c4,\Gallery 48\06 - Tina\,{Shemale Yum Dvd03~G48~06~06 - Tina}
tina2024.jpg,131381,2fffca23,\Gallery 48\06 - Tina\,{Shemale Yum Dvd03~G48~06~06 - Tina}
tina2025.jpg,87272,894f770c,\Gallery 48\06 - Tina\,{Shemale Yum Dvd03~G48~06~06 - Tina}
tina2026.jpg,111584,69d4fb9b,\Gallery 48\06 - Tina\,{Shemale Yum Dvd03~G48~06~06 - Tina}
tina2027.jpg,88759,bdcc9111,\Gallery 48\06 - Tina\,{Shemale Yum Dvd03~G48~06~06 - Tina}
tina2028.jpg,125578,b73b63bb,\Gallery 48\06 - Tina\,{Shemale Yum Dvd03~G48~06~06 - Tina}
tina2029.jpg,97742,3c7ef81d,\Gallery 48\06 - Tina\,{Shemale Yum Dvd03~G48~06~06 - Tina}
tina2030.jpg,134884,fb846aaa,\Gallery 48\06 - Tina\,{Shemale Yum Dvd03~G48~06~06 - Tina}
tina2031.jpg,137062,f2bff6f9,\Gallery 48\06 - Tina\,{Shemale Yum Dvd03~G48~06~06 - Tina}
tina2032.jpg,128685,6234d05d,\Gallery 48\06 - Tina\,{Shemale Yum Dvd03~G48~06~06 - Tina}
tina2033.jpg,128181,e765b0ec,\Gallery 48\06 - Tina\,{Shemale Yum Dvd03~G48~06~06 - Tina}
tina2034.jpg,133107,c3cccd20,\Gallery 48\06 - Tina\,{Shemale Yum Dvd03~G48~06~06 - Tina}
tina2035.jpg,140537,caee0d34,\Gallery 48\06 - Tina\,{Shemale Yum Dvd03~G48~06~06 - Tina}
tina2036.jpg,111224,1bb9f376,\Gallery 48\06 - Tina\,{Shemale Yum Dvd03~G48~06~06 - Tina}
tina2037.jpg,136781,9af84f2d,\Gallery 48\06 - Tina\,{Shemale Yum Dvd03~G48~06~06 - Tina}
tina2038.jpg,125504,2c8c9266,\Gallery 48\06 - Tina\,{Shemale Yum Dvd03~G48~06~06 - Tina}
tina2039.jpg,124713,d71b4537,\Gallery 48\06 - Tina\,{Shemale Yum Dvd03~G48~06~06 - Tina}
tina2040.jpg,107107,0f43877a,\Gallery 48\06 - Tina\,{Shemale Yum Dvd03~G48~06~06 - Tina}
tina2041.jpg,86913,916ec9c7,\Gallery 48\06 - Tina\,{Shemale Yum Dvd03~G48~06~06 - Tina}
tina2042.jpg,131687,397d0a07,\Gallery 48\06 - Tina\,{Shemale Yum Dvd03~G48~06~06 - Tina}
tina2043.jpg,136996,2eeef91b,\Gallery 48\06 - Tina\,{Shemale Yum Dvd03~G48~06~06 - Tina}
tina2044.jpg,117758,6af7a259,\Gallery 48\06 - Tina\,{Shemale Yum Dvd03~G48~06~06 - Tina}
tina2045.jpg,129884,95638fed,\Gallery 48\06 - Tina\,{Shemale Yum Dvd03~G48~06~06 - Tina}
tina2046.jpg,118455,71f9ce89,\Gallery 48\06 - Tina\,{Shemale Yum Dvd03~G48~06~06 - Tina}
tina2047.jpg,115224,018dcea1,\Gallery 48\06 - Tina\,{Shemale Yum Dvd03~G48~06~06 - Tina}
tina2048.jpg,102914,5331570e,\Gallery 48\06 - Tina\,{Shemale Yum Dvd03~G48~06~06 - Tina}
tina2049.jpg,107026,7ae340fc,\Gallery 48\06 - Tina\,{Shemale Yum Dvd03~G48~06~06 - Tina}
tina2050.jpg,92066,2ab27bf3,\Gallery 48\06 - Tina\,{Shemale Yum Dvd03~G48~06~06 - Tina}
tina2051.jpg,97390,a5823939,\Gallery 48\06 - Tina\,{Shemale Yum Dvd03~G48~06~06 - Tina}
tina2052.jpg,97374,53fed757,\Gallery 48\06 - Tina\,{Shemale Yum Dvd03~G48~06~06 - Tina}
tina2053.jpg,126439,01a1117d,\Gallery 48\06 - Tina\,{Shemale Yum Dvd03~G48~06~06 - Tina}
tina2054.jpg,87215,eea6b7c5,\Gallery 48\06 - Tina\,{Shemale Yum Dvd03~G48~06~06 - Tina}
tina2055.jpg,124131,8bf901fb,\Gallery 48\06 - Tina\,{Shemale Yum Dvd03~G48~06~06 - Tina}
tina2056.jpg,129155,bf2d8c32,\Gallery 48\06 - Tina\,{Shemale Yum Dvd03~G48~06~06 - Tina}
tina2057.jpg,84790,1caec9de,\Gallery 48\06 - Tina\,{Shemale Yum Dvd03~G48~06~06 - Tina}
tina2058.jpg,91575,2e357779,\Gallery 48\06 - Tina\,{Shemale Yum Dvd03~G48~06~06 - Tina}
tina2059.jpg,96402,d402f79c,\Gallery 48\06 - Tina\,{Shemale Yum Dvd03~G48~06~06 - Tina}
tina2060.jpg,103067,ab686175,\Gallery 48\06 - Tina\,{Shemale Yum Dvd03~G48~06~06 - Tina}
tina2061.jpg,94658,38667f64,\Gallery 48\06 - Tina\,{Shemale Yum Dvd03~G48~06~06 - Tina}
tina2062.jpg,120680,94b23387,\Gallery 48\06 - Tina\,{Shemale Yum Dvd03~G48~06~06 - Tina}
tina2063.jpg,140139,7f452c7b,\Gallery 48\06 - Tina\,{Shemale Yum Dvd03~G48~06~06 - Tina}
tina2064.jpg,132506,f2527e5f,\Gallery 48\06 - Tina\,{Shemale Yum Dvd03~G48~06~06 - Tina}
tina2065.jpg,140496,5311c3f9,\Gallery 48\06 - Tina\,{Shemale Yum Dvd03~G48~06~06 - Tina}
tina2066.jpg,139496,29b17370,\Gallery 48\06 - Tina\,{Shemale Yum Dvd03~G48~06~06 - Tina}
tina2067.jpg,88245,01435f06,\Gallery 48\06 - Tina\,{Shemale Yum Dvd03~G48~06~06 - Tina}
tina2068.jpg,137014,886ecde0,\Gallery 48\06 - Tina\,{Shemale Yum Dvd03~G48~06~06 - Tina}
tina2069.jpg,138563,606fc042,\Gallery 48\06 - Tina\,{Shemale Yum Dvd03~G48~06~06 - Tina}
tina2070.jpg,120159,7c8d7811,\Gallery 48\06 - Tina\,{Shemale Yum Dvd03~G48~06~06 - Tina}
tina2071.jpg,143238,18a411ad,\Gallery 48\06 - Tina\,{Shemale Yum Dvd03~G48~06~06 - Tina}
tina2072.jpg,100326,1c122b8e,\Gallery 48\06 - Tina\,{Shemale Yum Dvd03~G48~06~06 - Tina}
tina2073.jpg,95309,29c763a6,\Gallery 48\06 - Tina\,{Shemale Yum Dvd03~G48~06~06 - Tina}
tina2074.jpg,141749,b5d0c712,\Gallery 48\06 - Tina\,{Shemale Yum Dvd03~G48~06~06 - Tina}
tina2075.jpg,141483,47717d00,\Gallery 48\06 - Tina\,{Shemale Yum Dvd03~G48~06~06 - Tina}
tina2076.jpg,136648,471b631b,\Gallery 48\06 - Tina\,{Shemale Yum Dvd03~G48~06~06 - Tina}
tina2077.jpg,142023,f90f8124,\Gallery 48\06 - Tina\,{Shemale Yum Dvd03~G48~06~06 - Tina}
tina2078.jpg,96647,489f9b5f,\Gallery 48\06 - Tina\,{Shemale Yum Dvd03~G48~06~06 - Tina}
tina2079.jpg,98747,cb3b4b9e,\Gallery 48\06 - Tina\,{Shemale Yum Dvd03~G48~06~06 - Tina}
tina2080.jpg,91831,aa952d75,\Gallery 48\06 - Tina\,{Shemale Yum Dvd03~G48~06~06 - Tina}
tina2081.jpg,88284,c9f9dc87,\Gallery 48\06 - Tina\,{Shemale Yum Dvd03~G48~06~06 - Tina}
tina2082.jpg,126676,d69185cc,\Gallery 48\06 - Tina\,{Shemale Yum Dvd03~G48~06~06 - Tina}
tracy0001.jpg,112170,8df644cd,\Gallery 48\07 - Tracy\,{Shemale Yum Dvd03~G48~07~07 - Tracy}
tracy0002.jpg,110934,07a61ece,\Gallery 48\07 - Tracy\,{Shemale Yum Dvd03~G48~07~07 - Tracy}
tracy0003.jpg,107861,17a304b6,\Gallery 48\07 - Tracy\,{Shemale Yum Dvd03~G48~07~07 - Tracy}
tracy0004.jpg,111342,81035a4e,\Gallery 48\07 - Tracy\,{Shemale Yum Dvd03~G48~07~07 - Tracy}
tracy0005.jpg,104681,ed82ca49,\Gallery 48\07 - Tracy\,{Shemale Yum Dvd03~G48~07~07 - Tracy}
tracy0006.jpg,106750,5a24773c,\Gallery 48\07 - Tracy\,{Shemale Yum Dvd03~G48~07~07 - Tracy}
tracy0007.jpg,116029,ff3a8985,\Gallery 48\07 - Tracy\,{Shemale Yum Dvd03~G48~07~07 - Tracy}
tracy0008.jpg,133327,ab5a18ca,\Gallery 48\07 - Tracy\,{Shemale Yum Dvd03~G48~07~07 - Tracy}
tracy0009.jpg,116387,76c61d36,\Gallery 48\07 - Tracy\,{Shemale Yum Dvd03~G48~07~07 - Tracy}
tracy0010.jpg,103084,52a74db2,\Gallery 48\07 - Tracy\,{Shemale Yum Dvd03~G48~07~07 - Tracy}
tracy0011.jpg,118966,f0749b8f,\Gallery 48\07 - Tracy\,{Shemale Yum Dvd03~G48~07~07 - Tracy}
tracy0012.jpg,91877,1f31e36b,\Gallery 48\07 - Tracy\,{Shemale Yum Dvd03~G48~07~07 - Tracy}
tracy0013.jpg,109827,d6441dc4,\Gallery 48\07 - Tracy\,{Shemale Yum Dvd03~G48~07~07 - Tracy}
tracy0014.jpg,101110,e4abbbbe,\Gallery 48\07 - Tracy\,{Shemale Yum Dvd03~G48~07~07 - Tracy}
tracy0015.jpg,113731,6762a0a3,\Gallery 48\07 - Tracy\,{Shemale Yum Dvd03~G48~07~07 - Tracy}
tracy0016.jpg,106740,6f7b7494,\Gallery 48\07 - Tracy\,{Shemale Yum Dvd03~G48~07~07 - Tracy}
tracy0017.jpg,109663,78780277,\Gallery 48\07 - Tracy\,{Shemale Yum Dvd03~G48~07~07 - Tracy}
tracy0018.jpg,108041,b4a89239,\Gallery 48\07 - Tracy\,{Shemale Yum Dvd03~G48~07~07 - Tracy}
tracy0019.jpg,102136,9aafd969,\Gallery 48\07 - Tracy\,{Shemale Yum Dvd03~G48~07~07 - Tracy}
tracy0020.jpg,102407,00faaa6f,\Gallery 48\07 - Tracy\,{Shemale Yum Dvd03~G48~07~07 - Tracy}
tracy0021.jpg,106627,9bb69ea2,\Gallery 48\07 - Tracy\,{Shemale Yum Dvd03~G48~07~07 - Tracy}
tracy0022.jpg,103898,de61dce5,\Gallery 48\07 - Tracy\,{Shemale Yum Dvd03~G48~07~07 - Tracy}
tracy0023.jpg,118353,7d5ab11a,\Gallery 48\07 - Tracy\,{Shemale Yum Dvd03~G48~07~07 - Tracy}
tracy0024.jpg,101008,8410c65c,\Gallery 48\07 - Tracy\,{Shemale Yum Dvd03~G48~07~07 - Tracy}
tracy0025.jpg,101298,0c49a476,\Gallery 48\07 - Tracy\,{Shemale Yum Dvd03~G48~07~07 - Tracy}
tracy0026.jpg,105144,678261b7,\Gallery 48\07 - Tracy\,{Shemale Yum Dvd03~G48~07~07 - Tracy}
tracy0027.jpg,107352,8806718d,\Gallery 48\07 - Tracy\,{Shemale Yum Dvd03~G48~07~07 - Tracy}
tracy0028.jpg,108839,77e719bc,\Gallery 48\07 - Tracy\,{Shemale Yum Dvd03~G48~07~07 - Tracy}
tracy0029.jpg,103876,157ce7d2,\Gallery 48\07 - Tracy\,{Shemale Yum Dvd03~G48~07~07 - Tracy}
tracy0030.jpg,108696,85187e0c,\Gallery 48\07 - Tracy\,{Shemale Yum Dvd03~G48~07~07 - Tracy}
tracy0031.jpg,100245,fd6394c8,\Gallery 48\07 - Tracy\,{Shemale Yum Dvd03~G48~07~07 - Tracy}
tracy0032.jpg,101143,19f3e3e8,\Gallery 48\07 - Tracy\,{Shemale Yum Dvd03~G48~07~07 - Tracy}
tracy0033.jpg,101135,b51cbe5d,\Gallery 48\07 - Tracy\,{Shemale Yum Dvd03~G48~07~07 - Tracy}
tracy0034.jpg,106846,67ed2af0,\Gallery 48\07 - Tracy\,{Shemale Yum Dvd03~G48~07~07 - Tracy}
tracy0035.jpg,104176,6f400e4c,\Gallery 48\07 - Tracy\,{Shemale Yum Dvd03~G48~07~07 - Tracy}
tracy0036.jpg,99406,6b0ed1a8,\Gallery 48\07 - Tracy\,{Shemale Yum Dvd03~G48~07~07 - Tracy}
tracy0037.jpg,114304,c94a00fa,\Gallery 48\07 - Tracy\,{Shemale Yum Dvd03~G48~07~07 - Tracy}
tracy0038.jpg,109374,16200294,\Gallery 48\07 - Tracy\,{Shemale Yum Dvd03~G48~07~07 - Tracy}
tracy0039.jpg,112244,e08435e2,\Gallery 48\07 - Tracy\,{Shemale Yum Dvd03~G48~07~07 - Tracy}
tracy0040.jpg,109269,f0f6cea3,\Gallery 48\07 - Tracy\,{Shemale Yum Dvd03~G48~07~07 - Tracy}
tracy0041.jpg,98490,b3484ce9,\Gallery 48\07 - Tracy\,{Shemale Yum Dvd03~G48~07~07 - Tracy}
tracy0042.jpg,102030,80d7a2e4,\Gallery 48\07 - Tracy\,{Shemale Yum Dvd03~G48~07~07 - Tracy}
tracy0043.jpg,109779,e408bf1a,\Gallery 48\07 - Tracy\,{Shemale Yum Dvd03~G48~07~07 - Tracy}
tracy0044.jpg,109239,7e71949e,\Gallery 48\07 - Tracy\,{Shemale Yum Dvd03~G48~07~07 - Tracy}
tracy0045.jpg,114502,310ac683,\Gallery 48\07 - Tracy\,{Shemale Yum Dvd03~G48~07~07 - Tracy}
tracy0046.jpg,114511,967054c4,\Gallery 48\07 - Tracy\,{Shemale Yum Dvd03~G48~07~07 - Tracy}
tracy0047.jpg,114058,00b5d80c,\Gallery 48\07 - Tracy\,{Shemale Yum Dvd03~G48~07~07 - Tracy}
tracy0048.jpg,103033,557c8d2c,\Gallery 48\07 - Tracy\,{Shemale Yum Dvd03~G48~07~07 - Tracy}
tracy0049.jpg,96620,d0e45bad,\Gallery 48\07 - Tracy\,{Shemale Yum Dvd03~G48~07~07 - Tracy}
tracy0050.jpg,96165,70bf7294,\Gallery 48\07 - Tracy\,{Shemale Yum Dvd03~G48~07~07 - Tracy}
tracy0051.jpg,100837,efa95f06,\Gallery 48\07 - Tracy\,{Shemale Yum Dvd03~G48~07~07 - Tracy}
tracy0052.jpg,102107,c29cd9cd,\Gallery 48\07 - Tracy\,{Shemale Yum Dvd03~G48~07~07 - Tracy}
tracy0053.jpg,103066,d24047f8,\Gallery 48\07 - Tracy\,{Shemale Yum Dvd03~G48~07~07 - Tracy}
tracy0054.jpg,101059,4312aaaa,\Gallery 48\07 - Tracy\,{Shemale Yum Dvd03~G48~07~07 - Tracy}
tracy0055.jpg,107634,a748df2e,\Gallery 48\07 - Tracy\,{Shemale Yum Dvd03~G48~07~07 - Tracy}
tracy0056.jpg,105548,fb8d77ab,\Gallery 48\07 - Tracy\,{Shemale Yum Dvd03~G48~07~07 - Tracy}
tracy0057.jpg,98693,d5651519,\Gallery 48\07 - Tracy\,{Shemale Yum Dvd03~G48~07~07 - Tracy}
tracy0058.jpg,92916,2ab37596,\Gallery 48\07 - Tracy\,{Shemale Yum Dvd03~G48~07~07 - Tracy}
tracy0059.jpg,92244,2a45d774,\Gallery 48\07 - Tracy\,{Shemale Yum Dvd03~G48~07~07 - Tracy}
tracy0060.jpg,90477,55f50df4,\Gallery 48\07 - Tracy\,{Shemale Yum Dvd03~G48~07~07 - Tracy}
tracy0061.jpg,93951,5b72ff16,\Gallery 48\07 - Tracy\,{Shemale Yum Dvd03~G48~07~07 - Tracy}
tracy0062.jpg,93962,6b94c98f,\Gallery 48\07 - Tracy\,{Shemale Yum Dvd03~G48~07~07 - Tracy}
tracy0063.jpg,114387,daf6c750,\Gallery 48\07 - Tracy\,{Shemale Yum Dvd03~G48~07~07 - Tracy}
tracy0064.jpg,93061,4a73afe3,\Gallery 48\07 - Tracy\,{Shemale Yum Dvd03~G48~07~07 - Tracy}
tracy0065.jpg,80914,e563e61b,\Gallery 48\07 - Tracy\,{Shemale Yum Dvd03~G48~07~07 - Tracy}
tracy0066.jpg,87012,f80c046e,\Gallery 48\07 - Tracy\,{Shemale Yum Dvd03~G48~07~07 - Tracy}
tracy0067.jpg,87354,2058cbde,\Gallery 48\07 - Tracy\,{Shemale Yum Dvd03~G48~07~07 - Tracy}
tracy0068.jpg,121620,8232aaca,\Gallery 48\07 - Tracy\,{Shemale Yum Dvd03~G48~07~07 - Tracy}
tracy0069.jpg,101553,fc3629a9,\Gallery 48\07 - Tracy\,{Shemale Yum Dvd03~G48~07~07 - Tracy}
tracy0070.jpg,100728,c8997a60,\Gallery 48\07 - Tracy\,{Shemale Yum Dvd03~G48~07~07 - Tracy}
tracy0071.jpg,97791,00c7563d,\Gallery 48\07 - Tracy\,{Shemale Yum Dvd03~G48~07~07 - Tracy}
tracy0072.jpg,102137,e0d40f93,\Gallery 48\07 - Tracy\,{Shemale Yum Dvd03~G48~07~07 - Tracy}
tracy0073.jpg,103807,96128211,\Gallery 48\07 - Tracy\,{Shemale Yum Dvd03~G48~07~07 - Tracy}
tracy0074.jpg,102319,473f1d15,\Gallery 48\07 - Tracy\,{Shemale Yum Dvd03~G48~07~07 - Tracy}
tracy0075.jpg,100770,1d92323f,\Gallery 48\07 - Tracy\,{Shemale Yum Dvd03~G48~07~07 - Tracy}
tracy0076.jpg,105463,479f2e94,\Gallery 48\07 - Tracy\,{Shemale Yum Dvd03~G48~07~07 - Tracy}
tracy0077.jpg,105481,53890cbf,\Gallery 48\07 - Tracy\,{Shemale Yum Dvd03~G48~07~07 - Tracy}
tracy0078.jpg,100577,672aec30,\Gallery 48\07 - Tracy\,{Shemale Yum Dvd03~G48~07~07 - Tracy}
tracy0079.jpg,112910,4e158b8a,\Gallery 48\07 - Tracy\,{Shemale Yum Dvd03~G48~07~07 - Tracy}
tracy0080.jpg,84466,c92bfd69,\Gallery 48\07 - Tracy\,{Shemale Yum Dvd03~G48~07~07 - Tracy}
tracy0081.jpg,85204,15f55bed,\Gallery 48\07 - Tracy\,{Shemale Yum Dvd03~G48~07~07 - Tracy}
tracy0082.jpg,97681,9830e04d,\Gallery 48\07 - Tracy\,{Shemale Yum Dvd03~G48~07~07 - Tracy}
tracy0083.jpg,100396,3b948233,\Gallery 48\07 - Tracy\,{Shemale Yum Dvd03~G48~07~07 - Tracy}
tracy0084.jpg,99858,fbe972ee,\Gallery 48\07 - Tracy\,{Shemale Yum Dvd03~G48~07~07 - Tracy}
tracy0085.jpg,89619,1c77b076,\Gallery 48\07 - Tracy\,{Shemale Yum Dvd03~G48~07~07 - Tracy}
tracy0086.jpg,101822,25c8a3c4,\Gallery 48\07 - Tracy\,{Shemale Yum Dvd03~G48~07~07 - Tracy}
tracy0087.jpg,97256,5afb949d,\Gallery 48\07 - Tracy\,{Shemale Yum Dvd03~G48~07~07 - Tracy}
tracy0088.jpg,96984,8f61c663,\Gallery 48\07 - Tracy\,{Shemale Yum Dvd03~G48~07~07 - Tracy}
tracy0089.jpg,90353,1e7880d3,\Gallery 48\07 - Tracy\,{Shemale Yum Dvd03~G48~07~07 - Tracy}
tracy0090.jpg,86911,fccd1b7c,\Gallery 48\07 - Tracy\,{Shemale Yum Dvd03~G48~07~07 - Tracy}
tracy0091.jpg,83489,18827a0e,\Gallery 48\07 - Tracy\,{Shemale Yum Dvd03~G48~07~07 - Tracy}
tracy0092.jpg,84210,0b9d45eb,\Gallery 48\07 - Tracy\,{Shemale Yum Dvd03~G48~07~07 - Tracy}
tracy0093.jpg,97424,4560f646,\Gallery 48\07 - Tracy\,{Shemale Yum Dvd03~G48~07~07 - Tracy}
tracy0094.jpg,98531,121cc410,\Gallery 48\07 - Tracy\,{Shemale Yum Dvd03~G48~07~07 - Tracy}
tracy0095.jpg,92416,54effa4f,\Gallery 48\07 - Tracy\,{Shemale Yum Dvd03~G48~07~07 - Tracy}
tracy0096.jpg,92623,28ca7c21,\Gallery 48\07 - Tracy\,{Shemale Yum Dvd03~G48~07~07 - Tracy}
tracy0097.jpg,81179,287556e9,\Gallery 48\07 - Tracy\,{Shemale Yum Dvd03~G48~07~07 - Tracy}
tracy0098.jpg,95564,9294fd27,\Gallery 48\07 - Tracy\,{Shemale Yum Dvd03~G48~07~07 - Tracy}
tracy0099.jpg,98247,ef787a52,\Gallery 48\07 - Tracy\,{Shemale Yum Dvd03~G48~07~07 - Tracy}
tracy0100.jpg,90485,5e1465c8,\Gallery 48\07 - Tracy\,{Shemale Yum Dvd03~G48~07~07 - Tracy}
tracy0101.jpg,90476,62b0ac18,\Gallery 48\07 - Tracy\,{Shemale Yum Dvd03~G48~07~07 - Tracy}
tracy0102.jpg,86971,02f2641d,\Gallery 48\07 - Tracy\,{Shemale Yum Dvd03~G48~07~07 - Tracy}
tracy0103.jpg,97585,b0d6a875,\Gallery 48\07 - Tracy\,{Shemale Yum Dvd03~G48~07~07 - Tracy}
tracy0104.jpg,92608,f351a64c,\Gallery 48\07 - Tracy\,{Shemale Yum Dvd03~G48~07~07 - Tracy}
tracy0105.jpg,87932,6a6a70b2,\Gallery 48\07 - Tracy\,{Shemale Yum Dvd03~G48~07~07 - Tracy}
tracy0106.jpg,97780,8746667b,\Gallery 48\07 - Tracy\,{Shemale Yum Dvd03~G48~07~07 - Tracy}
tracy0107.jpg,91852,354b92e0,\Gallery 48\07 - Tracy\,{Shemale Yum Dvd03~G48~07~07 - Tracy}
tracy0108.jpg,113187,4eb13d06,\Gallery 48\07 - Tracy\,{Shemale Yum Dvd03~G48~07~07 - Tracy}
tracy0109.jpg,107432,6cd50ae1,\Gallery 48\07 - Tracy\,{Shemale Yum Dvd03~G48~07~07 - Tracy}
tracy0110.jpg,101774,e34c4014,\Gallery 48\07 - Tracy\,{Shemale Yum Dvd03~G48~07~07 - Tracy}
tracy0111.jpg,97871,bb7f61bc,\Gallery 48\07 - Tracy\,{Shemale Yum Dvd03~G48~07~07 - Tracy}
tracy0112.jpg,91894,f9f97d5a,\Gallery 48\07 - Tracy\,{Shemale Yum Dvd03~G48~07~07 - Tracy}
tracy0113.jpg,111927,1e0c2f5f,\Gallery 48\07 - Tracy\,{Shemale Yum Dvd03~G48~07~07 - Tracy}
cassandra001.jpg,133903,3fdc9ae2,\Gallery 48\08 - Cassandra\,{Shemale Yum Dvd03~G48~08~08 - Cassandra}
cassandra003.jpg,133315,611d9d3b,\Gallery 48\08 - Cassandra\,{Shemale Yum Dvd03~G48~08~08 - Cassandra}
cassandra004.jpg,130580,cec4f48f,\Gallery 48\08 - Cassandra\,{Shemale Yum Dvd03~G48~08~08 - Cassandra}
cassandra005.jpg,127919,e178587e,\Gallery 48\08 - Cassandra\,{Shemale Yum Dvd03~G48~08~08 - Cassandra}
cassandra006.jpg,127088,aef2ca08,\Gallery 48\08 - Cassandra\,{Shemale Yum Dvd03~G48~08~08 - Cassandra}
cassandra007.jpg,79804,31ce8cbe,\Gallery 48\08 - Cassandra\,{Shemale Yum Dvd03~G48~08~08 - Cassandra}
cassandra008.jpg,131688,e9be72cd,\Gallery 48\08 - Cassandra\,{Shemale Yum Dvd03~G48~08~08 - Cassandra}
cassandra009.jpg,140607,860cabe5,\Gallery 48\08 - Cassandra\,{Shemale Yum Dvd03~G48~08~08 - Cassandra}
cassandra010.jpg,132368,6da7faf3,\Gallery 48\08 - Cassandra\,{Shemale Yum Dvd03~G48~08~08 - Cassandra}
cassandra011.jpg,141372,b6b4cfa5,\Gallery 48\08 - Cassandra\,{Shemale Yum Dvd03~G48~08~08 - Cassandra}
cassandra012.jpg,143235,47e60fde,\Gallery 48\08 - Cassandra\,{Shemale Yum Dvd03~G48~08~08 - Cassandra}
cassandra013.jpg,130140,c466f966,\Gallery 48\08 - Cassandra\,{Shemale Yum Dvd03~G48~08~08 - Cassandra}
cassandra014.jpg,142016,3d9bfc8c,\Gallery 48\08 - Cassandra\,{Shemale Yum Dvd03~G48~08~08 - Cassandra}
cassandra015.jpg,122183,eefc0817,\Gallery 48\08 - Cassandra\,{Shemale Yum Dvd03~G48~08~08 - Cassandra}
cassandra016.jpg,133374,f5c6d1d3,\Gallery 48\08 - Cassandra\,{Shemale Yum Dvd03~G48~08~08 - Cassandra}
cassandra017.jpg,135556,b8b5bf1a,\Gallery 48\08 - Cassandra\,{Shemale Yum Dvd03~G48~08~08 - Cassandra}
cassandra018.jpg,118002,43ede661,\Gallery 48\08 - Cassandra\,{Shemale Yum Dvd03~G48~08~08 - Cassandra}
cassandra019.jpg,127192,249b0ad2,\Gallery 48\08 - Cassandra\,{Shemale Yum Dvd03~G48~08~08 - Cassandra}
cassandra020.jpg,139088,ea918246,\Gallery 48\08 - Cassandra\,{Shemale Yum Dvd03~G48~08~08 - Cassandra}
cassandra021.jpg,131838,dc1a939c,\Gallery 48\08 - Cassandra\,{Shemale Yum Dvd03~G48~08~08 - Cassandra}
cassandra022.jpg,109271,ea5c8550,\Gallery 48\08 - Cassandra\,{Shemale Yum Dvd03~G48~08~08 - Cassandra}
cassandra023.jpg,138928,9db9dd10,\Gallery 48\08 - Cassandra\,{Shemale Yum Dvd03~G48~08~08 - Cassandra}
cassandra024.jpg,154081,bc0218c0,\Gallery 48\08 - Cassandra\,{Shemale Yum Dvd03~G48~08~08 - Cassandra}
cassandra025.jpg,140336,212210d6,\Gallery 48\08 - Cassandra\,{Shemale Yum Dvd03~G48~08~08 - Cassandra}
cassandra026.jpg,137420,0335b938,\Gallery 48\08 - Cassandra\,{Shemale Yum Dvd03~G48~08~08 - Cassandra}
cassandra027.jpg,128449,c2ed40a5,\Gallery 48\08 - Cassandra\,{Shemale Yum Dvd03~G48~08~08 - Cassandra}
cassandra028.jpg,127486,b74a6946,\Gallery 48\08 - Cassandra\,{Shemale Yum Dvd03~G48~08~08 - Cassandra}
cassandra029.jpg,112222,c068bf75,\Gallery 48\08 - Cassandra\,{Shemale Yum Dvd03~G48~08~08 - Cassandra}
cassandra030.jpg,131168,8a20ff95,\Gallery 48\08 - Cassandra\,{Shemale Yum Dvd03~G48~08~08 - Cassandra}
cassandra031.jpg,104069,c69e97ae,\Gallery 48\08 - Cassandra\,{Shemale Yum Dvd03~G48~08~08 - Cassandra}
cassandra032.jpg,127470,ec506448,\Gallery 48\08 - Cassandra\,{Shemale Yum Dvd03~G48~08~08 - Cassandra}
cassandra033.jpg,122676,2ea72a5c,\Gallery 48\08 - Cassandra\,{Shemale Yum Dvd03~G48~08~08 - Cassandra}
cassandra034.jpg,138640,ac23a6ea,\Gallery 48\08 - Cassandra\,{Shemale Yum Dvd03~G48~08~08 - Cassandra}
cassandra035.jpg,130675,c5492f4c,\Gallery 48\08 - Cassandra\,{Shemale Yum Dvd03~G48~08~08 - Cassandra}
cassandra036.jpg,130468,e388f5a2,\Gallery 48\08 - Cassandra\,{Shemale Yum Dvd03~G48~08~08 - Cassandra}
cassandra037.jpg,143317,f3b89000,\Gallery 48\08 - Cassandra\,{Shemale Yum Dvd03~G48~08~08 - Cassandra}
cassandra038.jpg,136672,5d31c2e8,\Gallery 48\08 - Cassandra\,{Shemale Yum Dvd03~G48~08~08 - Cassandra}
cassandra039.jpg,143225,e33d5e59,\Gallery 48\08 - Cassandra\,{Shemale Yum Dvd03~G48~08~08 - Cassandra}
cassandra040.jpg,140083,9f0d2c4c,\Gallery 48\08 - Cassandra\,{Shemale Yum Dvd03~G48~08~08 - Cassandra}
cassandra041.jpg,131326,5c301e4a,\Gallery 48\08 - Cassandra\,{Shemale Yum Dvd03~G48~08~08 - Cassandra}
cassandra042.jpg,136506,70e06788,\Gallery 48\08 - Cassandra\,{Shemale Yum Dvd03~G48~08~08 - Cassandra}
cassandra043.jpg,130879,dcc5ba65,\Gallery 48\08 - Cassandra\,{Shemale Yum Dvd03~G48~08~08 - Cassandra}
cassandra044.jpg,130522,32c228a7,\Gallery 48\08 - Cassandra\,{Shemale Yum Dvd03~G48~08~08 - Cassandra}
cassandra045.jpg,127636,49e10a72,\Gallery 48\08 - Cassandra\,{Shemale Yum Dvd03~G48~08~08 - Cassandra}
cassandra046.jpg,117701,47aed528,\Gallery 48\08 - Cassandra\,{Shemale Yum Dvd03~G48~08~08 - Cassandra}
cassandra047.jpg,124131,7145e1ec,\Gallery 48\08 - Cassandra\,{Shemale Yum Dvd03~G48~08~08 - Cassandra}
cassandra048.jpg,113056,3c09ff06,\Gallery 48\08 - Cassandra\,{Shemale Yum Dvd03~G48~08~08 - Cassandra}
cassandra049.jpg,120409,087d6207,\Gallery 48\08 - Cassandra\,{Shemale Yum Dvd03~G48~08~08 - Cassandra}
cassandra050.jpg,127302,7ef9076a,\Gallery 48\08 - Cassandra\,{Shemale Yum Dvd03~G48~08~08 - Cassandra}
cassandra056.jpg,130018,da5f33a2,\Gallery 48\08 - Cassandra\,{Shemale Yum Dvd03~G48~08~08 - Cassandra}
cassandra057.jpg,104487,015a8ece,\Gallery 48\08 - Cassandra\,{Shemale Yum Dvd03~G48~08~08 - Cassandra}
cassandra059.jpg,112890,2a2f16f8,\Gallery 48\08 - Cassandra\,{Shemale Yum Dvd03~G48~08~08 - Cassandra}
cassandra060.jpg,116148,09be1f41,\Gallery 48\08 - Cassandra\,{Shemale Yum Dvd03~G48~08~08 - Cassandra}
cassandra061.jpg,116411,68702a8a,\Gallery 48\08 - Cassandra\,{Shemale Yum Dvd03~G48~08~08 - Cassandra}
cassandra062.jpg,125289,de649ded,\Gallery 48\08 - Cassandra\,{Shemale Yum Dvd03~G48~08~08 - Cassandra}
cassandra063.jpg,123306,18f23910,\Gallery 48\08 - Cassandra\,{Shemale Yum Dvd03~G48~08~08 - Cassandra}
cassandra064.jpg,125279,9fd30029,\Gallery 48\08 - Cassandra\,{Shemale Yum Dvd03~G48~08~08 - Cassandra}
cassandra065.jpg,128842,3c644eed,\Gallery 48\08 - Cassandra\,{Shemale Yum Dvd03~G48~08~08 - Cassandra}
cassandra067.jpg,130683,6afbbb53,\Gallery 48\08 - Cassandra\,{Shemale Yum Dvd03~G48~08~08 - Cassandra}
cassandra068.jpg,121496,24ecbf35,\Gallery 48\08 - Cassandra\,{Shemale Yum Dvd03~G48~08~08 - Cassandra}
cassandra069.jpg,112138,1cc11b34,\Gallery 48\08 - Cassandra\,{Shemale Yum Dvd03~G48~08~08 - Cassandra}
cassandra070.jpg,101529,40482580,\Gallery 48\08 - Cassandra\,{Shemale Yum Dvd03~G48~08~08 - Cassandra}
cassandra071.jpg,103795,cc21cf82,\Gallery 48\08 - Cassandra\,{Shemale Yum Dvd03~G48~08~08 - Cassandra}
cassandra072.jpg,115039,1c499468,\Gallery 48\08 - Cassandra\,{Shemale Yum Dvd03~G48~08~08 - Cassandra}
cassandra073.jpg,130624,7e6b9a82,\Gallery 48\08 - Cassandra\,{Shemale Yum Dvd03~G48~08~08 - Cassandra}
cassandra074.jpg,134648,05bd2e22,\Gallery 48\08 - Cassandra\,{Shemale Yum Dvd03~G48~08~08 - Cassandra}
cassandra075.jpg,128531,64b0198e,\Gallery 48\08 - Cassandra\,{Shemale Yum Dvd03~G48~08~08 - Cassandra}
cassandra076.jpg,120334,fb324f66,\Gallery 48\08 - Cassandra\,{Shemale Yum Dvd03~G48~08~08 - Cassandra}
cassandra077.jpg,115361,c602cfac,\Gallery 48\08 - Cassandra\,{Shemale Yum Dvd03~G48~08~08 - Cassandra}
cassandra078.jpg,127927,001620b9,\Gallery 48\08 - Cassandra\,{Shemale Yum Dvd03~G48~08~08 - Cassandra}
cassandra079.jpg,105084,8da13fe9,\Gallery 48\08 - Cassandra\,{Shemale Yum Dvd03~G48~08~08 - Cassandra}
cassandra080.jpg,134211,1f92be86,\Gallery 48\08 - Cassandra\,{Shemale Yum Dvd03~G48~08~08 - Cassandra}
cassandra082.jpg,101736,3509ec7a,\Gallery 48\08 - Cassandra\,{Shemale Yum Dvd03~G48~08~08 - Cassandra}
cassandra083.jpg,116425,f6be92e5,\Gallery 48\08 - Cassandra\,{Shemale Yum Dvd03~G48~08~08 - Cassandra}
cassandra084.jpg,108808,86896887,\Gallery 48\08 - Cassandra\,{Shemale Yum Dvd03~G48~08~08 - Cassandra}
cassandra085.jpg,106924,43547fce,\Gallery 48\08 - Cassandra\,{Shemale Yum Dvd03~G48~08~08 - Cassandra}
cassandra086.jpg,98157,6ac58756,\Gallery 48\08 - Cassandra\,{Shemale Yum Dvd03~G48~08~08 - Cassandra}
cassandra087.jpg,106856,dcae594b,\Gallery 48\08 - Cassandra\,{Shemale Yum Dvd03~G48~08~08 - Cassandra}
cassandra088.jpg,137236,14a4bd6b,\Gallery 48\08 - Cassandra\,{Shemale Yum Dvd03~G48~08~08 - Cassandra}
cassandra089.jpg,110663,5ed93d98,\Gallery 48\08 - Cassandra\,{Shemale Yum Dvd03~G48~08~08 - Cassandra}
cassandra090.jpg,107632,4c2a3876,\Gallery 48\08 - Cassandra\,{Shemale Yum Dvd03~G48~08~08 - Cassandra}
cassandra091.jpg,140376,5a0c157f,\Gallery 48\08 - Cassandra\,{Shemale Yum Dvd03~G48~08~08 - Cassandra}
cassandra092.jpg,130351,73196d32,\Gallery 48\08 - Cassandra\,{Shemale Yum Dvd03~G48~08~08 - Cassandra}
cassandra093.jpg,136665,77f5f66d,\Gallery 48\08 - Cassandra\,{Shemale Yum Dvd03~G48~08~08 - Cassandra}
cassandra094.jpg,142240,2cc998da,\Gallery 48\08 - Cassandra\,{Shemale Yum Dvd03~G48~08~08 - Cassandra}
cassandra098.jpg,100068,924e1ce6,\Gallery 48\08 - Cassandra\,{Shemale Yum Dvd03~G48~08~08 - Cassandra}
cassandra099.jpg,101405,a6388db3,\Gallery 48\08 - Cassandra\,{Shemale Yum Dvd03~G48~08~08 - Cassandra}
cassandra100.jpg,96592,2cdb3706,\Gallery 48\08 - Cassandra\,{Shemale Yum Dvd03~G48~08~08 - Cassandra}
cassandra101.jpg,109514,b33722ae,\Gallery 48\08 - Cassandra\,{Shemale Yum Dvd03~G48~08~08 - Cassandra}
cassandra102.jpg,119868,c9a02edf,\Gallery 48\08 - Cassandra\,{Shemale Yum Dvd03~G48~08~08 - Cassandra}
cassandrabath002.jpg,106563,957f564f,\Gallery 48\08 - Cassandra\,{Shemale Yum Dvd03~G48~08~08 - Cassandra}
cassandrabath095.jpg,106130,acee45a4,\Gallery 48\08 - Cassandra\,{Shemale Yum Dvd03~G48~08~08 - Cassandra}
cassandrab001.jpg,171337,2a3251ff,\Gallery 48\08 - Cassandra (2)\,{Shemale Yum Dvd03~G48~08-2~08 - Cassandra (2)}
cassandrab002.jpg,184322,9f650325,\Gallery 48\08 - Cassandra (2)\,{Shemale Yum Dvd03~G48~08-2~08 - Cassandra (2)}
cassandrab003.jpg,205570,e8c4cd16,\Gallery 48\08 - Cassandra (2)\,{Shemale Yum Dvd03~G48~08-2~08 - Cassandra (2)}
cassandrab004.jpg,201786,991bf5aa,\Gallery 48\08 - Cassandra (2)\,{Shemale Yum Dvd03~G48~08-2~08 - Cassandra (2)}
cassandrab005.jpg,181130,5d3b8f3b,\Gallery 48\08 - Cassandra (2)\,{Shemale Yum Dvd03~G48~08-2~08 - Cassandra (2)}
cassandrab006.jpg,194920,f15933b6,\Gallery 48\08 - Cassandra (2)\,{Shemale Yum Dvd03~G48~08-2~08 - Cassandra (2)}
cassandrab007.jpg,153443,4ee451e9,\Gallery 48\08 - Cassandra (2)\,{Shemale Yum Dvd03~G48~08-2~08 - Cassandra (2)}
cassandrab008.jpg,204889,9f43e35f,\Gallery 48\08 - Cassandra (2)\,{Shemale Yum Dvd03~G48~08-2~08 - Cassandra (2)}
cassandrab009.jpg,188388,ae591e8d,\Gallery 48\08 - Cassandra (2)\,{Shemale Yum Dvd03~G48~08-2~08 - Cassandra (2)}
cassandrab010.jpg,164987,60bbfbd7,\Gallery 48\08 - Cassandra (2)\,{Shemale Yum Dvd03~G48~08-2~08 - Cassandra (2)}
cassandrab011.jpg,152081,3703f40d,\Gallery 48\08 - Cassandra (2)\,{Shemale Yum Dvd03~G48~08-2~08 - Cassandra (2)}
cassandrab012.jpg,127036,b6532731,\Gallery 48\08 - Cassandra (2)\,{Shemale Yum Dvd03~G48~08-2~08 - Cassandra (2)}
cassandrab013.jpg,152342,9a37bcc7,\Gallery 48\08 - Cassandra (2)\,{Shemale Yum Dvd03~G48~08-2~08 - Cassandra (2)}
cassandrab014.jpg,129505,dfe895bf,\Gallery 48\08 - Cassandra (2)\,{Shemale Yum Dvd03~G48~08-2~08 - Cassandra (2)}
cassandrab015.jpg,139237,85708677,\Gallery 48\08 - Cassandra (2)\,{Shemale Yum Dvd03~G48~08-2~08 - Cassandra (2)}
cassandrab016.jpg,153991,d8a8db77,\Gallery 48\08 - Cassandra (2)\,{Shemale Yum Dvd03~G48~08-2~08 - Cassandra (2)}
cassandrab017.jpg,151130,0d89e6dd,\Gallery 48\08 - Cassandra (2)\,{Shemale Yum Dvd03~G48~08-2~08 - Cassandra (2)}
cassandrab018.jpg,155649,f1ba88d3,\Gallery 48\08 - Cassandra (2)\,{Shemale Yum Dvd03~G48~08-2~08 - Cassandra (2)}
cassandrab019.jpg,144648,5a9a2aed,\Gallery 48\08 - Cassandra (2)\,{Shemale Yum Dvd03~G48~08-2~08 - Cassandra (2)}
cassandrab020.jpg,141869,dc578cd1,\Gallery 48\08 - Cassandra (2)\,{Shemale Yum Dvd03~G48~08-2~08 - Cassandra (2)}
cassandrab021.jpg,128779,c0d5604b,\Gallery 48\08 - Cassandra (2)\,{Shemale Yum Dvd03~G48~08-2~08 - Cassandra (2)}
cassandrab022.jpg,136740,088d0d45,\Gallery 48\08 - Cassandra (2)\,{Shemale Yum Dvd03~G48~08-2~08 - Cassandra (2)}
cassandrab023.jpg,125272,47233799,\Gallery 48\08 - Cassandra (2)\,{Shemale Yum Dvd03~G48~08-2~08 - Cassandra (2)}
cassandrab024.jpg,144380,7f558ac6,\Gallery 48\08 - Cassandra (2)\,{Shemale Yum Dvd03~G48~08-2~08 - Cassandra (2)}
cassandrab025.jpg,145348,c7ca23ab,\Gallery 48\08 - Cassandra (2)\,{Shemale Yum Dvd03~G48~08-2~08 - Cassandra (2)}
cassandrab026.jpg,152568,911bb4c6,\Gallery 48\08 - Cassandra (2)\,{Shemale Yum Dvd03~G48~08-2~08 - Cassandra (2)}
cassandrab027.jpg,152159,782e2097,\Gallery 48\08 - Cassandra (2)\,{Shemale Yum Dvd03~G48~08-2~08 - Cassandra (2)}
cassandrab028.jpg,162624,1c784a51,\Gallery 48\08 - Cassandra (2)\,{Shemale Yum Dvd03~G48~08-2~08 - Cassandra (2)}
cassandrab029.jpg,137041,feac750b,\Gallery 48\08 - Cassandra (2)\,{Shemale Yum Dvd03~G48~08-2~08 - Cassandra (2)}
cassandrab030.jpg,137407,f5d75a90,\Gallery 48\08 - Cassandra (2)\,{Shemale Yum Dvd03~G48~08-2~08 - Cassandra (2)}
cassandrab031.jpg,153329,72722a5d,\Gallery 48\08 - Cassandra (2)\,{Shemale Yum Dvd03~G48~08-2~08 - Cassandra (2)}
cassandrab032.jpg,137667,adfa2e46,\Gallery 48\08 - Cassandra (2)\,{Shemale Yum Dvd03~G48~08-2~08 - Cassandra (2)}
cassandrab033.jpg,132155,49ed3b1c,\Gallery 48\08 - Cassandra (2)\,{Shemale Yum Dvd03~G48~08-2~08 - Cassandra (2)}
cassandrab034.jpg,126909,d5e805d2,\Gallery 48\08 - Cassandra (2)\,{Shemale Yum Dvd03~G48~08-2~08 - Cassandra (2)}
cassandrab035.jpg,145019,9b339f15,\Gallery 48\08 - Cassandra (2)\,{Shemale Yum Dvd03~G48~08-2~08 - Cassandra (2)}
cassandrab036.jpg,133212,5d787540,\Gallery 48\08 - Cassandra (2)\,{Shemale Yum Dvd03~G48~08-2~08 - Cassandra (2)}
cassandrab037.jpg,119863,3504d940,\Gallery 48\08 - Cassandra (2)\,{Shemale Yum Dvd03~G48~08-2~08 - Cassandra (2)}
cassandrab038.jpg,134065,b3136f8e,\Gallery 48\08 - Cassandra (2)\,{Shemale Yum Dvd03~G48~08-2~08 - Cassandra (2)}
cassandrab039.jpg,145591,1fb2d7d0,\Gallery 48\08 - Cassandra (2)\,{Shemale Yum Dvd03~G48~08-2~08 - Cassandra (2)}
cassandrab040.jpg,150103,7d7b14ad,\Gallery 48\08 - Cassandra (2)\,{Shemale Yum Dvd03~G48~08-2~08 - Cassandra (2)}
cassandrab041.jpg,140901,65f9c4ea,\Gallery 48\08 - Cassandra (2)\,{Shemale Yum Dvd03~G48~08-2~08 - Cassandra (2)}
cassandrab042.jpg,137046,824573f3,\Gallery 48\08 - Cassandra (2)\,{Shemale Yum Dvd03~G48~08-2~08 - Cassandra (2)}
cassandrab043.jpg,139829,4aac82ec,\Gallery 48\08 - Cassandra (2)\,{Shemale Yum Dvd03~G48~08-2~08 - Cassandra (2)}
cassandrab044.jpg,111534,2ad4d1ba,\Gallery 48\08 - Cassandra (2)\,{Shemale Yum Dvd03~G48~08-2~08 - Cassandra (2)}
cassandrab045.jpg,112566,8b8de557,\Gallery 48\08 - Cassandra (2)\,{Shemale Yum Dvd03~G48~08-2~08 - Cassandra (2)}
cassandrab046.jpg,134021,c6359e56,\Gallery 48\08 - Cassandra (2)\,{Shemale Yum Dvd03~G48~08-2~08 - Cassandra (2)}
cassandrab047.jpg,135628,4ef24013,\Gallery 48\08 - Cassandra (2)\,{Shemale Yum Dvd03~G48~08-2~08 - Cassandra (2)}
cassandrab048.jpg,132894,6baef7ed,\Gallery 48\08 - Cassandra (2)\,{Shemale Yum Dvd03~G48~08-2~08 - Cassandra (2)}
cassandrab049.jpg,131815,6e9a48bd,\Gallery 48\08 - Cassandra (2)\,{Shemale Yum Dvd03~G48~08-2~08 - Cassandra (2)}
cassandrab050.jpg,127827,0f3c2378,\Gallery 48\08 - Cassandra (2)\,{Shemale Yum Dvd03~G48~08-2~08 - Cassandra (2)}
cassandrab051.jpg,122544,2a83e59e,\Gallery 48\08 - Cassandra (2)\,{Shemale Yum Dvd03~G48~08-2~08 - Cassandra (2)}
cassandrab052.jpg,131700,c6c59162,\Gallery 48\08 - Cassandra (2)\,{Shemale Yum Dvd03~G48~08-2~08 - Cassandra (2)}
cassandrab053.jpg,125740,e0b24eeb,\Gallery 48\08 - Cassandra (2)\,{Shemale Yum Dvd03~G48~08-2~08 - Cassandra (2)}
cassandrab054.jpg,133842,2a216a87,\Gallery 48\08 - Cassandra (2)\,{Shemale Yum Dvd03~G48~08-2~08 - Cassandra (2)}
cassandrab055.jpg,133364,6ae06c19,\Gallery 48\08 - Cassandra (2)\,{Shemale Yum Dvd03~G48~08-2~08 - Cassandra (2)}
cassandrab056.jpg,130435,1788d566,\Gallery 48\08 - Cassandra (2)\,{Shemale Yum Dvd03~G48~08-2~08 - Cassandra (2)}
cassandrab057.jpg,130287,8549049f,\Gallery 48\08 - Cassandra (2)\,{Shemale Yum Dvd03~G48~08-2~08 - Cassandra (2)}
cassandrab058.jpg,137678,bdda359b,\Gallery 48\08 - Cassandra (2)\,{Shemale Yum Dvd03~G48~08-2~08 - Cassandra (2)}
cassandrab059.jpg,109582,395f66d0,\Gallery 48\08 - Cassandra (2)\,{Shemale Yum Dvd03~G48~08-2~08 - Cassandra (2)}
cassandrab060.jpg,120389,f2a3e113,\Gallery 48\08 - Cassandra (2)\,{Shemale Yum Dvd03~G48~08-2~08 - Cassandra (2)}
cassandrab061.jpg,123018,1e7c349a,\Gallery 48\08 - Cassandra (2)\,{Shemale Yum Dvd03~G48~08-2~08 - Cassandra (2)}
cassandrab062.jpg,144636,c10e3363,\Gallery 48\08 - Cassandra (2)\,{Shemale Yum Dvd03~G48~08-2~08 - Cassandra (2)}
cassandrab063.jpg,133169,6ce25603,\Gallery 48\08 - Cassandra (2)\,{Shemale Yum Dvd03~G48~08-2~08 - Cassandra (2)}
cassandrab064.jpg,130818,b19ea318,\Gallery 48\08 - Cassandra (2)\,{Shemale Yum Dvd03~G48~08-2~08 - Cassandra (2)}
cassandrab065.jpg,123597,3f9f0165,\Gallery 48\08 - Cassandra (2)\,{Shemale Yum Dvd03~G48~08-2~08 - Cassandra (2)}
cassandrab066.jpg,126752,1a66fc51,\Gallery 48\08 - Cassandra (2)\,{Shemale Yum Dvd03~G48~08-2~08 - Cassandra (2)}
cassandrab067.jpg,137679,c52dba2a,\Gallery 48\08 - Cassandra (2)\,{Shemale Yum Dvd03~G48~08-2~08 - Cassandra (2)}
cassandrab068.jpg,120552,d9aa1f30,\Gallery 48\08 - Cassandra (2)\,{Shemale Yum Dvd03~G48~08-2~08 - Cassandra (2)}
cassandrab069.jpg,134783,f5de07c9,\Gallery 48\08 - Cassandra (2)\,{Shemale Yum Dvd03~G48~08-2~08 - Cassandra (2)}
cassandrab070.jpg,129379,91582b9f,\Gallery 48\08 - Cassandra (2)\,{Shemale Yum Dvd03~G48~08-2~08 - Cassandra (2)}
cassandrab071.jpg,134670,bc06b5cc,\Gallery 48\08 - Cassandra (2)\,{Shemale Yum Dvd03~G48~08-2~08 - Cassandra (2)}
cassandrab072.jpg,132883,dc81383e,\Gallery 48\08 - Cassandra (2)\,{Shemale Yum Dvd03~G48~08-2~08 - Cassandra (2)}
cassandrab073.jpg,130401,fc275703,\Gallery 48\08 - Cassandra (2)\,{Shemale Yum Dvd03~G48~08-2~08 - Cassandra (2)}
cassandrab074.jpg,139374,7264d931,\Gallery 48\08 - Cassandra (2)\,{Shemale Yum Dvd03~G48~08-2~08 - Cassandra (2)}
cassandrab075.jpg,137033,efb32614,\Gallery 48\08 - Cassandra (2)\,{Shemale Yum Dvd03~G48~08-2~08 - Cassandra (2)}
cassandrab076.jpg,140502,38c200e4,\Gallery 48\08 - Cassandra (2)\,{Shemale Yum Dvd03~G48~08-2~08 - Cassandra (2)}
cassandrab077.jpg,115138,7d7fe163,\Gallery 48\08 - Cassandra (2)\,{Shemale Yum Dvd03~G48~08-2~08 - Cassandra (2)}
cassandrab078.jpg,132438,d18420a3,\Gallery 48\08 - Cassandra (2)\,{Shemale Yum Dvd03~G48~08-2~08 - Cassandra (2)}
cassandrab079.jpg,131583,6007949b,\Gallery 48\08 - Cassandra (2)\,{Shemale Yum Dvd03~G48~08-2~08 - Cassandra (2)}
cassandrab080.jpg,136368,e2b6df95,\Gallery 48\08 - Cassandra (2)\,{Shemale Yum Dvd03~G48~08-2~08 - Cassandra (2)}
cassandrab081.jpg,133052,bc9cc933,\Gallery 48\08 - Cassandra (2)\,{Shemale Yum Dvd03~G48~08-2~08 - Cassandra (2)}
cassandrab082.jpg,134776,9c4e2835,\Gallery 48\08 - Cassandra (2)\,{Shemale Yum Dvd03~G48~08-2~08 - Cassandra (2)}
cassandrab083.jpg,136049,2e90ffa4,\Gallery 48\08 - Cassandra (2)\,{Shemale Yum Dvd03~G48~08-2~08 - Cassandra (2)}
cassandrab084.jpg,116860,dfe92276,\Gallery 48\08 - Cassandra (2)\,{Shemale Yum Dvd03~G48~08-2~08 - Cassandra (2)}
cassandrab085.jpg,130007,db61ff3c,\Gallery 48\08 - Cassandra (2)\,{Shemale Yum Dvd03~G48~08-2~08 - Cassandra (2)}
cassandrab086.jpg,148689,62f4eef5,\Gallery 48\08 - Cassandra (2)\,{Shemale Yum Dvd03~G48~08-2~08 - Cassandra (2)}
cassandrab087.jpg,144515,1bb7c40c,\Gallery 48\08 - Cassandra (2)\,{Shemale Yum Dvd03~G48~08-2~08 - Cassandra (2)}
cassandrab088.jpg,142166,a998c721,\Gallery 48\08 - Cassandra (2)\,{Shemale Yum Dvd03~G48~08-2~08 - Cassandra (2)}
cassandrab089.jpg,154211,09143ba9,\Gallery 48\08 - Cassandra (2)\,{Shemale Yum Dvd03~G48~08-2~08 - Cassandra (2)}
cassandrab090.jpg,137742,44e15f50,\Gallery 48\08 - Cassandra (2)\,{Shemale Yum Dvd03~G48~08-2~08 - Cassandra (2)}
cassandrab091.jpg,129193,f67848c2,\Gallery 48\08 - Cassandra (2)\,{Shemale Yum Dvd03~G48~08-2~08 - Cassandra (2)}
cassandrab092.jpg,154667,9304ee55,\Gallery 48\08 - Cassandra (2)\,{Shemale Yum Dvd03~G48~08-2~08 - Cassandra (2)}
cassandrab093.jpg,177521,3fd689bc,\Gallery 48\08 - Cassandra (2)\,{Shemale Yum Dvd03~G48~08-2~08 - Cassandra (2)}
cassandrab094.jpg,221059,ebd067d2,\Gallery 48\08 - Cassandra (2)\,{Shemale Yum Dvd03~G48~08-2~08 - Cassandra (2)}
cassandrab095.jpg,180531,3c27f260,\Gallery 48\08 - Cassandra (2)\,{Shemale Yum Dvd03~G48~08-2~08 - Cassandra (2)}
cassandrab096.jpg,209215,01ee5266,\Gallery 48\08 - Cassandra (2)\,{Shemale Yum Dvd03~G48~08-2~08 - Cassandra (2)}
cassandrab097.jpg,135132,adef809d,\Gallery 48\08 - Cassandra (2)\,{Shemale Yum Dvd03~G48~08-2~08 - Cassandra (2)}
cassandrab098.jpg,149909,efe2332d,\Gallery 48\08 - Cassandra (2)\,{Shemale Yum Dvd03~G48~08-2~08 - Cassandra (2)}
cassandrab099.jpg,161864,87199154,\Gallery 48\08 - Cassandra (2)\,{Shemale Yum Dvd03~G48~08-2~08 - Cassandra (2)}
cassandrab100.jpg,157513,e2944cd7,\Gallery 48\08 - Cassandra (2)\,{Shemale Yum Dvd03~G48~08-2~08 - Cassandra (2)}
1alondra001.jpg,174579,ea67a0e4,\Gallery 48\08 - Cassandra (3)\,{Shemale Yum Dvd03~G48~08-3~08 - Cassandra (3)}
1alondra002.jpg,220295,16c4e6b4,\Gallery 48\08 - Cassandra (3)\,{Shemale Yum Dvd03~G48~08-3~08 - Cassandra (3)}
1alondra003.jpg,221857,1a7902c4,\Gallery 48\08 - Cassandra (3)\,{Shemale Yum Dvd03~G48~08-3~08 - Cassandra (3)}
1alondra004.jpg,216664,fe898455,\Gallery 48\08 - Cassandra (3)\,{Shemale Yum Dvd03~G48~08-3~08 - Cassandra (3)}
1alondra005.jpg,213660,1bbe421e,\Gallery 48\08 - Cassandra (3)\,{Shemale Yum Dvd03~G48~08-3~08 - Cassandra (3)}
1alondra006.jpg,217377,0921b0f1,\Gallery 48\08 - Cassandra (3)\,{Shemale Yum Dvd03~G48~08-3~08 - Cassandra (3)}
1alondra007.jpg,157290,4b05f3cd,\Gallery 48\08 - Cassandra (3)\,{Shemale Yum Dvd03~G48~08-3~08 - Cassandra (3)}
1alondra008.jpg,205240,38a8153a,\Gallery 48\08 - Cassandra (3)\,{Shemale Yum Dvd03~G48~08-3~08 - Cassandra (3)}
1alondra009.jpg,226049,9936f862,\Gallery 48\08 - Cassandra (3)\,{Shemale Yum Dvd03~G48~08-3~08 - Cassandra (3)}
1alondra010.jpg,204902,7ba60638,\Gallery 48\08 - Cassandra (3)\,{Shemale Yum Dvd03~G48~08-3~08 - Cassandra (3)}
1alondra011.jpg,223080,d0da169a,\Gallery 48\08 - Cassandra (3)\,{Shemale Yum Dvd03~G48~08-3~08 - Cassandra (3)}
1alondra012.jpg,228024,cb8f6491,\Gallery 48\08 - Cassandra (3)\,{Shemale Yum Dvd03~G48~08-3~08 - Cassandra (3)}
1alondra013.jpg,227135,17cd0d94,\Gallery 48\08 - Cassandra (3)\,{Shemale Yum Dvd03~G48~08-3~08 - Cassandra (3)}
1alondra014.jpg,186366,6a2f8bed,\Gallery 48\08 - Cassandra (3)\,{Shemale Yum Dvd03~G48~08-3~08 - Cassandra (3)}
1alondra015.jpg,220769,2f3d9bb6,\Gallery 48\08 - Cassandra (3)\,{Shemale Yum Dvd03~G48~08-3~08 - Cassandra (3)}
1alondra016.jpg,211132,f9e94457,\Gallery 48\08 - Cassandra (3)\,{Shemale Yum Dvd03~G48~08-3~08 - Cassandra (3)}
1alondra017.jpg,214650,a4d50af2,\Gallery 48\08 - Cassandra (3)\,{Shemale Yum Dvd03~G48~08-3~08 - Cassandra (3)}
1alondra018.jpg,213456,5ea56093,\Gallery 48\08 - Cassandra (3)\,{Shemale Yum Dvd03~G48~08-3~08 - Cassandra (3)}
1alondra019.jpg,160053,d02599b3,\Gallery 48\08 - Cassandra (3)\,{Shemale Yum Dvd03~G48~08-3~08 - Cassandra (3)}
1alondra020.jpg,214915,8af6b6df,\Gallery 48\08 - Cassandra (3)\,{Shemale Yum Dvd03~G48~08-3~08 - Cassandra (3)}
1alondra021.jpg,195914,d2bc3493,\Gallery 48\08 - Cassandra (3)\,{Shemale Yum Dvd03~G48~08-3~08 - Cassandra (3)}
1alondra022.jpg,173042,328012f4,\Gallery 48\08 - Cassandra (3)\,{Shemale Yum Dvd03~G48~08-3~08 - Cassandra (3)}
1alondra023.jpg,215004,53a05729,\Gallery 48\08 - Cassandra (3)\,{Shemale Yum Dvd03~G48~08-3~08 - Cassandra (3)}
1alondra024.jpg,202651,c48c66a0,\Gallery 48\08 - Cassandra (3)\,{Shemale Yum Dvd03~G48~08-3~08 - Cassandra (3)}
1alondra025.jpg,205370,6439e3ed,\Gallery 48\08 - Cassandra (3)\,{Shemale Yum Dvd03~G48~08-3~08 - Cassandra (3)}
1alondra026.jpg,144725,25c2c4f5,\Gallery 48\08 - Cassandra (3)\,{Shemale Yum Dvd03~G48~08-3~08 - Cassandra (3)}
1alondra027.jpg,209116,04a29b71,\Gallery 48\08 - Cassandra (3)\,{Shemale Yum Dvd03~G48~08-3~08 - Cassandra (3)}
1alondra028.jpg,192672,1e460eb4,\Gallery 48\08 - Cassandra (3)\,{Shemale Yum Dvd03~G48~08-3~08 - Cassandra (3)}
1alondra029.jpg,177305,a4134af6,\Gallery 48\08 - Cassandra (3)\,{Shemale Yum Dvd03~G48~08-3~08 - Cassandra (3)}
1alondra030.jpg,216918,41908caa,\Gallery 48\08 - Cassandra (3)\,{Shemale Yum Dvd03~G48~08-3~08 - Cassandra (3)}
1alondra031.jpg,220977,0ec91cf1,\Gallery 48\08 - Cassandra (3)\,{Shemale Yum Dvd03~G48~08-3~08 - Cassandra (3)}
1alondra032.jpg,217929,b8e5832c,\Gallery 48\08 - Cassandra (3)\,{Shemale Yum Dvd03~G48~08-3~08 - Cassandra (3)}
1alondra033.jpg,212456,7b75c7f4,\Gallery 48\08 - Cassandra (3)\,{Shemale Yum Dvd03~G48~08-3~08 - Cassandra (3)}
1alondra034.jpg,214479,fc67335f,\Gallery 48\08 - Cassandra (3)\,{Shemale Yum Dvd03~G48~08-3~08 - Cassandra (3)}
1alondra035.jpg,207218,d781c4e8,\Gallery 48\08 - Cassandra (3)\,{Shemale Yum Dvd03~G48~08-3~08 - Cassandra (3)}
1alondra036.jpg,167230,ef2d3d88,\Gallery 48\08 - Cassandra (3)\,{Shemale Yum Dvd03~G48~08-3~08 - Cassandra (3)}
1alondra037.jpg,211996,feb308a2,\Gallery 48\08 - Cassandra (3)\,{Shemale Yum Dvd03~G48~08-3~08 - Cassandra (3)}
1alondra038.jpg,196918,9e3b328c,\Gallery 48\08 - Cassandra (3)\,{Shemale Yum Dvd03~G48~08-3~08 - Cassandra (3)}
1alondra039.jpg,202223,2cefb096,\Gallery 48\08 - Cassandra (3)\,{Shemale Yum Dvd03~G48~08-3~08 - Cassandra (3)}
1alondra040.jpg,174931,317d4657,\Gallery 48\08 - Cassandra (3)\,{Shemale Yum Dvd03~G48~08-3~08 - Cassandra (3)}
1alondra041.jpg,195615,72513d40,\Gallery 48\08 - Cassandra (3)\,{Shemale Yum Dvd03~G48~08-3~08 - Cassandra (3)}
1alondra042.jpg,193188,391c08df,\Gallery 48\08 - Cassandra (3)\,{Shemale Yum Dvd03~G48~08-3~08 - Cassandra (3)}
1alondra043.jpg,188681,5c25e6de,\Gallery 48\08 - Cassandra (3)\,{Shemale Yum Dvd03~G48~08-3~08 - Cassandra (3)}
1alondra044.jpg,219461,cb93daad,\Gallery 48\08 - Cassandra (3)\,{Shemale Yum Dvd03~G48~08-3~08 - Cassandra (3)}
1alondra045.jpg,191932,53678968,\Gallery 48\08 - Cassandra (3)\,{Shemale Yum Dvd03~G48~08-3~08 - Cassandra (3)}
1alondra046.jpg,171657,a635cda4,\Gallery 48\08 - Cassandra (3)\,{Shemale Yum Dvd03~G48~08-3~08 - Cassandra (3)}
1alondra047.jpg,193036,0adf2f79,\Gallery 48\08 - Cassandra (3)\,{Shemale Yum Dvd03~G48~08-3~08 - Cassandra (3)}
1alondra048.jpg,221836,652cd035,\Gallery 48\08 - Cassandra (3)\,{Shemale Yum Dvd03~G48~08-3~08 - Cassandra (3)}
1alondra049.jpg,203987,810d780b,\Gallery 48\08 - Cassandra (3)\,{Shemale Yum Dvd03~G48~08-3~08 - Cassandra (3)}
1alondra050.jpg,207808,54132a76,\Gallery 48\08 - Cassandra (3)\,{Shemale Yum Dvd03~G48~08-3~08 - Cassandra (3)}
1alondra051.jpg,209849,5ef07977,\Gallery 48\08 - Cassandra (3)\,{Shemale Yum Dvd03~G48~08-3~08 - Cassandra (3)}
1alondra052.jpg,209490,8ac3184a,\Gallery 48\08 - Cassandra (3)\,{Shemale Yum Dvd03~G48~08-3~08 - Cassandra (3)}
1alondra053.jpg,215039,4a9ae967,\Gallery 48\08 - Cassandra (3)\,{Shemale Yum Dvd03~G48~08-3~08 - Cassandra (3)}
1alondra054.jpg,217939,68ad7b24,\Gallery 48\08 - Cassandra (3)\,{Shemale Yum Dvd03~G48~08-3~08 - Cassandra (3)}
1alondra055.jpg,199030,9a4a67d5,\Gallery 48\08 - Cassandra (3)\,{Shemale Yum Dvd03~G48~08-3~08 - Cassandra (3)}
1alondra056.jpg,211699,f2776c6b,\Gallery 48\08 - Cassandra (3)\,{Shemale Yum Dvd03~G48~08-3~08 - Cassandra (3)}
1alondra057.jpg,173091,de5e1fb3,\Gallery 48\08 - Cassandra (3)\,{Shemale Yum Dvd03~G48~08-3~08 - Cassandra (3)}
1alondra058.jpg,213044,bc1bfc21,\Gallery 48\08 - Cassandra (3)\,{Shemale Yum Dvd03~G48~08-3~08 - Cassandra (3)}
1alondra059.jpg,155988,87e75624,\Gallery 48\08 - Cassandra (3)\,{Shemale Yum Dvd03~G48~08-3~08 - Cassandra (3)}
1alondra060.jpg,215366,717d4a8c,\Gallery 48\08 - Cassandra (3)\,{Shemale Yum Dvd03~G48~08-3~08 - Cassandra (3)}
1alondra061.jpg,202286,f5f476ae,\Gallery 48\08 - Cassandra (3)\,{Shemale Yum Dvd03~G48~08-3~08 - Cassandra (3)}
1alondra062.jpg,184016,44ea9eae,\Gallery 48\08 - Cassandra (3)\,{Shemale Yum Dvd03~G48~08-3~08 - Cassandra (3)}
1alondra063.jpg,201378,b1022d50,\Gallery 48\08 - Cassandra (3)\,{Shemale Yum Dvd03~G48~08-3~08 - Cassandra (3)}
1alondra064.jpg,213534,eeef0257,\Gallery 48\08 - Cassandra (3)\,{Shemale Yum Dvd03~G48~08-3~08 - Cassandra (3)}
1alondra065.jpg,173478,a6b9c407,\Gallery 48\08 - Cassandra (3)\,{Shemale Yum Dvd03~G48~08-3~08 - Cassandra (3)}
1alondra066.jpg,210220,913c41d9,\Gallery 48\08 - Cassandra (3)\,{Shemale Yum Dvd03~G48~08-3~08 - Cassandra (3)}
1alondra067.jpg,214713,caf3b575,\Gallery 48\08 - Cassandra (3)\,{Shemale Yum Dvd03~G48~08-3~08 - Cassandra (3)}
1alondra068.jpg,203932,4bf91301,\Gallery 48\08 - Cassandra (3)\,{Shemale Yum Dvd03~G48~08-3~08 - Cassandra (3)}
1alondra069.jpg,164369,d648db0f,\Gallery 48\08 - Cassandra (3)\,{Shemale Yum Dvd03~G48~08-3~08 - Cassandra (3)}
1alondra070.jpg,196413,5dbf4dd0,\Gallery 48\08 - Cassandra (3)\,{Shemale Yum Dvd03~G48~08-3~08 - Cassandra (3)}
1alondra071.jpg,215984,b60c8fd2,\Gallery 48\08 - Cassandra (3)\,{Shemale Yum Dvd03~G48~08-3~08 - Cassandra (3)}
1alondra072.jpg,168210,fdde4d47,\Gallery 48\08 - Cassandra (3)\,{Shemale Yum Dvd03~G48~08-3~08 - Cassandra (3)}
1alondra073.jpg,178436,9d742b8a,\Gallery 48\08 - Cassandra (3)\,{Shemale Yum Dvd03~G48~08-3~08 - Cassandra (3)}
1alondra074.jpg,167907,702e4df6,\Gallery 48\08 - Cassandra (3)\,{Shemale Yum Dvd03~G48~08-3~08 - Cassandra (3)}
1alondra075.jpg,177227,8cd1b9c8,\Gallery 48\08 - Cassandra (3)\,{Shemale Yum Dvd03~G48~08-3~08 - Cassandra (3)}
1alondra076.jpg,203513,4592c463,\Gallery 48\08 - Cassandra (3)\,{Shemale Yum Dvd03~G48~08-3~08 - Cassandra (3)}
1alondra077.jpg,207023,bebc7e86,\Gallery 48\08 - Cassandra (3)\,{Shemale Yum Dvd03~G48~08-3~08 - Cassandra (3)}
1alondra078.jpg,159778,dffe3e49,\Gallery 48\08 - Cassandra (3)\,{Shemale Yum Dvd03~G48~08-3~08 - Cassandra (3)}
1alondra079.jpg,151230,b72e12e6,\Gallery 48\08 - Cassandra (3)\,{Shemale Yum Dvd03~G48~08-3~08 - Cassandra (3)}
1alondra080.jpg,204833,4fcce1a3,\Gallery 48\08 - Cassandra (3)\,{Shemale Yum Dvd03~G48~08-3~08 - Cassandra (3)}
1alondra081.jpg,207985,a686465a,\Gallery 48\08 - Cassandra (3)\,{Shemale Yum Dvd03~G48~08-3~08 - Cassandra (3)}
1alondra082.jpg,215551,f5c776f2,\Gallery 48\08 - Cassandra (3)\,{Shemale Yum Dvd03~G48~08-3~08 - Cassandra (3)}
1alondra083.jpg,191741,087bacaf,\Gallery 48\08 - Cassandra (3)\,{Shemale Yum Dvd03~G48~08-3~08 - Cassandra (3)}
1alondra084.jpg,212273,a231936f,\Gallery 48\08 - Cassandra (3)\,{Shemale Yum Dvd03~G48~08-3~08 - Cassandra (3)}
1alondra085.jpg,209346,15161848,\Gallery 48\08 - Cassandra (3)\,{Shemale Yum Dvd03~G48~08-3~08 - Cassandra (3)}
1alondra086.jpg,190816,cca80610,\Gallery 48\08 - Cassandra (3)\,{Shemale Yum Dvd03~G48~08-3~08 - Cassandra (3)}
1alondra087.jpg,215456,1a7d24f4,\Gallery 48\08 - Cassandra (3)\,{Shemale Yum Dvd03~G48~08-3~08 - Cassandra (3)}
1alondra088.jpg,224546,a99da82a,\Gallery 48\08 - Cassandra (3)\,{Shemale Yum Dvd03~G48~08-3~08 - Cassandra (3)}
1alondra089.jpg,217524,56fe0acd,\Gallery 48\08 - Cassandra (3)\,{Shemale Yum Dvd03~G48~08-3~08 - Cassandra (3)}
1alondra090.jpg,211991,a879215e,\Gallery 48\08 - Cassandra (3)\,{Shemale Yum Dvd03~G48~08-3~08 - Cassandra (3)}
1alondra091.jpg,172026,63011e7c,\Gallery 48\08 - Cassandra (3)\,{Shemale Yum Dvd03~G48~08-3~08 - Cassandra (3)}
1alondra092.jpg,196606,72fb28f2,\Gallery 48\08 - Cassandra (3)\,{Shemale Yum Dvd03~G48~08-3~08 - Cassandra (3)}
1alondra093.jpg,194720,b6217103,\Gallery 48\08 - Cassandra (3)\,{Shemale Yum Dvd03~G48~08-3~08 - Cassandra (3)}
alondra2001.jpg,208010,215f39e1,\Gallery 48\08 - Cassandra (4)\,{Shemale Yum Dvd03~G48~08-4~08 - Cassandra (4)}
alondra2002.jpg,210258,f3f7c913,\Gallery 48\08 - Cassandra (4)\,{Shemale Yum Dvd03~G48~08-4~08 - Cassandra (4)}
alondra2003.jpg,204917,f2e52876,\Gallery 48\08 - Cassandra (4)\,{Shemale Yum Dvd03~G48~08-4~08 - Cassandra (4)}
alondra2004.jpg,210572,a75bce4c,\Gallery 48\08 - Cassandra (4)\,{Shemale Yum Dvd03~G48~08-4~08 - Cassandra (4)}
alondra2005.jpg,200439,ceb159bf,\Gallery 48\08 - Cassandra (4)\,{Shemale Yum Dvd03~G48~08-4~08 - Cassandra (4)}
alondra2006.jpg,171642,bf5fc303,\Gallery 48\08 - Cassandra (4)\,{Shemale Yum Dvd03~G48~08-4~08 - Cassandra (4)}
alondra2007.jpg,203833,e13e8940,\Gallery 48\08 - Cassandra (4)\,{Shemale Yum Dvd03~G48~08-4~08 - Cassandra (4)}
alondra2008.jpg,203515,7f90a9dd,\Gallery 48\08 - Cassandra (4)\,{Shemale Yum Dvd03~G48~08-4~08 - Cassandra (4)}
alondra2009.jpg,203159,0a045df2,\Gallery 48\08 - Cassandra (4)\,{Shemale Yum Dvd03~G48~08-4~08 - Cassandra (4)}
alondra2010.jpg,170104,d28fb3dd,\Gallery 48\08 - Cassandra (4)\,{Shemale Yum Dvd03~G48~08-4~08 - Cassandra (4)}
alondra2011.jpg,207191,d7b5b4b2,\Gallery 48\08 - Cassandra (4)\,{Shemale Yum Dvd03~G48~08-4~08 - Cassandra (4)}
alondra2012.jpg,155714,a5b61653,\Gallery 48\08 - Cassandra (4)\,{Shemale Yum Dvd03~G48~08-4~08 - Cassandra (4)}
alondra2013.jpg,204171,de9517b4,\Gallery 48\08 - Cassandra (4)\,{Shemale Yum Dvd03~G48~08-4~08 - Cassandra (4)}
alondra2014.jpg,216959,996dee08,\Gallery 48\08 - Cassandra (4)\,{Shemale Yum Dvd03~G48~08-4~08 - Cassandra (4)}
alondra2015.jpg,205781,9b34fafd,\Gallery 48\08 - Cassandra (4)\,{Shemale Yum Dvd03~G48~08-4~08 - Cassandra (4)}
alondra2016.jpg,158759,0dca6e63,\Gallery 48\08 - Cassandra (4)\,{Shemale Yum Dvd03~G48~08-4~08 - Cassandra (4)}
alondra2017.jpg,176901,794a71e8,\Gallery 48\08 - Cassandra (4)\,{Shemale Yum Dvd03~G48~08-4~08 - Cassandra (4)}
alondra2018.jpg,202143,78ca2141,\Gallery 48\08 - Cassandra (4)\,{Shemale Yum Dvd03~G48~08-4~08 - Cassandra (4)}
alondra2019.jpg,157366,b5fec7f8,\Gallery 48\08 - Cassandra (4)\,{Shemale Yum Dvd03~G48~08-4~08 - Cassandra (4)}
alondra2020.jpg,187206,0eecabbf,\Gallery 48\08 - Cassandra (4)\,{Shemale Yum Dvd03~G48~08-4~08 - Cassandra (4)}
alondra2021.jpg,217034,c1698511,\Gallery 48\08 - Cassandra (4)\,{Shemale Yum Dvd03~G48~08-4~08 - Cassandra (4)}
alondra2022.jpg,215560,78c42309,\Gallery 48\08 - Cassandra (4)\,{Shemale Yum Dvd03~G48~08-4~08 - Cassandra (4)}
alondra2023.jpg,217553,7a6a4d08,\Gallery 48\08 - Cassandra (4)\,{Shemale Yum Dvd03~G48~08-4~08 - Cassandra (4)}
alondra2024.jpg,206293,7d236ad9,\Gallery 48\08 - Cassandra (4)\,{Shemale Yum Dvd03~G48~08-4~08 - Cassandra (4)}
alondra2025.jpg,208729,1f9349f7,\Gallery 48\08 - Cassandra (4)\,{Shemale Yum Dvd03~G48~08-4~08 - Cassandra (4)}
alondra2026.jpg,210529,7c7bbbe0,\Gallery 48\08 - Cassandra (4)\,{Shemale Yum Dvd03~G48~08-4~08 - Cassandra (4)}
alondra2027.jpg,173857,cbf4ff89,\Gallery 48\08 - Cassandra (4)\,{Shemale Yum Dvd03~G48~08-4~08 - Cassandra (4)}
alondra2028.jpg,145903,4c1d8b3b,\Gallery 48\08 - Cassandra (4)\,{Shemale Yum Dvd03~G48~08-4~08 - Cassandra (4)}
alondra2029.jpg,145960,64b9735a,\Gallery 48\08 - Cassandra (4)\,{Shemale Yum Dvd03~G48~08-4~08 - Cassandra (4)}
alondra2030.jpg,206908,fd9bec4a,\Gallery 48\08 - Cassandra (4)\,{Shemale Yum Dvd03~G48~08-4~08 - Cassandra (4)}
alondra2031.jpg,205485,e55797b5,\Gallery 48\08 - Cassandra (4)\,{Shemale Yum Dvd03~G48~08-4~08 - Cassandra (4)}
alondra2032.jpg,191229,513b059f,\Gallery 48\08 - Cassandra (4)\,{Shemale Yum Dvd03~G48~08-4~08 - Cassandra (4)}
alondra2033.jpg,210161,139a7b3c,\Gallery 48\08 - Cassandra (4)\,{Shemale Yum Dvd03~G48~08-4~08 - Cassandra (4)}
alondra2034.jpg,193983,272fad8d,\Gallery 48\08 - Cassandra (4)\,{Shemale Yum Dvd03~G48~08-4~08 - Cassandra (4)}
alondra2035.jpg,199005,31b2735b,\Gallery 48\08 - Cassandra (4)\,{Shemale Yum Dvd03~G48~08-4~08 - Cassandra (4)}
alondra2036.jpg,168509,a2baf5bd,\Gallery 48\08 - Cassandra (4)\,{Shemale Yum Dvd03~G48~08-4~08 - Cassandra (4)}
alondra2037.jpg,173340,ded42a49,\Gallery 48\08 - Cassandra (4)\,{Shemale Yum Dvd03~G48~08-4~08 - Cassandra (4)}
alondra2038.jpg,180475,afbdf36a,\Gallery 48\08 - Cassandra (4)\,{Shemale Yum Dvd03~G48~08-4~08 - Cassandra (4)}
alondra2039.jpg,169691,93fcd4a2,\Gallery 48\08 - Cassandra (4)\,{Shemale Yum Dvd03~G48~08-4~08 - Cassandra (4)}
alondra2040.jpg,202191,2e3ce61d,\Gallery 48\08 - Cassandra (4)\,{Shemale Yum Dvd03~G48~08-4~08 - Cassandra (4)}
alondra2041.jpg,155639,71c8f8ce,\Gallery 48\08 - Cassandra (4)\,{Shemale Yum Dvd03~G48~08-4~08 - Cassandra (4)}
alondra2042.jpg,195965,5453ef8d,\Gallery 48\08 - Cassandra (4)\,{Shemale Yum Dvd03~G48~08-4~08 - Cassandra (4)}
alondra2043.jpg,206727,325c8dcf,\Gallery 48\08 - Cassandra (4)\,{Shemale Yum Dvd03~G48~08-4~08 - Cassandra (4)}
alondra2044.jpg,207564,5b3bddcd,\Gallery 48\08 - Cassandra (4)\,{Shemale Yum Dvd03~G48~08-4~08 - Cassandra (4)}
alondra2045.jpg,165824,ad7b90b9,\Gallery 48\08 - Cassandra (4)\,{Shemale Yum Dvd03~G48~08-4~08 - Cassandra (4)}
alondra2046.jpg,163539,cee94f13,\Gallery 48\08 - Cassandra (4)\,{Shemale Yum Dvd03~G48~08-4~08 - Cassandra (4)}
alondra2047.jpg,192384,23529073,\Gallery 48\08 - Cassandra (4)\,{Shemale Yum Dvd03~G48~08-4~08 - Cassandra (4)}
alondra2048.jpg,166217,16348cd4,\Gallery 48\08 - Cassandra (4)\,{Shemale Yum Dvd03~G48~08-4~08 - Cassandra (4)}
alondra2049.jpg,184286,152d6aac,\Gallery 48\08 - Cassandra (4)\,{Shemale Yum Dvd03~G48~08-4~08 - Cassandra (4)}
alondra2050.jpg,199041,0e27e494,\Gallery 48\08 - Cassandra (4)\,{Shemale Yum Dvd03~G48~08-4~08 - Cassandra (4)}
alondra2051.jpg,172327,c42dbe9b,\Gallery 48\08 - Cassandra (4)\,{Shemale Yum Dvd03~G48~08-4~08 - Cassandra (4)}
alondra2052.jpg,150150,2a9b9c9e,\Gallery 48\08 - Cassandra (4)\,{Shemale Yum Dvd03~G48~08-4~08 - Cassandra (4)}
alondra2053.jpg,159711,0ada5c7c,\Gallery 48\08 - Cassandra (4)\,{Shemale Yum Dvd03~G48~08-4~08 - Cassandra (4)}
alondra2054.jpg,205513,4dd71e4c,\Gallery 48\08 - Cassandra (4)\,{Shemale Yum Dvd03~G48~08-4~08 - Cassandra (4)}
alondra2055.jpg,216759,a5cbf368,\Gallery 48\08 - Cassandra (4)\,{Shemale Yum Dvd03~G48~08-4~08 - Cassandra (4)}
alondra2056.jpg,163803,6425d1c1,\Gallery 48\08 - Cassandra (4)\,{Shemale Yum Dvd03~G48~08-4~08 - Cassandra (4)}
alondra2057.jpg,189187,6907eaf0,\Gallery 48\08 - Cassandra (4)\,{Shemale Yum Dvd03~G48~08-4~08 - Cassandra (4)}
alondra2058.jpg,205702,92f6dade,\Gallery 48\08 - Cassandra (4)\,{Shemale Yum Dvd03~G48~08-4~08 - Cassandra (4)}
alondra2059.jpg,159146,3f735575,\Gallery 48\08 - Cassandra (4)\,{Shemale Yum Dvd03~G48~08-4~08 - Cassandra (4)}
alondra2060.jpg,215971,53493ae0,\Gallery 48\08 - Cassandra (4)\,{Shemale Yum Dvd03~G48~08-4~08 - Cassandra (4)}
alondra2061.jpg,202888,bf24018b,\Gallery 48\08 - Cassandra (4)\,{Shemale Yum Dvd03~G48~08-4~08 - Cassandra (4)}
alondra2062.jpg,172905,576d04b8,\Gallery 48\08 - Cassandra (4)\,{Shemale Yum Dvd03~G48~08-4~08 - Cassandra (4)}
alondra2063.jpg,201521,9b12ca74,\Gallery 48\08 - Cassandra (4)\,{Shemale Yum Dvd03~G48~08-4~08 - Cassandra (4)}
alondra2064.jpg,165305,229ed6e7,\Gallery 48\08 - Cassandra (4)\,{Shemale Yum Dvd03~G48~08-4~08 - Cassandra (4)}
alondra2065.jpg,144940,ce099331,\Gallery 48\08 - Cassandra (4)\,{Shemale Yum Dvd03~G48~08-4~08 - Cassandra (4)}
alondra2066.jpg,210960,8b301078,\Gallery 48\08 - Cassandra (4)\,{Shemale Yum Dvd03~G48~08-4~08 - Cassandra (4)}
alondra2067.jpg,148337,4616f553,\Gallery 48\08 - Cassandra (4)\,{Shemale Yum Dvd03~G48~08-4~08 - Cassandra (4)}
alondra2068.jpg,194601,f7a53e40,\Gallery 48\08 - Cassandra (4)\,{Shemale Yum Dvd03~G48~08-4~08 - Cassandra (4)}
alondra2069.jpg,196049,8b014437,\Gallery 48\08 - Cassandra (4)\,{Shemale Yum Dvd03~G48~08-4~08 - Cassandra (4)}
alondra2070.jpg,165219,0c1d8904,\Gallery 48\08 - Cassandra (4)\,{Shemale Yum Dvd03~G48~08-4~08 - Cassandra (4)}
alondra2071.jpg,144894,a8d717a9,\Gallery 48\08 - Cassandra (4)\,{Shemale Yum Dvd03~G48~08-4~08 - Cassandra (4)}
alondra2072.jpg,156806,73079b3b,\Gallery 48\08 - Cassandra (4)\,{Shemale Yum Dvd03~G48~08-4~08 - Cassandra (4)}
alondra2073.jpg,157646,388a4761,\Gallery 48\08 - Cassandra (4)\,{Shemale Yum Dvd03~G48~08-4~08 - Cassandra (4)}
alondra2074.jpg,202477,e428d1df,\Gallery 48\08 - Cassandra (4)\,{Shemale Yum Dvd03~G48~08-4~08 - Cassandra (4)}
alondra2075.jpg,184718,b4f10def,\Gallery 48\08 - Cassandra (4)\,{Shemale Yum Dvd03~G48~08-4~08 - Cassandra (4)}
alondra2076.jpg,171190,cf565abd,\Gallery 48\08 - Cassandra (4)\,{Shemale Yum Dvd03~G48~08-4~08 - Cassandra (4)}
alondra2077.jpg,190916,f4c415c1,\Gallery 48\08 - Cassandra (4)\,{Shemale Yum Dvd03~G48~08-4~08 - Cassandra (4)}
alondra2078.jpg,171373,66088995,\Gallery 48\08 - Cassandra (4)\,{Shemale Yum Dvd03~G48~08-4~08 - Cassandra (4)}
alondra2079.jpg,218244,27cb0e6f,\Gallery 48\08 - Cassandra (4)\,{Shemale Yum Dvd03~G48~08-4~08 - Cassandra (4)}
alondra2080.jpg,199262,ad10fe5d,\Gallery 48\08 - Cassandra (4)\,{Shemale Yum Dvd03~G48~08-4~08 - Cassandra (4)}
alondra2081.jpg,200369,48e94bdb,\Gallery 48\08 - Cassandra (4)\,{Shemale Yum Dvd03~G48~08-4~08 - Cassandra (4)}
alondra2082.jpg,189476,8e0f62c1,\Gallery 48\08 - Cassandra (4)\,{Shemale Yum Dvd03~G48~08-4~08 - Cassandra (4)}
alondra2083.jpg,216273,4bdb7c14,\Gallery 48\08 - Cassandra (4)\,{Shemale Yum Dvd03~G48~08-4~08 - Cassandra (4)}
alondra2084.jpg,218306,edb9b57b,\Gallery 48\08 - Cassandra (4)\,{Shemale Yum Dvd03~G48~08-4~08 - Cassandra (4)}
alondra2085.jpg,198017,6d1d497d,\Gallery 48\08 - Cassandra (4)\,{Shemale Yum Dvd03~G48~08-4~08 - Cassandra (4)}
moet001.jpg,108884,17324afb,\Gallery 48\09 - Moet\,{Shemale Yum Dvd03~G48~09~09 - Moet}
moet002.jpg,120815,ba7acec3,\Gallery 48\09 - Moet\,{Shemale Yum Dvd03~G48~09~09 - Moet}
moet003.jpg,101975,8f8959b0,\Gallery 48\09 - Moet\,{Shemale Yum Dvd03~G48~09~09 - Moet}
moet004.jpg,96201,eddd17be,\Gallery 48\09 - Moet\,{Shemale Yum Dvd03~G48~09~09 - Moet}
moet005.jpg,92713,57c0c8d4,\Gallery 48\09 - Moet\,{Shemale Yum Dvd03~G48~09~09 - Moet}
moet006.jpg,101745,55c8da6b,\Gallery 48\09 - Moet\,{Shemale Yum Dvd03~G48~09~09 - Moet}
moet007.jpg,90650,33060e38,\Gallery 48\09 - Moet\,{Shemale Yum Dvd03~G48~09~09 - Moet}
moet008.jpg,85514,168ae44c,\Gallery 48\09 - Moet\,{Shemale Yum Dvd03~G48~09~09 - Moet}
moet010.jpg,85364,92ecd006,\Gallery 48\09 - Moet\,{Shemale Yum Dvd03~G48~09~09 - Moet}
moet011.jpg,84950,48378272,\Gallery 48\09 - Moet\,{Shemale Yum Dvd03~G48~09~09 - Moet}
moet012.jpg,90108,2922a66b,\Gallery 48\09 - Moet\,{Shemale Yum Dvd03~G48~09~09 - Moet}
moet013.jpg,87198,ea643a00,\Gallery 48\09 - Moet\,{Shemale Yum Dvd03~G48~09~09 - Moet}
moet014.jpg,94648,4e1272f9,\Gallery 48\09 - Moet\,{Shemale Yum Dvd03~G48~09~09 - Moet}
moet015.jpg,74237,112d21cf,\Gallery 48\09 - Moet\,{Shemale Yum Dvd03~G48~09~09 - Moet}
moet016.jpg,88028,fcc52e8b,\Gallery 48\09 - Moet\,{Shemale Yum Dvd03~G48~09~09 - Moet}
moet017.jpg,96468,79450aa6,\Gallery 48\09 - Moet\,{Shemale Yum Dvd03~G48~09~09 - Moet}
moet018.jpg,103445,dde1302f,\Gallery 48\09 - Moet\,{Shemale Yum Dvd03~G48~09~09 - Moet}
moet019.jpg,94398,2e06da4c,\Gallery 48\09 - Moet\,{Shemale Yum Dvd03~G48~09~09 - Moet}
moet020.jpg,100544,40cfef5e,\Gallery 48\09 - Moet\,{Shemale Yum Dvd03~G48~09~09 - Moet}
moet021.jpg,109300,3e6af779,\Gallery 48\09 - Moet\,{Shemale Yum Dvd03~G48~09~09 - Moet}
moet022.jpg,96056,be925c67,\Gallery 48\09 - Moet\,{Shemale Yum Dvd03~G48~09~09 - Moet}
moet023.jpg,97888,e86883b9,\Gallery 48\09 - Moet\,{Shemale Yum Dvd03~G48~09~09 - Moet}
moet026.jpg,102458,e5ae405e,\Gallery 48\09 - Moet\,{Shemale Yum Dvd03~G48~09~09 - Moet}
moet027.jpg,101210,1a947364,\Gallery 48\09 - Moet\,{Shemale Yum Dvd03~G48~09~09 - Moet}
moet028.jpg,92326,ff18fab4,\Gallery 48\09 - Moet\,{Shemale Yum Dvd03~G48~09~09 - Moet}
moet029.jpg,77163,289852c2,\Gallery 48\09 - Moet\,{Shemale Yum Dvd03~G48~09~09 - Moet}
moet030.jpg,89292,71542474,\Gallery 48\09 - Moet\,{Shemale Yum Dvd03~G48~09~09 - Moet}
moet032.jpg,91180,adaac660,\Gallery 48\09 - Moet\,{Shemale Yum Dvd03~G48~09~09 - Moet}
moet033.jpg,85770,9db38be2,\Gallery 48\09 - Moet\,{Shemale Yum Dvd03~G48~09~09 - Moet}
moet035.jpg,89907,a9c3099b,\Gallery 48\09 - Moet\,{Shemale Yum Dvd03~G48~09~09 - Moet}
moet036.jpg,87726,a9660a06,\Gallery 48\09 - Moet\,{Shemale Yum Dvd03~G48~09~09 - Moet}
moet037.jpg,84113,a7549aaf,\Gallery 48\09 - Moet\,{Shemale Yum Dvd03~G48~09~09 - Moet}
moet038.jpg,90727,c6f1e0ac,\Gallery 48\09 - Moet\,{Shemale Yum Dvd03~G48~09~09 - Moet}
moet039.jpg,89617,849a6512,\Gallery 48\09 - Moet\,{Shemale Yum Dvd03~G48~09~09 - Moet}
moet040.jpg,109136,5062f79b,\Gallery 48\09 - Moet\,{Shemale Yum Dvd03~G48~09~09 - Moet}
moet041.jpg,119594,a735c80e,\Gallery 48\09 - Moet\,{Shemale Yum Dvd03~G48~09~09 - Moet}
moet042.jpg,121770,fad54d9d,\Gallery 48\09 - Moet\,{Shemale Yum Dvd03~G48~09~09 - Moet}
moet043.jpg,123778,f76e5e48,\Gallery 48\09 - Moet\,{Shemale Yum Dvd03~G48~09~09 - Moet}
moet044.jpg,123191,21061e04,\Gallery 48\09 - Moet\,{Shemale Yum Dvd03~G48~09~09 - Moet}
moet045.jpg,123312,86cbd475,\Gallery 48\09 - Moet\,{Shemale Yum Dvd03~G48~09~09 - Moet}
moet046.jpg,107093,408d0805,\Gallery 48\09 - Moet\,{Shemale Yum Dvd03~G48~09~09 - Moet}
moet047.jpg,88849,2bc9d612,\Gallery 48\09 - Moet\,{Shemale Yum Dvd03~G48~09~09 - Moet}
moet048.jpg,64751,222b32da,\Gallery 48\09 - Moet\,{Shemale Yum Dvd03~G48~09~09 - Moet}
moet049.jpg,80865,09443429,\Gallery 48\09 - Moet\,{Shemale Yum Dvd03~G48~09~09 - Moet}
moet050.jpg,99459,51ba239a,\Gallery 48\09 - Moet\,{Shemale Yum Dvd03~G48~09~09 - Moet}
moet051.jpg,105480,e4bfd4c6,\Gallery 48\09 - Moet\,{Shemale Yum Dvd03~G48~09~09 - Moet}
moet052.jpg,74169,d7ef013c,\Gallery 48\09 - Moet\,{Shemale Yum Dvd03~G48~09~09 - Moet}
moet053.jpg,90095,cb7fe599,\Gallery 48\09 - Moet\,{Shemale Yum Dvd03~G48~09~09 - Moet}
moet054.jpg,105714,f1df238c,\Gallery 48\09 - Moet\,{Shemale Yum Dvd03~G48~09~09 - Moet}
moet055.jpg,95784,a929a86f,\Gallery 48\09 - Moet\,{Shemale Yum Dvd03~G48~09~09 - Moet}
moet056.jpg,105043,490e846f,\Gallery 48\09 - Moet\,{Shemale Yum Dvd03~G48~09~09 - Moet}
moet057.jpg,110308,7b55bbb4,\Gallery 48\09 - Moet\,{Shemale Yum Dvd03~G48~09~09 - Moet}
moet058.jpg,91535,fa810d02,\Gallery 48\09 - Moet\,{Shemale Yum Dvd03~G48~09~09 - Moet}
moet059.jpg,118430,a5a0098e,\Gallery 48\09 - Moet\,{Shemale Yum Dvd03~G48~09~09 - Moet}
moet060.jpg,97643,37fa7bbf,\Gallery 48\09 - Moet\,{Shemale Yum Dvd03~G48~09~09 - Moet}
moet061.jpg,110051,0b5d4eeb,\Gallery 48\09 - Moet\,{Shemale Yum Dvd03~G48~09~09 - Moet}
moet062.jpg,113173,38c9c44c,\Gallery 48\09 - Moet\,{Shemale Yum Dvd03~G48~09~09 - Moet}
moet063.jpg,107886,bb18b236,\Gallery 48\09 - Moet\,{Shemale Yum Dvd03~G48~09~09 - Moet}
moet064.jpg,108311,cebc656e,\Gallery 48\09 - Moet\,{Shemale Yum Dvd03~G48~09~09 - Moet}
moet065.jpg,117532,81bec24c,\Gallery 48\09 - Moet\,{Shemale Yum Dvd03~G48~09~09 - Moet}
moet066.jpg,117153,d0938579,\Gallery 48\09 - Moet\,{Shemale Yum Dvd03~G48~09~09 - Moet}
moet067.jpg,122420,345ebb3b,\Gallery 48\09 - Moet\,{Shemale Yum Dvd03~G48~09~09 - Moet}
moet068.jpg,110018,d8a923ab,\Gallery 48\09 - Moet\,{Shemale Yum Dvd03~G48~09~09 - Moet}
moet069.jpg,113795,2d9ea587,\Gallery 48\09 - Moet\,{Shemale Yum Dvd03~G48~09~09 - Moet}
moetb001.jpg,132551,50a9acc1,\Gallery 48\09 - Moet (2)\,{Shemale Yum Dvd03~G48~09-2~09 - Moet (2)}
moetb002.jpg,118947,8a4d70df,\Gallery 48\09 - Moet (2)\,{Shemale Yum Dvd03~G48~09-2~09 - Moet (2)}
moetb003.jpg,111482,794da554,\Gallery 48\09 - Moet (2)\,{Shemale Yum Dvd03~G48~09-2~09 - Moet (2)}
moetb004.jpg,123377,52d74702,\Gallery 48\09 - Moet (2)\,{Shemale Yum Dvd03~G48~09-2~09 - Moet (2)}
moetb005.jpg,131137,963f8601,\Gallery 48\09 - Moet (2)\,{Shemale Yum Dvd03~G48~09-2~09 - Moet (2)}
moetb006.jpg,116963,723c39cc,\Gallery 48\09 - Moet (2)\,{Shemale Yum Dvd03~G48~09-2~09 - Moet (2)}
moetb007.jpg,122133,3985224c,\Gallery 48\09 - Moet (2)\,{Shemale Yum Dvd03~G48~09-2~09 - Moet (2)}
moetb008.jpg,109053,8ce66a2a,\Gallery 48\09 - Moet (2)\,{Shemale Yum Dvd03~G48~09-2~09 - Moet (2)}
moetb009.jpg,121540,69f5e596,\Gallery 48\09 - Moet (2)\,{Shemale Yum Dvd03~G48~09-2~09 - Moet (2)}
moetb010.jpg,114062,564a18bd,\Gallery 48\09 - Moet (2)\,{Shemale Yum Dvd03~G48~09-2~09 - Moet (2)}
moetb011.jpg,109758,e9f1e234,\Gallery 48\09 - Moet (2)\,{Shemale Yum Dvd03~G48~09-2~09 - Moet (2)}
moetb012.jpg,102968,7e46eccb,\Gallery 48\09 - Moet (2)\,{Shemale Yum Dvd03~G48~09-2~09 - Moet (2)}
moetb013.jpg,110775,9b732fdb,\Gallery 48\09 - Moet (2)\,{Shemale Yum Dvd03~G48~09-2~09 - Moet (2)}
moetb014.jpg,113367,d88a84ef,\Gallery 48\09 - Moet (2)\,{Shemale Yum Dvd03~G48~09-2~09 - Moet (2)}
moetb015.jpg,114848,882c8ec8,\Gallery 48\09 - Moet (2)\,{Shemale Yum Dvd03~G48~09-2~09 - Moet (2)}
moetb016.jpg,120488,2d35f99c,\Gallery 48\09 - Moet (2)\,{Shemale Yum Dvd03~G48~09-2~09 - Moet (2)}
moetb017.jpg,105758,717ee7c3,\Gallery 48\09 - Moet (2)\,{Shemale Yum Dvd03~G48~09-2~09 - Moet (2)}
moetb018.jpg,107274,7c5466a7,\Gallery 48\09 - Moet (2)\,{Shemale Yum Dvd03~G48~09-2~09 - Moet (2)}
moetb019.jpg,115392,157402d8,\Gallery 48\09 - Moet (2)\,{Shemale Yum Dvd03~G48~09-2~09 - Moet (2)}
moetb020.jpg,118328,15837c64,\Gallery 48\09 - Moet (2)\,{Shemale Yum Dvd03~G48~09-2~09 - Moet (2)}
moetb021.jpg,109819,a704c824,\Gallery 48\09 - Moet (2)\,{Shemale Yum Dvd03~G48~09-2~09 - Moet (2)}
moetb022.jpg,111251,b6a6ef70,\Gallery 48\09 - Moet (2)\,{Shemale Yum Dvd03~G48~09-2~09 - Moet (2)}
moetb023.jpg,114157,961afb8b,\Gallery 48\09 - Moet (2)\,{Shemale Yum Dvd03~G48~09-2~09 - Moet (2)}
moetb024.jpg,103821,6cfee71b,\Gallery 48\09 - Moet (2)\,{Shemale Yum Dvd03~G48~09-2~09 - Moet (2)}
moetb025.jpg,113494,18e3eaa1,\Gallery 48\09 - Moet (2)\,{Shemale Yum Dvd03~G48~09-2~09 - Moet (2)}
moetb026.jpg,111919,a37b49bf,\Gallery 48\09 - Moet (2)\,{Shemale Yum Dvd03~G48~09-2~09 - Moet (2)}
moetb027.jpg,115507,f0760192,\Gallery 48\09 - Moet (2)\,{Shemale Yum Dvd03~G48~09-2~09 - Moet (2)}
moetb028.jpg,106535,6c60568b,\Gallery 48\09 - Moet (2)\,{Shemale Yum Dvd03~G48~09-2~09 - Moet (2)}
moetb029.jpg,112619,2f4183e3,\Gallery 48\09 - Moet (2)\,{Shemale Yum Dvd03~G48~09-2~09 - Moet (2)}
moetb030.jpg,92759,1f7f4c00,\Gallery 48\09 - Moet (2)\,{Shemale Yum Dvd03~G48~09-2~09 - Moet (2)}
moetb031.jpg,112669,7601bb66,\Gallery 48\09 - Moet (2)\,{Shemale Yum Dvd03~G48~09-2~09 - Moet (2)}
moetb032.jpg,88479,ad633798,\Gallery 48\09 - Moet (2)\,{Shemale Yum Dvd03~G48~09-2~09 - Moet (2)}
moetb033.jpg,103712,1f7355ee,\Gallery 48\09 - Moet (2)\,{Shemale Yum Dvd03~G48~09-2~09 - Moet (2)}
moetb034.jpg,103071,fbf37176,\Gallery 48\09 - Moet (2)\,{Shemale Yum Dvd03~G48~09-2~09 - Moet (2)}
moetb035.jpg,107541,16416561,\Gallery 48\09 - Moet (2)\,{Shemale Yum Dvd03~G48~09-2~09 - Moet (2)}
moetb036.jpg,112454,dc05aa20,\Gallery 48\09 - Moet (2)\,{Shemale Yum Dvd03~G48~09-2~09 - Moet (2)}
moetb037.jpg,107582,220a3eb2,\Gallery 48\09 - Moet (2)\,{Shemale Yum Dvd03~G48~09-2~09 - Moet (2)}
moetb038.jpg,95194,0b6777e7,\Gallery 48\09 - Moet (2)\,{Shemale Yum Dvd03~G48~09-2~09 - Moet (2)}
moetb039.jpg,104472,6d9a0dc2,\Gallery 48\09 - Moet (2)\,{Shemale Yum Dvd03~G48~09-2~09 - Moet (2)}
moetb040.jpg,95513,47ecd92e,\Gallery 48\09 - Moet (2)\,{Shemale Yum Dvd03~G48~09-2~09 - Moet (2)}
moetb041.jpg,100671,29e5fb4c,\Gallery 48\09 - Moet (2)\,{Shemale Yum Dvd03~G48~09-2~09 - Moet (2)}
moetb042.jpg,122699,0af35613,\Gallery 48\09 - Moet (2)\,{Shemale Yum Dvd03~G48~09-2~09 - Moet (2)}
moetb043.jpg,75564,cce11581,\Gallery 48\09 - Moet (2)\,{Shemale Yum Dvd03~G48~09-2~09 - Moet (2)}
moetb044.jpg,111914,1d5d8906,\Gallery 48\09 - Moet (2)\,{Shemale Yum Dvd03~G48~09-2~09 - Moet (2)}
moetb045.jpg,124905,dde71f0f,\Gallery 48\09 - Moet (2)\,{Shemale Yum Dvd03~G48~09-2~09 - Moet (2)}
moetb046.jpg,121693,a72abdf7,\Gallery 48\09 - Moet (2)\,{Shemale Yum Dvd03~G48~09-2~09 - Moet (2)}
moetb047.jpg,132579,f0c53134,\Gallery 48\09 - Moet (2)\,{Shemale Yum Dvd03~G48~09-2~09 - Moet (2)}
moetb048.jpg,100667,2ab2d28a,\Gallery 48\09 - Moet (2)\,{Shemale Yum Dvd03~G48~09-2~09 - Moet (2)}
moetb049.jpg,128309,141c50a5,\Gallery 48\09 - Moet (2)\,{Shemale Yum Dvd03~G48~09-2~09 - Moet (2)}
moetb050.jpg,126369,bb3db711,\Gallery 48\09 - Moet (2)\,{Shemale Yum Dvd03~G48~09-2~09 - Moet (2)}
moetb051.jpg,123591,7bdda6c7,\Gallery 48\09 - Moet (2)\,{Shemale Yum Dvd03~G48~09-2~09 - Moet (2)}
moetb052.jpg,101116,58b850b0,\Gallery 48\09 - Moet (2)\,{Shemale Yum Dvd03~G48~09-2~09 - Moet (2)}
moetb053.jpg,98687,180b517a,\Gallery 48\09 - Moet (2)\,{Shemale Yum Dvd03~G48~09-2~09 - Moet (2)}
moetb054.jpg,97287,46d7922e,\Gallery 48\09 - Moet (2)\,{Shemale Yum Dvd03~G48~09-2~09 - Moet (2)}
moetb055.jpg,110553,4c7d945a,\Gallery 48\09 - Moet (2)\,{Shemale Yum Dvd03~G48~09-2~09 - Moet (2)}
moetb056.jpg,97188,f0d309af,\Gallery 48\09 - Moet (2)\,{Shemale Yum Dvd03~G48~09-2~09 - Moet (2)}
moetb057.jpg,87031,7836a4cb,\Gallery 48\09 - Moet (2)\,{Shemale Yum Dvd03~G48~09-2~09 - Moet (2)}
moetb058.jpg,100112,a97dd63f,\Gallery 48\09 - Moet (2)\,{Shemale Yum Dvd03~G48~09-2~09 - Moet (2)}
moetb059.jpg,114205,3cfd6867,\Gallery 48\09 - Moet (2)\,{Shemale Yum Dvd03~G48~09-2~09 - Moet (2)}
moetb060.jpg,111347,4c2b69bb,\Gallery 48\09 - Moet (2)\,{Shemale Yum Dvd03~G48~09-2~09 - Moet (2)}
moetb061.jpg,114230,3c32e284,\Gallery 48\09 - Moet (2)\,{Shemale Yum Dvd03~G48~09-2~09 - Moet (2)}
moetb062.jpg,114652,5ea347c8,\Gallery 48\09 - Moet (2)\,{Shemale Yum Dvd03~G48~09-2~09 - Moet (2)}
monica001.jpg,122373,cefbe88a,\Gallery 48\10 - Monica\,{Shemale Yum Dvd03~G48~10~10 - Monica}
monica002.jpg,121958,c225fda4,\Gallery 48\10 - Monica\,{Shemale Yum Dvd03~G48~10~10 - Monica}
monica003.jpg,109099,3e8543ee,\Gallery 48\10 - Monica\,{Shemale Yum Dvd03~G48~10~10 - Monica}
monica004.jpg,93888,0e6c92f0,\Gallery 48\10 - Monica\,{Shemale Yum Dvd03~G48~10~10 - Monica}
monica007.jpg,113739,0ad04c29,\Gallery 48\10 - Monica\,{Shemale Yum Dvd03~G48~10~10 - Monica}
monica008.jpg,117173,865a2843,\Gallery 48\10 - Monica\,{Shemale Yum Dvd03~G48~10~10 - Monica}
monica009.jpg,110364,49dabbc4,\Gallery 48\10 - Monica\,{Shemale Yum Dvd03~G48~10~10 - Monica}
monica010.jpg,82319,29bedaac,\Gallery 48\10 - Monica\,{Shemale Yum Dvd03~G48~10~10 - Monica}
monica012.jpg,98579,8bed7154,\Gallery 48\10 - Monica\,{Shemale Yum Dvd03~G48~10~10 - Monica}
monica013.jpg,100346,fe3b57ac,\Gallery 48\10 - Monica\,{Shemale Yum Dvd03~G48~10~10 - Monica}
monica014.jpg,113892,84b082fe,\Gallery 48\10 - Monica\,{Shemale Yum Dvd03~G48~10~10 - Monica}
monica015.jpg,90171,9c44887f,\Gallery 48\10 - Monica\,{Shemale Yum Dvd03~G48~10~10 - Monica}
monica016.jpg,101572,7590b92a,\Gallery 48\10 - Monica\,{Shemale Yum Dvd03~G48~10~10 - Monica}
monica017.jpg,104965,8f72c85c,\Gallery 48\10 - Monica\,{Shemale Yum Dvd03~G48~10~10 - Monica}
monica018.jpg,99705,f4a9697b,\Gallery 48\10 - Monica\,{Shemale Yum Dvd03~G48~10~10 - Monica}
monica019.jpg,96031,6bb960a5,\Gallery 48\10 - Monica\,{Shemale Yum Dvd03~G48~10~10 - Monica}
monica020.jpg,84374,075d4884,\Gallery 48\10 - Monica\,{Shemale Yum Dvd03~G48~10~10 - Monica}
monica021.jpg,120361,2b07226b,\Gallery 48\10 - Monica\,{Shemale Yum Dvd03~G48~10~10 - Monica}
monica022.jpg,118363,8be27ed0,\Gallery 48\10 - Monica\,{Shemale Yum Dvd03~G48~10~10 - Monica}
monica023.jpg,125534,1d41a92c,\Gallery 48\10 - Monica\,{Shemale Yum Dvd03~G48~10~10 - Monica}
monica024.jpg,124454,1f181465,\Gallery 48\10 - Monica\,{Shemale Yum Dvd03~G48~10~10 - Monica}
monica025.jpg,123926,17f15adc,\Gallery 48\10 - Monica\,{Shemale Yum Dvd03~G48~10~10 - Monica}
monica026.jpg,122009,f5554e39,\Gallery 48\10 - Monica\,{Shemale Yum Dvd03~G48~10~10 - Monica}
monica027.jpg,124009,7940146c,\Gallery 48\10 - Monica\,{Shemale Yum Dvd03~G48~10~10 - Monica}
monica028.jpg,134908,03c15342,\Gallery 48\10 - Monica\,{Shemale Yum Dvd03~G48~10~10 - Monica}
monica029.jpg,136877,4e2fce0a,\Gallery 48\10 - Monica\,{Shemale Yum Dvd03~G48~10~10 - Monica}
monica030.jpg,134125,6d01b175,\Gallery 48\10 - Monica\,{Shemale Yum Dvd03~G48~10~10 - Monica}
monica031.jpg,128628,d7598851,\Gallery 48\10 - Monica\,{Shemale Yum Dvd03~G48~10~10 - Monica}
monica032.jpg,132065,2667ef53,\Gallery 48\10 - Monica\,{Shemale Yum Dvd03~G48~10~10 - Monica}
monica033.jpg,120930,d129513e,\Gallery 48\10 - Monica\,{Shemale Yum Dvd03~G48~10~10 - Monica}
monica034.jpg,117934,dd4460f2,\Gallery 48\10 - Monica\,{Shemale Yum Dvd03~G48~10~10 - Monica}
monica035.jpg,123118,d63ec176,\Gallery 48\10 - Monica\,{Shemale Yum Dvd03~G48~10~10 - Monica}
monica036.jpg,132173,3a4f0884,\Gallery 48\10 - Monica\,{Shemale Yum Dvd03~G48~10~10 - Monica}
monica037.jpg,131382,61c0311b,\Gallery 48\10 - Monica\,{Shemale Yum Dvd03~G48~10~10 - Monica}
monica038.jpg,126636,1133ab69,\Gallery 48\10 - Monica\,{Shemale Yum Dvd03~G48~10~10 - Monica}
monica039.jpg,126682,cfc80c84,\Gallery 48\10 - Monica\,{Shemale Yum Dvd03~G48~10~10 - Monica}
monica040.jpg,124495,4304fdc1,\Gallery 48\10 - Monica\,{Shemale Yum Dvd03~G48~10~10 - Monica}
monica041.jpg,132270,7577802b,\Gallery 48\10 - Monica\,{Shemale Yum Dvd03~G48~10~10 - Monica}
monica042.jpg,132928,45b2d382,\Gallery 48\10 - Monica\,{Shemale Yum Dvd03~G48~10~10 - Monica}
monica043.jpg,128848,aaf040de,\Gallery 48\10 - Monica\,{Shemale Yum Dvd03~G48~10~10 - Monica}
monica044.jpg,110752,4cca8e97,\Gallery 48\10 - Monica\,{Shemale Yum Dvd03~G48~10~10 - Monica}
monica047.jpg,132452,63ddc082,\Gallery 48\10 - Monica\,{Shemale Yum Dvd03~G48~10~10 - Monica}
monica048.jpg,135907,88b60b75,\Gallery 48\10 - Monica\,{Shemale Yum Dvd03~G48~10~10 - Monica}
monica049.jpg,138414,35a0a101,\Gallery 48\10 - Monica\,{Shemale Yum Dvd03~G48~10~10 - Monica}
monica050.jpg,137819,d04f7072,\Gallery 48\10 - Monica\,{Shemale Yum Dvd03~G48~10~10 - Monica}
monica051.jpg,133829,e4173403,\Gallery 48\10 - Monica\,{Shemale Yum Dvd03~G48~10~10 - Monica}
monica052.jpg,139147,60433234,\Gallery 48\10 - Monica\,{Shemale Yum Dvd03~G48~10~10 - Monica}
monica053.jpg,145960,fdf7ce18,\Gallery 48\10 - Monica\,{Shemale Yum Dvd03~G48~10~10 - Monica}
monica055.jpg,138806,f5d78cd6,\Gallery 48\10 - Monica\,{Shemale Yum Dvd03~G48~10~10 - Monica}
monica056.jpg,137473,e664ab4c,\Gallery 48\10 - Monica\,{Shemale Yum Dvd03~G48~10~10 - Monica}
monica057.jpg,139051,b1238014,\Gallery 48\10 - Monica\,{Shemale Yum Dvd03~G48~10~10 - Monica}
monica058.jpg,129546,accc4582,\Gallery 48\10 - Monica\,{Shemale Yum Dvd03~G48~10~10 - Monica}
monica059.jpg,136554,9cac4d51,\Gallery 48\10 - Monica\,{Shemale Yum Dvd03~G48~10~10 - Monica}
monica060.jpg,137966,da73e711,\Gallery 48\10 - Monica\,{Shemale Yum Dvd03~G48~10~10 - Monica}
monica061.jpg,140780,001ee572,\Gallery 48\10 - Monica\,{Shemale Yum Dvd03~G48~10~10 - Monica}
monica062.jpg,132722,ba2d1d11,\Gallery 48\10 - Monica\,{Shemale Yum Dvd03~G48~10~10 - Monica}
monica063.jpg,143333,71c98ff0,\Gallery 48\10 - Monica\,{Shemale Yum Dvd03~G48~10~10 - Monica}
monica064.jpg,141938,7da4eb78,\Gallery 48\10 - Monica\,{Shemale Yum Dvd03~G48~10~10 - Monica}
monica065.jpg,125885,d683c9e0,\Gallery 48\10 - Monica\,{Shemale Yum Dvd03~G48~10~10 - Monica}
monica066.jpg,128417,80c7d15e,\Gallery 48\10 - Monica\,{Shemale Yum Dvd03~G48~10~10 - Monica}
monica067.jpg,134696,c9f194dc,\Gallery 48\10 - Monica\,{Shemale Yum Dvd03~G48~10~10 - Monica}
monica068.jpg,133963,15621a04,\Gallery 48\10 - Monica\,{Shemale Yum Dvd03~G48~10~10 - Monica}
monica069.jpg,130060,2609cae9,\Gallery 48\10 - Monica\,{Shemale Yum Dvd03~G48~10~10 - Monica}
monica070.jpg,132963,d93d8210,\Gallery 48\10 - Monica\,{Shemale Yum Dvd03~G48~10~10 - Monica}
monica071.jpg,134095,e8cfea82,\Gallery 48\10 - Monica\,{Shemale Yum Dvd03~G48~10~10 - Monica}
monica072.jpg,143040,4f7c5d59,\Gallery 48\10 - Monica\,{Shemale Yum Dvd03~G48~10~10 - Monica}
monica073.jpg,132706,05f34b3b,\Gallery 48\10 - Monica\,{Shemale Yum Dvd03~G48~10~10 - Monica}
monica074.jpg,138323,932b4985,\Gallery 48\10 - Monica\,{Shemale Yum Dvd03~G48~10~10 - Monica}
monica075.jpg,140623,05b3d777,\Gallery 48\10 - Monica\,{Shemale Yum Dvd03~G48~10~10 - Monica}
monica077.jpg,134616,579dc4e0,\Gallery 48\10 - Monica\,{Shemale Yum Dvd03~G48~10~10 - Monica}
monica078.jpg,132230,80e59651,\Gallery 48\10 - Monica\,{Shemale Yum Dvd03~G48~10~10 - Monica}
monica080.jpg,130333,66c336a1,\Gallery 48\10 - Monica\,{Shemale Yum Dvd03~G48~10~10 - Monica}
monica081.jpg,141349,8e097048,\Gallery 48\10 - Monica\,{Shemale Yum Dvd03~G48~10~10 - Monica}
monica082.jpg,134177,5219eeee,\Gallery 48\10 - Monica\,{Shemale Yum Dvd03~G48~10~10 - Monica}
monica083.jpg,142738,d68022a5,\Gallery 48\10 - Monica\,{Shemale Yum Dvd03~G48~10~10 - Monica}
monica084.jpg,137282,8cf45723,\Gallery 48\10 - Monica\,{Shemale Yum Dvd03~G48~10~10 - Monica}
monica085.jpg,142284,455f10f2,\Gallery 48\10 - Monica\,{Shemale Yum Dvd03~G48~10~10 - Monica}
monica086.jpg,139412,72944cc4,\Gallery 48\10 - Monica\,{Shemale Yum Dvd03~G48~10~10 - Monica}
monica088.jpg,129383,37e148c1,\Gallery 48\10 - Monica\,{Shemale Yum Dvd03~G48~10~10 - Monica}
monica089.jpg,138614,9a46dc83,\Gallery 48\10 - Monica\,{Shemale Yum Dvd03~G48~10~10 - Monica}
monica091.jpg,118292,752cd2f1,\Gallery 48\10 - Monica\,{Shemale Yum Dvd03~G48~10~10 - Monica}
monica092.jpg,126748,e2874e67,\Gallery 48\10 - Monica\,{Shemale Yum Dvd03~G48~10~10 - Monica}
monica093.jpg,129819,690898e0,\Gallery 48\10 - Monica\,{Shemale Yum Dvd03~G48~10~10 - Monica}
monica094.jpg,133145,166cc301,\Gallery 48\10 - Monica\,{Shemale Yum Dvd03~G48~10~10 - Monica}
monica095.jpg,110328,23bd52b6,\Gallery 48\10 - Monica\,{Shemale Yum Dvd03~G48~10~10 - Monica}
monica096.jpg,130984,4e928d81,\Gallery 48\10 - Monica\,{Shemale Yum Dvd03~G48~10~10 - Monica}
monica097.jpg,111521,0a884568,\Gallery 48\10 - Monica\,{Shemale Yum Dvd03~G48~10~10 - Monica}
monica098.jpg,125990,cbfdcfd7,\Gallery 48\10 - Monica\,{Shemale Yum Dvd03~G48~10~10 - Monica}
monica099.jpg,126673,23440b1c,\Gallery 48\10 - Monica\,{Shemale Yum Dvd03~G48~10~10 - Monica}
monica102.jpg,117953,28c115d9,\Gallery 48\10 - Monica\,{Shemale Yum Dvd03~G48~10~10 - Monica}
monica103.jpg,114843,3dada5ab,\Gallery 48\10 - Monica\,{Shemale Yum Dvd03~G48~10~10 - Monica}
monica104.jpg,107907,5e6d7320,\Gallery 48\10 - Monica\,{Shemale Yum Dvd03~G48~10~10 - Monica}
monica105.jpg,95461,ad84ded9,\Gallery 48\10 - Monica\,{Shemale Yum Dvd03~G48~10~10 - Monica}
monica106.jpg,106145,3c66a4a8,\Gallery 48\10 - Monica\,{Shemale Yum Dvd03~G48~10~10 - Monica}
monica107.jpg,104856,023d01eb,\Gallery 48\10 - Monica\,{Shemale Yum Dvd03~G48~10~10 - Monica}
monica110.jpg,118550,5f063462,\Gallery 48\10 - Monica\,{Shemale Yum Dvd03~G48~10~10 - Monica}
monica111.jpg,120965,71f0ba8e,\Gallery 48\10 - Monica\,{Shemale Yum Dvd03~G48~10~10 - Monica}
claudia001.jpg,105967,d5c58d84,\Gallery 49\01 - Claudia\,{Shemale Yum Dvd03~G49~01~01 - Claudia}
claudia002.jpg,125113,c7f9edf7,\Gallery 49\01 - Claudia\,{Shemale Yum Dvd03~G49~01~01 - Claudia}
claudia003.jpg,125273,8ba90085,\Gallery 49\01 - Claudia\,{Shemale Yum Dvd03~G49~01~01 - Claudia}
claudia004.jpg,119235,0fc0ad92,\Gallery 49\01 - Claudia\,{Shemale Yum Dvd03~G49~01~01 - Claudia}
claudia005.jpg,133085,8e3eb578,\Gallery 49\01 - Claudia\,{Shemale Yum Dvd03~G49~01~01 - Claudia}
claudia006.jpg,132640,752b03b8,\Gallery 49\01 - Claudia\,{Shemale Yum Dvd03~G49~01~01 - Claudia}
claudia007.jpg,110425,0a7f0593,\Gallery 49\01 - Claudia\,{Shemale Yum Dvd03~G49~01~01 - Claudia}
claudia008.jpg,106446,c1daaed8,\Gallery 49\01 - Claudia\,{Shemale Yum Dvd03~G49~01~01 - Claudia}
claudia009.jpg,120457,ad16325a,\Gallery 49\01 - Claudia\,{Shemale Yum Dvd03~G49~01~01 - Claudia}
claudia010.jpg,116020,d3350977,\Gallery 49\01 - Claudia\,{Shemale Yum Dvd03~G49~01~01 - Claudia}
claudia011.jpg,115908,bccb2924,\Gallery 49\01 - Claudia\,{Shemale Yum Dvd03~G49~01~01 - Claudia}
claudia012.jpg,108931,0f84528a,\Gallery 49\01 - Claudia\,{Shemale Yum Dvd03~G49~01~01 - Claudia}
claudia013.jpg,108207,cc74688c,\Gallery 49\01 - Claudia\,{Shemale Yum Dvd03~G49~01~01 - Claudia}
claudia014.jpg,111103,4e65a898,\Gallery 49\01 - Claudia\,{Shemale Yum Dvd03~G49~01~01 - Claudia}
claudia015.jpg,116275,6d118bc8,\Gallery 49\01 - Claudia\,{Shemale Yum Dvd03~G49~01~01 - Claudia}
claudia016.jpg,108681,4491056d,\Gallery 49\01 - Claudia\,{Shemale Yum Dvd03~G49~01~01 - Claudia}
claudia017.jpg,104791,c4104a93,\Gallery 49\01 - Claudia\,{Shemale Yum Dvd03~G49~01~01 - Claudia}
claudia018.jpg,100021,c954593a,\Gallery 49\01 - Claudia\,{Shemale Yum Dvd03~G49~01~01 - Claudia}
claudia019.jpg,105267,04bc2887,\Gallery 49\01 - Claudia\,{Shemale Yum Dvd03~G49~01~01 - Claudia}
claudia020.jpg,112638,7d49a1c0,\Gallery 49\01 - Claudia\,{Shemale Yum Dvd03~G49~01~01 - Claudia}
claudia021.jpg,104036,a83872f9,\Gallery 49\01 - Claudia\,{Shemale Yum Dvd03~G49~01~01 - Claudia}
claudia022.jpg,89315,4c4feeff,\Gallery 49\01 - Claudia\,{Shemale Yum Dvd03~G49~01~01 - Claudia}
claudia023.jpg,96658,2eaeddfb,\Gallery 49\01 - Claudia\,{Shemale Yum Dvd03~G49~01~01 - Claudia}
claudia024.jpg,98930,25e2456f,\Gallery 49\01 - Claudia\,{Shemale Yum Dvd03~G49~01~01 - Claudia}
claudia026.jpg,119746,691b9b8e,\Gallery 49\01 - Claudia\,{Shemale Yum Dvd03~G49~01~01 - Claudia}
claudia027.jpg,105731,e6cfbf43,\Gallery 49\01 - Claudia\,{Shemale Yum Dvd03~G49~01~01 - Claudia}
claudia028.jpg,96827,c57d98e1,\Gallery 49\01 - Claudia\,{Shemale Yum Dvd03~G49~01~01 - Claudia}
claudia029.jpg,110802,4f1c4427,\Gallery 49\01 - Claudia\,{Shemale Yum Dvd03~G49~01~01 - Claudia}
claudia030.jpg,91410,f71ff83b,\Gallery 49\01 - Claudia\,{Shemale Yum Dvd03~G49~01~01 - Claudia}
claudia031.jpg,120311,a3b42503,\Gallery 49\01 - Claudia\,{Shemale Yum Dvd03~G49~01~01 - Claudia}
claudia032.jpg,131432,19ac5bb0,\Gallery 49\01 - Claudia\,{Shemale Yum Dvd03~G49~01~01 - Claudia}
claudia033.jpg,137873,25b79a7a,\Gallery 49\01 - Claudia\,{Shemale Yum Dvd03~G49~01~01 - Claudia}
claudia034.jpg,129229,d6e92e45,\Gallery 49\01 - Claudia\,{Shemale Yum Dvd03~G49~01~01 - Claudia}
claudia035.jpg,132691,1117a238,\Gallery 49\01 - Claudia\,{Shemale Yum Dvd03~G49~01~01 - Claudia}
claudia036.jpg,134530,7909cd81,\Gallery 49\01 - Claudia\,{Shemale Yum Dvd03~G49~01~01 - Claudia}
claudia037.jpg,110985,8446a385,\Gallery 49\01 - Claudia\,{Shemale Yum Dvd03~G49~01~01 - Claudia}
claudia038.jpg,101511,0cbda939,\Gallery 49\01 - Claudia\,{Shemale Yum Dvd03~G49~01~01 - Claudia}
claudia039.jpg,116391,5c81016e,\Gallery 49\01 - Claudia\,{Shemale Yum Dvd03~G49~01~01 - Claudia}
claudia040.jpg,103074,724c6504,\Gallery 49\01 - Claudia\,{Shemale Yum Dvd03~G49~01~01 - Claudia}
claudia041.jpg,135819,738c048d,\Gallery 49\01 - Claudia\,{Shemale Yum Dvd03~G49~01~01 - Claudia}
claudia042.jpg,117265,d0630c77,\Gallery 49\01 - Claudia\,{Shemale Yum Dvd03~G49~01~01 - Claudia}
claudia043.jpg,119010,314c63b0,\Gallery 49\01 - Claudia\,{Shemale Yum Dvd03~G49~01~01 - Claudia}
claudia044.jpg,96508,5483738d,\Gallery 49\01 - Claudia\,{Shemale Yum Dvd03~G49~01~01 - Claudia}
claudia045.jpg,124335,8bd86cc1,\Gallery 49\01 - Claudia\,{Shemale Yum Dvd03~G49~01~01 - Claudia}
claudia046.jpg,117197,6dc02e69,\Gallery 49\01 - Claudia\,{Shemale Yum Dvd03~G49~01~01 - Claudia}
claudia047.jpg,112307,9e74b4b0,\Gallery 49\01 - Claudia\,{Shemale Yum Dvd03~G49~01~01 - Claudia}
claudia048.jpg,100077,53179643,\Gallery 49\01 - Claudia\,{Shemale Yum Dvd03~G49~01~01 - Claudia}
claudia049.jpg,115616,846b2edd,\Gallery 49\01 - Claudia\,{Shemale Yum Dvd03~G49~01~01 - Claudia}
claudia050.jpg,129953,34edbf92,\Gallery 49\01 - Claudia\,{Shemale Yum Dvd03~G49~01~01 - Claudia}
claudia051.jpg,101503,4e718ace,\Gallery 49\01 - Claudia\,{Shemale Yum Dvd03~G49~01~01 - Claudia}
claudia052.jpg,94480,81218246,\Gallery 49\01 - Claudia\,{Shemale Yum Dvd03~G49~01~01 - Claudia}
claudia053.jpg,115840,50e547b3,\Gallery 49\01 - Claudia\,{Shemale Yum Dvd03~G49~01~01 - Claudia}
claudia055.jpg,93126,55eba532,\Gallery 49\01 - Claudia\,{Shemale Yum Dvd03~G49~01~01 - Claudia}
claudia056.jpg,112912,a3b5fe6f,\Gallery 49\01 - Claudia\,{Shemale Yum Dvd03~G49~01~01 - Claudia}
claudia057.jpg,111027,680c4537,\Gallery 49\01 - Claudia\,{Shemale Yum Dvd03~G49~01~01 - Claudia}
claudia058.jpg,104577,6f44c7cc,\Gallery 49\01 - Claudia\,{Shemale Yum Dvd03~G49~01~01 - Claudia}
claudia059.jpg,110776,fcace0aa,\Gallery 49\01 - Claudia\,{Shemale Yum Dvd03~G49~01~01 - Claudia}
claudia061.jpg,128213,7b3d10cc,\Gallery 49\01 - Claudia\,{Shemale Yum Dvd03~G49~01~01 - Claudia}
claudia062.jpg,136357,25492e9d,\Gallery 49\01 - Claudia\,{Shemale Yum Dvd03~G49~01~01 - Claudia}
claudia063.jpg,134606,032dfe45,\Gallery 49\01 - Claudia\,{Shemale Yum Dvd03~G49~01~01 - Claudia}
claudia064.jpg,142252,a9f39172,\Gallery 49\01 - Claudia\,{Shemale Yum Dvd03~G49~01~01 - Claudia}
claudia065.jpg,124753,973706a2,\Gallery 49\01 - Claudia\,{Shemale Yum Dvd03~G49~01~01 - Claudia}
claudia066.jpg,127063,c2aba1e9,\Gallery 49\01 - Claudia\,{Shemale Yum Dvd03~G49~01~01 - Claudia}
claudia067.jpg,130070,8b1bf3bd,\Gallery 49\01 - Claudia\,{Shemale Yum Dvd03~G49~01~01 - Claudia}
claudia068.jpg,121944,e0cc4afd,\Gallery 49\01 - Claudia\,{Shemale Yum Dvd03~G49~01~01 - Claudia}
claudia069.jpg,130145,c11c750d,\Gallery 49\01 - Claudia\,{Shemale Yum Dvd03~G49~01~01 - Claudia}
claudia070.jpg,144876,d8ded2b0,\Gallery 49\01 - Claudia\,{Shemale Yum Dvd03~G49~01~01 - Claudia}
claudia071.jpg,115856,f6ada99f,\Gallery 49\01 - Claudia\,{Shemale Yum Dvd03~G49~01~01 - Claudia}
claudia072.jpg,124993,44e3aca6,\Gallery 49\01 - Claudia\,{Shemale Yum Dvd03~G49~01~01 - Claudia}
claudia073.jpg,113842,f3cd438c,\Gallery 49\01 - Claudia\,{Shemale Yum Dvd03~G49~01~01 - Claudia}
claudia074.jpg,122812,6b55225f,\Gallery 49\01 - Claudia\,{Shemale Yum Dvd03~G49~01~01 - Claudia}
claudia075.jpg,123800,3f977345,\Gallery 49\01 - Claudia\,{Shemale Yum Dvd03~G49~01~01 - Claudia}
claudia076.jpg,117001,daf47c3b,\Gallery 49\01 - Claudia\,{Shemale Yum Dvd03~G49~01~01 - Claudia}
claudia077.jpg,114519,25ae9f5f,\Gallery 49\01 - Claudia\,{Shemale Yum Dvd03~G49~01~01 - Claudia}
claudia078.jpg,117098,1333bd99,\Gallery 49\01 - Claudia\,{Shemale Yum Dvd03~G49~01~01 - Claudia}
claudia079.jpg,116739,fbf27fe3,\Gallery 49\01 - Claudia\,{Shemale Yum Dvd03~G49~01~01 - Claudia}
claudia080.jpg,120282,d7328034,\Gallery 49\01 - Claudia\,{Shemale Yum Dvd03~G49~01~01 - Claudia}
claudia081.jpg,126063,e7fd7578,\Gallery 49\01 - Claudia\,{Shemale Yum Dvd03~G49~01~01 - Claudia}
claudia082.jpg,103405,9bbb1e19,\Gallery 49\01 - Claudia\,{Shemale Yum Dvd03~G49~01~01 - Claudia}
claudia083.jpg,110031,b1f90be6,\Gallery 49\01 - Claudia\,{Shemale Yum Dvd03~G49~01~01 - Claudia}
claudia084.jpg,113294,0577c4d8,\Gallery 49\01 - Claudia\,{Shemale Yum Dvd03~G49~01~01 - Claudia}
claudia085.jpg,113315,9ceca8f6,\Gallery 49\01 - Claudia\,{Shemale Yum Dvd03~G49~01~01 - Claudia}
claudia086.jpg,116254,a1f189dd,\Gallery 49\01 - Claudia\,{Shemale Yum Dvd03~G49~01~01 - Claudia}
claudia087.jpg,137611,a5cd0346,\Gallery 49\01 - Claudia\,{Shemale Yum Dvd03~G49~01~01 - Claudia}
claudia088.jpg,112676,fc9c59ac,\Gallery 49\01 - Claudia\,{Shemale Yum Dvd03~G49~01~01 - Claudia}
claudia089.jpg,107260,95627fb6,\Gallery 49\01 - Claudia\,{Shemale Yum Dvd03~G49~01~01 - Claudia}
claudia090.jpg,84873,4232929d,\Gallery 49\01 - Claudia\,{Shemale Yum Dvd03~G49~01~01 - Claudia}
claudia091.jpg,125261,afbc57ab,\Gallery 49\01 - Claudia\,{Shemale Yum Dvd03~G49~01~01 - Claudia}
claudia092.jpg,110471,df3c5209,\Gallery 49\01 - Claudia\,{Shemale Yum Dvd03~G49~01~01 - Claudia}
claudia093.jpg,108067,4f00d4e7,\Gallery 49\01 - Claudia\,{Shemale Yum Dvd03~G49~01~01 - Claudia}
claudia094.jpg,126173,025a6c29,\Gallery 49\01 - Claudia\,{Shemale Yum Dvd03~G49~01~01 - Claudia}
claudia095.jpg,139981,cb1127bd,\Gallery 49\01 - Claudia\,{Shemale Yum Dvd03~G49~01~01 - Claudia}
claudia096.jpg,91736,62345fe8,\Gallery 49\01 - Claudia\,{Shemale Yum Dvd03~G49~01~01 - Claudia}
claudia097.jpg,126623,b6caaa67,\Gallery 49\01 - Claudia\,{Shemale Yum Dvd03~G49~01~01 - Claudia}
claudia098.jpg,140008,c74000ae,\Gallery 49\01 - Claudia\,{Shemale Yum Dvd03~G49~01~01 - Claudia}
claudia099.jpg,119966,ff927f70,\Gallery 49\01 - Claudia\,{Shemale Yum Dvd03~G49~01~01 - Claudia}
claudia101.jpg,148971,04f9296a,\Gallery 49\01 - Claudia\,{Shemale Yum Dvd03~G49~01~01 - Claudia}
claudia102.jpg,119752,da224ac6,\Gallery 49\01 - Claudia\,{Shemale Yum Dvd03~G49~01~01 - Claudia}
claudia103.jpg,104276,58c7e727,\Gallery 49\01 - Claudia\,{Shemale Yum Dvd03~G49~01~01 - Claudia}
claudia104.jpg,103307,4932f2ad,\Gallery 49\01 - Claudia\,{Shemale Yum Dvd03~G49~01~01 - Claudia}
claudia105.jpg,138605,c043ebc9,\Gallery 49\01 - Claudia\,{Shemale Yum Dvd03~G49~01~01 - Claudia}
claudia106.jpg,146690,6e09f929,\Gallery 49\01 - Claudia\,{Shemale Yum Dvd03~G49~01~01 - Claudia}
claudia107.jpg,133226,ecf27e54,\Gallery 49\01 - Claudia\,{Shemale Yum Dvd03~G49~01~01 - Claudia}
claudia108.jpg,146483,049be407,\Gallery 49\01 - Claudia\,{Shemale Yum Dvd03~G49~01~01 - Claudia}
claudia109.jpg,140146,5560a9b6,\Gallery 49\01 - Claudia\,{Shemale Yum Dvd03~G49~01~01 - Claudia}
claudiab001.jpg,121163,32e7ab97,\Gallery 49\01 - Claudia (2)\,{Shemale Yum Dvd03~G49~01-2~01 - Claudia (2)}
claudiab002.jpg,160040,3e383fb2,\Gallery 49\01 - Claudia (2)\,{Shemale Yum Dvd03~G49~01-2~01 - Claudia (2)}
claudiab003.jpg,168193,43c07bbe,\Gallery 49\01 - Claudia (2)\,{Shemale Yum Dvd03~G49~01-2~01 - Claudia (2)}
claudiab004.jpg,151655,99e19e22,\Gallery 49\01 - Claudia (2)\,{Shemale Yum Dvd03~G49~01-2~01 - Claudia (2)}
claudiab005.jpg,159537,c76bf330,\Gallery 49\01 - Claudia (2)\,{Shemale Yum Dvd03~G49~01-2~01 - Claudia (2)}
claudiab006.jpg,148080,0d2caa63,\Gallery 49\01 - Claudia (2)\,{Shemale Yum Dvd03~G49~01-2~01 - Claudia (2)}
claudiab007.jpg,152465,82488701,\Gallery 49\01 - Claudia (2)\,{Shemale Yum Dvd03~G49~01-2~01 - Claudia (2)}
claudiab008.jpg,123675,5ce8872c,\Gallery 49\01 - Claudia (2)\,{Shemale Yum Dvd03~G49~01-2~01 - Claudia (2)}
claudiab009.jpg,125452,7c205bb8,\Gallery 49\01 - Claudia (2)\,{Shemale Yum Dvd03~G49~01-2~01 - Claudia (2)}
claudiab010.jpg,145593,762054f8,\Gallery 49\01 - Claudia (2)\,{Shemale Yum Dvd03~G49~01-2~01 - Claudia (2)}
claudiab011.jpg,130396,38bf628f,\Gallery 49\01 - Claudia (2)\,{Shemale Yum Dvd03~G49~01-2~01 - Claudia (2)}
claudiab012.jpg,145669,b139e88b,\Gallery 49\01 - Claudia (2)\,{Shemale Yum Dvd03~G49~01-2~01 - Claudia (2)}
claudiab013.jpg,140565,5f1aece3,\Gallery 49\01 - Claudia (2)\,{Shemale Yum Dvd03~G49~01-2~01 - Claudia (2)}
claudiab014.jpg,141218,d92564bd,\Gallery 49\01 - Claudia (2)\,{Shemale Yum Dvd03~G49~01-2~01 - Claudia (2)}
claudiab015.jpg,130588,0a1b64ed,\Gallery 49\01 - Claudia (2)\,{Shemale Yum Dvd03~G49~01-2~01 - Claudia (2)}
claudiab016.jpg,122131,cc1609a9,\Gallery 49\01 - Claudia (2)\,{Shemale Yum Dvd03~G49~01-2~01 - Claudia (2)}
claudiab017.jpg,111528,c007f9ae,\Gallery 49\01 - Claudia (2)\,{Shemale Yum Dvd03~G49~01-2~01 - Claudia (2)}
claudiab018.jpg,117638,83f4e802,\Gallery 49\01 - Claudia (2)\,{Shemale Yum Dvd03~G49~01-2~01 - Claudia (2)}
claudiab019.jpg,114135,8eb0fcb8,\Gallery 49\01 - Claudia (2)\,{Shemale Yum Dvd03~G49~01-2~01 - Claudia (2)}
claudiab020.jpg,121910,1e16b941,\Gallery 49\01 - Claudia (2)\,{Shemale Yum Dvd03~G49~01-2~01 - Claudia (2)}
claudiab021.jpg,107380,444969ec,\Gallery 49\01 - Claudia (2)\,{Shemale Yum Dvd03~G49~01-2~01 - Claudia (2)}
claudiab022.jpg,106281,ca7ae1f2,\Gallery 49\01 - Claudia (2)\,{Shemale Yum Dvd03~G49~01-2~01 - Claudia (2)}
claudiab023.jpg,108495,ace62ad6,\Gallery 49\01 - Claudia (2)\,{Shemale Yum Dvd03~G49~01-2~01 - Claudia (2)}
claudiab024.jpg,105175,7df48939,\Gallery 49\01 - Claudia (2)\,{Shemale Yum Dvd03~G49~01-2~01 - Claudia (2)}
claudiab025.jpg,107484,07ff5745,\Gallery 49\01 - Claudia (2)\,{Shemale Yum Dvd03~G49~01-2~01 - Claudia (2)}
claudiab026.jpg,113121,8bbfba94,\Gallery 49\01 - Claudia (2)\,{Shemale Yum Dvd03~G49~01-2~01 - Claudia (2)}
claudiab027.jpg,117089,f49bd641,\Gallery 49\01 - Claudia (2)\,{Shemale Yum Dvd03~G49~01-2~01 - Claudia (2)}
claudiab028.jpg,115803,25bc5452,\Gallery 49\01 - Claudia (2)\,{Shemale Yum Dvd03~G49~01-2~01 - Claudia (2)}
claudiab029.jpg,103253,11b94c77,\Gallery 49\01 - Claudia (2)\,{Shemale Yum Dvd03~G49~01-2~01 - Claudia (2)}
claudiab030.jpg,102211,fe4faa82,\Gallery 49\01 - Claudia (2)\,{Shemale Yum Dvd03~G49~01-2~01 - Claudia (2)}
claudiab031.jpg,101313,938b71af,\Gallery 49\01 - Claudia (2)\,{Shemale Yum Dvd03~G49~01-2~01 - Claudia (2)}
claudiab032.jpg,93722,b3e36e1c,\Gallery 49\01 - Claudia (2)\,{Shemale Yum Dvd03~G49~01-2~01 - Claudia (2)}
claudiab033.jpg,97204,907c05d8,\Gallery 49\01 - Claudia (2)\,{Shemale Yum Dvd03~G49~01-2~01 - Claudia (2)}
claudiab034.jpg,102858,07a20598,\Gallery 49\01 - Claudia (2)\,{Shemale Yum Dvd03~G49~01-2~01 - Claudia (2)}
claudiab035.jpg,117542,adc426dc,\Gallery 49\01 - Claudia (2)\,{Shemale Yum Dvd03~G49~01-2~01 - Claudia (2)}
claudiab036.jpg,114157,4a9b2047,\Gallery 49\01 - Claudia (2)\,{Shemale Yum Dvd03~G49~01-2~01 - Claudia (2)}
claudiab037.jpg,112661,ebebf8fb,\Gallery 49\01 - Claudia (2)\,{Shemale Yum Dvd03~G49~01-2~01 - Claudia (2)}
claudiab038.jpg,109034,bf35c1a1,\Gallery 49\01 - Claudia (2)\,{Shemale Yum Dvd03~G49~01-2~01 - Claudia (2)}
claudiab039.jpg,103593,b8400349,\Gallery 49\01 - Claudia (2)\,{Shemale Yum Dvd03~G49~01-2~01 - Claudia (2)}
claudiab040.jpg,109884,d332b576,\Gallery 49\01 - Claudia (2)\,{Shemale Yum Dvd03~G49~01-2~01 - Claudia (2)}
claudiab041.jpg,109354,bcd42176,\Gallery 49\01 - Claudia (2)\,{Shemale Yum Dvd03~G49~01-2~01 - Claudia (2)}
claudiab042.jpg,110810,2e7cfec0,\Gallery 49\01 - Claudia (2)\,{Shemale Yum Dvd03~G49~01-2~01 - Claudia (2)}
claudiab043.jpg,109017,9dbf05c0,\Gallery 49\01 - Claudia (2)\,{Shemale Yum Dvd03~G49~01-2~01 - Claudia (2)}
claudiab044.jpg,107059,c1131be3,\Gallery 49\01 - Claudia (2)\,{Shemale Yum Dvd03~G49~01-2~01 - Claudia (2)}
claudiab045.jpg,119390,3d3c3163,\Gallery 49\01 - Claudia (2)\,{Shemale Yum Dvd03~G49~01-2~01 - Claudia (2)}
claudiab046.jpg,114038,5a537ca1,\Gallery 49\01 - Claudia (2)\,{Shemale Yum Dvd03~G49~01-2~01 - Claudia (2)}
claudiab047.jpg,102420,aad87295,\Gallery 49\01 - Claudia (2)\,{Shemale Yum Dvd03~G49~01-2~01 - Claudia (2)}
claudiab048.jpg,95713,a65d6631,\Gallery 49\01 - Claudia (2)\,{Shemale Yum Dvd03~G49~01-2~01 - Claudia (2)}
claudiab049.jpg,97028,cae77c39,\Gallery 49\01 - Claudia (2)\,{Shemale Yum Dvd03~G49~01-2~01 - Claudia (2)}
claudiab050.jpg,96365,3336e67f,\Gallery 49\01 - Claudia (2)\,{Shemale Yum Dvd03~G49~01-2~01 - Claudia (2)}
claudiab051.jpg,95207,647f7d43,\Gallery 49\01 - Claudia (2)\,{Shemale Yum Dvd03~G49~01-2~01 - Claudia (2)}
claudiab052.jpg,103173,d6b7423b,\Gallery 49\01 - Claudia (2)\,{Shemale Yum Dvd03~G49~01-2~01 - Claudia (2)}
claudiab053.jpg,105258,71cb8113,\Gallery 49\01 - Claudia (2)\,{Shemale Yum Dvd03~G49~01-2~01 - Claudia (2)}
claudiab054.jpg,108382,3739a41f,\Gallery 49\01 - Claudia (2)\,{Shemale Yum Dvd03~G49~01-2~01 - Claudia (2)}
claudiab055.jpg,110112,d637c49f,\Gallery 49\01 - Claudia (2)\,{Shemale Yum Dvd03~G49~01-2~01 - Claudia (2)}
claudiab056.jpg,116902,ccc7475c,\Gallery 49\01 - Claudia (2)\,{Shemale Yum Dvd03~G49~01-2~01 - Claudia (2)}
claudiab057.jpg,125195,3c6d0482,\Gallery 49\01 - Claudia (2)\,{Shemale Yum Dvd03~G49~01-2~01 - Claudia (2)}
duda001.jpg,138054,2fa8ccd4,\Gallery 49\02 - Duda\,{Shemale Yum Dvd03~G49~02~02 - Duda}
duda002.jpg,127246,66f7737d,\Gallery 49\02 - Duda\,{Shemale Yum Dvd03~G49~02~02 - Duda}
duda003.jpg,149793,d955a9b8,\Gallery 49\02 - Duda\,{Shemale Yum Dvd03~G49~02~02 - Duda}
duda004.jpg,128933,7f7eec69,\Gallery 49\02 - Duda\,{Shemale Yum Dvd03~G49~02~02 - Duda}
duda005.jpg,114723,add5159b,\Gallery 49\02 - Duda\,{Shemale Yum Dvd03~G49~02~02 - Duda}
duda006.jpg,117962,a4587dac,\Gallery 49\02 - Duda\,{Shemale Yum Dvd03~G49~02~02 - Duda}
duda007.jpg,129686,34300f37,\Gallery 49\02 - Duda\,{Shemale Yum Dvd03~G49~02~02 - Duda}
duda008.jpg,124475,0d6ed107,\Gallery 49\02 - Duda\,{Shemale Yum Dvd03~G49~02~02 - Duda}
duda012.jpg,120573,8059c83e,\Gallery 49\02 - Duda\,{Shemale Yum Dvd03~G49~02~02 - Duda}
duda013.jpg,138094,2220477a,\Gallery 49\02 - Duda\,{Shemale Yum Dvd03~G49~02~02 - Duda}
duda014.jpg,118286,f9f16dc9,\Gallery 49\02 - Duda\,{Shemale Yum Dvd03~G49~02~02 - Duda}
duda015.jpg,109891,a17988d3,\Gallery 49\02 - Duda\,{Shemale Yum Dvd03~G49~02~02 - Duda}
duda016.jpg,107696,077c3227,\Gallery 49\02 - Duda\,{Shemale Yum Dvd03~G49~02~02 - Duda}
duda017.jpg,118849,de93eabc,\Gallery 49\02 - Duda\,{Shemale Yum Dvd03~G49~02~02 - Duda}
duda018.jpg,114268,2100be05,\Gallery 49\02 - Duda\,{Shemale Yum Dvd03~G49~02~02 - Duda}
duda019.jpg,119639,967949ea,\Gallery 49\02 - Duda\,{Shemale Yum Dvd03~G49~02~02 - Duda}
duda020.jpg,138170,fb9593a4,\Gallery 49\02 - Duda\,{Shemale Yum Dvd03~G49~02~02 - Duda}
duda022.jpg,106425,739b15e9,\Gallery 49\02 - Duda\,{Shemale Yum Dvd03~G49~02~02 - Duda}
duda023.jpg,129210,df006144,\Gallery 49\02 - Duda\,{Shemale Yum Dvd03~G49~02~02 - Duda}
duda024.jpg,134251,471d2409,\Gallery 49\02 - Duda\,{Shemale Yum Dvd03~G49~02~02 - Duda}
duda025.jpg,77316,f5feba7b,\Gallery 49\02 - Duda\,{Shemale Yum Dvd03~G49~02~02 - Duda}
duda026.jpg,126440,0091bd1f,\Gallery 49\02 - Duda\,{Shemale Yum Dvd03~G49~02~02 - Duda}
duda028.jpg,108788,5395e52b,\Gallery 49\02 - Duda\,{Shemale Yum Dvd03~G49~02~02 - Duda}
duda029.jpg,109889,5a392083,\Gallery 49\02 - Duda\,{Shemale Yum Dvd03~G49~02~02 - Duda}
duda031.jpg,133334,dd2e1965,\Gallery 49\02 - Duda\,{Shemale Yum Dvd03~G49~02~02 - Duda}
duda032.jpg,129512,b8f982a1,\Gallery 49\02 - Duda\,{Shemale Yum Dvd03~G49~02~02 - Duda}
duda033.jpg,134814,327226bf,\Gallery 49\02 - Duda\,{Shemale Yum Dvd03~G49~02~02 - Duda}
duda034.jpg,120746,56cc6e03,\Gallery 49\02 - Duda\,{Shemale Yum Dvd03~G49~02~02 - Duda}
duda035.jpg,106578,5f95c43f,\Gallery 49\02 - Duda\,{Shemale Yum Dvd03~G49~02~02 - Duda}
duda036.jpg,111601,2a730fd0,\Gallery 49\02 - Duda\,{Shemale Yum Dvd03~G49~02~02 - Duda}
duda037.jpg,133146,8a0754d5,\Gallery 49\02 - Duda\,{Shemale Yum Dvd03~G49~02~02 - Duda}
duda038.jpg,131049,0836ab67,\Gallery 49\02 - Duda\,{Shemale Yum Dvd03~G49~02~02 - Duda}
duda039.jpg,118250,759a4ded,\Gallery 49\02 - Duda\,{Shemale Yum Dvd03~G49~02~02 - Duda}
duda040.jpg,105333,83ea9174,\Gallery 49\02 - Duda\,{Shemale Yum Dvd03~G49~02~02 - Duda}
duda041.jpg,100970,35733096,\Gallery 49\02 - Duda\,{Shemale Yum Dvd03~G49~02~02 - Duda}
duda042.jpg,103996,4be32c49,\Gallery 49\02 - Duda\,{Shemale Yum Dvd03~G49~02~02 - Duda}
duda043.jpg,103608,a58905fc,\Gallery 49\02 - Duda\,{Shemale Yum Dvd03~G49~02~02 - Duda}
duda044.jpg,104567,df4dc6c0,\Gallery 49\02 - Duda\,{Shemale Yum Dvd03~G49~02~02 - Duda}
duda045.jpg,91671,5b5206c4,\Gallery 49\02 - Duda\,{Shemale Yum Dvd03~G49~02~02 - Duda}
duda046.jpg,119093,e9bd2ee6,\Gallery 49\02 - Duda\,{Shemale Yum Dvd03~G49~02~02 - Duda}
duda047.jpg,125757,bf5991fa,\Gallery 49\02 - Duda\,{Shemale Yum Dvd03~G49~02~02 - Duda}
duda048.jpg,134172,edc8e51e,\Gallery 49\02 - Duda\,{Shemale Yum Dvd03~G49~02~02 - Duda}
duda049.jpg,147706,3fa46e51,\Gallery 49\02 - Duda\,{Shemale Yum Dvd03~G49~02~02 - Duda}
duda050.jpg,125927,2b4f883f,\Gallery 49\02 - Duda\,{Shemale Yum Dvd03~G49~02~02 - Duda}
duda051.jpg,111264,56b6c9cf,\Gallery 49\02 - Duda\,{Shemale Yum Dvd03~G49~02~02 - Duda}
duda052.jpg,99980,a762d702,\Gallery 49\02 - Duda\,{Shemale Yum Dvd03~G49~02~02 - Duda}
duda053.jpg,115224,1c63a126,\Gallery 49\02 - Duda\,{Shemale Yum Dvd03~G49~02~02 - Duda}
duda054.jpg,143661,ec4421f1,\Gallery 49\02 - Duda\,{Shemale Yum Dvd03~G49~02~02 - Duda}
duda055.jpg,120691,c0d22b6c,\Gallery 49\02 - Duda\,{Shemale Yum Dvd03~G49~02~02 - Duda}
duda056.jpg,111445,be45210b,\Gallery 49\02 - Duda\,{Shemale Yum Dvd03~G49~02~02 - Duda}
duda057.jpg,109875,a9e95116,\Gallery 49\02 - Duda\,{Shemale Yum Dvd03~G49~02~02 - Duda}
duda058.jpg,107473,34bcdde0,\Gallery 49\02 - Duda\,{Shemale Yum Dvd03~G49~02~02 - Duda}
duda059.jpg,110614,d1b6a305,\Gallery 49\02 - Duda\,{Shemale Yum Dvd03~G49~02~02 - Duda}
duda060.jpg,120459,c2b75182,\Gallery 49\02 - Duda\,{Shemale Yum Dvd03~G49~02~02 - Duda}
duda061.jpg,111872,971c3c19,\Gallery 49\02 - Duda\,{Shemale Yum Dvd03~G49~02~02 - Duda}
duda062.jpg,112585,99409b8f,\Gallery 49\02 - Duda\,{Shemale Yum Dvd03~G49~02~02 - Duda}
duda063.jpg,140579,4c1c3388,\Gallery 49\02 - Duda\,{Shemale Yum Dvd03~G49~02~02 - Duda}
duda064.jpg,145331,77895c3c,\Gallery 49\02 - Duda\,{Shemale Yum Dvd03~G49~02~02 - Duda}
duda065.jpg,131510,e1cb1937,\Gallery 49\02 - Duda\,{Shemale Yum Dvd03~G49~02~02 - Duda}
duda066.jpg,116435,64105774,\Gallery 49\02 - Duda\,{Shemale Yum Dvd03~G49~02~02 - Duda}
duda067.jpg,125912,8a3be92c,\Gallery 49\02 - Duda\,{Shemale Yum Dvd03~G49~02~02 - Duda}
duda068.jpg,143848,61a8c114,\Gallery 49\02 - Duda\,{Shemale Yum Dvd03~G49~02~02 - Duda}
duda069.jpg,156884,4c7ca1fc,\Gallery 49\02 - Duda\,{Shemale Yum Dvd03~G49~02~02 - Duda}
duda070.jpg,152081,bf2c2ab3,\Gallery 49\02 - Duda\,{Shemale Yum Dvd03~G49~02~02 - Duda}
duda071.jpg,154766,9da88666,\Gallery 49\02 - Duda\,{Shemale Yum Dvd03~G49~02~02 - Duda}
duda072.jpg,91172,417ab16b,\Gallery 49\02 - Duda\,{Shemale Yum Dvd03~G49~02~02 - Duda}
duda073.jpg,89281,a2a0099c,\Gallery 49\02 - Duda\,{Shemale Yum Dvd03~G49~02~02 - Duda}
duda074.jpg,96560,8804e9ae,\Gallery 49\02 - Duda\,{Shemale Yum Dvd03~G49~02~02 - Duda}
duda075.jpg,89477,094ed61f,\Gallery 49\02 - Duda\,{Shemale Yum Dvd03~G49~02~02 - Duda}
duda076.jpg,86465,bb740f55,\Gallery 49\02 - Duda\,{Shemale Yum Dvd03~G49~02~02 - Duda}
duda077.jpg,103338,97a1be3f,\Gallery 49\02 - Duda\,{Shemale Yum Dvd03~G49~02~02 - Duda}
duda078.jpg,96547,52ced26d,\Gallery 49\02 - Duda\,{Shemale Yum Dvd03~G49~02~02 - Duda}
duda079.jpg,160700,f025baf6,\Gallery 49\02 - Duda\,{Shemale Yum Dvd03~G49~02~02 - Duda}
duda080.jpg,108569,62735039,\Gallery 49\02 - Duda\,{Shemale Yum Dvd03~G49~02~02 - Duda}
duda081.jpg,115242,d4914e12,\Gallery 49\02 - Duda\,{Shemale Yum Dvd03~G49~02~02 - Duda}
duda082.jpg,130973,14906aac,\Gallery 49\02 - Duda\,{Shemale Yum Dvd03~G49~02~02 - Duda}
duda083.jpg,126531,8c60afc1,\Gallery 49\02 - Duda\,{Shemale Yum Dvd03~G49~02~02 - Duda}
duda084.jpg,141881,55ddbe71,\Gallery 49\02 - Duda\,{Shemale Yum Dvd03~G49~02~02 - Duda}
duda086.jpg,121124,e8801d92,\Gallery 49\02 - Duda\,{Shemale Yum Dvd03~G49~02~02 - Duda}
duda087.jpg,116537,b719b7a7,\Gallery 49\02 - Duda\,{Shemale Yum Dvd03~G49~02~02 - Duda}
duda091.jpg,125031,d7b40de0,\Gallery 49\02 - Duda\,{Shemale Yum Dvd03~G49~02~02 - Duda}
duda092.jpg,124602,a6482637,\Gallery 49\02 - Duda\,{Shemale Yum Dvd03~G49~02~02 - Duda}
duda093.jpg,124141,59d032c8,\Gallery 49\02 - Duda\,{Shemale Yum Dvd03~G49~02~02 - Duda}
duda094.jpg,126294,2f967309,\Gallery 49\02 - Duda\,{Shemale Yum Dvd03~G49~02~02 - Duda}
duda095.jpg,121646,cb4856b8,\Gallery 49\02 - Duda\,{Shemale Yum Dvd03~G49~02~02 - Duda}
duda096.jpg,123453,aa03804f,\Gallery 49\02 - Duda\,{Shemale Yum Dvd03~G49~02~02 - Duda}
duda097.jpg,122073,76862dbb,\Gallery 49\02 - Duda\,{Shemale Yum Dvd03~G49~02~02 - Duda}
duda098.jpg,119818,5d5632e5,\Gallery 49\02 - Duda\,{Shemale Yum Dvd03~G49~02~02 - Duda}
duda099.jpg,114916,b774d8c8,\Gallery 49\02 - Duda\,{Shemale Yum Dvd03~G49~02~02 - Duda}
duda100.jpg,122778,25bbd738,\Gallery 49\02 - Duda\,{Shemale Yum Dvd03~G49~02~02 - Duda}
duda101.jpg,102281,990bb2cc,\Gallery 49\02 - Duda\,{Shemale Yum Dvd03~G49~02~02 - Duda}
duda102.jpg,95898,ddca55e6,\Gallery 49\02 - Duda\,{Shemale Yum Dvd03~G49~02~02 - Duda}
duda103.jpg,115662,5525a425,\Gallery 49\02 - Duda\,{Shemale Yum Dvd03~G49~02~02 - Duda}
duda104.jpg,110043,ddc44a62,\Gallery 49\02 - Duda\,{Shemale Yum Dvd03~G49~02~02 - Duda}
duda105.jpg,149697,f523eafa,\Gallery 49\02 - Duda\,{Shemale Yum Dvd03~G49~02~02 - Duda}
duda106.jpg,137051,fb6420a3,\Gallery 49\02 - Duda\,{Shemale Yum Dvd03~G49~02~02 - Duda}
duda107.jpg,142747,cbe84bb4,\Gallery 49\02 - Duda\,{Shemale Yum Dvd03~G49~02~02 - Duda}
duda110.jpg,98404,dc454434,\Gallery 49\02 - Duda\,{Shemale Yum Dvd03~G49~02~02 - Duda}
duda111.jpg,102882,93ee67ec,\Gallery 49\02 - Duda\,{Shemale Yum Dvd03~G49~02~02 - Duda}
duda114.jpg,110003,96d4ba8b,\Gallery 49\02 - Duda\,{Shemale Yum Dvd03~G49~02~02 - Duda}
duda115.jpg,109251,30340e75,\Gallery 49\02 - Duda\,{Shemale Yum Dvd03~G49~02~02 - Duda}
duda116.jpg,126645,eb2e875e,\Gallery 49\02 - Duda\,{Shemale Yum Dvd03~G49~02~02 - Duda}
duda117.jpg,104066,d3c9ce40,\Gallery 49\02 - Duda\,{Shemale Yum Dvd03~G49~02~02 - Duda}
dudab01.jpg,141651,272b6409,\Gallery 49\02 - Duda\,{Shemale Yum Dvd03~G49~02~02 - Duda}
dudab02.jpg,117151,703b1a27,\Gallery 49\02 - Duda\,{Shemale Yum Dvd03~G49~02~02 - Duda}
dudab03.jpg,134444,69c69d43,\Gallery 49\02 - Duda\,{Shemale Yum Dvd03~G49~02~02 - Duda}
dudab04.jpg,120687,2439f8c5,\Gallery 49\02 - Duda\,{Shemale Yum Dvd03~G49~02~02 - Duda}
dudab05.jpg,128562,fd577e3d,\Gallery 49\02 - Duda\,{Shemale Yum Dvd03~G49~02~02 - Duda}
dudab06.jpg,118524,57217ee3,\Gallery 49\02 - Duda\,{Shemale Yum Dvd03~G49~02~02 - Duda}
dudab07.jpg,108237,9d91a4e9,\Gallery 49\02 - Duda\,{Shemale Yum Dvd03~G49~02~02 - Duda}
dudab08.jpg,119148,2ed307a5,\Gallery 49\02 - Duda\,{Shemale Yum Dvd03~G49~02~02 - Duda}
dudab09.jpg,126363,4a63c999,\Gallery 49\02 - Duda\,{Shemale Yum Dvd03~G49~02~02 - Duda}
dudab10.jpg,130386,ec4e6c76,\Gallery 49\02 - Duda\,{Shemale Yum Dvd03~G49~02~02 - Duda}
dudab11.jpg,109398,44dbdfc2,\Gallery 49\02 - Duda\,{Shemale Yum Dvd03~G49~02~02 - Duda}
dudab12.jpg,117334,9927c637,\Gallery 49\02 - Duda\,{Shemale Yum Dvd03~G49~02~02 - Duda}
dudab13.jpg,142204,ed3f72e8,\Gallery 49\02 - Duda\,{Shemale Yum Dvd03~G49~02~02 - Duda}
dudab14.jpg,104287,961b7f97,\Gallery 49\02 - Duda\,{Shemale Yum Dvd03~G49~02~02 - Duda}
dudab15.jpg,143800,65c27f8d,\Gallery 49\02 - Duda\,{Shemale Yum Dvd03~G49~02~02 - Duda}
dudab16.jpg,122077,e31b85ee,\Gallery 49\02 - Duda\,{Shemale Yum Dvd03~G49~02~02 - Duda}
dudab17.jpg,145458,9a2a7037,\Gallery 49\02 - Duda\,{Shemale Yum Dvd03~G49~02~02 - Duda}
dudab18.jpg,151883,03055c80,\Gallery 49\02 - Duda\,{Shemale Yum Dvd03~G49~02~02 - Duda}
dudab19.jpg,117271,e7684f41,\Gallery 49\02 - Duda\,{Shemale Yum Dvd03~G49~02~02 - Duda}
dudab20.jpg,131126,5818ce0c,\Gallery 49\02 - Duda\,{Shemale Yum Dvd03~G49~02~02 - Duda}
dudab21.jpg,150229,4bd93b8d,\Gallery 49\02 - Duda\,{Shemale Yum Dvd03~G49~02~02 - Duda}
dudab22.jpg,113582,2f65efe6,\Gallery 49\02 - Duda\,{Shemale Yum Dvd03~G49~02~02 - Duda}
dudab23.jpg,127604,5d3eeb4b,\Gallery 49\02 - Duda\,{Shemale Yum Dvd03~G49~02~02 - Duda}
dudab24.jpg,116283,f2e8ed0b,\Gallery 49\02 - Duda\,{Shemale Yum Dvd03~G49~02~02 - Duda}
dudab25.jpg,108994,9e72b056,\Gallery 49\02 - Duda\,{Shemale Yum Dvd03~G49~02~02 - Duda}
dudab26.jpg,105051,0742e7a5,\Gallery 49\02 - Duda\,{Shemale Yum Dvd03~G49~02~02 - Duda}
dudab27.jpg,117151,f7f64e58,\Gallery 49\02 - Duda\,{Shemale Yum Dvd03~G49~02~02 - Duda}
dudab28.jpg,137583,86b284ea,\Gallery 49\02 - Duda\,{Shemale Yum Dvd03~G49~02~02 - Duda}
dudab29.jpg,121936,efd41474,\Gallery 49\02 - Duda\,{Shemale Yum Dvd03~G49~02~02 - Duda}
dudab30.jpg,142006,2e8b49e7,\Gallery 49\02 - Duda\,{Shemale Yum Dvd03~G49~02~02 - Duda}
dudab31.jpg,152630,26b5b158,\Gallery 49\02 - Duda\,{Shemale Yum Dvd03~G49~02~02 - Duda}
dudab32.jpg,143840,23d005f8,\Gallery 49\02 - Duda\,{Shemale Yum Dvd03~G49~02~02 - Duda}
dudab33.jpg,128584,7790483f,\Gallery 49\02 - Duda\,{Shemale Yum Dvd03~G49~02~02 - Duda}
dudab34.jpg,119006,0e7537a0,\Gallery 49\02 - Duda\,{Shemale Yum Dvd03~G49~02~02 - Duda}
dudab35.jpg,124377,8b2e81b2,\Gallery 49\02 - Duda\,{Shemale Yum Dvd03~G49~02~02 - Duda}
dudab36.jpg,106704,3c49926e,\Gallery 49\02 - Duda\,{Shemale Yum Dvd03~G49~02~02 - Duda}
dudab37.jpg,114248,44853a7e,\Gallery 49\02 - Duda\,{Shemale Yum Dvd03~G49~02~02 - Duda}
dudab38.jpg,117350,7095c791,\Gallery 49\02 - Duda\,{Shemale Yum Dvd03~G49~02~02 - Duda}
dudab39.jpg,114331,e6449707,\Gallery 49\02 - Duda\,{Shemale Yum Dvd03~G49~02~02 - Duda}
dudab40.jpg,131318,4bae015d,\Gallery 49\02 - Duda\,{Shemale Yum Dvd03~G49~02~02 - Duda}
giselle001.jpg,135156,88853c04,\Gallery 49\03 - Giselle\,{Shemale Yum Dvd03~G49~03~03 - Giselle}
giselle002.jpg,125581,a0d4d100,\Gallery 49\03 - Giselle\,{Shemale Yum Dvd03~G49~03~03 - Giselle}
giselle003.jpg,117738,0fd6dd3b,\Gallery 49\03 - Giselle\,{Shemale Yum Dvd03~G49~03~03 - Giselle}
giselle004.jpg,126176,52d7333e,\Gallery 49\03 - Giselle\,{Shemale Yum Dvd03~G49~03~03 - Giselle}
giselle005.jpg,138849,26194a25,\Gallery 49\03 - Giselle\,{Shemale Yum Dvd03~G49~03~03 - Giselle}
giselle006.jpg,141525,807333f2,\Gallery 49\03 - Giselle\,{Shemale Yum Dvd03~G49~03~03 - Giselle}
giselle007.jpg,129664,126a2ab1,\Gallery 49\03 - Giselle\,{Shemale Yum Dvd03~G49~03~03 - Giselle}
giselle008.jpg,109074,34c4a7cc,\Gallery 49\03 - Giselle\,{Shemale Yum Dvd03~G49~03~03 - Giselle}
giselle009.jpg,136140,808d8e4e,\Gallery 49\03 - Giselle\,{Shemale Yum Dvd03~G49~03~03 - Giselle}
giselle010.jpg,130089,87e6fc05,\Gallery 49\03 - Giselle\,{Shemale Yum Dvd03~G49~03~03 - Giselle}
giselle011.jpg,131561,122df3b3,\Gallery 49\03 - Giselle\,{Shemale Yum Dvd03~G49~03~03 - Giselle}
giselle012.jpg,131288,5062dd8a,\Gallery 49\03 - Giselle\,{Shemale Yum Dvd03~G49~03~03 - Giselle}
giselle013.jpg,137144,c05f0d03,\Gallery 49\03 - Giselle\,{Shemale Yum Dvd03~G49~03~03 - Giselle}
giselle014.jpg,125257,7ee6b6af,\Gallery 49\03 - Giselle\,{Shemale Yum Dvd03~G49~03~03 - Giselle}
giselle015.jpg,136446,9312b92a,\Gallery 49\03 - Giselle\,{Shemale Yum Dvd03~G49~03~03 - Giselle}
giselle016.jpg,131719,148db683,\Gallery 49\03 - Giselle\,{Shemale Yum Dvd03~G49~03~03 - Giselle}
giselle017.jpg,127215,2d9f1397,\Gallery 49\03 - Giselle\,{Shemale Yum Dvd03~G49~03~03 - Giselle}
giselle018.jpg,135768,46120fe4,\Gallery 49\03 - Giselle\,{Shemale Yum Dvd03~G49~03~03 - Giselle}
giselle019.jpg,146272,1a049ca2,\Gallery 49\03 - Giselle\,{Shemale Yum Dvd03~G49~03~03 - Giselle}
giselle020.jpg,142704,aa8e6dcd,\Gallery 49\03 - Giselle\,{Shemale Yum Dvd03~G49~03~03 - Giselle}
giselle021.jpg,136591,eed29a65,\Gallery 49\03 - Giselle\,{Shemale Yum Dvd03~G49~03~03 - Giselle}
giselle022.jpg,141426,ca2ed206,\Gallery 49\03 - Giselle\,{Shemale Yum Dvd03~G49~03~03 - Giselle}
giselle023.jpg,133939,a07d8920,\Gallery 49\03 - Giselle\,{Shemale Yum Dvd03~G49~03~03 - Giselle}
giselle024.jpg,129446,49c91e77,\Gallery 49\03 - Giselle\,{Shemale Yum Dvd03~G49~03~03 - Giselle}
giselle025.jpg,131102,01d7b7c0,\Gallery 49\03 - Giselle\,{Shemale Yum Dvd03~G49~03~03 - Giselle}
giselle026.jpg,136983,2dceb7e3,\Gallery 49\03 - Giselle\,{Shemale Yum Dvd03~G49~03~03 - Giselle}
giselle027.jpg,137034,d0d2e3db,\Gallery 49\03 - Giselle\,{Shemale Yum Dvd03~G49~03~03 - Giselle}
giselle028.jpg,128001,fdbfbcb8,\Gallery 49\03 - Giselle\,{Shemale Yum Dvd03~G49~03~03 - Giselle}
giselle029.jpg,135757,8e35ec92,\Gallery 49\03 - Giselle\,{Shemale Yum Dvd03~G49~03~03 - Giselle}
giselle030.jpg,137942,fb1c63c9,\Gallery 49\03 - Giselle\,{Shemale Yum Dvd03~G49~03~03 - Giselle}
giselle031.jpg,140507,4a2f4120,\Gallery 49\03 - Giselle\,{Shemale Yum Dvd03~G49~03~03 - Giselle}
giselle032.jpg,134602,c3c6e1f5,\Gallery 49\03 - Giselle\,{Shemale Yum Dvd03~G49~03~03 - Giselle}
giselle033.jpg,130005,cc56c41d,\Gallery 49\03 - Giselle\,{Shemale Yum Dvd03~G49~03~03 - Giselle}
giselle034.jpg,126479,5d552efc,\Gallery 49\03 - Giselle\,{Shemale Yum Dvd03~G49~03~03 - Giselle}
giselle035.jpg,141571,a468802e,\Gallery 49\03 - Giselle\,{Shemale Yum Dvd03~G49~03~03 - Giselle}
giselle036.jpg,114922,8d1156f4,\Gallery 49\03 - Giselle\,{Shemale Yum Dvd03~G49~03~03 - Giselle}
giselle037.jpg,95826,e448f8b5,\Gallery 49\03 - Giselle\,{Shemale Yum Dvd03~G49~03~03 - Giselle}
giselle038.jpg,134083,4c8a19e2,\Gallery 49\03 - Giselle\,{Shemale Yum Dvd03~G49~03~03 - Giselle}
giselle039.jpg,133043,c863bb2b,\Gallery 49\03 - Giselle\,{Shemale Yum Dvd03~G49~03~03 - Giselle}
giselle040.jpg,129481,30464743,\Gallery 49\03 - Giselle\,{Shemale Yum Dvd03~G49~03~03 - Giselle}
giselle041.jpg,138340,019df8d9,\Gallery 49\03 - Giselle\,{Shemale Yum Dvd03~G49~03~03 - Giselle}
giselle042.jpg,129760,a96574ea,\Gallery 49\03 - Giselle\,{Shemale Yum Dvd03~G49~03~03 - Giselle}
giselle043.jpg,138986,63ef3a0e,\Gallery 49\03 - Giselle\,{Shemale Yum Dvd03~G49~03~03 - Giselle}
giselle044.jpg,131340,6739a63f,\Gallery 49\03 - Giselle\,{Shemale Yum Dvd03~G49~03~03 - Giselle}
giselle045.jpg,127333,e4a6f1f1,\Gallery 49\03 - Giselle\,{Shemale Yum Dvd03~G49~03~03 - Giselle}
giselle046.jpg,143779,51f7ba01,\Gallery 49\03 - Giselle\,{Shemale Yum Dvd03~G49~03~03 - Giselle}
giselle047.jpg,135000,92c1c9c3,\Gallery 49\03 - Giselle\,{Shemale Yum Dvd03~G49~03~03 - Giselle}
giselle048.jpg,135953,b271ee90,\Gallery 49\03 - Giselle\,{Shemale Yum Dvd03~G49~03~03 - Giselle}
giselle049.jpg,149307,bf8d46e1,\Gallery 49\03 - Giselle\,{Shemale Yum Dvd03~G49~03~03 - Giselle}
giselle050.jpg,149050,8ab0edc3,\Gallery 49\03 - Giselle\,{Shemale Yum Dvd03~G49~03~03 - Giselle}
giselle051.jpg,137409,2b96bd05,\Gallery 49\03 - Giselle\,{Shemale Yum Dvd03~G49~03~03 - Giselle}
giselle052.jpg,139679,ca515235,\Gallery 49\03 - Giselle\,{Shemale Yum Dvd03~G49~03~03 - Giselle}
giselle053.jpg,129913,cf047791,\Gallery 49\03 - Giselle\,{Shemale Yum Dvd03~G49~03~03 - Giselle}
giselle054.jpg,142871,2ea55943,\Gallery 49\03 - Giselle\,{Shemale Yum Dvd03~G49~03~03 - Giselle}
giselle055.jpg,134499,1d918991,\Gallery 49\03 - Giselle\,{Shemale Yum Dvd03~G49~03~03 - Giselle}
giselle056.jpg,113109,02058bfb,\Gallery 49\03 - Giselle\,{Shemale Yum Dvd03~G49~03~03 - Giselle}
giselle057.jpg,127532,94b7a813,\Gallery 49\03 - Giselle\,{Shemale Yum Dvd03~G49~03~03 - Giselle}
giselle058.jpg,123648,6ca42a9b,\Gallery 49\03 - Giselle\,{Shemale Yum Dvd03~G49~03~03 - Giselle}
giselle059.jpg,133623,6d2e4a84,\Gallery 49\03 - Giselle\,{Shemale Yum Dvd03~G49~03~03 - Giselle}
giselle060.jpg,131201,1b87a0c2,\Gallery 49\03 - Giselle\,{Shemale Yum Dvd03~G49~03~03 - Giselle}
giselle061.jpg,127095,23ac9b33,\Gallery 49\03 - Giselle\,{Shemale Yum Dvd03~G49~03~03 - Giselle}
giselle062.jpg,134042,efd025b8,\Gallery 49\03 - Giselle\,{Shemale Yum Dvd03~G49~03~03 - Giselle}
giselle063.jpg,145531,780a1586,\Gallery 49\03 - Giselle\,{Shemale Yum Dvd03~G49~03~03 - Giselle}
giselle064.jpg,162645,e45e89ac,\Gallery 49\03 - Giselle\,{Shemale Yum Dvd03~G49~03~03 - Giselle}
giselle065.jpg,139522,337b0081,\Gallery 49\03 - Giselle\,{Shemale Yum Dvd03~G49~03~03 - Giselle}
giselle066.jpg,143371,38282bc8,\Gallery 49\03 - Giselle\,{Shemale Yum Dvd03~G49~03~03 - Giselle}
giselle067.jpg,136376,052feedd,\Gallery 49\03 - Giselle\,{Shemale Yum Dvd03~G49~03~03 - Giselle}
giselle068.jpg,136799,d1726352,\Gallery 49\03 - Giselle\,{Shemale Yum Dvd03~G49~03~03 - Giselle}
giselle069.jpg,134252,5c622d6b,\Gallery 49\03 - Giselle\,{Shemale Yum Dvd03~G49~03~03 - Giselle}
giselle070.jpg,125357,de482b46,\Gallery 49\03 - Giselle\,{Shemale Yum Dvd03~G49~03~03 - Giselle}
giselle071.jpg,102491,3a77992b,\Gallery 49\03 - Giselle\,{Shemale Yum Dvd03~G49~03~03 - Giselle}
giselle072.jpg,119849,62b50dc7,\Gallery 49\03 - Giselle\,{Shemale Yum Dvd03~G49~03~03 - Giselle}
giselle073.jpg,126881,c5e634d7,\Gallery 49\03 - Giselle\,{Shemale Yum Dvd03~G49~03~03 - Giselle}
giselle074.jpg,131881,0e98c727,\Gallery 49\03 - Giselle\,{Shemale Yum Dvd03~G49~03~03 - Giselle}
giselle075.jpg,139067,75c287ff,\Gallery 49\03 - Giselle\,{Shemale Yum Dvd03~G49~03~03 - Giselle}
giselle076.jpg,152308,b21a8116,\Gallery 49\03 - Giselle\,{Shemale Yum Dvd03~G49~03~03 - Giselle}
giselle077.jpg,165551,cc78b771,\Gallery 49\03 - Giselle\,{Shemale Yum Dvd03~G49~03~03 - Giselle}
giselle078.jpg,133424,c39fe4cf,\Gallery 49\03 - Giselle\,{Shemale Yum Dvd03~G49~03~03 - Giselle}
giselle079.jpg,134231,c6d7237a,\Gallery 49\03 - Giselle\,{Shemale Yum Dvd03~G49~03~03 - Giselle}
giselle080.jpg,112953,23866cfa,\Gallery 49\03 - Giselle\,{Shemale Yum Dvd03~G49~03~03 - Giselle}
giselle081.jpg,117023,61e4d8f3,\Gallery 49\03 - Giselle\,{Shemale Yum Dvd03~G49~03~03 - Giselle}
giselle082.jpg,111545,dcee7476,\Gallery 49\03 - Giselle\,{Shemale Yum Dvd03~G49~03~03 - Giselle}
giselle083.jpg,121298,ad1006ab,\Gallery 49\03 - Giselle\,{Shemale Yum Dvd03~G49~03~03 - Giselle}
giselle084.jpg,121623,ab260dd6,\Gallery 49\03 - Giselle\,{Shemale Yum Dvd03~G49~03~03 - Giselle}
giselle085.jpg,131020,86a1efb5,\Gallery 49\03 - Giselle\,{Shemale Yum Dvd03~G49~03~03 - Giselle}
giselle086.jpg,136217,467fec9c,\Gallery 49\03 - Giselle\,{Shemale Yum Dvd03~G49~03~03 - Giselle}
giselle087.jpg,133735,22ccf6b8,\Gallery 49\03 - Giselle\,{Shemale Yum Dvd03~G49~03~03 - Giselle}
giselle088.jpg,135650,74778ddd,\Gallery 49\03 - Giselle\,{Shemale Yum Dvd03~G49~03~03 - Giselle}
giselle089.jpg,135533,5f10c2cd,\Gallery 49\03 - Giselle\,{Shemale Yum Dvd03~G49~03~03 - Giselle}
giselle090.jpg,138930,9e51d157,\Gallery 49\03 - Giselle\,{Shemale Yum Dvd03~G49~03~03 - Giselle}
giselle091.jpg,139340,1137a32a,\Gallery 49\03 - Giselle\,{Shemale Yum Dvd03~G49~03~03 - Giselle}
giselle092.jpg,132655,f3a2e1d2,\Gallery 49\03 - Giselle\,{Shemale Yum Dvd03~G49~03~03 - Giselle}
giselle093.jpg,126153,89a8e908,\Gallery 49\03 - Giselle\,{Shemale Yum Dvd03~G49~03~03 - Giselle}
giselle094.jpg,140554,b44f0c2a,\Gallery 49\03 - Giselle\,{Shemale Yum Dvd03~G49~03~03 - Giselle}
giselle095.jpg,141302,9d1cf9ae,\Gallery 49\03 - Giselle\,{Shemale Yum Dvd03~G49~03~03 - Giselle}
giselle096.jpg,129693,5de4ff01,\Gallery 49\03 - Giselle\,{Shemale Yum Dvd03~G49~03~03 - Giselle}
giselle097.jpg,133369,56bafe47,\Gallery 49\03 - Giselle\,{Shemale Yum Dvd03~G49~03~03 - Giselle}
giselle098.jpg,140447,121355da,\Gallery 49\03 - Giselle\,{Shemale Yum Dvd03~G49~03~03 - Giselle}
giselle099.jpg,125973,8d6cf5bb,\Gallery 49\03 - Giselle\,{Shemale Yum Dvd03~G49~03~03 - Giselle}
giselle100.jpg,143206,4f54bc04,\Gallery 49\03 - Giselle\,{Shemale Yum Dvd03~G49~03~03 - Giselle}
giselle101.jpg,121585,fda35591,\Gallery 49\03 - Giselle\,{Shemale Yum Dvd03~G49~03~03 - Giselle}
giselle102.jpg,117741,26703466,\Gallery 49\03 - Giselle\,{Shemale Yum Dvd03~G49~03~03 - Giselle}
giselle103.jpg,134292,5f1df5a7,\Gallery 49\03 - Giselle\,{Shemale Yum Dvd03~G49~03~03 - Giselle}
giselle104.jpg,142836,8a6107c7,\Gallery 49\03 - Giselle\,{Shemale Yum Dvd03~G49~03~03 - Giselle}
giselle105.jpg,136064,970c3c9c,\Gallery 49\03 - Giselle\,{Shemale Yum Dvd03~G49~03~03 - Giselle}
giselle106.jpg,128105,0615f257,\Gallery 49\03 - Giselle\,{Shemale Yum Dvd03~G49~03~03 - Giselle}
giselle107.jpg,127142,2bcad6f7,\Gallery 49\03 - Giselle\,{Shemale Yum Dvd03~G49~03~03 - Giselle}
giselle108.jpg,94347,1d2b2e70,\Gallery 49\03 - Giselle\,{Shemale Yum Dvd03~G49~03~03 - Giselle}
giselle109.jpg,132847,7f1d3ce5,\Gallery 49\03 - Giselle\,{Shemale Yum Dvd03~G49~03~03 - Giselle}
giselle110.jpg,142443,bdb40030,\Gallery 49\03 - Giselle\,{Shemale Yum Dvd03~G49~03~03 - Giselle}
giselle111.jpg,136837,4491a498,\Gallery 49\03 - Giselle\,{Shemale Yum Dvd03~G49~03~03 - Giselle}
giselle112.jpg,147897,9071bc77,\Gallery 49\03 - Giselle\,{Shemale Yum Dvd03~G49~03~03 - Giselle}
giselle113.jpg,126480,61aeef0f,\Gallery 49\03 - Giselle\,{Shemale Yum Dvd03~G49~03~03 - Giselle}
giselle114.jpg,135558,912f64b1,\Gallery 49\03 - Giselle\,{Shemale Yum Dvd03~G49~03~03 - Giselle}
giselle115.jpg,112694,81e7abda,\Gallery 49\03 - Giselle\,{Shemale Yum Dvd03~G49~03~03 - Giselle}
giselle116.jpg,132802,bb73668f,\Gallery 49\03 - Giselle\,{Shemale Yum Dvd03~G49~03~03 - Giselle}
giselle117.jpg,128967,b2f2fb15,\Gallery 49\03 - Giselle\,{Shemale Yum Dvd03~G49~03~03 - Giselle}
giselle118.jpg,120163,1050b1d6,\Gallery 49\03 - Giselle\,{Shemale Yum Dvd03~G49~03~03 - Giselle}
giselle119.jpg,119180,f6882360,\Gallery 49\03 - Giselle\,{Shemale Yum Dvd03~G49~03~03 - Giselle}
giselle120.jpg,114087,c6a92516,\Gallery 49\03 - Giselle\,{Shemale Yum Dvd03~G49~03~03 - Giselle}
giselle121.jpg,104344,9d221bd4,\Gallery 49\03 - Giselle\,{Shemale Yum Dvd03~G49~03~03 - Giselle}
giselle122.jpg,114632,c3e2f2ac,\Gallery 49\03 - Giselle\,{Shemale Yum Dvd03~G49~03~03 - Giselle}
giselle123.jpg,119950,1522971f,\Gallery 49\03 - Giselle\,{Shemale Yum Dvd03~G49~03~03 - Giselle}
giselle124.jpg,126573,f6f60320,\Gallery 49\03 - Giselle\,{Shemale Yum Dvd03~G49~03~03 - Giselle}
giselle125.jpg,135993,0d773ee4,\Gallery 49\03 - Giselle\,{Shemale Yum Dvd03~G49~03~03 - Giselle}
giselle126.jpg,116812,86bdd76b,\Gallery 49\03 - Giselle\,{Shemale Yum Dvd03~G49~03~03 - Giselle}
giselle127.jpg,101546,db15d393,\Gallery 49\03 - Giselle\,{Shemale Yum Dvd03~G49~03~03 - Giselle}
giselle128.jpg,107909,211841c6,\Gallery 49\03 - Giselle\,{Shemale Yum Dvd03~G49~03~03 - Giselle}
giselle129.jpg,98551,29c3e40c,\Gallery 49\03 - Giselle\,{Shemale Yum Dvd03~G49~03~03 - Giselle}
giselle130.jpg,120479,d039734a,\Gallery 49\03 - Giselle\,{Shemale Yum Dvd03~G49~03~03 - Giselle}
giselle131.jpg,117680,30a27d19,\Gallery 49\03 - Giselle\,{Shemale Yum Dvd03~G49~03~03 - Giselle}
giselle132.jpg,124118,3771962c,\Gallery 49\03 - Giselle\,{Shemale Yum Dvd03~G49~03~03 - Giselle}
giselle133.jpg,122725,e0fa907c,\Gallery 49\03 - Giselle\,{Shemale Yum Dvd03~G49~03~03 - Giselle}
giselle134.jpg,142927,397a26d2,\Gallery 49\03 - Giselle\,{Shemale Yum Dvd03~G49~03~03 - Giselle}
giselle136.jpg,140383,fb3cb69c,\Gallery 49\03 - Giselle\,{Shemale Yum Dvd03~G49~03~03 - Giselle}
giselle137.jpg,113361,a57ead5d,\Gallery 49\03 - Giselle\,{Shemale Yum Dvd03~G49~03~03 - Giselle}
giselle138.jpg,111599,01351011,\Gallery 49\03 - Giselle\,{Shemale Yum Dvd03~G49~03~03 - Giselle}
giselle139.jpg,122991,5ada2666,\Gallery 49\03 - Giselle\,{Shemale Yum Dvd03~G49~03~03 - Giselle}
giselle140.jpg,113241,6167d200,\Gallery 49\03 - Giselle\,{Shemale Yum Dvd03~G49~03~03 - Giselle}
giselle141.jpg,129325,fc1e0e18,\Gallery 49\03 - Giselle\,{Shemale Yum Dvd03~G49~03~03 - Giselle}
giselle142.jpg,123806,6827571a,\Gallery 49\03 - Giselle\,{Shemale Yum Dvd03~G49~03~03 - Giselle}
giselle143.jpg,131936,51c99762,\Gallery 49\03 - Giselle\,{Shemale Yum Dvd03~G49~03~03 - Giselle}
giselle144.jpg,134750,d9f64030,\Gallery 49\03 - Giselle\,{Shemale Yum Dvd03~G49~03~03 - Giselle}
giselle145.jpg,130689,26180f5b,\Gallery 49\03 - Giselle\,{Shemale Yum Dvd03~G49~03~03 - Giselle}
giselle146.jpg,128061,f2948149,\Gallery 49\03 - Giselle\,{Shemale Yum Dvd03~G49~03~03 - Giselle}
giselle147.jpg,135188,a148869d,\Gallery 49\03 - Giselle\,{Shemale Yum Dvd03~G49~03~03 - Giselle}
giselle148.jpg,140473,c39c6911,\Gallery 49\03 - Giselle\,{Shemale Yum Dvd03~G49~03~03 - Giselle}
giselle149.jpg,110288,024f582c,\Gallery 49\03 - Giselle\,{Shemale Yum Dvd03~G49~03~03 - Giselle}
giselle150.jpg,131971,c11f2259,\Gallery 49\03 - Giselle\,{Shemale Yum Dvd03~G49~03~03 - Giselle}
giselle151.jpg,112072,a7867b66,\Gallery 49\03 - Giselle\,{Shemale Yum Dvd03~G49~03~03 - Giselle}
giselle152.jpg,109683,d217a248,\Gallery 49\03 - Giselle\,{Shemale Yum Dvd03~G49~03~03 - Giselle}
giselle153.jpg,104455,d83203c6,\Gallery 49\03 - Giselle\,{Shemale Yum Dvd03~G49~03~03 - Giselle}
giselle154.jpg,105737,9bd68e91,\Gallery 49\03 - Giselle\,{Shemale Yum Dvd03~G49~03~03 - Giselle}
giselle155.jpg,114284,3f1e5245,\Gallery 49\03 - Giselle\,{Shemale Yum Dvd03~G49~03~03 - Giselle}
giselle156.jpg,104909,45c34679,\Gallery 49\03 - Giselle\,{Shemale Yum Dvd03~G49~03~03 - Giselle}
giselle157.jpg,117026,c521d089,\Gallery 49\03 - Giselle\,{Shemale Yum Dvd03~G49~03~03 - Giselle}
giselle158.jpg,102986,44cbcf9c,\Gallery 49\03 - Giselle\,{Shemale Yum Dvd03~G49~03~03 - Giselle}
giselle159.jpg,107364,c73912af,\Gallery 49\03 - Giselle\,{Shemale Yum Dvd03~G49~03~03 - Giselle}
giselle160.jpg,130324,57ab3102,\Gallery 49\03 - Giselle\,{Shemale Yum Dvd03~G49~03~03 - Giselle}
giselle161.jpg,139293,131e56c9,\Gallery 49\03 - Giselle\,{Shemale Yum Dvd03~G49~03~03 - Giselle}
giselle162.jpg,123760,cdcfa94c,\Gallery 49\03 - Giselle\,{Shemale Yum Dvd03~G49~03~03 - Giselle}
giselle163.jpg,129369,818ee8a7,\Gallery 49\03 - Giselle\,{Shemale Yum Dvd03~G49~03~03 - Giselle}
giselle164.jpg,126742,5b6cf30e,\Gallery 49\03 - Giselle\,{Shemale Yum Dvd03~G49~03~03 - Giselle}
giselle165.jpg,133994,9a8099f9,\Gallery 49\03 - Giselle\,{Shemale Yum Dvd03~G49~03~03 - Giselle}
giselle166.jpg,119829,ee32cca0,\Gallery 49\03 - Giselle\,{Shemale Yum Dvd03~G49~03~03 - Giselle}
giselle167.jpg,136184,ea4a4d31,\Gallery 49\03 - Giselle\,{Shemale Yum Dvd03~G49~03~03 - Giselle}
giselle168.jpg,122913,eaa44365,\Gallery 49\03 - Giselle\,{Shemale Yum Dvd03~G49~03~03 - Giselle}
giselle171.jpg,133438,f905660f,\Gallery 49\03 - Giselle\,{Shemale Yum Dvd03~G49~03~03 - Giselle}
giselle172.jpg,137683,02d1c95f,\Gallery 49\03 - Giselle\,{Shemale Yum Dvd03~G49~03~03 - Giselle}
giselle173.jpg,114257,a46f5cb7,\Gallery 49\03 - Giselle\,{Shemale Yum Dvd03~G49~03~03 - Giselle}
giselle174.jpg,131438,2034ea8a,\Gallery 49\03 - Giselle\,{Shemale Yum Dvd03~G49~03~03 - Giselle}
giselle175.jpg,116509,28a53195,\Gallery 49\03 - Giselle\,{Shemale Yum Dvd03~G49~03~03 - Giselle}
giselle176.jpg,131602,d75615f9,\Gallery 49\03 - Giselle\,{Shemale Yum Dvd03~G49~03~03 - Giselle}
giselle177.jpg,118845,bc302aff,\Gallery 49\03 - Giselle\,{Shemale Yum Dvd03~G49~03~03 - Giselle}
giselle178.jpg,125010,4da16252,\Gallery 49\03 - Giselle\,{Shemale Yum Dvd03~G49~03~03 - Giselle}
giselle179.jpg,135414,9419a6cd,\Gallery 49\03 - Giselle\,{Shemale Yum Dvd03~G49~03~03 - Giselle}
giselle180.jpg,133527,746f58e6,\Gallery 49\03 - Giselle\,{Shemale Yum Dvd03~G49~03~03 - Giselle}
giselle181.jpg,141047,9732bdbe,\Gallery 49\03 - Giselle\,{Shemale Yum Dvd03~G49~03~03 - Giselle}
giselle182.jpg,130321,1e887b96,\Gallery 49\03 - Giselle\,{Shemale Yum Dvd03~G49~03~03 - Giselle}
giselle183.jpg,117927,db91de20,\Gallery 49\03 - Giselle\,{Shemale Yum Dvd03~G49~03~03 - Giselle}
giselle184.jpg,138778,2d9b3df1,\Gallery 49\03 - Giselle\,{Shemale Yum Dvd03~G49~03~03 - Giselle}
giselle185.jpg,132825,587e198d,\Gallery 49\03 - Giselle\,{Shemale Yum Dvd03~G49~03~03 - Giselle}
giselle186.jpg,133463,b9eb09f2,\Gallery 49\03 - Giselle\,{Shemale Yum Dvd03~G49~03~03 - Giselle}
giselle187.jpg,132059,a8bfb48c,\Gallery 49\03 - Giselle\,{Shemale Yum Dvd03~G49~03~03 - Giselle}
giselle188.jpg,115324,a34e256b,\Gallery 49\03 - Giselle\,{Shemale Yum Dvd03~G49~03~03 - Giselle}
giselle189.jpg,113212,e5b16748,\Gallery 49\03 - Giselle\,{Shemale Yum Dvd03~G49~03~03 - Giselle}
giselle190.jpg,128930,8de3704e,\Gallery 49\03 - Giselle\,{Shemale Yum Dvd03~G49~03~03 - Giselle}
giselle191.jpg,133343,9186b3d7,\Gallery 49\03 - Giselle\,{Shemale Yum Dvd03~G49~03~03 - Giselle}
giselle192.jpg,134423,c4cb8491,\Gallery 49\03 - Giselle\,{Shemale Yum Dvd03~G49~03~03 - Giselle}
giselle193.jpg,111807,750ca733,\Gallery 49\03 - Giselle\,{Shemale Yum Dvd03~G49~03~03 - Giselle}
giselle194.jpg,128458,a4f02b5f,\Gallery 49\03 - Giselle\,{Shemale Yum Dvd03~G49~03~03 - Giselle}
giselle195.jpg,132997,fd99b7ad,\Gallery 49\03 - Giselle\,{Shemale Yum Dvd03~G49~03~03 - Giselle}
giselle196.jpg,131747,8732c529,\Gallery 49\03 - Giselle\,{Shemale Yum Dvd03~G49~03~03 - Giselle}
giselle197.jpg,135341,395f775d,\Gallery 49\03 - Giselle\,{Shemale Yum Dvd03~G49~03~03 - Giselle}
giselle198.jpg,142566,ab3e6543,\Gallery 49\03 - Giselle\,{Shemale Yum Dvd03~G49~03~03 - Giselle}
giselle199.jpg,131939,1d2cbe28,\Gallery 49\03 - Giselle\,{Shemale Yum Dvd03~G49~03~03 - Giselle}
giselle200.jpg,136685,c634407e,\Gallery 49\03 - Giselle\,{Shemale Yum Dvd03~G49~03~03 - Giselle}
giselle201.jpg,128605,664f88ec,\Gallery 49\03 - Giselle\,{Shemale Yum Dvd03~G49~03~03 - Giselle}
giselle202.jpg,131728,5e944c75,\Gallery 49\03 - Giselle\,{Shemale Yum Dvd03~G49~03~03 - Giselle}
giselle204.jpg,113583,db5ae620,\Gallery 49\03 - Giselle\,{Shemale Yum Dvd03~G49~03~03 - Giselle}
giselle205.jpg,120843,df57e616,\Gallery 49\03 - Giselle\,{Shemale Yum Dvd03~G49~03~03 - Giselle}
giselle206.jpg,122466,3c9a4434,\Gallery 49\03 - Giselle\,{Shemale Yum Dvd03~G49~03~03 - Giselle}
giselle207.jpg,116071,38f0c506,\Gallery 49\03 - Giselle\,{Shemale Yum Dvd03~G49~03~03 - Giselle}
giselle208.jpg,130753,85c3bc9d,\Gallery 49\03 - Giselle\,{Shemale Yum Dvd03~G49~03~03 - Giselle}
giselle209.jpg,118715,af5c48e9,\Gallery 49\03 - Giselle\,{Shemale Yum Dvd03~G49~03~03 - Giselle}
giselle210.jpg,110002,e61a861f,\Gallery 49\03 - Giselle\,{Shemale Yum Dvd03~G49~03~03 - Giselle}
giselle211.jpg,109379,8afdd13c,\Gallery 49\03 - Giselle\,{Shemale Yum Dvd03~G49~03~03 - Giselle}
giselle212.jpg,119437,ca4bf089,\Gallery 49\03 - Giselle\,{Shemale Yum Dvd03~G49~03~03 - Giselle}
giselle213.jpg,103676,313cfd3c,\Gallery 49\03 - Giselle\,{Shemale Yum Dvd03~G49~03~03 - Giselle}
giselle214.jpg,129451,44ea19ac,\Gallery 49\03 - Giselle\,{Shemale Yum Dvd03~G49~03~03 - Giselle}
giselle215.jpg,117780,a28e93d0,\Gallery 49\03 - Giselle\,{Shemale Yum Dvd03~G49~03~03 - Giselle}
giselle217.jpg,128796,54a12266,\Gallery 49\03 - Giselle\,{Shemale Yum Dvd03~G49~03~03 - Giselle}
giselle218.jpg,130282,9e958397,\Gallery 49\03 - Giselle\,{Shemale Yum Dvd03~G49~03~03 - Giselle}
giselle219.jpg,119977,580dd505,\Gallery 49\03 - Giselle\,{Shemale Yum Dvd03~G49~03~03 - Giselle}
giselle220.jpg,128464,ebcd2c4e,\Gallery 49\03 - Giselle\,{Shemale Yum Dvd03~G49~03~03 - Giselle}
giselle221.jpg,129626,284db707,\Gallery 49\03 - Giselle\,{Shemale Yum Dvd03~G49~03~03 - Giselle}
giselle222.jpg,140398,3f1e710b,\Gallery 49\03 - Giselle\,{Shemale Yum Dvd03~G49~03~03 - Giselle}
giselle223.jpg,138871,fa1496d9,\Gallery 49\03 - Giselle\,{Shemale Yum Dvd03~G49~03~03 - Giselle}
giselle224.jpg,134898,07bba851,\Gallery 49\03 - Giselle\,{Shemale Yum Dvd03~G49~03~03 - Giselle}
giselle225.jpg,137886,95a038c2,\Gallery 49\03 - Giselle\,{Shemale Yum Dvd03~G49~03~03 - Giselle}
giselle226.jpg,120890,3d5a23b3,\Gallery 49\03 - Giselle\,{Shemale Yum Dvd03~G49~03~03 - Giselle}
giselle227.jpg,133673,abcaf27e,\Gallery 49\03 - Giselle\,{Shemale Yum Dvd03~G49~03~03 - Giselle}
giselle228.jpg,129932,ce760159,\Gallery 49\03 - Giselle\,{Shemale Yum Dvd03~G49~03~03 - Giselle}
giselle229.jpg,126679,ac3b1eee,\Gallery 49\03 - Giselle\,{Shemale Yum Dvd03~G49~03~03 - Giselle}
giselle230.jpg,135512,0727270b,\Gallery 49\03 - Giselle\,{Shemale Yum Dvd03~G49~03~03 - Giselle}
giselle231.jpg,133928,d289a187,\Gallery 49\03 - Giselle\,{Shemale Yum Dvd03~G49~03~03 - Giselle}
giselle232.jpg,114826,d95ddd1e,\Gallery 49\03 - Giselle\,{Shemale Yum Dvd03~G49~03~03 - Giselle}
giselle233.jpg,104835,ed890740,\Gallery 49\03 - Giselle\,{Shemale Yum Dvd03~G49~03~03 - Giselle}
giselle234.jpg,140806,d8f438ac,\Gallery 49\03 - Giselle\,{Shemale Yum Dvd03~G49~03~03 - Giselle}
giselle235.jpg,127321,d25ce65d,\Gallery 49\03 - Giselle\,{Shemale Yum Dvd03~G49~03~03 - Giselle}
giselle236.jpg,142803,467665e3,\Gallery 49\03 - Giselle\,{Shemale Yum Dvd03~G49~03~03 - Giselle}
giselle237.jpg,134715,02b4b58e,\Gallery 49\03 - Giselle\,{Shemale Yum Dvd03~G49~03~03 - Giselle}
giselle238.jpg,114526,5c407407,\Gallery 49\03 - Giselle\,{Shemale Yum Dvd03~G49~03~03 - Giselle}
giselle239.jpg,132302,b8a9f058,\Gallery 49\03 - Giselle\,{Shemale Yum Dvd03~G49~03~03 - Giselle}
giselle240.jpg,138637,179bc3f7,\Gallery 49\03 - Giselle\,{Shemale Yum Dvd03~G49~03~03 - Giselle}
giselle241.jpg,137085,e30665db,\Gallery 49\03 - Giselle\,{Shemale Yum Dvd03~G49~03~03 - Giselle}
giselle242.jpg,135917,4b0c6864,\Gallery 49\03 - Giselle\,{Shemale Yum Dvd03~G49~03~03 - Giselle}
giselle243.jpg,141024,eee88883,\Gallery 49\03 - Giselle\,{Shemale Yum Dvd03~G49~03~03 - Giselle}
giselle244.jpg,140116,cd58b15f,\Gallery 49\03 - Giselle\,{Shemale Yum Dvd03~G49~03~03 - Giselle}
giselle245.jpg,140033,cc3f66b1,\Gallery 49\03 - Giselle\,{Shemale Yum Dvd03~G49~03~03 - Giselle}
giselle246.jpg,129547,d9842eed,\Gallery 49\03 - Giselle\,{Shemale Yum Dvd03~G49~03~03 - Giselle}
giselle247.jpg,125399,995d5521,\Gallery 49\03 - Giselle\,{Shemale Yum Dvd03~G49~03~03 - Giselle}
giselle248.jpg,151395,1c5ea863,\Gallery 49\03 - Giselle\,{Shemale Yum Dvd03~G49~03~03 - Giselle}
giselle249.jpg,146200,f80128f5,\Gallery 49\03 - Giselle\,{Shemale Yum Dvd03~G49~03~03 - Giselle}
giselle250.jpg,130588,be275d2a,\Gallery 49\03 - Giselle\,{Shemale Yum Dvd03~G49~03~03 - Giselle}
giselle251.jpg,131272,767ace27,\Gallery 49\03 - Giselle\,{Shemale Yum Dvd03~G49~03~03 - Giselle}
giselle252.jpg,139471,20adc70e,\Gallery 49\03 - Giselle\,{Shemale Yum Dvd03~G49~03~03 - Giselle}
giselle253.jpg,134131,f03346c4,\Gallery 49\03 - Giselle\,{Shemale Yum Dvd03~G49~03~03 - Giselle}
giselle254.jpg,135653,5e4daf66,\Gallery 49\03 - Giselle\,{Shemale Yum Dvd03~G49~03~03 - Giselle}
giselle255.jpg,138009,710c61b4,\Gallery 49\03 - Giselle\,{Shemale Yum Dvd03~G49~03~03 - Giselle}
giselle256.jpg,142671,4e10ac23,\Gallery 49\03 - Giselle\,{Shemale Yum Dvd03~G49~03~03 - Giselle}
giselle257.jpg,147524,7fdaa7c5,\Gallery 49\03 - Giselle\,{Shemale Yum Dvd03~G49~03~03 - Giselle}
giselle258.jpg,157245,b73ba894,\Gallery 49\03 - Giselle\,{Shemale Yum Dvd03~G49~03~03 - Giselle}
giselle260.jpg,125509,112da4cb,\Gallery 49\03 - Giselle\,{Shemale Yum Dvd03~G49~03~03 - Giselle}
giselle261.jpg,130447,b9e503b3,\Gallery 49\03 - Giselle\,{Shemale Yum Dvd03~G49~03~03 - Giselle}
giselle262.jpg,142757,31ff60c7,\Gallery 49\03 - Giselle\,{Shemale Yum Dvd03~G49~03~03 - Giselle}
giselle263.jpg,143150,a70ef09a,\Gallery 49\03 - Giselle\,{Shemale Yum Dvd03~G49~03~03 - Giselle}
giselle264.jpg,128158,03036685,\Gallery 49\03 - Giselle\,{Shemale Yum Dvd03~G49~03~03 - Giselle}
giselle265.jpg,135819,10fafde4,\Gallery 49\03 - Giselle\,{Shemale Yum Dvd03~G49~03~03 - Giselle}
giselle266.jpg,140416,ba3b04f7,\Gallery 49\03 - Giselle\,{Shemale Yum Dvd03~G49~03~03 - Giselle}
giselle267.jpg,127556,ff532b8d,\Gallery 49\03 - Giselle\,{Shemale Yum Dvd03~G49~03~03 - Giselle}
giselle268.jpg,139322,24a7c496,\Gallery 49\03 - Giselle\,{Shemale Yum Dvd03~G49~03~03 - Giselle}
dscn3852.jpg,119871,0dbcd89c,\Gallery 49\04 - Julia\,{Shemale Yum Dvd03~G49~04~04 - Julia}
dscn3853.jpg,104669,639af4c3,\Gallery 49\04 - Julia\,{Shemale Yum Dvd03~G49~04~04 - Julia}
dscn3854.jpg,113772,298e8bcc,\Gallery 49\04 - Julia\,{Shemale Yum Dvd03~G49~04~04 - Julia}
dscn3855.jpg,110933,adb89b02,\Gallery 49\04 - Julia\,{Shemale Yum Dvd03~G49~04~04 - Julia}
dscn3856.jpg,116180,b424b0f0,\Gallery 49\04 - Julia\,{Shemale Yum Dvd03~G49~04~04 - Julia}
dscn3857.jpg,112156,bd20c022,\Gallery 49\04 - Julia\,{Shemale Yum Dvd03~G49~04~04 - Julia}
dscn3858.jpg,126340,6b97df1b,\Gallery 49\04 - Julia\,{Shemale Yum Dvd03~G49~04~04 - Julia}
dscn3859.jpg,156145,a3fbb812,\Gallery 49\04 - Julia\,{Shemale Yum Dvd03~G49~04~04 - Julia}
dscn3860.jpg,132354,0408f27a,\Gallery 49\04 - Julia\,{Shemale Yum Dvd03~G49~04~04 - Julia}
dscn3861.jpg,119182,3ec7e0eb,\Gallery 49\04 - Julia\,{Shemale Yum Dvd03~G49~04~04 - Julia}
dscn3862.jpg,119234,839e2437,\Gallery 49\04 - Julia\,{Shemale Yum Dvd03~G49~04~04 - Julia}
dscn3863.jpg,127086,97e48217,\Gallery 49\04 - Julia\,{Shemale Yum Dvd03~G49~04~04 - Julia}
dscn3864.jpg,125365,fff7e85d,\Gallery 49\04 - Julia\,{Shemale Yum Dvd03~G49~04~04 - Julia}
dscn3865.jpg,126309,2210fe4d,\Gallery 49\04 - Julia\,{Shemale Yum Dvd03~G49~04~04 - Julia}
dscn3866.jpg,122744,137bbfe3,\Gallery 49\04 - Julia\,{Shemale Yum Dvd03~G49~04~04 - Julia}
dscn3867.jpg,138387,4accdda0,\Gallery 49\04 - Julia\,{Shemale Yum Dvd03~G49~04~04 - Julia}
dscn3868.jpg,133803,77ff44cd,\Gallery 49\04 - Julia\,{Shemale Yum Dvd03~G49~04~04 - Julia}
dscn3869.jpg,110353,91f346e1,\Gallery 49\04 - Julia\,{Shemale Yum Dvd03~G49~04~04 - Julia}
dscn3870.jpg,126452,4412ced2,\Gallery 49\04 - Julia\,{Shemale Yum Dvd03~G49~04~04 - Julia}
dscn3871.jpg,113852,521066ff,\Gallery 49\04 - Julia\,{Shemale Yum Dvd03~G49~04~04 - Julia}
dscn3872.jpg,112389,1708afaa,\Gallery 49\04 - Julia\,{Shemale Yum Dvd03~G49~04~04 - Julia}
dscn3873.jpg,103145,f34c59b8,\Gallery 49\04 - Julia\,{Shemale Yum Dvd03~G49~04~04 - Julia}
dscn3874.jpg,131618,68dbdc4c,\Gallery 49\04 - Julia\,{Shemale Yum Dvd03~G49~04~04 - Julia}
dscn3875.jpg,105436,71b10fda,\Gallery 49\04 - Julia\,{Shemale Yum Dvd03~G49~04~04 - Julia}
dscn3876.jpg,93152,d5f2071f,\Gallery 49\04 - Julia\,{Shemale Yum Dvd03~G49~04~04 - Julia}
dscn3877.jpg,135080,0aacdfcd,\Gallery 49\04 - Julia\,{Shemale Yum Dvd03~G49~04~04 - Julia}
dscn3878.jpg,110783,6ee13371,\Gallery 49\04 - Julia\,{Shemale Yum Dvd03~G49~04~04 - Julia}
dscn3879.jpg,108394,c71c47b2,\Gallery 49\04 - Julia\,{Shemale Yum Dvd03~G49~04~04 - Julia}
dscn3880.jpg,109960,35427c84,\Gallery 49\04 - Julia\,{Shemale Yum Dvd03~G49~04~04 - Julia}
dscn3881.jpg,133994,184cf1f6,\Gallery 49\04 - Julia\,{Shemale Yum Dvd03~G49~04~04 - Julia}
dscn3882.jpg,137303,e7101169,\Gallery 49\04 - Julia\,{Shemale Yum Dvd03~G49~04~04 - Julia}
dscn3883.jpg,124209,4405e613,\Gallery 49\04 - Julia\,{Shemale Yum Dvd03~G49~04~04 - Julia}
dscn3884.jpg,119277,6357bcc9,\Gallery 49\04 - Julia\,{Shemale Yum Dvd03~G49~04~04 - Julia}
dscn3885.jpg,122634,c127f0f2,\Gallery 49\04 - Julia\,{Shemale Yum Dvd03~G49~04~04 - Julia}
dscn3886.jpg,131335,fec8ae22,\Gallery 49\04 - Julia\,{Shemale Yum Dvd03~G49~04~04 - Julia}
dscn3887.jpg,117536,a9b66767,\Gallery 49\04 - Julia\,{Shemale Yum Dvd03~G49~04~04 - Julia}
dscn3888.jpg,124193,55f3c0f2,\Gallery 49\04 - Julia\,{Shemale Yum Dvd03~G49~04~04 - Julia}
dscn3889.jpg,126197,438d4035,\Gallery 49\04 - Julia\,{Shemale Yum Dvd03~G49~04~04 - Julia}
dscn3890.jpg,125236,dabb2b09,\Gallery 49\04 - Julia\,{Shemale Yum Dvd03~G49~04~04 - Julia}
dscn3892.jpg,130879,b99b7549,\Gallery 49\04 - Julia\,{Shemale Yum Dvd03~G49~04~04 - Julia}
dscn3893.jpg,120132,e2b74033,\Gallery 49\04 - Julia\,{Shemale Yum Dvd03~G49~04~04 - Julia}
dscn3894.jpg,126889,a6556912,\Gallery 49\04 - Julia\,{Shemale Yum Dvd03~G49~04~04 - Julia}
dscn3895.jpg,136521,5eb7891e,\Gallery 49\04 - Julia\,{Shemale Yum Dvd03~G49~04~04 - Julia}
dscn3896.jpg,131665,523c8a59,\Gallery 49\04 - Julia\,{Shemale Yum Dvd03~G49~04~04 - Julia}
dscn3897.jpg,117422,8bdb3b3f,\Gallery 49\04 - Julia\,{Shemale Yum Dvd03~G49~04~04 - Julia}
dscn3898.jpg,145612,a2833b0c,\Gallery 49\04 - Julia\,{Shemale Yum Dvd03~G49~04~04 - Julia}
dscn3899.jpg,115421,43a566b1,\Gallery 49\04 - Julia\,{Shemale Yum Dvd03~G49~04~04 - Julia}
dscn3900.jpg,109143,be8f1b4a,\Gallery 49\04 - Julia\,{Shemale Yum Dvd03~G49~04~04 - Julia}
dscn3901.jpg,143039,06d41f66,\Gallery 49\04 - Julia\,{Shemale Yum Dvd03~G49~04~04 - Julia}
dscn3902.jpg,135698,b779ee4e,\Gallery 49\04 - Julia\,{Shemale Yum Dvd03~G49~04~04 - Julia}
dscn3903.jpg,104502,a6f6cd31,\Gallery 49\04 - Julia\,{Shemale Yum Dvd03~G49~04~04 - Julia}
dscn3904.jpg,134718,9b2ca6e0,\Gallery 49\04 - Julia\,{Shemale Yum Dvd03~G49~04~04 - Julia}
dscn3905.jpg,134793,305f5ae8,\Gallery 49\04 - Julia\,{Shemale Yum Dvd03~G49~04~04 - Julia}
dscn3906.jpg,141938,8bb73822,\Gallery 49\04 - Julia\,{Shemale Yum Dvd03~G49~04~04 - Julia}
dscn3907.jpg,124205,d1067861,\Gallery 49\04 - Julia\,{Shemale Yum Dvd03~G49~04~04 - Julia}
dscn3908.jpg,133860,eae33c90,\Gallery 49\04 - Julia\,{Shemale Yum Dvd03~G49~04~04 - Julia}
dscn3909.jpg,141796,414e7d20,\Gallery 49\04 - Julia\,{Shemale Yum Dvd03~G49~04~04 - Julia}
dscn3910.jpg,111649,30e42d33,\Gallery 49\04 - Julia\,{Shemale Yum Dvd03~G49~04~04 - Julia}
dscn3911.jpg,115562,ee7060b0,\Gallery 49\04 - Julia\,{Shemale Yum Dvd03~G49~04~04 - Julia}
dscn3912.jpg,99165,12b9db83,\Gallery 49\04 - Julia\,{Shemale Yum Dvd03~G49~04~04 - Julia}
dscn3913.jpg,138167,a98f4f2d,\Gallery 49\04 - Julia\,{Shemale Yum Dvd03~G49~04~04 - Julia}
dscn3914.jpg,139419,bd821b35,\Gallery 49\04 - Julia\,{Shemale Yum Dvd03~G49~04~04 - Julia}
dscn3915.jpg,142026,d8f4eafc,\Gallery 49\04 - Julia\,{Shemale Yum Dvd03~G49~04~04 - Julia}
dscn3916.jpg,136987,a64bae43,\Gallery 49\04 - Julia\,{Shemale Yum Dvd03~G49~04~04 - Julia}
dscn3917.jpg,127924,d01d63f9,\Gallery 49\04 - Julia\,{Shemale Yum Dvd03~G49~04~04 - Julia}
dscn3918.jpg,136976,a0aa16eb,\Gallery 49\04 - Julia\,{Shemale Yum Dvd03~G49~04~04 - Julia}
dscn3919.jpg,121168,0e615c3c,\Gallery 49\04 - Julia\,{Shemale Yum Dvd03~G49~04~04 - Julia}
dscn3920.jpg,127988,1d030168,\Gallery 49\04 - Julia\,{Shemale Yum Dvd03~G49~04~04 - Julia}
dscn3921.jpg,139027,ba999b8b,\Gallery 49\04 - Julia\,{Shemale Yum Dvd03~G49~04~04 - Julia}
dscn3922.jpg,120828,46c51f71,\Gallery 49\04 - Julia\,{Shemale Yum Dvd03~G49~04~04 - Julia}
dscn3923.jpg,117262,5d637d0b,\Gallery 49\04 - Julia\,{Shemale Yum Dvd03~G49~04~04 - Julia}
dscn3817.jpg,103175,428bc2f3,\Gallery 49\05 - Larissa\,{Shemale Yum Dvd03~G49~05~05 - Larissa}
dscn3818.jpg,54188,406757a7,\Gallery 49\05 - Larissa\,{Shemale Yum Dvd03~G49~05~05 - Larissa}
dscn3819.jpg,92788,ea80289e,\Gallery 49\05 - Larissa\,{Shemale Yum Dvd03~G49~05~05 - Larissa}
larissa001.jpg,131630,e7c1528c,\Gallery 49\05 - Larissa\,{Shemale Yum Dvd03~G49~05~05 - Larissa}
larissa002.jpg,133900,fa7160b4,\Gallery 49\05 - Larissa\,{Shemale Yum Dvd03~G49~05~05 - Larissa}
larissa003.jpg,129027,582b21f8,\Gallery 49\05 - Larissa\,{Shemale Yum Dvd03~G49~05~05 - Larissa}
larissa004.jpg,136694,8688b133,\Gallery 49\05 - Larissa\,{Shemale Yum Dvd03~G49~05~05 - Larissa}
larissa005.jpg,139075,86fde29c,\Gallery 49\05 - Larissa\,{Shemale Yum Dvd03~G49~05~05 - Larissa}
larissa006.jpg,135915,057b3fd7,\Gallery 49\05 - Larissa\,{Shemale Yum Dvd03~G49~05~05 - Larissa}
larissa007.jpg,137820,0520f6d9,\Gallery 49\05 - Larissa\,{Shemale Yum Dvd03~G49~05~05 - Larissa}
larissa008.jpg,141115,d0709d91,\Gallery 49\05 - Larissa\,{Shemale Yum Dvd03~G49~05~05 - Larissa}
larissa010.jpg,116190,4193d4f2,\Gallery 49\05 - Larissa\,{Shemale Yum Dvd03~G49~05~05 - Larissa}
larissa011.jpg,137475,a59f803d,\Gallery 49\05 - Larissa\,{Shemale Yum Dvd03~G49~05~05 - Larissa}
larissa012.jpg,136536,d2f2e98a,\Gallery 49\05 - Larissa\,{Shemale Yum Dvd03~G49~05~05 - Larissa}
larissa013.jpg,134771,15e5e1b3,\Gallery 49\05 - Larissa\,{Shemale Yum Dvd03~G49~05~05 - Larissa}
larissa014.jpg,133722,2923e9a9,\Gallery 49\05 - Larissa\,{Shemale Yum Dvd03~G49~05~05 - Larissa}
larissa015.jpg,156243,84500db1,\Gallery 49\05 - Larissa\,{Shemale Yum Dvd03~G49~05~05 - Larissa}
larissa016.jpg,138368,9e546323,\Gallery 49\05 - Larissa\,{Shemale Yum Dvd03~G49~05~05 - Larissa}
larissa017.jpg,122224,5a1a84da,\Gallery 49\05 - Larissa\,{Shemale Yum Dvd03~G49~05~05 - Larissa}
larissa018.jpg,118450,3b761cb6,\Gallery 49\05 - Larissa\,{Shemale Yum Dvd03~G49~05~05 - Larissa}
larissa019.jpg,119293,55041464,\Gallery 49\05 - Larissa\,{Shemale Yum Dvd03~G49~05~05 - Larissa}
larissa020.jpg,126501,c887973f,\Gallery 49\05 - Larissa\,{Shemale Yum Dvd03~G49~05~05 - Larissa}
larissa021.jpg,127254,82c11ad1,\Gallery 49\05 - Larissa\,{Shemale Yum Dvd03~G49~05~05 - Larissa}
larissa022.jpg,124343,67fa13bc,\Gallery 49\05 - Larissa\,{Shemale Yum Dvd03~G49~05~05 - Larissa}
larissa023.jpg,120316,8988142c,\Gallery 49\05 - Larissa\,{Shemale Yum Dvd03~G49~05~05 - Larissa}
larissa024.jpg,129835,dce9d671,\Gallery 49\05 - Larissa\,{Shemale Yum Dvd03~G49~05~05 - Larissa}
larissa025.jpg,133059,e3b18439,\Gallery 49\05 - Larissa\,{Shemale Yum Dvd03~G49~05~05 - Larissa}
larissa027.jpg,133608,d2580bbe,\Gallery 49\05 - Larissa\,{Shemale Yum Dvd03~G49~05~05 - Larissa}
larissa028.jpg,123202,fbe50a4e,\Gallery 49\05 - Larissa\,{Shemale Yum Dvd03~G49~05~05 - Larissa}
larissa029.jpg,134455,0c69bfa0,\Gallery 49\05 - Larissa\,{Shemale Yum Dvd03~G49~05~05 - Larissa}
larissa031.jpg,137535,a178ce14,\Gallery 49\05 - Larissa\,{Shemale Yum Dvd03~G49~05~05 - Larissa}
larissa033.jpg,127080,8d643afd,\Gallery 49\05 - Larissa\,{Shemale Yum Dvd03~G49~05~05 - Larissa}
larissa034.jpg,127401,737e067d,\Gallery 49\05 - Larissa\,{Shemale Yum Dvd03~G49~05~05 - Larissa}
larissa035.jpg,116189,66d0738a,\Gallery 49\05 - Larissa\,{Shemale Yum Dvd03~G49~05~05 - Larissa}
larissa036.jpg,128625,7964acf1,\Gallery 49\05 - Larissa\,{Shemale Yum Dvd03~G49~05~05 - Larissa}
larissa037.jpg,109501,f51bb95a,\Gallery 49\05 - Larissa\,{Shemale Yum Dvd03~G49~05~05 - Larissa}
larissa038.jpg,130254,b2c97dbe,\Gallery 49\05 - Larissa\,{Shemale Yum Dvd03~G49~05~05 - Larissa}
larissa039.jpg,117668,a820c526,\Gallery 49\05 - Larissa\,{Shemale Yum Dvd03~G49~05~05 - Larissa}
larissa040.jpg,115094,ad347ec5,\Gallery 49\05 - Larissa\,{Shemale Yum Dvd03~G49~05~05 - Larissa}
larissa041.jpg,112125,b50c7ec0,\Gallery 49\05 - Larissa\,{Shemale Yum Dvd03~G49~05~05 - Larissa}
larissa042.jpg,114979,681de719,\Gallery 49\05 - Larissa\,{Shemale Yum Dvd03~G49~05~05 - Larissa}
larissa043.jpg,121813,bf61e880,\Gallery 49\05 - Larissa\,{Shemale Yum Dvd03~G49~05~05 - Larissa}
larissa044.jpg,119178,7d603484,\Gallery 49\05 - Larissa\,{Shemale Yum Dvd03~G49~05~05 - Larissa}
larissa045.jpg,90084,3fbdba27,\Gallery 49\05 - Larissa\,{Shemale Yum Dvd03~G49~05~05 - Larissa}
larissa046.jpg,93418,547cf082,\Gallery 49\05 - Larissa\,{Shemale Yum Dvd03~G49~05~05 - Larissa}
larissa047.jpg,98092,4703b79d,\Gallery 49\05 - Larissa\,{Shemale Yum Dvd03~G49~05~05 - Larissa}
larissa048.jpg,134398,ecbb0b85,\Gallery 49\05 - Larissa\,{Shemale Yum Dvd03~G49~05~05 - Larissa}
larissa049.jpg,107722,8fcecc9e,\Gallery 49\05 - Larissa\,{Shemale Yum Dvd03~G49~05~05 - Larissa}
larissa051.jpg,126802,93628350,\Gallery 49\05 - Larissa\,{Shemale Yum Dvd03~G49~05~05 - Larissa}
larissa052.jpg,111503,ba373d83,\Gallery 49\05 - Larissa\,{Shemale Yum Dvd03~G49~05~05 - Larissa}
larissa053.jpg,110922,17ebfb78,\Gallery 49\05 - Larissa\,{Shemale Yum Dvd03~G49~05~05 - Larissa}
larissa054.jpg,106539,8fc8fe78,\Gallery 49\05 - Larissa\,{Shemale Yum Dvd03~G49~05~05 - Larissa}
larissa055.jpg,112707,1bac4cec,\Gallery 49\05 - Larissa\,{Shemale Yum Dvd03~G49~05~05 - Larissa}
larissa056.jpg,109306,161876fe,\Gallery 49\05 - Larissa\,{Shemale Yum Dvd03~G49~05~05 - Larissa}
larissa057.jpg,114136,cec616bb,\Gallery 49\05 - Larissa\,{Shemale Yum Dvd03~G49~05~05 - Larissa}
larissa058.jpg,113141,1b0c4fb2,\Gallery 49\05 - Larissa\,{Shemale Yum Dvd03~G49~05~05 - Larissa}
larissa059.jpg,124831,27a7f30a,\Gallery 49\05 - Larissa\,{Shemale Yum Dvd03~G49~05~05 - Larissa}
larissa060.jpg,136412,e667ffec,\Gallery 49\05 - Larissa\,{Shemale Yum Dvd03~G49~05~05 - Larissa}
larissa061.jpg,124920,b614d9cc,\Gallery 49\05 - Larissa\,{Shemale Yum Dvd03~G49~05~05 - Larissa}
larissa062.jpg,106476,397428d6,\Gallery 49\05 - Larissa\,{Shemale Yum Dvd03~G49~05~05 - Larissa}
larissa063.jpg,106510,e0bd3f4a,\Gallery 49\05 - Larissa\,{Shemale Yum Dvd03~G49~05~05 - Larissa}
larissa064.jpg,111234,f5d06e57,\Gallery 49\05 - Larissa\,{Shemale Yum Dvd03~G49~05~05 - Larissa}
larissa065.jpg,125242,0c095dab,\Gallery 49\05 - Larissa\,{Shemale Yum Dvd03~G49~05~05 - Larissa}
larissa066.jpg,123824,2f640a6a,\Gallery 49\05 - Larissa\,{Shemale Yum Dvd03~G49~05~05 - Larissa}
larissa067.jpg,130500,f55922b8,\Gallery 49\05 - Larissa\,{Shemale Yum Dvd03~G49~05~05 - Larissa}
larissa068.jpg,123808,c622cdc0,\Gallery 49\05 - Larissa\,{Shemale Yum Dvd03~G49~05~05 - Larissa}
larissa069.jpg,134936,d86bd443,\Gallery 49\05 - Larissa\,{Shemale Yum Dvd03~G49~05~05 - Larissa}
larissa070.jpg,128157,fb62d1e2,\Gallery 49\05 - Larissa\,{Shemale Yum Dvd03~G49~05~05 - Larissa}
larissa071.jpg,133552,05e1f76b,\Gallery 49\05 - Larissa\,{Shemale Yum Dvd03~G49~05~05 - Larissa}
larissa072.jpg,132825,e1c0a972,\Gallery 49\05 - Larissa\,{Shemale Yum Dvd03~G49~05~05 - Larissa}
larissa073.jpg,135899,7f2c3d3f,\Gallery 49\05 - Larissa\,{Shemale Yum Dvd03~G49~05~05 - Larissa}
larissa074.jpg,132051,83565f95,\Gallery 49\05 - Larissa\,{Shemale Yum Dvd03~G49~05~05 - Larissa}
larissa075.jpg,118879,dfc08999,\Gallery 49\05 - Larissa\,{Shemale Yum Dvd03~G49~05~05 - Larissa}
larissa076.jpg,114674,d4d885f7,\Gallery 49\05 - Larissa\,{Shemale Yum Dvd03~G49~05~05 - Larissa}
larissa077.jpg,118902,2b4d2b7d,\Gallery 49\05 - Larissa\,{Shemale Yum Dvd03~G49~05~05 - Larissa}
larissa078.jpg,103835,7a30396d,\Gallery 49\05 - Larissa\,{Shemale Yum Dvd03~G49~05~05 - Larissa}
larissa079.jpg,111199,164d5ea6,\Gallery 49\05 - Larissa\,{Shemale Yum Dvd03~G49~05~05 - Larissa}
larissa080.jpg,100706,9a64c0ea,\Gallery 49\05 - Larissa\,{Shemale Yum Dvd03~G49~05~05 - Larissa}
larissa081.jpg,117993,9ba91631,\Gallery 49\05 - Larissa\,{Shemale Yum Dvd03~G49~05~05 - Larissa}
larissa082.jpg,116330,1e44ec05,\Gallery 49\05 - Larissa\,{Shemale Yum Dvd03~G49~05~05 - Larissa}
larissa083.jpg,121569,9457d3af,\Gallery 49\05 - Larissa\,{Shemale Yum Dvd03~G49~05~05 - Larissa}
larissa084.jpg,115793,d988b9d7,\Gallery 49\05 - Larissa\,{Shemale Yum Dvd03~G49~05~05 - Larissa}
larissa085.jpg,129046,11370d52,\Gallery 49\05 - Larissa\,{Shemale Yum Dvd03~G49~05~05 - Larissa}
larissa086.jpg,127671,f265b350,\Gallery 49\05 - Larissa\,{Shemale Yum Dvd03~G49~05~05 - Larissa}
larissa091.jpg,110269,9e275c2d,\Gallery 49\05 - Larissa\,{Shemale Yum Dvd03~G49~05~05 - Larissa}
larissa092.jpg,117329,94a81854,\Gallery 49\05 - Larissa\,{Shemale Yum Dvd03~G49~05~05 - Larissa}
larissa093.jpg,106645,90b4e51d,\Gallery 49\05 - Larissa\,{Shemale Yum Dvd03~G49~05~05 - Larissa}
larissa095.jpg,122992,c0f65b94,\Gallery 49\05 - Larissa\,{Shemale Yum Dvd03~G49~05~05 - Larissa}
larissa096.jpg,133841,f263c700,\Gallery 49\05 - Larissa\,{Shemale Yum Dvd03~G49~05~05 - Larissa}
larissa097.jpg,122596,5c37c4a4,\Gallery 49\05 - Larissa\,{Shemale Yum Dvd03~G49~05~05 - Larissa}
larissa098.jpg,131489,e070526d,\Gallery 49\05 - Larissa\,{Shemale Yum Dvd03~G49~05~05 - Larissa}
larissa099.jpg,126358,5e4c3dc2,\Gallery 49\05 - Larissa\,{Shemale Yum Dvd03~G49~05~05 - Larissa}
larissa100.jpg,117711,1b73f6d8,\Gallery 49\05 - Larissa\,{Shemale Yum Dvd03~G49~05~05 - Larissa}
larissa101.jpg,118664,738ae878,\Gallery 49\05 - Larissa\,{Shemale Yum Dvd03~G49~05~05 - Larissa}
larissa102.jpg,102546,dd125ca0,\Gallery 49\05 - Larissa\,{Shemale Yum Dvd03~G49~05~05 - Larissa}
larissa103.jpg,104747,7b3aba97,\Gallery 49\05 - Larissa\,{Shemale Yum Dvd03~G49~05~05 - Larissa}
larissa104.jpg,105053,f848ed20,\Gallery 49\05 - Larissa\,{Shemale Yum Dvd03~G49~05~05 - Larissa}
larissa105.jpg,114309,4785919d,\Gallery 49\05 - Larissa\,{Shemale Yum Dvd03~G49~05~05 - Larissa}
larissa106.jpg,98956,54fb9aab,\Gallery 49\05 - Larissa\,{Shemale Yum Dvd03~G49~05~05 - Larissa}
larissa107.jpg,86814,2ecbc4bf,\Gallery 49\05 - Larissa\,{Shemale Yum Dvd03~G49~05~05 - Larissa}
larissa108.jpg,93929,a3a85cc3,\Gallery 49\05 - Larissa\,{Shemale Yum Dvd03~G49~05~05 - Larissa}
larissa109.jpg,129703,5be1cea6,\Gallery 49\05 - Larissa\,{Shemale Yum Dvd03~G49~05~05 - Larissa}
larissa110.jpg,135000,91032e73,\Gallery 49\05 - Larissa\,{Shemale Yum Dvd03~G49~05~05 - Larissa}
larissa111.jpg,133549,0190fea0,\Gallery 49\05 - Larissa\,{Shemale Yum Dvd03~G49~05~05 - Larissa}
larissa112.jpg,115286,77b67bd9,\Gallery 49\05 - Larissa\,{Shemale Yum Dvd03~G49~05~05 - Larissa}
larissa113.jpg,133260,9f30e26b,\Gallery 49\05 - Larissa\,{Shemale Yum Dvd03~G49~05~05 - Larissa}
larissa114.jpg,140814,a9f7eb8d,\Gallery 49\05 - Larissa\,{Shemale Yum Dvd03~G49~05~05 - Larissa}
larissa115.jpg,128173,4a9794b2,\Gallery 49\05 - Larissa\,{Shemale Yum Dvd03~G49~05~05 - Larissa}
larissa116.jpg,138592,954f00f1,\Gallery 49\05 - Larissa\,{Shemale Yum Dvd03~G49~05~05 - Larissa}
larissa117.jpg,142656,cff08e50,\Gallery 49\05 - Larissa\,{Shemale Yum Dvd03~G49~05~05 - Larissa}
larissa118.jpg,136453,7dde0123,\Gallery 49\05 - Larissa\,{Shemale Yum Dvd03~G49~05~05 - Larissa}
larissa119.jpg,132033,9fd3cb0c,\Gallery 49\05 - Larissa\,{Shemale Yum Dvd03~G49~05~05 - Larissa}
larissa120.jpg,133655,f59fb119,\Gallery 49\05 - Larissa\,{Shemale Yum Dvd03~G49~05~05 - Larissa}
larissa121.jpg,81382,2693aad5,\Gallery 49\05 - Larissa\,{Shemale Yum Dvd03~G49~05~05 - Larissa}
larissa122.jpg,109340,2f9cf2b3,\Gallery 49\05 - Larissa\,{Shemale Yum Dvd03~G49~05~05 - Larissa}
larissa123.jpg,107022,8e70a016,\Gallery 49\05 - Larissa\,{Shemale Yum Dvd03~G49~05~05 - Larissa}
larissa124.jpg,134608,74b75ef0,\Gallery 49\05 - Larissa\,{Shemale Yum Dvd03~G49~05~05 - Larissa}
larissa125.jpg,116139,cae22897,\Gallery 49\05 - Larissa\,{Shemale Yum Dvd03~G49~05~05 - Larissa}
larissa126.jpg,139782,573b9ac5,\Gallery 49\05 - Larissa\,{Shemale Yum Dvd03~G49~05~05 - Larissa}
larissa127.jpg,130263,fa6d5c52,\Gallery 49\05 - Larissa\,{Shemale Yum Dvd03~G49~05~05 - Larissa}
larissa128.jpg,141830,d1844957,\Gallery 49\05 - Larissa\,{Shemale Yum Dvd03~G49~05~05 - Larissa}
larissa129.jpg,135640,b207147d,\Gallery 49\05 - Larissa\,{Shemale Yum Dvd03~G49~05~05 - Larissa}
larissa131.jpg,142966,c9cf75f8,\Gallery 49\05 - Larissa\,{Shemale Yum Dvd03~G49~05~05 - Larissa}
larissa132.jpg,135633,0228c03c,\Gallery 49\05 - Larissa\,{Shemale Yum Dvd03~G49~05~05 - Larissa}
larissa133.jpg,131368,f5efc364,\Gallery 49\05 - Larissa\,{Shemale Yum Dvd03~G49~05~05 - Larissa}
larissa134.jpg,128714,e8e71c8c,\Gallery 49\05 - Larissa\,{Shemale Yum Dvd03~G49~05~05 - Larissa}
larissa135.jpg,126494,a64876b2,\Gallery 49\05 - Larissa\,{Shemale Yum Dvd03~G49~05~05 - Larissa}
larissa136.jpg,130568,913c03e0,\Gallery 49\05 - Larissa\,{Shemale Yum Dvd03~G49~05~05 - Larissa}
larissa137.jpg,128895,03e02e28,\Gallery 49\05 - Larissa\,{Shemale Yum Dvd03~G49~05~05 - Larissa}
larissa138.jpg,127810,6199e4a8,\Gallery 49\05 - Larissa\,{Shemale Yum Dvd03~G49~05~05 - Larissa}
larissa139.jpg,113638,2906ce68,\Gallery 49\05 - Larissa\,{Shemale Yum Dvd03~G49~05~05 - Larissa}
larissa141.jpg,107926,8cbe9a02,\Gallery 49\05 - Larissa\,{Shemale Yum Dvd03~G49~05~05 - Larissa}
larissa142.jpg,129127,ef26ffaf,\Gallery 49\05 - Larissa\,{Shemale Yum Dvd03~G49~05~05 - Larissa}
patricia001.jpg,127112,acb92592,\Gallery 49\06 - Patricia\,{Shemale Yum Dvd03~G49~06~06 - Patricia}
patricia002.jpg,138208,521c91d3,\Gallery 49\06 - Patricia\,{Shemale Yum Dvd03~G49~06~06 - Patricia}
patricia003.jpg,138023,83346016,\Gallery 49\06 - Patricia\,{Shemale Yum Dvd03~G49~06~06 - Patricia}
patricia004.jpg,140004,d68b1079,\Gallery 49\06 - Patricia\,{Shemale Yum Dvd03~G49~06~06 - Patricia}
patricia005.jpg,138193,ef885f7b,\Gallery 49\06 - Patricia\,{Shemale Yum Dvd03~G49~06~06 - Patricia}
patricia006.jpg,139261,f5840b9f,\Gallery 49\06 - Patricia\,{Shemale Yum Dvd03~G49~06~06 - Patricia}
patricia007.jpg,142361,a29923fe,\Gallery 49\06 - Patricia\,{Shemale Yum Dvd03~G49~06~06 - Patricia}
patricia008.jpg,128628,380cd899,\Gallery 49\06 - Patricia\,{Shemale Yum Dvd03~G49~06~06 - Patricia}
patricia009.jpg,135935,af855236,\Gallery 49\06 - Patricia\,{Shemale Yum Dvd03~G49~06~06 - Patricia}
patricia010.jpg,124915,4092ca8b,\Gallery 49\06 - Patricia\,{Shemale Yum Dvd03~G49~06~06 - Patricia}
patricia011.jpg,98358,26247486,\Gallery 49\06 - Patricia\,{Shemale Yum Dvd03~G49~06~06 - Patricia}
patricia012.jpg,141427,10c6aeaf,\Gallery 49\06 - Patricia\,{Shemale Yum Dvd03~G49~06~06 - Patricia}
patricia013.jpg,128602,8d33110c,\Gallery 49\06 - Patricia\,{Shemale Yum Dvd03~G49~06~06 - Patricia}
patricia014.jpg,143225,7e046281,\Gallery 49\06 - Patricia\,{Shemale Yum Dvd03~G49~06~06 - Patricia}
patricia015.jpg,125451,c0609b7a,\Gallery 49\06 - Patricia\,{Shemale Yum Dvd03~G49~06~06 - Patricia}
patricia016.jpg,143515,0b4a497f,\Gallery 49\06 - Patricia\,{Shemale Yum Dvd03~G49~06~06 - Patricia}
patricia017.jpg,137842,1fa43bfd,\Gallery 49\06 - Patricia\,{Shemale Yum Dvd03~G49~06~06 - Patricia}
patricia018.jpg,148208,09b5d49f,\Gallery 49\06 - Patricia\,{Shemale Yum Dvd03~G49~06~06 - Patricia}
patricia019.jpg,147690,a1628d49,\Gallery 49\06 - Patricia\,{Shemale Yum Dvd03~G49~06~06 - Patricia}
patricia020.jpg,130887,ae406f58,\Gallery 49\06 - Patricia\,{Shemale Yum Dvd03~G49~06~06 - Patricia}
patricia021.jpg,129291,27aa2e45,\Gallery 49\06 - Patricia\,{Shemale Yum Dvd03~G49~06~06 - Patricia}
patricia022.jpg,137050,cbde9b5d,\Gallery 49\06 - Patricia\,{Shemale Yum Dvd03~G49~06~06 - Patricia}
patricia023.jpg,150951,b0383708,\Gallery 49\06 - Patricia\,{Shemale Yum Dvd03~G49~06~06 - Patricia}
patricia024.jpg,131136,0c0ac649,\Gallery 49\06 - Patricia\,{Shemale Yum Dvd03~G49~06~06 - Patricia}
patricia025.jpg,136886,3b5aab88,\Gallery 49\06 - Patricia\,{Shemale Yum Dvd03~G49~06~06 - Patricia}
patricia026.jpg,131177,bc70d588,\Gallery 49\06 - Patricia\,{Shemale Yum Dvd03~G49~06~06 - Patricia}
patricia027.jpg,148417,2b3c8aa4,\Gallery 49\06 - Patricia\,{Shemale Yum Dvd03~G49~06~06 - Patricia}
patricia028.jpg,157425,eb8bde10,\Gallery 49\06 - Patricia\,{Shemale Yum Dvd03~G49~06~06 - Patricia}
patricia029.jpg,110800,00a631c3,\Gallery 49\06 - Patricia\,{Shemale Yum Dvd03~G49~06~06 - Patricia}
patricia030.jpg,96812,88c3aff4,\Gallery 49\06 - Patricia\,{Shemale Yum Dvd03~G49~06~06 - Patricia}
patricia031.jpg,114306,5180eac7,\Gallery 49\06 - Patricia\,{Shemale Yum Dvd03~G49~06~06 - Patricia}
patricia032.jpg,133427,e8c16e1f,\Gallery 49\06 - Patricia\,{Shemale Yum Dvd03~G49~06~06 - Patricia}
patricia033.jpg,149258,f7e9878c,\Gallery 49\06 - Patricia\,{Shemale Yum Dvd03~G49~06~06 - Patricia}
patricia034.jpg,114098,f23a52a1,\Gallery 49\06 - Patricia\,{Shemale Yum Dvd03~G49~06~06 - Patricia}
patricia035.jpg,113851,43855869,\Gallery 49\06 - Patricia\,{Shemale Yum Dvd03~G49~06~06 - Patricia}
patricia036.jpg,105370,b86cc5eb,\Gallery 49\06 - Patricia\,{Shemale Yum Dvd03~G49~06~06 - Patricia}
patricia037.jpg,103266,e0ee57c9,\Gallery 49\06 - Patricia\,{Shemale Yum Dvd03~G49~06~06 - Patricia}
patricia038.jpg,117855,bde8d7e5,\Gallery 49\06 - Patricia\,{Shemale Yum Dvd03~G49~06~06 - Patricia}
patricia039.jpg,134165,487411c5,\Gallery 49\06 - Patricia\,{Shemale Yum Dvd03~G49~06~06 - Patricia}
patricia040.jpg,140329,8b389e73,\Gallery 49\06 - Patricia\,{Shemale Yum Dvd03~G49~06~06 - Patricia}
patricia041.jpg,136349,a5e7642d,\Gallery 49\06 - Patricia\,{Shemale Yum Dvd03~G49~06~06 - Patricia}
patricia042.jpg,125010,fbe1ad9b,\Gallery 49\06 - Patricia\,{Shemale Yum Dvd03~G49~06~06 - Patricia}
patricia043.jpg,133534,b2473fa2,\Gallery 49\06 - Patricia\,{Shemale Yum Dvd03~G49~06~06 - Patricia}
patricia044.jpg,131179,e11b5a80,\Gallery 49\06 - Patricia\,{Shemale Yum Dvd03~G49~06~06 - Patricia}
patricia045.jpg,123910,fcd53488,\Gallery 49\06 - Patricia\,{Shemale Yum Dvd03~G49~06~06 - Patricia}
patricia046.jpg,114101,8bc86f5e,\Gallery 49\06 - Patricia\,{Shemale Yum Dvd03~G49~06~06 - Patricia}
patricia047.jpg,133791,1260e6f0,\Gallery 49\06 - Patricia\,{Shemale Yum Dvd03~G49~06~06 - Patricia}
patricia048.jpg,130652,b8a2bb5b,\Gallery 49\06 - Patricia\,{Shemale Yum Dvd03~G49~06~06 - Patricia}
patricia049.jpg,128842,aacd1b43,\Gallery 49\06 - Patricia\,{Shemale Yum Dvd03~G49~06~06 - Patricia}
patricia050.jpg,139682,ca6dea8e,\Gallery 49\06 - Patricia\,{Shemale Yum Dvd03~G49~06~06 - Patricia}
patricia051.jpg,129574,e81e92ef,\Gallery 49\06 - Patricia\,{Shemale Yum Dvd03~G49~06~06 - Patricia}
patricia052.jpg,130212,7fbc293b,\Gallery 49\06 - Patricia\,{Shemale Yum Dvd03~G49~06~06 - Patricia}
patricia053.jpg,123437,245fd055,\Gallery 49\06 - Patricia\,{Shemale Yum Dvd03~G49~06~06 - Patricia}
patricia054.jpg,103842,2c3f1752,\Gallery 49\06 - Patricia\,{Shemale Yum Dvd03~G49~06~06 - Patricia}
patricia055.jpg,124330,dac82fdb,\Gallery 49\06 - Patricia\,{Shemale Yum Dvd03~G49~06~06 - Patricia}
patricia056.jpg,141722,ae22737e,\Gallery 49\06 - Patricia\,{Shemale Yum Dvd03~G49~06~06 - Patricia}
patricia057.jpg,133056,a524f40e,\Gallery 49\06 - Patricia\,{Shemale Yum Dvd03~G49~06~06 - Patricia}
patricia058.jpg,134988,e98f1f72,\Gallery 49\06 - Patricia\,{Shemale Yum Dvd03~G49~06~06 - Patricia}
patricia059.jpg,133798,0657a8f4,\Gallery 49\06 - Patricia\,{Shemale Yum Dvd03~G49~06~06 - Patricia}
patricia060.jpg,125460,56162e66,\Gallery 49\06 - Patricia\,{Shemale Yum Dvd03~G49~06~06 - Patricia}
patricia061.jpg,138719,8a02bd54,\Gallery 49\06 - Patricia\,{Shemale Yum Dvd03~G49~06~06 - Patricia}
patricia062.jpg,134125,98655b14,\Gallery 49\06 - Patricia\,{Shemale Yum Dvd03~G49~06~06 - Patricia}
patricia063.jpg,132309,75697a5a,\Gallery 49\06 - Patricia\,{Shemale Yum Dvd03~G49~06~06 - Patricia}
patricia064.jpg,140961,62195996,\Gallery 49\06 - Patricia\,{Shemale Yum Dvd03~G49~06~06 - Patricia}
patricia065.jpg,131661,cfd0a5bc,\Gallery 49\06 - Patricia\,{Shemale Yum Dvd03~G49~06~06 - Patricia}
patricia066.jpg,132760,9a6648c7,\Gallery 49\06 - Patricia\,{Shemale Yum Dvd03~G49~06~06 - Patricia}
patricia067.jpg,135561,be592c43,\Gallery 49\06 - Patricia\,{Shemale Yum Dvd03~G49~06~06 - Patricia}
patricia068.jpg,132829,040c6fc3,\Gallery 49\06 - Patricia\,{Shemale Yum Dvd03~G49~06~06 - Patricia}
patricia069.jpg,128236,d3e8e082,\Gallery 49\06 - Patricia\,{Shemale Yum Dvd03~G49~06~06 - Patricia}
patricia070.jpg,132667,0ec149ee,\Gallery 49\06 - Patricia\,{Shemale Yum Dvd03~G49~06~06 - Patricia}
patricia071.jpg,136076,790eb02c,\Gallery 49\06 - Patricia\,{Shemale Yum Dvd03~G49~06~06 - Patricia}
patricia072.jpg,128521,83440aee,\Gallery 49\06 - Patricia\,{Shemale Yum Dvd03~G49~06~06 - Patricia}
patricia073.jpg,130833,eb3ae444,\Gallery 49\06 - Patricia\,{Shemale Yum Dvd03~G49~06~06 - Patricia}
patricia074.jpg,49241,4bfaaa5f,\Gallery 49\06 - Patricia\,{Shemale Yum Dvd03~G49~06~06 - Patricia}
patricia075.jpg,130838,cc48b467,\Gallery 49\06 - Patricia\,{Shemale Yum Dvd03~G49~06~06 - Patricia}
patricia076.jpg,129223,21520599,\Gallery 49\06 - Patricia\,{Shemale Yum Dvd03~G49~06~06 - Patricia}
patricia077.jpg,138349,8a10de65,\Gallery 49\06 - Patricia\,{Shemale Yum Dvd03~G49~06~06 - Patricia}
patricia078.jpg,115616,e597c848,\Gallery 49\06 - Patricia\,{Shemale Yum Dvd03~G49~06~06 - Patricia}
patricia079.jpg,131790,9f02cfbe,\Gallery 49\06 - Patricia\,{Shemale Yum Dvd03~G49~06~06 - Patricia}
patricia080.jpg,130272,ebc83807,\Gallery 49\06 - Patricia\,{Shemale Yum Dvd03~G49~06~06 - Patricia}
patricia081.jpg,129914,3396f7be,\Gallery 49\06 - Patricia\,{Shemale Yum Dvd03~G49~06~06 - Patricia}
patricia082.jpg,135498,2fe47ff2,\Gallery 49\06 - Patricia\,{Shemale Yum Dvd03~G49~06~06 - Patricia}
patricia083.jpg,126022,582a3572,\Gallery 49\06 - Patricia\,{Shemale Yum Dvd03~G49~06~06 - Patricia}
patricia084.jpg,134371,e1499c81,\Gallery 49\06 - Patricia\,{Shemale Yum Dvd03~G49~06~06 - Patricia}
patricia085.jpg,129479,93294f9f,\Gallery 49\06 - Patricia\,{Shemale Yum Dvd03~G49~06~06 - Patricia}
dscn3384.jpg,135516,17e7b375,\Gallery 49\07 - Ship Trip (b)\,{Shemale Yum Dvd03~G49~07~07 - Ship Trip (b)}
dscn3385.jpg,147833,d63a5407,\Gallery 49\07 - Ship Trip (b)\,{Shemale Yum Dvd03~G49~07~07 - Ship Trip (b)}
dscn3387.jpg,119309,5a1f591c,\Gallery 49\07 - Ship Trip (b)\,{Shemale Yum Dvd03~G49~07~07 - Ship Trip (b)}
dscn3388.jpg,130890,210105b6,\Gallery 49\07 - Ship Trip (b)\,{Shemale Yum Dvd03~G49~07~07 - Ship Trip (b)}
dscn3389.jpg,155454,294093f0,\Gallery 49\07 - Ship Trip (b)\,{Shemale Yum Dvd03~G49~07~07 - Ship Trip (b)}
dscn3390.jpg,224911,cdec2540,\Gallery 49\07 - Ship Trip (b)\,{Shemale Yum Dvd03~G49~07~07 - Ship Trip (b)}
dscn3392.jpg,142080,4ac7a1c1,\Gallery 49\07 - Ship Trip (b)\,{Shemale Yum Dvd03~G49~07~07 - Ship Trip (b)}
dscn3393.jpg,139042,efd7e6bd,\Gallery 49\07 - Ship Trip (b)\,{Shemale Yum Dvd03~G49~07~07 - Ship Trip (b)}
dscn3394.jpg,92669,0d1ce4fe,\Gallery 49\07 - Ship Trip (b)\,{Shemale Yum Dvd03~G49~07~07 - Ship Trip (b)}
dscn3395.jpg,94197,4e19742b,\Gallery 49\07 - Ship Trip (b)\,{Shemale Yum Dvd03~G49~07~07 - Ship Trip (b)}
dscn3398.jpg,100970,76ad76d5,\Gallery 49\07 - Ship Trip (b)\,{Shemale Yum Dvd03~G49~07~07 - Ship Trip (b)}
dscn3399.jpg,119263,3464c5e6,\Gallery 49\07 - Ship Trip (b)\,{Shemale Yum Dvd03~G49~07~07 - Ship Trip (b)}
dscn3400.jpg,113258,13253570,\Gallery 49\07 - Ship Trip (b)\,{Shemale Yum Dvd03~G49~07~07 - Ship Trip (b)}
dscn3401.jpg,114472,da257f37,\Gallery 49\07 - Ship Trip (b)\,{Shemale Yum Dvd03~G49~07~07 - Ship Trip (b)}
dscn3402.jpg,103089,1ca9b8be,\Gallery 49\07 - Ship Trip (b)\,{Shemale Yum Dvd03~G49~07~07 - Ship Trip (b)}
dscn3403.jpg,99717,5c26ffcc,\Gallery 49\07 - Ship Trip (b)\,{Shemale Yum Dvd03~G49~07~07 - Ship Trip (b)}
dscn3405.jpg,102840,8eabce3a,\Gallery 49\07 - Ship Trip (b)\,{Shemale Yum Dvd03~G49~07~07 - Ship Trip (b)}
dscn3406.jpg,137774,ebd32cb6,\Gallery 49\07 - Ship Trip (b)\,{Shemale Yum Dvd03~G49~07~07 - Ship Trip (b)}
dscn3408.jpg,97154,e34e6f8d,\Gallery 49\07 - Ship Trip (b)\,{Shemale Yum Dvd03~G49~07~07 - Ship Trip (b)}
dscn3409.jpg,114255,a52283ea,\Gallery 49\07 - Ship Trip (b)\,{Shemale Yum Dvd03~G49~07~07 - Ship Trip (b)}
dscn3410.jpg,112666,a8a5e19b,\Gallery 49\07 - Ship Trip (b)\,{Shemale Yum Dvd03~G49~07~07 - Ship Trip (b)}
dscn3411.jpg,144387,a293aa6a,\Gallery 49\07 - Ship Trip (b)\,{Shemale Yum Dvd03~G49~07~07 - Ship Trip (b)}
dscn3413.jpg,86635,2a0cf209,\Gallery 49\07 - Ship Trip (b)\,{Shemale Yum Dvd03~G49~07~07 - Ship Trip (b)}
dscn3414.jpg,99744,3ebd11d3,\Gallery 49\07 - Ship Trip (b)\,{Shemale Yum Dvd03~G49~07~07 - Ship Trip (b)}
dscn3415.jpg,133991,196b99ef,\Gallery 49\07 - Ship Trip (b)\,{Shemale Yum Dvd03~G49~07~07 - Ship Trip (b)}
dscn3416.jpg,117388,53b38cd6,\Gallery 49\07 - Ship Trip (b)\,{Shemale Yum Dvd03~G49~07~07 - Ship Trip (b)}
dscn3417.jpg,108263,acfe0266,\Gallery 49\07 - Ship Trip (b)\,{Shemale Yum Dvd03~G49~07~07 - Ship Trip (b)}
dscn3418.jpg,115393,c16f3543,\Gallery 49\07 - Ship Trip (b)\,{Shemale Yum Dvd03~G49~07~07 - Ship Trip (b)}
dscn3419.jpg,126114,c626bc56,\Gallery 49\07 - Ship Trip (b)\,{Shemale Yum Dvd03~G49~07~07 - Ship Trip (b)}
dscn3420.jpg,125722,77a48e70,\Gallery 49\07 - Ship Trip (b)\,{Shemale Yum Dvd03~G49~07~07 - Ship Trip (b)}
dscn3421.jpg,110686,f6a502c6,\Gallery 49\07 - Ship Trip (b)\,{Shemale Yum Dvd03~G49~07~07 - Ship Trip (b)}
dscn3422.jpg,113246,5b9d6c3f,\Gallery 49\07 - Ship Trip (b)\,{Shemale Yum Dvd03~G49~07~07 - Ship Trip (b)}
dscn3423.jpg,122606,f31dd56c,\Gallery 49\07 - Ship Trip (b)\,{Shemale Yum Dvd03~G49~07~07 - Ship Trip (b)}
dscn3424.jpg,129802,3ff17f3d,\Gallery 49\07 - Ship Trip (b)\,{Shemale Yum Dvd03~G49~07~07 - Ship Trip (b)}
dscn3425.jpg,143103,ace28b99,\Gallery 49\07 - Ship Trip (b)\,{Shemale Yum Dvd03~G49~07~07 - Ship Trip (b)}
dscn3426.jpg,155865,3bc3c8fc,\Gallery 49\07 - Ship Trip (b)\,{Shemale Yum Dvd03~G49~07~07 - Ship Trip (b)}
dscn3427.jpg,127876,47382373,\Gallery 49\07 - Ship Trip (b)\,{Shemale Yum Dvd03~G49~07~07 - Ship Trip (b)}
dscn3428.jpg,134039,a9a8f13d,\Gallery 49\07 - Ship Trip (b)\,{Shemale Yum Dvd03~G49~07~07 - Ship Trip (b)}
dscn3429.jpg,151176,1a564c65,\Gallery 49\07 - Ship Trip (b)\,{Shemale Yum Dvd03~G49~07~07 - Ship Trip (b)}
dscn3430.jpg,185508,31b54f0d,\Gallery 49\07 - Ship Trip (b)\,{Shemale Yum Dvd03~G49~07~07 - Ship Trip (b)}
dscn3431.jpg,142488,0c9f760a,\Gallery 49\07 - Ship Trip (b)\,{Shemale Yum Dvd03~G49~07~07 - Ship Trip (b)}
dscn3433.jpg,104744,2db758ac,\Gallery 49\07 - Ship Trip (b)\,{Shemale Yum Dvd03~G49~07~07 - Ship Trip (b)}
dscn3434.jpg,114639,cffc0bbb,\Gallery 49\07 - Ship Trip (b)\,{Shemale Yum Dvd03~G49~07~07 - Ship Trip (b)}
dscn3435.jpg,91397,9e2f0f78,\Gallery 49\07 - Ship Trip (b)\,{Shemale Yum Dvd03~G49~07~07 - Ship Trip (b)}
dscn3436.jpg,95203,e7ede93a,\Gallery 49\07 - Ship Trip (b)\,{Shemale Yum Dvd03~G49~07~07 - Ship Trip (b)}
dscn3440.jpg,131859,08e91a30,\Gallery 49\07 - Ship Trip (b)\,{Shemale Yum Dvd03~G49~07~07 - Ship Trip (b)}
dscn3441.jpg,131925,4af6b306,\Gallery 49\07 - Ship Trip (b)\,{Shemale Yum Dvd03~G49~07~07 - Ship Trip (b)}
dscn3442.jpg,121531,18f0b852,\Gallery 49\07 - Ship Trip (b)\,{Shemale Yum Dvd03~G49~07~07 - Ship Trip (b)}
dscn3462.jpg,132012,65ac13ef,\Gallery 49\07 - Ship Trip (b)\,{Shemale Yum Dvd03~G49~07~07 - Ship Trip (b)}
dscn3463.jpg,143135,eac7035b,\Gallery 49\07 - Ship Trip (b)\,{Shemale Yum Dvd03~G49~07~07 - Ship Trip (b)}
dscn3464.jpg,155516,23375d5d,\Gallery 49\07 - Ship Trip (b)\,{Shemale Yum Dvd03~G49~07~07 - Ship Trip (b)}
dscn3469.jpg,156289,a5d3222d,\Gallery 49\07 - Ship Trip (b)\,{Shemale Yum Dvd03~G49~07~07 - Ship Trip (b)}
dscn3470.jpg,173075,46338501,\Gallery 49\07 - Ship Trip (b)\,{Shemale Yum Dvd03~G49~07~07 - Ship Trip (b)}
dscn3475.jpg,197836,0f93f91c,\Gallery 49\07 - Ship Trip (b)\,{Shemale Yum Dvd03~G49~07~07 - Ship Trip (b)}
dscn3478.jpg,104475,0894799e,\Gallery 49\07 - Ship Trip (b)\,{Shemale Yum Dvd03~G49~07~07 - Ship Trip (b)}
dscn3479.jpg,134447,210d25ce,\Gallery 49\07 - Ship Trip (b)\,{Shemale Yum Dvd03~G49~07~07 - Ship Trip (b)}
dscn3487.jpg,116070,f9cfd14e,\Gallery 49\07 - Ship Trip (b)\,{Shemale Yum Dvd03~G49~07~07 - Ship Trip (b)}
dscn3493.jpg,126059,4b3796f8,\Gallery 49\07 - Ship Trip (b)\,{Shemale Yum Dvd03~G49~07~07 - Ship Trip (b)}
dscn3494.jpg,112641,d8323538,\Gallery 49\07 - Ship Trip (b)\,{Shemale Yum Dvd03~G49~07~07 - Ship Trip (b)}
dscn3496.jpg,110912,1b16b5d4,\Gallery 49\07 - Ship Trip (b)\,{Shemale Yum Dvd03~G49~07~07 - Ship Trip (b)}
dscn3499.jpg,144461,370bd3e8,\Gallery 49\07 - Ship Trip (b)\,{Shemale Yum Dvd03~G49~07~07 - Ship Trip (b)}
img_0367.jpg,121642,dfd6830a,\Gallery 49\07 - Ship Trip (b)\,{Shemale Yum Dvd03~G49~07~07 - Ship Trip (b)}
img_0371.jpg,147024,56094616,\Gallery 49\07 - Ship Trip (b)\,{Shemale Yum Dvd03~G49~07~07 - Ship Trip (b)}
img_0382.jpg,104633,43cd7cf7,\Gallery 49\07 - Ship Trip (b)\,{Shemale Yum Dvd03~G49~07~07 - Ship Trip (b)}
img_0385.jpg,160991,aa1146bb,\Gallery 49\07 - Ship Trip (b)\,{Shemale Yum Dvd03~G49~07~07 - Ship Trip (b)}
img_0386.jpg,170662,14ecc6e0,\Gallery 49\07 - Ship Trip (b)\,{Shemale Yum Dvd03~G49~07~07 - Ship Trip (b)}
img_0387.jpg,174041,c84dab22,\Gallery 49\07 - Ship Trip (b)\,{Shemale Yum Dvd03~G49~07~07 - Ship Trip (b)}
img_0388.jpg,139469,302356e9,\Gallery 49\07 - Ship Trip (b)\,{Shemale Yum Dvd03~G49~07~07 - Ship Trip (b)}
img_0389.jpg,179173,aedc878f,\Gallery 49\07 - Ship Trip (b)\,{Shemale Yum Dvd03~G49~07~07 - Ship Trip (b)}
img_0390.jpg,152621,93d955b2,\Gallery 49\07 - Ship Trip (b)\,{Shemale Yum Dvd03~G49~07~07 - Ship Trip (b)}
img_0391.jpg,139535,7c185089,\Gallery 49\07 - Ship Trip (b)\,{Shemale Yum Dvd03~G49~07~07 - Ship Trip (b)}
img_0392.jpg,141390,0bcf37ac,\Gallery 49\07 - Ship Trip (b)\,{Shemale Yum Dvd03~G49~07~07 - Ship Trip (b)}
img_0393.jpg,112462,26072a68,\Gallery 49\07 - Ship Trip (b)\,{Shemale Yum Dvd03~G49~07~07 - Ship Trip (b)}
img_0394.jpg,136104,af64b287,\Gallery 49\07 - Ship Trip (b)\,{Shemale Yum Dvd03~G49~07~07 - Ship Trip (b)}
img_0399.jpg,122916,11fbf0ef,\Gallery 49\07 - Ship Trip (b)\,{Shemale Yum Dvd03~G49~07~07 - Ship Trip (b)}
img_0400.jpg,129862,80cd0386,\Gallery 49\07 - Ship Trip (b)\,{Shemale Yum Dvd03~G49~07~07 - Ship Trip (b)}
img_0401.jpg,127412,4694e722,\Gallery 49\07 - Ship Trip (b)\,{Shemale Yum Dvd03~G49~07~07 - Ship Trip (b)}
img_0402.jpg,134481,da0a8340,\Gallery 49\07 - Ship Trip (b)\,{Shemale Yum Dvd03~G49~07~07 - Ship Trip (b)}
img_0403.jpg,149732,00db8dec,\Gallery 49\07 - Ship Trip (b)\,{Shemale Yum Dvd03~G49~07~07 - Ship Trip (b)}
img_0404.jpg,135351,48bc99dc,\Gallery 49\07 - Ship Trip (b)\,{Shemale Yum Dvd03~G49~07~07 - Ship Trip (b)}
img_0405.jpg,136128,0d59c6b5,\Gallery 49\07 - Ship Trip (b)\,{Shemale Yum Dvd03~G49~07~07 - Ship Trip (b)}
img_0407.jpg,138657,bc3f8353,\Gallery 49\07 - Ship Trip (b)\,{Shemale Yum Dvd03~G49~07~07 - Ship Trip (b)}
img_0408.jpg,166570,0b86aa95,\Gallery 49\07 - Ship Trip (b)\,{Shemale Yum Dvd03~G49~07~07 - Ship Trip (b)}
img_0411.jpg,113761,69ab868c,\Gallery 49\07 - Ship Trip (b)\,{Shemale Yum Dvd03~G49~07~07 - Ship Trip (b)}
img_0412.jpg,137042,e92a1ab3,\Gallery 49\07 - Ship Trip (b)\,{Shemale Yum Dvd03~G49~07~07 - Ship Trip (b)}
img_0413.jpg,131246,4fcce8b3,\Gallery 49\07 - Ship Trip (b)\,{Shemale Yum Dvd03~G49~07~07 - Ship Trip (b)}
img_0415.jpg,125725,7f8c1738,\Gallery 49\07 - Ship Trip (b)\,{Shemale Yum Dvd03~G49~07~07 - Ship Trip (b)}
img_0416.jpg,165294,a6ea2507,\Gallery 49\07 - Ship Trip (b)\,{Shemale Yum Dvd03~G49~07~07 - Ship Trip (b)}
img_0417.jpg,136102,de407c43,\Gallery 49\07 - Ship Trip (b)\,{Shemale Yum Dvd03~G49~07~07 - Ship Trip (b)}
img_0419.jpg,144582,4126ad53,\Gallery 49\07 - Ship Trip (b)\,{Shemale Yum Dvd03~G49~07~07 - Ship Trip (b)}
img_0420.jpg,162222,81e116b4,\Gallery 49\07 - Ship Trip (b)\,{Shemale Yum Dvd03~G49~07~07 - Ship Trip (b)}
img_0421.jpg,130041,317a6000,\Gallery 49\07 - Ship Trip (b)\,{Shemale Yum Dvd03~G49~07~07 - Ship Trip (b)}
img_0422.jpg,154668,788e3132,\Gallery 49\07 - Ship Trip (b)\,{Shemale Yum Dvd03~G49~07~07 - Ship Trip (b)}
img_0423.jpg,149863,c557b421,\Gallery 49\07 - Ship Trip (b)\,{Shemale Yum Dvd03~G49~07~07 - Ship Trip (b)}
img_0424.jpg,146863,021a2722,\Gallery 49\07 - Ship Trip (b)\,{Shemale Yum Dvd03~G49~07~07 - Ship Trip (b)}
img_0425.jpg,113229,744d2733,\Gallery 49\07 - Ship Trip (b)\,{Shemale Yum Dvd03~G49~07~07 - Ship Trip (b)}
img_0426.jpg,130462,acc74ee6,\Gallery 49\07 - Ship Trip (b)\,{Shemale Yum Dvd03~G49~07~07 - Ship Trip (b)}
img_0427.jpg,136368,9c09e090,\Gallery 49\07 - Ship Trip (b)\,{Shemale Yum Dvd03~G49~07~07 - Ship Trip (b)}
img_0428.jpg,116791,c0009c4f,\Gallery 49\07 - Ship Trip (b)\,{Shemale Yum Dvd03~G49~07~07 - Ship Trip (b)}
img_0429.jpg,102749,abeee891,\Gallery 49\07 - Ship Trip (b)\,{Shemale Yum Dvd03~G49~07~07 - Ship Trip (b)}
img_0430.jpg,151512,2ae8a63b,\Gallery 49\07 - Ship Trip (b)\,{Shemale Yum Dvd03~G49~07~07 - Ship Trip (b)}
img_0432.jpg,154335,28fefa67,\Gallery 49\07 - Ship Trip (b)\,{Shemale Yum Dvd03~G49~07~07 - Ship Trip (b)}
img_0433.jpg,157222,8f317793,\Gallery 49\07 - Ship Trip (b)\,{Shemale Yum Dvd03~G49~07~07 - Ship Trip (b)}
img_0434.jpg,138606,c57e3b47,\Gallery 49\07 - Ship Trip (b)\,{Shemale Yum Dvd03~G49~07~07 - Ship Trip (b)}
img_0441.jpg,109742,fc6e5ad4,\Gallery 49\07 - Ship Trip (b)\,{Shemale Yum Dvd03~G49~07~07 - Ship Trip (b)}
ship_trip001.jpg,129459,4f57829b,\Gallery 49\07 - Ship Trip (b)\,{Shemale Yum Dvd03~G49~07~07 - Ship Trip (b)}
ship_trip002.jpg,139747,5cc2c09c,\Gallery 49\07 - Ship Trip (b)\,{Shemale Yum Dvd03~G49~07~07 - Ship Trip (b)}
ship_trip003.jpg,123177,53e26a77,\Gallery 49\07 - Ship Trip (b)\,{Shemale Yum Dvd03~G49~07~07 - Ship Trip (b)}
ship_trip004.jpg,131615,66bd05fc,\Gallery 49\07 - Ship Trip (b)\,{Shemale Yum Dvd03~G49~07~07 - Ship Trip (b)}
ship_trip005.jpg,137524,58c6f156,\Gallery 49\07 - Ship Trip (b)\,{Shemale Yum Dvd03~G49~07~07 - Ship Trip (b)}
ship_trip006.jpg,132822,5c6f7c7f,\Gallery 49\07 - Ship Trip (b)\,{Shemale Yum Dvd03~G49~07~07 - Ship Trip (b)}
ship_trip007.jpg,142322,55c1a3e2,\Gallery 49\07 - Ship Trip (b)\,{Shemale Yum Dvd03~G49~07~07 - Ship Trip (b)}
ship_trip008.jpg,125162,1a66916c,\Gallery 49\07 - Ship Trip (b)\,{Shemale Yum Dvd03~G49~07~07 - Ship Trip (b)}
ship_trip009.jpg,131629,8b5312cb,\Gallery 49\07 - Ship Trip (b)\,{Shemale Yum Dvd03~G49~07~07 - Ship Trip (b)}
ship_trip010.jpg,119766,b9b5d860,\Gallery 49\07 - Ship Trip (b)\,{Shemale Yum Dvd03~G49~07~07 - Ship Trip (b)}
ship_trip011.jpg,122448,61cabbc5,\Gallery 49\07 - Ship Trip (b)\,{Shemale Yum Dvd03~G49~07~07 - Ship Trip (b)}
ship_trip012.jpg,127210,cdfafe74,\Gallery 49\07 - Ship Trip (b)\,{Shemale Yum Dvd03~G49~07~07 - Ship Trip (b)}
ship_trip013.jpg,128682,ffe3e8f1,\Gallery 49\07 - Ship Trip (b)\,{Shemale Yum Dvd03~G49~07~07 - Ship Trip (b)}
ship_trip014.jpg,120616,734c4fa1,\Gallery 49\07 - Ship Trip (b)\,{Shemale Yum Dvd03~G49~07~07 - Ship Trip (b)}
ship_trip015.jpg,134432,11a0a8e3,\Gallery 49\07 - Ship Trip (b)\,{Shemale Yum Dvd03~G49~07~07 - Ship Trip (b)}
ship_trip016.jpg,111850,9f6b040f,\Gallery 49\07 - Ship Trip (b)\,{Shemale Yum Dvd03~G49~07~07 - Ship Trip (b)}
ship_trip017.jpg,133219,fdab7e6e,\Gallery 49\07 - Ship Trip (b)\,{Shemale Yum Dvd03~G49~07~07 - Ship Trip (b)}
ship_trip018.jpg,138497,5a78c07e,\Gallery 49\07 - Ship Trip (b)\,{Shemale Yum Dvd03~G49~07~07 - Ship Trip (b)}
ship_trip019.jpg,137438,a595b732,\Gallery 49\07 - Ship Trip (b)\,{Shemale Yum Dvd03~G49~07~07 - Ship Trip (b)}
ship_trip020.jpg,138135,8777a411,\Gallery 49\07 - Ship Trip (b)\,{Shemale Yum Dvd03~G49~07~07 - Ship Trip (b)}
ship_trip021.jpg,138882,24047263,\Gallery 49\07 - Ship Trip (b)\,{Shemale Yum Dvd03~G49~07~07 - Ship Trip (b)}
ship_trip022.jpg,122508,311a8b2d,\Gallery 49\07 - Ship Trip (b)\,{Shemale Yum Dvd03~G49~07~07 - Ship Trip (b)}
ship_trip023.jpg,123318,2d76e19e,\Gallery 49\07 - Ship Trip (b)\,{Shemale Yum Dvd03~G49~07~07 - Ship Trip (b)}
ship_trip024.jpg,125069,fd7b9855,\Gallery 49\07 - Ship Trip (b)\,{Shemale Yum Dvd03~G49~07~07 - Ship Trip (b)}
ship_trip025.jpg,134912,61ea4128,\Gallery 49\07 - Ship Trip (b)\,{Shemale Yum Dvd03~G49~07~07 - Ship Trip (b)}
ship_trip026.jpg,125387,efac57d9,\Gallery 49\07 - Ship Trip (b)\,{Shemale Yum Dvd03~G49~07~07 - Ship Trip (b)}
ship_trip027.jpg,132550,cb2bd0e9,\Gallery 49\07 - Ship Trip (b)\,{Shemale Yum Dvd03~G49~07~07 - Ship Trip (b)}
ship_trip028.jpg,130396,f42d3397,\Gallery 49\07 - Ship Trip (b)\,{Shemale Yum Dvd03~G49~07~07 - Ship Trip (b)}
ship_trip029.jpg,134772,c1a5d5af,\Gallery 49\07 - Ship Trip (b)\,{Shemale Yum Dvd03~G49~07~07 - Ship Trip (b)}
ship_trip030.jpg,123798,1661c573,\Gallery 49\07 - Ship Trip (b)\,{Shemale Yum Dvd03~G49~07~07 - Ship Trip (b)}
ship_trip031.jpg,130362,95fdc7cd,\Gallery 49\07 - Ship Trip (b)\,{Shemale Yum Dvd03~G49~07~07 - Ship Trip (b)}
ship_trip032.jpg,132721,4afab904,\Gallery 49\07 - Ship Trip (b)\,{Shemale Yum Dvd03~G49~07~07 - Ship Trip (b)}
ship_trip033.jpg,142279,624bcff7,\Gallery 49\07 - Ship Trip (b)\,{Shemale Yum Dvd03~G49~07~07 - Ship Trip (b)}
ship_trip034.jpg,126615,e999d80e,\Gallery 49\07 - Ship Trip (b)\,{Shemale Yum Dvd03~G49~07~07 - Ship Trip (b)}
ship_trip035.jpg,127119,c006f040,\Gallery 49\07 - Ship Trip (b)\,{Shemale Yum Dvd03~G49~07~07 - Ship Trip (b)}
ship_trip036.jpg,134064,d25fd2d2,\Gallery 49\07 - Ship Trip (b)\,{Shemale Yum Dvd03~G49~07~07 - Ship Trip (b)}
ship_trip037.jpg,142035,0eac206a,\Gallery 49\07 - Ship Trip (b)\,{Shemale Yum Dvd03~G49~07~07 - Ship Trip (b)}
ship_trip038.jpg,140359,346ff93d,\Gallery 49\07 - Ship Trip (b)\,{Shemale Yum Dvd03~G49~07~07 - Ship Trip (b)}
ship_trip039.jpg,128312,f56629ef,\Gallery 49\07 - Ship Trip (b)\,{Shemale Yum Dvd03~G49~07~07 - Ship Trip (b)}
ship_trip040.jpg,136874,0c5b18bc,\Gallery 49\07 - Ship Trip (b)\,{Shemale Yum Dvd03~G49~07~07 - Ship Trip (b)}
ship_trip041.jpg,143333,2457fc85,\Gallery 49\07 - Ship Trip (b)\,{Shemale Yum Dvd03~G49~07~07 - Ship Trip (b)}
ship_trip042.jpg,89498,a6667e35,\Gallery 49\07 - Ship Trip (b)\,{Shemale Yum Dvd03~G49~07~07 - Ship Trip (b)}
ship_trip043.jpg,132943,82672495,\Gallery 49\07 - Ship Trip (b)\,{Shemale Yum Dvd03~G49~07~07 - Ship Trip (b)}
ship_trip044.jpg,116402,a66e6cff,\Gallery 49\07 - Ship Trip (b)\,{Shemale Yum Dvd03~G49~07~07 - Ship Trip (b)}
ship_trip045.jpg,135816,e3bfd810,\Gallery 49\07 - Ship Trip (b)\,{Shemale Yum Dvd03~G49~07~07 - Ship Trip (b)}
ship_trip046.jpg,129474,bc0a1a83,\Gallery 49\07 - Ship Trip (b)\,{Shemale Yum Dvd03~G49~07~07 - Ship Trip (b)}
ship_trip047.jpg,134383,c77fbedb,\Gallery 49\07 - Ship Trip (b)\,{Shemale Yum Dvd03~G49~07~07 - Ship Trip (b)}
ship_trip048.jpg,136512,ab653f9e,\Gallery 49\07 - Ship Trip (b)\,{Shemale Yum Dvd03~G49~07~07 - Ship Trip (b)}
ship_trip049.jpg,136247,a13d76c6,\Gallery 49\07 - Ship Trip (b)\,{Shemale Yum Dvd03~G49~07~07 - Ship Trip (b)}
ship_trip050.jpg,142294,cf8ff8bf,\Gallery 49\07 - Ship Trip (b)\,{Shemale Yum Dvd03~G49~07~07 - Ship Trip (b)}
ship_trip051.jpg,142961,8d39d676,\Gallery 49\07 - Ship Trip (b)\,{Shemale Yum Dvd03~G49~07~07 - Ship Trip (b)}
ship_trip052.jpg,128307,99cb9ce4,\Gallery 49\07 - Ship Trip (b)\,{Shemale Yum Dvd03~G49~07~07 - Ship Trip (b)}
ship_trip053.jpg,119314,17284870,\Gallery 49\07 - Ship Trip (b)\,{Shemale Yum Dvd03~G49~07~07 - Ship Trip (b)}
ship_trip054.jpg,177744,c1a9c94b,\Gallery 49\07 - Ship Trip (b)\,{Shemale Yum Dvd03~G49~07~07 - Ship Trip (b)}
ship_trip055.jpg,128137,6ad092b6,\Gallery 49\07 - Ship Trip (b)\,{Shemale Yum Dvd03~G49~07~07 - Ship Trip (b)}
ship_trip056.jpg,134029,efa9c15e,\Gallery 49\07 - Ship Trip (b)\,{Shemale Yum Dvd03~G49~07~07 - Ship Trip (b)}
ship_trip057.jpg,142837,fbb09836,\Gallery 49\07 - Ship Trip (b)\,{Shemale Yum Dvd03~G49~07~07 - Ship Trip (b)}
ship_trip058.jpg,137667,48284fc8,\Gallery 49\07 - Ship Trip (b)\,{Shemale Yum Dvd03~G49~07~07 - Ship Trip (b)}
ship_trip059.jpg,147772,12df9673,\Gallery 49\07 - Ship Trip (b)\,{Shemale Yum Dvd03~G49~07~07 - Ship Trip (b)}
ship_trip060.jpg,140390,ab195ee9,\Gallery 49\07 - Ship Trip (b)\,{Shemale Yum Dvd03~G49~07~07 - Ship Trip (b)}
ship_trip061.jpg,130679,a815256d,\Gallery 49\07 - Ship Trip (b)\,{Shemale Yum Dvd03~G49~07~07 - Ship Trip (b)}
ship_trip062.jpg,138916,5700b9ac,\Gallery 49\07 - Ship Trip (b)\,{Shemale Yum Dvd03~G49~07~07 - Ship Trip (b)}
ship_trip063.jpg,137062,a20ee51f,\Gallery 49\07 - Ship Trip (b)\,{Shemale Yum Dvd03~G49~07~07 - Ship Trip (b)}
ship_trip064.jpg,136358,8c57108f,\Gallery 49\07 - Ship Trip (b)\,{Shemale Yum Dvd03~G49~07~07 - Ship Trip (b)}
ship_trip065.jpg,122178,3c1f1e70,\Gallery 49\07 - Ship Trip (b)\,{Shemale Yum Dvd03~G49~07~07 - Ship Trip (b)}
ship_trip066.jpg,133555,cc344428,\Gallery 49\07 - Ship Trip (b)\,{Shemale Yum Dvd03~G49~07~07 - Ship Trip (b)}
ship_trip067.jpg,140399,f2e3c0dc,\Gallery 49\07 - Ship Trip (b)\,{Shemale Yum Dvd03~G49~07~07 - Ship Trip (b)}
ship_trip068.jpg,122518,c65fcab6,\Gallery 49\07 - Ship Trip (b)\,{Shemale Yum Dvd03~G49~07~07 - Ship Trip (b)}
ship_trip069.jpg,124759,54097942,\Gallery 49\07 - Ship Trip (b)\,{Shemale Yum Dvd03~G49~07~07 - Ship Trip (b)}
ship_trip070.jpg,116198,3219082e,\Gallery 49\07 - Ship Trip (b)\,{Shemale Yum Dvd03~G49~07~07 - Ship Trip (b)}
ship_trip071.jpg,125041,f92e3912,\Gallery 49\07 - Ship Trip (b)\,{Shemale Yum Dvd03~G49~07~07 - Ship Trip (b)}
ship_trip072.jpg,134260,772a5873,\Gallery 49\07 - Ship Trip (b)\,{Shemale Yum Dvd03~G49~07~07 - Ship Trip (b)}
ship_trip073.jpg,139673,3778508d,\Gallery 49\07 - Ship Trip (b)\,{Shemale Yum Dvd03~G49~07~07 - Ship Trip (b)}
ship_trip074.jpg,133395,44a0716c,\Gallery 49\07 - Ship Trip (b)\,{Shemale Yum Dvd03~G49~07~07 - Ship Trip (b)}
ship_trip075.jpg,124597,ba0fa412,\Gallery 49\07 - Ship Trip (b)\,{Shemale Yum Dvd03~G49~07~07 - Ship Trip (b)}
ship_trip076.jpg,137960,a323aea9,\Gallery 49\07 - Ship Trip (b)\,{Shemale Yum Dvd03~G49~07~07 - Ship Trip (b)}
ship_trip077.jpg,113153,bc0fb91c,\Gallery 49\07 - Ship Trip (b)\,{Shemale Yum Dvd03~G49~07~07 - Ship Trip (b)}
ship_trip078.jpg,136344,280fc949,\Gallery 49\07 - Ship Trip (b)\,{Shemale Yum Dvd03~G49~07~07 - Ship Trip (b)}
ship_trip079.jpg,170778,3968beb4,\Gallery 49\07 - Ship Trip (b)\,{Shemale Yum Dvd03~G49~07~07 - Ship Trip (b)}
ship_trip080.jpg,158222,15b4c0c9,\Gallery 49\07 - Ship Trip (b)\,{Shemale Yum Dvd03~G49~07~07 - Ship Trip (b)}
ship_trip081.jpg,172370,45e7e706,\Gallery 49\07 - Ship Trip (b)\,{Shemale Yum Dvd03~G49~07~07 - Ship Trip (b)}
ship_trip082.jpg,132956,cabfc069,\Gallery 49\07 - Ship Trip (b)\,{Shemale Yum Dvd03~G49~07~07 - Ship Trip (b)}
ship_trip083.jpg,126187,e6668eba,\Gallery 49\07 - Ship Trip (b)\,{Shemale Yum Dvd03~G49~07~07 - Ship Trip (b)}
ship_trip084.jpg,120139,a6272b9e,\Gallery 49\07 - Ship Trip (b)\,{Shemale Yum Dvd03~G49~07~07 - Ship Trip (b)}
ship_trip085.jpg,95746,e2f82397,\Gallery 49\07 - Ship Trip (b)\,{Shemale Yum Dvd03~G49~07~07 - Ship Trip (b)}
ship_trip086.jpg,131767,0b1d56c3,\Gallery 49\07 - Ship Trip (b)\,{Shemale Yum Dvd03~G49~07~07 - Ship Trip (b)}
ship_trip087.jpg,138863,25b016d4,\Gallery 49\07 - Ship Trip (b)\,{Shemale Yum Dvd03~G49~07~07 - Ship Trip (b)}
ship_trip088.jpg,127005,d2f13e99,\Gallery 49\07 - Ship Trip (b)\,{Shemale Yum Dvd03~G49~07~07 - Ship Trip (b)}
ship_trip089.jpg,139555,3539dcc2,\Gallery 49\07 - Ship Trip (b)\,{Shemale Yum Dvd03~G49~07~07 - Ship Trip (b)}
ship_trip090.jpg,136414,76afa0c1,\Gallery 49\07 - Ship Trip (b)\,{Shemale Yum Dvd03~G49~07~07 - Ship Trip (b)}
ship_trip091.jpg,131507,5bb5a6a9,\Gallery 49\07 - Ship Trip (b)\,{Shemale Yum Dvd03~G49~07~07 - Ship Trip (b)}
ship_trip092.jpg,131962,2e662c4f,\Gallery 49\07 - Ship Trip (b)\,{Shemale Yum Dvd03~G49~07~07 - Ship Trip (b)}
ship_trip093.jpg,137665,a8fd751c,\Gallery 49\07 - Ship Trip (b)\,{Shemale Yum Dvd03~G49~07~07 - Ship Trip (b)}
ship_trip094.jpg,127094,fbde96f6,\Gallery 49\07 - Ship Trip (b)\,{Shemale Yum Dvd03~G49~07~07 - Ship Trip (b)}
ship_trip095.jpg,133570,05e1940d,\Gallery 49\07 - Ship Trip (b)\,{Shemale Yum Dvd03~G49~07~07 - Ship Trip (b)}
ship_trip096.jpg,129406,6fa56007,\Gallery 49\07 - Ship Trip (b)\,{Shemale Yum Dvd03~G49~07~07 - Ship Trip (b)}
ship_trip097.jpg,115312,7c52101d,\Gallery 49\07 - Ship Trip (b)\,{Shemale Yum Dvd03~G49~07~07 - Ship Trip (b)}
ship_trip098.jpg,135538,0f876a95,\Gallery 49\07 - Ship Trip (b)\,{Shemale Yum Dvd03~G49~07~07 - Ship Trip (b)}
ship_trip099.jpg,120807,b32179a3,\Gallery 49\07 - Ship Trip (b)\,{Shemale Yum Dvd03~G49~07~07 - Ship Trip (b)}
ship_trip100.jpg,138404,352de0ec,\Gallery 49\07 - Ship Trip (b)\,{Shemale Yum Dvd03~G49~07~07 - Ship Trip (b)}
ship_trip101.jpg,124614,ebda6b47,\Gallery 49\07 - Ship Trip (b)\,{Shemale Yum Dvd03~G49~07~07 - Ship Trip (b)}
ship_trip102.jpg,123608,d98ba634,\Gallery 49\07 - Ship Trip (b)\,{Shemale Yum Dvd03~G49~07~07 - Ship Trip (b)}
ship_trip103.jpg,124455,19a20c78,\Gallery 49\07 - Ship Trip (b)\,{Shemale Yum Dvd03~G49~07~07 - Ship Trip (b)}
ship_trip104.jpg,130558,be13fd8b,\Gallery 49\07 - Ship Trip (b)\,{Shemale Yum Dvd03~G49~07~07 - Ship Trip (b)}
ship_trip105.jpg,132624,53e24541,\Gallery 49\07 - Ship Trip (b)\,{Shemale Yum Dvd03~G49~07~07 - Ship Trip (b)}
ship_trip106.jpg,129392,b6788652,\Gallery 49\07 - Ship Trip (b)\,{Shemale Yum Dvd03~G49~07~07 - Ship Trip (b)}
ship_trip107.jpg,134563,b517426f,\Gallery 49\07 - Ship Trip (b)\,{Shemale Yum Dvd03~G49~07~07 - Ship Trip (b)}
ship_trip108.jpg,130468,52b4864f,\Gallery 49\07 - Ship Trip (b)\,{Shemale Yum Dvd03~G49~07~07 - Ship Trip (b)}
ship_trip109.jpg,129374,af24437c,\Gallery 49\07 - Ship Trip (b)\,{Shemale Yum Dvd03~G49~07~07 - Ship Trip (b)}
ship_trip110.jpg,139809,99522884,\Gallery 49\07 - Ship Trip (b)\,{Shemale Yum Dvd03~G49~07~07 - Ship Trip (b)}
ship_trip111.jpg,132491,41040b25,\Gallery 49\07 - Ship Trip (b)\,{Shemale Yum Dvd03~G49~07~07 - Ship Trip (b)}
ship_trip112.jpg,132102,e5607004,\Gallery 49\07 - Ship Trip (b)\,{Shemale Yum Dvd03~G49~07~07 - Ship Trip (b)}
ship_trip113.jpg,134646,76f7e17b,\Gallery 49\07 - Ship Trip (b)\,{Shemale Yum Dvd03~G49~07~07 - Ship Trip (b)}
ship_trip114.jpg,122498,9cf6a31a,\Gallery 49\07 - Ship Trip (b)\,{Shemale Yum Dvd03~G49~07~07 - Ship Trip (b)}
ship_trip115.jpg,133884,a398a438,\Gallery 49\07 - Ship Trip (b)\,{Shemale Yum Dvd03~G49~07~07 - Ship Trip (b)}
ship_trip116.jpg,131873,cad27b52,\Gallery 49\07 - Ship Trip (b)\,{Shemale Yum Dvd03~G49~07~07 - Ship Trip (b)}
ship_trip117.jpg,114496,ecf4c786,\Gallery 49\07 - Ship Trip (b)\,{Shemale Yum Dvd03~G49~07~07 - Ship Trip (b)}
ship_trip118.jpg,130718,5a077182,\Gallery 49\07 - Ship Trip (b)\,{Shemale Yum Dvd03~G49~07~07 - Ship Trip (b)}
ship_trip119.jpg,125692,9654dc59,\Gallery 49\07 - Ship Trip (b)\,{Shemale Yum Dvd03~G49~07~07 - Ship Trip (b)}
ship_trip127.jpg,137076,8207c0fc,\Gallery 49\07 - Ship Trip (b)\,{Shemale Yum Dvd03~G49~07~07 - Ship Trip (b)}
ship_trip128.jpg,118152,6db2c7bf,\Gallery 49\07 - Ship Trip (b)\,{Shemale Yum Dvd03~G49~07~07 - Ship Trip (b)}
ship_trip129.jpg,144269,1edf192c,\Gallery 49\07 - Ship Trip (b)\,{Shemale Yum Dvd03~G49~07~07 - Ship Trip (b)}
ship_trip130.jpg,142474,227c9320,\Gallery 49\07 - Ship Trip (b)\,{Shemale Yum Dvd03~G49~07~07 - Ship Trip (b)}
ship_trip131.jpg,117946,e9ab785e,\Gallery 49\07 - Ship Trip (b)\,{Shemale Yum Dvd03~G49~07~07 - Ship Trip (b)}
ship_trip132.jpg,134771,4d69110b,\Gallery 49\07 - Ship Trip (b)\,{Shemale Yum Dvd03~G49~07~07 - Ship Trip (b)}
ship_trip133.jpg,121037,421a8881,\Gallery 49\07 - Ship Trip (b)\,{Shemale Yum Dvd03~G49~07~07 - Ship Trip (b)}
ship_trip134.jpg,134757,dd520a80,\Gallery 49\07 - Ship Trip (b)\,{Shemale Yum Dvd03~G49~07~07 - Ship Trip (b)}
ship_trip135.jpg,142743,9c23efbf,\Gallery 49\07 - Ship Trip (b)\,{Shemale Yum Dvd03~G49~07~07 - Ship Trip (b)}
ship_trip136.jpg,132102,d8405083,\Gallery 49\07 - Ship Trip (b)\,{Shemale Yum Dvd03~G49~07~07 - Ship Trip (b)}
ship_trip137.jpg,127340,701612ee,\Gallery 49\07 - Ship Trip (b)\,{Shemale Yum Dvd03~G49~07~07 - Ship Trip (b)}
ship_trip138.jpg,124886,b2faa6f8,\Gallery 49\07 - Ship Trip (b)\,{Shemale Yum Dvd03~G49~07~07 - Ship Trip (b)}
ship_trip139.jpg,102780,5a5fa58b,\Gallery 49\07 - Ship Trip (b)\,{Shemale Yum Dvd03~G49~07~07 - Ship Trip (b)}
ship_trip140.jpg,112245,8708b24a,\Gallery 49\07 - Ship Trip (b)\,{Shemale Yum Dvd03~G49~07~07 - Ship Trip (b)}
ship_trip142.jpg,132406,3d6ea4ad,\Gallery 49\07 - Ship Trip (b)\,{Shemale Yum Dvd03~G49~07~07 - Ship Trip (b)}
ship_trip143.jpg,103250,fd57b794,\Gallery 49\07 - Ship Trip (b)\,{Shemale Yum Dvd03~G49~07~07 - Ship Trip (b)}
ship_trip144.jpg,112035,2dc9f27a,\Gallery 49\07 - Ship Trip (b)\,{Shemale Yum Dvd03~G49~07~07 - Ship Trip (b)}
ship_trip145.jpg,127335,bc340475,\Gallery 49\07 - Ship Trip (b)\,{Shemale Yum Dvd03~G49~07~07 - Ship Trip (b)}
ship_trip146.jpg,139661,65048334,\Gallery 49\07 - Ship Trip (b)\,{Shemale Yum Dvd03~G49~07~07 - Ship Trip (b)}
ship_trip147.jpg,116408,76742d02,\Gallery 49\07 - Ship Trip (b)\,{Shemale Yum Dvd03~G49~07~07 - Ship Trip (b)}
ship_trip149.jpg,113413,421b0ef7,\Gallery 49\07 - Ship Trip (b)\,{Shemale Yum Dvd03~G49~07~07 - Ship Trip (b)}
ship_trip150.jpg,122155,63480343,\Gallery 49\07 - Ship Trip (b)\,{Shemale Yum Dvd03~G49~07~07 - Ship Trip (b)}
ship_trip151.jpg,137562,cb2b6c3d,\Gallery 49\07 - Ship Trip (b)\,{Shemale Yum Dvd03~G49~07~07 - Ship Trip (b)}
ship_trip152.jpg,127389,520c2bd7,\Gallery 49\07 - Ship Trip (b)\,{Shemale Yum Dvd03~G49~07~07 - Ship Trip (b)}
ship_trip153.jpg,140517,40747736,\Gallery 49\07 - Ship Trip (b)\,{Shemale Yum Dvd03~G49~07~07 - Ship Trip (b)}
ship_trip154.jpg,133660,b99e6055,\Gallery 49\07 - Ship Trip (b)\,{Shemale Yum Dvd03~G49~07~07 - Ship Trip (b)}
ship_trip155.jpg,131506,0f7d5ac3,\Gallery 49\07 - Ship Trip (b)\,{Shemale Yum Dvd03~G49~07~07 - Ship Trip (b)}
ship_trip156.jpg,128554,85351719,\Gallery 49\07 - Ship Trip (b)\,{Shemale Yum Dvd03~G49~07~07 - Ship Trip (b)}
ship_trip157.jpg,133825,187a5e20,\Gallery 49\07 - Ship Trip (b)\,{Shemale Yum Dvd03~G49~07~07 - Ship Trip (b)}
ship_trip158.jpg,85498,3d316ee1,\Gallery 49\07 - Ship Trip (b)\,{Shemale Yum Dvd03~G49~07~07 - Ship Trip (b)}
camila_queen_001.jpg,143126,1314b03c,\Gallery 49\08 - Camilla Queen\,{Shemale Yum Dvd03~G49~08~08 - Camilla Queen}
camila_queen_002.jpg,151050,26ca655c,\Gallery 49\08 - Camilla Queen\,{Shemale Yum Dvd03~G49~08~08 - Camilla Queen}
camila_queen_003.jpg,162593,adcaccd8,\Gallery 49\08 - Camilla Queen\,{Shemale Yum Dvd03~G49~08~08 - Camilla Queen}
camila_queen_004.jpg,146297,0f1c6401,\Gallery 49\08 - Camilla Queen\,{Shemale Yum Dvd03~G49~08~08 - Camilla Queen}
camila_queen_005.jpg,150869,b5abd707,\Gallery 49\08 - Camilla Queen\,{Shemale Yum Dvd03~G49~08~08 - Camilla Queen}
camila_queen_006.jpg,149475,332c3838,\Gallery 49\08 - Camilla Queen\,{Shemale Yum Dvd03~G49~08~08 - Camilla Queen}
camila_queen_007.jpg,151497,e72bc42b,\Gallery 49\08 - Camilla Queen\,{Shemale Yum Dvd03~G49~08~08 - Camilla Queen}
camila_queen_008.jpg,152279,4a8f6039,\Gallery 49\08 - Camilla Queen\,{Shemale Yum Dvd03~G49~08~08 - Camilla Queen}
camila_queen_009.jpg,145637,85f167b0,\Gallery 49\08 - Camilla Queen\,{Shemale Yum Dvd03~G49~08~08 - Camilla Queen}
camila_queen_010.jpg,116044,71d2b749,\Gallery 49\08 - Camilla Queen\,{Shemale Yum Dvd03~G49~08~08 - Camilla Queen}
camila_queen_011.jpg,146200,1e32c066,\Gallery 49\08 - Camilla Queen\,{Shemale Yum Dvd03~G49~08~08 - Camilla Queen}
camila_queen_012.jpg,144084,ead0cde0,\Gallery 49\08 - Camilla Queen\,{Shemale Yum Dvd03~G49~08~08 - Camilla Queen}
camila_queen_013.jpg,163409,ed7e1923,\Gallery 49\08 - Camilla Queen\,{Shemale Yum Dvd03~G49~08~08 - Camilla Queen}
camila_queen_014.jpg,159946,f5385cd0,\Gallery 49\08 - Camilla Queen\,{Shemale Yum Dvd03~G49~08~08 - Camilla Queen}
camila_queen_015.jpg,155595,c76fdc5b,\Gallery 49\08 - Camilla Queen\,{Shemale Yum Dvd03~G49~08~08 - Camilla Queen}
camila_queen_016.jpg,141611,f121965b,\Gallery 49\08 - Camilla Queen\,{Shemale Yum Dvd03~G49~08~08 - Camilla Queen}
camila_queen_017.jpg,148603,2802af1b,\Gallery 49\08 - Camilla Queen\,{Shemale Yum Dvd03~G49~08~08 - Camilla Queen}
camila_queen_018.jpg,141301,6fe517d5,\Gallery 49\08 - Camilla Queen\,{Shemale Yum Dvd03~G49~08~08 - Camilla Queen}
camila_queen_019.jpg,142674,2486d5ba,\Gallery 49\08 - Camilla Queen\,{Shemale Yum Dvd03~G49~08~08 - Camilla Queen}
camila_queen_020.jpg,121618,53fe5012,\Gallery 49\08 - Camilla Queen\,{Shemale Yum Dvd03~G49~08~08 - Camilla Queen}
camila_queen_021.jpg,146546,66354c44,\Gallery 49\08 - Camilla Queen\,{Shemale Yum Dvd03~G49~08~08 - Camilla Queen}
camila_queen_022.jpg,116899,bca5ec4a,\Gallery 49\08 - Camilla Queen\,{Shemale Yum Dvd03~G49~08~08 - Camilla Queen}
camila_queen_023.jpg,136882,075db312,\Gallery 49\08 - Camilla Queen\,{Shemale Yum Dvd03~G49~08~08 - Camilla Queen}
camila_queen_024.jpg,132005,e63e2a7e,\Gallery 49\08 - Camilla Queen\,{Shemale Yum Dvd03~G49~08~08 - Camilla Queen}
camila_queen_025.jpg,116987,d9a7444b,\Gallery 49\08 - Camilla Queen\,{Shemale Yum Dvd03~G49~08~08 - Camilla Queen}
camila_queen_026.jpg,147085,c98bc49c,\Gallery 49\08 - Camilla Queen\,{Shemale Yum Dvd03~G49~08~08 - Camilla Queen}
camila_queen_027.jpg,142329,53773998,\Gallery 49\08 - Camilla Queen\,{Shemale Yum Dvd03~G49~08~08 - Camilla Queen}
camila_queen_028.jpg,161690,53926cfe,\Gallery 49\08 - Camilla Queen\,{Shemale Yum Dvd03~G49~08~08 - Camilla Queen}
camila_queen_029.jpg,155049,94dcc286,\Gallery 49\08 - Camilla Queen\,{Shemale Yum Dvd03~G49~08~08 - Camilla Queen}
camila_queen_030.jpg,144646,e78d9e61,\Gallery 49\08 - Camilla Queen\,{Shemale Yum Dvd03~G49~08~08 - Camilla Queen}
camila_queen_031.jpg,132090,ed416078,\Gallery 49\08 - Camilla Queen\,{Shemale Yum Dvd03~G49~08~08 - Camilla Queen}
camila_queen_032.jpg,143923,0bc66e52,\Gallery 49\08 - Camilla Queen\,{Shemale Yum Dvd03~G49~08~08 - Camilla Queen}
camila_queen_033.jpg,149722,6d16c767,\Gallery 49\08 - Camilla Queen\,{Shemale Yum Dvd03~G49~08~08 - Camilla Queen}
camila_queen_034.jpg,126341,5b5c4f09,\Gallery 49\08 - Camilla Queen\,{Shemale Yum Dvd03~G49~08~08 - Camilla Queen}
camila_queen_035.jpg,126460,46c5f5dc,\Gallery 49\08 - Camilla Queen\,{Shemale Yum Dvd03~G49~08~08 - Camilla Queen}
camila_queen_036.jpg,114901,8d70a0ea,\Gallery 49\08 - Camilla Queen\,{Shemale Yum Dvd03~G49~08~08 - Camilla Queen}
camila_queen_037.jpg,117674,e448eb52,\Gallery 49\08 - Camilla Queen\,{Shemale Yum Dvd03~G49~08~08 - Camilla Queen}
camila_queen_038.jpg,125361,099f0007,\Gallery 49\08 - Camilla Queen\,{Shemale Yum Dvd03~G49~08~08 - Camilla Queen}
camila_queen_039.jpg,120184,7fd33604,\Gallery 49\08 - Camilla Queen\,{Shemale Yum Dvd03~G49~08~08 - Camilla Queen}
camila_queen_040.jpg,153028,262614aa,\Gallery 49\08 - Camilla Queen\,{Shemale Yum Dvd03~G49~08~08 - Camilla Queen}
fabiana_001.jpg,161104,82c28624,\Gallery 49\09 - Fabiana\,{Shemale Yum Dvd03~G49~09~09 - Fabiana}
fabiana_002.jpg,143485,c03eab25,\Gallery 49\09 - Fabiana\,{Shemale Yum Dvd03~G49~09~09 - Fabiana}
fabiana_003.jpg,140292,8a06d3a0,\Gallery 49\09 - Fabiana\,{Shemale Yum Dvd03~G49~09~09 - Fabiana}
fabiana_004.jpg,155934,5badeb93,\Gallery 49\09 - Fabiana\,{Shemale Yum Dvd03~G49~09~09 - Fabiana}
fabiana_005.jpg,122853,705e3502,\Gallery 49\09 - Fabiana\,{Shemale Yum Dvd03~G49~09~09 - Fabiana}
fabiana_006.jpg,117342,a4d57359,\Gallery 49\09 - Fabiana\,{Shemale Yum Dvd03~G49~09~09 - Fabiana}
fabiana_007.jpg,123109,4d79ecc9,\Gallery 49\09 - Fabiana\,{Shemale Yum Dvd03~G49~09~09 - Fabiana}
fabiana_008.jpg,135074,501942b1,\Gallery 49\09 - Fabiana\,{Shemale Yum Dvd03~G49~09~09 - Fabiana}
fabiana_009.jpg,133285,6c885c96,\Gallery 49\09 - Fabiana\,{Shemale Yum Dvd03~G49~09~09 - Fabiana}
fabiana_010.jpg,124710,f4b68f20,\Gallery 49\09 - Fabiana\,{Shemale Yum Dvd03~G49~09~09 - Fabiana}
fabiana_011.jpg,146354,fc09cc85,\Gallery 49\09 - Fabiana\,{Shemale Yum Dvd03~G49~09~09 - Fabiana}
fabiana_012.jpg,119970,ae7ab036,\Gallery 49\09 - Fabiana\,{Shemale Yum Dvd03~G49~09~09 - Fabiana}
fabiana_013.jpg,122740,7b248007,\Gallery 49\09 - Fabiana\,{Shemale Yum Dvd03~G49~09~09 - Fabiana}
fabiana_014.jpg,122670,246e90a9,\Gallery 49\09 - Fabiana\,{Shemale Yum Dvd03~G49~09~09 - Fabiana}
fabiana_015.jpg,146143,40b9805d,\Gallery 49\09 - Fabiana\,{Shemale Yum Dvd03~G49~09~09 - Fabiana}
fabiana_016.jpg,131491,29f3cf24,\Gallery 49\09 - Fabiana\,{Shemale Yum Dvd03~G49~09~09 - Fabiana}
fabiana_017.jpg,115635,874ed3f9,\Gallery 49\09 - Fabiana\,{Shemale Yum Dvd03~G49~09~09 - Fabiana}
fabiana_018.jpg,122259,b3d024f4,\Gallery 49\09 - Fabiana\,{Shemale Yum Dvd03~G49~09~09 - Fabiana}
fabiana_019.jpg,135114,422bf170,\Gallery 49\09 - Fabiana\,{Shemale Yum Dvd03~G49~09~09 - Fabiana}
fabiana_020.jpg,153721,860f7a68,\Gallery 49\09 - Fabiana\,{Shemale Yum Dvd03~G49~09~09 - Fabiana}
fabiana_021.jpg,125707,434f01fd,\Gallery 49\09 - Fabiana\,{Shemale Yum Dvd03~G49~09~09 - Fabiana}
fabiana_022.jpg,121690,8882110d,\Gallery 49\09 - Fabiana\,{Shemale Yum Dvd03~G49~09~09 - Fabiana}
fabiana_023.jpg,122989,85836929,\Gallery 49\09 - Fabiana\,{Shemale Yum Dvd03~G49~09~09 - Fabiana}
fabiana_024.jpg,149834,004ec8d1,\Gallery 49\09 - Fabiana\,{Shemale Yum Dvd03~G49~09~09 - Fabiana}
fabiana_025.jpg,156483,ec4c22a5,\Gallery 49\09 - Fabiana\,{Shemale Yum Dvd03~G49~09~09 - Fabiana}
fabiana_026.jpg,118357,912c64b7,\Gallery 49\09 - Fabiana\,{Shemale Yum Dvd03~G49~09~09 - Fabiana}
fabiana_027.jpg,122260,7ba2e660,\Gallery 49\09 - Fabiana\,{Shemale Yum Dvd03~G49~09~09 - Fabiana}
fabiana_028.jpg,118454,fad8ea7f,\Gallery 49\09 - Fabiana\,{Shemale Yum Dvd03~G49~09~09 - Fabiana}
fabiana_029.jpg,119278,0adc58c4,\Gallery 49\09 - Fabiana\,{Shemale Yum Dvd03~G49~09~09 - Fabiana}
fabiana_030.jpg,106893,b3c4d582,\Gallery 49\09 - Fabiana\,{Shemale Yum Dvd03~G49~09~09 - Fabiana}
fabiana_031.jpg,129081,796fde81,\Gallery 49\09 - Fabiana\,{Shemale Yum Dvd03~G49~09~09 - Fabiana}
fabiana_032.jpg,121246,018e25eb,\Gallery 49\09 - Fabiana\,{Shemale Yum Dvd03~G49~09~09 - Fabiana}
fabiana_033.jpg,130831,5d404c04,\Gallery 49\09 - Fabiana\,{Shemale Yum Dvd03~G49~09~09 - Fabiana}
fabiana_034.jpg,142421,601a67d5,\Gallery 49\09 - Fabiana\,{Shemale Yum Dvd03~G49~09~09 - Fabiana}
fabiana_035.jpg,122613,3927cb81,\Gallery 49\09 - Fabiana\,{Shemale Yum Dvd03~G49~09~09 - Fabiana}
fabiana_036.jpg,128629,fde7a1ab,\Gallery 49\09 - Fabiana\,{Shemale Yum Dvd03~G49~09~09 - Fabiana}
fabiana_037.jpg,124445,73ca52e8,\Gallery 49\09 - Fabiana\,{Shemale Yum Dvd03~G49~09~09 - Fabiana}
fabiana_038.jpg,118569,4af1867e,\Gallery 49\09 - Fabiana\,{Shemale Yum Dvd03~G49~09~09 - Fabiana}
fabiana_039.jpg,126305,f3ba507b,\Gallery 49\09 - Fabiana\,{Shemale Yum Dvd03~G49~09~09 - Fabiana}
fabiana_040.jpg,135097,64afe38f,\Gallery 49\09 - Fabiana\,{Shemale Yum Dvd03~G49~09~09 - Fabiana}
fabiana_041.jpg,123160,02a6f87c,\Gallery 49\09 - Fabiana\,{Shemale Yum Dvd03~G49~09~09 - Fabiana}
fabiana_042.jpg,135697,32dd82a8,\Gallery 49\09 - Fabiana\,{Shemale Yum Dvd03~G49~09~09 - Fabiana}
fabiana_043.jpg,131122,f5cda80a,\Gallery 49\09 - Fabiana\,{Shemale Yum Dvd03~G49~09~09 - Fabiana}
fabiana_044.jpg,137044,9beb0619,\Gallery 49\09 - Fabiana\,{Shemale Yum Dvd03~G49~09~09 - Fabiana}
fabiana_045.jpg,134065,81447f5b,\Gallery 49\09 - Fabiana\,{Shemale Yum Dvd03~G49~09~09 - Fabiana}
fabiana_046.jpg,137874,53f83cbc,\Gallery 49\09 - Fabiana\,{Shemale Yum Dvd03~G49~09~09 - Fabiana}
fabiana_047.jpg,133994,2f3a7ac1,\Gallery 49\09 - Fabiana\,{Shemale Yum Dvd03~G49~09~09 - Fabiana}
fabiana_048.jpg,143132,24e4a20e,\Gallery 49\09 - Fabiana\,{Shemale Yum Dvd03~G49~09~09 - Fabiana}
fabiana_049.jpg,131821,076bf804,\Gallery 49\09 - Fabiana\,{Shemale Yum Dvd03~G49~09~09 - Fabiana}
fabiana_050.jpg,120224,980f7066,\Gallery 49\09 - Fabiana\,{Shemale Yum Dvd03~G49~09~09 - Fabiana}
fabiana_051.jpg,117853,89237c07,\Gallery 49\09 - Fabiana\,{Shemale Yum Dvd03~G49~09~09 - Fabiana}
fabiana_052.jpg,140787,347d5ca0,\Gallery 49\09 - Fabiana\,{Shemale Yum Dvd03~G49~09~09 - Fabiana}
fabiana_053.jpg,114445,b9e85f37,\Gallery 49\09 - Fabiana\,{Shemale Yum Dvd03~G49~09~09 - Fabiana}
fabiana_054.jpg,113925,66d9f0a4,\Gallery 49\09 - Fabiana\,{Shemale Yum Dvd03~G49~09~09 - Fabiana}
fabiana_055.jpg,143831,d63f1139,\Gallery 49\09 - Fabiana\,{Shemale Yum Dvd03~G49~09~09 - Fabiana}
fabiana_056.jpg,135293,77feeb53,\Gallery 49\09 - Fabiana\,{Shemale Yum Dvd03~G49~09~09 - Fabiana}
fernanda_black_001.jpg,142104,ef63164f,\Gallery 49\10 - Fernanda\,{Shemale Yum Dvd03~G49~10~10 - Fernanda}
fernanda_black_002.jpg,148978,6714ae91,\Gallery 49\10 - Fernanda\,{Shemale Yum Dvd03~G49~10~10 - Fernanda}
fernanda_black_003.jpg,139901,29c246da,\Gallery 49\10 - Fernanda\,{Shemale Yum Dvd03~G49~10~10 - Fernanda}
fernanda_black_004.jpg,152091,478b4024,\Gallery 49\10 - Fernanda\,{Shemale Yum Dvd03~G49~10~10 - Fernanda}
fernanda_black_005.jpg,141535,45d2aead,\Gallery 49\10 - Fernanda\,{Shemale Yum Dvd03~G49~10~10 - Fernanda}
fernanda_black_006.jpg,109899,5ede3e3b,\Gallery 49\10 - Fernanda\,{Shemale Yum Dvd03~G49~10~10 - Fernanda}
fernanda_black_007.jpg,153290,d683648c,\Gallery 49\10 - Fernanda\,{Shemale Yum Dvd03~G49~10~10 - Fernanda}
fernanda_black_008.jpg,108540,a16e49e3,\Gallery 49\10 - Fernanda\,{Shemale Yum Dvd03~G49~10~10 - Fernanda}
fernanda_black_009.jpg,117713,fd246021,\Gallery 49\10 - Fernanda\,{Shemale Yum Dvd03~G49~10~10 - Fernanda}
fernanda_black_010.jpg,120697,084fb57c,\Gallery 49\10 - Fernanda\,{Shemale Yum Dvd03~G49~10~10 - Fernanda}
fernanda_black_011.jpg,153376,270acbe8,\Gallery 49\10 - Fernanda\,{Shemale Yum Dvd03~G49~10~10 - Fernanda}
fernanda_black_012.jpg,127216,96c32d40,\Gallery 49\10 - Fernanda\,{Shemale Yum Dvd03~G49~10~10 - Fernanda}
fernanda_black_013.jpg,150914,c4db134e,\Gallery 49\10 - Fernanda\,{Shemale Yum Dvd03~G49~10~10 - Fernanda}
fernanda_black_014.jpg,124703,0fc033d5,\Gallery 49\10 - Fernanda\,{Shemale Yum Dvd03~G49~10~10 - Fernanda}
fernanda_black_015.jpg,136675,e328b520,\Gallery 49\10 - Fernanda\,{Shemale Yum Dvd03~G49~10~10 - Fernanda}
fernanda_black_016.jpg,122217,03908941,\Gallery 49\10 - Fernanda\,{Shemale Yum Dvd03~G49~10~10 - Fernanda}
fernanda_black_017.jpg,131540,99c614e3,\Gallery 49\10 - Fernanda\,{Shemale Yum Dvd03~G49~10~10 - Fernanda}
fernanda_black_018.jpg,121035,acaabf45,\Gallery 49\10 - Fernanda\,{Shemale Yum Dvd03~G49~10~10 - Fernanda}
fernanda_black_019.jpg,124571,adf5846c,\Gallery 49\10 - Fernanda\,{Shemale Yum Dvd03~G49~10~10 - Fernanda}
fernanda_black_020.jpg,106873,c90c9c8e,\Gallery 49\10 - Fernanda\,{Shemale Yum Dvd03~G49~10~10 - Fernanda}
fernanda_black_021.jpg,110926,034bc991,\Gallery 49\10 - Fernanda\,{Shemale Yum Dvd03~G49~10~10 - Fernanda}
fernanda_black_022.jpg,153418,2182da51,\Gallery 49\10 - Fernanda\,{Shemale Yum Dvd03~G49~10~10 - Fernanda}
fernanda_black_023.jpg,140626,b7c4fd7c,\Gallery 49\10 - Fernanda\,{Shemale Yum Dvd03~G49~10~10 - Fernanda}
fernanda_black_024.jpg,139798,5c602568,\Gallery 49\10 - Fernanda\,{Shemale Yum Dvd03~G49~10~10 - Fernanda}
fernanda_black_025.jpg,121073,22014733,\Gallery 49\10 - Fernanda\,{Shemale Yum Dvd03~G49~10~10 - Fernanda}
fernanda_black_026.jpg,116500,db9c9b2e,\Gallery 49\10 - Fernanda\,{Shemale Yum Dvd03~G49~10~10 - Fernanda}
fernanda_black_027.jpg,126613,6f744790,\Gallery 49\10 - Fernanda\,{Shemale Yum Dvd03~G49~10~10 - Fernanda}
fernanda_black_028.jpg,148607,641ba82f,\Gallery 49\10 - Fernanda\,{Shemale Yum Dvd03~G49~10~10 - Fernanda}
fernanda_black_029.jpg,141683,c7e85937,\Gallery 49\10 - Fernanda\,{Shemale Yum Dvd03~G49~10~10 - Fernanda}
fernanda_black_030.jpg,120693,704a2953,\Gallery 49\10 - Fernanda\,{Shemale Yum Dvd03~G49~10~10 - Fernanda}
fernanda_black_031.jpg,144719,9e7b64c2,\Gallery 49\10 - Fernanda\,{Shemale Yum Dvd03~G49~10~10 - Fernanda}
fernanda_black_032.jpg,138742,6e6ad6eb,\Gallery 49\10 - Fernanda\,{Shemale Yum Dvd03~G49~10~10 - Fernanda}
fernanda_black_033.jpg,128358,4cf397dd,\Gallery 49\10 - Fernanda\,{Shemale Yum Dvd03~G49~10~10 - Fernanda}
fernanda_black_034.jpg,121689,86ea0608,\Gallery 49\10 - Fernanda\,{Shemale Yum Dvd03~G49~10~10 - Fernanda}
fernanda_black_035.jpg,121311,4ab1483a,\Gallery 49\10 - Fernanda\,{Shemale Yum Dvd03~G49~10~10 - Fernanda}
fernanda_black_036.jpg,121425,34a00251,\Gallery 49\10 - Fernanda\,{Shemale Yum Dvd03~G49~10~10 - Fernanda}
barco001.jpg,143893,e6a48f83,\Gallery 49\07 - Ship Trip (a)\,{Shemale Yum Dvd03~G49~07~07 - Ship Trip (a)}
barco002.jpg,135528,c47fa4a5,\Gallery 49\07 - Ship Trip (a)\,{Shemale Yum Dvd03~G49~07~07 - Ship Trip (a)}
barco003.jpg,120476,3af88dc9,\Gallery 49\07 - Ship Trip (a)\,{Shemale Yum Dvd03~G49~07~07 - Ship Trip (a)}
barco004.jpg,159985,b947c334,\Gallery 49\07 - Ship Trip (a)\,{Shemale Yum Dvd03~G49~07~07 - Ship Trip (a)}
barco005.jpg,163347,e4f79b19,\Gallery 49\07 - Ship Trip (a)\,{Shemale Yum Dvd03~G49~07~07 - Ship Trip (a)}
barco006.jpg,149031,e3fce35d,\Gallery 49\07 - Ship Trip (a)\,{Shemale Yum Dvd03~G49~07~07 - Ship Trip (a)}
barco007.jpg,164166,bb3bd131,\Gallery 49\07 - Ship Trip (a)\,{Shemale Yum Dvd03~G49~07~07 - Ship Trip (a)}
barco008.jpg,127855,aa9f078a,\Gallery 49\07 - Ship Trip (a)\,{Shemale Yum Dvd03~G49~07~07 - Ship Trip (a)}
barco009.jpg,153952,b71a2e92,\Gallery 49\07 - Ship Trip (a)\,{Shemale Yum Dvd03~G49~07~07 - Ship Trip (a)}
barco010.jpg,129172,3754d10e,\Gallery 49\07 - Ship Trip (a)\,{Shemale Yum Dvd03~G49~07~07 - Ship Trip (a)}
barco011.jpg,126109,9eb77e55,\Gallery 49\07 - Ship Trip (a)\,{Shemale Yum Dvd03~G49~07~07 - Ship Trip (a)}
barco012.jpg,131907,878c66fa,\Gallery 49\07 - Ship Trip (a)\,{Shemale Yum Dvd03~G49~07~07 - Ship Trip (a)}
barco013.jpg,134431,a989e699,\Gallery 49\07 - Ship Trip (a)\,{Shemale Yum Dvd03~G49~07~07 - Ship Trip (a)}
barco014.jpg,151053,66cf90ac,\Gallery 49\07 - Ship Trip (a)\,{Shemale Yum Dvd03~G49~07~07 - Ship Trip (a)}
barco015.jpg,113848,db23632b,\Gallery 49\07 - Ship Trip (a)\,{Shemale Yum Dvd03~G49~07~07 - Ship Trip (a)}
barco016.jpg,115495,b1e9af2b,\Gallery 49\07 - Ship Trip (a)\,{Shemale Yum Dvd03~G49~07~07 - Ship Trip (a)}
barco017.jpg,117228,e7532313,\Gallery 49\07 - Ship Trip (a)\,{Shemale Yum Dvd03~G49~07~07 - Ship Trip (a)}
barco018.jpg,113846,05a8b343,\Gallery 49\07 - Ship Trip (a)\,{Shemale Yum Dvd03~G49~07~07 - Ship Trip (a)}
barco019.jpg,138084,667a5b92,\Gallery 49\07 - Ship Trip (a)\,{Shemale Yum Dvd03~G49~07~07 - Ship Trip (a)}
barco020.jpg,137323,2c93a77a,\Gallery 49\07 - Ship Trip (a)\,{Shemale Yum Dvd03~G49~07~07 - Ship Trip (a)}
barco021.jpg,139990,d4ad0383,\Gallery 49\07 - Ship Trip (a)\,{Shemale Yum Dvd03~G49~07~07 - Ship Trip (a)}
barco022.jpg,140358,d9f47f43,\Gallery 49\07 - Ship Trip (a)\,{Shemale Yum Dvd03~G49~07~07 - Ship Trip (a)}
barco023.jpg,142092,e0de9402,\Gallery 49\07 - Ship Trip (a)\,{Shemale Yum Dvd03~G49~07~07 - Ship Trip (a)}
barco024.jpg,139141,bb8da97a,\Gallery 49\07 - Ship Trip (a)\,{Shemale Yum Dvd03~G49~07~07 - Ship Trip (a)}
barco025.jpg,95372,9588b425,\Gallery 49\07 - Ship Trip (a)\,{Shemale Yum Dvd03~G49~07~07 - Ship Trip (a)}
barco026.jpg,145310,0c537738,\Gallery 49\07 - Ship Trip (a)\,{Shemale Yum Dvd03~G49~07~07 - Ship Trip (a)}
barco027.jpg,134739,a27fbe80,\Gallery 49\07 - Ship Trip (a)\,{Shemale Yum Dvd03~G49~07~07 - Ship Trip (a)}
barco028.jpg,141353,40169fca,\Gallery 49\07 - Ship Trip (a)\,{Shemale Yum Dvd03~G49~07~07 - Ship Trip (a)}
barco029.jpg,150390,c8c43885,\Gallery 49\07 - Ship Trip (a)\,{Shemale Yum Dvd03~G49~07~07 - Ship Trip (a)}
barco030.jpg,139059,17662d5f,\Gallery 49\07 - Ship Trip (a)\,{Shemale Yum Dvd03~G49~07~07 - Ship Trip (a)}
barco031.jpg,129950,eabdb70f,\Gallery 49\07 - Ship Trip (a)\,{Shemale Yum Dvd03~G49~07~07 - Ship Trip (a)}
barco032.jpg,150290,4ba76a1b,\Gallery 49\07 - Ship Trip (a)\,{Shemale Yum Dvd03~G49~07~07 - Ship Trip (a)}
barco033.jpg,138408,f0d21075,\Gallery 49\07 - Ship Trip (a)\,{Shemale Yum Dvd03~G49~07~07 - Ship Trip (a)}
barco034.jpg,150082,a54eb2ee,\Gallery 49\07 - Ship Trip (a)\,{Shemale Yum Dvd03~G49~07~07 - Ship Trip (a)}
barco035.jpg,140248,25c3fe8d,\Gallery 49\07 - Ship Trip (a)\,{Shemale Yum Dvd03~G49~07~07 - Ship Trip (a)}
barco036.jpg,131657,33de4cc0,\Gallery 49\07 - Ship Trip (a)\,{Shemale Yum Dvd03~G49~07~07 - Ship Trip (a)}
barco037.jpg,131087,b6f9a6f9,\Gallery 49\07 - Ship Trip (a)\,{Shemale Yum Dvd03~G49~07~07 - Ship Trip (a)}
barco038.jpg,160249,169ae072,\Gallery 49\07 - Ship Trip (a)\,{Shemale Yum Dvd03~G49~07~07 - Ship Trip (a)}
barco039.jpg,181174,77cee11f,\Gallery 49\07 - Ship Trip (a)\,{Shemale Yum Dvd03~G49~07~07 - Ship Trip (a)}
barco040.jpg,143707,39a8acb7,\Gallery 49\07 - Ship Trip (a)\,{Shemale Yum Dvd03~G49~07~07 - Ship Trip (a)}
barco041.jpg,136879,2e82b373,\Gallery 49\07 - Ship Trip (a)\,{Shemale Yum Dvd03~G49~07~07 - Ship Trip (a)}
barco042.jpg,138300,edd207d5,\Gallery 49\07 - Ship Trip (a)\,{Shemale Yum Dvd03~G49~07~07 - Ship Trip (a)}
barco043.jpg,126161,84cdf74a,\Gallery 49\07 - Ship Trip (a)\,{Shemale Yum Dvd03~G49~07~07 - Ship Trip (a)}
barco044.jpg,125810,9036bee5,\Gallery 49\07 - Ship Trip (a)\,{Shemale Yum Dvd03~G49~07~07 - Ship Trip (a)}
barco045.jpg,138198,156c90d8,\Gallery 49\07 - Ship Trip (a)\,{Shemale Yum Dvd03~G49~07~07 - Ship Trip (a)}
barco047.jpg,133761,96d46719,\Gallery 49\07 - Ship Trip (a)\,{Shemale Yum Dvd03~G49~07~07 - Ship Trip (a)}
barco048.jpg,125276,ee7de724,\Gallery 49\07 - Ship Trip (a)\,{Shemale Yum Dvd03~G49~07~07 - Ship Trip (a)}
barco049.jpg,117927,062a3f1d,\Gallery 49\07 - Ship Trip (a)\,{Shemale Yum Dvd03~G49~07~07 - Ship Trip (a)}
barco050.jpg,125236,bc9c5055,\Gallery 49\07 - Ship Trip (a)\,{Shemale Yum Dvd03~G49~07~07 - Ship Trip (a)}
barco052.jpg,151937,fe717b64,\Gallery 49\07 - Ship Trip (a)\,{Shemale Yum Dvd03~G49~07~07 - Ship Trip (a)}
barco054.jpg,144413,a846f405,\Gallery 49\07 - Ship Trip (a)\,{Shemale Yum Dvd03~G49~07~07 - Ship Trip (a)}
barco055.jpg,133672,0801aad5,\Gallery 49\07 - Ship Trip (a)\,{Shemale Yum Dvd03~G49~07~07 - Ship Trip (a)}
barco056.jpg,118636,d18a2985,\Gallery 49\07 - Ship Trip (a)\,{Shemale Yum Dvd03~G49~07~07 - Ship Trip (a)}
barco057.jpg,130771,9873282b,\Gallery 49\07 - Ship Trip (a)\,{Shemale Yum Dvd03~G49~07~07 - Ship Trip (a)}
barco059.jpg,117067,e46e6419,\Gallery 49\07 - Ship Trip (a)\,{Shemale Yum Dvd03~G49~07~07 - Ship Trip (a)}
barco064.jpg,130421,d6c9c62f,\Gallery 49\07 - Ship Trip (a)\,{Shemale Yum Dvd03~G49~07~07 - Ship Trip (a)}
barco065.jpg,123267,bc6690ca,\Gallery 49\07 - Ship Trip (a)\,{Shemale Yum Dvd03~G49~07~07 - Ship Trip (a)}
barco066.jpg,132554,43f245be,\Gallery 49\07 - Ship Trip (a)\,{Shemale Yum Dvd03~G49~07~07 - Ship Trip (a)}
barco067.jpg,124538,d3ba8092,\Gallery 49\07 - Ship Trip (a)\,{Shemale Yum Dvd03~G49~07~07 - Ship Trip (a)}
barco068.jpg,168277,9fc9a6b3,\Gallery 49\07 - Ship Trip (a)\,{Shemale Yum Dvd03~G49~07~07 - Ship Trip (a)}
barco069.jpg,124837,634f4a99,\Gallery 49\07 - Ship Trip (a)\,{Shemale Yum Dvd03~G49~07~07 - Ship Trip (a)}
barco070.jpg,125473,9bac60ef,\Gallery 49\07 - Ship Trip (a)\,{Shemale Yum Dvd03~G49~07~07 - Ship Trip (a)}
barco071.jpg,133367,e25715ea,\Gallery 49\07 - Ship Trip (a)\,{Shemale Yum Dvd03~G49~07~07 - Ship Trip (a)}
barco072.jpg,134787,486411f1,\Gallery 49\07 - Ship Trip (a)\,{Shemale Yum Dvd03~G49~07~07 - Ship Trip (a)}
barco073.jpg,104909,e996fa00,\Gallery 49\07 - Ship Trip (a)\,{Shemale Yum Dvd03~G49~07~07 - Ship Trip (a)}
barco074.jpg,163955,8de289c3,\Gallery 49\07 - Ship Trip (a)\,{Shemale Yum Dvd03~G49~07~07 - Ship Trip (a)}
barco075.jpg,143383,36c53d22,\Gallery 49\07 - Ship Trip (a)\,{Shemale Yum Dvd03~G49~07~07 - Ship Trip (a)}
barco076.jpg,138070,fac8fa26,\Gallery 49\07 - Ship Trip (a)\,{Shemale Yum Dvd03~G49~07~07 - Ship Trip (a)}
barco077.jpg,189761,b0844444,\Gallery 49\07 - Ship Trip (a)\,{Shemale Yum Dvd03~G49~07~07 - Ship Trip (a)}
barco078.jpg,117458,b6299fb3,\Gallery 49\07 - Ship Trip (a)\,{Shemale Yum Dvd03~G49~07~07 - Ship Trip (a)}
barco079.jpg,143145,028a53cb,\Gallery 49\07 - Ship Trip (a)\,{Shemale Yum Dvd03~G49~07~07 - Ship Trip (a)}
barco080.jpg,130756,b86de272,\Gallery 49\07 - Ship Trip (a)\,{Shemale Yum Dvd03~G49~07~07 - Ship Trip (a)}
barco081.jpg,126195,7286b9cc,\Gallery 49\07 - Ship Trip (a)\,{Shemale Yum Dvd03~G49~07~07 - Ship Trip (a)}
barco083.jpg,168077,49499e04,\Gallery 49\07 - Ship Trip (a)\,{Shemale Yum Dvd03~G49~07~07 - Ship Trip (a)}
barco086.jpg,143259,9cdb7502,\Gallery 49\07 - Ship Trip (a)\,{Shemale Yum Dvd03~G49~07~07 - Ship Trip (a)}
barco091.jpg,143353,645ed4d0,\Gallery 49\07 - Ship Trip (a)\,{Shemale Yum Dvd03~G49~07~07 - Ship Trip (a)}
barco092.jpg,121073,77cd5402,\Gallery 49\07 - Ship Trip (a)\,{Shemale Yum Dvd03~G49~07~07 - Ship Trip (a)}
barco094.jpg,121375,d704423a,\Gallery 49\07 - Ship Trip (a)\,{Shemale Yum Dvd03~G49~07~07 - Ship Trip (a)}
barco099.jpg,152233,165797b5,\Gallery 49\07 - Ship Trip (a)\,{Shemale Yum Dvd03~G49~07~07 - Ship Trip (a)}
barco100.jpg,144954,57818757,\Gallery 49\07 - Ship Trip (a)\,{Shemale Yum Dvd03~G49~07~07 - Ship Trip (a)}
barco101.jpg,115679,81e2f8d2,\Gallery 49\07 - Ship Trip (a)\,{Shemale Yum Dvd03~G49~07~07 - Ship Trip (a)}
barco102.jpg,118219,cacbf9e0,\Gallery 49\07 - Ship Trip (a)\,{Shemale Yum Dvd03~G49~07~07 - Ship Trip (a)}
barco104.jpg,106685,7c90fff8,\Gallery 49\07 - Ship Trip (a)\,{Shemale Yum Dvd03~G49~07~07 - Ship Trip (a)}
barco107.jpg,139572,4ecb0cff,\Gallery 49\07 - Ship Trip (a)\,{Shemale Yum Dvd03~G49~07~07 - Ship Trip (a)}
barco112.jpg,113551,6933328a,\Gallery 49\07 - Ship Trip (a)\,{Shemale Yum Dvd03~G49~07~07 - Ship Trip (a)}
barco113.jpg,143211,7a280152,\Gallery 49\07 - Ship Trip (a)\,{Shemale Yum Dvd03~G49~07~07 - Ship Trip (a)}
barco115.jpg,115776,4cfc09b4,\Gallery 49\07 - Ship Trip (a)\,{Shemale Yum Dvd03~G49~07~07 - Ship Trip (a)}
barco116.jpg,156732,c728fc35,\Gallery 49\07 - Ship Trip (a)\,{Shemale Yum Dvd03~G49~07~07 - Ship Trip (a)}
barco117.jpg,115084,02d4d1c0,\Gallery 49\07 - Ship Trip (a)\,{Shemale Yum Dvd03~G49~07~07 - Ship Trip (a)}
barco120.jpg,143780,a3f7c7d9,\Gallery 49\07 - Ship Trip (a)\,{Shemale Yum Dvd03~G49~07~07 - Ship Trip (a)}
barco121.jpg,133032,ba5bfb3c,\Gallery 49\07 - Ship Trip (a)\,{Shemale Yum Dvd03~G49~07~07 - Ship Trip (a)}
barco122.jpg,107638,e2d36d45,\Gallery 49\07 - Ship Trip (a)\,{Shemale Yum Dvd03~G49~07~07 - Ship Trip (a)}
barco123.jpg,161536,c42d9a44,\Gallery 49\07 - Ship Trip (a)\,{Shemale Yum Dvd03~G49~07~07 - Ship Trip (a)}
barco124.jpg,151740,03a9a99b,\Gallery 49\07 - Ship Trip (a)\,{Shemale Yum Dvd03~G49~07~07 - Ship Trip (a)}
barco125.jpg,169200,5877e4b7,\Gallery 49\07 - Ship Trip (a)\,{Shemale Yum Dvd03~G49~07~07 - Ship Trip (a)}
barco126.jpg,137641,c6fcb5a1,\Gallery 49\07 - Ship Trip (a)\,{Shemale Yum Dvd03~G49~07~07 - Ship Trip (a)}
barco127.jpg,120464,948ba0f9,\Gallery 49\07 - Ship Trip (a)\,{Shemale Yum Dvd03~G49~07~07 - Ship Trip (a)}
barco128.jpg,145044,3485f16b,\Gallery 49\07 - Ship Trip (a)\,{Shemale Yum Dvd03~G49~07~07 - Ship Trip (a)}
barco129.jpg,133691,cb4e7cc5,\Gallery 49\07 - Ship Trip (a)\,{Shemale Yum Dvd03~G49~07~07 - Ship Trip (a)}
barco130.jpg,194206,35a0aba9,\Gallery 49\07 - Ship Trip (a)\,{Shemale Yum Dvd03~G49~07~07 - Ship Trip (a)}
barco131.jpg,145357,1be9979d,\Gallery 49\07 - Ship Trip (a)\,{Shemale Yum Dvd03~G49~07~07 - Ship Trip (a)}
barco132.jpg,149370,c144f9c3,\Gallery 49\07 - Ship Trip (a)\,{Shemale Yum Dvd03~G49~07~07 - Ship Trip (a)}
barco133.jpg,177666,174d499a,\Gallery 49\07 - Ship Trip (a)\,{Shemale Yum Dvd03~G49~07~07 - Ship Trip (a)}
barco134.jpg,187662,945118f2,\Gallery 49\07 - Ship Trip (a)\,{Shemale Yum Dvd03~G49~07~07 - Ship Trip (a)}
barco135.jpg,147441,004095fd,\Gallery 49\07 - Ship Trip (a)\,{Shemale Yum Dvd03~G49~07~07 - Ship Trip (a)}
barco136.jpg,113018,1a2a6d6d,\Gallery 49\07 - Ship Trip (a)\,{Shemale Yum Dvd03~G49~07~07 - Ship Trip (a)}
barco137.jpg,158488,7efd503a,\Gallery 49\07 - Ship Trip (a)\,{Shemale Yum Dvd03~G49~07~07 - Ship Trip (a)}
barco138.jpg,116597,08edb49b,\Gallery 49\07 - Ship Trip (a)\,{Shemale Yum Dvd03~G49~07~07 - Ship Trip (a)}
barco139.jpg,110131,c61b08f9,\Gallery 49\07 - Ship Trip (a)\,{Shemale Yum Dvd03~G49~07~07 - Ship Trip (a)}
barco140.jpg,92006,03e98b22,\Gallery 49\07 - Ship Trip (a)\,{Shemale Yum Dvd03~G49~07~07 - Ship Trip (a)}
barco141.jpg,100950,1aca76db,\Gallery 49\07 - Ship Trip (a)\,{Shemale Yum Dvd03~G49~07~07 - Ship Trip (a)}
barco142.jpg,98832,79cb81e8,\Gallery 49\07 - Ship Trip (a)\,{Shemale Yum Dvd03~G49~07~07 - Ship Trip (a)}
barco143.jpg,108747,c5841e24,\Gallery 49\07 - Ship Trip (a)\,{Shemale Yum Dvd03~G49~07~07 - Ship Trip (a)}
barco144.jpg,115084,95717cec,\Gallery 49\07 - Ship Trip (a)\,{Shemale Yum Dvd03~G49~07~07 - Ship Trip (a)}
barco145.jpg,118121,f1b08600,\Gallery 49\07 - Ship Trip (a)\,{Shemale Yum Dvd03~G49~07~07 - Ship Trip (a)}
barco146.jpg,107919,189d69d9,\Gallery 49\07 - Ship Trip (a)\,{Shemale Yum Dvd03~G49~07~07 - Ship Trip (a)}
barco147.jpg,104992,8d220d5d,\Gallery 49\07 - Ship Trip (a)\,{Shemale Yum Dvd03~G49~07~07 - Ship Trip (a)}
barco148.jpg,129366,525f507c,\Gallery 49\07 - Ship Trip (a)\,{Shemale Yum Dvd03~G49~07~07 - Ship Trip (a)}
barco149.jpg,128339,6f1f6baf,\Gallery 49\07 - Ship Trip (a)\,{Shemale Yum Dvd03~G49~07~07 - Ship Trip (a)}
barco150.jpg,103960,fc6dee8e,\Gallery 49\07 - Ship Trip (a)\,{Shemale Yum Dvd03~G49~07~07 - Ship Trip (a)}
barco151.jpg,119481,6c7c05c5,\Gallery 49\07 - Ship Trip (a)\,{Shemale Yum Dvd03~G49~07~07 - Ship Trip (a)}
barco152.jpg,110521,e15cf05e,\Gallery 49\07 - Ship Trip (a)\,{Shemale Yum Dvd03~G49~07~07 - Ship Trip (a)}
barco153.jpg,139599,b4616a54,\Gallery 49\07 - Ship Trip (a)\,{Shemale Yum Dvd03~G49~07~07 - Ship Trip (a)}
barco154.jpg,126359,c2351d63,\Gallery 49\07 - Ship Trip (a)\,{Shemale Yum Dvd03~G49~07~07 - Ship Trip (a)}
boat001.jpg,82781,737086f0,\Gallery 49\07 - Ship Trip (a)\,{Shemale Yum Dvd03~G49~07~07 - Ship Trip (a)}
boat002.jpg,84887,58eb3dce,\Gallery 49\07 - Ship Trip (a)\,{Shemale Yum Dvd03~G49~07~07 - Ship Trip (a)}
boat003.jpg,80802,4c4c9c5d,\Gallery 49\07 - Ship Trip (a)\,{Shemale Yum Dvd03~G49~07~07 - Ship Trip (a)}
boat004.jpg,145482,b6e43774,\Gallery 49\07 - Ship Trip (a)\,{Shemale Yum Dvd03~G49~07~07 - Ship Trip (a)}
boat005.jpg,163205,4bf34f90,\Gallery 49\07 - Ship Trip (a)\,{Shemale Yum Dvd03~G49~07~07 - Ship Trip (a)}
boat006.jpg,157588,5ecf6ee0,\Gallery 49\07 - Ship Trip (a)\,{Shemale Yum Dvd03~G49~07~07 - Ship Trip (a)}
boat007.jpg,133426,fa729e50,\Gallery 49\07 - Ship Trip (a)\,{Shemale Yum Dvd03~G49~07~07 - Ship Trip (a)}
boat008.jpg,94524,98d2f030,\Gallery 49\07 - Ship Trip (a)\,{Shemale Yum Dvd03~G49~07~07 - Ship Trip (a)}
boat009.jpg,145502,69748e0c,\Gallery 49\07 - Ship Trip (a)\,{Shemale Yum Dvd03~G49~07~07 - Ship Trip (a)}
boat010.jpg,143511,20766065,\Gallery 49\07 - Ship Trip (a)\,{Shemale Yum Dvd03~G49~07~07 - Ship Trip (a)}
boat011.jpg,145653,a70bd1aa,\Gallery 49\07 - Ship Trip (a)\,{Shemale Yum Dvd03~G49~07~07 - Ship Trip (a)}
boat012.jpg,124348,0adc5d49,\Gallery 49\07 - Ship Trip (a)\,{Shemale Yum Dvd03~G49~07~07 - Ship Trip (a)}
boat013.jpg,139183,97de6135,\Gallery 49\07 - Ship Trip (a)\,{Shemale Yum Dvd03~G49~07~07 - Ship Trip (a)}
boat014.jpg,134808,41291701,\Gallery 49\07 - Ship Trip (a)\,{Shemale Yum Dvd03~G49~07~07 - Ship Trip (a)}
boat015.jpg,127243,2510ac7b,\Gallery 49\07 - Ship Trip (a)\,{Shemale Yum Dvd03~G49~07~07 - Ship Trip (a)}
boat016.jpg,120778,2896afa5,\Gallery 49\07 - Ship Trip (a)\,{Shemale Yum Dvd03~G49~07~07 - Ship Trip (a)}
boat020.jpg,146978,1dde7438,\Gallery 49\07 - Ship Trip (a)\,{Shemale Yum Dvd03~G49~07~07 - Ship Trip (a)}
boat021.jpg,129492,59f4e29b,\Gallery 49\07 - Ship Trip (a)\,{Shemale Yum Dvd03~G49~07~07 - Ship Trip (a)}
boat022.jpg,160377,fcedb7e5,\Gallery 49\07 - Ship Trip (a)\,{Shemale Yum Dvd03~G49~07~07 - Ship Trip (a)}
boat023.jpg,168235,41381a61,\Gallery 49\07 - Ship Trip (a)\,{Shemale Yum Dvd03~G49~07~07 - Ship Trip (a)}
boat027.jpg,136451,213eb89b,\Gallery 49\07 - Ship Trip (a)\,{Shemale Yum Dvd03~G49~07~07 - Ship Trip (a)}
boat028.jpg,156626,ec4799aa,\Gallery 49\07 - Ship Trip (a)\,{Shemale Yum Dvd03~G49~07~07 - Ship Trip (a)}
boat029.jpg,131074,cd4d9589,\Gallery 49\07 - Ship Trip (a)\,{Shemale Yum Dvd03~G49~07~07 - Ship Trip (a)}
boat030.jpg,153211,ed5777a5,\Gallery 49\07 - Ship Trip (a)\,{Shemale Yum Dvd03~G49~07~07 - Ship Trip (a)}
boat031.jpg,145549,85dee8e8,\Gallery 49\07 - Ship Trip (a)\,{Shemale Yum Dvd03~G49~07~07 - Ship Trip (a)}
boat032.jpg,164106,56febc6d,\Gallery 49\07 - Ship Trip (a)\,{Shemale Yum Dvd03~G49~07~07 - Ship Trip (a)}
boat033.jpg,169509,ba3e2423,\Gallery 49\07 - Ship Trip (a)\,{Shemale Yum Dvd03~G49~07~07 - Ship Trip (a)}
boat034.jpg,150970,f9f4edd3,\Gallery 49\07 - Ship Trip (a)\,{Shemale Yum Dvd03~G49~07~07 - Ship Trip (a)}
boat035.jpg,159018,71028841,\Gallery 49\07 - Ship Trip (a)\,{Shemale Yum Dvd03~G49~07~07 - Ship Trip (a)}
boat036.jpg,175819,35969962,\Gallery 49\07 - Ship Trip (a)\,{Shemale Yum Dvd03~G49~07~07 - Ship Trip (a)}
boat037.jpg,143327,7a113b32,\Gallery 49\07 - Ship Trip (a)\,{Shemale Yum Dvd03~G49~07~07 - Ship Trip (a)}
boat038.jpg,139680,7353a58e,\Gallery 49\07 - Ship Trip (a)\,{Shemale Yum Dvd03~G49~07~07 - Ship Trip (a)}
boat039.jpg,137169,c63d6414,\Gallery 49\07 - Ship Trip (a)\,{Shemale Yum Dvd03~G49~07~07 - Ship Trip (a)}
boat043.jpg,143124,556963e9,\Gallery 49\07 - Ship Trip (a)\,{Shemale Yum Dvd03~G49~07~07 - Ship Trip (a)}
boat044.jpg,157599,b5db2667,\Gallery 49\07 - Ship Trip (a)\,{Shemale Yum Dvd03~G49~07~07 - Ship Trip (a)}
boat045.jpg,128996,566e105b,\Gallery 49\07 - Ship Trip (a)\,{Shemale Yum Dvd03~G49~07~07 - Ship Trip (a)}
boat046.jpg,148388,058afc91,\Gallery 49\07 - Ship Trip (a)\,{Shemale Yum Dvd03~G49~07~07 - Ship Trip (a)}
boat047.jpg,147439,5f00593d,\Gallery 49\07 - Ship Trip (a)\,{Shemale Yum Dvd03~G49~07~07 - Ship Trip (a)}
boat048.jpg,150897,b8f2f301,\Gallery 49\07 - Ship Trip (a)\,{Shemale Yum Dvd03~G49~07~07 - Ship Trip (a)}
boat049.jpg,152306,69bdfc80,\Gallery 49\07 - Ship Trip (a)\,{Shemale Yum Dvd03~G49~07~07 - Ship Trip (a)}
boat050.jpg,128782,d90c6dd6,\Gallery 49\07 - Ship Trip (a)\,{Shemale Yum Dvd03~G49~07~07 - Ship Trip (a)}
boat051.jpg,129819,22f1f22d,\Gallery 49\07 - Ship Trip (a)\,{Shemale Yum Dvd03~G49~07~07 - Ship Trip (a)}
boat052.jpg,127710,1eaac11c,\Gallery 49\07 - Ship Trip (a)\,{Shemale Yum Dvd03~G49~07~07 - Ship Trip (a)}
boat053.jpg,144303,ac5341dc,\Gallery 49\07 - Ship Trip (a)\,{Shemale Yum Dvd03~G49~07~07 - Ship Trip (a)}
boat054.jpg,143315,167eff1d,\Gallery 49\07 - Ship Trip (a)\,{Shemale Yum Dvd03~G49~07~07 - Ship Trip (a)}
boat055.jpg,95332,f2183473,\Gallery 49\07 - Ship Trip (a)\,{Shemale Yum Dvd03~G49~07~07 - Ship Trip (a)}
boat056.jpg,99716,867fd8ec,\Gallery 49\07 - Ship Trip (a)\,{Shemale Yum Dvd03~G49~07~07 - Ship Trip (a)}
boat057.jpg,94409,57b32caf,\Gallery 49\07 - Ship Trip (a)\,{Shemale Yum Dvd03~G49~07~07 - Ship Trip (a)}
boat058.jpg,117705,329ed2f2,\Gallery 49\07 - Ship Trip (a)\,{Shemale Yum Dvd03~G49~07~07 - Ship Trip (a)}
boat062.jpg,147644,a0535b18,\Gallery 49\07 - Ship Trip (a)\,{Shemale Yum Dvd03~G49~07~07 - Ship Trip (a)}
boat063.jpg,130544,ca66595a,\Gallery 49\07 - Ship Trip (a)\,{Shemale Yum Dvd03~G49~07~07 - Ship Trip (a)}
boat064.jpg,139985,de247e83,\Gallery 49\07 - Ship Trip (a)\,{Shemale Yum Dvd03~G49~07~07 - Ship Trip (a)}
dscn3216.jpg,128755,038ced16,\Gallery 49\07 - Ship Trip (a)\,{Shemale Yum Dvd03~G49~07~07 - Ship Trip (a)}
dscn3217.jpg,118542,9a4a296f,\Gallery 49\07 - Ship Trip (a)\,{Shemale Yum Dvd03~G49~07~07 - Ship Trip (a)}
dscn3218.jpg,134364,694dc81b,\Gallery 49\07 - Ship Trip (a)\,{Shemale Yum Dvd03~G49~07~07 - Ship Trip (a)}
dscn3219.jpg,108882,bb56e0b9,\Gallery 49\07 - Ship Trip (a)\,{Shemale Yum Dvd03~G49~07~07 - Ship Trip (a)}
dscn3220.jpg,108314,8fb90a4d,\Gallery 49\07 - Ship Trip (a)\,{Shemale Yum Dvd03~G49~07~07 - Ship Trip (a)}
dscn3221.jpg,105235,7677c4b9,\Gallery 49\07 - Ship Trip (a)\,{Shemale Yum Dvd03~G49~07~07 - Ship Trip (a)}
dscn3222.jpg,163821,59b31f98,\Gallery 49\07 - Ship Trip (a)\,{Shemale Yum Dvd03~G49~07~07 - Ship Trip (a)}
dscn3223.jpg,111374,ab0fb678,\Gallery 49\07 - Ship Trip (a)\,{Shemale Yum Dvd03~G49~07~07 - Ship Trip (a)}
dscn3224.jpg,143780,c5777229,\Gallery 49\07 - Ship Trip (a)\,{Shemale Yum Dvd03~G49~07~07 - Ship Trip (a)}
dscn3225.jpg,159425,0ef6a516,\Gallery 49\07 - Ship Trip (a)\,{Shemale Yum Dvd03~G49~07~07 - Ship Trip (a)}
dscn3226.jpg,154758,f9424f34,\Gallery 49\07 - Ship Trip (a)\,{Shemale Yum Dvd03~G49~07~07 - Ship Trip (a)}
dscn3227.jpg,110879,78a2c258,\Gallery 49\07 - Ship Trip (a)\,{Shemale Yum Dvd03~G49~07~07 - Ship Trip (a)}
dscn3230.jpg,157391,d07b3a03,\Gallery 49\07 - Ship Trip (a)\,{Shemale Yum Dvd03~G49~07~07 - Ship Trip (a)}
dscn3231.jpg,118667,4ed3fca1,\Gallery 49\07 - Ship Trip (a)\,{Shemale Yum Dvd03~G49~07~07 - Ship Trip (a)}
dscn3232.jpg,127441,31befed8,\Gallery 49\07 - Ship Trip (a)\,{Shemale Yum Dvd03~G49~07~07 - Ship Trip (a)}
dscn3233.jpg,119973,3ee3d6eb,\Gallery 49\07 - Ship Trip (a)\,{Shemale Yum Dvd03~G49~07~07 - Ship Trip (a)}
dscn3244.jpg,148572,62e7b758,\Gallery 49\07 - Ship Trip (a)\,{Shemale Yum Dvd03~G49~07~07 - Ship Trip (a)}
dscn3246.jpg,120607,94c6d5c4,\Gallery 49\07 - Ship Trip (a)\,{Shemale Yum Dvd03~G49~07~07 - Ship Trip (a)}
dscn3247.jpg,71529,62ed6c8f,\Gallery 49\07 - Ship Trip (a)\,{Shemale Yum Dvd03~G49~07~07 - Ship Trip (a)}
dscn3248.jpg,116651,388e05f0,\Gallery 49\07 - Ship Trip (a)\,{Shemale Yum Dvd03~G49~07~07 - Ship Trip (a)}
dscn3249.jpg,99209,d8b7eb81,\Gallery 49\07 - Ship Trip (a)\,{Shemale Yum Dvd03~G49~07~07 - Ship Trip (a)}
dscn3250.jpg,133078,8f2f5bb3,\Gallery 49\07 - Ship Trip (a)\,{Shemale Yum Dvd03~G49~07~07 - Ship Trip (a)}
dscn3252.jpg,125261,4f56b59b,\Gallery 49\07 - Ship Trip (a)\,{Shemale Yum Dvd03~G49~07~07 - Ship Trip (a)}
dscn3253.jpg,104610,98edfb57,\Gallery 49\07 - Ship Trip (a)\,{Shemale Yum Dvd03~G49~07~07 - Ship Trip (a)}
dscn3254.jpg,126268,3f2a6c98,\Gallery 49\07 - Ship Trip (a)\,{Shemale Yum Dvd03~G49~07~07 - Ship Trip (a)}
dscn3255.jpg,104787,76af2faa,\Gallery 49\07 - Ship Trip (a)\,{Shemale Yum Dvd03~G49~07~07 - Ship Trip (a)}
dscn3259.jpg,138768,5008de82,\Gallery 49\07 - Ship Trip (a)\,{Shemale Yum Dvd03~G49~07~07 - Ship Trip (a)}
dscn3261.jpg,117014,2d1609f2,\Gallery 49\07 - Ship Trip (a)\,{Shemale Yum Dvd03~G49~07~07 - Ship Trip (a)}
dscn3263.jpg,128808,8aef8b4a,\Gallery 49\07 - Ship Trip (a)\,{Shemale Yum Dvd03~G49~07~07 - Ship Trip (a)}
dscn3264.jpg,106041,12c7889b,\Gallery 49\07 - Ship Trip (a)\,{Shemale Yum Dvd03~G49~07~07 - Ship Trip (a)}
dscn3265.jpg,96776,f200c6ba,\Gallery 49\07 - Ship Trip (a)\,{Shemale Yum Dvd03~G49~07~07 - Ship Trip (a)}
dscn3267.jpg,114892,34f71ee8,\Gallery 49\07 - Ship Trip (a)\,{Shemale Yum Dvd03~G49~07~07 - Ship Trip (a)}
dscn3268.jpg,102400,91111a51,\Gallery 49\07 - Ship Trip (a)\,{Shemale Yum Dvd03~G49~07~07 - Ship Trip (a)}
dscn3269.jpg,100951,a84d39b7,\Gallery 49\07 - Ship Trip (a)\,{Shemale Yum Dvd03~G49~07~07 - Ship Trip (a)}
dscn3270.jpg,116287,73e565d3,\Gallery 49\07 - Ship Trip (a)\,{Shemale Yum Dvd03~G49~07~07 - Ship Trip (a)}
dscn3271.jpg,102305,6c14bcac,\Gallery 49\07 - Ship Trip (a)\,{Shemale Yum Dvd03~G49~07~07 - Ship Trip (a)}
dscn3272.jpg,101640,38938224,\Gallery 49\07 - Ship Trip (a)\,{Shemale Yum Dvd03~G49~07~07 - Ship Trip (a)}
dscn3273.jpg,119395,e86912ee,\Gallery 49\07 - Ship Trip (a)\,{Shemale Yum Dvd03~G49~07~07 - Ship Trip (a)}
dscn3274.jpg,113980,0cf6100d,\Gallery 49\07 - Ship Trip (a)\,{Shemale Yum Dvd03~G49~07~07 - Ship Trip (a)}
dscn3275.jpg,112546,8b269dc0,\Gallery 49\07 - Ship Trip (a)\,{Shemale Yum Dvd03~G49~07~07 - Ship Trip (a)}
dscn3276.jpg,113946,0be9bf70,\Gallery 49\07 - Ship Trip (a)\,{Shemale Yum Dvd03~G49~07~07 - Ship Trip (a)}
dscn3277.jpg,114846,d2c94445,\Gallery 49\07 - Ship Trip (a)\,{Shemale Yum Dvd03~G49~07~07 - Ship Trip (a)}
dscn3278.jpg,139112,0bf075ea,\Gallery 49\07 - Ship Trip (a)\,{Shemale Yum Dvd03~G49~07~07 - Ship Trip (a)}
dscn3279.jpg,147732,a9741bb6,\Gallery 49\07 - Ship Trip (a)\,{Shemale Yum Dvd03~G49~07~07 - Ship Trip (a)}
dscn3286.jpg,122520,fe1c9a37,\Gallery 49\07 - Ship Trip (a)\,{Shemale Yum Dvd03~G49~07~07 - Ship Trip (a)}
dscn3287.jpg,94652,d92ffd4a,\Gallery 49\07 - Ship Trip (a)\,{Shemale Yum Dvd03~G49~07~07 - Ship Trip (a)}
dscn3288.jpg,129952,569f9aa0,\Gallery 49\07 - Ship Trip (a)\,{Shemale Yum Dvd03~G49~07~07 - Ship Trip (a)}
dscn3289.jpg,123961,183e73ac,\Gallery 49\07 - Ship Trip (a)\,{Shemale Yum Dvd03~G49~07~07 - Ship Trip (a)}
dscn3291.jpg,106914,ac9b551e,\Gallery 49\07 - Ship Trip (a)\,{Shemale Yum Dvd03~G49~07~07 - Ship Trip (a)}
dscn3293.jpg,124007,b12de833,\Gallery 49\07 - Ship Trip (a)\,{Shemale Yum Dvd03~G49~07~07 - Ship Trip (a)}
dscn3294.jpg,122219,ec96da9f,\Gallery 49\07 - Ship Trip (a)\,{Shemale Yum Dvd03~G49~07~07 - Ship Trip (a)}
dscn3298.jpg,95281,546a3a4e,\Gallery 49\07 - Ship Trip (a)\,{Shemale Yum Dvd03~G49~07~07 - Ship Trip (a)}
dscn3300.jpg,152578,0030f4f9,\Gallery 49\07 - Ship Trip (a)\,{Shemale Yum Dvd03~G49~07~07 - Ship Trip (a)}
dscn3301.jpg,134328,f3b0a279,\Gallery 49\07 - Ship Trip (a)\,{Shemale Yum Dvd03~G49~07~07 - Ship Trip (a)}
dscn3304.jpg,168944,5a70ac7f,\Gallery 49\07 - Ship Trip (a)\,{Shemale Yum Dvd03~G49~07~07 - Ship Trip (a)}
dscn3305.jpg,143629,4ebfed61,\Gallery 49\07 - Ship Trip (a)\,{Shemale Yum Dvd03~G49~07~07 - Ship Trip (a)}
dscn3306.jpg,148306,7a7f5b56,\Gallery 49\07 - Ship Trip (a)\,{Shemale Yum Dvd03~G49~07~07 - Ship Trip (a)}
dscn3309.jpg,130684,c6402a0e,\Gallery 49\07 - Ship Trip (a)\,{Shemale Yum Dvd03~G49~07~07 - Ship Trip (a)}
dscn3310.jpg,114676,b2a2ee65,\Gallery 49\07 - Ship Trip (a)\,{Shemale Yum Dvd03~G49~07~07 - Ship Trip (a)}
dscn3311.jpg,121183,cc22ff80,\Gallery 49\07 - Ship Trip (a)\,{Shemale Yum Dvd03~G49~07~07 - Ship Trip (a)}
dscn3312.jpg,128425,a9d4a7a6,\Gallery 49\07 - Ship Trip (a)\,{Shemale Yum Dvd03~G49~07~07 - Ship Trip (a)}
dscn3313.jpg,127272,f30e4d79,\Gallery 49\07 - Ship Trip (a)\,{Shemale Yum Dvd03~G49~07~07 - Ship Trip (a)}
dscn3314.jpg,108861,0c7b6e67,\Gallery 49\07 - Ship Trip (a)\,{Shemale Yum Dvd03~G49~07~07 - Ship Trip (a)}
dscn3315.jpg,107327,62a7d13f,\Gallery 49\07 - Ship Trip (a)\,{Shemale Yum Dvd03~G49~07~07 - Ship Trip (a)}
dscn3316.jpg,141335,7ea6cd21,\Gallery 49\07 - Ship Trip (a)\,{Shemale Yum Dvd03~G49~07~07 - Ship Trip (a)}
dscn3317.jpg,144267,b7be549b,\Gallery 49\07 - Ship Trip (a)\,{Shemale Yum Dvd03~G49~07~07 - Ship Trip (a)}
dscn3319.jpg,99656,acbe9240,\Gallery 49\07 - Ship Trip (a)\,{Shemale Yum Dvd03~G49~07~07 - Ship Trip (a)}
dscn3320.jpg,92554,3cd6d0d4,\Gallery 49\07 - Ship Trip (a)\,{Shemale Yum Dvd03~G49~07~07 - Ship Trip (a)}
dscn3321.jpg,115743,29059e0f,\Gallery 49\07 - Ship Trip (a)\,{Shemale Yum Dvd03~G49~07~07 - Ship Trip (a)}
dscn3322.jpg,113024,bc480716,\Gallery 49\07 - Ship Trip (a)\,{Shemale Yum Dvd03~G49~07~07 - Ship Trip (a)}
dscn3324.jpg,100829,746840d3,\Gallery 49\07 - Ship Trip (a)\,{Shemale Yum Dvd03~G49~07~07 - Ship Trip (a)}
dscn3325.jpg,98198,865b2a1e,\Gallery 49\07 - Ship Trip (a)\,{Shemale Yum Dvd03~G49~07~07 - Ship Trip (a)}
dscn3326.jpg,90978,36c181e2,\Gallery 49\07 - Ship Trip (a)\,{Shemale Yum Dvd03~G49~07~07 - Ship Trip (a)}
dscn3327.jpg,105633,87124ac2,\Gallery 49\07 - Ship Trip (a)\,{Shemale Yum Dvd03~G49~07~07 - Ship Trip (a)}
dscn3330.jpg,95883,04c0bfd6,\Gallery 49\07 - Ship Trip (a)\,{Shemale Yum Dvd03~G49~07~07 - Ship Trip (a)}
dscn3331.jpg,91009,f557ff2f,\Gallery 49\07 - Ship Trip (a)\,{Shemale Yum Dvd03~G49~07~07 - Ship Trip (a)}
dscn3333.jpg,148972,b2de195d,\Gallery 49\07 - Ship Trip (a)\,{Shemale Yum Dvd03~G49~07~07 - Ship Trip (a)}
dscn3334.jpg,148747,14f5c754,\Gallery 49\07 - Ship Trip (a)\,{Shemale Yum Dvd03~G49~07~07 - Ship Trip (a)}
dscn3335.jpg,159573,b0e13dc0,\Gallery 49\07 - Ship Trip (a)\,{Shemale Yum Dvd03~G49~07~07 - Ship Trip (a)}
dscn3336.jpg,167781,5eb7be84,\Gallery 49\07 - Ship Trip (a)\,{Shemale Yum Dvd03~G49~07~07 - Ship Trip (a)}
dscn3337.jpg,140511,3287ffa9,\Gallery 49\07 - Ship Trip (a)\,{Shemale Yum Dvd03~G49~07~07 - Ship Trip (a)}
dscn3338.jpg,178532,23543029,\Gallery 49\07 - Ship Trip (a)\,{Shemale Yum Dvd03~G49~07~07 - Ship Trip (a)}
dscn3339.jpg,70953,55595296,\Gallery 49\07 - Ship Trip (a)\,{Shemale Yum Dvd03~G49~07~07 - Ship Trip (a)}
dscn3340.jpg,71394,210a7050,\Gallery 49\07 - Ship Trip (a)\,{Shemale Yum Dvd03~G49~07~07 - Ship Trip (a)}
dscn3341.jpg,73382,355a3516,\Gallery 49\07 - Ship Trip (a)\,{Shemale Yum Dvd03~G49~07~07 - Ship Trip (a)}
dscn3342.jpg,77810,bb5b87f4,\Gallery 49\07 - Ship Trip (a)\,{Shemale Yum Dvd03~G49~07~07 - Ship Trip (a)}
dscn3343.jpg,104061,b84d6404,\Gallery 49\07 - Ship Trip (a)\,{Shemale Yum Dvd03~G49~07~07 - Ship Trip (a)}
dscn3344.jpg,106399,f9585383,\Gallery 49\07 - Ship Trip (a)\,{Shemale Yum Dvd03~G49~07~07 - Ship Trip (a)}
dscn3345.jpg,85814,40620044,\Gallery 49\07 - Ship Trip (a)\,{Shemale Yum Dvd03~G49~07~07 - Ship Trip (a)}
dscn3346.jpg,87250,6705eea7,\Gallery 49\07 - Ship Trip (a)\,{Shemale Yum Dvd03~G49~07~07 - Ship Trip (a)}
dscn3347.jpg,91510,d4d15f3e,\Gallery 49\07 - Ship Trip (a)\,{Shemale Yum Dvd03~G49~07~07 - Ship Trip (a)}
dscn3348.jpg,96701,e505128c,\Gallery 49\07 - Ship Trip (a)\,{Shemale Yum Dvd03~G49~07~07 - Ship Trip (a)}
dscn3349.jpg,144337,cd8d9db8,\Gallery 49\07 - Ship Trip (a)\,{Shemale Yum Dvd03~G49~07~07 - Ship Trip (a)}
dscn3350.jpg,133727,a2657fa1,\Gallery 49\07 - Ship Trip (a)\,{Shemale Yum Dvd03~G49~07~07 - Ship Trip (a)}
dscn3351.jpg,136700,a0a07296,\Gallery 49\07 - Ship Trip (a)\,{Shemale Yum Dvd03~G49~07~07 - Ship Trip (a)}
dscn3352.jpg,122285,d42714dd,\Gallery 49\07 - Ship Trip (a)\,{Shemale Yum Dvd03~G49~07~07 - Ship Trip (a)}
dscn3353.jpg,95748,4f07a6b0,\Gallery 49\07 - Ship Trip (a)\,{Shemale Yum Dvd03~G49~07~07 - Ship Trip (a)}
dscn3354.jpg,136237,92e5029c,\Gallery 49\07 - Ship Trip (a)\,{Shemale Yum Dvd03~G49~07~07 - Ship Trip (a)}
dscn3357.jpg,101698,8c60dfe5,\Gallery 49\07 - Ship Trip (a)\,{Shemale Yum Dvd03~G49~07~07 - Ship Trip (a)}
dscn3358.jpg,86894,1ea91c13,\Gallery 49\07 - Ship Trip (a)\,{Shemale Yum Dvd03~G49~07~07 - Ship Trip (a)}
dscn3359.jpg,87390,e6e81c27,\Gallery 49\07 - Ship Trip (a)\,{Shemale Yum Dvd03~G49~07~07 - Ship Trip (a)}
dscn3360.jpg,90133,f18fd9e7,\Gallery 49\07 - Ship Trip (a)\,{Shemale Yum Dvd03~G49~07~07 - Ship Trip (a)}
dscn3361.jpg,152389,5fa27176,\Gallery 49\07 - Ship Trip (a)\,{Shemale Yum Dvd03~G49~07~07 - Ship Trip (a)}
dscn3362.jpg,118204,7ee411a5,\Gallery 49\07 - Ship Trip (a)\,{Shemale Yum Dvd03~G49~07~07 - Ship Trip (a)}
dscn3363.jpg,132238,34f4f1ed,\Gallery 49\07 - Ship Trip (a)\,{Shemale Yum Dvd03~G49~07~07 - Ship Trip (a)}
dscn3364.jpg,132746,8b14fe4a,\Gallery 49\07 - Ship Trip (a)\,{Shemale Yum Dvd03~G49~07~07 - Ship Trip (a)}
dscn3365.jpg,127091,0522145f,\Gallery 49\07 - Ship Trip (a)\,{Shemale Yum Dvd03~G49~07~07 - Ship Trip (a)}
dscn3366.jpg,144442,46f575fb,\Gallery 49\07 - Ship Trip (a)\,{Shemale Yum Dvd03~G49~07~07 - Ship Trip (a)}
dscn3367.jpg,146885,6643d46c,\Gallery 49\07 - Ship Trip (a)\,{Shemale Yum Dvd03~G49~07~07 - Ship Trip (a)}
dscn3368.jpg,120338,f04e8b67,\Gallery 49\07 - Ship Trip (a)\,{Shemale Yum Dvd03~G49~07~07 - Ship Trip (a)}
dscn3369.jpg,145575,34930fcb,\Gallery 49\07 - Ship Trip (a)\,{Shemale Yum Dvd03~G49~07~07 - Ship Trip (a)}
dscn3370.jpg,156331,9a2c3ebf,\Gallery 49\07 - Ship Trip (a)\,{Shemale Yum Dvd03~G49~07~07 - Ship Trip (a)}
dscn3371.jpg,172497,3877fc2f,\Gallery 49\07 - Ship Trip (a)\,{Shemale Yum Dvd03~G49~07~07 - Ship Trip (a)}
dscn3373.jpg,116017,8f98611b,\Gallery 49\07 - Ship Trip (a)\,{Shemale Yum Dvd03~G49~07~07 - Ship Trip (a)}
dscn3374.jpg,108616,b2f31f04,\Gallery 49\07 - Ship Trip (a)\,{Shemale Yum Dvd03~G49~07~07 - Ship Trip (a)}
dscn3375.jpg,161307,2eafc255,\Gallery 49\07 - Ship Trip (a)\,{Shemale Yum Dvd03~G49~07~07 - Ship Trip (a)}
dscn3376.jpg,138026,dbd4607d,\Gallery 49\07 - Ship Trip (a)\,{Shemale Yum Dvd03~G49~07~07 - Ship Trip (a)}
dscn3377.jpg,118492,204c2a75,\Gallery 49\07 - Ship Trip (a)\,{Shemale Yum Dvd03~G49~07~07 - Ship Trip (a)}
dscn3378.jpg,115367,4ef6fdce,\Gallery 49\07 - Ship Trip (a)\,{Shemale Yum Dvd03~G49~07~07 - Ship Trip (a)}
dscn3379.jpg,137763,60870c2e,\Gallery 49\07 - Ship Trip (a)\,{Shemale Yum Dvd03~G49~07~07 - Ship Trip (a)}
dscn3380.jpg,127638,dc5ca94b,\Gallery 49\07 - Ship Trip (a)\,{Shemale Yum Dvd03~G49~07~07 - Ship Trip (a)}
dscn3381.jpg,96328,11e16dbe,\Gallery 49\07 - Ship Trip (a)\,{Shemale Yum Dvd03~G49~07~07 - Ship Trip (a)}
dscn3382.jpg,189270,1c4bc842,\Gallery 49\07 - Ship Trip (a)\,{Shemale Yum Dvd03~G49~07~07 - Ship Trip (a)}
dscn3383.jpg,128578,02c05f38,\Gallery 49\07 - Ship Trip (a)\,{Shemale Yum Dvd03~G49~07~07 - Ship Trip (a)}
krystal(basque)007.jpg,129156,2a4497b8,\Gallery 46\08 - Krystal\,{Shemale Yum Dvd03~G46~08~08 - Krystal}
krystal(basque)030.jpg,135131,a759c129,\Gallery 46\08 - Krystal\,{Shemale Yum Dvd03~G46~08~08 - Krystal}
krystal001.jpg,113375,f6f1141f,\Gallery 46\08 - Krystal\,{Shemale Yum Dvd03~G46~08~08 - Krystal}
krystal002.jpg,124601,fcd871a7,\Gallery 46\08 - Krystal\,{Shemale Yum Dvd03~G46~08~08 - Krystal}
krystal003.jpg,130142,3cad02a2,\Gallery 46\08 - Krystal\,{Shemale Yum Dvd03~G46~08~08 - Krystal}
krystal004.jpg,129839,30f64659,\Gallery 46\08 - Krystal\,{Shemale Yum Dvd03~G46~08~08 - Krystal}
krystal005.jpg,122626,9500ce82,\Gallery 46\08 - Krystal\,{Shemale Yum Dvd03~G46~08~08 - Krystal}
krystal006.jpg,126595,86e1c0a7,\Gallery 46\08 - Krystal\,{Shemale Yum Dvd03~G46~08~08 - Krystal}
krystal008.jpg,124307,4992d8bd,\Gallery 46\08 - Krystal\,{Shemale Yum Dvd03~G46~08~08 - Krystal}
krystal009.jpg,128534,5d0de0b3,\Gallery 46\08 - Krystal\,{Shemale Yum Dvd03~G46~08~08 - Krystal}
krystal010.jpg,151655,ffa8afb7,\Gallery 46\08 - Krystal\,{Shemale Yum Dvd03~G46~08~08 - Krystal}
krystal011.jpg,132293,e5244a06,\Gallery 46\08 - Krystal\,{Shemale Yum Dvd03~G46~08~08 - Krystal}
krystal012.jpg,118711,0244f5d4,\Gallery 46\08 - Krystal\,{Shemale Yum Dvd03~G46~08~08 - Krystal}
krystal013.jpg,130971,92b8a36d,\Gallery 46\08 - Krystal\,{Shemale Yum Dvd03~G46~08~08 - Krystal}
krystal014.jpg,140832,cdd36b18,\Gallery 46\08 - Krystal\,{Shemale Yum Dvd03~G46~08~08 - Krystal}
krystal015.jpg,413222,eb5695dd,\Gallery 46\08 - Krystal\,{Shemale Yum Dvd03~G46~08~08 - Krystal}
krystal016.jpg,392036,5061fa15,\Gallery 46\08 - Krystal\,{Shemale Yum Dvd03~G46~08~08 - Krystal}
krystal017.jpg,137498,069db37d,\Gallery 46\08 - Krystal\,{Shemale Yum Dvd03~G46~08~08 - Krystal}
krystal018.jpg,127547,6f139062,\Gallery 46\08 - Krystal\,{Shemale Yum Dvd03~G46~08~08 - Krystal}
krystal019.jpg,149070,9c4ccef1,\Gallery 46\08 - Krystal\,{Shemale Yum Dvd03~G46~08~08 - Krystal}
krystal020.jpg,131712,58e23af7,\Gallery 46\08 - Krystal\,{Shemale Yum Dvd03~G46~08~08 - Krystal}
krystal021.jpg,139750,d84056e9,\Gallery 46\08 - Krystal\,{Shemale Yum Dvd03~G46~08~08 - Krystal}
krystal022.jpg,134213,72984e17,\Gallery 46\08 - Krystal\,{Shemale Yum Dvd03~G46~08~08 - Krystal}
krystal023.jpg,148131,a772945f,\Gallery 46\08 - Krystal\,{Shemale Yum Dvd03~G46~08~08 - Krystal}
krystal024.jpg,156065,a514ffc3,\Gallery 46\08 - Krystal\,{Shemale Yum Dvd03~G46~08~08 - Krystal}
krystal025.jpg,156590,fd0dac5c,\Gallery 46\08 - Krystal\,{Shemale Yum Dvd03~G46~08~08 - Krystal}
krystal026.jpg,133984,8d5fae24,\Gallery 46\08 - Krystal\,{Shemale Yum Dvd03~G46~08~08 - Krystal}
krystal027.jpg,143795,16fa56ec,\Gallery 46\08 - Krystal\,{Shemale Yum Dvd03~G46~08~08 - Krystal}
krystal028.jpg,127348,08360878,\Gallery 46\08 - Krystal\,{Shemale Yum Dvd03~G46~08~08 - Krystal}
krystal029.jpg,131620,0451f1e8,\Gallery 46\08 - Krystal\,{Shemale Yum Dvd03~G46~08~08 - Krystal}
krystal031.jpg,140307,6bb4e8f8,\Gallery 46\08 - Krystal\,{Shemale Yum Dvd03~G46~08~08 - Krystal}
krystal032.jpg,124879,e6aa8f9e,\Gallery 46\08 - Krystal\,{Shemale Yum Dvd03~G46~08~08 - Krystal}
krystal033.jpg,407498,fec74e71,\Gallery 46\08 - Krystal\,{Shemale Yum Dvd03~G46~08~08 - Krystal}
krystal034.jpg,124267,6f7b6daf,\Gallery 46\08 - Krystal\,{Shemale Yum Dvd03~G46~08~08 - Krystal}
krystal035.jpg,136755,0b49ba2c,\Gallery 46\08 - Krystal\,{Shemale Yum Dvd03~G46~08~08 - Krystal}
krystal036.jpg,139371,c94e26d7,\Gallery 46\08 - Krystal\,{Shemale Yum Dvd03~G46~08~08 - Krystal}
krystal037.jpg,178018,1f8e1af6,\Gallery 46\08 - Krystal\,{Shemale Yum Dvd03~G46~08~08 - Krystal}
krystal038.jpg,182801,5cf23c75,\Gallery 46\08 - Krystal\,{Shemale Yum Dvd03~G46~08~08 - Krystal}
krystal039.jpg,151057,b603ef85,\Gallery 46\08 - Krystal\,{Shemale Yum Dvd03~G46~08~08 - Krystal}
krystal040.jpg,149457,74c4d5f1,\Gallery 46\08 - Krystal\,{Shemale Yum Dvd03~G46~08~08 - Krystal}
krystal041.jpg,150340,744878ce,\Gallery 46\08 - Krystal\,{Shemale Yum Dvd03~G46~08~08 - Krystal}
krystal042.jpg,151895,3e8fdc4e,\Gallery 46\08 - Krystal\,{Shemale Yum Dvd03~G46~08~08 - Krystal}
krystal043.jpg,169739,eedfc1c9,\Gallery 46\08 - Krystal\,{Shemale Yum Dvd03~G46~08~08 - Krystal}
krystal044.jpg,161724,6bd35dbb,\Gallery 46\08 - Krystal\,{Shemale Yum Dvd03~G46~08~08 - Krystal}
krystal045.jpg,163315,c2b10e18,\Gallery 46\08 - Krystal\,{Shemale Yum Dvd03~G46~08~08 - Krystal}
krystal046.jpg,157999,39e97106,\Gallery 46\08 - Krystal\,{Shemale Yum Dvd03~G46~08~08 - Krystal}
krystal047.jpg,128320,54062fd6,\Gallery 46\08 - Krystal\,{Shemale Yum Dvd03~G46~08~08 - Krystal}
krystal048.jpg,420209,4339e432,\Gallery 46\08 - Krystal\,{Shemale Yum Dvd03~G46~08~08 - Krystal}
krystal049.jpg,153379,2cb7f87e,\Gallery 46\08 - Krystal\,{Shemale Yum Dvd03~G46~08~08 - Krystal}
krystal050.jpg,166524,6efbb2f9,\Gallery 46\08 - Krystal\,{Shemale Yum Dvd03~G46~08~08 - Krystal}
krystal051.jpg,163992,d05cc4bc,\Gallery 46\08 - Krystal\,{Shemale Yum Dvd03~G46~08~08 - Krystal}
krystal052.jpg,115086,6455702e,\Gallery 46\08 - Krystal\,{Shemale Yum Dvd03~G46~08~08 - Krystal}
krystal053.jpg,155517,c5935093,\Gallery 46\08 - Krystal\,{Shemale Yum Dvd03~G46~08~08 - Krystal}
krystal054.jpg,162569,1d05cc16,\Gallery 46\08 - Krystal\,{Shemale Yum Dvd03~G46~08~08 - Krystal}
krystal055.jpg,121973,232b1077,\Gallery 46\08 - Krystal\,{Shemale Yum Dvd03~G46~08~08 - Krystal}
krystal056.jpg,167733,8382bd6c,\Gallery 46\08 - Krystal\,{Shemale Yum Dvd03~G46~08~08 - Krystal}
krystal057.jpg,160988,5347bb49,\Gallery 46\08 - Krystal\,{Shemale Yum Dvd03~G46~08~08 - Krystal}
krystal058.jpg,171336,0d8e7010,\Gallery 46\08 - Krystal\,{Shemale Yum Dvd03~G46~08~08 - Krystal}
krystal059.jpg,144035,636ca0df,\Gallery 46\08 - Krystal\,{Shemale Yum Dvd03~G46~08~08 - Krystal}
krystal060.jpg,170900,1ebf46f8,\Gallery 46\08 - Krystal\,{Shemale Yum Dvd03~G46~08~08 - Krystal}
krystal061.jpg,169103,916e47ea,\Gallery 46\08 - Krystal\,{Shemale Yum Dvd03~G46~08~08 - Krystal}
krystal062.jpg,177544,324724bc,\Gallery 46\08 - Krystal\,{Shemale Yum Dvd03~G46~08~08 - Krystal}
krystal063.jpg,201279,c6b87d2d,\Gallery 46\08 - Krystal\,{Shemale Yum Dvd03~G46~08~08 - Krystal}
krystal064.jpg,119656,5b70983c,\Gallery 46\08 - Krystal\,{Shemale Yum Dvd03~G46~08~08 - Krystal}
krystal065.jpg,126557,0f62052c,\Gallery 46\08 - Krystal\,{Shemale Yum Dvd03~G46~08~08 - Krystal}
krystal066.jpg,170581,e3b7d9cb,\Gallery 46\08 - Krystal\,{Shemale Yum Dvd03~G46~08~08 - Krystal}
krystal067.jpg,167147,6657784c,\Gallery 46\08 - Krystal\,{Shemale Yum Dvd03~G46~08~08 - Krystal}
krystal068.jpg,138419,ba7b71c9,\Gallery 46\08 - Krystal\,{Shemale Yum Dvd03~G46~08~08 - Krystal}
krystal069.jpg,142102,832087cb,\Gallery 46\08 - Krystal\,{Shemale Yum Dvd03~G46~08~08 - Krystal}
krystal070.jpg,126155,e19f9197,\Gallery 46\08 - Krystal\,{Shemale Yum Dvd03~G46~08~08 - Krystal}
krystal071.jpg,149615,447ad899,\Gallery 46\08 - Krystal\,{Shemale Yum Dvd03~G46~08~08 - Krystal}
krystal072.jpg,152329,db02a1e9,\Gallery 46\08 - Krystal\,{Shemale Yum Dvd03~G46~08~08 - Krystal}
krystal073.jpg,117583,f7723e14,\Gallery 46\08 - Krystal\,{Shemale Yum Dvd03~G46~08~08 - Krystal}
krystal074.jpg,151158,046718c7,\Gallery 46\08 - Krystal\,{Shemale Yum Dvd03~G46~08~08 - Krystal}
krystal075.jpg,143450,0738cf3c,\Gallery 46\08 - Krystal\,{Shemale Yum Dvd03~G46~08~08 - Krystal}
krystal076.jpg,125282,82a76b50,\Gallery 46\08 - Krystal\,{Shemale Yum Dvd03~G46~08~08 - Krystal}
krystal077.jpg,156753,4145fbb7,\Gallery 46\08 - Krystal\,{Shemale Yum Dvd03~G46~08~08 - Krystal}
krystal078.jpg,152861,c3098f61,\Gallery 46\08 - Krystal\,{Shemale Yum Dvd03~G46~08~08 - Krystal}
krystal079.jpg,123753,0b497715,\Gallery 46\08 - Krystal\,{Shemale Yum Dvd03~G46~08~08 - Krystal}
krystal080.jpg,116544,b6cce9b8,\Gallery 46\08 - Krystal\,{Shemale Yum Dvd03~G46~08~08 - Krystal}
tandi001.jpg,131097,6b32e31b,\Gallery 46\09 - Tandi\,{Shemale Yum Dvd03~G46~09~09 - Tandi}
tandi003.jpg,136239,e66e0d5c,\Gallery 46\09 - Tandi\,{Shemale Yum Dvd03~G46~09~09 - Tandi}
tandi005.jpg,128373,7235d14c,\Gallery 46\09 - Tandi\,{Shemale Yum Dvd03~G46~09~09 - Tandi}
tandi007.jpg,121688,6f353277,\Gallery 46\09 - Tandi\,{Shemale Yum Dvd03~G46~09~09 - Tandi}
tandi008.jpg,118829,e65e03c2,\Gallery 46\09 - Tandi\,{Shemale Yum Dvd03~G46~09~09 - Tandi}
tandi009.jpg,124188,e6220b30,\Gallery 46\09 - Tandi\,{Shemale Yum Dvd03~G46~09~09 - Tandi}
tandi010.jpg,116824,3ae5a8fb,\Gallery 46\09 - Tandi\,{Shemale Yum Dvd03~G46~09~09 - Tandi}
tandi011.jpg,118088,ff1600f1,\Gallery 46\09 - Tandi\,{Shemale Yum Dvd03~G46~09~09 - Tandi}
tandi012.jpg,107925,ca1b2ea8,\Gallery 46\09 - Tandi\,{Shemale Yum Dvd03~G46~09~09 - Tandi}
tandi013.jpg,109850,3a6b6d78,\Gallery 46\09 - Tandi\,{Shemale Yum Dvd03~G46~09~09 - Tandi}
tandi014.jpg,117229,6cc58301,\Gallery 46\09 - Tandi\,{Shemale Yum Dvd03~G46~09~09 - Tandi}
tandi015.jpg,128555,f683ca94,\Gallery 46\09 - Tandi\,{Shemale Yum Dvd03~G46~09~09 - Tandi}
tandi016.jpg,120509,ad1833c0,\Gallery 46\09 - Tandi\,{Shemale Yum Dvd03~G46~09~09 - Tandi}
tandi017.jpg,136021,22266ec0,\Gallery 46\09 - Tandi\,{Shemale Yum Dvd03~G46~09~09 - Tandi}
tandi018.jpg,128214,bb3d6da9,\Gallery 46\09 - Tandi\,{Shemale Yum Dvd03~G46~09~09 - Tandi}
tandi019.jpg,123676,f9dc5943,\Gallery 46\09 - Tandi\,{Shemale Yum Dvd03~G46~09~09 - Tandi}
tandi020.jpg,146124,3ab47fbb,\Gallery 46\09 - Tandi\,{Shemale Yum Dvd03~G46~09~09 - Tandi}
tandi021.jpg,146529,26a85461,\Gallery 46\09 - Tandi\,{Shemale Yum Dvd03~G46~09~09 - Tandi}
tandi022.jpg,135584,4050e475,\Gallery 46\09 - Tandi\,{Shemale Yum Dvd03~G46~09~09 - Tandi}
tandi023.jpg,138757,da8b7d87,\Gallery 46\09 - Tandi\,{Shemale Yum Dvd03~G46~09~09 - Tandi}
tandi024.jpg,128992,1679db13,\Gallery 46\09 - Tandi\,{Shemale Yum Dvd03~G46~09~09 - Tandi}
tandi025.jpg,146713,f8b89ad0,\Gallery 46\09 - Tandi\,{Shemale Yum Dvd03~G46~09~09 - Tandi}
tandi026.jpg,135867,ab6ab22c,\Gallery 46\09 - Tandi\,{Shemale Yum Dvd03~G46~09~09 - Tandi}
tandi027.jpg,140604,6b6de4d3,\Gallery 46\09 - Tandi\,{Shemale Yum Dvd03~G46~09~09 - Tandi}
tandi028.jpg,133694,ab3ccee2,\Gallery 46\09 - Tandi\,{Shemale Yum Dvd03~G46~09~09 - Tandi}
tandi029.jpg,132700,5c0dcaa4,\Gallery 46\09 - Tandi\,{Shemale Yum Dvd03~G46~09~09 - Tandi}
tandi030.jpg,125888,94a0d37f,\Gallery 46\09 - Tandi\,{Shemale Yum Dvd03~G46~09~09 - Tandi}
tandi031.jpg,132307,ee13b0f3,\Gallery 46\09 - Tandi\,{Shemale Yum Dvd03~G46~09~09 - Tandi}
tandi032.jpg,140055,97f60049,\Gallery 46\09 - Tandi\,{Shemale Yum Dvd03~G46~09~09 - Tandi}
tandi033.jpg,134909,fecef923,\Gallery 46\09 - Tandi\,{Shemale Yum Dvd03~G46~09~09 - Tandi}
tandi034.jpg,142898,52bfc537,\Gallery 46\09 - Tandi\,{Shemale Yum Dvd03~G46~09~09 - Tandi}
tandi035.jpg,141997,33ac6888,\Gallery 46\09 - Tandi\,{Shemale Yum Dvd03~G46~09~09 - Tandi}
tandi036.jpg,138928,0767f95d,\Gallery 46\09 - Tandi\,{Shemale Yum Dvd03~G46~09~09 - Tandi}
tandi037.jpg,132363,b7928048,\Gallery 46\09 - Tandi\,{Shemale Yum Dvd03~G46~09~09 - Tandi}
tandi038.jpg,132356,07372c09,\Gallery 46\09 - Tandi\,{Shemale Yum Dvd03~G46~09~09 - Tandi}
tandi039.jpg,141011,af8866fe,\Gallery 46\09 - Tandi\,{Shemale Yum Dvd03~G46~09~09 - Tandi}
tandi040.jpg,140220,48550450,\Gallery 46\09 - Tandi\,{Shemale Yum Dvd03~G46~09~09 - Tandi}
tandi041.jpg,141158,f87f5b30,\Gallery 46\09 - Tandi\,{Shemale Yum Dvd03~G46~09~09 - Tandi}
tandi042.jpg,140218,68c47874,\Gallery 46\09 - Tandi\,{Shemale Yum Dvd03~G46~09~09 - Tandi}
tandi043.jpg,143107,8a90ecaf,\Gallery 46\09 - Tandi\,{Shemale Yum Dvd03~G46~09~09 - Tandi}
tandi044.jpg,138911,d63f1003,\Gallery 46\09 - Tandi\,{Shemale Yum Dvd03~G46~09~09 - Tandi}
tandi045.jpg,145799,a7e860e6,\Gallery 46\09 - Tandi\,{Shemale Yum Dvd03~G46~09~09 - Tandi}
tandi046.jpg,132901,936f0776,\Gallery 46\09 - Tandi\,{Shemale Yum Dvd03~G46~09~09 - Tandi}
tandi047.jpg,125058,c2c58ed6,\Gallery 46\09 - Tandi\,{Shemale Yum Dvd03~G46~09~09 - Tandi}
tandi048.jpg,131275,4d13452e,\Gallery 46\09 - Tandi\,{Shemale Yum Dvd03~G46~09~09 - Tandi}
tandi049.jpg,133464,66ce4167,\Gallery 46\09 - Tandi\,{Shemale Yum Dvd03~G46~09~09 - Tandi}
tandi051.jpg,132690,c93f0e8a,\Gallery 46\09 - Tandi\,{Shemale Yum Dvd03~G46~09~09 - Tandi}
tandi052.jpg,132919,3e8ed241,\Gallery 46\09 - Tandi\,{Shemale Yum Dvd03~G46~09~09 - Tandi}
tandi053.jpg,141352,fb664010,\Gallery 46\09 - Tandi\,{Shemale Yum Dvd03~G46~09~09 - Tandi}
tandi054.jpg,142028,61e6f1c1,\Gallery 46\09 - Tandi\,{Shemale Yum Dvd03~G46~09~09 - Tandi}
tandi055.jpg,141662,c277afb8,\Gallery 46\09 - Tandi\,{Shemale Yum Dvd03~G46~09~09 - Tandi}
tandi056.jpg,142403,0e784e12,\Gallery 46\09 - Tandi\,{Shemale Yum Dvd03~G46~09~09 - Tandi}
tandi057.jpg,137476,47f44eea,\Gallery 46\09 - Tandi\,{Shemale Yum Dvd03~G46~09~09 - Tandi}
tandi058.jpg,129709,ff2ab2a0,\Gallery 46\09 - Tandi\,{Shemale Yum Dvd03~G46~09~09 - Tandi}
tandi059.jpg,140037,00087301,\Gallery 46\09 - Tandi\,{Shemale Yum Dvd03~G46~09~09 - Tandi}
tandi061.jpg,140477,0fb804ad,\Gallery 46\09 - Tandi\,{Shemale Yum Dvd03~G46~09~09 - Tandi}
tandi062.jpg,135415,662536be,\Gallery 46\09 - Tandi\,{Shemale Yum Dvd03~G46~09~09 - Tandi}
tandi063.jpg,132855,91aa9b31,\Gallery 46\09 - Tandi\,{Shemale Yum Dvd03~G46~09~09 - Tandi}
tandi064.jpg,137575,6cc0c8dc,\Gallery 46\09 - Tandi\,{Shemale Yum Dvd03~G46~09~09 - Tandi}
tandi065.jpg,137464,895cf6aa,\Gallery 46\09 - Tandi\,{Shemale Yum Dvd03~G46~09~09 - Tandi}
tandi066.jpg,126521,2918bb3d,\Gallery 46\09 - Tandi\,{Shemale Yum Dvd03~G46~09~09 - Tandi}
tandi067.jpg,122533,ce65eaf4,\Gallery 46\09 - Tandi\,{Shemale Yum Dvd03~G46~09~09 - Tandi}
tandi068.jpg,131508,b8d99561,\Gallery 46\09 - Tandi\,{Shemale Yum Dvd03~G46~09~09 - Tandi}
tandi069.jpg,136441,4082ae4e,\Gallery 46\09 - Tandi\,{Shemale Yum Dvd03~G46~09~09 - Tandi}
tandi070.jpg,137687,35f4bfad,\Gallery 46\09 - Tandi\,{Shemale Yum Dvd03~G46~09~09 - Tandi}
tandi071.jpg,119155,711e121d,\Gallery 46\09 - Tandi\,{Shemale Yum Dvd03~G46~09~09 - Tandi}
tandi072.jpg,130570,0fd3e740,\Gallery 46\09 - Tandi\,{Shemale Yum Dvd03~G46~09~09 - Tandi}
tandi073.jpg,129687,d44368a5,\Gallery 46\09 - Tandi\,{Shemale Yum Dvd03~G46~09~09 - Tandi}
tandi074.jpg,129219,0ebf97d5,\Gallery 46\09 - Tandi\,{Shemale Yum Dvd03~G46~09~09 - Tandi}
tandi075.jpg,139357,466f646e,\Gallery 46\09 - Tandi\,{Shemale Yum Dvd03~G46~09~09 - Tandi}
tandi076.jpg,141491,0f07dba7,\Gallery 46\09 - Tandi\,{Shemale Yum Dvd03~G46~09~09 - Tandi}
tandi077.jpg,125497,54fef857,\Gallery 46\09 - Tandi\,{Shemale Yum Dvd03~G46~09~09 - Tandi}
tandi078.jpg,132484,f449f3d1,\Gallery 46\09 - Tandi\,{Shemale Yum Dvd03~G46~09~09 - Tandi}
tandi079.jpg,100108,90f5a559,\Gallery 46\09 - Tandi\,{Shemale Yum Dvd03~G46~09~09 - Tandi}
tandi080.jpg,118099,4d38220a,\Gallery 46\09 - Tandi\,{Shemale Yum Dvd03~G46~09~09 - Tandi}
tandi081.jpg,123930,d24dcfce,\Gallery 46\09 - Tandi\,{Shemale Yum Dvd03~G46~09~09 - Tandi}
tandi082.jpg,99242,12833b5d,\Gallery 46\09 - Tandi\,{Shemale Yum Dvd03~G46~09~09 - Tandi}
tandi083.jpg,129668,dcc9de5e,\Gallery 46\09 - Tandi\,{Shemale Yum Dvd03~G46~09~09 - Tandi}
tandi084.jpg,111714,683a8c7b,\Gallery 46\09 - Tandi\,{Shemale Yum Dvd03~G46~09~09 - Tandi}
tandi085.jpg,113105,0aabdd62,\Gallery 46\09 - Tandi\,{Shemale Yum Dvd03~G46~09~09 - Tandi}
tandi086.jpg,120378,a009d798,\Gallery 46\09 - Tandi\,{Shemale Yum Dvd03~G46~09~09 - Tandi}
tandi087.jpg,105374,87a1e316,\Gallery 46\09 - Tandi\,{Shemale Yum Dvd03~G46~09~09 - Tandi}
tandi088.jpg,141390,baaeea23,\Gallery 46\09 - Tandi\,{Shemale Yum Dvd03~G46~09~09 - Tandi}
tandi089.jpg,138085,1b4dab69,\Gallery 46\09 - Tandi\,{Shemale Yum Dvd03~G46~09~09 - Tandi}
tandi090.jpg,117041,c0c5ae0a,\Gallery 46\09 - Tandi\,{Shemale Yum Dvd03~G46~09~09 - Tandi}
tandi092.jpg,78115,3bd56146,\Gallery 46\09 - Tandi\,{Shemale Yum Dvd03~G46~09~09 - Tandi}
tandi093.jpg,109218,d39ef455,\Gallery 46\09 - Tandi\,{Shemale Yum Dvd03~G46~09~09 - Tandi}
tandi094.jpg,131147,d66cf6f6,\Gallery 46\09 - Tandi\,{Shemale Yum Dvd03~G46~09~09 - Tandi}
tandi095.jpg,140900,f171f486,\Gallery 46\09 - Tandi\,{Shemale Yum Dvd03~G46~09~09 - Tandi}
tandi096.jpg,103821,818e2ac4,\Gallery 46\09 - Tandi\,{Shemale Yum Dvd03~G46~09~09 - Tandi}
tandi097.jpg,91575,5400edac,\Gallery 46\09 - Tandi\,{Shemale Yum Dvd03~G46~09~09 - Tandi}
tandi098.jpg,99031,711c35d5,\Gallery 46\09 - Tandi\,{Shemale Yum Dvd03~G46~09~09 - Tandi}
tandi099.jpg,82700,4e234862,\Gallery 46\09 - Tandi\,{Shemale Yum Dvd03~G46~09~09 - Tandi}
tandi100.jpg,69524,798d77a1,\Gallery 46\09 - Tandi\,{Shemale Yum Dvd03~G46~09~09 - Tandi}
tandi101.jpg,121436,b5d9cd0c,\Gallery 46\09 - Tandi\,{Shemale Yum Dvd03~G46~09~09 - Tandi}
tandi102.jpg,125836,8b0a929c,\Gallery 46\09 - Tandi\,{Shemale Yum Dvd03~G46~09~09 - Tandi}
tandi103.jpg,138625,21bfc9ae,\Gallery 46\09 - Tandi\,{Shemale Yum Dvd03~G46~09~09 - Tandi}
tandi104.jpg,88469,c02ce4cd,\Gallery 46\09 - Tandi\,{Shemale Yum Dvd03~G46~09~09 - Tandi}
tandi105.jpg,108623,4275ac18,\Gallery 46\09 - Tandi\,{Shemale Yum Dvd03~G46~09~09 - Tandi}
tandi106.jpg,99067,11b8993b,\Gallery 46\09 - Tandi\,{Shemale Yum Dvd03~G46~09~09 - Tandi}
tandi107.jpg,110431,bf3c262b,\Gallery 46\09 - Tandi\,{Shemale Yum Dvd03~G46~09~09 - Tandi}
tandib001.jpg,129963,0abe6605,\Gallery 46\09 - Tandi (2)\,{Shemale Yum Dvd03~G46~09-2~09 - Tandi (2)}
tandib002.jpg,109665,4b68cd24,\Gallery 46\09 - Tandi (2)\,{Shemale Yum Dvd03~G46~09-2~09 - Tandi (2)}
tandib003.jpg,127450,f516c0b5,\Gallery 46\09 - Tandi (2)\,{Shemale Yum Dvd03~G46~09-2~09 - Tandi (2)}
tandib004.jpg,141298,6c7800f3,\Gallery 46\09 - Tandi (2)\,{Shemale Yum Dvd03~G46~09-2~09 - Tandi (2)}
tandib005.jpg,132740,866701bb,\Gallery 46\09 - Tandi (2)\,{Shemale Yum Dvd03~G46~09-2~09 - Tandi (2)}
tandib006.jpg,126829,a50c9129,\Gallery 46\09 - Tandi (2)\,{Shemale Yum Dvd03~G46~09-2~09 - Tandi (2)}
tandib007.jpg,130250,c39403b0,\Gallery 46\09 - Tandi (2)\,{Shemale Yum Dvd03~G46~09-2~09 - Tandi (2)}
tandib008.jpg,163347,5fb778dd,\Gallery 46\09 - Tandi (2)\,{Shemale Yum Dvd03~G46~09-2~09 - Tandi (2)}
tandib009.jpg,134969,7207c98a,\Gallery 46\09 - Tandi (2)\,{Shemale Yum Dvd03~G46~09-2~09 - Tandi (2)}
tandib010.jpg,130055,4fe730ac,\Gallery 46\09 - Tandi (2)\,{Shemale Yum Dvd03~G46~09-2~09 - Tandi (2)}
tandib011.jpg,117846,e863e161,\Gallery 46\09 - Tandi (2)\,{Shemale Yum Dvd03~G46~09-2~09 - Tandi (2)}
tandib012.jpg,126408,b820b78e,\Gallery 46\09 - Tandi (2)\,{Shemale Yum Dvd03~G46~09-2~09 - Tandi (2)}
tandib013.jpg,138029,3f90ba2e,\Gallery 46\09 - Tandi (2)\,{Shemale Yum Dvd03~G46~09-2~09 - Tandi (2)}
tandib014.jpg,142123,56baa333,\Gallery 46\09 - Tandi (2)\,{Shemale Yum Dvd03~G46~09-2~09 - Tandi (2)}
tandib015.jpg,141338,7581cf77,\Gallery 46\09 - Tandi (2)\,{Shemale Yum Dvd03~G46~09-2~09 - Tandi (2)}
tandib016.jpg,134158,a7fc6372,\Gallery 46\09 - Tandi (2)\,{Shemale Yum Dvd03~G46~09-2~09 - Tandi (2)}
tandib017.jpg,134599,90ea5598,\Gallery 46\09 - Tandi (2)\,{Shemale Yum Dvd03~G46~09-2~09 - Tandi (2)}
tandib018.jpg,122736,29fb1b73,\Gallery 46\09 - Tandi (2)\,{Shemale Yum Dvd03~G46~09-2~09 - Tandi (2)}
tandib019.jpg,133440,989030f0,\Gallery 46\09 - Tandi (2)\,{Shemale Yum Dvd03~G46~09-2~09 - Tandi (2)}
tandib020.jpg,134504,363dff88,\Gallery 46\09 - Tandi (2)\,{Shemale Yum Dvd03~G46~09-2~09 - Tandi (2)}
tandib021.jpg,137570,786f3932,\Gallery 46\09 - Tandi (2)\,{Shemale Yum Dvd03~G46~09-2~09 - Tandi (2)}
tandib022.jpg,139527,fbfe6942,\Gallery 46\09 - Tandi (2)\,{Shemale Yum Dvd03~G46~09-2~09 - Tandi (2)}
tandib023.jpg,129023,c3c8ce9b,\Gallery 46\09 - Tandi (2)\,{Shemale Yum Dvd03~G46~09-2~09 - Tandi (2)}
tandib024.jpg,129440,748c5286,\Gallery 46\09 - Tandi (2)\,{Shemale Yum Dvd03~G46~09-2~09 - Tandi (2)}
tandib025.jpg,118918,0a28c906,\Gallery 46\09 - Tandi (2)\,{Shemale Yum Dvd03~G46~09-2~09 - Tandi (2)}
tandib026.jpg,132430,db31268f,\Gallery 46\09 - Tandi (2)\,{Shemale Yum Dvd03~G46~09-2~09 - Tandi (2)}
tandib027.jpg,138259,06e37774,\Gallery 46\09 - Tandi (2)\,{Shemale Yum Dvd03~G46~09-2~09 - Tandi (2)}
tandib028.jpg,112801,ee1bd24a,\Gallery 46\09 - Tandi (2)\,{Shemale Yum Dvd03~G46~09-2~09 - Tandi (2)}
tandib029.jpg,120712,6f0cad46,\Gallery 46\09 - Tandi (2)\,{Shemale Yum Dvd03~G46~09-2~09 - Tandi (2)}
tandib030.jpg,122596,79a5ca5a,\Gallery 46\09 - Tandi (2)\,{Shemale Yum Dvd03~G46~09-2~09 - Tandi (2)}
tandib031.jpg,123559,865cf188,\Gallery 46\09 - Tandi (2)\,{Shemale Yum Dvd03~G46~09-2~09 - Tandi (2)}
tandib032.jpg,114793,4b335a00,\Gallery 46\09 - Tandi (2)\,{Shemale Yum Dvd03~G46~09-2~09 - Tandi (2)}
tandib033.jpg,111424,cf186366,\Gallery 46\09 - Tandi (2)\,{Shemale Yum Dvd03~G46~09-2~09 - Tandi (2)}
tandib034.jpg,116198,e9083476,\Gallery 46\09 - Tandi (2)\,{Shemale Yum Dvd03~G46~09-2~09 - Tandi (2)}
tandib035.jpg,115622,9174c217,\Gallery 46\09 - Tandi (2)\,{Shemale Yum Dvd03~G46~09-2~09 - Tandi (2)}
tandib036.jpg,118356,afd237bd,\Gallery 46\09 - Tandi (2)\,{Shemale Yum Dvd03~G46~09-2~09 - Tandi (2)}
tandib037.jpg,100141,048e723f,\Gallery 46\09 - Tandi (2)\,{Shemale Yum Dvd03~G46~09-2~09 - Tandi (2)}
tandib038.jpg,116196,1e81f89b,\Gallery 46\09 - Tandi (2)\,{Shemale Yum Dvd03~G46~09-2~09 - Tandi (2)}
tandib039.jpg,109972,3c35402c,\Gallery 46\09 - Tandi (2)\,{Shemale Yum Dvd03~G46~09-2~09 - Tandi (2)}
tandib040.jpg,120376,c1e4d9d9,\Gallery 46\09 - Tandi (2)\,{Shemale Yum Dvd03~G46~09-2~09 - Tandi (2)}
tandib041.jpg,142472,eabef2f7,\Gallery 46\09 - Tandi (2)\,{Shemale Yum Dvd03~G46~09-2~09 - Tandi (2)}
tandib042.jpg,130600,2fced73b,\Gallery 46\09 - Tandi (2)\,{Shemale Yum Dvd03~G46~09-2~09 - Tandi (2)}
tandib043.jpg,135873,066dfe0c,\Gallery 46\09 - Tandi (2)\,{Shemale Yum Dvd03~G46~09-2~09 - Tandi (2)}
tandib044.jpg,136176,1e49e5f3,\Gallery 46\09 - Tandi (2)\,{Shemale Yum Dvd03~G46~09-2~09 - Tandi (2)}
tandib045.jpg,136681,8fc4d62f,\Gallery 46\09 - Tandi (2)\,{Shemale Yum Dvd03~G46~09-2~09 - Tandi (2)}
tandib046.jpg,131639,ff10b3fd,\Gallery 46\09 - Tandi (2)\,{Shemale Yum Dvd03~G46~09-2~09 - Tandi (2)}
tandib047.jpg,137830,032bcaba,\Gallery 46\09 - Tandi (2)\,{Shemale Yum Dvd03~G46~09-2~09 - Tandi (2)}
tandib048.jpg,133954,6e557ace,\Gallery 46\09 - Tandi (2)\,{Shemale Yum Dvd03~G46~09-2~09 - Tandi (2)}
tandib049.jpg,145965,c744c450,\Gallery 46\09 - Tandi (2)\,{Shemale Yum Dvd03~G46~09-2~09 - Tandi (2)}
tandib050.jpg,146506,9d6a3119,\Gallery 46\09 - Tandi (2)\,{Shemale Yum Dvd03~G46~09-2~09 - Tandi (2)}
tandib051.jpg,126365,01ff314b,\Gallery 46\09 - Tandi (2)\,{Shemale Yum Dvd03~G46~09-2~09 - Tandi (2)}
tandib052.jpg,128767,0ec671b0,\Gallery 46\09 - Tandi (2)\,{Shemale Yum Dvd03~G46~09-2~09 - Tandi (2)}
tandib053.jpg,139370,9c409f1c,\Gallery 46\09 - Tandi (2)\,{Shemale Yum Dvd03~G46~09-2~09 - Tandi (2)}
tandib054.jpg,142779,5b80a80e,\Gallery 46\09 - Tandi (2)\,{Shemale Yum Dvd03~G46~09-2~09 - Tandi (2)}
tandib055.jpg,128911,f9ade688,\Gallery 46\09 - Tandi (2)\,{Shemale Yum Dvd03~G46~09-2~09 - Tandi (2)}
tandib056.jpg,133677,bc224b78,\Gallery 46\09 - Tandi (2)\,{Shemale Yum Dvd03~G46~09-2~09 - Tandi (2)}
tandib057.jpg,132131,aa40d1e4,\Gallery 46\09 - Tandi (2)\,{Shemale Yum Dvd03~G46~09-2~09 - Tandi (2)}
tandib058.jpg,140101,c786b997,\Gallery 46\09 - Tandi (2)\,{Shemale Yum Dvd03~G46~09-2~09 - Tandi (2)}
tandib059.jpg,130474,c6621143,\Gallery 46\09 - Tandi (2)\,{Shemale Yum Dvd03~G46~09-2~09 - Tandi (2)}
tandib060.jpg,107359,65e1b52d,\Gallery 46\09 - Tandi (2)\,{Shemale Yum Dvd03~G46~09-2~09 - Tandi (2)}
tandib061.jpg,132010,563d7539,\Gallery 46\09 - Tandi (2)\,{Shemale Yum Dvd03~G46~09-2~09 - Tandi (2)}
tandib062.jpg,138941,a184dba0,\Gallery 46\09 - Tandi (2)\,{Shemale Yum Dvd03~G46~09-2~09 - Tandi (2)}
tandib063.jpg,133312,08a8f862,\Gallery 46\09 - Tandi (2)\,{Shemale Yum Dvd03~G46~09-2~09 - Tandi (2)}
tandib064.jpg,138049,de222a06,\Gallery 46\09 - Tandi (2)\,{Shemale Yum Dvd03~G46~09-2~09 - Tandi (2)}
tandib065.jpg,138850,7455d710,\Gallery 46\09 - Tandi (2)\,{Shemale Yum Dvd03~G46~09-2~09 - Tandi (2)}
tandib066.jpg,131405,7bf774ed,\Gallery 46\09 - Tandi (2)\,{Shemale Yum Dvd03~G46~09-2~09 - Tandi (2)}
tandib067.jpg,127952,4ddc4956,\Gallery 46\09 - Tandi (2)\,{Shemale Yum Dvd03~G46~09-2~09 - Tandi (2)}
tandib068.jpg,137394,dd1ec982,\Gallery 46\09 - Tandi (2)\,{Shemale Yum Dvd03~G46~09-2~09 - Tandi (2)}
tandib069.jpg,118457,b18fd17b,\Gallery 46\09 - Tandi (2)\,{Shemale Yum Dvd03~G46~09-2~09 - Tandi (2)}
tandib070.jpg,112390,b7484c73,\Gallery 46\09 - Tandi (2)\,{Shemale Yum Dvd03~G46~09-2~09 - Tandi (2)}
tandib071.jpg,136715,6d555966,\Gallery 46\09 - Tandi (2)\,{Shemale Yum Dvd03~G46~09-2~09 - Tandi (2)}
tandib072.jpg,124244,e9eb90bf,\Gallery 46\09 - Tandi (2)\,{Shemale Yum Dvd03~G46~09-2~09 - Tandi (2)}
tandib073.jpg,139438,8a59c94d,\Gallery 46\09 - Tandi (2)\,{Shemale Yum Dvd03~G46~09-2~09 - Tandi (2)}
tandib074.jpg,127276,2295b8f6,\Gallery 46\09 - Tandi (2)\,{Shemale Yum Dvd03~G46~09-2~09 - Tandi (2)}
tandib075.jpg,131757,241f9214,\Gallery 46\09 - Tandi (2)\,{Shemale Yum Dvd03~G46~09-2~09 - Tandi (2)}
tandib076.jpg,136083,82e51f1d,\Gallery 46\09 - Tandi (2)\,{Shemale Yum Dvd03~G46~09-2~09 - Tandi (2)}
tandib077.jpg,133421,02c33055,\Gallery 46\09 - Tandi (2)\,{Shemale Yum Dvd03~G46~09-2~09 - Tandi (2)}
tandib078.jpg,131344,9621436d,\Gallery 46\09 - Tandi (2)\,{Shemale Yum Dvd03~G46~09-2~09 - Tandi (2)}
tandib079.jpg,135790,28fa2b3f,\Gallery 46\09 - Tandi (2)\,{Shemale Yum Dvd03~G46~09-2~09 - Tandi (2)}
tandib080.jpg,138568,fa261355,\Gallery 46\09 - Tandi (2)\,{Shemale Yum Dvd03~G46~09-2~09 - Tandi (2)}
tandib081.jpg,132977,d4c34c5b,\Gallery 46\09 - Tandi (2)\,{Shemale Yum Dvd03~G46~09-2~09 - Tandi (2)}
tandib082.jpg,128429,a8a5c6d3,\Gallery 46\09 - Tandi (2)\,{Shemale Yum Dvd03~G46~09-2~09 - Tandi (2)}
tandib083.jpg,129355,1d9b7529,\Gallery 46\09 - Tandi (2)\,{Shemale Yum Dvd03~G46~09-2~09 - Tandi (2)}
tandib084.jpg,129070,f6cc8aef,\Gallery 46\09 - Tandi (2)\,{Shemale Yum Dvd03~G46~09-2~09 - Tandi (2)}
tandib085.jpg,132033,da2d551a,\Gallery 46\09 - Tandi (2)\,{Shemale Yum Dvd03~G46~09-2~09 - Tandi (2)}
tandib086.jpg,119649,0b0911a2,\Gallery 46\09 - Tandi (2)\,{Shemale Yum Dvd03~G46~09-2~09 - Tandi (2)}
tandib087.jpg,134259,cbeef59f,\Gallery 46\09 - Tandi (2)\,{Shemale Yum Dvd03~G46~09-2~09 - Tandi (2)}
tandib088.jpg,141878,b3002411,\Gallery 46\09 - Tandi (2)\,{Shemale Yum Dvd03~G46~09-2~09 - Tandi (2)}
tandib089.jpg,142399,b750d130,\Gallery 46\09 - Tandi (2)\,{Shemale Yum Dvd03~G46~09-2~09 - Tandi (2)}
tandib090.jpg,136982,301ac9fc,\Gallery 46\09 - Tandi (2)\,{Shemale Yum Dvd03~G46~09-2~09 - Tandi (2)}
tandib091.jpg,131766,e327dca0,\Gallery 46\09 - Tandi (2)\,{Shemale Yum Dvd03~G46~09-2~09 - Tandi (2)}
tandib092.jpg,139075,94ab2619,\Gallery 46\09 - Tandi (2)\,{Shemale Yum Dvd03~G46~09-2~09 - Tandi (2)}
tandib093.jpg,135552,5616950b,\Gallery 46\09 - Tandi (2)\,{Shemale Yum Dvd03~G46~09-2~09 - Tandi (2)}
tandib094.jpg,130982,37db17d0,\Gallery 46\09 - Tandi (2)\,{Shemale Yum Dvd03~G46~09-2~09 - Tandi (2)}
tandib095.jpg,138487,e6d0670c,\Gallery 46\09 - Tandi (2)\,{Shemale Yum Dvd03~G46~09-2~09 - Tandi (2)}
tandib096.jpg,128870,0a44450d,\Gallery 46\09 - Tandi (2)\,{Shemale Yum Dvd03~G46~09-2~09 - Tandi (2)}
tandib097.jpg,140783,48267e1f,\Gallery 46\09 - Tandi (2)\,{Shemale Yum Dvd03~G46~09-2~09 - Tandi (2)}
tandib098.jpg,140446,4c9f607c,\Gallery 46\09 - Tandi (2)\,{Shemale Yum Dvd03~G46~09-2~09 - Tandi (2)}
tandib099.jpg,132634,fc45ebe7,\Gallery 46\09 - Tandi (2)\,{Shemale Yum Dvd03~G46~09-2~09 - Tandi (2)}
tandib100.jpg,142739,fae9ab7f,\Gallery 46\09 - Tandi (2)\,{Shemale Yum Dvd03~G46~09-2~09 - Tandi (2)}
tandib101.jpg,132046,d05a5d76,\Gallery 46\09 - Tandi (2)\,{Shemale Yum Dvd03~G46~09-2~09 - Tandi (2)}
tandi3001.jpg,181171,3f6f408a,\Gallery 46\09 - Tandi (3)\,{Shemale Yum Dvd03~G46~09-3~09 - Tandi (3)}
tandi3002.jpg,188844,f183eb05,\Gallery 46\09 - Tandi (3)\,{Shemale Yum Dvd03~G46~09-3~09 - Tandi (3)}
tandi3003.jpg,185659,13daa4b0,\Gallery 46\09 - Tandi (3)\,{Shemale Yum Dvd03~G46~09-3~09 - Tandi (3)}
tandi3004.jpg,192410,9a6cb6b1,\Gallery 46\09 - Tandi (3)\,{Shemale Yum Dvd03~G46~09-3~09 - Tandi (3)}
tandi3005.jpg,191337,f9be44b8,\Gallery 46\09 - Tandi (3)\,{Shemale Yum Dvd03~G46~09-3~09 - Tandi (3)}
tandi3006.jpg,190182,9dc1e1b5,\Gallery 46\09 - Tandi (3)\,{Shemale Yum Dvd03~G46~09-3~09 - Tandi (3)}
tandi3007.jpg,182319,db82fb64,\Gallery 46\09 - Tandi (3)\,{Shemale Yum Dvd03~G46~09-3~09 - Tandi (3)}
tandi3008.jpg,191542,e58ad05b,\Gallery 46\09 - Tandi (3)\,{Shemale Yum Dvd03~G46~09-3~09 - Tandi (3)}
tandi3009.jpg,178869,42ce3b63,\Gallery 46\09 - Tandi (3)\,{Shemale Yum Dvd03~G46~09-3~09 - Tandi (3)}
tandi3010.jpg,177449,4d0cd978,\Gallery 46\09 - Tandi (3)\,{Shemale Yum Dvd03~G46~09-3~09 - Tandi (3)}
tandi3011.jpg,186822,56e7fc34,\Gallery 46\09 - Tandi (3)\,{Shemale Yum Dvd03~G46~09-3~09 - Tandi (3)}
tandi3012.jpg,181384,4434ab15,\Gallery 46\09 - Tandi (3)\,{Shemale Yum Dvd03~G46~09-3~09 - Tandi (3)}
tandi3013.jpg,190669,792825be,\Gallery 46\09 - Tandi (3)\,{Shemale Yum Dvd03~G46~09-3~09 - Tandi (3)}
tandi3014.jpg,192455,19655d05,\Gallery 46\09 - Tandi (3)\,{Shemale Yum Dvd03~G46~09-3~09 - Tandi (3)}
tandi3015.jpg,182524,5124fb3d,\Gallery 46\09 - Tandi (3)\,{Shemale Yum Dvd03~G46~09-3~09 - Tandi (3)}
tandi3016.jpg,182977,c2ae7040,\Gallery 46\09 - Tandi (3)\,{Shemale Yum Dvd03~G46~09-3~09 - Tandi (3)}
tandi3017.jpg,192166,673f0253,\Gallery 46\09 - Tandi (3)\,{Shemale Yum Dvd03~G46~09-3~09 - Tandi (3)}
tandi3018.jpg,185461,814516f4,\Gallery 46\09 - Tandi (3)\,{Shemale Yum Dvd03~G46~09-3~09 - Tandi (3)}
tandi3019.jpg,182511,fd969b16,\Gallery 46\09 - Tandi (3)\,{Shemale Yum Dvd03~G46~09-3~09 - Tandi (3)}
tandi3020.jpg,174567,6d314ebc,\Gallery 46\09 - Tandi (3)\,{Shemale Yum Dvd03~G46~09-3~09 - Tandi (3)}
tandi3021.jpg,184127,dd2b669f,\Gallery 46\09 - Tandi (3)\,{Shemale Yum Dvd03~G46~09-3~09 - Tandi (3)}
tandi3022.jpg,176981,aa540982,\Gallery 46\09 - Tandi (3)\,{Shemale Yum Dvd03~G46~09-3~09 - Tandi (3)}
tandi3023.jpg,169002,a796adc5,\Gallery 46\09 - Tandi (3)\,{Shemale Yum Dvd03~G46~09-3~09 - Tandi (3)}
tandi3024.jpg,200407,9ddf1901,\Gallery 46\09 - Tandi (3)\,{Shemale Yum Dvd03~G46~09-3~09 - Tandi (3)}
tandi3025.jpg,207889,21490c28,\Gallery 46\09 - Tandi (3)\,{Shemale Yum Dvd03~G46~09-3~09 - Tandi (3)}
tandi3026.jpg,192468,b1bc4349,\Gallery 46\09 - Tandi (3)\,{Shemale Yum Dvd03~G46~09-3~09 - Tandi (3)}
tandi3027.jpg,160826,11d5ba7c,\Gallery 46\09 - Tandi (3)\,{Shemale Yum Dvd03~G46~09-3~09 - Tandi (3)}
tandi3029.jpg,162834,4c3ba625,\Gallery 46\09 - Tandi (3)\,{Shemale Yum Dvd03~G46~09-3~09 - Tandi (3)}
tandi3030.jpg,184705,56875d8a,\Gallery 46\09 - Tandi (3)\,{Shemale Yum Dvd03~G46~09-3~09 - Tandi (3)}
tandi3031.jpg,177543,67a7bde8,\Gallery 46\09 - Tandi (3)\,{Shemale Yum Dvd03~G46~09-3~09 - Tandi (3)}
tandi3032.jpg,182167,d75bb394,\Gallery 46\09 - Tandi (3)\,{Shemale Yum Dvd03~G46~09-3~09 - Tandi (3)}
tandi3033.jpg,173412,b56c870a,\Gallery 46\09 - Tandi (3)\,{Shemale Yum Dvd03~G46~09-3~09 - Tandi (3)}
tandi3034.jpg,172087,4a7d3953,\Gallery 46\09 - Tandi (3)\,{Shemale Yum Dvd03~G46~09-3~09 - Tandi (3)}
tandi3035.jpg,169288,c1111692,\Gallery 46\09 - Tandi (3)\,{Shemale Yum Dvd03~G46~09-3~09 - Tandi (3)}
tandi3036.jpg,176110,5f248777,\Gallery 46\09 - Tandi (3)\,{Shemale Yum Dvd03~G46~09-3~09 - Tandi (3)}
tandi3037.jpg,150778,4dbb1639,\Gallery 46\09 - Tandi (3)\,{Shemale Yum Dvd03~G46~09-3~09 - Tandi (3)}
tandi3038.jpg,152825,6c973478,\Gallery 46\09 - Tandi (3)\,{Shemale Yum Dvd03~G46~09-3~09 - Tandi (3)}
tandi3039.jpg,169923,25907550,\Gallery 46\09 - Tandi (3)\,{Shemale Yum Dvd03~G46~09-3~09 - Tandi (3)}
tandi3040.jpg,142280,b730ceb9,\Gallery 46\09 - Tandi (3)\,{Shemale Yum Dvd03~G46~09-3~09 - Tandi (3)}
tandi3041.jpg,189935,1d384b1f,\Gallery 46\09 - Tandi (3)\,{Shemale Yum Dvd03~G46~09-3~09 - Tandi (3)}
tandi3042.jpg,210493,7bb3f537,\Gallery 46\09 - Tandi (3)\,{Shemale Yum Dvd03~G46~09-3~09 - Tandi (3)}
tandi3043.jpg,146879,3fa8e1ad,\Gallery 46\09 - Tandi (3)\,{Shemale Yum Dvd03~G46~09-3~09 - Tandi (3)}
tandi3044.jpg,154765,03cd2cfd,\Gallery 46\09 - Tandi (3)\,{Shemale Yum Dvd03~G46~09-3~09 - Tandi (3)}
tandi3047.jpg,165179,f3222332,\Gallery 46\09 - Tandi (3)\,{Shemale Yum Dvd03~G46~09-3~09 - Tandi (3)}
tandi3048.jpg,157507,8b75958b,\Gallery 46\09 - Tandi (3)\,{Shemale Yum Dvd03~G46~09-3~09 - Tandi (3)}
tandi3049.jpg,176293,aab647bd,\Gallery 46\09 - Tandi (3)\,{Shemale Yum Dvd03~G46~09-3~09 - Tandi (3)}
tandi3050.jpg,206504,d023bb75,\Gallery 46\09 - Tandi (3)\,{Shemale Yum Dvd03~G46~09-3~09 - Tandi (3)}
tandi3051.jpg,183755,a6202400,\Gallery 46\09 - Tandi (3)\,{Shemale Yum Dvd03~G46~09-3~09 - Tandi (3)}
tandi3052.jpg,181121,5b460de0,\Gallery 46\09 - Tandi (3)\,{Shemale Yum Dvd03~G46~09-3~09 - Tandi (3)}
tandi3053.jpg,119560,65f74afd,\Gallery 46\09 - Tandi (3)\,{Shemale Yum Dvd03~G46~09-3~09 - Tandi (3)}
tandi3054.jpg,133115,309a6d5b,\Gallery 46\09 - Tandi (3)\,{Shemale Yum Dvd03~G46~09-3~09 - Tandi (3)}
tandi3056.jpg,155225,6e07e5d4,\Gallery 46\09 - Tandi (3)\,{Shemale Yum Dvd03~G46~09-3~09 - Tandi (3)}
tandi3057.jpg,131096,40adcdd8,\Gallery 46\09 - Tandi (3)\,{Shemale Yum Dvd03~G46~09-3~09 - Tandi (3)}
tandi3058.jpg,117236,06c4b74a,\Gallery 46\09 - Tandi (3)\,{Shemale Yum Dvd03~G46~09-3~09 - Tandi (3)}
tandi3060.jpg,131636,41af4a69,\Gallery 46\09 - Tandi (3)\,{Shemale Yum Dvd03~G46~09-3~09 - Tandi (3)}
tandi3061.jpg,143264,e6748aae,\Gallery 46\09 - Tandi (3)\,{Shemale Yum Dvd03~G46~09-3~09 - Tandi (3)}
tandi3062.jpg,154177,359fac1e,\Gallery 46\09 - Tandi (3)\,{Shemale Yum Dvd03~G46~09-3~09 - Tandi (3)}
tandi3063.jpg,127059,52c54ccb,\Gallery 46\09 - Tandi (3)\,{Shemale Yum Dvd03~G46~09-3~09 - Tandi (3)}
tandi3064.jpg,192837,107d77d6,\Gallery 46\09 - Tandi (3)\,{Shemale Yum Dvd03~G46~09-3~09 - Tandi (3)}
tandi3068.jpg,211238,6961a49d,\Gallery 46\09 - Tandi (3)\,{Shemale Yum Dvd03~G46~09-3~09 - Tandi (3)}
tandi3069.jpg,182615,b5a4f649,\Gallery 46\09 - Tandi (3)\,{Shemale Yum Dvd03~G46~09-3~09 - Tandi (3)}
tandi3070.jpg,168708,ac78451c,\Gallery 46\09 - Tandi (3)\,{Shemale Yum Dvd03~G46~09-3~09 - Tandi (3)}
tandi3072.jpg,175714,1a62e2c3,\Gallery 46\09 - Tandi (3)\,{Shemale Yum Dvd03~G46~09-3~09 - Tandi (3)}
tandi3073.jpg,185152,217dac75,\Gallery 46\09 - Tandi (3)\,{Shemale Yum Dvd03~G46~09-3~09 - Tandi (3)}
tandi3074.jpg,193670,3ee034bf,\Gallery 46\09 - Tandi (3)\,{Shemale Yum Dvd03~G46~09-3~09 - Tandi (3)}
tandi3075.jpg,185032,bab997ec,\Gallery 46\09 - Tandi (3)\,{Shemale Yum Dvd03~G46~09-3~09 - Tandi (3)}
tandi3076.jpg,178685,a27eb198,\Gallery 46\09 - Tandi (3)\,{Shemale Yum Dvd03~G46~09-3~09 - Tandi (3)}
tandi3077.jpg,143412,7ec5303f,\Gallery 46\09 - Tandi (3)\,{Shemale Yum Dvd03~G46~09-3~09 - Tandi (3)}
tandi3078.jpg,193789,704141c9,\Gallery 46\09 - Tandi (3)\,{Shemale Yum Dvd03~G46~09-3~09 - Tandi (3)}
tandi3079.jpg,189963,5e9b391e,\Gallery 46\09 - Tandi (3)\,{Shemale Yum Dvd03~G46~09-3~09 - Tandi (3)}
tandi3080.jpg,183894,2b7c3254,\Gallery 46\09 - Tandi (3)\,{Shemale Yum Dvd03~G46~09-3~09 - Tandi (3)}
tandi3081.jpg,175898,6a253986,\Gallery 46\09 - Tandi (3)\,{Shemale Yum Dvd03~G46~09-3~09 - Tandi (3)}
tandi3082.jpg,181005,2099fe82,\Gallery 46\09 - Tandi (3)\,{Shemale Yum Dvd03~G46~09-3~09 - Tandi (3)}
tandi4001.jpg,191950,a274b840,\Gallery 46\09 - Tandi (4)\,{Shemale Yum Dvd03~G46~09-4~09 - Tandi (4)}
tandi4002.jpg,184693,f9c73540,\Gallery 46\09 - Tandi (4)\,{Shemale Yum Dvd03~G46~09-4~09 - Tandi (4)}
tandi4003.jpg,189222,40f6b008,\Gallery 46\09 - Tandi (4)\,{Shemale Yum Dvd03~G46~09-4~09 - Tandi (4)}
tandi4004.jpg,193494,54d4eccc,\Gallery 46\09 - Tandi (4)\,{Shemale Yum Dvd03~G46~09-4~09 - Tandi (4)}
tandi4005.jpg,138802,1ee26ce4,\Gallery 46\09 - Tandi (4)\,{Shemale Yum Dvd03~G46~09-4~09 - Tandi (4)}
tandi4006.jpg,163788,8215b005,\Gallery 46\09 - Tandi (4)\,{Shemale Yum Dvd03~G46~09-4~09 - Tandi (4)}
tandi4007.jpg,148116,e7601ada,\Gallery 46\09 - Tandi (4)\,{Shemale Yum Dvd03~G46~09-4~09 - Tandi (4)}
tandi4008.jpg,190969,eae6ccac,\Gallery 46\09 - Tandi (4)\,{Shemale Yum Dvd03~G46~09-4~09 - Tandi (4)}
tandi4009.jpg,175223,8a6258dc,\Gallery 46\09 - Tandi (4)\,{Shemale Yum Dvd03~G46~09-4~09 - Tandi (4)}
tandi4010.jpg,164292,d4e3d0e2,\Gallery 46\09 - Tandi (4)\,{Shemale Yum Dvd03~G46~09-4~09 - Tandi (4)}
tandi4011.jpg,194834,e3c45263,\Gallery 46\09 - Tandi (4)\,{Shemale Yum Dvd03~G46~09-4~09 - Tandi (4)}
tandi4012.jpg,182135,1b8394a8,\Gallery 46\09 - Tandi (4)\,{Shemale Yum Dvd03~G46~09-4~09 - Tandi (4)}
tandi4013.jpg,191445,7286195b,\Gallery 46\09 - Tandi (4)\,{Shemale Yum Dvd03~G46~09-4~09 - Tandi (4)}
tandi4014.jpg,183735,a92a058c,\Gallery 46\09 - Tandi (4)\,{Shemale Yum Dvd03~G46~09-4~09 - Tandi (4)}
tandi4015.jpg,185439,d67857aa,\Gallery 46\09 - Tandi (4)\,{Shemale Yum Dvd03~G46~09-4~09 - Tandi (4)}
tandi4016.jpg,188732,fdaa4116,\Gallery 46\09 - Tandi (4)\,{Shemale Yum Dvd03~G46~09-4~09 - Tandi (4)}
tandi4017.jpg,192631,9be754e6,\Gallery 46\09 - Tandi (4)\,{Shemale Yum Dvd03~G46~09-4~09 - Tandi (4)}
tandi4018.jpg,188181,1d48e271,\Gallery 46\09 - Tandi (4)\,{Shemale Yum Dvd03~G46~09-4~09 - Tandi (4)}
tandi4019.jpg,181001,090c0424,\Gallery 46\09 - Tandi (4)\,{Shemale Yum Dvd03~G46~09-4~09 - Tandi (4)}
tandi4020.jpg,179326,4467f077,\Gallery 46\09 - Tandi (4)\,{Shemale Yum Dvd03~G46~09-4~09 - Tandi (4)}
tandi4021.jpg,191417,b46fafdb,\Gallery 46\09 - Tandi (4)\,{Shemale Yum Dvd03~G46~09-4~09 - Tandi (4)}
tandi4022.jpg,185641,2976b5a0,\Gallery 46\09 - Tandi (4)\,{Shemale Yum Dvd03~G46~09-4~09 - Tandi (4)}
tandi4023.jpg,185945,9a7dd575,\Gallery 46\09 - Tandi (4)\,{Shemale Yum Dvd03~G46~09-4~09 - Tandi (4)}
tandi4024.jpg,196035,d01616b9,\Gallery 46\09 - Tandi (4)\,{Shemale Yum Dvd03~G46~09-4~09 - Tandi (4)}
tandi4025.jpg,194025,6eb70e40,\Gallery 46\09 - Tandi (4)\,{Shemale Yum Dvd03~G46~09-4~09 - Tandi (4)}
tandi4026.jpg,191458,583a1066,\Gallery 46\09 - Tandi (4)\,{Shemale Yum Dvd03~G46~09-4~09 - Tandi (4)}
tandi4027.jpg,192568,1a1d9674,\Gallery 46\09 - Tandi (4)\,{Shemale Yum Dvd03~G46~09-4~09 - Tandi (4)}
tandi4028.jpg,190099,eae98861,\Gallery 46\09 - Tandi (4)\,{Shemale Yum Dvd03~G46~09-4~09 - Tandi (4)}
tandi4029.jpg,199042,6c46e097,\Gallery 46\09 - Tandi (4)\,{Shemale Yum Dvd03~G46~09-4~09 - Tandi (4)}
tandi4030.jpg,142527,71909871,\Gallery 46\09 - Tandi (4)\,{Shemale Yum Dvd03~G46~09-4~09 - Tandi (4)}
tandi4031.jpg,201814,d3c553b5,\Gallery 46\09 - Tandi (4)\,{Shemale Yum Dvd03~G46~09-4~09 - Tandi (4)}
tandi4032.jpg,184494,0988be20,\Gallery 46\09 - Tandi (4)\,{Shemale Yum Dvd03~G46~09-4~09 - Tandi (4)}
tandi4033.jpg,186821,1be0a9c1,\Gallery 46\09 - Tandi (4)\,{Shemale Yum Dvd03~G46~09-4~09 - Tandi (4)}
tandi4034.jpg,174654,7ea040b2,\Gallery 46\09 - Tandi (4)\,{Shemale Yum Dvd03~G46~09-4~09 - Tandi (4)}
tandi4035.jpg,180863,23f44c50,\Gallery 46\09 - Tandi (4)\,{Shemale Yum Dvd03~G46~09-4~09 - Tandi (4)}
tandi4036.jpg,187929,c02a9e0a,\Gallery 46\09 - Tandi (4)\,{Shemale Yum Dvd03~G46~09-4~09 - Tandi (4)}
tandi4037.jpg,190318,88ce8978,\Gallery 46\09 - Tandi (4)\,{Shemale Yum Dvd03~G46~09-4~09 - Tandi (4)}
tandi4038.jpg,185871,9c04fbbd,\Gallery 46\09 - Tandi (4)\,{Shemale Yum Dvd03~G46~09-4~09 - Tandi (4)}
tandi4039.jpg,212524,c157e633,\Gallery 46\09 - Tandi (4)\,{Shemale Yum Dvd03~G46~09-4~09 - Tandi (4)}
tandi4040.jpg,197592,44568316,\Gallery 46\09 - Tandi (4)\,{Shemale Yum Dvd03~G46~09-4~09 - Tandi (4)}
tandi4041.jpg,195370,b616e5cc,\Gallery 46\09 - Tandi (4)\,{Shemale Yum Dvd03~G46~09-4~09 - Tandi (4)}
tandi4042.jpg,187405,2adc1ce2,\Gallery 46\09 - Tandi (4)\,{Shemale Yum Dvd03~G46~09-4~09 - Tandi (4)}
tandi4043.jpg,216449,51e6ad3b,\Gallery 46\09 - Tandi (4)\,{Shemale Yum Dvd03~G46~09-4~09 - Tandi (4)}
tandi4044.jpg,185815,32501de2,\Gallery 46\09 - Tandi (4)\,{Shemale Yum Dvd03~G46~09-4~09 - Tandi (4)}
tandi4045.jpg,186257,fb73d197,\Gallery 46\09 - Tandi (4)\,{Shemale Yum Dvd03~G46~09-4~09 - Tandi (4)}
tandi4046.jpg,170945,fa5eae49,\Gallery 46\09 - Tandi (4)\,{Shemale Yum Dvd03~G46~09-4~09 - Tandi (4)}
tandi4047.jpg,185375,98e6706d,\Gallery 46\09 - Tandi (4)\,{Shemale Yum Dvd03~G46~09-4~09 - Tandi (4)}
tandi4048.jpg,170307,991a52d9,\Gallery 46\09 - Tandi (4)\,{Shemale Yum Dvd03~G46~09-4~09 - Tandi (4)}
tandi4050.jpg,177461,e3d33810,\Gallery 46\09 - Tandi (4)\,{Shemale Yum Dvd03~G46~09-4~09 - Tandi (4)}
tandi4051.jpg,186781,dc160ba8,\Gallery 46\09 - Tandi (4)\,{Shemale Yum Dvd03~G46~09-4~09 - Tandi (4)}
tandi4052.jpg,184775,fc71d155,\Gallery 46\09 - Tandi (4)\,{Shemale Yum Dvd03~G46~09-4~09 - Tandi (4)}
tandi4053.jpg,147334,36dc8f85,\Gallery 46\09 - Tandi (4)\,{Shemale Yum Dvd03~G46~09-4~09 - Tandi (4)}
tandi4054.jpg,196777,662198a2,\Gallery 46\09 - Tandi (4)\,{Shemale Yum Dvd03~G46~09-4~09 - Tandi (4)}
tandi4055.jpg,171701,111f5d88,\Gallery 46\09 - Tandi (4)\,{Shemale Yum Dvd03~G46~09-4~09 - Tandi (4)}
tandi4056.jpg,205851,ef28afeb,\Gallery 46\09 - Tandi (4)\,{Shemale Yum Dvd03~G46~09-4~09 - Tandi (4)}
tandi4057.jpg,182991,90c70b20,\Gallery 46\09 - Tandi (4)\,{Shemale Yum Dvd03~G46~09-4~09 - Tandi (4)}
tandi4059.jpg,180411,b6b9e217,\Gallery 46\09 - Tandi (4)\,{Shemale Yum Dvd03~G46~09-4~09 - Tandi (4)}
tandi4060.jpg,156535,51a4e69b,\Gallery 46\09 - Tandi (4)\,{Shemale Yum Dvd03~G46~09-4~09 - Tandi (4)}
tandi4061.jpg,145270,06a04ea4,\Gallery 46\09 - Tandi (4)\,{Shemale Yum Dvd03~G46~09-4~09 - Tandi (4)}
tandi4062.jpg,144285,6c9d1b35,\Gallery 46\09 - Tandi (4)\,{Shemale Yum Dvd03~G46~09-4~09 - Tandi (4)}
tandi4063.jpg,175330,13d6dec9,\Gallery 46\09 - Tandi (4)\,{Shemale Yum Dvd03~G46~09-4~09 - Tandi (4)}
tandi4064.jpg,151248,4adf65c8,\Gallery 46\09 - Tandi (4)\,{Shemale Yum Dvd03~G46~09-4~09 - Tandi (4)}
tandi4065.jpg,153575,c6bbe318,\Gallery 46\09 - Tandi (4)\,{Shemale Yum Dvd03~G46~09-4~09 - Tandi (4)}
tandi4066.jpg,176465,e7e683e4,\Gallery 46\09 - Tandi (4)\,{Shemale Yum Dvd03~G46~09-4~09 - Tandi (4)}
tandi4067.jpg,182365,4a96880e,\Gallery 46\09 - Tandi (4)\,{Shemale Yum Dvd03~G46~09-4~09 - Tandi (4)}
tandi4068.jpg,185549,72263cb3,\Gallery 46\09 - Tandi (4)\,{Shemale Yum Dvd03~G46~09-4~09 - Tandi (4)}
tandi4069.jpg,151529,eaecd3ea,\Gallery 46\09 - Tandi (4)\,{Shemale Yum Dvd03~G46~09-4~09 - Tandi (4)}
tandi4071.jpg,149315,8bb65348,\Gallery 46\09 - Tandi (4)\,{Shemale Yum Dvd03~G46~09-4~09 - Tandi (4)}
tandi4072.jpg,152604,040bfda7,\Gallery 46\09 - Tandi (4)\,{Shemale Yum Dvd03~G46~09-4~09 - Tandi (4)}
tandi4073.jpg,198825,9eaea80e,\Gallery 46\09 - Tandi (4)\,{Shemale Yum Dvd03~G46~09-4~09 - Tandi (4)}
tandi4074.jpg,180240,a792d4e7,\Gallery 46\09 - Tandi (4)\,{Shemale Yum Dvd03~G46~09-4~09 - Tandi (4)}
tandi4075.jpg,181333,8d8c3f06,\Gallery 46\09 - Tandi (4)\,{Shemale Yum Dvd03~G46~09-4~09 - Tandi (4)}
tandi4076.jpg,151979,98f4db07,\Gallery 46\09 - Tandi (4)\,{Shemale Yum Dvd03~G46~09-4~09 - Tandi (4)}
tandi4077.jpg,189623,742e307e,\Gallery 46\09 - Tandi (4)\,{Shemale Yum Dvd03~G46~09-4~09 - Tandi (4)}
tandi4078.jpg,191472,e2c86934,\Gallery 46\09 - Tandi (4)\,{Shemale Yum Dvd03~G46~09-4~09 - Tandi (4)}
tandi4079.jpg,165982,829469dc,\Gallery 46\09 - Tandi (4)\,{Shemale Yum Dvd03~G46~09-4~09 - Tandi (4)}
tandi4080.jpg,168004,49e0affe,\Gallery 46\09 - Tandi (4)\,{Shemale Yum Dvd03~G46~09-4~09 - Tandi (4)}
tandi4081.jpg,176023,c657b86f,\Gallery 46\09 - Tandi (4)\,{Shemale Yum Dvd03~G46~09-4~09 - Tandi (4)}
tandi4082.jpg,202269,fdacdf76,\Gallery 46\09 - Tandi (4)\,{Shemale Yum Dvd03~G46~09-4~09 - Tandi (4)}
tandi4083.jpg,180459,0312b78c,\Gallery 46\09 - Tandi (4)\,{Shemale Yum Dvd03~G46~09-4~09 - Tandi (4)}
mariah001.jpg,143199,d7eb4c9d,\Gallery 46\10 - Mariah\,{Shemale Yum Dvd03~G46~10~10 - Mariah}
mariah004.jpg,135365,cd4230bc,\Gallery 46\10 - Mariah\,{Shemale Yum Dvd03~G46~10~10 - Mariah}
mariah005.jpg,128518,a3131b6d,\Gallery 46\10 - Mariah\,{Shemale Yum Dvd03~G46~10~10 - Mariah}
mariah006.jpg,130454,c3610bd6,\Gallery 46\10 - Mariah\,{Shemale Yum Dvd03~G46~10~10 - Mariah}
mariah007.jpg,118202,52a471b2,\Gallery 46\10 - Mariah\,{Shemale Yum Dvd03~G46~10~10 - Mariah}
mariah009.jpg,122933,ef0bf846,\Gallery 46\10 - Mariah\,{Shemale Yum Dvd03~G46~10~10 - Mariah}
mariah010.jpg,115700,d26bdb9a,\Gallery 46\10 - Mariah\,{Shemale Yum Dvd03~G46~10~10 - Mariah}
mariah011.jpg,129053,ab2f0ac4,\Gallery 46\10 - Mariah\,{Shemale Yum Dvd03~G46~10~10 - Mariah}
mariah012.jpg,124704,807958a0,\Gallery 46\10 - Mariah\,{Shemale Yum Dvd03~G46~10~10 - Mariah}
mariah013.jpg,128019,4b128859,\Gallery 46\10 - Mariah\,{Shemale Yum Dvd03~G46~10~10 - Mariah}
mariah014.jpg,135967,5aaf774d,\Gallery 46\10 - Mariah\,{Shemale Yum Dvd03~G46~10~10 - Mariah}
mariah015.jpg,133832,1824a1ad,\Gallery 46\10 - Mariah\,{Shemale Yum Dvd03~G46~10~10 - Mariah}
mariah016.jpg,139274,e2b73a64,\Gallery 46\10 - Mariah\,{Shemale Yum Dvd03~G46~10~10 - Mariah}
mariah017.jpg,134755,c4b52b73,\Gallery 46\10 - Mariah\,{Shemale Yum Dvd03~G46~10~10 - Mariah}
mariah018.jpg,139050,86abe83b,\Gallery 46\10 - Mariah\,{Shemale Yum Dvd03~G46~10~10 - Mariah}
mariah019.jpg,135212,6cdeab53,\Gallery 46\10 - Mariah\,{Shemale Yum Dvd03~G46~10~10 - Mariah}
mariah020.jpg,153352,d3c77ae7,\Gallery 46\10 - Mariah\,{Shemale Yum Dvd03~G46~10~10 - Mariah}
mariah021.jpg,142735,fd2b4c55,\Gallery 46\10 - Mariah\,{Shemale Yum Dvd03~G46~10~10 - Mariah}
mariah022.jpg,136048,7ec874c7,\Gallery 46\10 - Mariah\,{Shemale Yum Dvd03~G46~10~10 - Mariah}
mariah023.jpg,125067,13d558fc,\Gallery 46\10 - Mariah\,{Shemale Yum Dvd03~G46~10~10 - Mariah}
mariah024.jpg,130543,7dcd07c1,\Gallery 46\10 - Mariah\,{Shemale Yum Dvd03~G46~10~10 - Mariah}
mariah025.jpg,135411,d70b7376,\Gallery 46\10 - Mariah\,{Shemale Yum Dvd03~G46~10~10 - Mariah}
mariah026.jpg,139968,38963462,\Gallery 46\10 - Mariah\,{Shemale Yum Dvd03~G46~10~10 - Mariah}
mariah027.jpg,139014,d6aea21d,\Gallery 46\10 - Mariah\,{Shemale Yum Dvd03~G46~10~10 - Mariah}
mariah028.jpg,142725,1ecff546,\Gallery 46\10 - Mariah\,{Shemale Yum Dvd03~G46~10~10 - Mariah}
mariah029.jpg,128762,42f5207a,\Gallery 46\10 - Mariah\,{Shemale Yum Dvd03~G46~10~10 - Mariah}
mariah030.jpg,128418,5c73b6a3,\Gallery 46\10 - Mariah\,{Shemale Yum Dvd03~G46~10~10 - Mariah}
mariah031.jpg,142659,94930f28,\Gallery 46\10 - Mariah\,{Shemale Yum Dvd03~G46~10~10 - Mariah}
mariah032.jpg,128050,180d3b27,\Gallery 46\10 - Mariah\,{Shemale Yum Dvd03~G46~10~10 - Mariah}
mariah033.jpg,137873,0d1aa6d7,\Gallery 46\10 - Mariah\,{Shemale Yum Dvd03~G46~10~10 - Mariah}
mariah034.jpg,129648,d5dcfbba,\Gallery 46\10 - Mariah\,{Shemale Yum Dvd03~G46~10~10 - Mariah}
mariah035.jpg,135906,fb9eadf0,\Gallery 46\10 - Mariah\,{Shemale Yum Dvd03~G46~10~10 - Mariah}
mariah036.jpg,140979,25003ba2,\Gallery 46\10 - Mariah\,{Shemale Yum Dvd03~G46~10~10 - Mariah}
mariah037.jpg,131432,cdaefcb5,\Gallery 46\10 - Mariah\,{Shemale Yum Dvd03~G46~10~10 - Mariah}
mariah038.jpg,126959,04047c43,\Gallery 46\10 - Mariah\,{Shemale Yum Dvd03~G46~10~10 - Mariah}
mariah039.jpg,117299,f8023f13,\Gallery 46\10 - Mariah\,{Shemale Yum Dvd03~G46~10~10 - Mariah}
mariah040.jpg,121297,7d54d498,\Gallery 46\10 - Mariah\,{Shemale Yum Dvd03~G46~10~10 - Mariah}
mariah041.jpg,124103,8cc036d9,\Gallery 46\10 - Mariah\,{Shemale Yum Dvd03~G46~10~10 - Mariah}
mariah042.jpg,129051,c7748f74,\Gallery 46\10 - Mariah\,{Shemale Yum Dvd03~G46~10~10 - Mariah}
mariah043.jpg,137784,623c3fa5,\Gallery 46\10 - Mariah\,{Shemale Yum Dvd03~G46~10~10 - Mariah}
mariah044.jpg,126126,304155a4,\Gallery 46\10 - Mariah\,{Shemale Yum Dvd03~G46~10~10 - Mariah}
mariah045.jpg,123730,08c21d70,\Gallery 46\10 - Mariah\,{Shemale Yum Dvd03~G46~10~10 - Mariah}
mariah046.jpg,129279,113bdec3,\Gallery 46\10 - Mariah\,{Shemale Yum Dvd03~G46~10~10 - Mariah}
mariah047.jpg,131704,45af7bff,\Gallery 46\10 - Mariah\,{Shemale Yum Dvd03~G46~10~10 - Mariah}
mariah048.jpg,126486,d2a3ca53,\Gallery 46\10 - Mariah\,{Shemale Yum Dvd03~G46~10~10 - Mariah}
mariah050.jpg,109358,87af7862,\Gallery 46\10 - Mariah\,{Shemale Yum Dvd03~G46~10~10 - Mariah}
mariah051.jpg,133442,0a706721,\Gallery 46\10 - Mariah\,{Shemale Yum Dvd03~G46~10~10 - Mariah}
mariah052.jpg,136255,94eac24e,\Gallery 46\10 - Mariah\,{Shemale Yum Dvd03~G46~10~10 - Mariah}
mariah053.jpg,126837,027277db,\Gallery 46\10 - Mariah\,{Shemale Yum Dvd03~G46~10~10 - Mariah}
mariah054.jpg,132995,5cb7058f,\Gallery 46\10 - Mariah\,{Shemale Yum Dvd03~G46~10~10 - Mariah}
mariah055.jpg,138529,3ae1b4b8,\Gallery 46\10 - Mariah\,{Shemale Yum Dvd03~G46~10~10 - Mariah}
mariah056.jpg,139509,4339ff79,\Gallery 46\10 - Mariah\,{Shemale Yum Dvd03~G46~10~10 - Mariah}
mariah058.jpg,137477,e4b57076,\Gallery 46\10 - Mariah\,{Shemale Yum Dvd03~G46~10~10 - Mariah}
mariah059.jpg,143280,4fa89880,\Gallery 46\10 - Mariah\,{Shemale Yum Dvd03~G46~10~10 - Mariah}
mariah060.jpg,129746,b305409c,\Gallery 46\10 - Mariah\,{Shemale Yum Dvd03~G46~10~10 - Mariah}
mariah061.jpg,138609,314be0d8,\Gallery 46\10 - Mariah\,{Shemale Yum Dvd03~G46~10~10 - Mariah}
mariah062.jpg,125839,5f732695,\Gallery 46\10 - Mariah\,{Shemale Yum Dvd03~G46~10~10 - Mariah}
mariah063.jpg,124022,b1ae3c46,\Gallery 46\10 - Mariah\,{Shemale Yum Dvd03~G46~10~10 - Mariah}
mariah064.jpg,124794,2e480b0c,\Gallery 46\10 - Mariah\,{Shemale Yum Dvd03~G46~10~10 - Mariah}
mariah065.jpg,91257,00c56da5,\Gallery 46\10 - Mariah\,{Shemale Yum Dvd03~G46~10~10 - Mariah}
mariah066.jpg,117120,f98155aa,\Gallery 46\10 - Mariah\,{Shemale Yum Dvd03~G46~10~10 - Mariah}
mariah067.jpg,133766,cd8409b5,\Gallery 46\10 - Mariah\,{Shemale Yum Dvd03~G46~10~10 - Mariah}
mariah068.jpg,124454,e09b166c,\Gallery 46\10 - Mariah\,{Shemale Yum Dvd03~G46~10~10 - Mariah}
mariah070.jpg,94196,b6ed2347,\Gallery 46\10 - Mariah\,{Shemale Yum Dvd03~G46~10~10 - Mariah}
mariah071.jpg,116403,872a7b81,\Gallery 46\10 - Mariah\,{Shemale Yum Dvd03~G46~10~10 - Mariah}
mariah072.jpg,112223,8537f234,\Gallery 46\10 - Mariah\,{Shemale Yum Dvd03~G46~10~10 - Mariah}
mariah073.jpg,100858,d9c059f4,\Gallery 46\10 - Mariah\,{Shemale Yum Dvd03~G46~10~10 - Mariah}
mariah074.jpg,95800,430f3b35,\Gallery 46\10 - Mariah\,{Shemale Yum Dvd03~G46~10~10 - Mariah}
mariah075.jpg,101972,31aafa0b,\Gallery 46\10 - Mariah\,{Shemale Yum Dvd03~G46~10~10 - Mariah}
mariah076.jpg,119822,b41f6d1b,\Gallery 46\10 - Mariah\,{Shemale Yum Dvd03~G46~10~10 - Mariah}
mariah077.jpg,116015,b78a3ca8,\Gallery 46\10 - Mariah\,{Shemale Yum Dvd03~G46~10~10 - Mariah}
mariah078.jpg,109255,181c1546,\Gallery 46\10 - Mariah\,{Shemale Yum Dvd03~G46~10~10 - Mariah}
mariah079.jpg,122351,5d929def,\Gallery 46\10 - Mariah\,{Shemale Yum Dvd03~G46~10~10 - Mariah}
mariah080.jpg,122977,b422b193,\Gallery 46\10 - Mariah\,{Shemale Yum Dvd03~G46~10~10 - Mariah}
mariah081.jpg,124004,c91a47d5,\Gallery 46\10 - Mariah\,{Shemale Yum Dvd03~G46~10~10 - Mariah}
mariah082.jpg,136799,e4996910,\Gallery 46\10 - Mariah\,{Shemale Yum Dvd03~G46~10~10 - Mariah}
mariah084.jpg,120710,a7e0b41d,\Gallery 46\10 - Mariah\,{Shemale Yum Dvd03~G46~10~10 - Mariah}
mariah085.jpg,118507,aa94480c,\Gallery 46\10 - Mariah\,{Shemale Yum Dvd03~G46~10~10 - Mariah}
mariah086.jpg,109272,50b2a9ed,\Gallery 46\10 - Mariah\,{Shemale Yum Dvd03~G46~10~10 - Mariah}
mariah087.jpg,120869,2a2c5572,\Gallery 46\10 - Mariah\,{Shemale Yum Dvd03~G46~10~10 - Mariah}
mariah088.jpg,127375,b4ce685b,\Gallery 46\10 - Mariah\,{Shemale Yum Dvd03~G46~10~10 - Mariah}
mariah089.jpg,129308,c4896b7e,\Gallery 46\10 - Mariah\,{Shemale Yum Dvd03~G46~10~10 - Mariah}
mariah090.jpg,138490,d44bdf87,\Gallery 46\10 - Mariah\,{Shemale Yum Dvd03~G46~10~10 - Mariah}
mariah091.jpg,126329,51c7dcac,\Gallery 46\10 - Mariah\,{Shemale Yum Dvd03~G46~10~10 - Mariah}
mariah092.jpg,137390,42ad95d5,\Gallery 46\10 - Mariah\,{Shemale Yum Dvd03~G46~10~10 - Mariah}
mariah093.jpg,107680,afdc26b1,\Gallery 46\10 - Mariah\,{Shemale Yum Dvd03~G46~10~10 - Mariah}
mariah094.jpg,119248,8f0f0090,\Gallery 46\10 - Mariah\,{Shemale Yum Dvd03~G46~10~10 - Mariah}
mariah095.jpg,110877,a5df614c,\Gallery 46\10 - Mariah\,{Shemale Yum Dvd03~G46~10~10 - Mariah}
mariah096.jpg,141071,9eca6285,\Gallery 46\10 - Mariah\,{Shemale Yum Dvd03~G46~10~10 - Mariah}
mariah097.jpg,115700,14653de4,\Gallery 46\10 - Mariah\,{Shemale Yum Dvd03~G46~10~10 - Mariah}
mariah098.jpg,111924,7061f933,\Gallery 46\10 - Mariah\,{Shemale Yum Dvd03~G46~10~10 - Mariah}
mariah099.jpg,111955,086feb6e,\Gallery 46\10 - Mariah\,{Shemale Yum Dvd03~G46~10~10 - Mariah}
mariah100.jpg,110710,60fdf0c2,\Gallery 46\10 - Mariah\,{Shemale Yum Dvd03~G46~10~10 - Mariah}
mariah101.jpg,98096,c95e3614,\Gallery 46\10 - Mariah\,{Shemale Yum Dvd03~G46~10~10 - Mariah}
mariah102.jpg,114213,d3e7e80c,\Gallery 46\10 - Mariah\,{Shemale Yum Dvd03~G46~10~10 - Mariah}
mariah103.jpg,98686,31693022,\Gallery 46\10 - Mariah\,{Shemale Yum Dvd03~G46~10~10 - Mariah}
erica002.jpg,138281,b33ad243,\Gallery 52\01 - Erica\,{Shemale Yum Dvd03~G52~01~01 - Erica}
erica003.jpg,135222,0e9a78b9,\Gallery 52\01 - Erica\,{Shemale Yum Dvd03~G52~01~01 - Erica}
erica004.jpg,138549,3eaae08b,\Gallery 52\01 - Erica\,{Shemale Yum Dvd03~G52~01~01 - Erica}
erica005.jpg,132859,18af8784,\Gallery 52\01 - Erica\,{Shemale Yum Dvd03~G52~01~01 - Erica}
erica006.jpg,137905,afc38165,\Gallery 52\01 - Erica\,{Shemale Yum Dvd03~G52~01~01 - Erica}
erica007.jpg,132358,ea7ef4cb,\Gallery 52\01 - Erica\,{Shemale Yum Dvd03~G52~01~01 - Erica}
erica008.jpg,128288,526e9cdd,\Gallery 52\01 - Erica\,{Shemale Yum Dvd03~G52~01~01 - Erica}
erica009.jpg,129819,88397def,\Gallery 52\01 - Erica\,{Shemale Yum Dvd03~G52~01~01 - Erica}
erica010.jpg,134223,9ce4fd3e,\Gallery 52\01 - Erica\,{Shemale Yum Dvd03~G52~01~01 - Erica}
erica011.jpg,134229,ce76d9b1,\Gallery 52\01 - Erica\,{Shemale Yum Dvd03~G52~01~01 - Erica}
erica012.jpg,134137,b3c9875f,\Gallery 52\01 - Erica\,{Shemale Yum Dvd03~G52~01~01 - Erica}
erica013.jpg,134955,e986a56c,\Gallery 52\01 - Erica\,{Shemale Yum Dvd03~G52~01~01 - Erica}
erica014.jpg,132797,c43198ed,\Gallery 52\01 - Erica\,{Shemale Yum Dvd03~G52~01~01 - Erica}
erica015.jpg,141858,71a4feb8,\Gallery 52\01 - Erica\,{Shemale Yum Dvd03~G52~01~01 - Erica}
erica016.jpg,141762,93675cfe,\Gallery 52\01 - Erica\,{Shemale Yum Dvd03~G52~01~01 - Erica}
erica017.jpg,142348,19388f2e,\Gallery 52\01 - Erica\,{Shemale Yum Dvd03~G52~01~01 - Erica}
erica018.jpg,139167,c54a0e15,\Gallery 52\01 - Erica\,{Shemale Yum Dvd03~G52~01~01 - Erica}
erica019.jpg,135898,428bb6d7,\Gallery 52\01 - Erica\,{Shemale Yum Dvd03~G52~01~01 - Erica}
erica020.jpg,138591,3a6e3d77,\Gallery 52\01 - Erica\,{Shemale Yum Dvd03~G52~01~01 - Erica}
erica021.jpg,142522,8c7456e2,\Gallery 52\01 - Erica\,{Shemale Yum Dvd03~G52~01~01 - Erica}
erica022.jpg,132048,72b4dc44,\Gallery 52\01 - Erica\,{Shemale Yum Dvd03~G52~01~01 - Erica}
erica023.jpg,132690,36e99d2c,\Gallery 52\01 - Erica\,{Shemale Yum Dvd03~G52~01~01 - Erica}
erica024.jpg,132238,f75903cc,\Gallery 52\01 - Erica\,{Shemale Yum Dvd03~G52~01~01 - Erica}
erica025.jpg,136755,0943a828,\Gallery 52\01 - Erica\,{Shemale Yum Dvd03~G52~01~01 - Erica}
erica026.jpg,132531,00dd71a5,\Gallery 52\01 - Erica\,{Shemale Yum Dvd03~G52~01~01 - Erica}
erica027.jpg,130812,4784dc57,\Gallery 52\01 - Erica\,{Shemale Yum Dvd03~G52~01~01 - Erica}
erica028.jpg,133947,aaa1e59b,\Gallery 52\01 - Erica\,{Shemale Yum Dvd03~G52~01~01 - Erica}
erica029.jpg,131174,ea27aae7,\Gallery 52\01 - Erica\,{Shemale Yum Dvd03~G52~01~01 - Erica}
erica030.jpg,138184,3ed29682,\Gallery 52\01 - Erica\,{Shemale Yum Dvd03~G52~01~01 - Erica}
erica031.jpg,125542,012149ff,\Gallery 52\01 - Erica\,{Shemale Yum Dvd03~G52~01~01 - Erica}
erica032.jpg,128861,d1c370e7,\Gallery 52\01 - Erica\,{Shemale Yum Dvd03~G52~01~01 - Erica}
erica033.jpg,130560,87e05c71,\Gallery 52\01 - Erica\,{Shemale Yum Dvd03~G52~01~01 - Erica}
erica034.jpg,140372,5a771cc9,\Gallery 52\01 - Erica\,{Shemale Yum Dvd03~G52~01~01 - Erica}
erica035.jpg,129024,93aa056b,\Gallery 52\01 - Erica\,{Shemale Yum Dvd03~G52~01~01 - Erica}
erica036.jpg,133897,653464d9,\Gallery 52\01 - Erica\,{Shemale Yum Dvd03~G52~01~01 - Erica}
erica037.jpg,123180,7fa08964,\Gallery 52\01 - Erica\,{Shemale Yum Dvd03~G52~01~01 - Erica}
erica038.jpg,136973,1924d19d,\Gallery 52\01 - Erica\,{Shemale Yum Dvd03~G52~01~01 - Erica}
erica039.jpg,133702,ff78a81d,\Gallery 52\01 - Erica\,{Shemale Yum Dvd03~G52~01~01 - Erica}
erica040.jpg,130516,8c075835,\Gallery 52\01 - Erica\,{Shemale Yum Dvd03~G52~01~01 - Erica}
erica041.jpg,133835,abc4aa5a,\Gallery 52\01 - Erica\,{Shemale Yum Dvd03~G52~01~01 - Erica}
erica042.jpg,131276,f267a90c,\Gallery 52\01 - Erica\,{Shemale Yum Dvd03~G52~01~01 - Erica}
erica043.jpg,130946,7922536f,\Gallery 52\01 - Erica\,{Shemale Yum Dvd03~G52~01~01 - Erica}
erica044.jpg,141722,3e77bb50,\Gallery 52\01 - Erica\,{Shemale Yum Dvd03~G52~01~01 - Erica}
erica045.jpg,142522,5f7afc8c,\Gallery 52\01 - Erica\,{Shemale Yum Dvd03~G52~01~01 - Erica}
erica046.jpg,143020,74842a50,\Gallery 52\01 - Erica\,{Shemale Yum Dvd03~G52~01~01 - Erica}
erica047.jpg,140924,05689217,\Gallery 52\01 - Erica\,{Shemale Yum Dvd03~G52~01~01 - Erica}
erica048.jpg,142928,b039f4f8,\Gallery 52\01 - Erica\,{Shemale Yum Dvd03~G52~01~01 - Erica}
erica049.jpg,136838,50dd4291,\Gallery 52\01 - Erica\,{Shemale Yum Dvd03~G52~01~01 - Erica}
erica050.jpg,128987,8ace8db1,\Gallery 52\01 - Erica\,{Shemale Yum Dvd03~G52~01~01 - Erica}
erica051.jpg,132998,0e5fb586,\Gallery 52\01 - Erica\,{Shemale Yum Dvd03~G52~01~01 - Erica}
erica052.jpg,133628,d3298fe1,\Gallery 52\01 - Erica\,{Shemale Yum Dvd03~G52~01~01 - Erica}
erica053.jpg,135547,e7459264,\Gallery 52\01 - Erica\,{Shemale Yum Dvd03~G52~01~01 - Erica}
erica054.jpg,141339,1af5b4dc,\Gallery 52\01 - Erica\,{Shemale Yum Dvd03~G52~01~01 - Erica}
erica055.jpg,128938,0c61871d,\Gallery 52\01 - Erica\,{Shemale Yum Dvd03~G52~01~01 - Erica}
erica056.jpg,137256,4435b3a8,\Gallery 52\01 - Erica\,{Shemale Yum Dvd03~G52~01~01 - Erica}
erica057.jpg,86801,25faaaaf,\Gallery 52\01 - Erica\,{Shemale Yum Dvd03~G52~01~01 - Erica}
erica058.jpg,134661,2b4e34e2,\Gallery 52\01 - Erica\,{Shemale Yum Dvd03~G52~01~01 - Erica}
erica059.jpg,136028,a4b24f07,\Gallery 52\01 - Erica\,{Shemale Yum Dvd03~G52~01~01 - Erica}
erica060.jpg,130248,476bcbbc,\Gallery 52\01 - Erica\,{Shemale Yum Dvd03~G52~01~01 - Erica}
erica061.jpg,121868,94479472,\Gallery 52\01 - Erica\,{Shemale Yum Dvd03~G52~01~01 - Erica}
erica062.jpg,107819,e13aae57,\Gallery 52\01 - Erica\,{Shemale Yum Dvd03~G52~01~01 - Erica}
erica064.jpg,116603,8394b234,\Gallery 52\01 - Erica\,{Shemale Yum Dvd03~G52~01~01 - Erica}
erica065.jpg,113645,d965a776,\Gallery 52\01 - Erica\,{Shemale Yum Dvd03~G52~01~01 - Erica}
erica066.jpg,121772,4211576d,\Gallery 52\01 - Erica\,{Shemale Yum Dvd03~G52~01~01 - Erica}
erica067.jpg,116720,8d5bd080,\Gallery 52\01 - Erica\,{Shemale Yum Dvd03~G52~01~01 - Erica}
erica068.jpg,99532,5591e825,\Gallery 52\01 - Erica\,{Shemale Yum Dvd03~G52~01~01 - Erica}
erica069.jpg,128945,db2a0fd4,\Gallery 52\01 - Erica\,{Shemale Yum Dvd03~G52~01~01 - Erica}
erica070.jpg,109323,6c5f70d0,\Gallery 52\01 - Erica\,{Shemale Yum Dvd03~G52~01~01 - Erica}
erica071.jpg,102937,d3398144,\Gallery 52\01 - Erica\,{Shemale Yum Dvd03~G52~01~01 - Erica}
erica072.jpg,100018,30e3c175,\Gallery 52\01 - Erica\,{Shemale Yum Dvd03~G52~01~01 - Erica}
erica073.jpg,96681,8e5b334f,\Gallery 52\01 - Erica\,{Shemale Yum Dvd03~G52~01~01 - Erica}
erica074.jpg,100242,9fd37080,\Gallery 52\01 - Erica\,{Shemale Yum Dvd03~G52~01~01 - Erica}
erica075.jpg,103929,5be5dbe0,\Gallery 52\01 - Erica\,{Shemale Yum Dvd03~G52~01~01 - Erica}
erica076.jpg,113162,a979cf90,\Gallery 52\01 - Erica\,{Shemale Yum Dvd03~G52~01~01 - Erica}
erica077.jpg,104911,ba0b4e30,\Gallery 52\01 - Erica\,{Shemale Yum Dvd03~G52~01~01 - Erica}
erica078.jpg,102402,caa97853,\Gallery 52\01 - Erica\,{Shemale Yum Dvd03~G52~01~01 - Erica}
erica079.jpg,102300,5c8fd559,\Gallery 52\01 - Erica\,{Shemale Yum Dvd03~G52~01~01 - Erica}
erica080.jpg,97220,d22dc370,\Gallery 52\01 - Erica\,{Shemale Yum Dvd03~G52~01~01 - Erica}
erica081.jpg,114764,aa8a9c74,\Gallery 52\01 - Erica\,{Shemale Yum Dvd03~G52~01~01 - Erica}
erica082.jpg,109439,e0455d23,\Gallery 52\01 - Erica\,{Shemale Yum Dvd03~G52~01~01 - Erica}
erica083.jpg,128311,04c18c07,\Gallery 52\01 - Erica\,{Shemale Yum Dvd03~G52~01~01 - Erica}
erica084.jpg,122889,320e681a,\Gallery 52\01 - Erica\,{Shemale Yum Dvd03~G52~01~01 - Erica}
erica085.jpg,119646,1dd9ec40,\Gallery 52\01 - Erica\,{Shemale Yum Dvd03~G52~01~01 - Erica}
erica086.jpg,128917,5aa6ee38,\Gallery 52\01 - Erica\,{Shemale Yum Dvd03~G52~01~01 - Erica}
erica087.jpg,124334,1a7cdbbf,\Gallery 52\01 - Erica\,{Shemale Yum Dvd03~G52~01~01 - Erica}
erica088.jpg,132365,92b4e9e0,\Gallery 52\01 - Erica\,{Shemale Yum Dvd03~G52~01~01 - Erica}
erica089.jpg,123085,864fccb5,\Gallery 52\01 - Erica\,{Shemale Yum Dvd03~G52~01~01 - Erica}
erica090.jpg,136988,f53c29d6,\Gallery 52\01 - Erica\,{Shemale Yum Dvd03~G52~01~01 - Erica}
erica091.jpg,128998,5714d77d,\Gallery 52\01 - Erica\,{Shemale Yum Dvd03~G52~01~01 - Erica}
erica092.jpg,140502,63eeed79,\Gallery 52\01 - Erica\,{Shemale Yum Dvd03~G52~01~01 - Erica}
erica093.jpg,140025,d8e9140b,\Gallery 52\01 - Erica\,{Shemale Yum Dvd03~G52~01~01 - Erica}
erica094.jpg,130855,e37ab1eb,\Gallery 52\01 - Erica\,{Shemale Yum Dvd03~G52~01~01 - Erica}
erica095.jpg,123197,40f5504e,\Gallery 52\01 - Erica\,{Shemale Yum Dvd03~G52~01~01 - Erica}
erica096.jpg,120504,095f3238,\Gallery 52\01 - Erica\,{Shemale Yum Dvd03~G52~01~01 - Erica}
erica097.jpg,133422,2202be3c,\Gallery 52\01 - Erica\,{Shemale Yum Dvd03~G52~01~01 - Erica}
erica098.jpg,134201,2567486a,\Gallery 52\01 - Erica\,{Shemale Yum Dvd03~G52~01~01 - Erica}
erica099.jpg,130409,db5de0e6,\Gallery 52\01 - Erica\,{Shemale Yum Dvd03~G52~01~01 - Erica}
erica100.jpg,137276,289dbb51,\Gallery 52\01 - Erica\,{Shemale Yum Dvd03~G52~01~01 - Erica}
erica101.jpg,129439,09deb03c,\Gallery 52\01 - Erica\,{Shemale Yum Dvd03~G52~01~01 - Erica}
erica102.jpg,115049,7948ff35,\Gallery 52\01 - Erica\,{Shemale Yum Dvd03~G52~01~01 - Erica}
erica103.jpg,115391,61e8b45f,\Gallery 52\01 - Erica\,{Shemale Yum Dvd03~G52~01~01 - Erica}
erica104.jpg,122363,93b6c9eb,\Gallery 52\01 - Erica\,{Shemale Yum Dvd03~G52~01~01 - Erica}
erica105.jpg,115163,1533345e,\Gallery 52\01 - Erica\,{Shemale Yum Dvd03~G52~01~01 - Erica}
erica106.jpg,102269,49bb8fc1,\Gallery 52\01 - Erica\,{Shemale Yum Dvd03~G52~01~01 - Erica}
erica107.jpg,116502,afdc5f67,\Gallery 52\01 - Erica\,{Shemale Yum Dvd03~G52~01~01 - Erica}
erica108.jpg,108934,f25ff74d,\Gallery 52\01 - Erica\,{Shemale Yum Dvd03~G52~01~01 - Erica}
erica109.jpg,116562,f3927ea3,\Gallery 52\01 - Erica\,{Shemale Yum Dvd03~G52~01~01 - Erica}
erica110.jpg,113548,aed60048,\Gallery 52\01 - Erica\,{Shemale Yum Dvd03~G52~01~01 - Erica}
erica111.jpg,138042,defa8f1e,\Gallery 52\01 - Erica\,{Shemale Yum Dvd03~G52~01~01 - Erica}
2genesis0001.jpg,111037,be54b664,\Gallery 52\02 - Genesis\,{Shemale Yum Dvd03~G52~02~02 - Genesis}
2genesis0002.jpg,141878,fb9463a6,\Gallery 52\02 - Genesis\,{Shemale Yum Dvd03~G52~02~02 - Genesis}
2genesis0003.jpg,132161,094d1146,\Gallery 52\02 - Genesis\,{Shemale Yum Dvd03~G52~02~02 - Genesis}
2genesis0005.jpg,141181,1309b8d7,\Gallery 52\02 - Genesis\,{Shemale Yum Dvd03~G52~02~02 - Genesis}
2genesis0007.jpg,118693,8b790853,\Gallery 52\02 - Genesis\,{Shemale Yum Dvd03~G52~02~02 - Genesis}
2genesis0008.jpg,132743,f81a3a85,\Gallery 52\02 - Genesis\,{Shemale Yum Dvd03~G52~02~02 - Genesis}
2genesis0009.jpg,133502,b58ca77a,\Gallery 52\02 - Genesis\,{Shemale Yum Dvd03~G52~02~02 - Genesis}
2genesis0010.jpg,125514,1e6b63e6,\Gallery 52\02 - Genesis\,{Shemale Yum Dvd03~G52~02~02 - Genesis}
2genesis0011.jpg,134324,fd1d62dc,\Gallery 52\02 - Genesis\,{Shemale Yum Dvd03~G52~02~02 - Genesis}
2genesis0012.jpg,139227,7284ebb2,\Gallery 52\02 - Genesis\,{Shemale Yum Dvd03~G52~02~02 - Genesis}
2genesis0013.jpg,131210,6fe14c3f,\Gallery 52\02 - Genesis\,{Shemale Yum Dvd03~G52~02~02 - Genesis}
2genesis0014.jpg,130938,5406d8e4,\Gallery 52\02 - Genesis\,{Shemale Yum Dvd03~G52~02~02 - Genesis}
2genesis0015.jpg,136547,96336778,\Gallery 52\02 - Genesis\,{Shemale Yum Dvd03~G52~02~02 - Genesis}
2genesis0016.jpg,136057,7ec60965,\Gallery 52\02 - Genesis\,{Shemale Yum Dvd03~G52~02~02 - Genesis}
2genesis0017.jpg,130451,acbf9d53,\Gallery 52\02 - Genesis\,{Shemale Yum Dvd03~G52~02~02 - Genesis}
2genesis0018.jpg,133904,8a1c37a9,\Gallery 52\02 - Genesis\,{Shemale Yum Dvd03~G52~02~02 - Genesis}
2genesis0020.jpg,124451,ca518135,\Gallery 52\02 - Genesis\,{Shemale Yum Dvd03~G52~02~02 - Genesis}
2genesis0021.jpg,139615,7757647b,\Gallery 52\02 - Genesis\,{Shemale Yum Dvd03~G52~02~02 - Genesis}
2genesis0022.jpg,128624,138131a1,\Gallery 52\02 - Genesis\,{Shemale Yum Dvd03~G52~02~02 - Genesis}
2genesis0023.jpg,144642,81134708,\Gallery 52\02 - Genesis\,{Shemale Yum Dvd03~G52~02~02 - Genesis}
2genesis0024.jpg,126389,2d3ec8e7,\Gallery 52\02 - Genesis\,{Shemale Yum Dvd03~G52~02~02 - Genesis}
2genesis0025.jpg,129241,b42b91a4,\Gallery 52\02 - Genesis\,{Shemale Yum Dvd03~G52~02~02 - Genesis}
2genesis0026.jpg,135322,b0e01bbc,\Gallery 52\02 - Genesis\,{Shemale Yum Dvd03~G52~02~02 - Genesis}
2genesis0027.jpg,127456,885bbe1f,\Gallery 52\02 - Genesis\,{Shemale Yum Dvd03~G52~02~02 - Genesis}
2genesis0028.jpg,140024,362bbd5b,\Gallery 52\02 - Genesis\,{Shemale Yum Dvd03~G52~02~02 - Genesis}
2genesis0029.jpg,140528,77e3065b,\Gallery 52\02 - Genesis\,{Shemale Yum Dvd03~G52~02~02 - Genesis}
2genesis0030.jpg,132904,851d8133,\Gallery 52\02 - Genesis\,{Shemale Yum Dvd03~G52~02~02 - Genesis}
2genesis0031.jpg,135777,f29fb05e,\Gallery 52\02 - Genesis\,{Shemale Yum Dvd03~G52~02~02 - Genesis}
2genesis0032.jpg,136414,ba198d28,\Gallery 52\02 - Genesis\,{Shemale Yum Dvd03~G52~02~02 - Genesis}
2genesis0033.jpg,139692,d5d60522,\Gallery 52\02 - Genesis\,{Shemale Yum Dvd03~G52~02~02 - Genesis}
2genesis0034.jpg,132108,d56a3767,\Gallery 52\02 - Genesis\,{Shemale Yum Dvd03~G52~02~02 - Genesis}
2genesis0035.jpg,131703,ecbf0004,\Gallery 52\02 - Genesis\,{Shemale Yum Dvd03~G52~02~02 - Genesis}
2genesis0036.jpg,146544,834d1c16,\Gallery 52\02 - Genesis\,{Shemale Yum Dvd03~G52~02~02 - Genesis}
2genesis0037.jpg,147218,b9e2e23b,\Gallery 52\02 - Genesis\,{Shemale Yum Dvd03~G52~02~02 - Genesis}
2genesis0038.jpg,128869,1c70db8a,\Gallery 52\02 - Genesis\,{Shemale Yum Dvd03~G52~02~02 - Genesis}
2genesis0039.jpg,135277,1f1b6c2f,\Gallery 52\02 - Genesis\,{Shemale Yum Dvd03~G52~02~02 - Genesis}
2genesis0040.jpg,133391,9cc90440,\Gallery 52\02 - Genesis\,{Shemale Yum Dvd03~G52~02~02 - Genesis}
2genesis0048.jpg,132350,de7b2f71,\Gallery 52\02 - Genesis\,{Shemale Yum Dvd03~G52~02~02 - Genesis}
2genesis0049.jpg,131548,09dfaa17,\Gallery 52\02 - Genesis\,{Shemale Yum Dvd03~G52~02~02 - Genesis}
2genesis0050.jpg,136631,1af65742,\Gallery 52\02 - Genesis\,{Shemale Yum Dvd03~G52~02~02 - Genesis}
2genesis0051.jpg,139323,52c2ed57,\Gallery 52\02 - Genesis\,{Shemale Yum Dvd03~G52~02~02 - Genesis}
2genesis0052.jpg,140101,b5e3bed4,\Gallery 52\02 - Genesis\,{Shemale Yum Dvd03~G52~02~02 - Genesis}
2genesis0053.jpg,113960,595c8672,\Gallery 52\02 - Genesis\,{Shemale Yum Dvd03~G52~02~02 - Genesis}
2genesis0054.jpg,119738,ffb95c7f,\Gallery 52\02 - Genesis\,{Shemale Yum Dvd03~G52~02~02 - Genesis}
2genesis0055.jpg,118005,27b8ae9c,\Gallery 52\02 - Genesis\,{Shemale Yum Dvd03~G52~02~02 - Genesis}
2genesis0056.jpg,121016,27cfaae3,\Gallery 52\02 - Genesis\,{Shemale Yum Dvd03~G52~02~02 - Genesis}
2genesis0057.jpg,123799,1d7d474a,\Gallery 52\02 - Genesis\,{Shemale Yum Dvd03~G52~02~02 - Genesis}
2genesis0058.jpg,118882,356f5fed,\Gallery 52\02 - Genesis\,{Shemale Yum Dvd03~G52~02~02 - Genesis}
2genesis0059.jpg,118664,38390737,\Gallery 52\02 - Genesis\,{Shemale Yum Dvd03~G52~02~02 - Genesis}
2genesis0060.jpg,115540,f3b4723a,\Gallery 52\02 - Genesis\,{Shemale Yum Dvd03~G52~02~02 - Genesis}
2genesis0061.jpg,103817,93ace8c5,\Gallery 52\02 - Genesis\,{Shemale Yum Dvd03~G52~02~02 - Genesis}
2genesis0062.jpg,100100,7e10af36,\Gallery 52\02 - Genesis\,{Shemale Yum Dvd03~G52~02~02 - Genesis}
2genesis0063.jpg,108818,548e9cdf,\Gallery 52\02 - Genesis\,{Shemale Yum Dvd03~G52~02~02 - Genesis}
2genesis0064.jpg,107169,0aab3e0b,\Gallery 52\02 - Genesis\,{Shemale Yum Dvd03~G52~02~02 - Genesis}
2genesis0065.jpg,105232,da362aa8,\Gallery 52\02 - Genesis\,{Shemale Yum Dvd03~G52~02~02 - Genesis}
2genesis0066.jpg,106366,ccbfbe82,\Gallery 52\02 - Genesis\,{Shemale Yum Dvd03~G52~02~02 - Genesis}
2genesis0067.jpg,105707,207000d2,\Gallery 52\02 - Genesis\,{Shemale Yum Dvd03~G52~02~02 - Genesis}
2genesis0070.jpg,137135,9c7eb5f7,\Gallery 52\02 - Genesis\,{Shemale Yum Dvd03~G52~02~02 - Genesis}
2genesis0071.jpg,143046,ff89a0dc,\Gallery 52\02 - Genesis\,{Shemale Yum Dvd03~G52~02~02 - Genesis}
2genesis0072.jpg,138853,84a3f814,\Gallery 52\02 - Genesis\,{Shemale Yum Dvd03~G52~02~02 - Genesis}
2genesis0073.jpg,140008,08c2e75f,\Gallery 52\02 - Genesis\,{Shemale Yum Dvd03~G52~02~02 - Genesis}
2genesis0074.jpg,142149,69713e56,\Gallery 52\02 - Genesis\,{Shemale Yum Dvd03~G52~02~02 - Genesis}
2genesis0075.jpg,139546,bb31636d,\Gallery 52\02 - Genesis\,{Shemale Yum Dvd03~G52~02~02 - Genesis}
2genesis0076.jpg,134211,453f1521,\Gallery 52\02 - Genesis\,{Shemale Yum Dvd03~G52~02~02 - Genesis}
2genesis0078.jpg,140995,0b6ed3aa,\Gallery 52\02 - Genesis\,{Shemale Yum Dvd03~G52~02~02 - Genesis}
2genesis0079.jpg,124129,7379c2dd,\Gallery 52\02 - Genesis\,{Shemale Yum Dvd03~G52~02~02 - Genesis}
2genesis0080.jpg,124495,6f4f64de,\Gallery 52\02 - Genesis\,{Shemale Yum Dvd03~G52~02~02 - Genesis}
2genesis0081.jpg,117115,0a5410c0,\Gallery 52\02 - Genesis\,{Shemale Yum Dvd03~G52~02~02 - Genesis}
2genesis0083.jpg,118628,e62e0274,\Gallery 52\02 - Genesis\,{Shemale Yum Dvd03~G52~02~02 - Genesis}
2genesis0084.jpg,109907,25e6b5d8,\Gallery 52\02 - Genesis\,{Shemale Yum Dvd03~G52~02~02 - Genesis}
2genesis0085.jpg,109335,f0c553dc,\Gallery 52\02 - Genesis\,{Shemale Yum Dvd03~G52~02~02 - Genesis}
2genesis0086.jpg,97254,a5213e09,\Gallery 52\02 - Genesis\,{Shemale Yum Dvd03~G52~02~02 - Genesis}
2genesis0087.jpg,100954,74c287f0,\Gallery 52\02 - Genesis\,{Shemale Yum Dvd03~G52~02~02 - Genesis}
2genesis0088.jpg,100514,19860eb0,\Gallery 52\02 - Genesis\,{Shemale Yum Dvd03~G52~02~02 - Genesis}
2genesis0089.jpg,90844,028dd828,\Gallery 52\02 - Genesis\,{Shemale Yum Dvd03~G52~02~02 - Genesis}
2genesis0090.jpg,106140,6ce9b638,\Gallery 52\02 - Genesis\,{Shemale Yum Dvd03~G52~02~02 - Genesis}
2genesis0091.jpg,120540,ef340607,\Gallery 52\02 - Genesis\,{Shemale Yum Dvd03~G52~02~02 - Genesis}
2genesis0092.jpg,122369,36099308,\Gallery 52\02 - Genesis\,{Shemale Yum Dvd03~G52~02~02 - Genesis}
2genesis0093.jpg,118888,abf8e883,\Gallery 52\02 - Genesis\,{Shemale Yum Dvd03~G52~02~02 - Genesis}
2genesis0094.jpg,130102,b22314a0,\Gallery 52\02 - Genesis\,{Shemale Yum Dvd03~G52~02~02 - Genesis}
2genesis0095.jpg,111703,37c4405e,\Gallery 52\02 - Genesis\,{Shemale Yum Dvd03~G52~02~02 - Genesis}
2genesis0096.jpg,106631,2f2d6594,\Gallery 52\02 - Genesis\,{Shemale Yum Dvd03~G52~02~02 - Genesis}
2genesis0097.jpg,108054,b72022b2,\Gallery 52\02 - Genesis\,{Shemale Yum Dvd03~G52~02~02 - Genesis}
2genesis0098.jpg,108898,fbd082af,\Gallery 52\02 - Genesis\,{Shemale Yum Dvd03~G52~02~02 - Genesis}
2genesis0099.jpg,111075,dc56cb78,\Gallery 52\02 - Genesis\,{Shemale Yum Dvd03~G52~02~02 - Genesis}
2genesis0100.jpg,112290,05251425,\Gallery 52\02 - Genesis\,{Shemale Yum Dvd03~G52~02~02 - Genesis}
2genesis0101.jpg,113511,6bc1e6e7,\Gallery 52\02 - Genesis\,{Shemale Yum Dvd03~G52~02~02 - Genesis}
2genesis0102.jpg,125448,91613e2b,\Gallery 52\02 - Genesis\,{Shemale Yum Dvd03~G52~02~02 - Genesis}
2genesis0103.jpg,109448,375f5e9c,\Gallery 52\02 - Genesis\,{Shemale Yum Dvd03~G52~02~02 - Genesis}
2genesis0104.jpg,112557,d4159d47,\Gallery 52\02 - Genesis\,{Shemale Yum Dvd03~G52~02~02 - Genesis}
2genesis0105.jpg,126917,7582143a,\Gallery 52\02 - Genesis\,{Shemale Yum Dvd03~G52~02~02 - Genesis}
2genesis0106.jpg,126237,f66331a3,\Gallery 52\02 - Genesis\,{Shemale Yum Dvd03~G52~02~02 - Genesis}
2genesis0107.jpg,117484,6d64b096,\Gallery 52\02 - Genesis\,{Shemale Yum Dvd03~G52~02~02 - Genesis}
2genesis0108.jpg,109433,c4cd2fe4,\Gallery 52\02 - Genesis\,{Shemale Yum Dvd03~G52~02~02 - Genesis}
2genesis0109.jpg,114024,73dc3b7d,\Gallery 52\02 - Genesis\,{Shemale Yum Dvd03~G52~02~02 - Genesis}
2genesis0110.jpg,100861,04cb03ef,\Gallery 52\02 - Genesis\,{Shemale Yum Dvd03~G52~02~02 - Genesis}
2genesis0111.jpg,107297,143b5379,\Gallery 52\02 - Genesis\,{Shemale Yum Dvd03~G52~02~02 - Genesis}
2genesis0112.jpg,104914,2d041c36,\Gallery 52\02 - Genesis\,{Shemale Yum Dvd03~G52~02~02 - Genesis}
2genesis0113.jpg,105861,37d050f8,\Gallery 52\02 - Genesis\,{Shemale Yum Dvd03~G52~02~02 - Genesis}
kourthc001.jpg,129298,e3b6c5fb,\Gallery 52\03 - Kourtney\,{Shemale Yum Dvd03~G52~03~03 - Kourtney}
kourthc002.jpg,129073,b2ace6ad,\Gallery 52\03 - Kourtney\,{Shemale Yum Dvd03~G52~03~03 - Kourtney}
kourthc003.jpg,137134,1547c7cc,\Gallery 52\03 - Kourtney\,{Shemale Yum Dvd03~G52~03~03 - Kourtney}
kourthc004.jpg,134037,4d31948a,\Gallery 52\03 - Kourtney\,{Shemale Yum Dvd03~G52~03~03 - Kourtney}
kourthc005.jpg,137675,468a237b,\Gallery 52\03 - Kourtney\,{Shemale Yum Dvd03~G52~03~03 - Kourtney}
kourthc006.jpg,131595,708d6845,\Gallery 52\03 - Kourtney\,{Shemale Yum Dvd03~G52~03~03 - Kourtney}
kourthc007.jpg,141645,7749f6b8,\Gallery 52\03 - Kourtney\,{Shemale Yum Dvd03~G52~03~03 - Kourtney}
kourthc008.jpg,131824,ae5a2ccc,\Gallery 52\03 - Kourtney\,{Shemale Yum Dvd03~G52~03~03 - Kourtney}
kourthc009.jpg,129763,7981a196,\Gallery 52\03 - Kourtney\,{Shemale Yum Dvd03~G52~03~03 - Kourtney}
kourthc010.jpg,134150,16887f41,\Gallery 52\03 - Kourtney\,{Shemale Yum Dvd03~G52~03~03 - Kourtney}
kourthc011.jpg,139039,3bf2a7cc,\Gallery 52\03 - Kourtney\,{Shemale Yum Dvd03~G52~03~03 - Kourtney}
kourthc012.jpg,133745,550574ab,\Gallery 52\03 - Kourtney\,{Shemale Yum Dvd03~G52~03~03 - Kourtney}
kourthc013.jpg,133509,9e60593f,\Gallery 52\03 - Kourtney\,{Shemale Yum Dvd03~G52~03~03 - Kourtney}
kourthc014.jpg,127935,dec312e4,\Gallery 52\03 - Kourtney\,{Shemale Yum Dvd03~G52~03~03 - Kourtney}
kourthc015.jpg,142713,b7deb3d9,\Gallery 52\03 - Kourtney\,{Shemale Yum Dvd03~G52~03~03 - Kourtney}
kourthc016.jpg,130308,1be9c696,\Gallery 52\03 - Kourtney\,{Shemale Yum Dvd03~G52~03~03 - Kourtney}
kourthc017.jpg,136423,79a2a7f3,\Gallery 52\03 - Kourtney\,{Shemale Yum Dvd03~G52~03~03 - Kourtney}
kourthc018.jpg,147233,c994a2cd,\Gallery 52\03 - Kourtney\,{Shemale Yum Dvd03~G52~03~03 - Kourtney}
kourthc019.jpg,132759,821ce6a9,\Gallery 52\03 - Kourtney\,{Shemale Yum Dvd03~G52~03~03 - Kourtney}
kourthc020.jpg,131982,b4295d54,\Gallery 52\03 - Kourtney\,{Shemale Yum Dvd03~G52~03~03 - Kourtney}
kourthc021.jpg,125261,4a8010e7,\Gallery 52\03 - Kourtney\,{Shemale Yum Dvd03~G52~03~03 - Kourtney}
kourthc022.jpg,127542,0a5fdcdd,\Gallery 52\03 - Kourtney\,{Shemale Yum Dvd03~G52~03~03 - Kourtney}
kourthc023.jpg,129406,0d7417f4,\Gallery 52\03 - Kourtney\,{Shemale Yum Dvd03~G52~03~03 - Kourtney}
kourthc024.jpg,137806,376f7639,\Gallery 52\03 - Kourtney\,{Shemale Yum Dvd03~G52~03~03 - Kourtney}
kourthc025.jpg,131484,96219db5,\Gallery 52\03 - Kourtney\,{Shemale Yum Dvd03~G52~03~03 - Kourtney}
kourthc026.jpg,141651,abd141e5,\Gallery 52\03 - Kourtney\,{Shemale Yum Dvd03~G52~03~03 - Kourtney}
kourthc027.jpg,132847,6603c013,\Gallery 52\03 - Kourtney\,{Shemale Yum Dvd03~G52~03~03 - Kourtney}
kourthc028.jpg,129736,54af677e,\Gallery 52\03 - Kourtney\,{Shemale Yum Dvd03~G52~03~03 - Kourtney}
kourthc029.jpg,128858,0604a3a8,\Gallery 52\03 - Kourtney\,{Shemale Yum Dvd03~G52~03~03 - Kourtney}
kourthc030.jpg,128321,4c6e01f8,\Gallery 52\03 - Kourtney\,{Shemale Yum Dvd03~G52~03~03 - Kourtney}
kourthc031.jpg,136034,a6826afa,\Gallery 52\03 - Kourtney\,{Shemale Yum Dvd03~G52~03~03 - Kourtney}
kourthc032.jpg,114287,061e514d,\Gallery 52\03 - Kourtney\,{Shemale Yum Dvd03~G52~03~03 - Kourtney}
kourthc033.jpg,140309,754f79e0,\Gallery 52\03 - Kourtney\,{Shemale Yum Dvd03~G52~03~03 - Kourtney}
kourthc034.jpg,129899,5973d532,\Gallery 52\03 - Kourtney\,{Shemale Yum Dvd03~G52~03~03 - Kourtney}
kourthc035.jpg,132181,9760b2d5,\Gallery 52\03 - Kourtney\,{Shemale Yum Dvd03~G52~03~03 - Kourtney}
kourthc036.jpg,138410,22733cd1,\Gallery 52\03 - Kourtney\,{Shemale Yum Dvd03~G52~03~03 - Kourtney}
kourthc037.jpg,136829,09697ead,\Gallery 52\03 - Kourtney\,{Shemale Yum Dvd03~G52~03~03 - Kourtney}
kourthc038.jpg,109973,642bffdb,\Gallery 52\03 - Kourtney\,{Shemale Yum Dvd03~G52~03~03 - Kourtney}
kourthc039.jpg,124962,deb4bc72,\Gallery 52\03 - Kourtney\,{Shemale Yum Dvd03~G52~03~03 - Kourtney}
kourthc040.jpg,122929,da9c7320,\Gallery 52\03 - Kourtney\,{Shemale Yum Dvd03~G52~03~03 - Kourtney}
kourthc041.jpg,135263,79bc582c,\Gallery 52\03 - Kourtney\,{Shemale Yum Dvd03~G52~03~03 - Kourtney}
kourthc042.jpg,130821,171cd595,\Gallery 52\03 - Kourtney\,{Shemale Yum Dvd03~G52~03~03 - Kourtney}
kourthc043.jpg,132653,93b68eac,\Gallery 52\03 - Kourtney\,{Shemale Yum Dvd03~G52~03~03 - Kourtney}
kourthc044.jpg,127444,90ce1e18,\Gallery 52\03 - Kourtney\,{Shemale Yum Dvd03~G52~03~03 - Kourtney}
kourthc045.jpg,134711,20485cf3,\Gallery 52\03 - Kourtney\,{Shemale Yum Dvd03~G52~03~03 - Kourtney}
kourthc046.jpg,118034,f6b24f21,\Gallery 52\03 - Kourtney\,{Shemale Yum Dvd03~G52~03~03 - Kourtney}
kourthc047.jpg,122569,06af5247,\Gallery 52\03 - Kourtney\,{Shemale Yum Dvd03~G52~03~03 - Kourtney}
kourthc048.jpg,114921,b1c88f8d,\Gallery 52\03 - Kourtney\,{Shemale Yum Dvd03~G52~03~03 - Kourtney}
kourthc049.jpg,123539,2108cca8,\Gallery 52\03 - Kourtney\,{Shemale Yum Dvd03~G52~03~03 - Kourtney}
kourthc050.jpg,117722,cafda1f6,\Gallery 52\03 - Kourtney\,{Shemale Yum Dvd03~G52~03~03 - Kourtney}
kourthc051.jpg,116395,9419b733,\Gallery 52\03 - Kourtney\,{Shemale Yum Dvd03~G52~03~03 - Kourtney}
kourthc052.jpg,124691,32347097,\Gallery 52\03 - Kourtney\,{Shemale Yum Dvd03~G52~03~03 - Kourtney}
kourthc053.jpg,113660,e6c1487b,\Gallery 52\03 - Kourtney\,{Shemale Yum Dvd03~G52~03~03 - Kourtney}
kourthc054.jpg,117952,0acdf37c,\Gallery 52\03 - Kourtney\,{Shemale Yum Dvd03~G52~03~03 - Kourtney}
kourthc055.jpg,117367,4c1a2e2e,\Gallery 52\03 - Kourtney\,{Shemale Yum Dvd03~G52~03~03 - Kourtney}
kourthc056.jpg,123360,018a35b9,\Gallery 52\03 - Kourtney\,{Shemale Yum Dvd03~G52~03~03 - Kourtney}
kourthc057.jpg,128083,16f001fd,\Gallery 52\03 - Kourtney\,{Shemale Yum Dvd03~G52~03~03 - Kourtney}
kourthc058.jpg,133152,f10887ae,\Gallery 52\03 - Kourtney\,{Shemale Yum Dvd03~G52~03~03 - Kourtney}
kourthc059.jpg,121526,7af8d8f9,\Gallery 52\03 - Kourtney\,{Shemale Yum Dvd03~G52~03~03 - Kourtney}
kourthc060.jpg,120646,c94d82af,\Gallery 52\03 - Kourtney\,{Shemale Yum Dvd03~G52~03~03 - Kourtney}
kourthc061.jpg,122814,94ec9718,\Gallery 52\03 - Kourtney\,{Shemale Yum Dvd03~G52~03~03 - Kourtney}
kourthc062.jpg,136063,23321a77,\Gallery 52\03 - Kourtney\,{Shemale Yum Dvd03~G52~03~03 - Kourtney}
kourthc063.jpg,129282,0156ce0d,\Gallery 52\03 - Kourtney\,{Shemale Yum Dvd03~G52~03~03 - Kourtney}
kourthc064.jpg,134482,c50aa0e8,\Gallery 52\03 - Kourtney\,{Shemale Yum Dvd03~G52~03~03 - Kourtney}
kourthc065.jpg,131776,57f78e58,\Gallery 52\03 - Kourtney\,{Shemale Yum Dvd03~G52~03~03 - Kourtney}
kourthc066.jpg,134934,4123012d,\Gallery 52\03 - Kourtney\,{Shemale Yum Dvd03~G52~03~03 - Kourtney}
kourthc067.jpg,127664,ada8af2f,\Gallery 52\03 - Kourtney\,{Shemale Yum Dvd03~G52~03~03 - Kourtney}
kourthc068.jpg,136590,55878ee3,\Gallery 52\03 - Kourtney\,{Shemale Yum Dvd03~G52~03~03 - Kourtney}
kourthc069.jpg,110328,e74e2249,\Gallery 52\03 - Kourtney\,{Shemale Yum Dvd03~G52~03~03 - Kourtney}
kourthc070.jpg,128861,38fe4e54,\Gallery 52\03 - Kourtney\,{Shemale Yum Dvd03~G52~03~03 - Kourtney}
kourthc071.jpg,129115,284a00a7,\Gallery 52\03 - Kourtney\,{Shemale Yum Dvd03~G52~03~03 - Kourtney}
kourthc072.jpg,130826,c49a0255,\Gallery 52\03 - Kourtney\,{Shemale Yum Dvd03~G52~03~03 - Kourtney}
kourthc073.jpg,112280,8e9557b2,\Gallery 52\03 - Kourtney\,{Shemale Yum Dvd03~G52~03~03 - Kourtney}
kourthc075.jpg,127050,0477070f,\Gallery 52\03 - Kourtney\,{Shemale Yum Dvd03~G52~03~03 - Kourtney}
kourthc076.jpg,130301,16381233,\Gallery 52\03 - Kourtney\,{Shemale Yum Dvd03~G52~03~03 - Kourtney}
kourthc077.jpg,124590,37601e63,\Gallery 52\03 - Kourtney\,{Shemale Yum Dvd03~G52~03~03 - Kourtney}
kourthc078.jpg,103931,83c71247,\Gallery 52\03 - Kourtney\,{Shemale Yum Dvd03~G52~03~03 - Kourtney}
kourthc079.jpg,129558,8168be53,\Gallery 52\03 - Kourtney\,{Shemale Yum Dvd03~G52~03~03 - Kourtney}
kourthc080.jpg,121261,ec2a4c69,\Gallery 52\03 - Kourtney\,{Shemale Yum Dvd03~G52~03~03 - Kourtney}
kourthc081.jpg,107652,c8dc5ab1,\Gallery 52\03 - Kourtney\,{Shemale Yum Dvd03~G52~03~03 - Kourtney}
kourthc082.jpg,106052,309285e1,\Gallery 52\03 - Kourtney\,{Shemale Yum Dvd03~G52~03~03 - Kourtney}
kourthc083.jpg,131762,e498acb8,\Gallery 52\03 - Kourtney\,{Shemale Yum Dvd03~G52~03~03 - Kourtney}
kourthc084.jpg,104259,90f9b61d,\Gallery 52\03 - Kourtney\,{Shemale Yum Dvd03~G52~03~03 - Kourtney}
kourthc085.jpg,106519,d1fcae7d,\Gallery 52\03 - Kourtney\,{Shemale Yum Dvd03~G52~03~03 - Kourtney}
kourthc086.jpg,140979,c22a9352,\Gallery 52\03 - Kourtney\,{Shemale Yum Dvd03~G52~03~03 - Kourtney}
kourthc087.jpg,114302,40743a1e,\Gallery 52\03 - Kourtney\,{Shemale Yum Dvd03~G52~03~03 - Kourtney}
kourthc088.jpg,117578,ac803e51,\Gallery 52\03 - Kourtney\,{Shemale Yum Dvd03~G52~03~03 - Kourtney}
kourthc089.jpg,108254,cee71da8,\Gallery 52\03 - Kourtney\,{Shemale Yum Dvd03~G52~03~03 - Kourtney}
kourthc090.jpg,132858,d5ede629,\Gallery 52\03 - Kourtney\,{Shemale Yum Dvd03~G52~03~03 - Kourtney}
kourthc091.jpg,115261,c9c8f682,\Gallery 52\03 - Kourtney\,{Shemale Yum Dvd03~G52~03~03 - Kourtney}
kourthc092.jpg,112969,91544c09,\Gallery 52\03 - Kourtney\,{Shemale Yum Dvd03~G52~03~03 - Kourtney}
kourthc093.jpg,103274,4dc176ae,\Gallery 52\03 - Kourtney\,{Shemale Yum Dvd03~G52~03~03 - Kourtney}
kourthc094.jpg,121996,26487560,\Gallery 52\03 - Kourtney\,{Shemale Yum Dvd03~G52~03~03 - Kourtney}
kourthc095.jpg,129203,20a47577,\Gallery 52\03 - Kourtney\,{Shemale Yum Dvd03~G52~03~03 - Kourtney}
kourthc096.jpg,126264,f06aece5,\Gallery 52\03 - Kourtney\,{Shemale Yum Dvd03~G52~03~03 - Kourtney}
kourthc097.jpg,127490,d161217b,\Gallery 52\03 - Kourtney\,{Shemale Yum Dvd03~G52~03~03 - Kourtney}
kourthc098.jpg,124780,29b0398d,\Gallery 52\03 - Kourtney\,{Shemale Yum Dvd03~G52~03~03 - Kourtney}
kourthc099.jpg,112258,245548e2,\Gallery 52\03 - Kourtney\,{Shemale Yum Dvd03~G52~03~03 - Kourtney}
kourthc100.jpg,119469,b226c4ee,\Gallery 52\03 - Kourtney\,{Shemale Yum Dvd03~G52~03~03 - Kourtney}
kourthc101.jpg,127922,c1ad9338,\Gallery 52\03 - Kourtney\,{Shemale Yum Dvd03~G52~03~03 - Kourtney}
kourthc102.jpg,116324,c54ab1b5,\Gallery 52\03 - Kourtney\,{Shemale Yum Dvd03~G52~03~03 - Kourtney}
kourthc103.jpg,116503,51f1e4d6,\Gallery 52\03 - Kourtney\,{Shemale Yum Dvd03~G52~03~03 - Kourtney}
kourthc104.jpg,112175,034799c4,\Gallery 52\03 - Kourtney\,{Shemale Yum Dvd03~G52~03~03 - Kourtney}
kourthc105.jpg,113632,a39e1883,\Gallery 52\03 - Kourtney\,{Shemale Yum Dvd03~G52~03~03 - Kourtney}
kourthc106.jpg,121997,0688a451,\Gallery 52\03 - Kourtney\,{Shemale Yum Dvd03~G52~03~03 - Kourtney}
kourthc107.jpg,109853,3c7daf62,\Gallery 52\03 - Kourtney\,{Shemale Yum Dvd03~G52~03~03 - Kourtney}
kourthc108.jpg,111518,54093108,\Gallery 52\03 - Kourtney\,{Shemale Yum Dvd03~G52~03~03 - Kourtney}
kourthc109.jpg,99131,f90c6efd,\Gallery 52\03 - Kourtney\,{Shemale Yum Dvd03~G52~03~03 - Kourtney}
kourthc110.jpg,99315,2114f858,\Gallery 52\03 - Kourtney\,{Shemale Yum Dvd03~G52~03~03 - Kourtney}
kourthc111.jpg,110767,a498ea2c,\Gallery 52\03 - Kourtney\,{Shemale Yum Dvd03~G52~03~03 - Kourtney}
kourthc112.jpg,113623,18d1de0e,\Gallery 52\03 - Kourtney\,{Shemale Yum Dvd03~G52~03~03 - Kourtney}
kourthc113.jpg,113947,167fd03c,\Gallery 52\03 - Kourtney\,{Shemale Yum Dvd03~G52~03~03 - Kourtney}
kourthc114.jpg,112366,9429ce2c,\Gallery 52\03 - Kourtney\,{Shemale Yum Dvd03~G52~03~03 - Kourtney}
kourthc115.jpg,121453,276cf8f4,\Gallery 52\03 - Kourtney\,{Shemale Yum Dvd03~G52~03~03 - Kourtney}
kourthc116.jpg,108417,a8a3ec7b,\Gallery 52\03 - Kourtney\,{Shemale Yum Dvd03~G52~03~03 - Kourtney}
kourthc117.jpg,100604,b255829b,\Gallery 52\03 - Kourtney\,{Shemale Yum Dvd03~G52~03~03 - Kourtney}
kourthc119.jpg,106573,dab23345,\Gallery 52\03 - Kourtney\,{Shemale Yum Dvd03~G52~03~03 - Kourtney}
kourthc120.jpg,128299,a03b65f9,\Gallery 52\03 - Kourtney\,{Shemale Yum Dvd03~G52~03~03 - Kourtney}
kourthc121.jpg,129820,273748d7,\Gallery 52\03 - Kourtney\,{Shemale Yum Dvd03~G52~03~03 - Kourtney}
kourthc122.jpg,123923,35aff66d,\Gallery 52\03 - Kourtney\,{Shemale Yum Dvd03~G52~03~03 - Kourtney}
kourthc123.jpg,137382,414720ce,\Gallery 52\03 - Kourtney\,{Shemale Yum Dvd03~G52~03~03 - Kourtney}
kourthc125.jpg,104952,75ad2e3a,\Gallery 52\03 - Kourtney\,{Shemale Yum Dvd03~G52~03~03 - Kourtney}
kourthc126.jpg,114066,ecf9b914,\Gallery 52\03 - Kourtney\,{Shemale Yum Dvd03~G52~03~03 - Kourtney}
kourthc127.jpg,104251,9661e900,\Gallery 52\03 - Kourtney\,{Shemale Yum Dvd03~G52~03~03 - Kourtney}
kourthc128.jpg,116095,12730e2e,\Gallery 52\03 - Kourtney\,{Shemale Yum Dvd03~G52~03~03 - Kourtney}
kourthc129.jpg,115791,3b73772e,\Gallery 52\03 - Kourtney\,{Shemale Yum Dvd03~G52~03~03 - Kourtney}
kourthc130.jpg,119756,32307396,\Gallery 52\03 - Kourtney\,{Shemale Yum Dvd03~G52~03~03 - Kourtney}
kourthc131.jpg,116122,2b9585fa,\Gallery 52\03 - Kourtney\,{Shemale Yum Dvd03~G52~03~03 - Kourtney}
kourthc132.jpg,124873,50cefa11,\Gallery 52\03 - Kourtney\,{Shemale Yum Dvd03~G52~03~03 - Kourtney}
kourthc133.jpg,132726,3e60ceaa,\Gallery 52\03 - Kourtney\,{Shemale Yum Dvd03~G52~03~03 - Kourtney}
kourthc134.jpg,137582,f20eb669,\Gallery 52\03 - Kourtney\,{Shemale Yum Dvd03~G52~03~03 - Kourtney}
kourthc135.jpg,116897,55e92844,\Gallery 52\03 - Kourtney\,{Shemale Yum Dvd03~G52~03~03 - Kourtney}
kourthc136.jpg,113936,dbf30f89,\Gallery 52\03 - Kourtney\,{Shemale Yum Dvd03~G52~03~03 - Kourtney}
kourthc137.jpg,113597,2b3771db,\Gallery 52\03 - Kourtney\,{Shemale Yum Dvd03~G52~03~03 - Kourtney}
kourthc138.jpg,112507,577518a1,\Gallery 52\03 - Kourtney\,{Shemale Yum Dvd03~G52~03~03 - Kourtney}
kourthc139.jpg,116739,30b94aa5,\Gallery 52\03 - Kourtney\,{Shemale Yum Dvd03~G52~03~03 - Kourtney}
kourthc140.jpg,119916,9ef0a966,\Gallery 52\03 - Kourtney\,{Shemale Yum Dvd03~G52~03~03 - Kourtney}
kourthc141.jpg,116605,59047de8,\Gallery 52\03 - Kourtney\,{Shemale Yum Dvd03~G52~03~03 - Kourtney}
kourthc142.jpg,116246,73aaf858,\Gallery 52\03 - Kourtney\,{Shemale Yum Dvd03~G52~03~03 - Kourtney}
kourthc144.jpg,114279,be48d55c,\Gallery 52\03 - Kourtney\,{Shemale Yum Dvd03~G52~03~03 - Kourtney}
kourthc145.jpg,121426,280f4b73,\Gallery 52\03 - Kourtney\,{Shemale Yum Dvd03~G52~03~03 - Kourtney}
kourthc146.jpg,110539,960da212,\Gallery 52\03 - Kourtney\,{Shemale Yum Dvd03~G52~03~03 - Kourtney}
kourthc147.jpg,109785,78730ac8,\Gallery 52\03 - Kourtney\,{Shemale Yum Dvd03~G52~03~03 - Kourtney}
kourthc148.jpg,124246,9736e49d,\Gallery 52\03 - Kourtney\,{Shemale Yum Dvd03~G52~03~03 - Kourtney}
kourthc149.jpg,120254,87fd6753,\Gallery 52\03 - Kourtney\,{Shemale Yum Dvd03~G52~03~03 - Kourtney}
kourthc150.jpg,122934,b4c87a9d,\Gallery 52\03 - Kourtney\,{Shemale Yum Dvd03~G52~03~03 - Kourtney}
kourthc151.jpg,115183,250d8f4b,\Gallery 52\03 - Kourtney\,{Shemale Yum Dvd03~G52~03~03 - Kourtney}
kourthc152.jpg,119400,00f8055d,\Gallery 52\03 - Kourtney\,{Shemale Yum Dvd03~G52~03~03 - Kourtney}
kourthc153.jpg,107642,f6fd8164,\Gallery 52\03 - Kourtney\,{Shemale Yum Dvd03~G52~03~03 - Kourtney}
kourthc154.jpg,125526,eac0e7d4,\Gallery 52\03 - Kourtney\,{Shemale Yum Dvd03~G52~03~03 - Kourtney}
kourthc155.jpg,115718,4e412a08,\Gallery 52\03 - Kourtney\,{Shemale Yum Dvd03~G52~03~03 - Kourtney}
kourthc156.jpg,111562,f8093014,\Gallery 52\03 - Kourtney\,{Shemale Yum Dvd03~G52~03~03 - Kourtney}
kourthc157.jpg,108548,d1ba9bff,\Gallery 52\03 - Kourtney\,{Shemale Yum Dvd03~G52~03~03 - Kourtney}
kourthc158.jpg,136221,9c4dcfb6,\Gallery 52\03 - Kourtney\,{Shemale Yum Dvd03~G52~03~03 - Kourtney}
kourthc159.jpg,114355,be96a548,\Gallery 52\03 - Kourtney\,{Shemale Yum Dvd03~G52~03~03 - Kourtney}
kourthc160.jpg,115395,b6738404,\Gallery 52\03 - Kourtney\,{Shemale Yum Dvd03~G52~03~03 - Kourtney}
kourthc161.jpg,104468,2e77004f,\Gallery 52\03 - Kourtney\,{Shemale Yum Dvd03~G52~03~03 - Kourtney}
kourthc162.jpg,117217,93d1e124,\Gallery 52\03 - Kourtney\,{Shemale Yum Dvd03~G52~03~03 - Kourtney}
kourtdungeon-001.jpg,109851,2b475ba4,\Gallery 52\03 - Kourtney (2)\,{Shemale Yum Dvd03~G52~03-2~03 - Kourtney (2)}
kourtdungeon-002.jpg,100734,aae9dc6a,\Gallery 52\03 - Kourtney (2)\,{Shemale Yum Dvd03~G52~03-2~03 - Kourtney (2)}
kourtdungeon-003.jpg,125432,0dd2d49b,\Gallery 52\03 - Kourtney (2)\,{Shemale Yum Dvd03~G52~03-2~03 - Kourtney (2)}
kourtdungeon-004.jpg,95350,62ebca52,\Gallery 52\03 - Kourtney (2)\,{Shemale Yum Dvd03~G52~03-2~03 - Kourtney (2)}
kourtdungeon-006.jpg,115211,957807de,\Gallery 52\03 - Kourtney (2)\,{Shemale Yum Dvd03~G52~03-2~03 - Kourtney (2)}
kourtdungeon-007.jpg,124425,239d02f6,\Gallery 52\03 - Kourtney (2)\,{Shemale Yum Dvd03~G52~03-2~03 - Kourtney (2)}
kourtdungeon-008.jpg,125376,24cce23f,\Gallery 52\03 - Kourtney (2)\,{Shemale Yum Dvd03~G52~03-2~03 - Kourtney (2)}
kourtdungeon-009.jpg,116055,95382260,\Gallery 52\03 - Kourtney (2)\,{Shemale Yum Dvd03~G52~03-2~03 - Kourtney (2)}
kourtdungeon-010.jpg,113522,af00c720,\Gallery 52\03 - Kourtney (2)\,{Shemale Yum Dvd03~G52~03-2~03 - Kourtney (2)}
kourtdungeon-011.jpg,122821,23c52858,\Gallery 52\03 - Kourtney (2)\,{Shemale Yum Dvd03~G52~03-2~03 - Kourtney (2)}
kourtdungeon-012.jpg,105162,70429c09,\Gallery 52\03 - Kourtney (2)\,{Shemale Yum Dvd03~G52~03-2~03 - Kourtney (2)}
kourtdungeon-013.jpg,109247,2421ac9a,\Gallery 52\03 - Kourtney (2)\,{Shemale Yum Dvd03~G52~03-2~03 - Kourtney (2)}
kourtdungeon-014.jpg,118598,76004b25,\Gallery 52\03 - Kourtney (2)\,{Shemale Yum Dvd03~G52~03-2~03 - Kourtney (2)}
kourtdungeon-015.jpg,115233,2a1d79c4,\Gallery 52\03 - Kourtney (2)\,{Shemale Yum Dvd03~G52~03-2~03 - Kourtney (2)}
kourtdungeon-016.jpg,111574,4ab383e8,\Gallery 52\03 - Kourtney (2)\,{Shemale Yum Dvd03~G52~03-2~03 - Kourtney (2)}
kourtdungeon-017.jpg,116676,7bf44676,\Gallery 52\03 - Kourtney (2)\,{Shemale Yum Dvd03~G52~03-2~03 - Kourtney (2)}
kourtdungeon-020.jpg,117606,0364e817,\Gallery 52\03 - Kourtney (2)\,{Shemale Yum Dvd03~G52~03-2~03 - Kourtney (2)}
kourtdungeon-021.jpg,122373,039baebc,\Gallery 52\03 - Kourtney (2)\,{Shemale Yum Dvd03~G52~03-2~03 - Kourtney (2)}
kourtdungeon-022.jpg,101423,1e2117ee,\Gallery 52\03 - Kourtney (2)\,{Shemale Yum Dvd03~G52~03-2~03 - Kourtney (2)}
kourtdungeon-023.jpg,119981,9a1eeea0,\Gallery 52\03 - Kourtney (2)\,{Shemale Yum Dvd03~G52~03-2~03 - Kourtney (2)}
kourtdungeon-024.jpg,147070,573e8f85,\Gallery 52\03 - Kourtney (2)\,{Shemale Yum Dvd03~G52~03-2~03 - Kourtney (2)}
kourtdungeon-025.jpg,87574,3ba6fc89,\Gallery 52\03 - Kourtney (2)\,{Shemale Yum Dvd03~G52~03-2~03 - Kourtney (2)}
kourtdungeon-026.jpg,129128,bb9c7138,\Gallery 52\03 - Kourtney (2)\,{Shemale Yum Dvd03~G52~03-2~03 - Kourtney (2)}
kourtdungeon-027.jpg,80955,68134ab3,\Gallery 52\03 - Kourtney (2)\,{Shemale Yum Dvd03~G52~03-2~03 - Kourtney (2)}
kourtdungeon-028.jpg,114805,bddc4287,\Gallery 52\03 - Kourtney (2)\,{Shemale Yum Dvd03~G52~03-2~03 - Kourtney (2)}
kourtdungeon-031.jpg,116549,1bb08140,\Gallery 52\03 - Kourtney (2)\,{Shemale Yum Dvd03~G52~03-2~03 - Kourtney (2)}
kourtdungeon-032.jpg,120447,07bc2af9,\Gallery 52\03 - Kourtney (2)\,{Shemale Yum Dvd03~G52~03-2~03 - Kourtney (2)}
kourtdungeon-033.jpg,85146,2f9acf96,\Gallery 52\03 - Kourtney (2)\,{Shemale Yum Dvd03~G52~03-2~03 - Kourtney (2)}
kourtdungeon-034.jpg,107357,14289d98,\Gallery 52\03 - Kourtney (2)\,{Shemale Yum Dvd03~G52~03-2~03 - Kourtney (2)}
kourtdungeon-035.jpg,121333,c53d874f,\Gallery 52\03 - Kourtney (2)\,{Shemale Yum Dvd03~G52~03-2~03 - Kourtney (2)}
kourtdungeon-036.jpg,114386,fc97f38a,\Gallery 52\03 - Kourtney (2)\,{Shemale Yum Dvd03~G52~03-2~03 - Kourtney (2)}
kourtdungeon-037.jpg,98317,59439d79,\Gallery 52\03 - Kourtney (2)\,{Shemale Yum Dvd03~G52~03-2~03 - Kourtney (2)}
kourtdungeon-038.jpg,105648,697c9a52,\Gallery 52\03 - Kourtney (2)\,{Shemale Yum Dvd03~G52~03-2~03 - Kourtney (2)}
kourtdungeon-039.jpg,99036,2f418826,\Gallery 52\03 - Kourtney (2)\,{Shemale Yum Dvd03~G52~03-2~03 - Kourtney (2)}
kourtdungeon-040.jpg,131521,09b91404,\Gallery 52\03 - Kourtney (2)\,{Shemale Yum Dvd03~G52~03-2~03 - Kourtney (2)}
kourtdungeon-041.jpg,116154,c7e34502,\Gallery 52\03 - Kourtney (2)\,{Shemale Yum Dvd03~G52~03-2~03 - Kourtney (2)}
kourtdungeon-042.jpg,122779,75f71dd0,\Gallery 52\03 - Kourtney (2)\,{Shemale Yum Dvd03~G52~03-2~03 - Kourtney (2)}
kourtdungeon-043.jpg,114569,e4a4c0a9,\Gallery 52\03 - Kourtney (2)\,{Shemale Yum Dvd03~G52~03-2~03 - Kourtney (2)}
kourtdungeon-044.jpg,78287,4d73d7f1,\Gallery 52\03 - Kourtney (2)\,{Shemale Yum Dvd03~G52~03-2~03 - Kourtney (2)}
kourtdungeon-046.jpg,107618,e35071ad,\Gallery 52\03 - Kourtney (2)\,{Shemale Yum Dvd03~G52~03-2~03 - Kourtney (2)}
kourtdungeon-047.jpg,97151,e1c7aa15,\Gallery 52\03 - Kourtney (2)\,{Shemale Yum Dvd03~G52~03-2~03 - Kourtney (2)}
kourtdungeon-048.jpg,118289,8116adf6,\Gallery 52\03 - Kourtney (2)\,{Shemale Yum Dvd03~G52~03-2~03 - Kourtney (2)}
kourtdungeon-051.jpg,127721,9e967990,\Gallery 52\03 - Kourtney (2)\,{Shemale Yum Dvd03~G52~03-2~03 - Kourtney (2)}
kourtdungeon-052.jpg,123606,bb284643,\Gallery 52\03 - Kourtney (2)\,{Shemale Yum Dvd03~G52~03-2~03 - Kourtney (2)}
kourtdungeon-053.jpg,120853,a7a49165,\Gallery 52\03 - Kourtney (2)\,{Shemale Yum Dvd03~G52~03-2~03 - Kourtney (2)}
kourtdungeon-056.jpg,120586,8ea9a0f8,\Gallery 52\03 - Kourtney (2)\,{Shemale Yum Dvd03~G52~03-2~03 - Kourtney (2)}
kourtdungeon-057.jpg,88057,b418bef1,\Gallery 52\03 - Kourtney (2)\,{Shemale Yum Dvd03~G52~03-2~03 - Kourtney (2)}
kourtdungeon-058.jpg,104296,803b8457,\Gallery 52\03 - Kourtney (2)\,{Shemale Yum Dvd03~G52~03-2~03 - Kourtney (2)}
kourtdungeon-059.jpg,129204,e1b67a98,\Gallery 52\03 - Kourtney (2)\,{Shemale Yum Dvd03~G52~03-2~03 - Kourtney (2)}
kourtdungeon-060.jpg,126701,6de7b529,\Gallery 52\03 - Kourtney (2)\,{Shemale Yum Dvd03~G52~03-2~03 - Kourtney (2)}
kourtdungeon-061.jpg,113363,fb50b47c,\Gallery 52\03 - Kourtney (2)\,{Shemale Yum Dvd03~G52~03-2~03 - Kourtney (2)}
kourtdungeon-062.jpg,123604,e302ca9d,\Gallery 52\03 - Kourtney (2)\,{Shemale Yum Dvd03~G52~03-2~03 - Kourtney (2)}
kourtdungeon-063.jpg,115454,8ded4f53,\Gallery 52\03 - Kourtney (2)\,{Shemale Yum Dvd03~G52~03-2~03 - Kourtney (2)}
kourtdungeon-064.jpg,156168,8e6e5010,\Gallery 52\03 - Kourtney (2)\,{Shemale Yum Dvd03~G52~03-2~03 - Kourtney (2)}
kourtdungeon-066.jpg,107163,ef85a430,\Gallery 52\03 - Kourtney (2)\,{Shemale Yum Dvd03~G52~03-2~03 - Kourtney (2)}
kourtdungeon-067.jpg,107058,77ae5559,\Gallery 52\03 - Kourtney (2)\,{Shemale Yum Dvd03~G52~03-2~03 - Kourtney (2)}
kourtdungeon-068.jpg,104479,7690b03f,\Gallery 52\03 - Kourtney (2)\,{Shemale Yum Dvd03~G52~03-2~03 - Kourtney (2)}
kourtdungeon-069.jpg,109925,2e48337c,\Gallery 52\03 - Kourtney (2)\,{Shemale Yum Dvd03~G52~03-2~03 - Kourtney (2)}
kourtdungeon-070.jpg,93236,a4d5805d,\Gallery 52\03 - Kourtney (2)\,{Shemale Yum Dvd03~G52~03-2~03 - Kourtney (2)}
kourtdungeon-071.jpg,127845,8af28a65,\Gallery 52\03 - Kourtney (2)\,{Shemale Yum Dvd03~G52~03-2~03 - Kourtney (2)}
kourt1003.jpg,128921,10def116,\Gallery 52\03 - Kourtney (3)\,{Shemale Yum Dvd03~G52~03-3~03 - Kourtney (3)}
kourt1004.jpg,147016,ca1b7631,\Gallery 52\03 - Kourtney (3)\,{Shemale Yum Dvd03~G52~03-3~03 - Kourtney (3)}
kourt1005.jpg,151995,8c329b2f,\Gallery 52\03 - Kourtney (3)\,{Shemale Yum Dvd03~G52~03-3~03 - Kourtney (3)}
kourt1006.jpg,150130,e53a11ba,\Gallery 52\03 - Kourtney (3)\,{Shemale Yum Dvd03~G52~03-3~03 - Kourtney (3)}
kourt1007.jpg,118698,30f8eb8a,\Gallery 52\03 - Kourtney (3)\,{Shemale Yum Dvd03~G52~03-3~03 - Kourtney (3)}
kourt1008.jpg,150098,42c02610,\Gallery 52\03 - Kourtney (3)\,{Shemale Yum Dvd03~G52~03-3~03 - Kourtney (3)}
kourt1009.jpg,149509,c95df15a,\Gallery 52\03 - Kourtney (3)\,{Shemale Yum Dvd03~G52~03-3~03 - Kourtney (3)}
kourt1010.jpg,154215,f7857f0f,\Gallery 52\03 - Kourtney (3)\,{Shemale Yum Dvd03~G52~03-3~03 - Kourtney (3)}
kourt1011.jpg,158807,ff177594,\Gallery 52\03 - Kourtney (3)\,{Shemale Yum Dvd03~G52~03-3~03 - Kourtney (3)}
kourt1012.jpg,147720,6e1e5afd,\Gallery 52\03 - Kourtney (3)\,{Shemale Yum Dvd03~G52~03-3~03 - Kourtney (3)}
kourt1013.jpg,140313,a4552f3b,\Gallery 52\03 - Kourtney (3)\,{Shemale Yum Dvd03~G52~03-3~03 - Kourtney (3)}
kourt1014.jpg,155061,f9f6c6d0,\Gallery 52\03 - Kourtney (3)\,{Shemale Yum Dvd03~G52~03-3~03 - Kourtney (3)}
kourt1015.jpg,146330,1c83a4d6,\Gallery 52\03 - Kourtney (3)\,{Shemale Yum Dvd03~G52~03-3~03 - Kourtney (3)}
kourt1016.jpg,156499,a67204fc,\Gallery 52\03 - Kourtney (3)\,{Shemale Yum Dvd03~G52~03-3~03 - Kourtney (3)}
kourt1017.jpg,158966,19dce472,\Gallery 52\03 - Kourtney (3)\,{Shemale Yum Dvd03~G52~03-3~03 - Kourtney (3)}
kourt1018.jpg,150050,3201c44f,\Gallery 52\03 - Kourtney (3)\,{Shemale Yum Dvd03~G52~03-3~03 - Kourtney (3)}
kourt1019.jpg,158951,3c95ff54,\Gallery 52\03 - Kourtney (3)\,{Shemale Yum Dvd03~G52~03-3~03 - Kourtney (3)}
kourt1020.jpg,155005,e5d71134,\Gallery 52\03 - Kourtney (3)\,{Shemale Yum Dvd03~G52~03-3~03 - Kourtney (3)}
kourt1022.jpg,185162,75f6947d,\Gallery 52\03 - Kourtney (3)\,{Shemale Yum Dvd03~G52~03-3~03 - Kourtney (3)}
kourt1023.jpg,148521,7d7cca1e,\Gallery 52\03 - Kourtney (3)\,{Shemale Yum Dvd03~G52~03-3~03 - Kourtney (3)}
kourt1024.jpg,141827,ed0d7cd6,\Gallery 52\03 - Kourtney (3)\,{Shemale Yum Dvd03~G52~03-3~03 - Kourtney (3)}
kourt1025.jpg,172046,c799bddd,\Gallery 52\03 - Kourtney (3)\,{Shemale Yum Dvd03~G52~03-3~03 - Kourtney (3)}
kourt1026.jpg,163363,6a712170,\Gallery 52\03 - Kourtney (3)\,{Shemale Yum Dvd03~G52~03-3~03 - Kourtney (3)}
kourt1027.jpg,155180,64c2c5f9,\Gallery 52\03 - Kourtney (3)\,{Shemale Yum Dvd03~G52~03-3~03 - Kourtney (3)}
kourt1028.jpg,141065,c7f0d910,\Gallery 52\03 - Kourtney (3)\,{Shemale Yum Dvd03~G52~03-3~03 - Kourtney (3)}
kourt1029.jpg,150856,801e69b6,\Gallery 52\03 - Kourtney (3)\,{Shemale Yum Dvd03~G52~03-3~03 - Kourtney (3)}
kourt1030.jpg,151250,4f613a37,\Gallery 52\03 - Kourtney (3)\,{Shemale Yum Dvd03~G52~03-3~03 - Kourtney (3)}
kourt1031.jpg,157988,48e028c6,\Gallery 52\03 - Kourtney (3)\,{Shemale Yum Dvd03~G52~03-3~03 - Kourtney (3)}
kourt1032.jpg,148504,69df1aeb,\Gallery 52\03 - Kourtney (3)\,{Shemale Yum Dvd03~G52~03-3~03 - Kourtney (3)}
kourt1035.jpg,131192,85a24f3d,\Gallery 52\03 - Kourtney (3)\,{Shemale Yum Dvd03~G52~03-3~03 - Kourtney (3)}
kourt1036.jpg,121482,18f18f98,\Gallery 52\03 - Kourtney (3)\,{Shemale Yum Dvd03~G52~03-3~03 - Kourtney (3)}
kourt1037.jpg,113484,33c2da0e,\Gallery 52\03 - Kourtney (3)\,{Shemale Yum Dvd03~G52~03-3~03 - Kourtney (3)}
kourt1038.jpg,157097,2ed2e018,\Gallery 52\03 - Kourtney (3)\,{Shemale Yum Dvd03~G52~03-3~03 - Kourtney (3)}
kourt1039.jpg,133785,ea6e89c8,\Gallery 52\03 - Kourtney (3)\,{Shemale Yum Dvd03~G52~03-3~03 - Kourtney (3)}
kourt1040.jpg,152215,0dc7af43,\Gallery 52\03 - Kourtney (3)\,{Shemale Yum Dvd03~G52~03-3~03 - Kourtney (3)}
kourt1041.jpg,138089,1262ea88,\Gallery 52\03 - Kourtney (3)\,{Shemale Yum Dvd03~G52~03-3~03 - Kourtney (3)}
kourt1042.jpg,153914,6c1e9a3e,\Gallery 52\03 - Kourtney (3)\,{Shemale Yum Dvd03~G52~03-3~03 - Kourtney (3)}
kourt1043.jpg,160421,80ec984d,\Gallery 52\03 - Kourtney (3)\,{Shemale Yum Dvd03~G52~03-3~03 - Kourtney (3)}
kourt1044.jpg,202930,5405618d,\Gallery 52\03 - Kourtney (3)\,{Shemale Yum Dvd03~G52~03-3~03 - Kourtney (3)}
kourt1045.jpg,134185,ad4c3960,\Gallery 52\03 - Kourtney (3)\,{Shemale Yum Dvd03~G52~03-3~03 - Kourtney (3)}
kourt1046.jpg,122912,a93947fe,\Gallery 52\03 - Kourtney (3)\,{Shemale Yum Dvd03~G52~03-3~03 - Kourtney (3)}
kourt1047.jpg,121232,9186f2bd,\Gallery 52\03 - Kourtney (3)\,{Shemale Yum Dvd03~G52~03-3~03 - Kourtney (3)}
kourt1048.jpg,121424,3ad6dc51,\Gallery 52\03 - Kourtney (3)\,{Shemale Yum Dvd03~G52~03-3~03 - Kourtney (3)}
kourt1049.jpg,116634,225fe49b,\Gallery 52\03 - Kourtney (3)\,{Shemale Yum Dvd03~G52~03-3~03 - Kourtney (3)}
kourt1050.jpg,152788,4422f1d2,\Gallery 52\03 - Kourtney (3)\,{Shemale Yum Dvd03~G52~03-3~03 - Kourtney (3)}
kourt1051.jpg,138407,9fb2f707,\Gallery 52\03 - Kourtney (3)\,{Shemale Yum Dvd03~G52~03-3~03 - Kourtney (3)}
kourt1052.jpg,137938,700c6501,\Gallery 52\03 - Kourtney (3)\,{Shemale Yum Dvd03~G52~03-3~03 - Kourtney (3)}
kourt1054.jpg,121100,dbd21325,\Gallery 52\03 - Kourtney (3)\,{Shemale Yum Dvd03~G52~03-3~03 - Kourtney (3)}
kourt1055.jpg,116324,f22f71c3,\Gallery 52\03 - Kourtney (3)\,{Shemale Yum Dvd03~G52~03-3~03 - Kourtney (3)}
kourt1056.jpg,117030,aca4fe55,\Gallery 52\03 - Kourtney (3)\,{Shemale Yum Dvd03~G52~03-3~03 - Kourtney (3)}
kourt1058.jpg,111886,b8c7e64b,\Gallery 52\03 - Kourtney (3)\,{Shemale Yum Dvd03~G52~03-3~03 - Kourtney (3)}
kourt1059.jpg,121386,65910e30,\Gallery 52\03 - Kourtney (3)\,{Shemale Yum Dvd03~G52~03-3~03 - Kourtney (3)}
kourt1061.jpg,150746,5df27baa,\Gallery 52\03 - Kourtney (3)\,{Shemale Yum Dvd03~G52~03-3~03 - Kourtney (3)}
kourt1062.jpg,131309,5ab9afad,\Gallery 52\03 - Kourtney (3)\,{Shemale Yum Dvd03~G52~03-3~03 - Kourtney (3)}
kourt1063.jpg,149588,20903d92,\Gallery 52\03 - Kourtney (3)\,{Shemale Yum Dvd03~G52~03-3~03 - Kourtney (3)}
kourt1064.jpg,161089,d698ed30,\Gallery 52\03 - Kourtney (3)\,{Shemale Yum Dvd03~G52~03-3~03 - Kourtney (3)}
kourt1065.jpg,150617,2215ee5f,\Gallery 52\03 - Kourtney (3)\,{Shemale Yum Dvd03~G52~03-3~03 - Kourtney (3)}
kourt1066.jpg,156143,08fe3a9c,\Gallery 52\03 - Kourtney (3)\,{Shemale Yum Dvd03~G52~03-3~03 - Kourtney (3)}
kourt1067.jpg,163976,8cef64c5,\Gallery 52\03 - Kourtney (3)\,{Shemale Yum Dvd03~G52~03-3~03 - Kourtney (3)}
kourt1068.jpg,155746,795f6c28,\Gallery 52\03 - Kourtney (3)\,{Shemale Yum Dvd03~G52~03-3~03 - Kourtney (3)}
kourt1069.jpg,154467,124647b2,\Gallery 52\03 - Kourtney (3)\,{Shemale Yum Dvd03~G52~03-3~03 - Kourtney (3)}
kourt1070.jpg,147557,15e9194b,\Gallery 52\03 - Kourtney (3)\,{Shemale Yum Dvd03~G52~03-3~03 - Kourtney (3)}
kourt1071.jpg,142498,c3090401,\Gallery 52\03 - Kourtney (3)\,{Shemale Yum Dvd03~G52~03-3~03 - Kourtney (3)}
kourt1072.jpg,162854,0d1d2574,\Gallery 52\03 - Kourtney (3)\,{Shemale Yum Dvd03~G52~03-3~03 - Kourtney (3)}
kourt1073.jpg,154057,0c025cf4,\Gallery 52\03 - Kourtney (3)\,{Shemale Yum Dvd03~G52~03-3~03 - Kourtney (3)}
kourt1074.jpg,149911,83215f69,\Gallery 52\03 - Kourtney (3)\,{Shemale Yum Dvd03~G52~03-3~03 - Kourtney (3)}
kourt1075.jpg,141836,55634678,\Gallery 52\03 - Kourtney (3)\,{Shemale Yum Dvd03~G52~03-3~03 - Kourtney (3)}
kourt1076.jpg,112714,a42e46c7,\Gallery 52\03 - Kourtney (3)\,{Shemale Yum Dvd03~G52~03-3~03 - Kourtney (3)}
kourt1077.jpg,152034,2d8c3507,\Gallery 52\03 - Kourtney (3)\,{Shemale Yum Dvd03~G52~03-3~03 - Kourtney (3)}
kourt1078.jpg,163676,3dcdd3dc,\Gallery 52\03 - Kourtney (3)\,{Shemale Yum Dvd03~G52~03-3~03 - Kourtney (3)}
kourt1079.jpg,138496,8309119a,\Gallery 52\03 - Kourtney (3)\,{Shemale Yum Dvd03~G52~03-3~03 - Kourtney (3)}
kourt1080.jpg,118733,beb83232,\Gallery 52\03 - Kourtney (3)\,{Shemale Yum Dvd03~G52~03-3~03 - Kourtney (3)}
kourt1081.jpg,124956,e41b18ef,\Gallery 52\03 - Kourtney (3)\,{Shemale Yum Dvd03~G52~03-3~03 - Kourtney (3)}
kourt1082.jpg,120496,04f607f1,\Gallery 52\03 - Kourtney (3)\,{Shemale Yum Dvd03~G52~03-3~03 - Kourtney (3)}
kourt1085.jpg,119756,120aa512,\Gallery 52\03 - Kourtney (3)\,{Shemale Yum Dvd03~G52~03-3~03 - Kourtney (3)}
kourt1086.jpg,126668,eb1026dd,\Gallery 52\03 - Kourtney (3)\,{Shemale Yum Dvd03~G52~03-3~03 - Kourtney (3)}
kourt1087.jpg,135503,97a7c9c5,\Gallery 52\03 - Kourtney (3)\,{Shemale Yum Dvd03~G52~03-3~03 - Kourtney (3)}
kourt1088.jpg,122479,a57f3ca5,\Gallery 52\03 - Kourtney (3)\,{Shemale Yum Dvd03~G52~03-3~03 - Kourtney (3)}
kourt1089.jpg,141669,eb8a1f61,\Gallery 52\03 - Kourtney (3)\,{Shemale Yum Dvd03~G52~03-3~03 - Kourtney (3)}
kourt1090.jpg,120703,92ec1def,\Gallery 52\03 - Kourtney (3)\,{Shemale Yum Dvd03~G52~03-3~03 - Kourtney (3)}
kourt1092.jpg,189189,123933f3,\Gallery 52\03 - Kourtney (3)\,{Shemale Yum Dvd03~G52~03-3~03 - Kourtney (3)}
kourtblack1002.jpg,134963,e963845f,\Gallery 52\03 - Kourtney (3)\,{Shemale Yum Dvd03~G52~03-3~03 - Kourtney (3)}
kourtblack1083.jpg,111151,1b6f78dd,\Gallery 52\03 - Kourtney (3)\,{Shemale Yum Dvd03~G52~03-3~03 - Kourtney (3)}
kourtney001.jpg,74735,76193c67,\Gallery 52\03 - Kourtney (4)\,{Shemale Yum Dvd03~G52~03-5~03 - Kourtney (4)}
kourtney002.jpg,90714,629dfc07,\Gallery 52\03 - Kourtney (4)\,{Shemale Yum Dvd03~G52~03-5~03 - Kourtney (4)}
kourtney003.jpg,95421,a66b6d49,\Gallery 52\03 - Kourtney (4)\,{Shemale Yum Dvd03~G52~03-5~03 - Kourtney (4)}
kourtney004.jpg,88402,44df90b7,\Gallery 52\03 - Kourtney (4)\,{Shemale Yum Dvd03~G52~03-5~03 - Kourtney (4)}
kourtney005.jpg,95868,dae07cc7,\Gallery 52\03 - Kourtney (4)\,{Shemale Yum Dvd03~G52~03-5~03 - Kourtney (4)}
kourtney006.jpg,88969,bb132f4f,\Gallery 52\03 - Kourtney (4)\,{Shemale Yum Dvd03~G52~03-5~03 - Kourtney (4)}
kourtney007.jpg,101969,8cf986c6,\Gallery 52\03 - Kourtney (4)\,{Shemale Yum Dvd03~G52~03-5~03 - Kourtney (4)}
kourtney008.jpg,98840,b7e60806,\Gallery 52\03 - Kourtney (4)\,{Shemale Yum Dvd03~G52~03-5~03 - Kourtney (4)}
kourtney009.jpg,91822,ce91fbe3,\Gallery 52\03 - Kourtney (4)\,{Shemale Yum Dvd03~G52~03-5~03 - Kourtney (4)}
kourtney010.jpg,92665,2fb50027,\Gallery 52\03 - Kourtney (4)\,{Shemale Yum Dvd03~G52~03-5~03 - Kourtney (4)}
kourtney011.jpg,90365,40a3a086,\Gallery 52\03 - Kourtney (4)\,{Shemale Yum Dvd03~G52~03-5~03 - Kourtney (4)}
kourtney012.jpg,87376,5eaf9af5,\Gallery 52\03 - Kourtney (4)\,{Shemale Yum Dvd03~G52~03-5~03 - Kourtney (4)}
kourtney013.jpg,98901,253085c2,\Gallery 52\03 - Kourtney (4)\,{Shemale Yum Dvd03~G52~03-5~03 - Kourtney (4)}
kourtney014.jpg,98695,734c74de,\Gallery 52\03 - Kourtney (4)\,{Shemale Yum Dvd03~G52~03-5~03 - Kourtney (4)}
kourtney015.jpg,82902,ba994243,\Gallery 52\03 - Kourtney (4)\,{Shemale Yum Dvd03~G52~03-5~03 - Kourtney (4)}
kourtney016.jpg,89958,1d231c2a,\Gallery 52\03 - Kourtney (4)\,{Shemale Yum Dvd03~G52~03-5~03 - Kourtney (4)}
kourtney017.jpg,81110,3ea3fcb8,\Gallery 52\03 - Kourtney (4)\,{Shemale Yum Dvd03~G52~03-5~03 - Kourtney (4)}
kourtney018.jpg,87907,3347cb5f,\Gallery 52\03 - Kourtney (4)\,{Shemale Yum Dvd03~G52~03-5~03 - Kourtney (4)}
kourtney019.jpg,82392,f4855581,\Gallery 52\03 - Kourtney (4)\,{Shemale Yum Dvd03~G52~03-5~03 - Kourtney (4)}
kourtney020.jpg,81717,32253d3d,\Gallery 52\03 - Kourtney (4)\,{Shemale Yum Dvd03~G52~03-5~03 - Kourtney (4)}
kourtney021.jpg,70748,7c1cfbb5,\Gallery 52\03 - Kourtney (4)\,{Shemale Yum Dvd03~G52~03-5~03 - Kourtney (4)}
kourtney022.jpg,85636,c389768e,\Gallery 52\03 - Kourtney (4)\,{Shemale Yum Dvd03~G52~03-5~03 - Kourtney (4)}
kourtney023.jpg,89692,d8a0bde8,\Gallery 52\03 - Kourtney (4)\,{Shemale Yum Dvd03~G52~03-5~03 - Kourtney (4)}
kourtney024.jpg,91624,91092b34,\Gallery 52\03 - Kourtney (4)\,{Shemale Yum Dvd03~G52~03-5~03 - Kourtney (4)}
kourtney025.jpg,50010,13fd257b,\Gallery 52\03 - Kourtney (4)\,{Shemale Yum Dvd03~G52~03-5~03 - Kourtney (4)}
kourtney026.jpg,59973,5c2e82fb,\Gallery 52\03 - Kourtney (4)\,{Shemale Yum Dvd03~G52~03-5~03 - Kourtney (4)}
kourtney027.jpg,49547,880ed675,\Gallery 52\03 - Kourtney (4)\,{Shemale Yum Dvd03~G52~03-5~03 - Kourtney (4)}
kourtney028.jpg,60598,f1f891b3,\Gallery 52\03 - Kourtney (4)\,{Shemale Yum Dvd03~G52~03-5~03 - Kourtney (4)}
kourtney029.jpg,108188,e38800b6,\Gallery 52\03 - Kourtney (4)\,{Shemale Yum Dvd03~G52~03-5~03 - Kourtney (4)}
kourtney030.jpg,107393,7f32a688,\Gallery 52\03 - Kourtney (4)\,{Shemale Yum Dvd03~G52~03-5~03 - Kourtney (4)}
kourtney031.jpg,92873,a19604f1,\Gallery 52\03 - Kourtney (4)\,{Shemale Yum Dvd03~G52~03-5~03 - Kourtney (4)}
kourtney032.jpg,65566,8e4bed71,\Gallery 52\03 - Kourtney (4)\,{Shemale Yum Dvd03~G52~03-5~03 - Kourtney (4)}
kourtney033.jpg,79699,043f822a,\Gallery 52\03 - Kourtney (4)\,{Shemale Yum Dvd03~G52~03-5~03 - Kourtney (4)}
kourtney034.jpg,93784,05732bbb,\Gallery 52\03 - Kourtney (4)\,{Shemale Yum Dvd03~G52~03-5~03 - Kourtney (4)}
kourtney035.jpg,80555,c717fa40,\Gallery 52\03 - Kourtney (4)\,{Shemale Yum Dvd03~G52~03-5~03 - Kourtney (4)}
kourtney036.jpg,94750,87e67291,\Gallery 52\03 - Kourtney (4)\,{Shemale Yum Dvd03~G52~03-5~03 - Kourtney (4)}
kourtney037.jpg,82024,993d10fe,\Gallery 52\03 - Kourtney (4)\,{Shemale Yum Dvd03~G52~03-5~03 - Kourtney (4)}
kourtney038.jpg,69372,ffa0c2a6,\Gallery 52\03 - Kourtney (4)\,{Shemale Yum Dvd03~G52~03-5~03 - Kourtney (4)}
kourtney039.jpg,63794,c1faa2bb,\Gallery 52\03 - Kourtney (4)\,{Shemale Yum Dvd03~G52~03-5~03 - Kourtney (4)}
kourtney040.jpg,81966,9510095a,\Gallery 52\03 - Kourtney (4)\,{Shemale Yum Dvd03~G52~03-5~03 - Kourtney (4)}
kourtney041.jpg,79555,ea63eeee,\Gallery 52\03 - Kourtney (4)\,{Shemale Yum Dvd03~G52~03-5~03 - Kourtney (4)}
kourtney042.jpg,91146,e2616d48,\Gallery 52\03 - Kourtney (4)\,{Shemale Yum Dvd03~G52~03-5~03 - Kourtney (4)}
kourtney043.jpg,87111,8541e6fa,\Gallery 52\03 - Kourtney (4)\,{Shemale Yum Dvd03~G52~03-5~03 - Kourtney (4)}
kourtney044.jpg,88071,26e9d416,\Gallery 52\03 - Kourtney (4)\,{Shemale Yum Dvd03~G52~03-5~03 - Kourtney (4)}
kourtney045.jpg,75691,e269e1e8,\Gallery 52\03 - Kourtney (4)\,{Shemale Yum Dvd03~G52~03-5~03 - Kourtney (4)}
kourtney046.jpg,85159,34c96c0c,\Gallery 52\03 - Kourtney (4)\,{Shemale Yum Dvd03~G52~03-5~03 - Kourtney (4)}
kourtney047.jpg,80242,5ff8ad7e,\Gallery 52\03 - Kourtney (4)\,{Shemale Yum Dvd03~G52~03-5~03 - Kourtney (4)}
kourtney048.jpg,88937,fc789b65,\Gallery 52\03 - Kourtney (4)\,{Shemale Yum Dvd03~G52~03-5~03 - Kourtney (4)}
kourtney049.jpg,90308,8c4d9cce,\Gallery 52\03 - Kourtney (4)\,{Shemale Yum Dvd03~G52~03-5~03 - Kourtney (4)}
kourtney050.jpg,93402,4f3f1975,\Gallery 52\03 - Kourtney (4)\,{Shemale Yum Dvd03~G52~03-5~03 - Kourtney (4)}
kourtney051.jpg,94886,e2b76a34,\Gallery 52\03 - Kourtney (4)\,{Shemale Yum Dvd03~G52~03-5~03 - Kourtney (4)}
kourtney052.jpg,83059,52a82871,\Gallery 52\03 - Kourtney (4)\,{Shemale Yum Dvd03~G52~03-5~03 - Kourtney (4)}
kourtney053.jpg,76472,bc341afa,\Gallery 52\03 - Kourtney (4)\,{Shemale Yum Dvd03~G52~03-5~03 - Kourtney (4)}
kourtney054.jpg,99007,2ca9a688,\Gallery 52\03 - Kourtney (4)\,{Shemale Yum Dvd03~G52~03-5~03 - Kourtney (4)}
kourt2001.jpg,148903,a8103fe0,\Gallery 52\03 - Kourtney (5)\,{Shemale Yum Dvd03~G52~03-5~03 - Kourtney (5)}
kourt2002.jpg,160302,f4c6705f,\Gallery 52\03 - Kourtney (5)\,{Shemale Yum Dvd03~G52~03-5~03 - Kourtney (5)}
kourt2003.jpg,142471,fae5b26a,\Gallery 52\03 - Kourtney (5)\,{Shemale Yum Dvd03~G52~03-5~03 - Kourtney (5)}
kourt2004.jpg,154719,b28c0170,\Gallery 52\03 - Kourtney (5)\,{Shemale Yum Dvd03~G52~03-5~03 - Kourtney (5)}
kourt2005.jpg,147448,0e269a78,\Gallery 52\03 - Kourtney (5)\,{Shemale Yum Dvd03~G52~03-5~03 - Kourtney (5)}
kourt2007.jpg,161331,03dbc8eb,\Gallery 52\03 - Kourtney (5)\,{Shemale Yum Dvd03~G52~03-5~03 - Kourtney (5)}
kourt2008.jpg,153109,bbb2a4bc,\Gallery 52\03 - Kourtney (5)\,{Shemale Yum Dvd03~G52~03-5~03 - Kourtney (5)}
kourt2009.jpg,188604,e8d4abf0,\Gallery 52\03 - Kourtney (5)\,{Shemale Yum Dvd03~G52~03-5~03 - Kourtney (5)}
kourt2010.jpg,152468,e9b076fb,\Gallery 52\03 - Kourtney (5)\,{Shemale Yum Dvd03~G52~03-5~03 - Kourtney (5)}
kourt2011.jpg,168670,b2793d5b,\Gallery 52\03 - Kourtney (5)\,{Shemale Yum Dvd03~G52~03-5~03 - Kourtney (5)}
kourt2012.jpg,168629,488ee322,\Gallery 52\03 - Kourtney (5)\,{Shemale Yum Dvd03~G52~03-5~03 - Kourtney (5)}
kourt2013.jpg,162802,fdb395ed,\Gallery 52\03 - Kourtney (5)\,{Shemale Yum Dvd03~G52~03-5~03 - Kourtney (5)}
kourt2014.jpg,166182,965e8d35,\Gallery 52\03 - Kourtney (5)\,{Shemale Yum Dvd03~G52~03-5~03 - Kourtney (5)}
kourt2015.jpg,175483,a6e0fc2d,\Gallery 52\03 - Kourtney (5)\,{Shemale Yum Dvd03~G52~03-5~03 - Kourtney (5)}
kourt2017.jpg,205336,cd2eaa5c,\Gallery 52\03 - Kourtney (5)\,{Shemale Yum Dvd03~G52~03-5~03 - Kourtney (5)}
kourt2018.jpg,178981,1391a907,\Gallery 52\03 - Kourtney (5)\,{Shemale Yum Dvd03~G52~03-5~03 - Kourtney (5)}
kourt2019.jpg,155157,012b0f2d,\Gallery 52\03 - Kourtney (5)\,{Shemale Yum Dvd03~G52~03-5~03 - Kourtney (5)}
kourt2020.jpg,155039,fd86e112,\Gallery 52\03 - Kourtney (5)\,{Shemale Yum Dvd03~G52~03-5~03 - Kourtney (5)}
kourt2021.jpg,145706,50ae6ecd,\Gallery 52\03 - Kourtney (5)\,{Shemale Yum Dvd03~G52~03-5~03 - Kourtney (5)}
kourt2022.jpg,135791,a0bd6978,\Gallery 52\03 - Kourtney (5)\,{Shemale Yum Dvd03~G52~03-5~03 - Kourtney (5)}
kourt2023.jpg,138387,1c46f32f,\Gallery 52\03 - Kourtney (5)\,{Shemale Yum Dvd03~G52~03-5~03 - Kourtney (5)}
kourt2024.jpg,148718,9ba8583e,\Gallery 52\03 - Kourtney (5)\,{Shemale Yum Dvd03~G52~03-5~03 - Kourtney (5)}
kourt2025.jpg,138218,8a7f2a68,\Gallery 52\03 - Kourtney (5)\,{Shemale Yum Dvd03~G52~03-5~03 - Kourtney (5)}
kourt2026.jpg,142162,74aedf29,\Gallery 52\03 - Kourtney (5)\,{Shemale Yum Dvd03~G52~03-5~03 - Kourtney (5)}
kourt2027.jpg,122578,9a95961a,\Gallery 52\03 - Kourtney (5)\,{Shemale Yum Dvd03~G52~03-5~03 - Kourtney (5)}
kourt2029.jpg,134495,824d3e89,\Gallery 52\03 - Kourtney (5)\,{Shemale Yum Dvd03~G52~03-5~03 - Kourtney (5)}
kourt2030.jpg,189665,dc12bc75,\Gallery 52\03 - Kourtney (5)\,{Shemale Yum Dvd03~G52~03-5~03 - Kourtney (5)}
kourt2032.jpg,142296,09d5e8e5,\Gallery 52\03 - Kourtney (5)\,{Shemale Yum Dvd03~G52~03-5~03 - Kourtney (5)}
kourt2033.jpg,148648,68b27e4d,\Gallery 52\03 - Kourtney (5)\,{Shemale Yum Dvd03~G52~03-5~03 - Kourtney (5)}
kourt2034.jpg,141731,727dd059,\Gallery 52\03 - Kourtney (5)\,{Shemale Yum Dvd03~G52~03-5~03 - Kourtney (5)}
kourt2035.jpg,137287,1f1cda11,\Gallery 52\03 - Kourtney (5)\,{Shemale Yum Dvd03~G52~03-5~03 - Kourtney (5)}
kourt2036.jpg,142987,61d7750d,\Gallery 52\03 - Kourtney (5)\,{Shemale Yum Dvd03~G52~03-5~03 - Kourtney (5)}
kourt2037.jpg,132582,3eec7382,\Gallery 52\03 - Kourtney (5)\,{Shemale Yum Dvd03~G52~03-5~03 - Kourtney (5)}
kourt2038.jpg,189128,00453989,\Gallery 52\03 - Kourtney (5)\,{Shemale Yum Dvd03~G52~03-5~03 - Kourtney (5)}
kourt2040.jpg,181068,96b4f485,\Gallery 52\03 - Kourtney (5)\,{Shemale Yum Dvd03~G52~03-5~03 - Kourtney (5)}
kourt2042.jpg,160552,c6d04654,\Gallery 52\03 - Kourtney (5)\,{Shemale Yum Dvd03~G52~03-5~03 - Kourtney (5)}
kourt2043.jpg,141029,01f1dffd,\Gallery 52\03 - Kourtney (5)\,{Shemale Yum Dvd03~G52~03-5~03 - Kourtney (5)}
kourt2045.jpg,129380,89d71836,\Gallery 52\03 - Kourtney (5)\,{Shemale Yum Dvd03~G52~03-5~03 - Kourtney (5)}
kourt2046.jpg,129095,541b32f2,\Gallery 52\03 - Kourtney (5)\,{Shemale Yum Dvd03~G52~03-5~03 - Kourtney (5)}
kourt2047.jpg,134679,0724f504,\Gallery 52\03 - Kourtney (5)\,{Shemale Yum Dvd03~G52~03-5~03 - Kourtney (5)}
kourt2048.jpg,147679,56e5d193,\Gallery 52\03 - Kourtney (5)\,{Shemale Yum Dvd03~G52~03-5~03 - Kourtney (5)}
kourt2049.jpg,120669,db0c297d,\Gallery 52\03 - Kourtney (5)\,{Shemale Yum Dvd03~G52~03-5~03 - Kourtney (5)}
kourt2051.jpg,126934,a0435d4d,\Gallery 52\03 - Kourtney (5)\,{Shemale Yum Dvd03~G52~03-5~03 - Kourtney (5)}
kourt2052.jpg,150475,2da1fdb2,\Gallery 52\03 - Kourtney (5)\,{Shemale Yum Dvd03~G52~03-5~03 - Kourtney (5)}
kourt2053.jpg,127513,0c645aec,\Gallery 52\03 - Kourtney (5)\,{Shemale Yum Dvd03~G52~03-5~03 - Kourtney (5)}
kourt2054.jpg,186122,08faf184,\Gallery 52\03 - Kourtney (5)\,{Shemale Yum Dvd03~G52~03-5~03 - Kourtney (5)}
kourt2055.jpg,137447,870a8386,\Gallery 52\03 - Kourtney (5)\,{Shemale Yum Dvd03~G52~03-5~03 - Kourtney (5)}
kourt2056.jpg,137319,27c21cdc,\Gallery 52\03 - Kourtney (5)\,{Shemale Yum Dvd03~G52~03-5~03 - Kourtney (5)}
kourt2057.jpg,146358,eeb97e40,\Gallery 52\03 - Kourtney (5)\,{Shemale Yum Dvd03~G52~03-5~03 - Kourtney (5)}
kourt2058.jpg,152372,2569a3e1,\Gallery 52\03 - Kourtney (5)\,{Shemale Yum Dvd03~G52~03-5~03 - Kourtney (5)}
kourt2059.jpg,175018,6cc51df0,\Gallery 52\03 - Kourtney (5)\,{Shemale Yum Dvd03~G52~03-5~03 - Kourtney (5)}
kourt2060.jpg,128292,aa85103a,\Gallery 52\03 - Kourtney (5)\,{Shemale Yum Dvd03~G52~03-5~03 - Kourtney (5)}
kourt2061.jpg,145678,a2aaac08,\Gallery 52\03 - Kourtney (5)\,{Shemale Yum Dvd03~G52~03-5~03 - Kourtney (5)}
kourt2062.jpg,131318,b0009ff9,\Gallery 52\03 - Kourtney (5)\,{Shemale Yum Dvd03~G52~03-5~03 - Kourtney (5)}
kourt2063.jpg,138645,8f345384,\Gallery 52\03 - Kourtney (5)\,{Shemale Yum Dvd03~G52~03-5~03 - Kourtney (5)}
kourt2065.jpg,120877,489b881a,\Gallery 52\03 - Kourtney (5)\,{Shemale Yum Dvd03~G52~03-5~03 - Kourtney (5)}
kourt2066.jpg,123325,2c2478b2,\Gallery 52\03 - Kourtney (5)\,{Shemale Yum Dvd03~G52~03-5~03 - Kourtney (5)}
kourt2067.jpg,140930,33efb8e6,\Gallery 52\03 - Kourtney (5)\,{Shemale Yum Dvd03~G52~03-5~03 - Kourtney (5)}
kourt2068.jpg,152080,8136333e,\Gallery 52\03 - Kourtney (5)\,{Shemale Yum Dvd03~G52~03-5~03 - Kourtney (5)}
kourt2069.jpg,143361,21c407e1,\Gallery 52\03 - Kourtney (5)\,{Shemale Yum Dvd03~G52~03-5~03 - Kourtney (5)}
kourt2070.jpg,133241,b0ebe418,\Gallery 52\03 - Kourtney (5)\,{Shemale Yum Dvd03~G52~03-5~03 - Kourtney (5)}
kourt2071.jpg,128131,27c639bf,\Gallery 52\03 - Kourtney (5)\,{Shemale Yum Dvd03~G52~03-5~03 - Kourtney (5)}
kourt2072.jpg,151258,74e27c5e,\Gallery 52\03 - Kourtney (5)\,{Shemale Yum Dvd03~G52~03-5~03 - Kourtney (5)}
kourt2073.jpg,188448,c24d3771,\Gallery 52\03 - Kourtney (5)\,{Shemale Yum Dvd03~G52~03-5~03 - Kourtney (5)}
kourt2074.jpg,171437,2a339af2,\Gallery 52\03 - Kourtney (5)\,{Shemale Yum Dvd03~G52~03-5~03 - Kourtney (5)}
kourt2075.jpg,149785,73774fb6,\Gallery 52\03 - Kourtney (5)\,{Shemale Yum Dvd03~G52~03-5~03 - Kourtney (5)}
kourt2076.jpg,187401,24737d2d,\Gallery 52\03 - Kourtney (5)\,{Shemale Yum Dvd03~G52~03-5~03 - Kourtney (5)}
kourt2077.jpg,141185,d99b9c80,\Gallery 52\03 - Kourtney (5)\,{Shemale Yum Dvd03~G52~03-5~03 - Kourtney (5)}
kourt2078.jpg,164006,4f8b30ef,\Gallery 52\03 - Kourtney (5)\,{Shemale Yum Dvd03~G52~03-5~03 - Kourtney (5)}
kourt2079.jpg,159465,b6bdeeb5,\Gallery 52\03 - Kourtney (5)\,{Shemale Yum Dvd03~G52~03-5~03 - Kourtney (5)}
kourt2080.jpg,154630,01762abf,\Gallery 52\03 - Kourtney (5)\,{Shemale Yum Dvd03~G52~03-5~03 - Kourtney (5)}
kourt2081.jpg,201519,bf246739,\Gallery 52\03 - Kourtney (5)\,{Shemale Yum Dvd03~G52~03-5~03 - Kourtney (5)}
kourt2082.jpg,179016,1b7f8d47,\Gallery 52\03 - Kourtney (5)\,{Shemale Yum Dvd03~G52~03-5~03 - Kourtney (5)}
kourt2083.jpg,170440,cadd2c69,\Gallery 52\03 - Kourtney (5)\,{Shemale Yum Dvd03~G52~03-5~03 - Kourtney (5)}
kourt2084.jpg,177357,bdb02957,\Gallery 52\03 - Kourtney (5)\,{Shemale Yum Dvd03~G52~03-5~03 - Kourtney (5)}
kourt2085.jpg,176276,830fbcae,\Gallery 52\03 - Kourtney (5)\,{Shemale Yum Dvd03~G52~03-5~03 - Kourtney (5)}
kourt2086.jpg,129155,9ca8c3f0,\Gallery 52\03 - Kourtney (5)\,{Shemale Yum Dvd03~G52~03-5~03 - Kourtney (5)}
kourt2087.jpg,128600,2aad8adc,\Gallery 52\03 - Kourtney (5)\,{Shemale Yum Dvd03~G52~03-5~03 - Kourtney (5)}
kourt2088.jpg,124444,47a11502,\Gallery 52\03 - Kourtney (5)\,{Shemale Yum Dvd03~G52~03-5~03 - Kourtney (5)}
kourt2089.jpg,136103,de3a7f0f,\Gallery 52\03 - Kourtney (5)\,{Shemale Yum Dvd03~G52~03-5~03 - Kourtney (5)}
kourt2090.jpg,128251,f3577ebb,\Gallery 52\03 - Kourtney (5)\,{Shemale Yum Dvd03~G52~03-5~03 - Kourtney (5)}
kourt2091.jpg,125300,af7400ed,\Gallery 52\03 - Kourtney (5)\,{Shemale Yum Dvd03~G52~03-5~03 - Kourtney (5)}
kourt2092.jpg,135032,346d0b24,\Gallery 52\03 - Kourtney (5)\,{Shemale Yum Dvd03~G52~03-5~03 - Kourtney (5)}
kourt2093.jpg,128366,050c07f9,\Gallery 52\03 - Kourtney (5)\,{Shemale Yum Dvd03~G52~03-5~03 - Kourtney (5)}
kourt2094.jpg,131153,519100f7,\Gallery 52\03 - Kourtney (5)\,{Shemale Yum Dvd03~G52~03-5~03 - Kourtney (5)}
kourt2095.jpg,136879,dd210966,\Gallery 52\03 - Kourtney (5)\,{Shemale Yum Dvd03~G52~03-5~03 - Kourtney (5)}
kourt2096.jpg,179856,27de8699,\Gallery 52\03 - Kourtney (5)\,{Shemale Yum Dvd03~G52~03-5~03 - Kourtney (5)}
kourt2097.jpg,134580,4841b7d3,\Gallery 52\03 - Kourtney (5)\,{Shemale Yum Dvd03~G52~03-5~03 - Kourtney (5)}
kourt2098.jpg,127360,c67df346,\Gallery 52\03 - Kourtney (5)\,{Shemale Yum Dvd03~G52~03-5~03 - Kourtney (5)}
kourt2099.jpg,138226,a8de8475,\Gallery 52\03 - Kourtney (5)\,{Shemale Yum Dvd03~G52~03-5~03 - Kourtney (5)}
kourt2100.jpg,138944,8bdbba4d,\Gallery 52\03 - Kourtney (5)\,{Shemale Yum Dvd03~G52~03-5~03 - Kourtney (5)}
kourt2101.jpg,133844,900a6d54,\Gallery 52\03 - Kourtney (5)\,{Shemale Yum Dvd03~G52~03-5~03 - Kourtney (5)}
kourt2102.jpg,136527,43dbedbe,\Gallery 52\03 - Kourtney (5)\,{Shemale Yum Dvd03~G52~03-5~03 - Kourtney (5)}
kourt2103.jpg,138561,ffb711d7,\Gallery 52\03 - Kourtney (5)\,{Shemale Yum Dvd03~G52~03-5~03 - Kourtney (5)}
kourt2104.jpg,146686,e01561ec,\Gallery 52\03 - Kourtney (5)\,{Shemale Yum Dvd03~G52~03-5~03 - Kourtney (5)}
lyn-z001.jpg,119067,eed382ea,\Gallery 52\04 - Lyn-Z\,{Shemale Yum Dvd03~G52~04~04 - Lyn-Z}
lyn-z002.jpg,113291,c88d4066,\Gallery 52\04 - Lyn-Z\,{Shemale Yum Dvd03~G52~04~04 - Lyn-Z}
lyn-z003.jpg,138793,e1cdd38e,\Gallery 52\04 - Lyn-Z\,{Shemale Yum Dvd03~G52~04~04 - Lyn-Z}
lyn-z004.jpg,140084,e33ad178,\Gallery 52\04 - Lyn-Z\,{Shemale Yum Dvd03~G52~04~04 - Lyn-Z}
lyn-z005.jpg,128824,40e495f7,\Gallery 52\04 - Lyn-Z\,{Shemale Yum Dvd03~G52~04~04 - Lyn-Z}
lyn-z006.jpg,113974,c7fefe02,\Gallery 52\04 - Lyn-Z\,{Shemale Yum Dvd03~G52~04~04 - Lyn-Z}
lyn-z007.jpg,123652,20daf425,\Gallery 52\04 - Lyn-Z\,{Shemale Yum Dvd03~G52~04~04 - Lyn-Z}
lyn-z008.jpg,106697,c41e68be,\Gallery 52\04 - Lyn-Z\,{Shemale Yum Dvd03~G52~04~04 - Lyn-Z}
lyn-z009.jpg,130781,84b6380a,\Gallery 52\04 - Lyn-Z\,{Shemale Yum Dvd03~G52~04~04 - Lyn-Z}
lyn-z010.jpg,95615,0d37f0c4,\Gallery 52\04 - Lyn-Z\,{Shemale Yum Dvd03~G52~04~04 - Lyn-Z}
lyn-z011.jpg,107712,a921d72f,\Gallery 52\04 - Lyn-Z\,{Shemale Yum Dvd03~G52~04~04 - Lyn-Z}
lyn-z012.jpg,101548,6d93749c,\Gallery 52\04 - Lyn-Z\,{Shemale Yum Dvd03~G52~04~04 - Lyn-Z}
lyn-z013.jpg,104326,103e6484,\Gallery 52\04 - Lyn-Z\,{Shemale Yum Dvd03~G52~04~04 - Lyn-Z}
lyn-z014.jpg,96795,a61be535,\Gallery 52\04 - Lyn-Z\,{Shemale Yum Dvd03~G52~04~04 - Lyn-Z}
lyn-z015.jpg,107261,6d86ec18,\Gallery 52\04 - Lyn-Z\,{Shemale Yum Dvd03~G52~04~04 - Lyn-Z}
lyn-z016.jpg,104510,cdf19a6e,\Gallery 52\04 - Lyn-Z\,{Shemale Yum Dvd03~G52~04~04 - Lyn-Z}
lyn-z017.jpg,87247,0ce109f9,\Gallery 52\04 - Lyn-Z\,{Shemale Yum Dvd03~G52~04~04 - Lyn-Z}
lyn-z018.jpg,126532,48a82bed,\Gallery 52\04 - Lyn-Z\,{Shemale Yum Dvd03~G52~04~04 - Lyn-Z}
lyn-z019.jpg,130628,80fc8e40,\Gallery 52\04 - Lyn-Z\,{Shemale Yum Dvd03~G52~04~04 - Lyn-Z}
lyn-z020.jpg,138114,6653d6c5,\Gallery 52\04 - Lyn-Z\,{Shemale Yum Dvd03~G52~04~04 - Lyn-Z}
lyn-z021.jpg,135930,90c95091,\Gallery 52\04 - Lyn-Z\,{Shemale Yum Dvd03~G52~04~04 - Lyn-Z}
lyn-z022.jpg,136458,05a6d30d,\Gallery 52\04 - Lyn-Z\,{Shemale Yum Dvd03~G52~04~04 - Lyn-Z}
lyn-z023.jpg,139749,74cf867b,\Gallery 52\04 - Lyn-Z\,{Shemale Yum Dvd03~G52~04~04 - Lyn-Z}
lyn-z024.jpg,130983,92f027d5,\Gallery 52\04 - Lyn-Z\,{Shemale Yum Dvd03~G52~04~04 - Lyn-Z}
lyn-z025.jpg,125094,dae3a420,\Gallery 52\04 - Lyn-Z\,{Shemale Yum Dvd03~G52~04~04 - Lyn-Z}
lyn-z026.jpg,129895,6cc726cf,\Gallery 52\04 - Lyn-Z\,{Shemale Yum Dvd03~G52~04~04 - Lyn-Z}
lyn-z027.jpg,130563,c27fb109,\Gallery 52\04 - Lyn-Z\,{Shemale Yum Dvd03~G52~04~04 - Lyn-Z}
lyn-z028.jpg,141184,dec5290d,\Gallery 52\04 - Lyn-Z\,{Shemale Yum Dvd03~G52~04~04 - Lyn-Z}
lyn-z031.jpg,136774,9903cbf8,\Gallery 52\04 - Lyn-Z\,{Shemale Yum Dvd03~G52~04~04 - Lyn-Z}
lyn-z032.jpg,142169,bfb7c217,\Gallery 52\04 - Lyn-Z\,{Shemale Yum Dvd03~G52~04~04 - Lyn-Z}
lyn-z033.jpg,123600,25761ef7,\Gallery 52\04 - Lyn-Z\,{Shemale Yum Dvd03~G52~04~04 - Lyn-Z}
lyn-z034.jpg,124296,603aed08,\Gallery 52\04 - Lyn-Z\,{Shemale Yum Dvd03~G52~04~04 - Lyn-Z}
lyn-z035.jpg,135247,03acf1cc,\Gallery 52\04 - Lyn-Z\,{Shemale Yum Dvd03~G52~04~04 - Lyn-Z}
lyn-z036.jpg,140547,5f70e905,\Gallery 52\04 - Lyn-Z\,{Shemale Yum Dvd03~G52~04~04 - Lyn-Z}
lyn-z037.jpg,135204,deb74141,\Gallery 52\04 - Lyn-Z\,{Shemale Yum Dvd03~G52~04~04 - Lyn-Z}
lyn-z038.jpg,130348,62bf7efb,\Gallery 52\04 - Lyn-Z\,{Shemale Yum Dvd03~G52~04~04 - Lyn-Z}
lyn-z039.jpg,130961,6c3cf96d,\Gallery 52\04 - Lyn-Z\,{Shemale Yum Dvd03~G52~04~04 - Lyn-Z}
lyn-z040.jpg,137909,ad24b0f5,\Gallery 52\04 - Lyn-Z\,{Shemale Yum Dvd03~G52~04~04 - Lyn-Z}
lyn-z041.jpg,130708,f7c094ec,\Gallery 52\04 - Lyn-Z\,{Shemale Yum Dvd03~G52~04~04 - Lyn-Z}
lyn-z043.jpg,143165,7699a91d,\Gallery 52\04 - Lyn-Z\,{Shemale Yum Dvd03~G52~04~04 - Lyn-Z}
lyn-z044.jpg,134176,453f8d75,\Gallery 52\04 - Lyn-Z\,{Shemale Yum Dvd03~G52~04~04 - Lyn-Z}
lyn-z045.jpg,133343,20b5a6a2,\Gallery 52\04 - Lyn-Z\,{Shemale Yum Dvd03~G52~04~04 - Lyn-Z}
lyn-z046.jpg,131954,d7090492,\Gallery 52\04 - Lyn-Z\,{Shemale Yum Dvd03~G52~04~04 - Lyn-Z}
lyn-z047.jpg,130930,d7716790,\Gallery 52\04 - Lyn-Z\,{Shemale Yum Dvd03~G52~04~04 - Lyn-Z}
lyn-z048.jpg,133413,bc914101,\Gallery 52\04 - Lyn-Z\,{Shemale Yum Dvd03~G52~04~04 - Lyn-Z}
lyn-z049.jpg,130692,c7da4775,\Gallery 52\04 - Lyn-Z\,{Shemale Yum Dvd03~G52~04~04 - Lyn-Z}
lyn-z050.jpg,129496,ac8a174c,\Gallery 52\04 - Lyn-Z\,{Shemale Yum Dvd03~G52~04~04 - Lyn-Z}
lyn-z051.jpg,128491,e32f736d,\Gallery 52\04 - Lyn-Z\,{Shemale Yum Dvd03~G52~04~04 - Lyn-Z}
lyn-z052.jpg,134305,99ecaf5e,\Gallery 52\04 - Lyn-Z\,{Shemale Yum Dvd03~G52~04~04 - Lyn-Z}
lyn-z053.jpg,136605,2c2019d2,\Gallery 52\04 - Lyn-Z\,{Shemale Yum Dvd03~G52~04~04 - Lyn-Z}
lyn-z054.jpg,141217,60e85100,\Gallery 52\04 - Lyn-Z\,{Shemale Yum Dvd03~G52~04~04 - Lyn-Z}
lyn-z055.jpg,139258,cdf59ecb,\Gallery 52\04 - Lyn-Z\,{Shemale Yum Dvd03~G52~04~04 - Lyn-Z}
lyn-z056.jpg,140647,ef72078f,\Gallery 52\04 - Lyn-Z\,{Shemale Yum Dvd03~G52~04~04 - Lyn-Z}
lyn-z057.jpg,142204,16778080,\Gallery 52\04 - Lyn-Z\,{Shemale Yum Dvd03~G52~04~04 - Lyn-Z}
lyn-z058.jpg,142606,f6cce102,\Gallery 52\04 - Lyn-Z\,{Shemale Yum Dvd03~G52~04~04 - Lyn-Z}
lyn-z059.jpg,128887,7c2d468c,\Gallery 52\04 - Lyn-Z\,{Shemale Yum Dvd03~G52~04~04 - Lyn-Z}
lyn-z060.jpg,136081,d84e8815,\Gallery 52\04 - Lyn-Z\,{Shemale Yum Dvd03~G52~04~04 - Lyn-Z}
lyn-z061.jpg,136815,de427656,\Gallery 52\04 - Lyn-Z\,{Shemale Yum Dvd03~G52~04~04 - Lyn-Z}
lyn-z063.jpg,123463,a410fdf1,\Gallery 52\04 - Lyn-Z\,{Shemale Yum Dvd03~G52~04~04 - Lyn-Z}
lyn-z064.jpg,138448,371c45e1,\Gallery 52\04 - Lyn-Z\,{Shemale Yum Dvd03~G52~04~04 - Lyn-Z}
lyn-z067.jpg,113957,1f0d095a,\Gallery 52\04 - Lyn-Z\,{Shemale Yum Dvd03~G52~04~04 - Lyn-Z}
lyn-z068.jpg,135738,e4852590,\Gallery 52\04 - Lyn-Z\,{Shemale Yum Dvd03~G52~04~04 - Lyn-Z}
lyn-z069.jpg,136048,b25f1ef3,\Gallery 52\04 - Lyn-Z\,{Shemale Yum Dvd03~G52~04~04 - Lyn-Z}
lyn-z070.jpg,145892,b1a5b267,\Gallery 52\04 - Lyn-Z\,{Shemale Yum Dvd03~G52~04~04 - Lyn-Z}
lyn-z071.jpg,144257,0a0925fe,\Gallery 52\04 - Lyn-Z\,{Shemale Yum Dvd03~G52~04~04 - Lyn-Z}
lyn-z072.jpg,138189,c4fe85a2,\Gallery 52\04 - Lyn-Z\,{Shemale Yum Dvd03~G52~04~04 - Lyn-Z}
lyn-z073.jpg,130319,807e28f3,\Gallery 52\04 - Lyn-Z\,{Shemale Yum Dvd03~G52~04~04 - Lyn-Z}
lyn-z074.jpg,136359,0b281347,\Gallery 52\04 - Lyn-Z\,{Shemale Yum Dvd03~G52~04~04 - Lyn-Z}
lyn-z075.jpg,132319,3fd1a6e5,\Gallery 52\04 - Lyn-Z\,{Shemale Yum Dvd03~G52~04~04 - Lyn-Z}
lyn-z076.jpg,119234,16ccadc5,\Gallery 52\04 - Lyn-Z\,{Shemale Yum Dvd03~G52~04~04 - Lyn-Z}
lyn-z077.jpg,125504,7bbda399,\Gallery 52\04 - Lyn-Z\,{Shemale Yum Dvd03~G52~04~04 - Lyn-Z}
lyn-z078.jpg,96027,706933d4,\Gallery 52\04 - Lyn-Z\,{Shemale Yum Dvd03~G52~04~04 - Lyn-Z}
lyn-z079.jpg,125704,cc7d27f9,\Gallery 52\04 - Lyn-Z\,{Shemale Yum Dvd03~G52~04~04 - Lyn-Z}
lyn-z080.jpg,128969,7c4d8703,\Gallery 52\04 - Lyn-Z\,{Shemale Yum Dvd03~G52~04~04 - Lyn-Z}
lyn-z081.jpg,119600,28bc3100,\Gallery 52\04 - Lyn-Z\,{Shemale Yum Dvd03~G52~04~04 - Lyn-Z}
lyn-z082.jpg,121248,ccfe0662,\Gallery 52\04 - Lyn-Z\,{Shemale Yum Dvd03~G52~04~04 - Lyn-Z}
lyn-z083.jpg,125913,a465bfd6,\Gallery 52\04 - Lyn-Z\,{Shemale Yum Dvd03~G52~04~04 - Lyn-Z}
lyn-z084.jpg,132778,ce43e910,\Gallery 52\04 - Lyn-Z\,{Shemale Yum Dvd03~G52~04~04 - Lyn-Z}
lyn-z085.jpg,143192,7150370f,\Gallery 52\04 - Lyn-Z\,{Shemale Yum Dvd03~G52~04~04 - Lyn-Z}
lyn-z086.jpg,137648,21d699e4,\Gallery 52\04 - Lyn-Z\,{Shemale Yum Dvd03~G52~04~04 - Lyn-Z}
lyn-z087.jpg,142477,9e6b9054,\Gallery 52\04 - Lyn-Z\,{Shemale Yum Dvd03~G52~04~04 - Lyn-Z}
lyn-z088.jpg,131868,2783b21c,\Gallery 52\04 - Lyn-Z\,{Shemale Yum Dvd03~G52~04~04 - Lyn-Z}
lyn-z089.jpg,132380,f326fc66,\Gallery 52\04 - Lyn-Z\,{Shemale Yum Dvd03~G52~04~04 - Lyn-Z}
lyn-z090.jpg,123050,cebb8bcf,\Gallery 52\04 - Lyn-Z\,{Shemale Yum Dvd03~G52~04~04 - Lyn-Z}
lyn-z091.jpg,139382,42726e82,\Gallery 52\04 - Lyn-Z\,{Shemale Yum Dvd03~G52~04~04 - Lyn-Z}
lyn-z092.jpg,133665,c95fdd3a,\Gallery 52\04 - Lyn-Z\,{Shemale Yum Dvd03~G52~04~04 - Lyn-Z}
lyn-z093.jpg,138051,ad43413e,\Gallery 52\04 - Lyn-Z\,{Shemale Yum Dvd03~G52~04~04 - Lyn-Z}
lyn-z094.jpg,142169,6f3a13cf,\Gallery 52\04 - Lyn-Z\,{Shemale Yum Dvd03~G52~04~04 - Lyn-Z}
lyn-z095.jpg,135420,4e261135,\Gallery 52\04 - Lyn-Z\,{Shemale Yum Dvd03~G52~04~04 - Lyn-Z}
lyn-z096.jpg,139398,6183f023,\Gallery 52\04 - Lyn-Z\,{Shemale Yum Dvd03~G52~04~04 - Lyn-Z}
lyn-z097.jpg,143030,ee17b52d,\Gallery 52\04 - Lyn-Z\,{Shemale Yum Dvd03~G52~04~04 - Lyn-Z}
lyn-z098.jpg,140645,e54ff1ef,\Gallery 52\04 - Lyn-Z\,{Shemale Yum Dvd03~G52~04~04 - Lyn-Z}
lyn-z099.jpg,131325,7baa57dd,\Gallery 52\04 - Lyn-Z\,{Shemale Yum Dvd03~G52~04~04 - Lyn-Z}
lyn-z100.jpg,136910,c6ebf6d7,\Gallery 52\04 - Lyn-Z\,{Shemale Yum Dvd03~G52~04~04 - Lyn-Z}
lyn-z101.jpg,138805,3cf2e812,\Gallery 52\04 - Lyn-Z\,{Shemale Yum Dvd03~G52~04~04 - Lyn-Z}
lyn-z102.jpg,138914,1291f682,\Gallery 52\04 - Lyn-Z\,{Shemale Yum Dvd03~G52~04~04 - Lyn-Z}
lyn-z103.jpg,140480,40f5aad1,\Gallery 52\04 - Lyn-Z\,{Shemale Yum Dvd03~G52~04~04 - Lyn-Z}
lyn-z104.jpg,139941,83a414ce,\Gallery 52\04 - Lyn-Z\,{Shemale Yum Dvd03~G52~04~04 - Lyn-Z}
lyn-z105.jpg,137084,8b429cdc,\Gallery 52\04 - Lyn-Z\,{Shemale Yum Dvd03~G52~04~04 - Lyn-Z}
lyn-z106.jpg,130196,dc5ef87c,\Gallery 52\04 - Lyn-Z\,{Shemale Yum Dvd03~G52~04~04 - Lyn-Z}
lyn-z107.jpg,131928,cedfee44,\Gallery 52\04 - Lyn-Z\,{Shemale Yum Dvd03~G52~04~04 - Lyn-Z}
lyn-z108.jpg,142141,157aa165,\Gallery 52\04 - Lyn-Z\,{Shemale Yum Dvd03~G52~04~04 - Lyn-Z}
lyn-z109.jpg,142422,e61e9ff7,\Gallery 52\04 - Lyn-Z\,{Shemale Yum Dvd03~G52~04~04 - Lyn-Z}
lyn-z110.jpg,134396,0bf3d2fe,\Gallery 52\04 - Lyn-Z\,{Shemale Yum Dvd03~G52~04~04 - Lyn-Z}
lyn-z111.jpg,141039,51d4b167,\Gallery 52\04 - Lyn-Z\,{Shemale Yum Dvd03~G52~04~04 - Lyn-Z}
lyn-z112.jpg,131803,ea726af3,\Gallery 52\04 - Lyn-Z\,{Shemale Yum Dvd03~G52~04~04 - Lyn-Z}
lynz2001.jpg,119507,a10de61d,\Gallery 52\04 - Lyn-Z (2)\,{Shemale Yum Dvd03~G52~04-2~04 - Lyn-Z (2)}
lynz2002.jpg,185776,6920116a,\Gallery 52\04 - Lyn-Z (2)\,{Shemale Yum Dvd03~G52~04-2~04 - Lyn-Z (2)}
lynz2003.jpg,189281,5da64710,\Gallery 52\04 - Lyn-Z (2)\,{Shemale Yum Dvd03~G52~04-2~04 - Lyn-Z (2)}
lynz2004.jpg,154045,39c231a6,\Gallery 52\04 - Lyn-Z (2)\,{Shemale Yum Dvd03~G52~04-2~04 - Lyn-Z (2)}
lynz2006.jpg,185116,7077eeec,\Gallery 52\04 - Lyn-Z (2)\,{Shemale Yum Dvd03~G52~04-2~04 - Lyn-Z (2)}
lynz2007.jpg,186256,d414074b,\Gallery 52\04 - Lyn-Z (2)\,{Shemale Yum Dvd03~G52~04-2~04 - Lyn-Z (2)}
lynz2008.jpg,173443,4fded4d7,\Gallery 52\04 - Lyn-Z (2)\,{Shemale Yum Dvd03~G52~04-2~04 - Lyn-Z (2)}
lynz2009.jpg,191463,b4bdf5d7,\Gallery 52\04 - Lyn-Z (2)\,{Shemale Yum Dvd03~G52~04-2~04 - Lyn-Z (2)}
lynz2010.jpg,181336,af34bbf0,\Gallery 52\04 - Lyn-Z (2)\,{Shemale Yum Dvd03~G52~04-2~04 - Lyn-Z (2)}
lynz2011.jpg,179333,a56a5731,\Gallery 52\04 - Lyn-Z (2)\,{Shemale Yum Dvd03~G52~04-2~04 - Lyn-Z (2)}
lynz2012.jpg,157265,febfcfec,\Gallery 52\04 - Lyn-Z (2)\,{Shemale Yum Dvd03~G52~04-2~04 - Lyn-Z (2)}
lynz2013.jpg,140943,4421857b,\Gallery 52\04 - Lyn-Z (2)\,{Shemale Yum Dvd03~G52~04-2~04 - Lyn-Z (2)}
lynz2014.jpg,175683,e85d2a53,\Gallery 52\04 - Lyn-Z (2)\,{Shemale Yum Dvd03~G52~04-2~04 - Lyn-Z (2)}
lynz2015.jpg,176550,56f21249,\Gallery 52\04 - Lyn-Z (2)\,{Shemale Yum Dvd03~G52~04-2~04 - Lyn-Z (2)}
lynz2016.jpg,168510,cc9de304,\Gallery 52\04 - Lyn-Z (2)\,{Shemale Yum Dvd03~G52~04-2~04 - Lyn-Z (2)}
lynz2017.jpg,188956,ece00d02,\Gallery 52\04 - Lyn-Z (2)\,{Shemale Yum Dvd03~G52~04-2~04 - Lyn-Z (2)}
lynz2018.jpg,158496,512bfd9f,\Gallery 52\04 - Lyn-Z (2)\,{Shemale Yum Dvd03~G52~04-2~04 - Lyn-Z (2)}
lynz2019.jpg,155619,87ec22ff,\Gallery 52\04 - Lyn-Z (2)\,{Shemale Yum Dvd03~G52~04-2~04 - Lyn-Z (2)}
lynz2020.jpg,163111,77f3ce56,\Gallery 52\04 - Lyn-Z (2)\,{Shemale Yum Dvd03~G52~04-2~04 - Lyn-Z (2)}
lynz2021.jpg,168460,88b87b82,\Gallery 52\04 - Lyn-Z (2)\,{Shemale Yum Dvd03~G52~04-2~04 - Lyn-Z (2)}
lynz2022.jpg,176862,bd1ef927,\Gallery 52\04 - Lyn-Z (2)\,{Shemale Yum Dvd03~G52~04-2~04 - Lyn-Z (2)}
lynz2023.jpg,178241,e86d72cf,\Gallery 52\04 - Lyn-Z (2)\,{Shemale Yum Dvd03~G52~04-2~04 - Lyn-Z (2)}
lynz2024.jpg,177138,f3d6a9b6,\Gallery 52\04 - Lyn-Z (2)\,{Shemale Yum Dvd03~G52~04-2~04 - Lyn-Z (2)}
lynz2025.jpg,166576,aec820f9,\Gallery 52\04 - Lyn-Z (2)\,{Shemale Yum Dvd03~G52~04-2~04 - Lyn-Z (2)}
lynz2026.jpg,175358,40553e6d,\Gallery 52\04 - Lyn-Z (2)\,{Shemale Yum Dvd03~G52~04-2~04 - Lyn-Z (2)}
lynz2027.jpg,160809,61fe79e9,\Gallery 52\04 - Lyn-Z (2)\,{Shemale Yum Dvd03~G52~04-2~04 - Lyn-Z (2)}
lynz2028.jpg,154778,b6f3aa36,\Gallery 52\04 - Lyn-Z (2)\,{Shemale Yum Dvd03~G52~04-2~04 - Lyn-Z (2)}
lynz2029.jpg,156631,aa048a1f,\Gallery 52\04 - Lyn-Z (2)\,{Shemale Yum Dvd03~G52~04-2~04 - Lyn-Z (2)}
lynz2030.jpg,161654,9ea3a3be,\Gallery 52\04 - Lyn-Z (2)\,{Shemale Yum Dvd03~G52~04-2~04 - Lyn-Z (2)}
lynz2031.jpg,143767,5ac474ad,\Gallery 52\04 - Lyn-Z (2)\,{Shemale Yum Dvd03~G52~04-2~04 - Lyn-Z (2)}
lynz2032.jpg,169683,77548e63,\Gallery 52\04 - Lyn-Z (2)\,{Shemale Yum Dvd03~G52~04-2~04 - Lyn-Z (2)}
lynz2033.jpg,158706,bd9d08fb,\Gallery 52\04 - Lyn-Z (2)\,{Shemale Yum Dvd03~G52~04-2~04 - Lyn-Z (2)}
lynz2034.jpg,163878,bc6efb26,\Gallery 52\04 - Lyn-Z (2)\,{Shemale Yum Dvd03~G52~04-2~04 - Lyn-Z (2)}
lynz2035.jpg,162385,21c57a14,\Gallery 52\04 - Lyn-Z (2)\,{Shemale Yum Dvd03~G52~04-2~04 - Lyn-Z (2)}
lynz2036.jpg,164779,f81f89d3,\Gallery 52\04 - Lyn-Z (2)\,{Shemale Yum Dvd03~G52~04-2~04 - Lyn-Z (2)}
lynz2037.jpg,162719,1cbe032a,\Gallery 52\04 - Lyn-Z (2)\,{Shemale Yum Dvd03~G52~04-2~04 - Lyn-Z (2)}
lynz2038.jpg,168249,cd88e308,\Gallery 52\04 - Lyn-Z (2)\,{Shemale Yum Dvd03~G52~04-2~04 - Lyn-Z (2)}
lynz2039.jpg,162616,f69add37,\Gallery 52\04 - Lyn-Z (2)\,{Shemale Yum Dvd03~G52~04-2~04 - Lyn-Z (2)}
lynz2040.jpg,183717,270d9d3c,\Gallery 52\04 - Lyn-Z (2)\,{Shemale Yum Dvd03~G52~04-2~04 - Lyn-Z (2)}
lynz2041.jpg,174512,6aeb645f,\Gallery 52\04 - Lyn-Z (2)\,{Shemale Yum Dvd03~G52~04-2~04 - Lyn-Z (2)}
lynz2042.jpg,175511,d6952187,\Gallery 52\04 - Lyn-Z (2)\,{Shemale Yum Dvd03~G52~04-2~04 - Lyn-Z (2)}
lynz2043.jpg,161349,2e54bc1e,\Gallery 52\04 - Lyn-Z (2)\,{Shemale Yum Dvd03~G52~04-2~04 - Lyn-Z (2)}
lynz2044.jpg,173450,cfbe3bd8,\Gallery 52\04 - Lyn-Z (2)\,{Shemale Yum Dvd03~G52~04-2~04 - Lyn-Z (2)}
lynz2045.jpg,247338,f80c8ce3,\Gallery 52\04 - Lyn-Z (2)\,{Shemale Yum Dvd03~G52~04-2~04 - Lyn-Z (2)}
lynz2046.jpg,225906,9388bd6e,\Gallery 52\04 - Lyn-Z (2)\,{Shemale Yum Dvd03~G52~04-2~04 - Lyn-Z (2)}
lynz2047.jpg,237684,14a62738,\Gallery 52\04 - Lyn-Z (2)\,{Shemale Yum Dvd03~G52~04-2~04 - Lyn-Z (2)}
lynz2048.jpg,255164,d70cf8bb,\Gallery 52\04 - Lyn-Z (2)\,{Shemale Yum Dvd03~G52~04-2~04 - Lyn-Z (2)}
lynz2049.jpg,180593,336c854c,\Gallery 52\04 - Lyn-Z (2)\,{Shemale Yum Dvd03~G52~04-2~04 - Lyn-Z (2)}
lynz2050.jpg,196401,f7403478,\Gallery 52\04 - Lyn-Z (2)\,{Shemale Yum Dvd03~G52~04-2~04 - Lyn-Z (2)}
lynz2051.jpg,195749,1b489310,\Gallery 52\04 - Lyn-Z (2)\,{Shemale Yum Dvd03~G52~04-2~04 - Lyn-Z (2)}
lynz2052.jpg,190014,4fd3214b,\Gallery 52\04 - Lyn-Z (2)\,{Shemale Yum Dvd03~G52~04-2~04 - Lyn-Z (2)}
lynz2053.jpg,171340,ec058392,\Gallery 52\04 - Lyn-Z (2)\,{Shemale Yum Dvd03~G52~04-2~04 - Lyn-Z (2)}
lynz2054.jpg,165264,63852851,\Gallery 52\04 - Lyn-Z (2)\,{Shemale Yum Dvd03~G52~04-2~04 - Lyn-Z (2)}
lynz2055.jpg,168421,7a0f4a52,\Gallery 52\04 - Lyn-Z (2)\,{Shemale Yum Dvd03~G52~04-2~04 - Lyn-Z (2)}
lynz2056.jpg,195094,cfb9cedf,\Gallery 52\04 - Lyn-Z (2)\,{Shemale Yum Dvd03~G52~04-2~04 - Lyn-Z (2)}
lynz2057.jpg,192291,7419c2e8,\Gallery 52\04 - Lyn-Z (2)\,{Shemale Yum Dvd03~G52~04-2~04 - Lyn-Z (2)}
lynz2058.jpg,193559,a2e03d0a,\Gallery 52\04 - Lyn-Z (2)\,{Shemale Yum Dvd03~G52~04-2~04 - Lyn-Z (2)}
lynz2059.jpg,160685,458e9eac,\Gallery 52\04 - Lyn-Z (2)\,{Shemale Yum Dvd03~G52~04-2~04 - Lyn-Z (2)}
lynz2060.jpg,192822,f3d45afb,\Gallery 52\04 - Lyn-Z (2)\,{Shemale Yum Dvd03~G52~04-2~04 - Lyn-Z (2)}
lynz2061.jpg,180566,ef7c0daf,\Gallery 52\04 - Lyn-Z (2)\,{Shemale Yum Dvd03~G52~04-2~04 - Lyn-Z (2)}
lynz2062.jpg,187616,ab3220df,\Gallery 52\04 - Lyn-Z (2)\,{Shemale Yum Dvd03~G52~04-2~04 - Lyn-Z (2)}
lynz2063.jpg,149562,40e0e6b9,\Gallery 52\04 - Lyn-Z (2)\,{Shemale Yum Dvd03~G52~04-2~04 - Lyn-Z (2)}
lynz2064.jpg,156003,0a30329e,\Gallery 52\04 - Lyn-Z (2)\,{Shemale Yum Dvd03~G52~04-2~04 - Lyn-Z (2)}
lynz2065.jpg,153240,bb07b803,\Gallery 52\04 - Lyn-Z (2)\,{Shemale Yum Dvd03~G52~04-2~04 - Lyn-Z (2)}
lynz2066.jpg,148286,5be06a01,\Gallery 52\04 - Lyn-Z (2)\,{Shemale Yum Dvd03~G52~04-2~04 - Lyn-Z (2)}
lynz2067.jpg,158444,efb591ed,\Gallery 52\04 - Lyn-Z (2)\,{Shemale Yum Dvd03~G52~04-2~04 - Lyn-Z (2)}
lynz2068.jpg,162184,11fc58db,\Gallery 52\04 - Lyn-Z (2)\,{Shemale Yum Dvd03~G52~04-2~04 - Lyn-Z (2)}
lynz2069.jpg,158228,9b8195b7,\Gallery 52\04 - Lyn-Z (2)\,{Shemale Yum Dvd03~G52~04-2~04 - Lyn-Z (2)}
lynz2070.jpg,186119,3025a0bb,\Gallery 52\04 - Lyn-Z (2)\,{Shemale Yum Dvd03~G52~04-2~04 - Lyn-Z (2)}
lynz2071.jpg,123234,710fadf7,\Gallery 52\04 - Lyn-Z (2)\,{Shemale Yum Dvd03~G52~04-2~04 - Lyn-Z (2)}
lynz2073.jpg,188250,b194b31f,\Gallery 52\04 - Lyn-Z (2)\,{Shemale Yum Dvd03~G52~04-2~04 - Lyn-Z (2)}
lynz2074.jpg,164151,297b266d,\Gallery 52\04 - Lyn-Z (2)\,{Shemale Yum Dvd03~G52~04-2~04 - Lyn-Z (2)}
lynz2075.jpg,160867,baea0229,\Gallery 52\04 - Lyn-Z (2)\,{Shemale Yum Dvd03~G52~04-2~04 - Lyn-Z (2)}
lynz2076.jpg,155493,0cf7199f,\Gallery 52\04 - Lyn-Z (2)\,{Shemale Yum Dvd03~G52~04-2~04 - Lyn-Z (2)}
lynz2077.jpg,162686,ec54038b,\Gallery 52\04 - Lyn-Z (2)\,{Shemale Yum Dvd03~G52~04-2~04 - Lyn-Z (2)}
lynz2078.jpg,151109,acb4a57e,\Gallery 52\04 - Lyn-Z (2)\,{Shemale Yum Dvd03~G52~04-2~04 - Lyn-Z (2)}
lynz2079.jpg,168871,fe9c2a3b,\Gallery 52\04 - Lyn-Z (2)\,{Shemale Yum Dvd03~G52~04-2~04 - Lyn-Z (2)}
lynz2080.jpg,176406,235b1c4f,\Gallery 52\04 - Lyn-Z (2)\,{Shemale Yum Dvd03~G52~04-2~04 - Lyn-Z (2)}
lynz2081.jpg,182229,3ba0768a,\Gallery 52\04 - Lyn-Z (2)\,{Shemale Yum Dvd03~G52~04-2~04 - Lyn-Z (2)}
lynz2082.jpg,191335,329441f7,\Gallery 52\04 - Lyn-Z (2)\,{Shemale Yum Dvd03~G52~04-2~04 - Lyn-Z (2)}
lynz2083.jpg,176018,f603bbcf,\Gallery 52\04 - Lyn-Z (2)\,{Shemale Yum Dvd03~G52~04-2~04 - Lyn-Z (2)}
lynz2084.jpg,153788,344b90c9,\Gallery 52\04 - Lyn-Z (2)\,{Shemale Yum Dvd03~G52~04-2~04 - Lyn-Z (2)}
lynz2085.jpg,185190,1c5774e8,\Gallery 52\04 - Lyn-Z (2)\,{Shemale Yum Dvd03~G52~04-2~04 - Lyn-Z (2)}
lynz2086.jpg,243340,13aef5a4,\Gallery 52\04 - Lyn-Z (2)\,{Shemale Yum Dvd03~G52~04-2~04 - Lyn-Z (2)}
lynz2087.jpg,195354,5a366d00,\Gallery 52\04 - Lyn-Z (2)\,{Shemale Yum Dvd03~G52~04-2~04 - Lyn-Z (2)}
lynz2088.jpg,161102,957a4fc3,\Gallery 52\04 - Lyn-Z (2)\,{Shemale Yum Dvd03~G52~04-2~04 - Lyn-Z (2)}
lynz2089.jpg,192489,b8cd8f5d,\Gallery 52\04 - Lyn-Z (2)\,{Shemale Yum Dvd03~G52~04-2~04 - Lyn-Z (2)}
lynz2090.jpg,182345,9b5909e8,\Gallery 52\04 - Lyn-Z (2)\,{Shemale Yum Dvd03~G52~04-2~04 - Lyn-Z (2)}
lynz2091.jpg,184741,bf3c2309,\Gallery 52\04 - Lyn-Z (2)\,{Shemale Yum Dvd03~G52~04-2~04 - Lyn-Z (2)}
lynz2092.jpg,156146,41f9eca3,\Gallery 52\04 - Lyn-Z (2)\,{Shemale Yum Dvd03~G52~04-2~04 - Lyn-Z (2)}
lynz2093.jpg,184889,f3e9c7ae,\Gallery 52\04 - Lyn-Z (2)\,{Shemale Yum Dvd03~G52~04-2~04 - Lyn-Z (2)}
lynz2094.jpg,177525,b468da00,\Gallery 52\04 - Lyn-Z (2)\,{Shemale Yum Dvd03~G52~04-2~04 - Lyn-Z (2)}
lynz2095.jpg,158033,a517814a,\Gallery 52\04 - Lyn-Z (2)\,{Shemale Yum Dvd03~G52~04-2~04 - Lyn-Z (2)}
lynz2096.jpg,160180,dbe3c435,\Gallery 52\04 - Lyn-Z (2)\,{Shemale Yum Dvd03~G52~04-2~04 - Lyn-Z (2)}
lynz2097.jpg,183959,82ff2844,\Gallery 52\04 - Lyn-Z (2)\,{Shemale Yum Dvd03~G52~04-2~04 - Lyn-Z (2)}
lynz2098.jpg,175957,0f3375cb,\Gallery 52\04 - Lyn-Z (2)\,{Shemale Yum Dvd03~G52~04-2~04 - Lyn-Z (2)}
lynz2099.jpg,171857,e5d14559,\Gallery 52\04 - Lyn-Z (2)\,{Shemale Yum Dvd03~G52~04-2~04 - Lyn-Z (2)}
lynz2100.jpg,182580,7c41a53d,\Gallery 52\04 - Lyn-Z (2)\,{Shemale Yum Dvd03~G52~04-2~04 - Lyn-Z (2)}
lynz2101.jpg,170761,121cbe11,\Gallery 52\04 - Lyn-Z (2)\,{Shemale Yum Dvd03~G52~04-2~04 - Lyn-Z (2)}
lynz2102.jpg,170843,b2a486cc,\Gallery 52\04 - Lyn-Z (2)\,{Shemale Yum Dvd03~G52~04-2~04 - Lyn-Z (2)}
lynz2103.jpg,166950,fbdf8007,\Gallery 52\04 - Lyn-Z (2)\,{Shemale Yum Dvd03~G52~04-2~04 - Lyn-Z (2)}
lynz2104.jpg,177602,f0bcdc0c,\Gallery 52\04 - Lyn-Z (2)\,{Shemale Yum Dvd03~G52~04-2~04 - Lyn-Z (2)}
lynz2105.jpg,174753,39b403f0,\Gallery 52\04 - Lyn-Z (2)\,{Shemale Yum Dvd03~G52~04-2~04 - Lyn-Z (2)}
lynz2106.jpg,185022,6596eae1,\Gallery 52\04 - Lyn-Z (2)\,{Shemale Yum Dvd03~G52~04-2~04 - Lyn-Z (2)}
lynz2107.jpg,168818,dc25705d,\Gallery 52\04 - Lyn-Z (2)\,{Shemale Yum Dvd03~G52~04-2~04 - Lyn-Z (2)}
lynz2108.jpg,167954,2502be50,\Gallery 52\04 - Lyn-Z (2)\,{Shemale Yum Dvd03~G52~04-2~04 - Lyn-Z (2)}
lynz2109.jpg,159251,4c2f93e3,\Gallery 52\04 - Lyn-Z (2)\,{Shemale Yum Dvd03~G52~04-2~04 - Lyn-Z (2)}
lyn-z3001.jpg,168399,5ee0936d,\Gallery 52\04 - Lyn-Z (3)\,{Shemale Yum Dvd03~G52~04-3~04 - Lyn-Z (3)}
lyn-z3002.jpg,173203,9da56c2a,\Gallery 52\04 - Lyn-Z (3)\,{Shemale Yum Dvd03~G52~04-3~04 - Lyn-Z (3)}
lyn-z3003.jpg,165080,0fe1c932,\Gallery 52\04 - Lyn-Z (3)\,{Shemale Yum Dvd03~G52~04-3~04 - Lyn-Z (3)}
lyn-z3004.jpg,166852,5aae00de,\Gallery 52\04 - Lyn-Z (3)\,{Shemale Yum Dvd03~G52~04-3~04 - Lyn-Z (3)}
lyn-z3005.jpg,159165,dc429fe4,\Gallery 52\04 - Lyn-Z (3)\,{Shemale Yum Dvd03~G52~04-3~04 - Lyn-Z (3)}
lyn-z3006.jpg,172476,b29d8d3a,\Gallery 52\04 - Lyn-Z (3)\,{Shemale Yum Dvd03~G52~04-3~04 - Lyn-Z (3)}
lyn-z3007.jpg,153873,f6cbf160,\Gallery 52\04 - Lyn-Z (3)\,{Shemale Yum Dvd03~G52~04-3~04 - Lyn-Z (3)}
lyn-z3008.jpg,172752,fc442260,\Gallery 52\04 - Lyn-Z (3)\,{Shemale Yum Dvd03~G52~04-3~04 - Lyn-Z (3)}
lyn-z3009.jpg,167863,8a6811c8,\Gallery 52\04 - Lyn-Z (3)\,{Shemale Yum Dvd03~G52~04-3~04 - Lyn-Z (3)}
lyn-z3010.jpg,117857,84b27c17,\Gallery 52\04 - Lyn-Z (3)\,{Shemale Yum Dvd03~G52~04-3~04 - Lyn-Z (3)}
lyn-z3011.jpg,169303,fd025ce5,\Gallery 52\04 - Lyn-Z (3)\,{Shemale Yum Dvd03~G52~04-3~04 - Lyn-Z (3)}
lyn-z3012.jpg,178254,8602419c,\Gallery 52\04 - Lyn-Z (3)\,{Shemale Yum Dvd03~G52~04-3~04 - Lyn-Z (3)}
lyn-z3013.jpg,176587,ec53a63a,\Gallery 52\04 - Lyn-Z (3)\,{Shemale Yum Dvd03~G52~04-3~04 - Lyn-Z (3)}
lyn-z3014.jpg,152624,ef4c2359,\Gallery 52\04 - Lyn-Z (3)\,{Shemale Yum Dvd03~G52~04-3~04 - Lyn-Z (3)}
lyn-z3015.jpg,170621,10e12789,\Gallery 52\04 - Lyn-Z (3)\,{Shemale Yum Dvd03~G52~04-3~04 - Lyn-Z (3)}
lyn-z3016.jpg,176780,2f82bbd5,\Gallery 52\04 - Lyn-Z (3)\,{Shemale Yum Dvd03~G52~04-3~04 - Lyn-Z (3)}
lyn-z3017.jpg,170072,a4d0b6c0,\Gallery 52\04 - Lyn-Z (3)\,{Shemale Yum Dvd03~G52~04-3~04 - Lyn-Z (3)}
lyn-z3018.jpg,182008,8fd7d8b9,\Gallery 52\04 - Lyn-Z (3)\,{Shemale Yum Dvd03~G52~04-3~04 - Lyn-Z (3)}
lyn-z3019.jpg,184349,687394ac,\Gallery 52\04 - Lyn-Z (3)\,{Shemale Yum Dvd03~G52~04-3~04 - Lyn-Z (3)}
lyn-z3020.jpg,169380,c44a62f5,\Gallery 52\04 - Lyn-Z (3)\,{Shemale Yum Dvd03~G52~04-3~04 - Lyn-Z (3)}
lyn-z3021.jpg,166844,c36d8e12,\Gallery 52\04 - Lyn-Z (3)\,{Shemale Yum Dvd03~G52~04-3~04 - Lyn-Z (3)}
lyn-z3022.jpg,146738,68af0e27,\Gallery 52\04 - Lyn-Z (3)\,{Shemale Yum Dvd03~G52~04-3~04 - Lyn-Z (3)}
lyn-z3023.jpg,165107,8b6c1f8b,\Gallery 52\04 - Lyn-Z (3)\,{Shemale Yum Dvd03~G52~04-3~04 - Lyn-Z (3)}
lyn-z3024.jpg,199321,66e3d309,\Gallery 52\04 - Lyn-Z (3)\,{Shemale Yum Dvd03~G52~04-3~04 - Lyn-Z (3)}
lyn-z3025.jpg,154584,aa40acfe,\Gallery 52\04 - Lyn-Z (3)\,{Shemale Yum Dvd03~G52~04-3~04 - Lyn-Z (3)}
lyn-z3026.jpg,177901,09906fe1,\Gallery 52\04 - Lyn-Z (3)\,{Shemale Yum Dvd03~G52~04-3~04 - Lyn-Z (3)}
lyn-z3027.jpg,194626,81a9e754,\Gallery 52\04 - Lyn-Z (3)\,{Shemale Yum Dvd03~G52~04-3~04 - Lyn-Z (3)}
lyn-z3028.jpg,149346,caafe4b4,\Gallery 52\04 - Lyn-Z (3)\,{Shemale Yum Dvd03~G52~04-3~04 - Lyn-Z (3)}
lyn-z3029.jpg,150120,5408f353,\Gallery 52\04 - Lyn-Z (3)\,{Shemale Yum Dvd03~G52~04-3~04 - Lyn-Z (3)}
lyn-z3030.jpg,156276,0fc29db1,\Gallery 52\04 - Lyn-Z (3)\,{Shemale Yum Dvd03~G52~04-3~04 - Lyn-Z (3)}
lyn-z3031.jpg,196192,b4a5c731,\Gallery 52\04 - Lyn-Z (3)\,{Shemale Yum Dvd03~G52~04-3~04 - Lyn-Z (3)}
lyn-z3032.jpg,192005,05f4ec1e,\Gallery 52\04 - Lyn-Z (3)\,{Shemale Yum Dvd03~G52~04-3~04 - Lyn-Z (3)}
lyn-z3033.jpg,188825,79c8fc29,\Gallery 52\04 - Lyn-Z (3)\,{Shemale Yum Dvd03~G52~04-3~04 - Lyn-Z (3)}
lyn-z3034.jpg,194085,b7bad7d3,\Gallery 52\04 - Lyn-Z (3)\,{Shemale Yum Dvd03~G52~04-3~04 - Lyn-Z (3)}
lyn-z3035.jpg,156451,0b6e5942,\Gallery 52\04 - Lyn-Z (3)\,{Shemale Yum Dvd03~G52~04-3~04 - Lyn-Z (3)}
lyn-z3036.jpg,145951,a96c1786,\Gallery 52\04 - Lyn-Z (3)\,{Shemale Yum Dvd03~G52~04-3~04 - Lyn-Z (3)}
lyn-z3037.jpg,189524,c7e7d62b,\Gallery 52\04 - Lyn-Z (3)\,{Shemale Yum Dvd03~G52~04-3~04 - Lyn-Z (3)}
lyn-z3039.jpg,152113,8274b6ca,\Gallery 52\04 - Lyn-Z (3)\,{Shemale Yum Dvd03~G52~04-3~04 - Lyn-Z (3)}
lyn-z3040.jpg,190507,ebb43f37,\Gallery 52\04 - Lyn-Z (3)\,{Shemale Yum Dvd03~G52~04-3~04 - Lyn-Z (3)}
lyn-z3041.jpg,199831,0b27e0aa,\Gallery 52\04 - Lyn-Z (3)\,{Shemale Yum Dvd03~G52~04-3~04 - Lyn-Z (3)}
lyn-z3042.jpg,196028,6342a08b,\Gallery 52\04 - Lyn-Z (3)\,{Shemale Yum Dvd03~G52~04-3~04 - Lyn-Z (3)}
lyn-z3043.jpg,194445,e2a14284,\Gallery 52\04 - Lyn-Z (3)\,{Shemale Yum Dvd03~G52~04-3~04 - Lyn-Z (3)}
lyn-z3044.jpg,185003,5e65faa9,\Gallery 52\04 - Lyn-Z (3)\,{Shemale Yum Dvd03~G52~04-3~04 - Lyn-Z (3)}
lyn-z3046.jpg,191886,3d68d80f,\Gallery 52\04 - Lyn-Z (3)\,{Shemale Yum Dvd03~G52~04-3~04 - Lyn-Z (3)}
lyn-z3047.jpg,157375,ff6c8c6a,\Gallery 52\04 - Lyn-Z (3)\,{Shemale Yum Dvd03~G52~04-3~04 - Lyn-Z (3)}
lyn-z3048.jpg,156350,50739ec4,\Gallery 52\04 - Lyn-Z (3)\,{Shemale Yum Dvd03~G52~04-3~04 - Lyn-Z (3)}
lyn-z3049.jpg,157806,e701b345,\Gallery 52\04 - Lyn-Z (3)\,{Shemale Yum Dvd03~G52~04-3~04 - Lyn-Z (3)}
lyn-z3050.jpg,157080,0c337364,\Gallery 52\04 - Lyn-Z (3)\,{Shemale Yum Dvd03~G52~04-3~04 - Lyn-Z (3)}
lyn-z3051.jpg,156702,32d799a1,\Gallery 52\04 - Lyn-Z (3)\,{Shemale Yum Dvd03~G52~04-3~04 - Lyn-Z (3)}
lyn-z3052.jpg,161510,69ae8e2a,\Gallery 52\04 - Lyn-Z (3)\,{Shemale Yum Dvd03~G52~04-3~04 - Lyn-Z (3)}
lyn-z3053.jpg,177670,37bdab8c,\Gallery 52\04 - Lyn-Z (3)\,{Shemale Yum Dvd03~G52~04-3~04 - Lyn-Z (3)}
lyn-z3054.jpg,156342,b187da59,\Gallery 52\04 - Lyn-Z (3)\,{Shemale Yum Dvd03~G52~04-3~04 - Lyn-Z (3)}
lyn-z3055.jpg,188391,1fd33a5d,\Gallery 52\04 - Lyn-Z (3)\,{Shemale Yum Dvd03~G52~04-3~04 - Lyn-Z (3)}
lyn-z3056.jpg,185208,3c4d83c8,\Gallery 52\04 - Lyn-Z (3)\,{Shemale Yum Dvd03~G52~04-3~04 - Lyn-Z (3)}
lyn-z3057.jpg,164323,b215bd0e,\Gallery 52\04 - Lyn-Z (3)\,{Shemale Yum Dvd03~G52~04-3~04 - Lyn-Z (3)}
lyn-z3058.jpg,154329,54861b1f,\Gallery 52\04 - Lyn-Z (3)\,{Shemale Yum Dvd03~G52~04-3~04 - Lyn-Z (3)}
lyn-z3059.jpg,144285,3626fe58,\Gallery 52\04 - Lyn-Z (3)\,{Shemale Yum Dvd03~G52~04-3~04 - Lyn-Z (3)}
lyn-z3060.jpg,165378,25147d2d,\Gallery 52\04 - Lyn-Z (3)\,{Shemale Yum Dvd03~G52~04-3~04 - Lyn-Z (3)}
lyn-z3061.jpg,185604,cd0267a9,\Gallery 52\04 - Lyn-Z (3)\,{Shemale Yum Dvd03~G52~04-3~04 - Lyn-Z (3)}
lyn-z3062.jpg,187780,3a10c5ec,\Gallery 52\04 - Lyn-Z (3)\,{Shemale Yum Dvd03~G52~04-3~04 - Lyn-Z (3)}
lyn-z3063.jpg,172890,79ebbee8,\Gallery 52\04 - Lyn-Z (3)\,{Shemale Yum Dvd03~G52~04-3~04 - Lyn-Z (3)}
lyn-z3064.jpg,171849,a2689c44,\Gallery 52\04 - Lyn-Z (3)\,{Shemale Yum Dvd03~G52~04-3~04 - Lyn-Z (3)}
lyn-z3065.jpg,180060,3300a680,\Gallery 52\04 - Lyn-Z (3)\,{Shemale Yum Dvd03~G52~04-3~04 - Lyn-Z (3)}
lyn-z3066.jpg,171486,b4cd059b,\Gallery 52\04 - Lyn-Z (3)\,{Shemale Yum Dvd03~G52~04-3~04 - Lyn-Z (3)}
lyn-z3067.jpg,155763,0feddb9c,\Gallery 52\04 - Lyn-Z (3)\,{Shemale Yum Dvd03~G52~04-3~04 - Lyn-Z (3)}
lyn-z3068.jpg,172356,6be66112,\Gallery 52\04 - Lyn-Z (3)\,{Shemale Yum Dvd03~G52~04-3~04 - Lyn-Z (3)}
lyn-z3070.jpg,156475,d6637731,\Gallery 52\04 - Lyn-Z (3)\,{Shemale Yum Dvd03~G52~04-3~04 - Lyn-Z (3)}
lyn-z3071.jpg,193505,e8cc0199,\Gallery 52\04 - Lyn-Z (3)\,{Shemale Yum Dvd03~G52~04-3~04 - Lyn-Z (3)}
lyn-z3072.jpg,156451,8f954d96,\Gallery 52\04 - Lyn-Z (3)\,{Shemale Yum Dvd03~G52~04-3~04 - Lyn-Z (3)}
lyn-z3073.jpg,160550,2626a938,\Gallery 52\04 - Lyn-Z (3)\,{Shemale Yum Dvd03~G52~04-3~04 - Lyn-Z (3)}
lyn-z3074.jpg,162326,eea8ef58,\Gallery 52\04 - Lyn-Z (3)\,{Shemale Yum Dvd03~G52~04-3~04 - Lyn-Z (3)}
lyn-z3075.jpg,157221,fdb9e119,\Gallery 52\04 - Lyn-Z (3)\,{Shemale Yum Dvd03~G52~04-3~04 - Lyn-Z (3)}
lyn-z3077.jpg,177356,cbc12abd,\Gallery 52\04 - Lyn-Z (3)\,{Shemale Yum Dvd03~G52~04-3~04 - Lyn-Z (3)}
lyn-z3078.jpg,179896,3569b951,\Gallery 52\04 - Lyn-Z (3)\,{Shemale Yum Dvd03~G52~04-3~04 - Lyn-Z (3)}
lyn-z3079.jpg,176465,836fb729,\Gallery 52\04 - Lyn-Z (3)\,{Shemale Yum Dvd03~G52~04-3~04 - Lyn-Z (3)}
lyn-z3080.jpg,107040,de089a79,\Gallery 52\04 - Lyn-Z (3)\,{Shemale Yum Dvd03~G52~04-3~04 - Lyn-Z (3)}
lyn-z3081.jpg,177761,2afcf6dd,\Gallery 52\04 - Lyn-Z (3)\,{Shemale Yum Dvd03~G52~04-3~04 - Lyn-Z (3)}
lyn-z3082.jpg,177337,66ea4227,\Gallery 52\04 - Lyn-Z (3)\,{Shemale Yum Dvd03~G52~04-3~04 - Lyn-Z (3)}
lyn-z3083.jpg,166429,e743b44d,\Gallery 52\04 - Lyn-Z (3)\,{Shemale Yum Dvd03~G52~04-3~04 - Lyn-Z (3)}
lyn-z3085.jpg,150095,2f3410e8,\Gallery 52\04 - Lyn-Z (3)\,{Shemale Yum Dvd03~G52~04-3~04 - Lyn-Z (3)}
lyn-z3086.jpg,195599,8198710d,\Gallery 52\04 - Lyn-Z (3)\,{Shemale Yum Dvd03~G52~04-3~04 - Lyn-Z (3)}
lyn-z3087.jpg,183062,8c99e50f,\Gallery 52\04 - Lyn-Z (3)\,{Shemale Yum Dvd03~G52~04-3~04 - Lyn-Z (3)}
lyn-z3088.jpg,186646,3c432d87,\Gallery 52\04 - Lyn-Z (3)\,{Shemale Yum Dvd03~G52~04-3~04 - Lyn-Z (3)}
lyn-z3089.jpg,197182,d8a06bac,\Gallery 52\04 - Lyn-Z (3)\,{Shemale Yum Dvd03~G52~04-3~04 - Lyn-Z (3)}
lyn-z3090.jpg,185384,338f6d23,\Gallery 52\04 - Lyn-Z (3)\,{Shemale Yum Dvd03~G52~04-3~04 - Lyn-Z (3)}
lyn-z3091.jpg,172598,0afdbdd9,\Gallery 52\04 - Lyn-Z (3)\,{Shemale Yum Dvd03~G52~04-3~04 - Lyn-Z (3)}
lyn-z3092.jpg,173190,459b1398,\Gallery 52\04 - Lyn-Z (3)\,{Shemale Yum Dvd03~G52~04-3~04 - Lyn-Z (3)}
lyn-z3093.jpg,160185,f8e6717f,\Gallery 52\04 - Lyn-Z (3)\,{Shemale Yum Dvd03~G52~04-3~04 - Lyn-Z (3)}
lyn-z3094.jpg,158523,696d9fb6,\Gallery 52\04 - Lyn-Z (3)\,{Shemale Yum Dvd03~G52~04-3~04 - Lyn-Z (3)}
lyn-z3095.jpg,177888,17cecf44,\Gallery 52\04 - Lyn-Z (3)\,{Shemale Yum Dvd03~G52~04-3~04 - Lyn-Z (3)}
lyn-z3096.jpg,181409,44cd32fb,\Gallery 52\04 - Lyn-Z (3)\,{Shemale Yum Dvd03~G52~04-3~04 - Lyn-Z (3)}
lyn-z3097.jpg,181465,30ba1c0e,\Gallery 52\04 - Lyn-Z (3)\,{Shemale Yum Dvd03~G52~04-3~04 - Lyn-Z (3)}
lyn-z3098.jpg,177638,6af9e35b,\Gallery 52\04 - Lyn-Z (3)\,{Shemale Yum Dvd03~G52~04-3~04 - Lyn-Z (3)}
lyn-z3099.jpg,174793,b4cada4f,\Gallery 52\04 - Lyn-Z (3)\,{Shemale Yum Dvd03~G52~04-3~04 - Lyn-Z (3)}
lyn-z3100.jpg,188912,bd935917,\Gallery 52\04 - Lyn-Z (3)\,{Shemale Yum Dvd03~G52~04-3~04 - Lyn-Z (3)}
lyn-z3101.jpg,180979,cc6d25b5,\Gallery 52\04 - Lyn-Z (3)\,{Shemale Yum Dvd03~G52~04-3~04 - Lyn-Z (3)}
lyn-z3102.jpg,180266,99ba9090,\Gallery 52\04 - Lyn-Z (3)\,{Shemale Yum Dvd03~G52~04-3~04 - Lyn-Z (3)}
lyn-z3103.jpg,188609,7ad52704,\Gallery 52\04 - Lyn-Z (3)\,{Shemale Yum Dvd03~G52~04-3~04 - Lyn-Z (3)}
01010001.jpg,108115,88b1fee0,\Gallery 52\05 - Paola\,{Shemale Yum Dvd03~G52~05~05 - Paola}
01010003.jpg,136796,3f90124d,\Gallery 52\05 - Paola\,{Shemale Yum Dvd03~G52~05~05 - Paola}
01010006.jpg,124666,ff9a4286,\Gallery 52\05 - Paola\,{Shemale Yum Dvd03~G52~05~05 - Paola}
01010008.jpg,121891,b9352dcf,\Gallery 52\05 - Paola\,{Shemale Yum Dvd03~G52~05~05 - Paola}
01010009.jpg,118664,cdbceadb,\Gallery 52\05 - Paola\,{Shemale Yum Dvd03~G52~05~05 - Paola}
01010010.jpg,130690,c7ad06d7,\Gallery 52\05 - Paola\,{Shemale Yum Dvd03~G52~05~05 - Paola}
01010011.jpg,137074,99c5c947,\Gallery 52\05 - Paola\,{Shemale Yum Dvd03~G52~05~05 - Paola}
01010012.jpg,142707,05e3d615,\Gallery 52\05 - Paola\,{Shemale Yum Dvd03~G52~05~05 - Paola}
01010013.jpg,135862,a65e7cb6,\Gallery 52\05 - Paola\,{Shemale Yum Dvd03~G52~05~05 - Paola}
01010014.jpg,138040,6ec78822,\Gallery 52\05 - Paola\,{Shemale Yum Dvd03~G52~05~05 - Paola}
01010016.jpg,156547,158431dd,\Gallery 52\05 - Paola\,{Shemale Yum Dvd03~G52~05~05 - Paola}
01010017.jpg,135265,cfb27fb3,\Gallery 52\05 - Paola\,{Shemale Yum Dvd03~G52~05~05 - Paola}
01010018.jpg,139593,edac60fe,\Gallery 52\05 - Paola\,{Shemale Yum Dvd03~G52~05~05 - Paola}
01010019.jpg,112286,9a5c7137,\Gallery 52\05 - Paola\,{Shemale Yum Dvd03~G52~05~05 - Paola}
01010020.jpg,141613,41ba8fd9,\Gallery 52\05 - Paola\,{Shemale Yum Dvd03~G52~05~05 - Paola}
01010021.jpg,140430,a243efb5,\Gallery 52\05 - Paola\,{Shemale Yum Dvd03~G52~05~05 - Paola}
01010023.jpg,134636,d369bda2,\Gallery 52\05 - Paola\,{Shemale Yum Dvd03~G52~05~05 - Paola}
01010024.jpg,130874,2e7662ab,\Gallery 52\05 - Paola\,{Shemale Yum Dvd03~G52~05~05 - Paola}
01010026.jpg,117867,b9285c42,\Gallery 52\05 - Paola\,{Shemale Yum Dvd03~G52~05~05 - Paola}
01010027.jpg,138768,3be949d2,\Gallery 52\05 - Paola\,{Shemale Yum Dvd03~G52~05~05 - Paola}
01010028.jpg,139739,a9d73742,\Gallery 52\05 - Paola\,{Shemale Yum Dvd03~G52~05~05 - Paola}
01010030.jpg,145670,f0015ef7,\Gallery 52\05 - Paola\,{Shemale Yum Dvd03~G52~05~05 - Paola}
01010032.jpg,120833,f68abecf,\Gallery 52\05 - Paola\,{Shemale Yum Dvd03~G52~05~05 - Paola}
01010035.jpg,137631,517d8eac,\Gallery 52\05 - Paola\,{Shemale Yum Dvd03~G52~05~05 - Paola}
01010036.jpg,102190,eb1bacbc,\Gallery 52\05 - Paola\,{Shemale Yum Dvd03~G52~05~05 - Paola}
01010037.jpg,91347,b4a54f21,\Gallery 52\05 - Paola\,{Shemale Yum Dvd03~G52~05~05 - Paola}
01010039.jpg,121056,60b3e469,\Gallery 52\05 - Paola\,{Shemale Yum Dvd03~G52~05~05 - Paola}
01010042.jpg,112675,8541346e,\Gallery 52\05 - Paola\,{Shemale Yum Dvd03~G52~05~05 - Paola}
01010047.jpg,138909,84264e8b,\Gallery 52\05 - Paola\,{Shemale Yum Dvd03~G52~05~05 - Paola}
01010048.jpg,136539,b403925a,\Gallery 52\05 - Paola\,{Shemale Yum Dvd03~G52~05~05 - Paola}
01010049.jpg,140519,81bc2840,\Gallery 52\05 - Paola\,{Shemale Yum Dvd03~G52~05~05 - Paola}
01010051.jpg,117885,24484618,\Gallery 52\05 - Paola\,{Shemale Yum Dvd03~G52~05~05 - Paola}
01010052.jpg,113059,41471373,\Gallery 52\05 - Paola\,{Shemale Yum Dvd03~G52~05~05 - Paola}
01010054.jpg,121614,6a552ec4,\Gallery 52\05 - Paola\,{Shemale Yum Dvd03~G52~05~05 - Paola}
01010055.jpg,116547,f11f6c1a,\Gallery 52\05 - Paola\,{Shemale Yum Dvd03~G52~05~05 - Paola}
01010056.jpg,100438,351859e9,\Gallery 52\05 - Paola\,{Shemale Yum Dvd03~G52~05~05 - Paola}
01010058.jpg,126989,84c3a734,\Gallery 52\05 - Paola\,{Shemale Yum Dvd03~G52~05~05 - Paola}
01010059.jpg,142137,ba4c66b5,\Gallery 52\05 - Paola\,{Shemale Yum Dvd03~G52~05~05 - Paola}
01010060.jpg,129093,316eefaa,\Gallery 52\05 - Paola\,{Shemale Yum Dvd03~G52~05~05 - Paola}
01010061.jpg,133688,2c26f7fc,\Gallery 52\05 - Paola\,{Shemale Yum Dvd03~G52~05~05 - Paola}
01010063.jpg,122361,84571cce,\Gallery 52\05 - Paola\,{Shemale Yum Dvd03~G52~05~05 - Paola}
01010064.jpg,133394,7f5ba5d6,\Gallery 52\05 - Paola\,{Shemale Yum Dvd03~G52~05~05 - Paola}
01010065.jpg,126173,3f6cd9fc,\Gallery 52\05 - Paola\,{Shemale Yum Dvd03~G52~05~05 - Paola}
01010066.jpg,130593,81ec1709,\Gallery 52\05 - Paola\,{Shemale Yum Dvd03~G52~05~05 - Paola}
01010067.jpg,160561,c1288c1d,\Gallery 52\05 - Paola\,{Shemale Yum Dvd03~G52~05~05 - Paola}
01010068.jpg,134847,62a93fe0,\Gallery 52\05 - Paola\,{Shemale Yum Dvd03~G52~05~05 - Paola}
01010069.jpg,128845,8c5bd1c5,\Gallery 52\05 - Paola\,{Shemale Yum Dvd03~G52~05~05 - Paola}
01010070.jpg,125308,88830bd1,\Gallery 52\05 - Paola\,{Shemale Yum Dvd03~G52~05~05 - Paola}
01010071.jpg,109546,94f982c5,\Gallery 52\05 - Paola\,{Shemale Yum Dvd03~G52~05~05 - Paola}
01010073.jpg,120452,18a37da7,\Gallery 52\05 - Paola\,{Shemale Yum Dvd03~G52~05~05 - Paola}
01010074.jpg,116380,636024f8,\Gallery 52\05 - Paola\,{Shemale Yum Dvd03~G52~05~05 - Paola}
01010075.jpg,138124,a0382691,\Gallery 52\05 - Paola\,{Shemale Yum Dvd03~G52~05~05 - Paola}
01010076.jpg,138503,b380714e,\Gallery 52\05 - Paola\,{Shemale Yum Dvd03~G52~05~05 - Paola}
01010078.jpg,129662,31afb006,\Gallery 52\05 - Paola\,{Shemale Yum Dvd03~G52~05~05 - Paola}
01010080.jpg,134414,020090ac,\Gallery 52\05 - Paola\,{Shemale Yum Dvd03~G52~05~05 - Paola}
01010081.jpg,121283,cfa01bf7,\Gallery 52\05 - Paola\,{Shemale Yum Dvd03~G52~05~05 - Paola}
01010082.jpg,134943,5054ae2d,\Gallery 52\05 - Paola\,{Shemale Yum Dvd03~G52~05~05 - Paola}
01010083.jpg,100340,36a089e2,\Gallery 52\05 - Paola\,{Shemale Yum Dvd03~G52~05~05 - Paola}
01010084.jpg,94120,47163fab,\Gallery 52\05 - Paola\,{Shemale Yum Dvd03~G52~05~05 - Paola}
01010085.jpg,114477,587cc248,\Gallery 52\05 - Paola\,{Shemale Yum Dvd03~G52~05~05 - Paola}
01010086.jpg,121602,b4b04bd2,\Gallery 52\05 - Paola\,{Shemale Yum Dvd03~G52~05~05 - Paola}
01010087.jpg,74273,168fbf7a,\Gallery 52\05 - Paola\,{Shemale Yum Dvd03~G52~05~05 - Paola}
01010089.jpg,107297,7b11fe9a,\Gallery 52\05 - Paola\,{Shemale Yum Dvd03~G52~05~05 - Paola}
01010090.jpg,142200,25c9ba67,\Gallery 52\05 - Paola\,{Shemale Yum Dvd03~G52~05~05 - Paola}
01010091.jpg,117391,7bb21323,\Gallery 52\05 - Paola\,{Shemale Yum Dvd03~G52~05~05 - Paola}
01010092.jpg,133386,1b2a2fc6,\Gallery 52\05 - Paola\,{Shemale Yum Dvd03~G52~05~05 - Paola}
01010093.jpg,123868,9c6965c1,\Gallery 52\05 - Paola\,{Shemale Yum Dvd03~G52~05~05 - Paola}
01010094.jpg,118055,5568996b,\Gallery 52\05 - Paola\,{Shemale Yum Dvd03~G52~05~05 - Paola}
01010097.jpg,125986,cc1fe591,\Gallery 52\05 - Paola\,{Shemale Yum Dvd03~G52~05~05 - Paola}
01010098.jpg,105398,d09495eb,\Gallery 52\05 - Paola\,{Shemale Yum Dvd03~G52~05~05 - Paola}
01010099.jpg,115553,d6480ebd,\Gallery 52\05 - Paola\,{Shemale Yum Dvd03~G52~05~05 - Paola}
01010100.jpg,124460,5fc12d4a,\Gallery 52\05 - Paola\,{Shemale Yum Dvd03~G52~05~05 - Paola}
01010101.jpg,118273,3a091202,\Gallery 52\05 - Paola\,{Shemale Yum Dvd03~G52~05~05 - Paola}
01010104.jpg,139359,09261900,\Gallery 52\05 - Paola\,{Shemale Yum Dvd03~G52~05~05 - Paola}
01010105.jpg,112214,6529e100,\Gallery 52\05 - Paola\,{Shemale Yum Dvd03~G52~05~05 - Paola}
01010107.jpg,101719,dc30a79b,\Gallery 52\05 - Paola\,{Shemale Yum Dvd03~G52~05~05 - Paola}
01010108.jpg,104967,8034425c,\Gallery 52\05 - Paola\,{Shemale Yum Dvd03~G52~05~05 - Paola}
01010113.jpg,89605,4172118f,\Gallery 52\05 - Paola\,{Shemale Yum Dvd03~G52~05~05 - Paola}
01010114.jpg,87401,41e81a8f,\Gallery 52\05 - Paola\,{Shemale Yum Dvd03~G52~05~05 - Paola}
01010119.jpg,88592,d1becba1,\Gallery 52\05 - Paola\,{Shemale Yum Dvd03~G52~05~05 - Paola}
01010120.jpg,108657,3063a148,\Gallery 52\05 - Paola\,{Shemale Yum Dvd03~G52~05~05 - Paola}
01010121.jpg,106489,960c17f2,\Gallery 52\05 - Paola\,{Shemale Yum Dvd03~G52~05~05 - Paola}
01010122.jpg,86325,a65fd4f8,\Gallery 52\05 - Paola\,{Shemale Yum Dvd03~G52~05~05 - Paola}
01010124.jpg,106408,1774834a,\Gallery 52\05 - Paola\,{Shemale Yum Dvd03~G52~05~05 - Paola}
01010125.jpg,104068,15d16c91,\Gallery 52\05 - Paola\,{Shemale Yum Dvd03~G52~05~05 - Paola}
01010126.jpg,97686,692dd9cb,\Gallery 52\05 - Paola\,{Shemale Yum Dvd03~G52~05~05 - Paola}
01010128.jpg,136599,14bdc799,\Gallery 52\05 - Paola\,{Shemale Yum Dvd03~G52~05~05 - Paola}
01010130.jpg,92305,c5fc53c4,\Gallery 52\05 - Paola\,{Shemale Yum Dvd03~G52~05~05 - Paola}
01010131.jpg,86781,b5257eb4,\Gallery 52\05 - Paola\,{Shemale Yum Dvd03~G52~05~05 - Paola}
01010132.jpg,83097,f7670805,\Gallery 52\05 - Paola\,{Shemale Yum Dvd03~G52~05~05 - Paola}
01010133.jpg,94623,fd1b1bea,\Gallery 52\05 - Paola\,{Shemale Yum Dvd03~G52~05~05 - Paola}
01010134.jpg,78155,f0292ade,\Gallery 52\05 - Paola\,{Shemale Yum Dvd03~G52~05~05 - Paola}
01010135.jpg,80734,d1fbff00,\Gallery 52\05 - Paola\,{Shemale Yum Dvd03~G52~05~05 - Paola}
01010136.jpg,109750,d0b4ab47,\Gallery 52\05 - Paola\,{Shemale Yum Dvd03~G52~05~05 - Paola}
01010137.jpg,105911,3a24bcda,\Gallery 52\05 - Paola\,{Shemale Yum Dvd03~G52~05~05 - Paola}
01010138.jpg,82428,d00f3acf,\Gallery 52\05 - Paola\,{Shemale Yum Dvd03~G52~05~05 - Paola}
01010139.jpg,93681,7cfd9b16,\Gallery 52\05 - Paola\,{Shemale Yum Dvd03~G52~05~05 - Paola}
01010140.jpg,130742,f5081687,\Gallery 52\05 - Paola\,{Shemale Yum Dvd03~G52~05~05 - Paola}
01010141.jpg,121581,cfc5e32d,\Gallery 52\05 - Paola\,{Shemale Yum Dvd03~G52~05~05 - Paola}
01010142.jpg,123165,ba966d69,\Gallery 52\05 - Paola\,{Shemale Yum Dvd03~G52~05~05 - Paola}
01010143.jpg,115303,ccfee87b,\Gallery 52\05 - Paola\,{Shemale Yum Dvd03~G52~05~05 - Paola}
01010144.jpg,119483,00d934e0,\Gallery 52\05 - Paola\,{Shemale Yum Dvd03~G52~05~05 - Paola}
01010147.jpg,117488,39132af1,\Gallery 52\05 - Paola\,{Shemale Yum Dvd03~G52~05~05 - Paola}
01010148.jpg,112214,d3243ce7,\Gallery 52\05 - Paola\,{Shemale Yum Dvd03~G52~05~05 - Paola}
paola1.jpg,74744,2c582066,\Gallery 52\05 - Paola\,{Shemale Yum Dvd03~G52~05~05 - Paola}
paola2.jpg,90115,a8a2c8f8,\Gallery 52\05 - Paola\,{Shemale Yum Dvd03~G52~05~05 - Paola}
patricia001.jpg,135748,94379fa2,\Gallery 52\06 - Patricia\,{Shemale Yum Dvd03~G52~06~06 - Patricia}
patricia002.jpg,102264,3fa7165d,\Gallery 52\06 - Patricia\,{Shemale Yum Dvd03~G52~06~06 - Patricia}
patricia003.jpg,128216,9dbf1651,\Gallery 52\06 - Patricia\,{Shemale Yum Dvd03~G52~06~06 - Patricia}
patricia004.jpg,119524,34132589,\Gallery 52\06 - Patricia\,{Shemale Yum Dvd03~G52~06~06 - Patricia}
patricia005.jpg,123092,9758596a,\Gallery 52\06 - Patricia\,{Shemale Yum Dvd03~G52~06~06 - Patricia}
patricia006.jpg,135208,90a97a92,\Gallery 52\06 - Patricia\,{Shemale Yum Dvd03~G52~06~06 - Patricia}
patricia008.jpg,132663,be2622ee,\Gallery 52\06 - Patricia\,{Shemale Yum Dvd03~G52~06~06 - Patricia}
patricia009.jpg,116786,76c61ff1,\Gallery 52\06 - Patricia\,{Shemale Yum Dvd03~G52~06~06 - Patricia}
patricia010.jpg,115357,8bcd96ba,\Gallery 52\06 - Patricia\,{Shemale Yum Dvd03~G52~06~06 - Patricia}
patricia011.jpg,112802,da3d131d,\Gallery 52\06 - Patricia\,{Shemale Yum Dvd03~G52~06~06 - Patricia}
patricia012.jpg,111443,352b2c25,\Gallery 52\06 - Patricia\,{Shemale Yum Dvd03~G52~06~06 - Patricia}
patricia013.jpg,109785,1c3d5b71,\Gallery 52\06 - Patricia\,{Shemale Yum Dvd03~G52~06~06 - Patricia}
patricia014.jpg,135229,523e5c72,\Gallery 52\06 - Patricia\,{Shemale Yum Dvd03~G52~06~06 - Patricia}
patricia015.jpg,135318,00095932,\Gallery 52\06 - Patricia\,{Shemale Yum Dvd03~G52~06~06 - Patricia}
patricia016.jpg,129636,765a3508,\Gallery 52\06 - Patricia\,{Shemale Yum Dvd03~G52~06~06 - Patricia}
patricia017.jpg,113785,ff58d9d6,\Gallery 52\06 - Patricia\,{Shemale Yum Dvd03~G52~06~06 - Patricia}
patricia018.jpg,130422,7631f062,\Gallery 52\06 - Patricia\,{Shemale Yum Dvd03~G52~06~06 - Patricia}
patricia019.jpg,135272,ada9f08b,\Gallery 52\06 - Patricia\,{Shemale Yum Dvd03~G52~06~06 - Patricia}
patricia020.jpg,112321,6fb6d3c8,\Gallery 52\06 - Patricia\,{Shemale Yum Dvd03~G52~06~06 - Patricia}
patricia021.jpg,121168,d47a98e4,\Gallery 52\06 - Patricia\,{Shemale Yum Dvd03~G52~06~06 - Patricia}
patricia022.jpg,132715,eb1076a2,\Gallery 52\06 - Patricia\,{Shemale Yum Dvd03~G52~06~06 - Patricia}
patricia023.jpg,129492,3c433f7f,\Gallery 52\06 - Patricia\,{Shemale Yum Dvd03~G52~06~06 - Patricia}
patricia024.jpg,102861,3e41f104,\Gallery 52\06 - Patricia\,{Shemale Yum Dvd03~G52~06~06 - Patricia}
patricia025.jpg,103285,0c4db078,\Gallery 52\06 - Patricia\,{Shemale Yum Dvd03~G52~06~06 - Patricia}
patricia026.jpg,124271,c8af842b,\Gallery 52\06 - Patricia\,{Shemale Yum Dvd03~G52~06~06 - Patricia}
patricia027.jpg,117059,2ea1eea3,\Gallery 52\06 - Patricia\,{Shemale Yum Dvd03~G52~06~06 - Patricia}
patricia028.jpg,117542,520eaff9,\Gallery 52\06 - Patricia\,{Shemale Yum Dvd03~G52~06~06 - Patricia}
patricia029.jpg,111713,d9910f8a,\Gallery 52\06 - Patricia\,{Shemale Yum Dvd03~G52~06~06 - Patricia}
patricia030.jpg,107302,9db14b81,\Gallery 52\06 - Patricia\,{Shemale Yum Dvd03~G52~06~06 - Patricia}
patricia032.jpg,108487,73de6b13,\Gallery 52\06 - Patricia\,{Shemale Yum Dvd03~G52~06~06 - Patricia}
patricia033.jpg,129190,65ed10ab,\Gallery 52\06 - Patricia\,{Shemale Yum Dvd03~G52~06~06 - Patricia}
patricia034.jpg,123951,8aedf070,\Gallery 52\06 - Patricia\,{Shemale Yum Dvd03~G52~06~06 - Patricia}
patricia037.jpg,122858,4b321853,\Gallery 52\06 - Patricia\,{Shemale Yum Dvd03~G52~06~06 - Patricia}
patricia038.jpg,108432,ae00470c,\Gallery 52\06 - Patricia\,{Shemale Yum Dvd03~G52~06~06 - Patricia}
patricia040.jpg,105605,21c6d1e7,\Gallery 52\06 - Patricia\,{Shemale Yum Dvd03~G52~06~06 - Patricia}
patricia042.jpg,103548,78c2e8c6,\Gallery 52\06 - Patricia\,{Shemale Yum Dvd03~G52~06~06 - Patricia}
patricia043.jpg,100697,2110ec3d,\Gallery 52\06 - Patricia\,{Shemale Yum Dvd03~G52~06~06 - Patricia}
patricia044.jpg,99443,2c4f48df,\Gallery 52\06 - Patricia\,{Shemale Yum Dvd03~G52~06~06 - Patricia}
patricia045.jpg,95522,239da375,\Gallery 52\06 - Patricia\,{Shemale Yum Dvd03~G52~06~06 - Patricia}
patricia046.jpg,113201,11ff4565,\Gallery 52\06 - Patricia\,{Shemale Yum Dvd03~G52~06~06 - Patricia}
patricia047.jpg,110448,d7e160a6,\Gallery 52\06 - Patricia\,{Shemale Yum Dvd03~G52~06~06 - Patricia}
patricia048.jpg,113070,09d28818,\Gallery 52\06 - Patricia\,{Shemale Yum Dvd03~G52~06~06 - Patricia}
patricia049.jpg,106931,5be3e024,\Gallery 52\06 - Patricia\,{Shemale Yum Dvd03~G52~06~06 - Patricia}
patricia050.jpg,99107,0d87701e,\Gallery 52\06 - Patricia\,{Shemale Yum Dvd03~G52~06~06 - Patricia}
patricia051.jpg,92144,a6e1c6a8,\Gallery 52\06 - Patricia\,{Shemale Yum Dvd03~G52~06~06 - Patricia}
patricia052.jpg,101591,b0f9b3a1,\Gallery 52\06 - Patricia\,{Shemale Yum Dvd03~G52~06~06 - Patricia}
patricia053.jpg,97571,8296ef08,\Gallery 52\06 - Patricia\,{Shemale Yum Dvd03~G52~06~06 - Patricia}
patricia054.jpg,99506,0d5b6da5,\Gallery 52\06 - Patricia\,{Shemale Yum Dvd03~G52~06~06 - Patricia}
patricia055.jpg,88241,b39391c6,\Gallery 52\06 - Patricia\,{Shemale Yum Dvd03~G52~06~06 - Patricia}
patricia056.jpg,82413,44d2936b,\Gallery 52\06 - Patricia\,{Shemale Yum Dvd03~G52~06~06 - Patricia}
patricia057.jpg,92021,84ebf785,\Gallery 52\06 - Patricia\,{Shemale Yum Dvd03~G52~06~06 - Patricia}
patricia058.jpg,97757,c4e4dd34,\Gallery 52\06 - Patricia\,{Shemale Yum Dvd03~G52~06~06 - Patricia}
patricia059.jpg,90788,186f2f1b,\Gallery 52\06 - Patricia\,{Shemale Yum Dvd03~G52~06~06 - Patricia}
patricia060.jpg,89993,a246c96b,\Gallery 52\06 - Patricia\,{Shemale Yum Dvd03~G52~06~06 - Patricia}
patricia061.jpg,88652,7f3733f7,\Gallery 52\06 - Patricia\,{Shemale Yum Dvd03~G52~06~06 - Patricia}
patricia062.jpg,88107,2dcd6123,\Gallery 52\06 - Patricia\,{Shemale Yum Dvd03~G52~06~06 - Patricia}
patricia063.jpg,95358,132e3b94,\Gallery 52\06 - Patricia\,{Shemale Yum Dvd03~G52~06~06 - Patricia}
patricia064.jpg,127468,690e35f5,\Gallery 52\06 - Patricia\,{Shemale Yum Dvd03~G52~06~06 - Patricia}
patricia065.jpg,114646,c5882336,\Gallery 52\06 - Patricia\,{Shemale Yum Dvd03~G52~06~06 - Patricia}
patricia067.jpg,97550,a297330c,\Gallery 52\06 - Patricia\,{Shemale Yum Dvd03~G52~06~06 - Patricia}
patricia068.jpg,96187,ef1e9f1b,\Gallery 52\06 - Patricia\,{Shemale Yum Dvd03~G52~06~06 - Patricia}
patricia069.jpg,101806,9f98f59a,\Gallery 52\06 - Patricia\,{Shemale Yum Dvd03~G52~06~06 - Patricia}
patricia070.jpg,94017,baa98ef1,\Gallery 52\06 - Patricia\,{Shemale Yum Dvd03~G52~06~06 - Patricia}
patricia071.jpg,101899,a3a9d780,\Gallery 52\06 - Patricia\,{Shemale Yum Dvd03~G52~06~06 - Patricia}
patricia072.jpg,93699,ab86780a,\Gallery 52\06 - Patricia\,{Shemale Yum Dvd03~G52~06~06 - Patricia}
patricia073.jpg,100947,e4d30298,\Gallery 52\06 - Patricia\,{Shemale Yum Dvd03~G52~06~06 - Patricia}
patricia074.jpg,111375,14a11063,\Gallery 52\06 - Patricia\,{Shemale Yum Dvd03~G52~06~06 - Patricia}
patricia075.jpg,109896,c009d768,\Gallery 52\06 - Patricia\,{Shemale Yum Dvd03~G52~06~06 - Patricia}
patricia076.jpg,106910,2555d7b5,\Gallery 52\06 - Patricia\,{Shemale Yum Dvd03~G52~06~06 - Patricia}
patricia077.jpg,95848,26dabbf7,\Gallery 52\06 - Patricia\,{Shemale Yum Dvd03~G52~06~06 - Patricia}
patricia078.jpg,102981,3d06e34a,\Gallery 52\06 - Patricia\,{Shemale Yum Dvd03~G52~06~06 - Patricia}
patricia079.jpg,120617,3481d11b,\Gallery 52\06 - Patricia\,{Shemale Yum Dvd03~G52~06~06 - Patricia}
patricia080.jpg,104374,59a80edd,\Gallery 52\06 - Patricia\,{Shemale Yum Dvd03~G52~06~06 - Patricia}
patricia081.jpg,109612,afa74ae5,\Gallery 52\06 - Patricia\,{Shemale Yum Dvd03~G52~06~06 - Patricia}
patricia082.jpg,111857,ea834db7,\Gallery 52\06 - Patricia\,{Shemale Yum Dvd03~G52~06~06 - Patricia}
patricia083.jpg,98908,70a830f4,\Gallery 52\06 - Patricia\,{Shemale Yum Dvd03~G52~06~06 - Patricia}
patricia084.jpg,118465,88cf0923,\Gallery 52\06 - Patricia\,{Shemale Yum Dvd03~G52~06~06 - Patricia}
patricia085.jpg,124442,9465fa7b,\Gallery 52\06 - Patricia\,{Shemale Yum Dvd03~G52~06~06 - Patricia}
patricia086.jpg,103421,4a1ed230,\Gallery 52\06 - Patricia\,{Shemale Yum Dvd03~G52~06~06 - Patricia}
patriciab001.jpg,109016,2c7c8fc1,\Gallery 52\06 - Patricia (2)\,{Shemale Yum Dvd03~G52~06-2~06 - Patricia (2)}
patriciab002.jpg,113287,633476a0,\Gallery 52\06 - Patricia (2)\,{Shemale Yum Dvd03~G52~06-2~06 - Patricia (2)}
patriciab003.jpg,123924,3923998f,\Gallery 52\06 - Patricia (2)\,{Shemale Yum Dvd03~G52~06-2~06 - Patricia (2)}
patriciab004.jpg,112922,d4a94605,\Gallery 52\06 - Patricia (2)\,{Shemale Yum Dvd03~G52~06-2~06 - Patricia (2)}
patriciab005.jpg,106703,ce4614d4,\Gallery 52\06 - Patricia (2)\,{Shemale Yum Dvd03~G52~06-2~06 - Patricia (2)}
patriciab006.jpg,104514,e5d81314,\Gallery 52\06 - Patricia (2)\,{Shemale Yum Dvd03~G52~06-2~06 - Patricia (2)}
patriciab007.jpg,129299,7b74c079,\Gallery 52\06 - Patricia (2)\,{Shemale Yum Dvd03~G52~06-2~06 - Patricia (2)}
patriciab008.jpg,113132,38115d65,\Gallery 52\06 - Patricia (2)\,{Shemale Yum Dvd03~G52~06-2~06 - Patricia (2)}
patriciab009.jpg,126435,197cdceb,\Gallery 52\06 - Patricia (2)\,{Shemale Yum Dvd03~G52~06-2~06 - Patricia (2)}
patriciab010.jpg,68460,259c36cc,\Gallery 52\06 - Patricia (2)\,{Shemale Yum Dvd03~G52~06-2~06 - Patricia (2)}
patriciab011.jpg,81756,92657578,\Gallery 52\06 - Patricia (2)\,{Shemale Yum Dvd03~G52~06-2~06 - Patricia (2)}
patriciab012.jpg,124972,ea1e66bd,\Gallery 52\06 - Patricia (2)\,{Shemale Yum Dvd03~G52~06-2~06 - Patricia (2)}
patriciab013.jpg,115512,48a9fd6c,\Gallery 52\06 - Patricia (2)\,{Shemale Yum Dvd03~G52~06-2~06 - Patricia (2)}
patriciab014.jpg,125198,bc417972,\Gallery 52\06 - Patricia (2)\,{Shemale Yum Dvd03~G52~06-2~06 - Patricia (2)}
patriciab015.jpg,127940,2399b666,\Gallery 52\06 - Patricia (2)\,{Shemale Yum Dvd03~G52~06-2~06 - Patricia (2)}
patriciab016.jpg,118869,35e48670,\Gallery 52\06 - Patricia (2)\,{Shemale Yum Dvd03~G52~06-2~06 - Patricia (2)}
patriciab017.jpg,137775,f15457ee,\Gallery 52\06 - Patricia (2)\,{Shemale Yum Dvd03~G52~06-2~06 - Patricia (2)}
patriciab018.jpg,116449,3a34e0c1,\Gallery 52\06 - Patricia (2)\,{Shemale Yum Dvd03~G52~06-2~06 - Patricia (2)}
patriciab019.jpg,129288,0a6424dc,\Gallery 52\06 - Patricia (2)\,{Shemale Yum Dvd03~G52~06-2~06 - Patricia (2)}
patriciab020.jpg,137556,e98954fa,\Gallery 52\06 - Patricia (2)\,{Shemale Yum Dvd03~G52~06-2~06 - Patricia (2)}
patriciab021.jpg,137129,7e53cb3f,\Gallery 52\06 - Patricia (2)\,{Shemale Yum Dvd03~G52~06-2~06 - Patricia (2)}
patriciab022.jpg,136556,092f102a,\Gallery 52\06 - Patricia (2)\,{Shemale Yum Dvd03~G52~06-2~06 - Patricia (2)}
patriciab023.jpg,132665,bbd5bc4e,\Gallery 52\06 - Patricia (2)\,{Shemale Yum Dvd03~G52~06-2~06 - Patricia (2)}
patriciab024.jpg,133327,35bfdb0e,\Gallery 52\06 - Patricia (2)\,{Shemale Yum Dvd03~G52~06-2~06 - Patricia (2)}
patriciab025.jpg,116128,9aece11a,\Gallery 52\06 - Patricia (2)\,{Shemale Yum Dvd03~G52~06-2~06 - Patricia (2)}
patriciab026.jpg,115080,c7cff781,\Gallery 52\06 - Patricia (2)\,{Shemale Yum Dvd03~G52~06-2~06 - Patricia (2)}
patriciab027.jpg,135930,5e8a8496,\Gallery 52\06 - Patricia (2)\,{Shemale Yum Dvd03~G52~06-2~06 - Patricia (2)}
patriciab028.jpg,125386,580b2161,\Gallery 52\06 - Patricia (2)\,{Shemale Yum Dvd03~G52~06-2~06 - Patricia (2)}
patriciab029.jpg,121451,0eff2ca6,\Gallery 52\06 - Patricia (2)\,{Shemale Yum Dvd03~G52~06-2~06 - Patricia (2)}
patriciab030.jpg,134451,35905b27,\Gallery 52\06 - Patricia (2)\,{Shemale Yum Dvd03~G52~06-2~06 - Patricia (2)}
patriciab031.jpg,140095,6e4fa835,\Gallery 52\06 - Patricia (2)\,{Shemale Yum Dvd03~G52~06-2~06 - Patricia (2)}
patriciab032.jpg,128793,0a6f7f1f,\Gallery 52\06 - Patricia (2)\,{Shemale Yum Dvd03~G52~06-2~06 - Patricia (2)}
patriciab033.jpg,136027,7e073434,\Gallery 52\06 - Patricia (2)\,{Shemale Yum Dvd03~G52~06-2~06 - Patricia (2)}
patriciab034.jpg,118708,a4d6e49c,\Gallery 52\06 - Patricia (2)\,{Shemale Yum Dvd03~G52~06-2~06 - Patricia (2)}
patriciab035.jpg,132204,e4c5a910,\Gallery 52\06 - Patricia (2)\,{Shemale Yum Dvd03~G52~06-2~06 - Patricia (2)}
patriciab036.jpg,119738,d1b5e121,\Gallery 52\06 - Patricia (2)\,{Shemale Yum Dvd03~G52~06-2~06 - Patricia (2)}
patriciab037.jpg,134777,d18b134b,\Gallery 52\06 - Patricia (2)\,{Shemale Yum Dvd03~G52~06-2~06 - Patricia (2)}
patriciab038.jpg,117760,c21a161e,\Gallery 52\06 - Patricia (2)\,{Shemale Yum Dvd03~G52~06-2~06 - Patricia (2)}
patriciab039.jpg,117181,14305ef8,\Gallery 52\06 - Patricia (2)\,{Shemale Yum Dvd03~G52~06-2~06 - Patricia (2)}
patriciab040.jpg,125964,b593402e,\Gallery 52\06 - Patricia (2)\,{Shemale Yum Dvd03~G52~06-2~06 - Patricia (2)}
patriciab041.jpg,125518,6b23768e,\Gallery 52\06 - Patricia (2)\,{Shemale Yum Dvd03~G52~06-2~06 - Patricia (2)}
patriciab042.jpg,125369,c39d95fa,\Gallery 52\06 - Patricia (2)\,{Shemale Yum Dvd03~G52~06-2~06 - Patricia (2)}
patriciab043.jpg,115663,dbbb6fdf,\Gallery 52\06 - Patricia (2)\,{Shemale Yum Dvd03~G52~06-2~06 - Patricia (2)}
patriciab044.jpg,130877,9f01a45e,\Gallery 52\06 - Patricia (2)\,{Shemale Yum Dvd03~G52~06-2~06 - Patricia (2)}
patriciab045.jpg,114501,3af8218c,\Gallery 52\06 - Patricia (2)\,{Shemale Yum Dvd03~G52~06-2~06 - Patricia (2)}
patriciab046.jpg,126160,26489805,\Gallery 52\06 - Patricia (2)\,{Shemale Yum Dvd03~G52~06-2~06 - Patricia (2)}
patriciab047.jpg,118042,76128675,\Gallery 52\06 - Patricia (2)\,{Shemale Yum Dvd03~G52~06-2~06 - Patricia (2)}
patriciab048.jpg,137763,7f3164aa,\Gallery 52\06 - Patricia (2)\,{Shemale Yum Dvd03~G52~06-2~06 - Patricia (2)}
patriciab049.jpg,120223,e65f5795,\Gallery 52\06 - Patricia (2)\,{Shemale Yum Dvd03~G52~06-2~06 - Patricia (2)}
patriciab050.jpg,128647,b92d3510,\Gallery 52\06 - Patricia (2)\,{Shemale Yum Dvd03~G52~06-2~06 - Patricia (2)}
patriciab051.jpg,128169,734a03f1,\Gallery 52\06 - Patricia (2)\,{Shemale Yum Dvd03~G52~06-2~06 - Patricia (2)}
patriciab052.jpg,105551,dc208355,\Gallery 52\06 - Patricia (2)\,{Shemale Yum Dvd03~G52~06-2~06 - Patricia (2)}
patriciab053.jpg,99306,960e046f,\Gallery 52\06 - Patricia (2)\,{Shemale Yum Dvd03~G52~06-2~06 - Patricia (2)}
patriciab054.jpg,122522,dc3fa321,\Gallery 52\06 - Patricia (2)\,{Shemale Yum Dvd03~G52~06-2~06 - Patricia (2)}
patriciab055.jpg,121007,538a0ab8,\Gallery 52\06 - Patricia (2)\,{Shemale Yum Dvd03~G52~06-2~06 - Patricia (2)}
patriciab056.jpg,113950,9da85e97,\Gallery 52\06 - Patricia (2)\,{Shemale Yum Dvd03~G52~06-2~06 - Patricia (2)}
patriciab057.jpg,118462,a3f0b4aa,\Gallery 52\06 - Patricia (2)\,{Shemale Yum Dvd03~G52~06-2~06 - Patricia (2)}
patriciab058.jpg,111027,edf0b397,\Gallery 52\06 - Patricia (2)\,{Shemale Yum Dvd03~G52~06-2~06 - Patricia (2)}
patriciab059.jpg,112030,aae29626,\Gallery 52\06 - Patricia (2)\,{Shemale Yum Dvd03~G52~06-2~06 - Patricia (2)}
patriciab060.jpg,116515,541dfb8d,\Gallery 52\06 - Patricia (2)\,{Shemale Yum Dvd03~G52~06-2~06 - Patricia (2)}
patriciab061.jpg,111117,936fdd9d,\Gallery 52\06 - Patricia (2)\,{Shemale Yum Dvd03~G52~06-2~06 - Patricia (2)}
patriciab062.jpg,119706,46f69dc2,\Gallery 52\06 - Patricia (2)\,{Shemale Yum Dvd03~G52~06-2~06 - Patricia (2)}
patriciab063.jpg,117732,c29993ef,\Gallery 52\06 - Patricia (2)\,{Shemale Yum Dvd03~G52~06-2~06 - Patricia (2)}
patriciab064.jpg,106727,a0470688,\Gallery 52\06 - Patricia (2)\,{Shemale Yum Dvd03~G52~06-2~06 - Patricia (2)}
patriciab065.jpg,108927,f1268569,\Gallery 52\06 - Patricia (2)\,{Shemale Yum Dvd03~G52~06-2~06 - Patricia (2)}
patriciab066.jpg,101806,15d7d988,\Gallery 52\06 - Patricia (2)\,{Shemale Yum Dvd03~G52~06-2~06 - Patricia (2)}
patriciab067.jpg,106582,ca918355,\Gallery 52\06 - Patricia (2)\,{Shemale Yum Dvd03~G52~06-2~06 - Patricia (2)}
patriciab068.jpg,106948,1ac87da2,\Gallery 52\06 - Patricia (2)\,{Shemale Yum Dvd03~G52~06-2~06 - Patricia (2)}
patriciab069.jpg,119623,9413d3d1,\Gallery 52\06 - Patricia (2)\,{Shemale Yum Dvd03~G52~06-2~06 - Patricia (2)}
patriciab070.jpg,114654,77b6ab02,\Gallery 52\06 - Patricia (2)\,{Shemale Yum Dvd03~G52~06-2~06 - Patricia (2)}
patriciab071.jpg,118372,28badea6,\Gallery 52\06 - Patricia (2)\,{Shemale Yum Dvd03~G52~06-2~06 - Patricia (2)}
patriciab072.jpg,107583,170c2f81,\Gallery 52\06 - Patricia (2)\,{Shemale Yum Dvd03~G52~06-2~06 - Patricia (2)}
patriciab073.jpg,108163,2b3ee47f,\Gallery 52\06 - Patricia (2)\,{Shemale Yum Dvd03~G52~06-2~06 - Patricia (2)}
patriciab074.jpg,105524,9a67687a,\Gallery 52\06 - Patricia (2)\,{Shemale Yum Dvd03~G52~06-2~06 - Patricia (2)}
patriciab075.jpg,105042,867c472b,\Gallery 52\06 - Patricia (2)\,{Shemale Yum Dvd03~G52~06-2~06 - Patricia (2)}
patriciab076.jpg,108931,9da6f349,\Gallery 52\06 - Patricia (2)\,{Shemale Yum Dvd03~G52~06-2~06 - Patricia (2)}
patriciab077.jpg,99818,f6a9e0a5,\Gallery 52\06 - Patricia (2)\,{Shemale Yum Dvd03~G52~06-2~06 - Patricia (2)}
patriciab078.jpg,107571,8dc70720,\Gallery 52\06 - Patricia (2)\,{Shemale Yum Dvd03~G52~06-2~06 - Patricia (2)}
patriciab079.jpg,96797,06a98a61,\Gallery 52\06 - Patricia (2)\,{Shemale Yum Dvd03~G52~06-2~06 - Patricia (2)}
patriciab080.jpg,107341,9a7b7463,\Gallery 52\06 - Patricia (2)\,{Shemale Yum Dvd03~G52~06-2~06 - Patricia (2)}
patriciab081.jpg,98985,714753e8,\Gallery 52\06 - Patricia (2)\,{Shemale Yum Dvd03~G52~06-2~06 - Patricia (2)}
patriciab082.jpg,115892,227714d8,\Gallery 52\06 - Patricia (2)\,{Shemale Yum Dvd03~G52~06-2~06 - Patricia (2)}
patriciab083.jpg,101663,24a6dd9f,\Gallery 52\06 - Patricia (2)\,{Shemale Yum Dvd03~G52~06-2~06 - Patricia (2)}
patriciab084.jpg,131187,2558e9bc,\Gallery 52\06 - Patricia (2)\,{Shemale Yum Dvd03~G52~06-2~06 - Patricia (2)}
patriciab085.jpg,125024,cd1e69c4,\Gallery 52\06 - Patricia (2)\,{Shemale Yum Dvd03~G52~06-2~06 - Patricia (2)}
patriciab086.jpg,127467,6457fb94,\Gallery 52\06 - Patricia (2)\,{Shemale Yum Dvd03~G52~06-2~06 - Patricia (2)}
patriciab087.jpg,114629,d4bdbaf2,\Gallery 52\06 - Patricia (2)\,{Shemale Yum Dvd03~G52~06-2~06 - Patricia (2)}
patriciab088.jpg,129156,d96dd4ed,\Gallery 52\06 - Patricia (2)\,{Shemale Yum Dvd03~G52~06-2~06 - Patricia (2)}
patriciab089.jpg,112380,713d1e2f,\Gallery 52\06 - Patricia (2)\,{Shemale Yum Dvd03~G52~06-2~06 - Patricia (2)}
patriciab090.jpg,102956,7651520c,\Gallery 52\06 - Patricia (2)\,{Shemale Yum Dvd03~G52~06-2~06 - Patricia (2)}
patriciab091.jpg,121285,af5a48fb,\Gallery 52\06 - Patricia (2)\,{Shemale Yum Dvd03~G52~06-2~06 - Patricia (2)}
patriciab092.jpg,115263,1a82d676,\Gallery 52\06 - Patricia (2)\,{Shemale Yum Dvd03~G52~06-2~06 - Patricia (2)}
patriciab093.jpg,116957,93491916,\Gallery 52\06 - Patricia (2)\,{Shemale Yum Dvd03~G52~06-2~06 - Patricia (2)}
patriciab094.jpg,102447,4acd20e3,\Gallery 52\06 - Patricia (2)\,{Shemale Yum Dvd03~G52~06-2~06 - Patricia (2)}
patriciab095.jpg,92253,f666881e,\Gallery 52\06 - Patricia (2)\,{Shemale Yum Dvd03~G52~06-2~06 - Patricia (2)}
patriciab096.jpg,88287,b2ff7b74,\Gallery 52\06 - Patricia (2)\,{Shemale Yum Dvd03~G52~06-2~06 - Patricia (2)}
patriciac3001.jpg,132720,f02aa09c,\Gallery 52\06 - Patricia (3)\,{Shemale Yum Dvd03~G52~06-3~06 - Patricia (3)}
patriciac3002.jpg,135114,90af3097,\Gallery 52\06 - Patricia (3)\,{Shemale Yum Dvd03~G52~06-3~06 - Patricia (3)}
patriciac3003.jpg,118074,ec0906c8,\Gallery 52\06 - Patricia (3)\,{Shemale Yum Dvd03~G52~06-3~06 - Patricia (3)}
patriciac3004.jpg,102160,b72c63b2,\Gallery 52\06 - Patricia (3)\,{Shemale Yum Dvd03~G52~06-3~06 - Patricia (3)}
patriciac3005.jpg,145057,c1373229,\Gallery 52\06 - Patricia (3)\,{Shemale Yum Dvd03~G52~06-3~06 - Patricia (3)}
patriciac3006.jpg,91772,d1be3359,\Gallery 52\06 - Patricia (3)\,{Shemale Yum Dvd03~G52~06-3~06 - Patricia (3)}
patriciac3007.jpg,53943,cce5fe2e,\Gallery 52\06 - Patricia (3)\,{Shemale Yum Dvd03~G52~06-3~06 - Patricia (3)}
patriciac3008.jpg,114870,e6fadf7e,\Gallery 52\06 - Patricia (3)\,{Shemale Yum Dvd03~G52~06-3~06 - Patricia (3)}
patriciac3009.jpg,116463,140a1127,\Gallery 52\06 - Patricia (3)\,{Shemale Yum Dvd03~G52~06-3~06 - Patricia (3)}
patriciac3010.jpg,124344,14bd0b20,\Gallery 52\06 - Patricia (3)\,{Shemale Yum Dvd03~G52~06-3~06 - Patricia (3)}
patriciac3011.jpg,126688,d53e7626,\Gallery 52\06 - Patricia (3)\,{Shemale Yum Dvd03~G52~06-3~06 - Patricia (3)}
patriciac3012.jpg,135665,e585716e,\Gallery 52\06 - Patricia (3)\,{Shemale Yum Dvd03~G52~06-3~06 - Patricia (3)}
patriciac3013.jpg,114628,f1149b14,\Gallery 52\06 - Patricia (3)\,{Shemale Yum Dvd03~G52~06-3~06 - Patricia (3)}
patriciac3014.jpg,106794,6ba3ce77,\Gallery 52\06 - Patricia (3)\,{Shemale Yum Dvd03~G52~06-3~06 - Patricia (3)}
patriciac3015.jpg,118687,fb8fbc50,\Gallery 52\06 - Patricia (3)\,{Shemale Yum Dvd03~G52~06-3~06 - Patricia (3)}
patriciac3016.jpg,117616,055cd76d,\Gallery 52\06 - Patricia (3)\,{Shemale Yum Dvd03~G52~06-3~06 - Patricia (3)}
patriciac3017.jpg,123463,c9fa391a,\Gallery 52\06 - Patricia (3)\,{Shemale Yum Dvd03~G52~06-3~06 - Patricia (3)}
patriciac3018.jpg,125721,e0444858,\Gallery 52\06 - Patricia (3)\,{Shemale Yum Dvd03~G52~06-3~06 - Patricia (3)}
patriciac3019.jpg,107876,2bf502f0,\Gallery 52\06 - Patricia (3)\,{Shemale Yum Dvd03~G52~06-3~06 - Patricia (3)}
patriciac3020.jpg,119598,d1e3b1f7,\Gallery 52\06 - Patricia (3)\,{Shemale Yum Dvd03~G52~06-3~06 - Patricia (3)}
patriciac3021.jpg,123202,41ef80f4,\Gallery 52\06 - Patricia (3)\,{Shemale Yum Dvd03~G52~06-3~06 - Patricia (3)}
patriciac3022.jpg,107388,b9aaaf58,\Gallery 52\06 - Patricia (3)\,{Shemale Yum Dvd03~G52~06-3~06 - Patricia (3)}
patriciac3023.jpg,130162,d57fc210,\Gallery 52\06 - Patricia (3)\,{Shemale Yum Dvd03~G52~06-3~06 - Patricia (3)}
patriciac3024.jpg,108493,47324967,\Gallery 52\06 - Patricia (3)\,{Shemale Yum Dvd03~G52~06-3~06 - Patricia (3)}
patriciac3025.jpg,107385,80dbcb29,\Gallery 52\06 - Patricia (3)\,{Shemale Yum Dvd03~G52~06-3~06 - Patricia (3)}
patriciac3026.jpg,114462,87de61ba,\Gallery 52\06 - Patricia (3)\,{Shemale Yum Dvd03~G52~06-3~06 - Patricia (3)}
patriciac3027.jpg,144247,7611296d,\Gallery 52\06 - Patricia (3)\,{Shemale Yum Dvd03~G52~06-3~06 - Patricia (3)}
patriciac3028.jpg,132981,0383e251,\Gallery 52\06 - Patricia (3)\,{Shemale Yum Dvd03~G52~06-3~06 - Patricia (3)}
patriciac3029.jpg,117223,a5e876e1,\Gallery 52\06 - Patricia (3)\,{Shemale Yum Dvd03~G52~06-3~06 - Patricia (3)}
patriciac3030.jpg,122633,4a9d1c31,\Gallery 52\06 - Patricia (3)\,{Shemale Yum Dvd03~G52~06-3~06 - Patricia (3)}
patriciac3031.jpg,124904,a0ed2191,\Gallery 52\06 - Patricia (3)\,{Shemale Yum Dvd03~G52~06-3~06 - Patricia (3)}
patriciac3032.jpg,127274,070ff179,\Gallery 52\06 - Patricia (3)\,{Shemale Yum Dvd03~G52~06-3~06 - Patricia (3)}
patriciac3033.jpg,118317,234be836,\Gallery 52\06 - Patricia (3)\,{Shemale Yum Dvd03~G52~06-3~06 - Patricia (3)}
patriciac3034.jpg,124902,18727d55,\Gallery 52\06 - Patricia (3)\,{Shemale Yum Dvd03~G52~06-3~06 - Patricia (3)}
patriciac3035.jpg,123187,e4105a76,\Gallery 52\06 - Patricia (3)\,{Shemale Yum Dvd03~G52~06-3~06 - Patricia (3)}
patriciac3036.jpg,125361,625ad77e,\Gallery 52\06 - Patricia (3)\,{Shemale Yum Dvd03~G52~06-3~06 - Patricia (3)}
patriciac3037.jpg,136359,dff23800,\Gallery 52\06 - Patricia (3)\,{Shemale Yum Dvd03~G52~06-3~06 - Patricia (3)}
patriciac3038.jpg,135119,3414b6f2,\Gallery 52\06 - Patricia (3)\,{Shemale Yum Dvd03~G52~06-3~06 - Patricia (3)}
patriciac3039.jpg,135790,cd65822c,\Gallery 52\06 - Patricia (3)\,{Shemale Yum Dvd03~G52~06-3~06 - Patricia (3)}
patriciac3040.jpg,141553,069ad411,\Gallery 52\06 - Patricia (3)\,{Shemale Yum Dvd03~G52~06-3~06 - Patricia (3)}
patriciac3041.jpg,143805,daa221cb,\Gallery 52\06 - Patricia (3)\,{Shemale Yum Dvd03~G52~06-3~06 - Patricia (3)}
patriciac3042.jpg,124650,b6a226aa,\Gallery 52\06 - Patricia (3)\,{Shemale Yum Dvd03~G52~06-3~06 - Patricia (3)}
patriciac3043.jpg,127958,f5a394b1,\Gallery 52\06 - Patricia (3)\,{Shemale Yum Dvd03~G52~06-3~06 - Patricia (3)}
patriciac3044.jpg,123230,de562e22,\Gallery 52\06 - Patricia (3)\,{Shemale Yum Dvd03~G52~06-3~06 - Patricia (3)}
patriciac3045.jpg,106604,319b8c77,\Gallery 52\06 - Patricia (3)\,{Shemale Yum Dvd03~G52~06-3~06 - Patricia (3)}
patriciac3046.jpg,102246,454dbf2e,\Gallery 52\06 - Patricia (3)\,{Shemale Yum Dvd03~G52~06-3~06 - Patricia (3)}
patriciac3047.jpg,102288,ac296556,\Gallery 52\06 - Patricia (3)\,{Shemale Yum Dvd03~G52~06-3~06 - Patricia (3)}
patriciac3048.jpg,105389,c58c8e6b,\Gallery 52\06 - Patricia (3)\,{Shemale Yum Dvd03~G52~06-3~06 - Patricia (3)}
patriciac3049.jpg,97847,4fcdd461,\Gallery 52\06 - Patricia (3)\,{Shemale Yum Dvd03~G52~06-3~06 - Patricia (3)}
patriciac3050.jpg,99650,5d55bb6a,\Gallery 52\06 - Patricia (3)\,{Shemale Yum Dvd03~G52~06-3~06 - Patricia (3)}
patriciac3051.jpg,89999,d4ab6a38,\Gallery 52\06 - Patricia (3)\,{Shemale Yum Dvd03~G52~06-3~06 - Patricia (3)}
patriciac3052.jpg,108589,fe798307,\Gallery 52\06 - Patricia (3)\,{Shemale Yum Dvd03~G52~06-3~06 - Patricia (3)}
patriciac3053.jpg,106800,2438079f,\Gallery 52\06 - Patricia (3)\,{Shemale Yum Dvd03~G52~06-3~06 - Patricia (3)}
patriciac3054.jpg,106452,d1cee240,\Gallery 52\06 - Patricia (3)\,{Shemale Yum Dvd03~G52~06-3~06 - Patricia (3)}
patriciac3055.jpg,119558,531e9783,\Gallery 52\06 - Patricia (3)\,{Shemale Yum Dvd03~G52~06-3~06 - Patricia (3)}
patriciac3056.jpg,110204,6cc69709,\Gallery 52\06 - Patricia (3)\,{Shemale Yum Dvd03~G52~06-3~06 - Patricia (3)}
patriciac3057.jpg,121386,dcc71643,\Gallery 52\06 - Patricia (3)\,{Shemale Yum Dvd03~G52~06-3~06 - Patricia (3)}
patriciac3058.jpg,107044,7b15707b,\Gallery 52\06 - Patricia (3)\,{Shemale Yum Dvd03~G52~06-3~06 - Patricia (3)}
patriciac3059.jpg,109386,8287a078,\Gallery 52\06 - Patricia (3)\,{Shemale Yum Dvd03~G52~06-3~06 - Patricia (3)}
patriciac3060.jpg,98021,266a25ec,\Gallery 52\06 - Patricia (3)\,{Shemale Yum Dvd03~G52~06-3~06 - Patricia (3)}
patriciac3061.jpg,90519,2d470a66,\Gallery 52\06 - Patricia (3)\,{Shemale Yum Dvd03~G52~06-3~06 - Patricia (3)}
patriciac3062.jpg,113199,6e9a9e7e,\Gallery 52\06 - Patricia (3)\,{Shemale Yum Dvd03~G52~06-3~06 - Patricia (3)}
patriciac3063.jpg,115830,5af76f1f,\Gallery 52\06 - Patricia (3)\,{Shemale Yum Dvd03~G52~06-3~06 - Patricia (3)}
patriciac3064.jpg,114847,2802e881,\Gallery 52\06 - Patricia (3)\,{Shemale Yum Dvd03~G52~06-3~06 - Patricia (3)}
patriciac3065.jpg,116062,ccee7283,\Gallery 52\06 - Patricia (3)\,{Shemale Yum Dvd03~G52~06-3~06 - Patricia (3)}
patriciac3066.jpg,121327,c85aa209,\Gallery 52\06 - Patricia (3)\,{Shemale Yum Dvd03~G52~06-3~06 - Patricia (3)}
patriciac3067.jpg,107621,c995e885,\Gallery 52\06 - Patricia (3)\,{Shemale Yum Dvd03~G52~06-3~06 - Patricia (3)}
patriciac3068.jpg,103260,03e824b7,\Gallery 52\06 - Patricia (3)\,{Shemale Yum Dvd03~G52~06-3~06 - Patricia (3)}
patriciac3069.jpg,132186,c80b5531,\Gallery 52\06 - Patricia (3)\,{Shemale Yum Dvd03~G52~06-3~06 - Patricia (3)}
patriciac3070.jpg,122311,15faebfa,\Gallery 52\06 - Patricia (3)\,{Shemale Yum Dvd03~G52~06-3~06 - Patricia (3)}
patriciac3071.jpg,132160,cfda3185,\Gallery 52\06 - Patricia (3)\,{Shemale Yum Dvd03~G52~06-3~06 - Patricia (3)}
patriciac3072.jpg,135706,d6ab6903,\Gallery 52\06 - Patricia (3)\,{Shemale Yum Dvd03~G52~06-3~06 - Patricia (3)}
patriciac3073.jpg,133351,b9190af7,\Gallery 52\06 - Patricia (3)\,{Shemale Yum Dvd03~G52~06-3~06 - Patricia (3)}
patriciac3074.jpg,126559,9e5f253b,\Gallery 52\06 - Patricia (3)\,{Shemale Yum Dvd03~G52~06-3~06 - Patricia (3)}
patriciac3075.jpg,133262,39de2a13,\Gallery 52\06 - Patricia (3)\,{Shemale Yum Dvd03~G52~06-3~06 - Patricia (3)}
patriciac3076.jpg,112764,638413f2,\Gallery 52\06 - Patricia (3)\,{Shemale Yum Dvd03~G52~06-3~06 - Patricia (3)}
patriciac3077.jpg,117918,3b979c60,\Gallery 52\06 - Patricia (3)\,{Shemale Yum Dvd03~G52~06-3~06 - Patricia (3)}
patriciac3078.jpg,159400,9a693d33,\Gallery 52\06 - Patricia (3)\,{Shemale Yum Dvd03~G52~06-3~06 - Patricia (3)}
patriciac3079.jpg,148454,d09246f4,\Gallery 52\06 - Patricia (3)\,{Shemale Yum Dvd03~G52~06-3~06 - Patricia (3)}
patriciac3080.jpg,126082,5f191222,\Gallery 52\06 - Patricia (3)\,{Shemale Yum Dvd03~G52~06-3~06 - Patricia (3)}
patriciac3081.jpg,137777,1cd2667c,\Gallery 52\06 - Patricia (3)\,{Shemale Yum Dvd03~G52~06-3~06 - Patricia (3)}
patriciac3082.jpg,128173,b1a7b338,\Gallery 52\06 - Patricia (3)\,{Shemale Yum Dvd03~G52~06-3~06 - Patricia (3)}
patriciac3083.jpg,108896,062f8f5a,\Gallery 52\06 - Patricia (3)\,{Shemale Yum Dvd03~G52~06-3~06 - Patricia (3)}
patriciac3084.jpg,110287,34a007ec,\Gallery 52\06 - Patricia (3)\,{Shemale Yum Dvd03~G52~06-3~06 - Patricia (3)}
patriciac3085.jpg,119200,72e3f32d,\Gallery 52\06 - Patricia (3)\,{Shemale Yum Dvd03~G52~06-3~06 - Patricia (3)}
patriciac3086.jpg,110589,1b8aaf9c,\Gallery 52\06 - Patricia (3)\,{Shemale Yum Dvd03~G52~06-3~06 - Patricia (3)}
patriciac3087.jpg,110498,13ca7332,\Gallery 52\06 - Patricia (3)\,{Shemale Yum Dvd03~G52~06-3~06 - Patricia (3)}
patriciac3088.jpg,118078,25ed2102,\Gallery 52\06 - Patricia (3)\,{Shemale Yum Dvd03~G52~06-3~06 - Patricia (3)}
patriciac3089.jpg,107785,52cfd332,\Gallery 52\06 - Patricia (3)\,{Shemale Yum Dvd03~G52~06-3~06 - Patricia (3)}
patriciac3090.jpg,121835,5b440794,\Gallery 52\06 - Patricia (3)\,{Shemale Yum Dvd03~G52~06-3~06 - Patricia (3)}
patriciac3091.jpg,137586,817d00f1,\Gallery 52\06 - Patricia (3)\,{Shemale Yum Dvd03~G52~06-3~06 - Patricia (3)}
patriciac3092.jpg,131149,7223ca12,\Gallery 52\06 - Patricia (3)\,{Shemale Yum Dvd03~G52~06-3~06 - Patricia (3)}
patriciac3093.jpg,135444,37b7ae2e,\Gallery 52\06 - Patricia (3)\,{Shemale Yum Dvd03~G52~06-3~06 - Patricia (3)}
patriciac3094.jpg,122608,b5524730,\Gallery 52\06 - Patricia (3)\,{Shemale Yum Dvd03~G52~06-3~06 - Patricia (3)}
patriciac3095.jpg,116343,bd315748,\Gallery 52\06 - Patricia (3)\,{Shemale Yum Dvd03~G52~06-3~06 - Patricia (3)}
patriciac3096.jpg,126175,6f57b9a4,\Gallery 52\06 - Patricia (3)\,{Shemale Yum Dvd03~G52~06-3~06 - Patricia (3)}
patriciac3097.jpg,125861,a74c678e,\Gallery 52\06 - Patricia (3)\,{Shemale Yum Dvd03~G52~06-3~06 - Patricia (3)}
patriciac3098.jpg,134996,3ad40d26,\Gallery 52\06 - Patricia (3)\,{Shemale Yum Dvd03~G52~06-3~06 - Patricia (3)}
patriciac3099.jpg,104855,f3c36ef6,\Gallery 52\06 - Patricia (3)\,{Shemale Yum Dvd03~G52~06-3~06 - Patricia (3)}
patriciac4001.jpg,68364,0bb10ded,\Gallery 52\06 - Patricia (4)\,{Shemale Yum Dvd03~G52~06-4~06 - Patricia (4)}
patriciac4002.jpg,116750,fca2fa59,\Gallery 52\06 - Patricia (4)\,{Shemale Yum Dvd03~G52~06-4~06 - Patricia (4)}
patriciac4003.jpg,117261,10ff0a85,\Gallery 52\06 - Patricia (4)\,{Shemale Yum Dvd03~G52~06-4~06 - Patricia (4)}
patriciac4004.jpg,120920,3e4326ca,\Gallery 52\06 - Patricia (4)\,{Shemale Yum Dvd03~G52~06-4~06 - Patricia (4)}
patriciac4005.jpg,118366,1791ddb0,\Gallery 52\06 - Patricia (4)\,{Shemale Yum Dvd03~G52~06-4~06 - Patricia (4)}
patriciac4006.jpg,108564,b5447b57,\Gallery 52\06 - Patricia (4)\,{Shemale Yum Dvd03~G52~06-4~06 - Patricia (4)}
patriciac4007.jpg,117581,cec92fce,\Gallery 52\06 - Patricia (4)\,{Shemale Yum Dvd03~G52~06-4~06 - Patricia (4)}
patriciac4008.jpg,104212,fb13bfda,\Gallery 52\06 - Patricia (4)\,{Shemale Yum Dvd03~G52~06-4~06 - Patricia (4)}
patriciac4009.jpg,97967,7d54e8f1,\Gallery 52\06 - Patricia (4)\,{Shemale Yum Dvd03~G52~06-4~06 - Patricia (4)}
patriciac4010.jpg,84960,5688cb8d,\Gallery 52\06 - Patricia (4)\,{Shemale Yum Dvd03~G52~06-4~06 - Patricia (4)}
patriciac4011.jpg,100392,89975425,\Gallery 52\06 - Patricia (4)\,{Shemale Yum Dvd03~G52~06-4~06 - Patricia (4)}
patriciac4012.jpg,113570,efb8a12a,\Gallery 52\06 - Patricia (4)\,{Shemale Yum Dvd03~G52~06-4~06 - Patricia (4)}
patriciac4013.jpg,105694,acb5ba5e,\Gallery 52\06 - Patricia (4)\,{Shemale Yum Dvd03~G52~06-4~06 - Patricia (4)}
patriciac4014.jpg,112867,9a1d2a30,\Gallery 52\06 - Patricia (4)\,{Shemale Yum Dvd03~G52~06-4~06 - Patricia (4)}
patriciac4015.jpg,135684,9f9021fd,\Gallery 52\06 - Patricia (4)\,{Shemale Yum Dvd03~G52~06-4~06 - Patricia (4)}
patriciac4016.jpg,115826,456ad602,\Gallery 52\06 - Patricia (4)\,{Shemale Yum Dvd03~G52~06-4~06 - Patricia (4)}
patriciac4017.jpg,100699,1ed4736b,\Gallery 52\06 - Patricia (4)\,{Shemale Yum Dvd03~G52~06-4~06 - Patricia (4)}
patriciac4018.jpg,151260,5d2d99d8,\Gallery 52\06 - Patricia (4)\,{Shemale Yum Dvd03~G52~06-4~06 - Patricia (4)}
patriciac4019.jpg,131475,eae31c22,\Gallery 52\06 - Patricia (4)\,{Shemale Yum Dvd03~G52~06-4~06 - Patricia (4)}
patriciac4020.jpg,134966,59223c3e,\Gallery 52\06 - Patricia (4)\,{Shemale Yum Dvd03~G52~06-4~06 - Patricia (4)}
patriciac4021.jpg,160450,0fff134e,\Gallery 52\06 - Patricia (4)\,{Shemale Yum Dvd03~G52~06-4~06 - Patricia (4)}
patriciac4022.jpg,166474,496b85a2,\Gallery 52\06 - Patricia (4)\,{Shemale Yum Dvd03~G52~06-4~06 - Patricia (4)}
patriciac4023.jpg,158746,11492ffe,\Gallery 52\06 - Patricia (4)\,{Shemale Yum Dvd03~G52~06-4~06 - Patricia (4)}
patriciac4024.jpg,128786,06c4121f,\Gallery 52\06 - Patricia (4)\,{Shemale Yum Dvd03~G52~06-4~06 - Patricia (4)}
patriciac4025.jpg,163919,19b89e01,\Gallery 52\06 - Patricia (4)\,{Shemale Yum Dvd03~G52~06-4~06 - Patricia (4)}
patriciac4026.jpg,165223,1c902bb7,\Gallery 52\06 - Patricia (4)\,{Shemale Yum Dvd03~G52~06-4~06 - Patricia (4)}
patriciac4027.jpg,153378,2bc9bd54,\Gallery 52\06 - Patricia (4)\,{Shemale Yum Dvd03~G52~06-4~06 - Patricia (4)}
patriciac4028.jpg,99629,c9cbf190,\Gallery 52\06 - Patricia (4)\,{Shemale Yum Dvd03~G52~06-4~06 - Patricia (4)}
patriciac4029.jpg,109049,a5285d98,\Gallery 52\06 - Patricia (4)\,{Shemale Yum Dvd03~G52~06-4~06 - Patricia (4)}
patriciac4030.jpg,111593,883a52a0,\Gallery 52\06 - Patricia (4)\,{Shemale Yum Dvd03~G52~06-4~06 - Patricia (4)}
patriciac4031.jpg,155643,60d8ad8f,\Gallery 52\06 - Patricia (4)\,{Shemale Yum Dvd03~G52~06-4~06 - Patricia (4)}
patriciac4032.jpg,106854,0b74a86d,\Gallery 52\06 - Patricia (4)\,{Shemale Yum Dvd03~G52~06-4~06 - Patricia (4)}
patriciac4033.jpg,110201,f278b831,\Gallery 52\06 - Patricia (4)\,{Shemale Yum Dvd03~G52~06-4~06 - Patricia (4)}
patriciac4034.jpg,128407,97bc6cfc,\Gallery 52\06 - Patricia (4)\,{Shemale Yum Dvd03~G52~06-4~06 - Patricia (4)}
patriciac4035.jpg,128572,e7c3d3e8,\Gallery 52\06 - Patricia (4)\,{Shemale Yum Dvd03~G52~06-4~06 - Patricia (4)}
patriciac4036.jpg,133246,66a81bb9,\Gallery 52\06 - Patricia (4)\,{Shemale Yum Dvd03~G52~06-4~06 - Patricia (4)}
patriciac4037.jpg,129391,34840ea3,\Gallery 52\06 - Patricia (4)\,{Shemale Yum Dvd03~G52~06-4~06 - Patricia (4)}
patriciac4038.jpg,127855,242235e8,\Gallery 52\06 - Patricia (4)\,{Shemale Yum Dvd03~G52~06-4~06 - Patricia (4)}
patriciac4039.jpg,123469,7a616d79,\Gallery 52\06 - Patricia (4)\,{Shemale Yum Dvd03~G52~06-4~06 - Patricia (4)}
patriciac4040.jpg,123301,bdb1c6cf,\Gallery 52\06 - Patricia (4)\,{Shemale Yum Dvd03~G52~06-4~06 - Patricia (4)}
patriciac4041.jpg,138902,78dac63e,\Gallery 52\06 - Patricia (4)\,{Shemale Yum Dvd03~G52~06-4~06 - Patricia (4)}
patriciac4042.jpg,102342,918811fa,\Gallery 52\06 - Patricia (4)\,{Shemale Yum Dvd03~G52~06-4~06 - Patricia (4)}
patriciac4043.jpg,174854,6d0867c5,\Gallery 52\06 - Patricia (4)\,{Shemale Yum Dvd03~G52~06-4~06 - Patricia (4)}
patriciac4044.jpg,181709,3bded1e3,\Gallery 52\06 - Patricia (4)\,{Shemale Yum Dvd03~G52~06-4~06 - Patricia (4)}
patriciac4045.jpg,137999,e986851b,\Gallery 52\06 - Patricia (4)\,{Shemale Yum Dvd03~G52~06-4~06 - Patricia (4)}
patriciac4046.jpg,182843,176e7cb4,\Gallery 52\06 - Patricia (4)\,{Shemale Yum Dvd03~G52~06-4~06 - Patricia (4)}
patriciac4047.jpg,187946,c35233ec,\Gallery 52\06 - Patricia (4)\,{Shemale Yum Dvd03~G52~06-4~06 - Patricia (4)}
patriciac4048.jpg,97338,ffab78d6,\Gallery 52\06 - Patricia (4)\,{Shemale Yum Dvd03~G52~06-4~06 - Patricia (4)}
patriciac4049.jpg,147458,45485a3f,\Gallery 52\06 - Patricia (4)\,{Shemale Yum Dvd03~G52~06-4~06 - Patricia (4)}
patriciac4050.jpg,161370,d837a478,\Gallery 52\06 - Patricia (4)\,{Shemale Yum Dvd03~G52~06-4~06 - Patricia (4)}
patriciac4051.jpg,133279,7c76a06f,\Gallery 52\06 - Patricia (4)\,{Shemale Yum Dvd03~G52~06-4~06 - Patricia (4)}
patriciac4052.jpg,186062,ee09a733,\Gallery 52\06 - Patricia (4)\,{Shemale Yum Dvd03~G52~06-4~06 - Patricia (4)}
patriciac4053.jpg,181352,e7e62382,\Gallery 52\06 - Patricia (4)\,{Shemale Yum Dvd03~G52~06-4~06 - Patricia (4)}
patriciac4054.jpg,112776,b5ead577,\Gallery 52\06 - Patricia (4)\,{Shemale Yum Dvd03~G52~06-4~06 - Patricia (4)}
patriciac4055.jpg,151497,15799059,\Gallery 52\06 - Patricia (4)\,{Shemale Yum Dvd03~G52~06-4~06 - Patricia (4)}
patriciac4056.jpg,106508,c827060d,\Gallery 52\06 - Patricia (4)\,{Shemale Yum Dvd03~G52~06-4~06 - Patricia (4)}
patriciac4057.jpg,126770,aa1cd669,\Gallery 52\06 - Patricia (4)\,{Shemale Yum Dvd03~G52~06-4~06 - Patricia (4)}
patriciac4058.jpg,132420,70cef825,\Gallery 52\06 - Patricia (4)\,{Shemale Yum Dvd03~G52~06-4~06 - Patricia (4)}
patriciac4059.jpg,138675,84e0d682,\Gallery 52\06 - Patricia (4)\,{Shemale Yum Dvd03~G52~06-4~06 - Patricia (4)}
patriciac4060.jpg,185089,5e442a7f,\Gallery 52\06 - Patricia (4)\,{Shemale Yum Dvd03~G52~06-4~06 - Patricia (4)}
patriciac4061.jpg,156000,af0676dd,\Gallery 52\06 - Patricia (4)\,{Shemale Yum Dvd03~G52~06-4~06 - Patricia (4)}
patriciac4062.jpg,111207,91663923,\Gallery 52\06 - Patricia (4)\,{Shemale Yum Dvd03~G52~06-4~06 - Patricia (4)}
patriciac4063.jpg,113231,8096282a,\Gallery 52\06 - Patricia (4)\,{Shemale Yum Dvd03~G52~06-4~06 - Patricia (4)}
patriciac4064.jpg,114242,beb1eac3,\Gallery 52\06 - Patricia (4)\,{Shemale Yum Dvd03~G52~06-4~06 - Patricia (4)}
patriciac4065.jpg,118863,5c74eb74,\Gallery 52\06 - Patricia (4)\,{Shemale Yum Dvd03~G52~06-4~06 - Patricia (4)}
patriciac4066.jpg,112133,e66f8703,\Gallery 52\06 - Patricia (4)\,{Shemale Yum Dvd03~G52~06-4~06 - Patricia (4)}
patriciac4067.jpg,117074,5e79f81e,\Gallery 52\06 - Patricia (4)\,{Shemale Yum Dvd03~G52~06-4~06 - Patricia (4)}
patriciac4068.jpg,115695,0bf60c5b,\Gallery 52\06 - Patricia (4)\,{Shemale Yum Dvd03~G52~06-4~06 - Patricia (4)}
patriciac4069.jpg,102348,f3982e55,\Gallery 52\06 - Patricia (4)\,{Shemale Yum Dvd03~G52~06-4~06 - Patricia (4)}
patriciac4070.jpg,97830,92575d8c,\Gallery 52\06 - Patricia (4)\,{Shemale Yum Dvd03~G52~06-4~06 - Patricia (4)}
patriciac4071.jpg,138220,b3ded003,\Gallery 52\06 - Patricia (4)\,{Shemale Yum Dvd03~G52~06-4~06 - Patricia (4)}
patriciac4072.jpg,132866,6789de7d,\Gallery 52\06 - Patricia (4)\,{Shemale Yum Dvd03~G52~06-4~06 - Patricia (4)}
patriciac4073.jpg,124708,f0eb2a38,\Gallery 52\06 - Patricia (4)\,{Shemale Yum Dvd03~G52~06-4~06 - Patricia (4)}
patriciac4074.jpg,104828,6e61697b,\Gallery 52\06 - Patricia (4)\,{Shemale Yum Dvd03~G52~06-4~06 - Patricia (4)}
patriciac4075.jpg,100492,d92df28a,\Gallery 52\06 - Patricia (4)\,{Shemale Yum Dvd03~G52~06-4~06 - Patricia (4)}
patriciac4076.jpg,110553,c1758540,\Gallery 52\06 - Patricia (4)\,{Shemale Yum Dvd03~G52~06-4~06 - Patricia (4)}
patriciac4077.jpg,115363,553301ed,\Gallery 52\06 - Patricia (4)\,{Shemale Yum Dvd03~G52~06-4~06 - Patricia (4)}
patriciac4078.jpg,115576,bc99c6df,\Gallery 52\06 - Patricia (4)\,{Shemale Yum Dvd03~G52~06-4~06 - Patricia (4)}
melissa_001.jpg,140120,e56d03bb,\Gallery 52\08 - Melissa\,{Shemale Yum Dvd03~G52~08~08 - Melissa}
melissa_003.jpg,147229,13640e52,\Gallery 52\08 - Melissa\,{Shemale Yum Dvd03~G52~08~08 - Melissa}
melissa_004.jpg,127856,a0371b94,\Gallery 52\08 - Melissa\,{Shemale Yum Dvd03~G52~08~08 - Melissa}
melissa_005.jpg,136468,538b5366,\Gallery 52\08 - Melissa\,{Shemale Yum Dvd03~G52~08~08 - Melissa}
melissa_006.jpg,136274,13553b52,\Gallery 52\08 - Melissa\,{Shemale Yum Dvd03~G52~08~08 - Melissa}
melissa_007.jpg,142931,a65ba41a,\Gallery 52\08 - Melissa\,{Shemale Yum Dvd03~G52~08~08 - Melissa}
melissa_008.jpg,137416,6ae5a225,\Gallery 52\08 - Melissa\,{Shemale Yum Dvd03~G52~08~08 - Melissa}
melissa_009.jpg,126986,983c01a7,\Gallery 52\08 - Melissa\,{Shemale Yum Dvd03~G52~08~08 - Melissa}
melissa_010.jpg,133067,e1633310,\Gallery 52\08 - Melissa\,{Shemale Yum Dvd03~G52~08~08 - Melissa}
melissa_011.jpg,134406,f3cbcbd6,\Gallery 52\08 - Melissa\,{Shemale Yum Dvd03~G52~08~08 - Melissa}
melissa_012.jpg,130219,16ac9dcb,\Gallery 52\08 - Melissa\,{Shemale Yum Dvd03~G52~08~08 - Melissa}
melissa_013.jpg,139722,c0c01d2c,\Gallery 52\08 - Melissa\,{Shemale Yum Dvd03~G52~08~08 - Melissa}
melissa_014.jpg,125646,662997e1,\Gallery 52\08 - Melissa\,{Shemale Yum Dvd03~G52~08~08 - Melissa}
melissa_015.jpg,126421,f8803068,\Gallery 52\08 - Melissa\,{Shemale Yum Dvd03~G52~08~08 - Melissa}
melissa_017.jpg,135495,060c41ad,\Gallery 52\08 - Melissa\,{Shemale Yum Dvd03~G52~08~08 - Melissa}
melissa_018.jpg,138143,1189bc75,\Gallery 52\08 - Melissa\,{Shemale Yum Dvd03~G52~08~08 - Melissa}
melissa_020.jpg,122595,b8d75a90,\Gallery 52\08 - Melissa\,{Shemale Yum Dvd03~G52~08~08 - Melissa}
melissa_021.jpg,140757,c6a7cd9f,\Gallery 52\08 - Melissa\,{Shemale Yum Dvd03~G52~08~08 - Melissa}
melissa_022.jpg,124192,ce81e54d,\Gallery 52\08 - Melissa\,{Shemale Yum Dvd03~G52~08~08 - Melissa}
melissa_023.jpg,110937,025479bf,\Gallery 52\08 - Melissa\,{Shemale Yum Dvd03~G52~08~08 - Melissa}
melissa_024.jpg,144022,37a7ff6d,\Gallery 52\08 - Melissa\,{Shemale Yum Dvd03~G52~08~08 - Melissa}
melissa_025.jpg,134329,518d6d3a,\Gallery 52\08 - Melissa\,{Shemale Yum Dvd03~G52~08~08 - Melissa}
melissa_026.jpg,96381,c6b7118e,\Gallery 52\08 - Melissa\,{Shemale Yum Dvd03~G52~08~08 - Melissa}
melissa_027.jpg,147938,7441a116,\Gallery 52\08 - Melissa\,{Shemale Yum Dvd03~G52~08~08 - Melissa}
melissa_028.jpg,141182,21a44252,\Gallery 52\08 - Melissa\,{Shemale Yum Dvd03~G52~08~08 - Melissa}
melissa_029.jpg,157257,308b3b23,\Gallery 52\08 - Melissa\,{Shemale Yum Dvd03~G52~08~08 - Melissa}
melissa_030.jpg,146643,a901cc98,\Gallery 52\08 - Melissa\,{Shemale Yum Dvd03~G52~08~08 - Melissa}
melissa_031.jpg,130013,02255d40,\Gallery 52\08 - Melissa\,{Shemale Yum Dvd03~G52~08~08 - Melissa}
melissa_032.jpg,134173,b09a3b92,\Gallery 52\08 - Melissa\,{Shemale Yum Dvd03~G52~08~08 - Melissa}
melissa_033.jpg,131622,8298586d,\Gallery 52\08 - Melissa\,{Shemale Yum Dvd03~G52~08~08 - Melissa}
melissa_035.jpg,147381,21279b3a,\Gallery 52\08 - Melissa\,{Shemale Yum Dvd03~G52~08~08 - Melissa}
melissa_036.jpg,122944,ef3afa3a,\Gallery 52\08 - Melissa\,{Shemale Yum Dvd03~G52~08~08 - Melissa}
melissa_037.jpg,145827,eeba97f4,\Gallery 52\08 - Melissa\,{Shemale Yum Dvd03~G52~08~08 - Melissa}
melissa_038.jpg,131987,e9439515,\Gallery 52\08 - Melissa\,{Shemale Yum Dvd03~G52~08~08 - Melissa}
melissa_039.jpg,129294,24fd4f0f,\Gallery 52\08 - Melissa\,{Shemale Yum Dvd03~G52~08~08 - Melissa}
melissa_040.jpg,129312,78fccb81,\Gallery 52\08 - Melissa\,{Shemale Yum Dvd03~G52~08~08 - Melissa}
melissa_041.jpg,127212,7aced0fe,\Gallery 52\08 - Melissa\,{Shemale Yum Dvd03~G52~08~08 - Melissa}
melissa_042.jpg,131553,2d35bc86,\Gallery 52\08 - Melissa\,{Shemale Yum Dvd03~G52~08~08 - Melissa}
melissa_043.jpg,137190,eda448d4,\Gallery 52\08 - Melissa\,{Shemale Yum Dvd03~G52~08~08 - Melissa}
melissa_044.jpg,106360,61aa968e,\Gallery 52\08 - Melissa\,{Shemale Yum Dvd03~G52~08~08 - Melissa}
kourtneyf001.jpg,120255,a2ea06d0,\Gallery 52\03 - Kourtney (6)\,{Shemale Yum Dvd03~G52~03-6~03 - Kourtney (6)}
kourtneyf002.jpg,113753,f883b975,\Gallery 52\03 - Kourtney (6)\,{Shemale Yum Dvd03~G52~03-6~03 - Kourtney (6)}
kourtneyf003.jpg,140604,d83a3b0b,\Gallery 52\03 - Kourtney (6)\,{Shemale Yum Dvd03~G52~03-6~03 - Kourtney (6)}
kourtneyf004.jpg,105864,96ca5615,\Gallery 52\03 - Kourtney (6)\,{Shemale Yum Dvd03~G52~03-6~03 - Kourtney (6)}
kourtneyf005.jpg,130058,e2153722,\Gallery 52\03 - Kourtney (6)\,{Shemale Yum Dvd03~G52~03-6~03 - Kourtney (6)}
kourtneyf006.jpg,140271,38e7679f,\Gallery 52\03 - Kourtney (6)\,{Shemale Yum Dvd03~G52~03-6~03 - Kourtney (6)}
kourtneyf007.jpg,141260,625d54ce,\Gallery 52\03 - Kourtney (6)\,{Shemale Yum Dvd03~G52~03-6~03 - Kourtney (6)}
kourtneyf008.jpg,131116,8419a43d,\Gallery 52\03 - Kourtney (6)\,{Shemale Yum Dvd03~G52~03-6~03 - Kourtney (6)}
kourtneyf009.jpg,128428,41706925,\Gallery 52\03 - Kourtney (6)\,{Shemale Yum Dvd03~G52~03-6~03 - Kourtney (6)}
kourtneyf010.jpg,138860,a925f996,\Gallery 52\03 - Kourtney (6)\,{Shemale Yum Dvd03~G52~03-6~03 - Kourtney (6)}
kourtneyf011.jpg,118398,ccb5ecc0,\Gallery 52\03 - Kourtney (6)\,{Shemale Yum Dvd03~G52~03-6~03 - Kourtney (6)}
kourtneyf012.jpg,123633,1a98f2db,\Gallery 52\03 - Kourtney (6)\,{Shemale Yum Dvd03~G52~03-6~03 - Kourtney (6)}
kourtneyf013.jpg,134089,7ba95196,\Gallery 52\03 - Kourtney (6)\,{Shemale Yum Dvd03~G52~03-6~03 - Kourtney (6)}
kourtneyf014.jpg,130555,22f569f7,\Gallery 52\03 - Kourtney (6)\,{Shemale Yum Dvd03~G52~03-6~03 - Kourtney (6)}
kourtneyf015.jpg,125784,2f7b8471,\Gallery 52\03 - Kourtney (6)\,{Shemale Yum Dvd03~G52~03-6~03 - Kourtney (6)}
kourtneyf016.jpg,132284,ce346be1,\Gallery 52\03 - Kourtney (6)\,{Shemale Yum Dvd03~G52~03-6~03 - Kourtney (6)}
kourtneyf017.jpg,132635,c48cef35,\Gallery 52\03 - Kourtney (6)\,{Shemale Yum Dvd03~G52~03-6~03 - Kourtney (6)}
kourtneyf018.jpg,138029,436c4f87,\Gallery 52\03 - Kourtney (6)\,{Shemale Yum Dvd03~G52~03-6~03 - Kourtney (6)}
kourtneyf019.jpg,113818,31a1a0ab,\Gallery 52\03 - Kourtney (6)\,{Shemale Yum Dvd03~G52~03-6~03 - Kourtney (6)}
kourtneyf020.jpg,134511,99fd45d2,\Gallery 52\03 - Kourtney (6)\,{Shemale Yum Dvd03~G52~03-6~03 - Kourtney (6)}
kourtneyf021.jpg,163983,07383eec,\Gallery 52\03 - Kourtney (6)\,{Shemale Yum Dvd03~G52~03-6~03 - Kourtney (6)}
kourtneyf022.jpg,97679,c92e52ef,\Gallery 52\03 - Kourtney (6)\,{Shemale Yum Dvd03~G52~03-6~03 - Kourtney (6)}
kourtneyf023.jpg,146232,1268c5a1,\Gallery 52\03 - Kourtney (6)\,{Shemale Yum Dvd03~G52~03-6~03 - Kourtney (6)}
kourtneyf024.jpg,90192,9aad959a,\Gallery 52\03 - Kourtney (6)\,{Shemale Yum Dvd03~G52~03-6~03 - Kourtney (6)}
kourtneyf025.jpg,129701,67d10f63,\Gallery 52\03 - Kourtney (6)\,{Shemale Yum Dvd03~G52~03-6~03 - Kourtney (6)}
kourtneyf026.jpg,142726,e1f44129,\Gallery 52\03 - Kourtney (6)\,{Shemale Yum Dvd03~G52~03-6~03 - Kourtney (6)}
kourtneyf027.jpg,150067,a58379d5,\Gallery 52\03 - Kourtney (6)\,{Shemale Yum Dvd03~G52~03-6~03 - Kourtney (6)}
kourtneyf028.jpg,94482,6a873045,\Gallery 52\03 - Kourtney (6)\,{Shemale Yum Dvd03~G52~03-6~03 - Kourtney (6)}
kourtneyf029.jpg,118943,5d5312c0,\Gallery 52\03 - Kourtney (6)\,{Shemale Yum Dvd03~G52~03-6~03 - Kourtney (6)}
kourtneyf030.jpg,136938,c550dbf7,\Gallery 52\03 - Kourtney (6)\,{Shemale Yum Dvd03~G52~03-6~03 - Kourtney (6)}
kourtneyf031.jpg,129015,4dd94d49,\Gallery 52\03 - Kourtney (6)\,{Shemale Yum Dvd03~G52~03-6~03 - Kourtney (6)}
kourtneyf032.jpg,109956,d11ce677,\Gallery 52\03 - Kourtney (6)\,{Shemale Yum Dvd03~G52~03-6~03 - Kourtney (6)}
kourtneyf033.jpg,118661,2bb51686,\Gallery 52\03 - Kourtney (6)\,{Shemale Yum Dvd03~G52~03-6~03 - Kourtney (6)}
kourtneyf034.jpg,155714,dc093ca5,\Gallery 52\03 - Kourtney (6)\,{Shemale Yum Dvd03~G52~03-6~03 - Kourtney (6)}
kourtneyf035.jpg,102146,1535288b,\Gallery 52\03 - Kourtney (6)\,{Shemale Yum Dvd03~G52~03-6~03 - Kourtney (6)}
kourtneyf036.jpg,131693,b8e591f1,\Gallery 52\03 - Kourtney (6)\,{Shemale Yum Dvd03~G52~03-6~03 - Kourtney (6)}
kourtneyf037.jpg,138725,db5ab304,\Gallery 52\03 - Kourtney (6)\,{Shemale Yum Dvd03~G52~03-6~03 - Kourtney (6)}
kourtneyf038.jpg,129862,c2b110d5,\Gallery 52\03 - Kourtney (6)\,{Shemale Yum Dvd03~G52~03-6~03 - Kourtney (6)}
kourtneyf039.jpg,87526,59f27554,\Gallery 52\03 - Kourtney (6)\,{Shemale Yum Dvd03~G52~03-6~03 - Kourtney (6)}
kourtneyf040.jpg,132592,2a707ec3,\Gallery 52\03 - Kourtney (6)\,{Shemale Yum Dvd03~G52~03-6~03 - Kourtney (6)}
kourtneyf041.jpg,108319,51f34968,\Gallery 52\03 - Kourtney (6)\,{Shemale Yum Dvd03~G52~03-6~03 - Kourtney (6)}
kourtneyf042.jpg,133398,368a0f88,\Gallery 52\03 - Kourtney (6)\,{Shemale Yum Dvd03~G52~03-6~03 - Kourtney (6)}
kourtneyf043.jpg,144177,fdd2783a,\Gallery 52\03 - Kourtney (6)\,{Shemale Yum Dvd03~G52~03-6~03 - Kourtney (6)}
kourtneyf044.jpg,139794,ffd8d6dc,\Gallery 52\03 - Kourtney (6)\,{Shemale Yum Dvd03~G52~03-6~03 - Kourtney (6)}
kourtneyf045.jpg,136176,730c1eaf,\Gallery 52\03 - Kourtney (6)\,{Shemale Yum Dvd03~G52~03-6~03 - Kourtney (6)}
kourtneyf046.jpg,136708,bd1ed6ad,\Gallery 52\03 - Kourtney (6)\,{Shemale Yum Dvd03~G52~03-6~03 - Kourtney (6)}
kourtneyf047.jpg,107704,3841076d,\Gallery 52\03 - Kourtney (6)\,{Shemale Yum Dvd03~G52~03-6~03 - Kourtney (6)}
kourtneyf048.jpg,128704,cb101760,\Gallery 52\03 - Kourtney (6)\,{Shemale Yum Dvd03~G52~03-6~03 - Kourtney (6)}
kourtneyf049.jpg,161728,b076f08c,\Gallery 52\03 - Kourtney (6)\,{Shemale Yum Dvd03~G52~03-6~03 - Kourtney (6)}
kourtneyf050.jpg,166207,4bbf69eb,\Gallery 52\03 - Kourtney (6)\,{Shemale Yum Dvd03~G52~03-6~03 - Kourtney (6)}
kourtneyf051.jpg,125660,947eeaaf,\Gallery 52\03 - Kourtney (6)\,{Shemale Yum Dvd03~G52~03-6~03 - Kourtney (6)}
kourtneyf052.jpg,153639,5e6c89e7,\Gallery 52\03 - Kourtney (6)\,{Shemale Yum Dvd03~G52~03-6~03 - Kourtney (6)}
kourtneyf053.jpg,129774,1e2a0b7a,\Gallery 52\03 - Kourtney (6)\,{Shemale Yum Dvd03~G52~03-6~03 - Kourtney (6)}
kourtneyf054.jpg,172372,8a3b02ab,\Gallery 52\03 - Kourtney (6)\,{Shemale Yum Dvd03~G52~03-6~03 - Kourtney (6)}
kourtneyf055.jpg,119078,c95514c6,\Gallery 52\03 - Kourtney (6)\,{Shemale Yum Dvd03~G52~03-6~03 - Kourtney (6)}
kourtneyf056.jpg,118706,46a21138,\Gallery 52\03 - Kourtney (6)\,{Shemale Yum Dvd03~G52~03-6~03 - Kourtney (6)}
kourtneyf057.jpg,117465,0a609216,\Gallery 52\03 - Kourtney (6)\,{Shemale Yum Dvd03~G52~03-6~03 - Kourtney (6)}
kourtneyf058.jpg,139330,b5b4b29e,\Gallery 52\03 - Kourtney (6)\,{Shemale Yum Dvd03~G52~03-6~03 - Kourtney (6)}
kourtneyf059.jpg,114191,7069343e,\Gallery 52\03 - Kourtney (6)\,{Shemale Yum Dvd03~G52~03-6~03 - Kourtney (6)}
kourtneyf060.jpg,130328,22a00709,\Gallery 52\03 - Kourtney (6)\,{Shemale Yum Dvd03~G52~03-6~03 - Kourtney (6)}
alyssia0011111.jpg,135972,7717620a,\Gallery 52\09 - Alyssia\,{Shemale Yum Dvd03~G52~09~09 - Alyssia}
alyssia002.jpg,143086,7aad2787,\Gallery 52\09 - Alyssia\,{Shemale Yum Dvd03~G52~09~09 - Alyssia}
alyssia003.jpg,143612,cc5dbfcb,\Gallery 52\09 - Alyssia\,{Shemale Yum Dvd03~G52~09~09 - Alyssia}
alyssia004.jpg,132126,0eedef6c,\Gallery 52\09 - Alyssia\,{Shemale Yum Dvd03~G52~09~09 - Alyssia}
alyssia005.jpg,133966,a97dc55b,\Gallery 52\09 - Alyssia\,{Shemale Yum Dvd03~G52~09~09 - Alyssia}
alyssia006.jpg,133184,799a3a2d,\Gallery 52\09 - Alyssia\,{Shemale Yum Dvd03~G52~09~09 - Alyssia}
alyssia007.jpg,143606,f0583254,\Gallery 52\09 - Alyssia\,{Shemale Yum Dvd03~G52~09~09 - Alyssia}
alyssia008.jpg,139160,fdc649c5,\Gallery 52\09 - Alyssia\,{Shemale Yum Dvd03~G52~09~09 - Alyssia}
alyssia009.jpg,130553,aefd29b5,\Gallery 52\09 - Alyssia\,{Shemale Yum Dvd03~G52~09~09 - Alyssia}
alyssia010.jpg,147793,09aaab54,\Gallery 52\09 - Alyssia\,{Shemale Yum Dvd03~G52~09~09 - Alyssia}
alyssia011.jpg,132133,605d6a30,\Gallery 52\09 - Alyssia\,{Shemale Yum Dvd03~G52~09~09 - Alyssia}
alyssia012.jpg,131808,a7b26ebf,\Gallery 52\09 - Alyssia\,{Shemale Yum Dvd03~G52~09~09 - Alyssia}
alyssia013.jpg,132460,9bc4ecdf,\Gallery 52\09 - Alyssia\,{Shemale Yum Dvd03~G52~09~09 - Alyssia}
alyssia014.jpg,135167,1b99506e,\Gallery 52\09 - Alyssia\,{Shemale Yum Dvd03~G52~09~09 - Alyssia}
alyssia015.jpg,131439,de5cd747,\Gallery 52\09 - Alyssia\,{Shemale Yum Dvd03~G52~09~09 - Alyssia}
alyssia016.jpg,144437,dae20069,\Gallery 52\09 - Alyssia\,{Shemale Yum Dvd03~G52~09~09 - Alyssia}
alyssia017.jpg,143329,1d7e5716,\Gallery 52\09 - Alyssia\,{Shemale Yum Dvd03~G52~09~09 - Alyssia}
alyssia018.jpg,123184,89515937,\Gallery 52\09 - Alyssia\,{Shemale Yum Dvd03~G52~09~09 - Alyssia}
alyssia019.jpg,133187,38b2a37f,\Gallery 52\09 - Alyssia\,{Shemale Yum Dvd03~G52~09~09 - Alyssia}
alyssia020.jpg,137402,3bed5305,\Gallery 52\09 - Alyssia\,{Shemale Yum Dvd03~G52~09~09 - Alyssia}
alyssia021.jpg,145147,ec50f15b,\Gallery 52\09 - Alyssia\,{Shemale Yum Dvd03~G52~09~09 - Alyssia}
alyssia022.jpg,150419,1ad9f1d7,\Gallery 52\09 - Alyssia\,{Shemale Yum Dvd03~G52~09~09 - Alyssia}
alyssia023.jpg,153152,39dc02bb,\Gallery 52\09 - Alyssia\,{Shemale Yum Dvd03~G52~09~09 - Alyssia}
alyssia024.jpg,151701,921b8646,\Gallery 52\09 - Alyssia\,{Shemale Yum Dvd03~G52~09~09 - Alyssia}
alyssia025.jpg,137003,bd55a2fb,\Gallery 52\09 - Alyssia\,{Shemale Yum Dvd03~G52~09~09 - Alyssia}
alyssia026.jpg,146932,0ee987b9,\Gallery 52\09 - Alyssia\,{Shemale Yum Dvd03~G52~09~09 - Alyssia}
alyssia027.jpg,140228,30b2d19c,\Gallery 52\09 - Alyssia\,{Shemale Yum Dvd03~G52~09~09 - Alyssia}
alyssia028.jpg,144533,8b35ac49,\Gallery 52\09 - Alyssia\,{Shemale Yum Dvd03~G52~09~09 - Alyssia}
alyssia029.jpg,140192,cb9337b9,\Gallery 52\09 - Alyssia\,{Shemale Yum Dvd03~G52~09~09 - Alyssia}
alyssia030.jpg,138094,dec42553,\Gallery 52\09 - Alyssia\,{Shemale Yum Dvd03~G52~09~09 - Alyssia}
alyssia031.jpg,132360,0fb4a770,\Gallery 52\09 - Alyssia\,{Shemale Yum Dvd03~G52~09~09 - Alyssia}
alyssia033.jpg,131855,703923d0,\Gallery 52\09 - Alyssia\,{Shemale Yum Dvd03~G52~09~09 - Alyssia}
alyssia034.jpg,144791,abfe16e3,\Gallery 52\09 - Alyssia\,{Shemale Yum Dvd03~G52~09~09 - Alyssia}
alyssia035.jpg,130734,599049ae,\Gallery 52\09 - Alyssia\,{Shemale Yum Dvd03~G52~09~09 - Alyssia}
alyssia036.jpg,113181,5a316086,\Gallery 52\09 - Alyssia\,{Shemale Yum Dvd03~G52~09~09 - Alyssia}
alyssia037.jpg,122304,004266d4,\Gallery 52\09 - Alyssia\,{Shemale Yum Dvd03~G52~09~09 - Alyssia}
alyssia038.jpg,132457,f0837be7,\Gallery 52\09 - Alyssia\,{Shemale Yum Dvd03~G52~09~09 - Alyssia}
alyssia039.jpg,118669,1971b688,\Gallery 52\09 - Alyssia\,{Shemale Yum Dvd03~G52~09~09 - Alyssia}
alyssia040.jpg,131091,190bfdff,\Gallery 52\09 - Alyssia\,{Shemale Yum Dvd03~G52~09~09 - Alyssia}
alyssia041.jpg,122900,b94bf4e2,\Gallery 52\09 - Alyssia\,{Shemale Yum Dvd03~G52~09~09 - Alyssia}
alyssia042.jpg,118449,0d2140de,\Gallery 52\09 - Alyssia\,{Shemale Yum Dvd03~G52~09~09 - Alyssia}
alyssia043.jpg,124564,1607a785,\Gallery 52\09 - Alyssia\,{Shemale Yum Dvd03~G52~09~09 - Alyssia}
alyssia044.jpg,118350,3e4af33d,\Gallery 52\09 - Alyssia\,{Shemale Yum Dvd03~G52~09~09 - Alyssia}
alyssia045.jpg,131374,650494c5,\Gallery 52\09 - Alyssia\,{Shemale Yum Dvd03~G52~09~09 - Alyssia}
alyssia046.jpg,110875,39ccf61d,\Gallery 52\09 - Alyssia\,{Shemale Yum Dvd03~G52~09~09 - Alyssia}
alyssia047.jpg,121662,36edc6c6,\Gallery 52\09 - Alyssia\,{Shemale Yum Dvd03~G52~09~09 - Alyssia}
alyssia048.jpg,114553,8e7fb3de,\Gallery 52\09 - Alyssia\,{Shemale Yum Dvd03~G52~09~09 - Alyssia}
alyssia049.jpg,118656,8f79631b,\Gallery 52\09 - Alyssia\,{Shemale Yum Dvd03~G52~09~09 - Alyssia}
alyssia050.jpg,112601,83f3fa1a,\Gallery 52\09 - Alyssia\,{Shemale Yum Dvd03~G52~09~09 - Alyssia}
alyssia051.jpg,122789,7756a30e,\Gallery 52\09 - Alyssia\,{Shemale Yum Dvd03~G52~09~09 - Alyssia}
alyssia052.jpg,134951,d57ec948,\Gallery 52\09 - Alyssia\,{Shemale Yum Dvd03~G52~09~09 - Alyssia}
alyssia053.jpg,132112,ceedc2f7,\Gallery 52\09 - Alyssia\,{Shemale Yum Dvd03~G52~09~09 - Alyssia}
alyssia054.jpg,122754,096cc503,\Gallery 52\09 - Alyssia\,{Shemale Yum Dvd03~G52~09~09 - Alyssia}
alyssia055.jpg,118612,c556be9c,\Gallery 52\09 - Alyssia\,{Shemale Yum Dvd03~G52~09~09 - Alyssia}
alyssia056.jpg,103849,4436bb0a,\Gallery 52\09 - Alyssia\,{Shemale Yum Dvd03~G52~09~09 - Alyssia}
alyssia057.jpg,114585,173ff2b2,\Gallery 52\09 - Alyssia\,{Shemale Yum Dvd03~G52~09~09 - Alyssia}
alyssia058.jpg,127781,c4f7f177,\Gallery 52\09 - Alyssia\,{Shemale Yum Dvd03~G52~09~09 - Alyssia}
alyssia059.jpg,104919,c2c99622,\Gallery 52\09 - Alyssia\,{Shemale Yum Dvd03~G52~09~09 - Alyssia}
alyssia060.jpg,112245,e82b69fc,\Gallery 52\09 - Alyssia\,{Shemale Yum Dvd03~G52~09~09 - Alyssia}
alyssia061.jpg,114460,23213389,\Gallery 52\09 - Alyssia\,{Shemale Yum Dvd03~G52~09~09 - Alyssia}
alyssia062.jpg,121380,1e2d18e1,\Gallery 52\09 - Alyssia\,{Shemale Yum Dvd03~G52~09~09 - Alyssia}
alyssia063.jpg,124894,dd5205bc,\Gallery 52\09 - Alyssia\,{Shemale Yum Dvd03~G52~09~09 - Alyssia}
alyssia064.jpg,120993,411cee46,\Gallery 52\09 - Alyssia\,{Shemale Yum Dvd03~G52~09~09 - Alyssia}
alyssia065.jpg,115678,f211cfd2,\Gallery 52\09 - Alyssia\,{Shemale Yum Dvd03~G52~09~09 - Alyssia}
alyssia066.jpg,99647,01b574d6,\Gallery 52\09 - Alyssia\,{Shemale Yum Dvd03~G52~09~09 - Alyssia}
alyssia067.jpg,113169,9616d840,\Gallery 52\09 - Alyssia\,{Shemale Yum Dvd03~G52~09~09 - Alyssia}
alyssia068.jpg,131398,c186f814,\Gallery 52\09 - Alyssia\,{Shemale Yum Dvd03~G52~09~09 - Alyssia}
alyssia069.jpg,110191,c6ec5d70,\Gallery 52\09 - Alyssia\,{Shemale Yum Dvd03~G52~09~09 - Alyssia}
alyssia070.jpg,110467,a334654e,\Gallery 52\09 - Alyssia\,{Shemale Yum Dvd03~G52~09~09 - Alyssia}
alyssia071.jpg,123561,d1ac84d7,\Gallery 52\09 - Alyssia\,{Shemale Yum Dvd03~G52~09~09 - Alyssia}
alyssia072.jpg,127044,dbe4282b,\Gallery 52\09 - Alyssia\,{Shemale Yum Dvd03~G52~09~09 - Alyssia}
alyssia073.jpg,103208,db1d3668,\Gallery 52\09 - Alyssia\,{Shemale Yum Dvd03~G52~09~09 - Alyssia}
alyssia074.jpg,97183,bb3a3b8a,\Gallery 52\09 - Alyssia\,{Shemale Yum Dvd03~G52~09~09 - Alyssia}
alyssia075.jpg,135639,1e319638,\Gallery 52\09 - Alyssia\,{Shemale Yum Dvd03~G52~09~09 - Alyssia}
alyssia076.jpg,112551,b35a7edb,\Gallery 52\09 - Alyssia\,{Shemale Yum Dvd03~G52~09~09 - Alyssia}
alyssia077.jpg,109844,38f511a2,\Gallery 52\09 - Alyssia\,{Shemale Yum Dvd03~G52~09~09 - Alyssia}
alyssia078.jpg,134352,3008b7b5,\Gallery 52\09 - Alyssia\,{Shemale Yum Dvd03~G52~09~09 - Alyssia}
alyssia079.jpg,135539,4fbc25f9,\Gallery 52\09 - Alyssia\,{Shemale Yum Dvd03~G52~09~09 - Alyssia}
alyssia080.jpg,107263,b27de120,\Gallery 52\09 - Alyssia\,{Shemale Yum Dvd03~G52~09~09 - Alyssia}
alyssia081.jpg,125839,72603b58,\Gallery 52\09 - Alyssia\,{Shemale Yum Dvd03~G52~09~09 - Alyssia}
alyssia082.jpg,121543,64f98ef5,\Gallery 52\09 - Alyssia\,{Shemale Yum Dvd03~G52~09~09 - Alyssia}
alyssia083.jpg,107028,0e6d0746,\Gallery 52\09 - Alyssia\,{Shemale Yum Dvd03~G52~09~09 - Alyssia}
alyssia084.jpg,105522,d23534cc,\Gallery 52\09 - Alyssia\,{Shemale Yum Dvd03~G52~09~09 - Alyssia}
alyssia085.jpg,119047,0e3622a5,\Gallery 52\09 - Alyssia\,{Shemale Yum Dvd03~G52~09~09 - Alyssia}
alyssia086.jpg,124131,ddb06db5,\Gallery 52\09 - Alyssia\,{Shemale Yum Dvd03~G52~09~09 - Alyssia}
alyssia087.jpg,124127,da4a5526,\Gallery 52\09 - Alyssia\,{Shemale Yum Dvd03~G52~09~09 - Alyssia}
alyssia088.jpg,102859,4643827c,\Gallery 52\09 - Alyssia\,{Shemale Yum Dvd03~G52~09~09 - Alyssia}
alyssia089.jpg,115853,d038d1af,\Gallery 52\09 - Alyssia\,{Shemale Yum Dvd03~G52~09~09 - Alyssia}
alyssia091.jpg,114380,1eec8ddf,\Gallery 52\09 - Alyssia\,{Shemale Yum Dvd03~G52~09~09 - Alyssia}
alyssia092.jpg,116614,07933bd1,\Gallery 52\09 - Alyssia\,{Shemale Yum Dvd03~G52~09~09 - Alyssia}
alyssia093.jpg,116723,57e1bfc3,\Gallery 52\09 - Alyssia\,{Shemale Yum Dvd03~G52~09~09 - Alyssia}
alyssia094.jpg,90588,5a3ce16a,\Gallery 52\09 - Alyssia\,{Shemale Yum Dvd03~G52~09~09 - Alyssia}
alyssia095.jpg,111151,daa0b808,\Gallery 52\09 - Alyssia\,{Shemale Yum Dvd03~G52~09~09 - Alyssia}
alyssia096.jpg,115401,a9a5450a,\Gallery 52\09 - Alyssia\,{Shemale Yum Dvd03~G52~09~09 - Alyssia}
alyssia097.jpg,127817,654cd2e2,\Gallery 52\09 - Alyssia\,{Shemale Yum Dvd03~G52~09~09 - Alyssia}
alyssia098.jpg,117647,b01b2cb0,\Gallery 52\09 - Alyssia\,{Shemale Yum Dvd03~G52~09~09 - Alyssia}
alyssia099.jpg,92028,06ba22b7,\Gallery 52\09 - Alyssia\,{Shemale Yum Dvd03~G52~09~09 - Alyssia}
alyssia100.jpg,101856,35065b7c,\Gallery 52\09 - Alyssia\,{Shemale Yum Dvd03~G52~09~09 - Alyssia}
alyssia101.jpg,102444,9ad16a66,\Gallery 52\09 - Alyssia\,{Shemale Yum Dvd03~G52~09~09 - Alyssia}
jacinta001.jpg,98660,dedd833c,\Gallery 52\10 - Jacinta\,{Shemale Yum Dvd03~G52~10~10 - Jacinta}
jacinta002.jpg,109114,b7504a3b,\Gallery 52\10 - Jacinta\,{Shemale Yum Dvd03~G52~10~10 - Jacinta}
jacinta003.jpg,111944,b21cd273,\Gallery 52\10 - Jacinta\,{Shemale Yum Dvd03~G52~10~10 - Jacinta}
jacinta004.jpg,110847,6873b9f2,\Gallery 52\10 - Jacinta\,{Shemale Yum Dvd03~G52~10~10 - Jacinta}
jacinta006.jpg,104828,b3af1f76,\Gallery 52\10 - Jacinta\,{Shemale Yum Dvd03~G52~10~10 - Jacinta}
jacinta007.jpg,93602,3426d770,\Gallery 52\10 - Jacinta\,{Shemale Yum Dvd03~G52~10~10 - Jacinta}
jacinta008.jpg,104904,afcb531c,\Gallery 52\10 - Jacinta\,{Shemale Yum Dvd03~G52~10~10 - Jacinta}
jacinta009.jpg,91793,b5f4dbfa,\Gallery 52\10 - Jacinta\,{Shemale Yum Dvd03~G52~10~10 - Jacinta}
jacinta010.jpg,102484,93b4cb7d,\Gallery 52\10 - Jacinta\,{Shemale Yum Dvd03~G52~10~10 - Jacinta}
jacinta011.jpg,90981,b017309d,\Gallery 52\10 - Jacinta\,{Shemale Yum Dvd03~G52~10~10 - Jacinta}
jacinta012.jpg,96110,148c8927,\Gallery 52\10 - Jacinta\,{Shemale Yum Dvd03~G52~10~10 - Jacinta}
jacinta013.jpg,100829,f105b437,\Gallery 52\10 - Jacinta\,{Shemale Yum Dvd03~G52~10~10 - Jacinta}
jacinta015.jpg,100330,0734a71d,\Gallery 52\10 - Jacinta\,{Shemale Yum Dvd03~G52~10~10 - Jacinta}
jacinta016.jpg,116452,d29b5186,\Gallery 52\10 - Jacinta\,{Shemale Yum Dvd03~G52~10~10 - Jacinta}
jacinta017.jpg,121674,7981ad21,\Gallery 52\10 - Jacinta\,{Shemale Yum Dvd03~G52~10~10 - Jacinta}
jacinta019.jpg,84858,71651e63,\Gallery 52\10 - Jacinta\,{Shemale Yum Dvd03~G52~10~10 - Jacinta}
jacinta020.jpg,113943,68a26ead,\Gallery 52\10 - Jacinta\,{Shemale Yum Dvd03~G52~10~10 - Jacinta}
jacinta021.jpg,103751,d857c551,\Gallery 52\10 - Jacinta\,{Shemale Yum Dvd03~G52~10~10 - Jacinta}
jacinta022.jpg,112151,9910520e,\Gallery 52\10 - Jacinta\,{Shemale Yum Dvd03~G52~10~10 - Jacinta}
jacinta023.jpg,82692,fe8be2c1,\Gallery 52\10 - Jacinta\,{Shemale Yum Dvd03~G52~10~10 - Jacinta}
jacinta024.jpg,114117,82003fd3,\Gallery 52\10 - Jacinta\,{Shemale Yum Dvd03~G52~10~10 - Jacinta}
jacinta025.jpg,117019,0f70476f,\Gallery 52\10 - Jacinta\,{Shemale Yum Dvd03~G52~10~10 - Jacinta}
jacinta026.jpg,86310,00cf3c90,\Gallery 52\10 - Jacinta\,{Shemale Yum Dvd03~G52~10~10 - Jacinta}
jacinta028.jpg,114739,e0bde5c7,\Gallery 52\10 - Jacinta\,{Shemale Yum Dvd03~G52~10~10 - Jacinta}
jacinta029.jpg,116712,f36e387f,\Gallery 52\10 - Jacinta\,{Shemale Yum Dvd03~G52~10~10 - Jacinta}
jacinta030.jpg,117815,c81c906f,\Gallery 52\10 - Jacinta\,{Shemale Yum Dvd03~G52~10~10 - Jacinta}
jacinta031.jpg,95063,23ed64dc,\Gallery 52\10 - Jacinta\,{Shemale Yum Dvd03~G52~10~10 - Jacinta}
jacinta033.jpg,123570,9b8eb9f0,\Gallery 52\10 - Jacinta\,{Shemale Yum Dvd03~G52~10~10 - Jacinta}
jacinta034.jpg,105803,09b85cfc,\Gallery 52\10 - Jacinta\,{Shemale Yum Dvd03~G52~10~10 - Jacinta}
jacinta035.jpg,127401,ac015f89,\Gallery 52\10 - Jacinta\,{Shemale Yum Dvd03~G52~10~10 - Jacinta}
jacinta036.jpg,137767,e095a11f,\Gallery 52\10 - Jacinta\,{Shemale Yum Dvd03~G52~10~10 - Jacinta}
jacinta037.jpg,138810,34ed5bf9,\Gallery 52\10 - Jacinta\,{Shemale Yum Dvd03~G52~10~10 - Jacinta}
jacinta038.jpg,131122,1c7c93db,\Gallery 52\10 - Jacinta\,{Shemale Yum Dvd03~G52~10~10 - Jacinta}
jacinta039.jpg,138508,57583178,\Gallery 52\10 - Jacinta\,{Shemale Yum Dvd03~G52~10~10 - Jacinta}
jacinta040.jpg,151972,045967b3,\Gallery 52\10 - Jacinta\,{Shemale Yum Dvd03~G52~10~10 - Jacinta}
jacinta041.jpg,137430,f8c0a39f,\Gallery 52\10 - Jacinta\,{Shemale Yum Dvd03~G52~10~10 - Jacinta}
jacinta042.jpg,134924,2f77e42a,\Gallery 52\10 - Jacinta\,{Shemale Yum Dvd03~G52~10~10 - Jacinta}
jacinta043.jpg,133980,97ce50d4,\Gallery 52\10 - Jacinta\,{Shemale Yum Dvd03~G52~10~10 - Jacinta}
jacinta044.jpg,128568,0818c2c3,\Gallery 52\10 - Jacinta\,{Shemale Yum Dvd03~G52~10~10 - Jacinta}
jacinta045.jpg,134846,c3ac35c2,\Gallery 52\10 - Jacinta\,{Shemale Yum Dvd03~G52~10~10 - Jacinta}
jacinta046.jpg,103023,64b4a2a3,\Gallery 52\10 - Jacinta\,{Shemale Yum Dvd03~G52~10~10 - Jacinta}
jacinta047.jpg,139474,d9d847d6,\Gallery 52\10 - Jacinta\,{Shemale Yum Dvd03~G52~10~10 - Jacinta}
jacinta048.jpg,136078,d1ea02d9,\Gallery 52\10 - Jacinta\,{Shemale Yum Dvd03~G52~10~10 - Jacinta}
jacinta049.jpg,152505,ee1a089d,\Gallery 52\10 - Jacinta\,{Shemale Yum Dvd03~G52~10~10 - Jacinta}
jacinta050.jpg,124921,18595527,\Gallery 52\10 - Jacinta\,{Shemale Yum Dvd03~G52~10~10 - Jacinta}
jacinta051.jpg,131403,efd183db,\Gallery 52\10 - Jacinta\,{Shemale Yum Dvd03~G52~10~10 - Jacinta}
jacinta052.jpg,116382,741ef7b1,\Gallery 52\10 - Jacinta\,{Shemale Yum Dvd03~G52~10~10 - Jacinta}
jacinta053.jpg,138565,8719f9f5,\Gallery 52\10 - Jacinta\,{Shemale Yum Dvd03~G52~10~10 - Jacinta}
jacinta054.jpg,115643,d6d0efd9,\Gallery 52\10 - Jacinta\,{Shemale Yum Dvd03~G52~10~10 - Jacinta}
jacinta055.jpg,138999,bbe6770b,\Gallery 52\10 - Jacinta\,{Shemale Yum Dvd03~G52~10~10 - Jacinta}
jacinta056.jpg,151703,aa22bacf,\Gallery 52\10 - Jacinta\,{Shemale Yum Dvd03~G52~10~10 - Jacinta}
jacinta057.jpg,140677,fcc4483d,\Gallery 52\10 - Jacinta\,{Shemale Yum Dvd03~G52~10~10 - Jacinta}
jacinta058.jpg,147844,432d3b7d,\Gallery 52\10 - Jacinta\,{Shemale Yum Dvd03~G52~10~10 - Jacinta}
jacinta059.jpg,140328,8a4e275d,\Gallery 52\10 - Jacinta\,{Shemale Yum Dvd03~G52~10~10 - Jacinta}
jacinta060.jpg,141819,ec9bcfe3,\Gallery 52\10 - Jacinta\,{Shemale Yum Dvd03~G52~10~10 - Jacinta}
jacinta061.jpg,135842,30670c7f,\Gallery 52\10 - Jacinta\,{Shemale Yum Dvd03~G52~10~10 - Jacinta}
jacinta062.jpg,102652,8210b443,\Gallery 52\10 - Jacinta\,{Shemale Yum Dvd03~G52~10~10 - Jacinta}
jacinta063.jpg,116843,33408620,\Gallery 52\10 - Jacinta\,{Shemale Yum Dvd03~G52~10~10 - Jacinta}
jacinta064.jpg,131964,22061215,\Gallery 52\10 - Jacinta\,{Shemale Yum Dvd03~G52~10~10 - Jacinta}
jacinta065.jpg,132568,4aae336f,\Gallery 52\10 - Jacinta\,{Shemale Yum Dvd03~G52~10~10 - Jacinta}
jacinta066.jpg,136811,225ab963,\Gallery 52\10 - Jacinta\,{Shemale Yum Dvd03~G52~10~10 - Jacinta}
jacinta067.jpg,154615,c25d4ded,\Gallery 52\10 - Jacinta\,{Shemale Yum Dvd03~G52~10~10 - Jacinta}
jacinta068.jpg,142089,1faf9087,\Gallery 52\10 - Jacinta\,{Shemale Yum Dvd03~G52~10~10 - Jacinta}
jacinta069.jpg,151324,4b016f62,\Gallery 52\10 - Jacinta\,{Shemale Yum Dvd03~G52~10~10 - Jacinta}
jacinta070.jpg,144870,6041e56b,\Gallery 52\10 - Jacinta\,{Shemale Yum Dvd03~G52~10~10 - Jacinta}
jacinta071.jpg,134867,2323229a,\Gallery 52\10 - Jacinta\,{Shemale Yum Dvd03~G52~10~10 - Jacinta}
jacinta072.jpg,137993,8dd5b001,\Gallery 52\10 - Jacinta\,{Shemale Yum Dvd03~G52~10~10 - Jacinta}
jacinta073.jpg,138373,29d34e9a,\Gallery 52\10 - Jacinta\,{Shemale Yum Dvd03~G52~10~10 - Jacinta}
jacinta074.jpg,125533,059538d3,\Gallery 52\10 - Jacinta\,{Shemale Yum Dvd03~G52~10~10 - Jacinta}
jacinta075.jpg,140390,0812b002,\Gallery 52\10 - Jacinta\,{Shemale Yum Dvd03~G52~10~10 - Jacinta}
jacinta076.jpg,134844,786f8d99,\Gallery 52\10 - Jacinta\,{Shemale Yum Dvd03~G52~10~10 - Jacinta}
jacinta077.jpg,143139,d071024a,\Gallery 52\10 - Jacinta\,{Shemale Yum Dvd03~G52~10~10 - Jacinta}
jacinta078.jpg,143991,fe8de88c,\Gallery 52\10 - Jacinta\,{Shemale Yum Dvd03~G52~10~10 - Jacinta}
jacinta079.jpg,111543,b49817b9,\Gallery 52\10 - Jacinta\,{Shemale Yum Dvd03~G52~10~10 - Jacinta}
jacinta080.jpg,146922,0a19e010,\Gallery 52\10 - Jacinta\,{Shemale Yum Dvd03~G52~10~10 - Jacinta}
jacinta081.jpg,150540,0090a550,\Gallery 52\10 - Jacinta\,{Shemale Yum Dvd03~G52~10~10 - Jacinta}
jacinta082.jpg,135783,b0eaf58c,\Gallery 52\10 - Jacinta\,{Shemale Yum Dvd03~G52~10~10 - Jacinta}
jacinta084.jpg,134831,2ea856d4,\Gallery 52\10 - Jacinta\,{Shemale Yum Dvd03~G52~10~10 - Jacinta}
jacinta085.jpg,140284,495f472f,\Gallery 52\10 - Jacinta\,{Shemale Yum Dvd03~G52~10~10 - Jacinta}
jacinta086.jpg,139919,fa41af5d,\Gallery 52\10 - Jacinta\,{Shemale Yum Dvd03~G52~10~10 - Jacinta}
jacinta087.jpg,142600,ef806e94,\Gallery 52\10 - Jacinta\,{Shemale Yum Dvd03~G52~10~10 - Jacinta}
jacinta088.jpg,137224,fd2a513d,\Gallery 52\10 - Jacinta\,{Shemale Yum Dvd03~G52~10~10 - Jacinta}
jacinta089.jpg,139332,86099f98,\Gallery 52\10 - Jacinta\,{Shemale Yum Dvd03~G52~10~10 - Jacinta}
jacinta090.jpg,140458,4d9b2b4e,\Gallery 52\10 - Jacinta\,{Shemale Yum Dvd03~G52~10~10 - Jacinta}
jacinta091.jpg,157699,47a0af71,\Gallery 52\10 - Jacinta\,{Shemale Yum Dvd03~G52~10~10 - Jacinta}
jacinta092.jpg,109363,0d76b32a,\Gallery 52\10 - Jacinta\,{Shemale Yum Dvd03~G52~10~10 - Jacinta}
jacinta093.jpg,119906,67f51161,\Gallery 52\10 - Jacinta\,{Shemale Yum Dvd03~G52~10~10 - Jacinta}
jacinta094.jpg,139249,e427f6cd,\Gallery 52\10 - Jacinta\,{Shemale Yum Dvd03~G52~10~10 - Jacinta}
jacinta095.jpg,126091,1edd9c0b,\Gallery 52\10 - Jacinta\,{Shemale Yum Dvd03~G52~10~10 - Jacinta}
jacinta096.jpg,113608,9999ce83,\Gallery 52\10 - Jacinta\,{Shemale Yum Dvd03~G52~10~10 - Jacinta}
jacinta097.jpg,118939,83f330c6,\Gallery 52\10 - Jacinta\,{Shemale Yum Dvd03~G52~10~10 - Jacinta}
jacinta098.jpg,109567,2480dd38,\Gallery 52\10 - Jacinta\,{Shemale Yum Dvd03~G52~10~10 - Jacinta}
jacinta099.jpg,114061,6c181449,\Gallery 52\10 - Jacinta\,{Shemale Yum Dvd03~G52~10~10 - Jacinta}
jacinta100.jpg,91039,46413890,\Gallery 52\10 - Jacinta\,{Shemale Yum Dvd03~G52~10~10 - Jacinta}
jacinta101.jpg,105061,94f6a0f3,\Gallery 52\10 - Jacinta\,{Shemale Yum Dvd03~G52~10~10 - Jacinta}
jacinta102.jpg,127502,e5306c59,\Gallery 52\10 - Jacinta\,{Shemale Yum Dvd03~G52~10~10 - Jacinta}
jacinta104.jpg,135687,6332e883,\Gallery 52\10 - Jacinta\,{Shemale Yum Dvd03~G52~10~10 - Jacinta}
jacinta105.jpg,138597,0b5f779c,\Gallery 52\10 - Jacinta\,{Shemale Yum Dvd03~G52~10~10 - Jacinta}
jacinta106.jpg,89062,34c7c08b,\Gallery 52\10 - Jacinta\,{Shemale Yum Dvd03~G52~10~10 - Jacinta}
jacinta107.jpg,94586,2d1cf918,\Gallery 52\10 - Jacinta\,{Shemale Yum Dvd03~G52~10~10 - Jacinta}
jacinta108.jpg,102466,a6cdea16,\Gallery 52\10 - Jacinta\,{Shemale Yum Dvd03~G52~10~10 - Jacinta}
jacinta109.jpg,96390,60e8035c,\Gallery 52\10 - Jacinta\,{Shemale Yum Dvd03~G52~10~10 - Jacinta}
jacinta110.jpg,131242,720f3042,\Gallery 52\10 - Jacinta\,{Shemale Yum Dvd03~G52~10~10 - Jacinta}
jacinta111.jpg,136586,b017ca52,\Gallery 52\10 - Jacinta\,{Shemale Yum Dvd03~G52~10~10 - Jacinta}
jacinta112.jpg,138545,c938a406,\Gallery 52\10 - Jacinta\,{Shemale Yum Dvd03~G52~10~10 - Jacinta}
jacinta113.jpg,121547,3d15cd94,\Gallery 52\10 - Jacinta\,{Shemale Yum Dvd03~G52~10~10 - Jacinta}
jacinta114.jpg,135599,1627e245,\Gallery 52\10 - Jacinta\,{Shemale Yum Dvd03~G52~10~10 - Jacinta}
jacinta115.jpg,133479,7aa104c5,\Gallery 52\10 - Jacinta\,{Shemale Yum Dvd03~G52~10~10 - Jacinta}
jacinta116.jpg,135851,1f263641,\Gallery 52\10 - Jacinta\,{Shemale Yum Dvd03~G52~10~10 - Jacinta}
jacinta117.jpg,142757,ffdc1392,\Gallery 52\10 - Jacinta\,{Shemale Yum Dvd03~G52~10~10 - Jacinta}
jacinta118.jpg,117606,64f4505a,\Gallery 52\10 - Jacinta\,{Shemale Yum Dvd03~G52~10~10 - Jacinta}
jacinta119.jpg,96698,71ce89ad,\Gallery 52\10 - Jacinta\,{Shemale Yum Dvd03~G52~10~10 - Jacinta}
jacinta120.jpg,66012,4bb869b6,\Gallery 52\10 - Jacinta\,{Shemale Yum Dvd03~G52~10~10 - Jacinta}
joyce_001.jpg,97166,90441793,\Gallery 50\01 - Joyce\,{Shemale Yum Dvd03~G50~01~01 - Joyce}
joyce_002.jpg,115859,fa678493,\Gallery 50\01 - Joyce\,{Shemale Yum Dvd03~G50~01~01 - Joyce}
joyce_003.jpg,111154,2adb3165,\Gallery 50\01 - Joyce\,{Shemale Yum Dvd03~G50~01~01 - Joyce}
joyce_004.jpg,92164,eb642d67,\Gallery 50\01 - Joyce\,{Shemale Yum Dvd03~G50~01~01 - Joyce}
joyce_005.jpg,97173,24a62af1,\Gallery 50\01 - Joyce\,{Shemale Yum Dvd03~G50~01~01 - Joyce}
joyce_006.jpg,100709,543cee94,\Gallery 50\01 - Joyce\,{Shemale Yum Dvd03~G50~01~01 - Joyce}
joyce_007.jpg,110463,8271ce80,\Gallery 50\01 - Joyce\,{Shemale Yum Dvd03~G50~01~01 - Joyce}
joyce_008.jpg,113758,53e76d0e,\Gallery 50\01 - Joyce\,{Shemale Yum Dvd03~G50~01~01 - Joyce}
joyce_009.jpg,98009,10233775,\Gallery 50\01 - Joyce\,{Shemale Yum Dvd03~G50~01~01 - Joyce}
joyce_010.jpg,100664,ab4d2524,\Gallery 50\01 - Joyce\,{Shemale Yum Dvd03~G50~01~01 - Joyce}
joyce_011.jpg,101043,efacbefd,\Gallery 50\01 - Joyce\,{Shemale Yum Dvd03~G50~01~01 - Joyce}
joyce_012.jpg,95010,133fd6d8,\Gallery 50\01 - Joyce\,{Shemale Yum Dvd03~G50~01~01 - Joyce}
joyce_013.jpg,94984,ed66244c,\Gallery 50\01 - Joyce\,{Shemale Yum Dvd03~G50~01~01 - Joyce}
joyce_014.jpg,104214,41f483b5,\Gallery 50\01 - Joyce\,{Shemale Yum Dvd03~G50~01~01 - Joyce}
joyce_015.jpg,92987,6bdf67ab,\Gallery 50\01 - Joyce\,{Shemale Yum Dvd03~G50~01~01 - Joyce}
joyce_016.jpg,107802,a11b1bbc,\Gallery 50\01 - Joyce\,{Shemale Yum Dvd03~G50~01~01 - Joyce}
joyce_017.jpg,94422,c725fef1,\Gallery 50\01 - Joyce\,{Shemale Yum Dvd03~G50~01~01 - Joyce}
joyce_018.jpg,90206,1def37dd,\Gallery 50\01 - Joyce\,{Shemale Yum Dvd03~G50~01~01 - Joyce}
joyce_019.jpg,99560,4e2f2826,\Gallery 50\01 - Joyce\,{Shemale Yum Dvd03~G50~01~01 - Joyce}
joyce_020.jpg,102448,4af658e3,\Gallery 50\01 - Joyce\,{Shemale Yum Dvd03~G50~01~01 - Joyce}
joyce_021.jpg,107495,b243d5d9,\Gallery 50\01 - Joyce\,{Shemale Yum Dvd03~G50~01~01 - Joyce}
joyce_022.jpg,105372,0ac8ebf5,\Gallery 50\01 - Joyce\,{Shemale Yum Dvd03~G50~01~01 - Joyce}
joyce_023.jpg,100852,e97e0917,\Gallery 50\01 - Joyce\,{Shemale Yum Dvd03~G50~01~01 - Joyce}
joyce_024.jpg,124376,aa404a35,\Gallery 50\01 - Joyce\,{Shemale Yum Dvd03~G50~01~01 - Joyce}
joyce_025.jpg,103134,6a68b319,\Gallery 50\01 - Joyce\,{Shemale Yum Dvd03~G50~01~01 - Joyce}
joyce_026.jpg,91312,467133de,\Gallery 50\01 - Joyce\,{Shemale Yum Dvd03~G50~01~01 - Joyce}
joyce_027.jpg,98302,a15e9f92,\Gallery 50\01 - Joyce\,{Shemale Yum Dvd03~G50~01~01 - Joyce}
joyce_028.jpg,138374,9a2efc2c,\Gallery 50\01 - Joyce\,{Shemale Yum Dvd03~G50~01~01 - Joyce}
joyce_029.jpg,96182,df265a58,\Gallery 50\01 - Joyce\,{Shemale Yum Dvd03~G50~01~01 - Joyce}
joyce_030.jpg,87517,39ec7fce,\Gallery 50\01 - Joyce\,{Shemale Yum Dvd03~G50~01~01 - Joyce}
joyce_031.jpg,174314,e1a9a28b,\Gallery 50\01 - Joyce\,{Shemale Yum Dvd03~G50~01~01 - Joyce}
joyce_032.jpg,180075,3e6d006d,\Gallery 50\01 - Joyce\,{Shemale Yum Dvd03~G50~01~01 - Joyce}
joyce_033.jpg,174075,5eacc49e,\Gallery 50\01 - Joyce\,{Shemale Yum Dvd03~G50~01~01 - Joyce}
joyce_034.jpg,157030,5bdeef69,\Gallery 50\01 - Joyce\,{Shemale Yum Dvd03~G50~01~01 - Joyce}
joyce_035.jpg,102629,3c17f8a7,\Gallery 50\01 - Joyce\,{Shemale Yum Dvd03~G50~01~01 - Joyce}
joyce_036.jpg,106663,ae336329,\Gallery 50\01 - Joyce\,{Shemale Yum Dvd03~G50~01~01 - Joyce}
joyce_037.jpg,133862,48235619,\Gallery 50\01 - Joyce\,{Shemale Yum Dvd03~G50~01~01 - Joyce}
joyce_038.jpg,136671,19d25e60,\Gallery 50\01 - Joyce\,{Shemale Yum Dvd03~G50~01~01 - Joyce}
joyce_039.jpg,156620,214cc340,\Gallery 50\01 - Joyce\,{Shemale Yum Dvd03~G50~01~01 - Joyce}
leesa001.jpg,137113,672e8fd4,\Gallery 50\02 - Leesa\,{Shemale Yum Dvd03~G50~02~02 - Leesa}
leesa002.jpg,158958,143a2d2a,\Gallery 50\02 - Leesa\,{Shemale Yum Dvd03~G50~02~02 - Leesa}
leesa003.jpg,156478,eb180dea,\Gallery 50\02 - Leesa\,{Shemale Yum Dvd03~G50~02~02 - Leesa}
leesa004.jpg,157429,f9a1678e,\Gallery 50\02 - Leesa\,{Shemale Yum Dvd03~G50~02~02 - Leesa}
leesa005.jpg,143030,12cb023e,\Gallery 50\02 - Leesa\,{Shemale Yum Dvd03~G50~02~02 - Leesa}
leesa006.jpg,159736,7018a34b,\Gallery 50\02 - Leesa\,{Shemale Yum Dvd03~G50~02~02 - Leesa}
leesa007.jpg,142769,ab8d0459,\Gallery 50\02 - Leesa\,{Shemale Yum Dvd03~G50~02~02 - Leesa}
leesa008.jpg,141789,f7c09e5d,\Gallery 50\02 - Leesa\,{Shemale Yum Dvd03~G50~02~02 - Leesa}
leesa009.jpg,158293,ec528219,\Gallery 50\02 - Leesa\,{Shemale Yum Dvd03~G50~02~02 - Leesa}
leesa010.jpg,154331,fb7bca72,\Gallery 50\02 - Leesa\,{Shemale Yum Dvd03~G50~02~02 - Leesa}
leesa011.jpg,138613,484a6e68,\Gallery 50\02 - Leesa\,{Shemale Yum Dvd03~G50~02~02 - Leesa}
leesa012.jpg,152349,3dd51730,\Gallery 50\02 - Leesa\,{Shemale Yum Dvd03~G50~02~02 - Leesa}
leesa013.jpg,151034,f49634ea,\Gallery 50\02 - Leesa\,{Shemale Yum Dvd03~G50~02~02 - Leesa}
leesa014.jpg,153068,db60b6d9,\Gallery 50\02 - Leesa\,{Shemale Yum Dvd03~G50~02~02 - Leesa}
leesa015.jpg,148778,2a09bf4a,\Gallery 50\02 - Leesa\,{Shemale Yum Dvd03~G50~02~02 - Leesa}
leesa016.jpg,150245,45c5d502,\Gallery 50\02 - Leesa\,{Shemale Yum Dvd03~G50~02~02 - Leesa}
leesa017.jpg,152672,c9a0d09e,\Gallery 50\02 - Leesa\,{Shemale Yum Dvd03~G50~02~02 - Leesa}
leesa018.jpg,140222,3af8f360,\Gallery 50\02 - Leesa\,{Shemale Yum Dvd03~G50~02~02 - Leesa}
leesa019.jpg,148514,bc657908,\Gallery 50\02 - Leesa\,{Shemale Yum Dvd03~G50~02~02 - Leesa}
leesa020.jpg,148928,886969cd,\Gallery 50\02 - Leesa\,{Shemale Yum Dvd03~G50~02~02 - Leesa}
leesa021.jpg,142450,e62dda09,\Gallery 50\02 - Leesa\,{Shemale Yum Dvd03~G50~02~02 - Leesa}
leesa022.jpg,141969,a3424b89,\Gallery 50\02 - Leesa\,{Shemale Yum Dvd03~G50~02~02 - Leesa}
leesa023.jpg,150266,febe6ee6,\Gallery 50\02 - Leesa\,{Shemale Yum Dvd03~G50~02~02 - Leesa}
leesa024.jpg,145859,721864de,\Gallery 50\02 - Leesa\,{Shemale Yum Dvd03~G50~02~02 - Leesa}
leesa025.jpg,125903,ab6e5b4f,\Gallery 50\02 - Leesa\,{Shemale Yum Dvd03~G50~02~02 - Leesa}
leesa026.jpg,143934,5e65000b,\Gallery 50\02 - Leesa\,{Shemale Yum Dvd03~G50~02~02 - Leesa}
leesa027.jpg,141225,315a1797,\Gallery 50\02 - Leesa\,{Shemale Yum Dvd03~G50~02~02 - Leesa}
candy001.jpg,123539,233e15a6,\Gallery 50\03 - Candy\,{Shemale Yum Dvd03~G50~03~03 - Candy}
candy002.jpg,139408,5a7b2ee3,\Gallery 50\03 - Candy\,{Shemale Yum Dvd03~G50~03~03 - Candy}
candy003.jpg,133777,407de360,\Gallery 50\03 - Candy\,{Shemale Yum Dvd03~G50~03~03 - Candy}
candy004.jpg,135212,d4b04cbc,\Gallery 50\03 - Candy\,{Shemale Yum Dvd03~G50~03~03 - Candy}
candy005.jpg,140069,b7173dad,\Gallery 50\03 - Candy\,{Shemale Yum Dvd03~G50~03~03 - Candy}
candy006.jpg,131512,99098bf7,\Gallery 50\03 - Candy\,{Shemale Yum Dvd03~G50~03~03 - Candy}
candy007.jpg,130456,606d67ad,\Gallery 50\03 - Candy\,{Shemale Yum Dvd03~G50~03~03 - Candy}
candy008.jpg,137865,2d392158,\Gallery 50\03 - Candy\,{Shemale Yum Dvd03~G50~03~03 - Candy}
candy009.jpg,132784,955c4f41,\Gallery 50\03 - Candy\,{Shemale Yum Dvd03~G50~03~03 - Candy}
candy010.jpg,136918,edb36d16,\Gallery 50\03 - Candy\,{Shemale Yum Dvd03~G50~03~03 - Candy}
candy011.jpg,119645,8240e5a7,\Gallery 50\03 - Candy\,{Shemale Yum Dvd03~G50~03~03 - Candy}
candy012.jpg,143024,1ed2d56b,\Gallery 50\03 - Candy\,{Shemale Yum Dvd03~G50~03~03 - Candy}
candy013.jpg,142420,c552fdf0,\Gallery 50\03 - Candy\,{Shemale Yum Dvd03~G50~03~03 - Candy}
candy014.jpg,139688,01ec4179,\Gallery 50\03 - Candy\,{Shemale Yum Dvd03~G50~03~03 - Candy}
candy015.jpg,140113,538b1446,\Gallery 50\03 - Candy\,{Shemale Yum Dvd03~G50~03~03 - Candy}
candy016.jpg,129363,c2464227,\Gallery 50\03 - Candy\,{Shemale Yum Dvd03~G50~03~03 - Candy}
candy017.jpg,136248,e87ff4a8,\Gallery 50\03 - Candy\,{Shemale Yum Dvd03~G50~03~03 - Candy}
candy018.jpg,138348,7aee60ab,\Gallery 50\03 - Candy\,{Shemale Yum Dvd03~G50~03~03 - Candy}
candy019.jpg,130129,ecc24b2d,\Gallery 50\03 - Candy\,{Shemale Yum Dvd03~G50~03~03 - Candy}
candy020.jpg,120022,be8b0907,\Gallery 50\03 - Candy\,{Shemale Yum Dvd03~G50~03~03 - Candy}
candy021.jpg,88102,88f26ec0,\Gallery 50\03 - Candy\,{Shemale Yum Dvd03~G50~03~03 - Candy}
candy022.jpg,123275,b8fc02a2,\Gallery 50\03 - Candy\,{Shemale Yum Dvd03~G50~03~03 - Candy}
candy023.jpg,134174,1cd4f72d,\Gallery 50\03 - Candy\,{Shemale Yum Dvd03~G50~03~03 - Candy}
candy024.jpg,123288,607f85af,\Gallery 50\03 - Candy\,{Shemale Yum Dvd03~G50~03~03 - Candy}
candy025.jpg,122732,1d0c379b,\Gallery 50\03 - Candy\,{Shemale Yum Dvd03~G50~03~03 - Candy}
candy026.jpg,131509,a73c551d,\Gallery 50\03 - Candy\,{Shemale Yum Dvd03~G50~03~03 - Candy}
candy027.jpg,102541,3b8d5b68,\Gallery 50\03 - Candy\,{Shemale Yum Dvd03~G50~03~03 - Candy}
candy028.jpg,127910,44e789c8,\Gallery 50\03 - Candy\,{Shemale Yum Dvd03~G50~03~03 - Candy}
candy029.jpg,133363,667d4013,\Gallery 50\03 - Candy\,{Shemale Yum Dvd03~G50~03~03 - Candy}
candy030.jpg,141550,18f6b3cc,\Gallery 50\03 - Candy\,{Shemale Yum Dvd03~G50~03~03 - Candy}
candy031.jpg,138432,22dac8ff,\Gallery 50\03 - Candy\,{Shemale Yum Dvd03~G50~03~03 - Candy}
candy032.jpg,139392,5639d872,\Gallery 50\03 - Candy\,{Shemale Yum Dvd03~G50~03~03 - Candy}
candy033.jpg,120389,701109b3,\Gallery 50\03 - Candy\,{Shemale Yum Dvd03~G50~03~03 - Candy}
candy034.jpg,132023,f96557d3,\Gallery 50\03 - Candy\,{Shemale Yum Dvd03~G50~03~03 - Candy}
candy035.jpg,137644,86321ce2,\Gallery 50\03 - Candy\,{Shemale Yum Dvd03~G50~03~03 - Candy}
candy036.jpg,124382,90d9661d,\Gallery 50\03 - Candy\,{Shemale Yum Dvd03~G50~03~03 - Candy}
candy037.jpg,129287,cd0781a7,\Gallery 50\03 - Candy\,{Shemale Yum Dvd03~G50~03~03 - Candy}
candy038.jpg,129795,43127413,\Gallery 50\03 - Candy\,{Shemale Yum Dvd03~G50~03~03 - Candy}
candy039.jpg,117627,adb1bd79,\Gallery 50\03 - Candy\,{Shemale Yum Dvd03~G50~03~03 - Candy}
candy040.jpg,100695,f1d18aee,\Gallery 50\03 - Candy\,{Shemale Yum Dvd03~G50~03~03 - Candy}
candy041.jpg,111618,68d0928b,\Gallery 50\03 - Candy\,{Shemale Yum Dvd03~G50~03~03 - Candy}
candy042.jpg,102092,7f426d8e,\Gallery 50\03 - Candy\,{Shemale Yum Dvd03~G50~03~03 - Candy}
candy043.jpg,125480,b039f65a,\Gallery 50\03 - Candy\,{Shemale Yum Dvd03~G50~03~03 - Candy}
candy044.jpg,112074,123edc88,\Gallery 50\03 - Candy\,{Shemale Yum Dvd03~G50~03~03 - Candy}
candy045.jpg,114403,40c990ca,\Gallery 50\03 - Candy\,{Shemale Yum Dvd03~G50~03~03 - Candy}
candy046.jpg,129074,4cef05b0,\Gallery 50\03 - Candy\,{Shemale Yum Dvd03~G50~03~03 - Candy}
candy047.jpg,126095,8d6b993a,\Gallery 50\03 - Candy\,{Shemale Yum Dvd03~G50~03~03 - Candy}
candy048.jpg,122153,33733ba5,\Gallery 50\03 - Candy\,{Shemale Yum Dvd03~G50~03~03 - Candy}
candy049.jpg,103302,e6af7a24,\Gallery 50\03 - Candy\,{Shemale Yum Dvd03~G50~03~03 - Candy}
candy050.jpg,117955,8fa945d9,\Gallery 50\03 - Candy\,{Shemale Yum Dvd03~G50~03~03 - Candy}
candy051.jpg,124713,c216265c,\Gallery 50\03 - Candy\,{Shemale Yum Dvd03~G50~03~03 - Candy}
candy052.jpg,92506,de5ffb57,\Gallery 50\03 - Candy\,{Shemale Yum Dvd03~G50~03~03 - Candy}
candy053.jpg,128198,738dd7ed,\Gallery 50\03 - Candy\,{Shemale Yum Dvd03~G50~03~03 - Candy}
candy054.jpg,121343,f4a02282,\Gallery 50\03 - Candy\,{Shemale Yum Dvd03~G50~03~03 - Candy}
candy055.jpg,117506,1705f2a5,\Gallery 50\03 - Candy\,{Shemale Yum Dvd03~G50~03~03 - Candy}
candy056.jpg,136529,9c9dc85b,\Gallery 50\03 - Candy\,{Shemale Yum Dvd03~G50~03~03 - Candy}
candy057.jpg,118389,a4a1cf30,\Gallery 50\03 - Candy\,{Shemale Yum Dvd03~G50~03~03 - Candy}
candy058.jpg,110581,a5ee7fa3,\Gallery 50\03 - Candy\,{Shemale Yum Dvd03~G50~03~03 - Candy}
candy059.jpg,131804,c5527670,\Gallery 50\03 - Candy\,{Shemale Yum Dvd03~G50~03~03 - Candy}
candy060.jpg,125065,5f4109c1,\Gallery 50\03 - Candy\,{Shemale Yum Dvd03~G50~03~03 - Candy}
candy061.jpg,123824,7c5fad4b,\Gallery 50\03 - Candy\,{Shemale Yum Dvd03~G50~03~03 - Candy}
candy062.jpg,141397,46653e94,\Gallery 50\03 - Candy\,{Shemale Yum Dvd03~G50~03~03 - Candy}
candy063.jpg,135637,949eee69,\Gallery 50\03 - Candy\,{Shemale Yum Dvd03~G50~03~03 - Candy}
candy064.jpg,151220,85dbf8ef,\Gallery 50\03 - Candy\,{Shemale Yum Dvd03~G50~03~03 - Candy}
candy065.jpg,138294,a028cc94,\Gallery 50\03 - Candy\,{Shemale Yum Dvd03~G50~03~03 - Candy}
candy066.jpg,133352,51edffe2,\Gallery 50\03 - Candy\,{Shemale Yum Dvd03~G50~03~03 - Candy}
candy067.jpg,133715,e16641fc,\Gallery 50\03 - Candy\,{Shemale Yum Dvd03~G50~03~03 - Candy}
candy068.jpg,142932,866c015f,\Gallery 50\03 - Candy\,{Shemale Yum Dvd03~G50~03~03 - Candy}
candy069.jpg,134199,27fd3c75,\Gallery 50\03 - Candy\,{Shemale Yum Dvd03~G50~03~03 - Candy}
candy070.jpg,129503,3689d2ed,\Gallery 50\03 - Candy\,{Shemale Yum Dvd03~G50~03~03 - Candy}
candy071.jpg,127558,ba986f0b,\Gallery 50\03 - Candy\,{Shemale Yum Dvd03~G50~03~03 - Candy}
candy072.jpg,132720,9e3b3455,\Gallery 50\03 - Candy\,{Shemale Yum Dvd03~G50~03~03 - Candy}
candy073.jpg,130623,16e63ba7,\Gallery 50\03 - Candy\,{Shemale Yum Dvd03~G50~03~03 - Candy}
candy074.jpg,140882,ceabb67b,\Gallery 50\03 - Candy\,{Shemale Yum Dvd03~G50~03~03 - Candy}
candy075.jpg,125088,13558827,\Gallery 50\03 - Candy\,{Shemale Yum Dvd03~G50~03~03 - Candy}
candy076.jpg,134328,70b8b3f6,\Gallery 50\03 - Candy\,{Shemale Yum Dvd03~G50~03~03 - Candy}
candy077.jpg,119821,09c622b7,\Gallery 50\03 - Candy\,{Shemale Yum Dvd03~G50~03~03 - Candy}
candy078.jpg,139238,12480233,\Gallery 50\03 - Candy\,{Shemale Yum Dvd03~G50~03~03 - Candy}
candy079.jpg,116129,8ef75091,\Gallery 50\03 - Candy\,{Shemale Yum Dvd03~G50~03~03 - Candy}
candy080.jpg,133000,88cac5c7,\Gallery 50\03 - Candy\,{Shemale Yum Dvd03~G50~03~03 - Candy}
candy081.jpg,128109,d8b859d8,\Gallery 50\03 - Candy\,{Shemale Yum Dvd03~G50~03~03 - Candy}
candyb001.jpg,145240,6dfdd1b4,\Gallery 50\03 - Candy (2)\,{Shemale Yum Dvd03~G50~03-2~03 - Candy (2)}
candyb002.jpg,207668,4d448f73,\Gallery 50\03 - Candy (2)\,{Shemale Yum Dvd03~G50~03-2~03 - Candy (2)}
candyb003.jpg,213315,c329ec7e,\Gallery 50\03 - Candy (2)\,{Shemale Yum Dvd03~G50~03-2~03 - Candy (2)}
candyb004.jpg,184123,6fd7d39f,\Gallery 50\03 - Candy (2)\,{Shemale Yum Dvd03~G50~03-2~03 - Candy (2)}
candyb005.jpg,173591,864a76c6,\Gallery 50\03 - Candy (2)\,{Shemale Yum Dvd03~G50~03-2~03 - Candy (2)}
candyb006.jpg,186585,c770ab79,\Gallery 50\03 - Candy (2)\,{Shemale Yum Dvd03~G50~03-2~03 - Candy (2)}
candyb007.jpg,150600,d155d338,\Gallery 50\03 - Candy (2)\,{Shemale Yum Dvd03~G50~03-2~03 - Candy (2)}
candyb008.jpg,155870,a403b49e,\Gallery 50\03 - Candy (2)\,{Shemale Yum Dvd03~G50~03-2~03 - Candy (2)}
candyb009.jpg,134656,0b376956,\Gallery 50\03 - Candy (2)\,{Shemale Yum Dvd03~G50~03-2~03 - Candy (2)}
candyb010.jpg,206520,736d43f4,\Gallery 50\03 - Candy (2)\,{Shemale Yum Dvd03~G50~03-2~03 - Candy (2)}
candyb011.jpg,208046,e7a0cd71,\Gallery 50\03 - Candy (2)\,{Shemale Yum Dvd03~G50~03-2~03 - Candy (2)}
candyb012.jpg,188747,055e722f,\Gallery 50\03 - Candy (2)\,{Shemale Yum Dvd03~G50~03-2~03 - Candy (2)}
candyb013.jpg,215475,8f1d04e4,\Gallery 50\03 - Candy (2)\,{Shemale Yum Dvd03~G50~03-2~03 - Candy (2)}
candyb014.jpg,196602,291cbe0c,\Gallery 50\03 - Candy (2)\,{Shemale Yum Dvd03~G50~03-2~03 - Candy (2)}
candyb015.jpg,153700,2f98011d,\Gallery 50\03 - Candy (2)\,{Shemale Yum Dvd03~G50~03-2~03 - Candy (2)}
candyb016.jpg,177533,f8a6cec8,\Gallery 50\03 - Candy (2)\,{Shemale Yum Dvd03~G50~03-2~03 - Candy (2)}
candyb017.jpg,156906,1fb31c89,\Gallery 50\03 - Candy (2)\,{Shemale Yum Dvd03~G50~03-2~03 - Candy (2)}
candyb018.jpg,166859,0f461ce0,\Gallery 50\03 - Candy (2)\,{Shemale Yum Dvd03~G50~03-2~03 - Candy (2)}
candyb019.jpg,198380,9a93a94c,\Gallery 50\03 - Candy (2)\,{Shemale Yum Dvd03~G50~03-2~03 - Candy (2)}
candyb020.jpg,156783,1df2575f,\Gallery 50\03 - Candy (2)\,{Shemale Yum Dvd03~G50~03-2~03 - Candy (2)}
candyb021.jpg,151032,ac3105d3,\Gallery 50\03 - Candy (2)\,{Shemale Yum Dvd03~G50~03-2~03 - Candy (2)}
candyb022.jpg,148205,a95c2c52,\Gallery 50\03 - Candy (2)\,{Shemale Yum Dvd03~G50~03-2~03 - Candy (2)}
candyb023.jpg,138276,fa2e69ef,\Gallery 50\03 - Candy (2)\,{Shemale Yum Dvd03~G50~03-2~03 - Candy (2)}
candyb024.jpg,164181,7e5d2212,\Gallery 50\03 - Candy (2)\,{Shemale Yum Dvd03~G50~03-2~03 - Candy (2)}
candyb025.jpg,139499,f38d9e96,\Gallery 50\03 - Candy (2)\,{Shemale Yum Dvd03~G50~03-2~03 - Candy (2)}
candyb026.jpg,154557,5bf0ab81,\Gallery 50\03 - Candy (2)\,{Shemale Yum Dvd03~G50~03-2~03 - Candy (2)}
candyb027.jpg,138493,a77c7f6a,\Gallery 50\03 - Candy (2)\,{Shemale Yum Dvd03~G50~03-2~03 - Candy (2)}
candyb028.jpg,127109,1bf27709,\Gallery 50\03 - Candy (2)\,{Shemale Yum Dvd03~G50~03-2~03 - Candy (2)}
candyb029.jpg,135131,f710ce89,\Gallery 50\03 - Candy (2)\,{Shemale Yum Dvd03~G50~03-2~03 - Candy (2)}
candyb030.jpg,149179,5fbc3908,\Gallery 50\03 - Candy (2)\,{Shemale Yum Dvd03~G50~03-2~03 - Candy (2)}
candyb031.jpg,152129,f7331f51,\Gallery 50\03 - Candy (2)\,{Shemale Yum Dvd03~G50~03-2~03 - Candy (2)}
candyb032.jpg,171956,f51c0789,\Gallery 50\03 - Candy (2)\,{Shemale Yum Dvd03~G50~03-2~03 - Candy (2)}
candyb033.jpg,162280,3c67cf3a,\Gallery 50\03 - Candy (2)\,{Shemale Yum Dvd03~G50~03-2~03 - Candy (2)}
candyb034.jpg,173819,272b7017,\Gallery 50\03 - Candy (2)\,{Shemale Yum Dvd03~G50~03-2~03 - Candy (2)}
candyb035.jpg,167283,093a69cc,\Gallery 50\03 - Candy (2)\,{Shemale Yum Dvd03~G50~03-2~03 - Candy (2)}
candyb036.jpg,157297,14a5a4aa,\Gallery 50\03 - Candy (2)\,{Shemale Yum Dvd03~G50~03-2~03 - Candy (2)}
candyb037.jpg,159514,385d82ed,\Gallery 50\03 - Candy (2)\,{Shemale Yum Dvd03~G50~03-2~03 - Candy (2)}
candyb038.jpg,138521,50f48522,\Gallery 50\03 - Candy (2)\,{Shemale Yum Dvd03~G50~03-2~03 - Candy (2)}
candyb039.jpg,147867,2a9c211d,\Gallery 50\03 - Candy (2)\,{Shemale Yum Dvd03~G50~03-2~03 - Candy (2)}
candyb040.jpg,162071,ad7b94a1,\Gallery 50\03 - Candy (2)\,{Shemale Yum Dvd03~G50~03-2~03 - Candy (2)}
candyb041.jpg,179625,009e3ba6,\Gallery 50\03 - Candy (2)\,{Shemale Yum Dvd03~G50~03-2~03 - Candy (2)}
candyb042.jpg,148958,d44c6e58,\Gallery 50\03 - Candy (2)\,{Shemale Yum Dvd03~G50~03-2~03 - Candy (2)}
candyb043.jpg,225408,421f074a,\Gallery 50\03 - Candy (2)\,{Shemale Yum Dvd03~G50~03-2~03 - Candy (2)}
candyb044.jpg,148331,8e3c1571,\Gallery 50\03 - Candy (2)\,{Shemale Yum Dvd03~G50~03-2~03 - Candy (2)}
candyb045.jpg,203330,2e39c7f6,\Gallery 50\03 - Candy (2)\,{Shemale Yum Dvd03~G50~03-2~03 - Candy (2)}
candyb046.jpg,220024,7c2d2705,\Gallery 50\03 - Candy (2)\,{Shemale Yum Dvd03~G50~03-2~03 - Candy (2)}
candyb047.jpg,213035,5d068af5,\Gallery 50\03 - Candy (2)\,{Shemale Yum Dvd03~G50~03-2~03 - Candy (2)}
candyb048.jpg,176954,0bfd3f50,\Gallery 50\03 - Candy (2)\,{Shemale Yum Dvd03~G50~03-2~03 - Candy (2)}
candyb049.jpg,195315,f67ed5b3,\Gallery 50\03 - Candy (2)\,{Shemale Yum Dvd03~G50~03-2~03 - Candy (2)}
candyb050.jpg,224021,6ed6b483,\Gallery 50\03 - Candy (2)\,{Shemale Yum Dvd03~G50~03-2~03 - Candy (2)}
candyb051.jpg,220676,cfd0818b,\Gallery 50\03 - Candy (2)\,{Shemale Yum Dvd03~G50~03-2~03 - Candy (2)}
candyb052.jpg,223083,74adbd78,\Gallery 50\03 - Candy (2)\,{Shemale Yum Dvd03~G50~03-2~03 - Candy (2)}
candyb053.jpg,246392,ccda0193,\Gallery 50\03 - Candy (2)\,{Shemale Yum Dvd03~G50~03-2~03 - Candy (2)}
candyb054.jpg,184611,ad8cd3b8,\Gallery 50\03 - Candy (2)\,{Shemale Yum Dvd03~G50~03-2~03 - Candy (2)}
candyb055.jpg,209747,e767f281,\Gallery 50\03 - Candy (2)\,{Shemale Yum Dvd03~G50~03-2~03 - Candy (2)}
candyb056.jpg,151935,83f5cc4e,\Gallery 50\03 - Candy (2)\,{Shemale Yum Dvd03~G50~03-2~03 - Candy (2)}
candyb057.jpg,157489,829db506,\Gallery 50\03 - Candy (2)\,{Shemale Yum Dvd03~G50~03-2~03 - Candy (2)}
candyb058.jpg,167571,0a7fe6a0,\Gallery 50\03 - Candy (2)\,{Shemale Yum Dvd03~G50~03-2~03 - Candy (2)}
candyb059.jpg,262748,b792ed8f,\Gallery 50\03 - Candy (2)\,{Shemale Yum Dvd03~G50~03-2~03 - Candy (2)}
candyb060.jpg,249327,894f87a7,\Gallery 50\03 - Candy (2)\,{Shemale Yum Dvd03~G50~03-2~03 - Candy (2)}
candyb061.jpg,250577,81c54483,\Gallery 50\03 - Candy (2)\,{Shemale Yum Dvd03~G50~03-2~03 - Candy (2)}
candyb062.jpg,191660,508f46e3,\Gallery 50\03 - Candy (2)\,{Shemale Yum Dvd03~G50~03-2~03 - Candy (2)}
candyb063.jpg,234364,0d986a15,\Gallery 50\03 - Candy (2)\,{Shemale Yum Dvd03~G50~03-2~03 - Candy (2)}
candyb064.jpg,222659,e95438ff,\Gallery 50\03 - Candy (2)\,{Shemale Yum Dvd03~G50~03-2~03 - Candy (2)}
candyb065.jpg,242744,d73215e3,\Gallery 50\03 - Candy (2)\,{Shemale Yum Dvd03~G50~03-2~03 - Candy (2)}
candyb066.jpg,141427,bc2d40b6,\Gallery 50\03 - Candy (2)\,{Shemale Yum Dvd03~G50~03-2~03 - Candy (2)}
candyb067.jpg,143921,5cc860f0,\Gallery 50\03 - Candy (2)\,{Shemale Yum Dvd03~G50~03-2~03 - Candy (2)}
candyb068.jpg,151743,fc41c1d4,\Gallery 50\03 - Candy (2)\,{Shemale Yum Dvd03~G50~03-2~03 - Candy (2)}
candyb069.jpg,151604,9abefe2c,\Gallery 50\03 - Candy (2)\,{Shemale Yum Dvd03~G50~03-2~03 - Candy (2)}
candyb070.jpg,160395,05031c74,\Gallery 50\03 - Candy (2)\,{Shemale Yum Dvd03~G50~03-2~03 - Candy (2)}
candyb071.jpg,136652,d77cc017,\Gallery 50\03 - Candy (2)\,{Shemale Yum Dvd03~G50~03-2~03 - Candy (2)}
candyb072.jpg,136294,f5506469,\Gallery 50\03 - Candy (2)\,{Shemale Yum Dvd03~G50~03-2~03 - Candy (2)}
candyb073.jpg,145940,0d40b8e8,\Gallery 50\03 - Candy (2)\,{Shemale Yum Dvd03~G50~03-2~03 - Candy (2)}
candyb074.jpg,135002,4bbe960c,\Gallery 50\03 - Candy (2)\,{Shemale Yum Dvd03~G50~03-2~03 - Candy (2)}
candyb075.jpg,123350,bc6d9ef6,\Gallery 50\03 - Candy (2)\,{Shemale Yum Dvd03~G50~03-2~03 - Candy (2)}
candyb076.jpg,134263,6c1f6a49,\Gallery 50\03 - Candy (2)\,{Shemale Yum Dvd03~G50~03-2~03 - Candy (2)}
candyb077.jpg,134753,2e0150f1,\Gallery 50\03 - Candy (2)\,{Shemale Yum Dvd03~G50~03-2~03 - Candy (2)}
candyb078.jpg,142923,4342e0ac,\Gallery 50\03 - Candy (2)\,{Shemale Yum Dvd03~G50~03-2~03 - Candy (2)}
candyb079.jpg,141754,a097461c,\Gallery 50\03 - Candy (2)\,{Shemale Yum Dvd03~G50~03-2~03 - Candy (2)}
candyb080.jpg,145198,ff8fdf46,\Gallery 50\03 - Candy (2)\,{Shemale Yum Dvd03~G50~03-2~03 - Candy (2)}
candyb081.jpg,155026,e5bef446,\Gallery 50\03 - Candy (2)\,{Shemale Yum Dvd03~G50~03-2~03 - Candy (2)}
candyb082.jpg,148025,263e2f92,\Gallery 50\03 - Candy (2)\,{Shemale Yum Dvd03~G50~03-2~03 - Candy (2)}
candyb083.jpg,108281,3003599c,\Gallery 50\03 - Candy (2)\,{Shemale Yum Dvd03~G50~03-2~03 - Candy (2)}
candyb084.jpg,138073,03e303c6,\Gallery 50\03 - Candy (2)\,{Shemale Yum Dvd03~G50~03-2~03 - Candy (2)}
candyb085.jpg,135633,daa6464a,\Gallery 50\03 - Candy (2)\,{Shemale Yum Dvd03~G50~03-2~03 - Candy (2)}
carolina001.jpg,140270,d894f374,\Gallery 50\04 - Carolina\,{Shemale Yum Dvd03~G50~04~04 - Carolina}
carolina002.jpg,146772,1eb9caa1,\Gallery 50\04 - Carolina\,{Shemale Yum Dvd03~G50~04~04 - Carolina}
carolina003.jpg,142261,ef15a7fa,\Gallery 50\04 - Carolina\,{Shemale Yum Dvd03~G50~04~04 - Carolina}
carolina004.jpg,129510,028e82a3,\Gallery 50\04 - Carolina\,{Shemale Yum Dvd03~G50~04~04 - Carolina}
carolina005.jpg,130281,9470c3d4,\Gallery 50\04 - Carolina\,{Shemale Yum Dvd03~G50~04~04 - Carolina}
carolina006.jpg,131507,2570f27b,\Gallery 50\04 - Carolina\,{Shemale Yum Dvd03~G50~04~04 - Carolina}
carolina007.jpg,132459,68e8b640,\Gallery 50\04 - Carolina\,{Shemale Yum Dvd03~G50~04~04 - Carolina}
carolina008.jpg,135497,6e8da854,\Gallery 50\04 - Carolina\,{Shemale Yum Dvd03~G50~04~04 - Carolina}
carolina009.jpg,141183,ba945077,\Gallery 50\04 - Carolina\,{Shemale Yum Dvd03~G50~04~04 - Carolina}
carolina010.jpg,138471,56ef0eba,\Gallery 50\04 - Carolina\,{Shemale Yum Dvd03~G50~04~04 - Carolina}
carolina011.jpg,133622,4be69ce1,\Gallery 50\04 - Carolina\,{Shemale Yum Dvd03~G50~04~04 - Carolina}
carolina012.jpg,135866,f2c9a87f,\Gallery 50\04 - Carolina\,{Shemale Yum Dvd03~G50~04~04 - Carolina}
carolina013.jpg,138523,152284b8,\Gallery 50\04 - Carolina\,{Shemale Yum Dvd03~G50~04~04 - Carolina}
carolina014.jpg,137060,d386d56e,\Gallery 50\04 - Carolina\,{Shemale Yum Dvd03~G50~04~04 - Carolina}
carolina015.jpg,138025,af4a7091,\Gallery 50\04 - Carolina\,{Shemale Yum Dvd03~G50~04~04 - Carolina}
carolina016.jpg,133098,d6024864,\Gallery 50\04 - Carolina\,{Shemale Yum Dvd03~G50~04~04 - Carolina}
carolina017.jpg,131915,b1c947eb,\Gallery 50\04 - Carolina\,{Shemale Yum Dvd03~G50~04~04 - Carolina}
carolina018.jpg,144621,6b032a4d,\Gallery 50\04 - Carolina\,{Shemale Yum Dvd03~G50~04~04 - Carolina}
carolina019.jpg,138224,af9adfa4,\Gallery 50\04 - Carolina\,{Shemale Yum Dvd03~G50~04~04 - Carolina}
carolina020.jpg,142870,4724833c,\Gallery 50\04 - Carolina\,{Shemale Yum Dvd03~G50~04~04 - Carolina}
carolina021.jpg,144370,1a3b6e7e,\Gallery 50\04 - Carolina\,{Shemale Yum Dvd03~G50~04~04 - Carolina}
carolina022.jpg,138836,682e3a16,\Gallery 50\04 - Carolina\,{Shemale Yum Dvd03~G50~04~04 - Carolina}
carolina023.jpg,140166,20063131,\Gallery 50\04 - Carolina\,{Shemale Yum Dvd03~G50~04~04 - Carolina}
carolina024.jpg,130413,c9718b35,\Gallery 50\04 - Carolina\,{Shemale Yum Dvd03~G50~04~04 - Carolina}
carolina025.jpg,131642,3232e1ae,\Gallery 50\04 - Carolina\,{Shemale Yum Dvd03~G50~04~04 - Carolina}
carolina026.jpg,134580,bc8a9987,\Gallery 50\04 - Carolina\,{Shemale Yum Dvd03~G50~04~04 - Carolina}
carolina027.jpg,139942,131f8563,\Gallery 50\04 - Carolina\,{Shemale Yum Dvd03~G50~04~04 - Carolina}
carolina028.jpg,132042,2d023046,\Gallery 50\04 - Carolina\,{Shemale Yum Dvd03~G50~04~04 - Carolina}
carolina029.jpg,135822,1af7e64a,\Gallery 50\04 - Carolina\,{Shemale Yum Dvd03~G50~04~04 - Carolina}
carolina030.jpg,124878,af190557,\Gallery 50\04 - Carolina\,{Shemale Yum Dvd03~G50~04~04 - Carolina}
carolina031.jpg,130435,703f5f38,\Gallery 50\04 - Carolina\,{Shemale Yum Dvd03~G50~04~04 - Carolina}
carolina032.jpg,130221,8473737d,\Gallery 50\04 - Carolina\,{Shemale Yum Dvd03~G50~04~04 - Carolina}
carolina033.jpg,130082,12018cd9,\Gallery 50\04 - Carolina\,{Shemale Yum Dvd03~G50~04~04 - Carolina}
carolina034.jpg,138408,68036bdc,\Gallery 50\04 - Carolina\,{Shemale Yum Dvd03~G50~04~04 - Carolina}
carolina035.jpg,131689,f7dd52f7,\Gallery 50\04 - Carolina\,{Shemale Yum Dvd03~G50~04~04 - Carolina}
carolina036.jpg,140739,ac3cde76,\Gallery 50\04 - Carolina\,{Shemale Yum Dvd03~G50~04~04 - Carolina}
carolina037.jpg,136260,2490a655,\Gallery 50\04 - Carolina\,{Shemale Yum Dvd03~G50~04~04 - Carolina}
carolina038.jpg,131998,46a2f43e,\Gallery 50\04 - Carolina\,{Shemale Yum Dvd03~G50~04~04 - Carolina}
carolina039.jpg,134173,0a36d606,\Gallery 50\04 - Carolina\,{Shemale Yum Dvd03~G50~04~04 - Carolina}
carolina040.jpg,123598,36419b74,\Gallery 50\04 - Carolina\,{Shemale Yum Dvd03~G50~04~04 - Carolina}
carolina041.jpg,131619,4dd8c8b2,\Gallery 50\04 - Carolina\,{Shemale Yum Dvd03~G50~04~04 - Carolina}
carolina042.jpg,133853,d9098044,\Gallery 50\04 - Carolina\,{Shemale Yum Dvd03~G50~04~04 - Carolina}
carolina043.jpg,140344,6fdd3b0b,\Gallery 50\04 - Carolina\,{Shemale Yum Dvd03~G50~04~04 - Carolina}
carolina044.jpg,137862,8d856dc6,\Gallery 50\04 - Carolina\,{Shemale Yum Dvd03~G50~04~04 - Carolina}
carolina045.jpg,134047,dbeeca1f,\Gallery 50\04 - Carolina\,{Shemale Yum Dvd03~G50~04~04 - Carolina}
carolina046.jpg,99372,93a3f35f,\Gallery 50\04 - Carolina\,{Shemale Yum Dvd03~G50~04~04 - Carolina}
carolina047.jpg,98129,bd2c7e80,\Gallery 50\04 - Carolina\,{Shemale Yum Dvd03~G50~04~04 - Carolina}
carolina048.jpg,111401,d2c58f28,\Gallery 50\04 - Carolina\,{Shemale Yum Dvd03~G50~04~04 - Carolina}
carolina049.jpg,119309,9caf954f,\Gallery 50\04 - Carolina\,{Shemale Yum Dvd03~G50~04~04 - Carolina}
carolina050.jpg,111457,b1e11023,\Gallery 50\04 - Carolina\,{Shemale Yum Dvd03~G50~04~04 - Carolina}
carolina051.jpg,119753,d47d07c7,\Gallery 50\04 - Carolina\,{Shemale Yum Dvd03~G50~04~04 - Carolina}
carolina052.jpg,131479,085744fa,\Gallery 50\04 - Carolina\,{Shemale Yum Dvd03~G50~04~04 - Carolina}
carolina053.jpg,124133,99013bb3,\Gallery 50\04 - Carolina\,{Shemale Yum Dvd03~G50~04~04 - Carolina}
carolina054.jpg,121916,fd37ffe9,\Gallery 50\04 - Carolina\,{Shemale Yum Dvd03~G50~04~04 - Carolina}
carolina055.jpg,127621,6a83bebc,\Gallery 50\04 - Carolina\,{Shemale Yum Dvd03~G50~04~04 - Carolina}
carolina056.jpg,123765,a6c08c7d,\Gallery 50\04 - Carolina\,{Shemale Yum Dvd03~G50~04~04 - Carolina}
carolina057.jpg,127330,e50bd7dc,\Gallery 50\04 - Carolina\,{Shemale Yum Dvd03~G50~04~04 - Carolina}
carolina058.jpg,121866,4175a5be,\Gallery 50\04 - Carolina\,{Shemale Yum Dvd03~G50~04~04 - Carolina}
carolina059.jpg,119482,d199b0de,\Gallery 50\04 - Carolina\,{Shemale Yum Dvd03~G50~04~04 - Carolina}
carolina060.jpg,103194,cce81d3f,\Gallery 50\04 - Carolina\,{Shemale Yum Dvd03~G50~04~04 - Carolina}
carolina061.jpg,104229,05152ff7,\Gallery 50\04 - Carolina\,{Shemale Yum Dvd03~G50~04~04 - Carolina}
carolina062.jpg,98096,9ace391d,\Gallery 50\04 - Carolina\,{Shemale Yum Dvd03~G50~04~04 - Carolina}
carolina063.jpg,112668,eb2bcc6d,\Gallery 50\04 - Carolina\,{Shemale Yum Dvd03~G50~04~04 - Carolina}
carolina064.jpg,121421,2a357c32,\Gallery 50\04 - Carolina\,{Shemale Yum Dvd03~G50~04~04 - Carolina}
carolina065.jpg,90343,f6c8a2a3,\Gallery 50\04 - Carolina\,{Shemale Yum Dvd03~G50~04~04 - Carolina}
carolina066.jpg,89865,c929d9fb,\Gallery 50\04 - Carolina\,{Shemale Yum Dvd03~G50~04~04 - Carolina}
carolina067.jpg,91996,16a64628,\Gallery 50\04 - Carolina\,{Shemale Yum Dvd03~G50~04~04 - Carolina}
carolina068.jpg,94293,33b79e3f,\Gallery 50\04 - Carolina\,{Shemale Yum Dvd03~G50~04~04 - Carolina}
carolina069.jpg,102904,069b8ae1,\Gallery 50\04 - Carolina\,{Shemale Yum Dvd03~G50~04~04 - Carolina}
carolina070.jpg,122615,a41c14fc,\Gallery 50\04 - Carolina\,{Shemale Yum Dvd03~G50~04~04 - Carolina}
carolina071.jpg,135279,5790509b,\Gallery 50\04 - Carolina\,{Shemale Yum Dvd03~G50~04~04 - Carolina}
carolina072.jpg,136770,24065d5c,\Gallery 50\04 - Carolina\,{Shemale Yum Dvd03~G50~04~04 - Carolina}
carolina073.jpg,129484,54c815a2,\Gallery 50\04 - Carolina\,{Shemale Yum Dvd03~G50~04~04 - Carolina}
carolina074.jpg,143196,2055976b,\Gallery 50\04 - Carolina\,{Shemale Yum Dvd03~G50~04~04 - Carolina}
carolina075.jpg,141756,b92346c0,\Gallery 50\04 - Carolina\,{Shemale Yum Dvd03~G50~04~04 - Carolina}
carolina076.jpg,129840,a066a066,\Gallery 50\04 - Carolina\,{Shemale Yum Dvd03~G50~04~04 - Carolina}
carolina077.jpg,116872,aa10dbbe,\Gallery 50\04 - Carolina\,{Shemale Yum Dvd03~G50~04~04 - Carolina}
carolina078.jpg,141056,5e1b6787,\Gallery 50\04 - Carolina\,{Shemale Yum Dvd03~G50~04~04 - Carolina}
carolina079.jpg,131994,2fb55d54,\Gallery 50\04 - Carolina\,{Shemale Yum Dvd03~G50~04~04 - Carolina}
carolina080.jpg,119938,ed016cd8,\Gallery 50\04 - Carolina\,{Shemale Yum Dvd03~G50~04~04 - Carolina}
carolina081.jpg,114855,016efa3d,\Gallery 50\04 - Carolina\,{Shemale Yum Dvd03~G50~04~04 - Carolina}
carolina082.jpg,118070,4dc01585,\Gallery 50\04 - Carolina\,{Shemale Yum Dvd03~G50~04~04 - Carolina}
carolina083.jpg,118160,772b9fa9,\Gallery 50\04 - Carolina\,{Shemale Yum Dvd03~G50~04~04 - Carolina}
carolina084.jpg,109812,ac034159,\Gallery 50\04 - Carolina\,{Shemale Yum Dvd03~G50~04~04 - Carolina}
carolina085.jpg,143338,a985ba90,\Gallery 50\04 - Carolina\,{Shemale Yum Dvd03~G50~04~04 - Carolina}
carolina086.jpg,138482,6d40fb8c,\Gallery 50\04 - Carolina\,{Shemale Yum Dvd03~G50~04~04 - Carolina}
carolina087.jpg,133092,f24b6125,\Gallery 50\04 - Carolina\,{Shemale Yum Dvd03~G50~04~04 - Carolina}
carolina088.jpg,147549,0d187f24,\Gallery 50\04 - Carolina\,{Shemale Yum Dvd03~G50~04~04 - Carolina}
carolina089.jpg,151257,1121f50d,\Gallery 50\04 - Carolina\,{Shemale Yum Dvd03~G50~04~04 - Carolina}
carolina090.jpg,136790,5534141c,\Gallery 50\04 - Carolina\,{Shemale Yum Dvd03~G50~04~04 - Carolina}
carolina091.jpg,135083,4d057122,\Gallery 50\04 - Carolina\,{Shemale Yum Dvd03~G50~04~04 - Carolina}
carolina092.jpg,139912,20786e3b,\Gallery 50\04 - Carolina\,{Shemale Yum Dvd03~G50~04~04 - Carolina}
carolina093.jpg,139406,67fc5547,\Gallery 50\04 - Carolina\,{Shemale Yum Dvd03~G50~04~04 - Carolina}
carolina094.jpg,139990,df92dd36,\Gallery 50\04 - Carolina\,{Shemale Yum Dvd03~G50~04~04 - Carolina}
carolina095.jpg,141263,168f665c,\Gallery 50\04 - Carolina\,{Shemale Yum Dvd03~G50~04~04 - Carolina}
carolina096.jpg,136200,f9ec5409,\Gallery 50\04 - Carolina\,{Shemale Yum Dvd03~G50~04~04 - Carolina}
carolina097.jpg,131326,3de850a4,\Gallery 50\04 - Carolina\,{Shemale Yum Dvd03~G50~04~04 - Carolina}
carolina098.jpg,133499,0752ff1f,\Gallery 50\04 - Carolina\,{Shemale Yum Dvd03~G50~04~04 - Carolina}
carolina100.jpg,91010,7990a2b6,\Gallery 50\04 - Carolina\,{Shemale Yum Dvd03~G50~04~04 - Carolina}
carolina101.jpg,93641,50d0237c,\Gallery 50\04 - Carolina\,{Shemale Yum Dvd03~G50~04~04 - Carolina}
carolina102.jpg,88209,c62b426d,\Gallery 50\04 - Carolina\,{Shemale Yum Dvd03~G50~04~04 - Carolina}
carolina103.jpg,107725,ec52f07b,\Gallery 50\04 - Carolina\,{Shemale Yum Dvd03~G50~04~04 - Carolina}
carolina104.jpg,113948,a9509cf2,\Gallery 50\04 - Carolina\,{Shemale Yum Dvd03~G50~04~04 - Carolina}
carolina105.jpg,121209,a0e88653,\Gallery 50\04 - Carolina\,{Shemale Yum Dvd03~G50~04~04 - Carolina}
carolina106.jpg,99975,07cf819a,\Gallery 50\04 - Carolina\,{Shemale Yum Dvd03~G50~04~04 - Carolina}
carolina107.jpg,108280,93d8758c,\Gallery 50\04 - Carolina\,{Shemale Yum Dvd03~G50~04~04 - Carolina}
carolina108.jpg,116713,ec4811de,\Gallery 50\04 - Carolina\,{Shemale Yum Dvd03~G50~04~04 - Carolina}
carolina109.jpg,120072,b23af19b,\Gallery 50\04 - Carolina\,{Shemale Yum Dvd03~G50~04~04 - Carolina}
carolina110.jpg,131169,29853b8d,\Gallery 50\04 - Carolina\,{Shemale Yum Dvd03~G50~04~04 - Carolina}
carolina111.jpg,120897,b5852a1f,\Gallery 50\04 - Carolina\,{Shemale Yum Dvd03~G50~04~04 - Carolina}
carolina112.jpg,140042,8ec9f0c8,\Gallery 50\04 - Carolina\,{Shemale Yum Dvd03~G50~04~04 - Carolina}
carolina114.jpg,122089,5486049e,\Gallery 50\04 - Carolina\,{Shemale Yum Dvd03~G50~04~04 - Carolina}
carolina115.jpg,121462,573de687,\Gallery 50\04 - Carolina\,{Shemale Yum Dvd03~G50~04~04 - Carolina}
carolina116.jpg,130657,b7bd594b,\Gallery 50\04 - Carolina\,{Shemale Yum Dvd03~G50~04~04 - Carolina}
carolina117.jpg,156795,380bc097,\Gallery 50\04 - Carolina\,{Shemale Yum Dvd03~G50~04~04 - Carolina}
carolina118.jpg,130920,560ed727,\Gallery 50\04 - Carolina\,{Shemale Yum Dvd03~G50~04~04 - Carolina}
carolina119.jpg,140405,9e3d9e21,\Gallery 50\04 - Carolina\,{Shemale Yum Dvd03~G50~04~04 - Carolina}
carolina120.jpg,132181,47e59b6a,\Gallery 50\04 - Carolina\,{Shemale Yum Dvd03~G50~04~04 - Carolina}
carolina121.jpg,139588,ec81ad27,\Gallery 50\04 - Carolina\,{Shemale Yum Dvd03~G50~04~04 - Carolina}
carolina122.jpg,129433,db023c8e,\Gallery 50\04 - Carolina\,{Shemale Yum Dvd03~G50~04~04 - Carolina}
doll001.jpg,139742,fbbd45c9,\Gallery 50\05 - Doll\,{Shemale Yum Dvd03~G50~05~05 - Doll}
doll002.jpg,141857,d5626822,\Gallery 50\05 - Doll\,{Shemale Yum Dvd03~G50~05~05 - Doll}
doll003.jpg,135290,897e1c3d,\Gallery 50\05 - Doll\,{Shemale Yum Dvd03~G50~05~05 - Doll}
doll004.jpg,95262,57c2358a,\Gallery 50\05 - Doll\,{Shemale Yum Dvd03~G50~05~05 - Doll}
doll005.jpg,92935,bcac5435,\Gallery 50\05 - Doll\,{Shemale Yum Dvd03~G50~05~05 - Doll}
doll006.jpg,133543,c3149cf9,\Gallery 50\05 - Doll\,{Shemale Yum Dvd03~G50~05~05 - Doll}
doll007.jpg,118360,cb88afab,\Gallery 50\05 - Doll\,{Shemale Yum Dvd03~G50~05~05 - Doll}
doll008.jpg,91699,19ad6f72,\Gallery 50\05 - Doll\,{Shemale Yum Dvd03~G50~05~05 - Doll}
doll009.jpg,121523,d3a6e7f1,\Gallery 50\05 - Doll\,{Shemale Yum Dvd03~G50~05~05 - Doll}
doll010.jpg,130286,1daee8cf,\Gallery 50\05 - Doll\,{Shemale Yum Dvd03~G50~05~05 - Doll}
doll011.jpg,129969,cf42690e,\Gallery 50\05 - Doll\,{Shemale Yum Dvd03~G50~05~05 - Doll}
doll012.jpg,134113,dadefd94,\Gallery 50\05 - Doll\,{Shemale Yum Dvd03~G50~05~05 - Doll}
doll013.jpg,137089,b51bd0c1,\Gallery 50\05 - Doll\,{Shemale Yum Dvd03~G50~05~05 - Doll}
doll014.jpg,127214,4444ebe3,\Gallery 50\05 - Doll\,{Shemale Yum Dvd03~G50~05~05 - Doll}
doll015.jpg,123125,657a082e,\Gallery 50\05 - Doll\,{Shemale Yum Dvd03~G50~05~05 - Doll}
doll016.jpg,137697,70224c93,\Gallery 50\05 - Doll\,{Shemale Yum Dvd03~G50~05~05 - Doll}
doll017.jpg,124333,b8fd074d,\Gallery 50\05 - Doll\,{Shemale Yum Dvd03~G50~05~05 - Doll}
doll018.jpg,133013,dcaaa724,\Gallery 50\05 - Doll\,{Shemale Yum Dvd03~G50~05~05 - Doll}
doll019.jpg,132037,d15aa1e7,\Gallery 50\05 - Doll\,{Shemale Yum Dvd03~G50~05~05 - Doll}
doll020.jpg,89186,d94953f8,\Gallery 50\05 - Doll\,{Shemale Yum Dvd03~G50~05~05 - Doll}
doll021.jpg,110998,3ca1de2f,\Gallery 50\05 - Doll\,{Shemale Yum Dvd03~G50~05~05 - Doll}
doll022.jpg,130553,9d7de8c9,\Gallery 50\05 - Doll\,{Shemale Yum Dvd03~G50~05~05 - Doll}
doll023.jpg,123353,35c16fb4,\Gallery 50\05 - Doll\,{Shemale Yum Dvd03~G50~05~05 - Doll}
doll024.jpg,121725,c4d4a0a9,\Gallery 50\05 - Doll\,{Shemale Yum Dvd03~G50~05~05 - Doll}
doll025.jpg,134561,a932b624,\Gallery 50\05 - Doll\,{Shemale Yum Dvd03~G50~05~05 - Doll}
doll026.jpg,129177,65d27ce9,\Gallery 50\05 - Doll\,{Shemale Yum Dvd03~G50~05~05 - Doll}
doll027.jpg,125333,6668b66b,\Gallery 50\05 - Doll\,{Shemale Yum Dvd03~G50~05~05 - Doll}
doll028.jpg,116576,37b30dc2,\Gallery 50\05 - Doll\,{Shemale Yum Dvd03~G50~05~05 - Doll}
doll029.jpg,127024,9bc8c28b,\Gallery 50\05 - Doll\,{Shemale Yum Dvd03~G50~05~05 - Doll}
doll030.jpg,116092,a36b690e,\Gallery 50\05 - Doll\,{Shemale Yum Dvd03~G50~05~05 - Doll}
doll031.jpg,131021,fb16f98b,\Gallery 50\05 - Doll\,{Shemale Yum Dvd03~G50~05~05 - Doll}
doll032.jpg,123897,c81533a3,\Gallery 50\05 - Doll\,{Shemale Yum Dvd03~G50~05~05 - Doll}
doll033.jpg,123505,85cfde4c,\Gallery 50\05 - Doll\,{Shemale Yum Dvd03~G50~05~05 - Doll}
doll034.jpg,126934,bf4ab384,\Gallery 50\05 - Doll\,{Shemale Yum Dvd03~G50~05~05 - Doll}
doll035.jpg,93687,9e179cc8,\Gallery 50\05 - Doll\,{Shemale Yum Dvd03~G50~05~05 - Doll}
doll036.jpg,121977,6514599b,\Gallery 50\05 - Doll\,{Shemale Yum Dvd03~G50~05~05 - Doll}
doll037.jpg,95547,f4331d46,\Gallery 50\05 - Doll\,{Shemale Yum Dvd03~G50~05~05 - Doll}
doll038.jpg,116822,e3224504,\Gallery 50\05 - Doll\,{Shemale Yum Dvd03~G50~05~05 - Doll}
doll039.jpg,104971,f5e1202b,\Gallery 50\05 - Doll\,{Shemale Yum Dvd03~G50~05~05 - Doll}
doll040.jpg,120322,84fd6b8d,\Gallery 50\05 - Doll\,{Shemale Yum Dvd03~G50~05~05 - Doll}
doll041.jpg,114488,098fd9be,\Gallery 50\05 - Doll\,{Shemale Yum Dvd03~G50~05~05 - Doll}
doll042.jpg,109676,70245e26,\Gallery 50\05 - Doll\,{Shemale Yum Dvd03~G50~05~05 - Doll}
doll043.jpg,112576,99d90503,\Gallery 50\05 - Doll\,{Shemale Yum Dvd03~G50~05~05 - Doll}
doll044.jpg,110021,24bcee95,\Gallery 50\05 - Doll\,{Shemale Yum Dvd03~G50~05~05 - Doll}
doll045.jpg,105086,acff7d66,\Gallery 50\05 - Doll\,{Shemale Yum Dvd03~G50~05~05 - Doll}
doll046.jpg,137513,6f42be29,\Gallery 50\05 - Doll\,{Shemale Yum Dvd03~G50~05~05 - Doll}
doll047.jpg,135222,52dce9ab,\Gallery 50\05 - Doll\,{Shemale Yum Dvd03~G50~05~05 - Doll}
doll048.jpg,132352,3545f0b2,\Gallery 50\05 - Doll\,{Shemale Yum Dvd03~G50~05~05 - Doll}
doll049.jpg,135925,31e4d9db,\Gallery 50\05 - Doll\,{Shemale Yum Dvd03~G50~05~05 - Doll}
doll050.jpg,133213,e7b5dd41,\Gallery 50\05 - Doll\,{Shemale Yum Dvd03~G50~05~05 - Doll}
doll051.jpg,130453,8ab30079,\Gallery 50\05 - Doll\,{Shemale Yum Dvd03~G50~05~05 - Doll}
doll052.jpg,129263,1ac07ffc,\Gallery 50\05 - Doll\,{Shemale Yum Dvd03~G50~05~05 - Doll}
doll053.jpg,110895,8ef9e0aa,\Gallery 50\05 - Doll\,{Shemale Yum Dvd03~G50~05~05 - Doll}
doll054.jpg,97977,038d8ad7,\Gallery 50\05 - Doll\,{Shemale Yum Dvd03~G50~05~05 - Doll}
doll055.jpg,89307,26aefe7b,\Gallery 50\05 - Doll\,{Shemale Yum Dvd03~G50~05~05 - Doll}
doll056.jpg,76935,452f3090,\Gallery 50\05 - Doll\,{Shemale Yum Dvd03~G50~05~05 - Doll}
doll057.jpg,130711,2bdccda6,\Gallery 50\05 - Doll\,{Shemale Yum Dvd03~G50~05~05 - Doll}
doll058.jpg,125456,522f47a1,\Gallery 50\05 - Doll\,{Shemale Yum Dvd03~G50~05~05 - Doll}
doll059.jpg,108337,b920d6e7,\Gallery 50\05 - Doll\,{Shemale Yum Dvd03~G50~05~05 - Doll}
doll060.jpg,112107,68f960be,\Gallery 50\05 - Doll\,{Shemale Yum Dvd03~G50~05~05 - Doll}
doll061.jpg,91207,a5493f41,\Gallery 50\05 - Doll\,{Shemale Yum Dvd03~G50~05~05 - Doll}
doll062.jpg,105934,3c4cb92e,\Gallery 50\05 - Doll\,{Shemale Yum Dvd03~G50~05~05 - Doll}
doll063.jpg,108388,c0049af8,\Gallery 50\05 - Doll\,{Shemale Yum Dvd03~G50~05~05 - Doll}
doll064.jpg,110568,c1c2aba7,\Gallery 50\05 - Doll\,{Shemale Yum Dvd03~G50~05~05 - Doll}
doll065.jpg,124686,32f65736,\Gallery 50\05 - Doll\,{Shemale Yum Dvd03~G50~05~05 - Doll}
doll066.jpg,122498,266912e0,\Gallery 50\05 - Doll\,{Shemale Yum Dvd03~G50~05~05 - Doll}
doll067.jpg,117007,dbd753dc,\Gallery 50\05 - Doll\,{Shemale Yum Dvd03~G50~05~05 - Doll}
doll068.jpg,105065,758bc074,\Gallery 50\05 - Doll\,{Shemale Yum Dvd03~G50~05~05 - Doll}
doll069.jpg,112136,5dc7c587,\Gallery 50\05 - Doll\,{Shemale Yum Dvd03~G50~05~05 - Doll}
doll070.jpg,123594,edc271d4,\Gallery 50\05 - Doll\,{Shemale Yum Dvd03~G50~05~05 - Doll}
doll071.jpg,106727,bbb347da,\Gallery 50\05 - Doll\,{Shemale Yum Dvd03~G50~05~05 - Doll}
doll072.jpg,97263,eca68aae,\Gallery 50\05 - Doll\,{Shemale Yum Dvd03~G50~05~05 - Doll}
doll073.jpg,92366,86de8200,\Gallery 50\05 - Doll\,{Shemale Yum Dvd03~G50~05~05 - Doll}
doll074.jpg,109443,848df4d8,\Gallery 50\05 - Doll\,{Shemale Yum Dvd03~G50~05~05 - Doll}
doll075.jpg,109835,ddd1587b,\Gallery 50\05 - Doll\,{Shemale Yum Dvd03~G50~05~05 - Doll}
doll076.jpg,85969,9a5662d4,\Gallery 50\05 - Doll\,{Shemale Yum Dvd03~G50~05~05 - Doll}
doll077.jpg,134287,712b332f,\Gallery 50\05 - Doll\,{Shemale Yum Dvd03~G50~05~05 - Doll}
doll078.jpg,125679,9a2b2e74,\Gallery 50\05 - Doll\,{Shemale Yum Dvd03~G50~05~05 - Doll}
doll079.jpg,118305,605b82db,\Gallery 50\05 - Doll\,{Shemale Yum Dvd03~G50~05~05 - Doll}
doll080.jpg,125832,68a0d9b3,\Gallery 50\05 - Doll\,{Shemale Yum Dvd03~G50~05~05 - Doll}
doll081.jpg,134665,d345f22d,\Gallery 50\05 - Doll\,{Shemale Yum Dvd03~G50~05~05 - Doll}
doll083.jpg,106167,377ad8af,\Gallery 50\05 - Doll\,{Shemale Yum Dvd03~G50~05~05 - Doll}
doll084.jpg,114631,ef4ce351,\Gallery 50\05 - Doll\,{Shemale Yum Dvd03~G50~05~05 - Doll}
doll085.jpg,115537,299a97fe,\Gallery 50\05 - Doll\,{Shemale Yum Dvd03~G50~05~05 - Doll}
doll086.jpg,124593,a0064bc5,\Gallery 50\05 - Doll\,{Shemale Yum Dvd03~G50~05~05 - Doll}
doll087.jpg,123122,13df5d57,\Gallery 50\05 - Doll\,{Shemale Yum Dvd03~G50~05~05 - Doll}
doll088.jpg,115659,822ac19b,\Gallery 50\05 - Doll\,{Shemale Yum Dvd03~G50~05~05 - Doll}
doll089.jpg,108968,23e01c6e,\Gallery 50\05 - Doll\,{Shemale Yum Dvd03~G50~05~05 - Doll}
doll090.jpg,91069,75ccdc77,\Gallery 50\05 - Doll\,{Shemale Yum Dvd03~G50~05~05 - Doll}
doll091.jpg,120849,35027fa3,\Gallery 50\05 - Doll\,{Shemale Yum Dvd03~G50~05~05 - Doll}
doll092.jpg,107764,8ddf7453,\Gallery 50\05 - Doll\,{Shemale Yum Dvd03~G50~05~05 - Doll}
doll093.jpg,113230,ff525da7,\Gallery 50\05 - Doll\,{Shemale Yum Dvd03~G50~05~05 - Doll}
doll094.jpg,131615,bd64f337,\Gallery 50\05 - Doll\,{Shemale Yum Dvd03~G50~05~05 - Doll}
doll095.jpg,136164,f7f30ddf,\Gallery 50\05 - Doll\,{Shemale Yum Dvd03~G50~05~05 - Doll}
doll096.jpg,125342,ec4ef141,\Gallery 50\05 - Doll\,{Shemale Yum Dvd03~G50~05~05 - Doll}
doll097.jpg,102919,197d10e7,\Gallery 50\05 - Doll\,{Shemale Yum Dvd03~G50~05~05 - Doll}
doll098.jpg,125692,361f990a,\Gallery 50\05 - Doll\,{Shemale Yum Dvd03~G50~05~05 - Doll}
doll099.jpg,128968,0ad933e4,\Gallery 50\05 - Doll\,{Shemale Yum Dvd03~G50~05~05 - Doll}
doll100.jpg,123670,c4f7b87e,\Gallery 50\05 - Doll\,{Shemale Yum Dvd03~G50~05~05 - Doll}
doll101.jpg,140176,d5dc5b92,\Gallery 50\05 - Doll\,{Shemale Yum Dvd03~G50~05~05 - Doll}
doll102.jpg,130120,2bdaa467,\Gallery 50\05 - Doll\,{Shemale Yum Dvd03~G50~05~05 - Doll}
doll103.jpg,125515,b4e2dd2d,\Gallery 50\05 - Doll\,{Shemale Yum Dvd03~G50~05~05 - Doll}
doll104.jpg,114064,c454f833,\Gallery 50\05 - Doll\,{Shemale Yum Dvd03~G50~05~05 - Doll}
doll105.jpg,105617,11b715a9,\Gallery 50\05 - Doll\,{Shemale Yum Dvd03~G50~05~05 - Doll}
doll106.jpg,134015,30666197,\Gallery 50\05 - Doll\,{Shemale Yum Dvd03~G50~05~05 - Doll}
doll107.jpg,138505,43af3011,\Gallery 50\05 - Doll\,{Shemale Yum Dvd03~G50~05~05 - Doll}
doll108.jpg,113967,f08576f9,\Gallery 50\05 - Doll\,{Shemale Yum Dvd03~G50~05~05 - Doll}
doll109.jpg,125293,037bf6de,\Gallery 50\05 - Doll\,{Shemale Yum Dvd03~G50~05~05 - Doll}
doll001.jpg,138640,e7472ffd,\Gallery 50\05 - Doll (2)\,{Shemale Yum Dvd03~G50~05-2~05 - Doll (2)}
doll002.jpg,151265,dd91cf25,\Gallery 50\05 - Doll (2)\,{Shemale Yum Dvd03~G50~05-2~05 - Doll (2)}
doll003.jpg,139704,763dfac2,\Gallery 50\05 - Doll (2)\,{Shemale Yum Dvd03~G50~05-2~05 - Doll (2)}
doll004.jpg,117444,d90762d1,\Gallery 50\05 - Doll (2)\,{Shemale Yum Dvd03~G50~05-2~05 - Doll (2)}
doll005.jpg,177556,8c19e7e6,\Gallery 50\05 - Doll (2)\,{Shemale Yum Dvd03~G50~05-2~05 - Doll (2)}
doll006.jpg,139913,8ef8eba1,\Gallery 50\05 - Doll (2)\,{Shemale Yum Dvd03~G50~05-2~05 - Doll (2)}
doll007.jpg,186277,89ea830a,\Gallery 50\05 - Doll (2)\,{Shemale Yum Dvd03~G50~05-2~05 - Doll (2)}
doll008.jpg,134274,c9ac66e7,\Gallery 50\05 - Doll (2)\,{Shemale Yum Dvd03~G50~05-2~05 - Doll (2)}
doll009.jpg,138040,6d982e9b,\Gallery 50\05 - Doll (2)\,{Shemale Yum Dvd03~G50~05-2~05 - Doll (2)}
doll011.jpg,184604,14be1e78,\Gallery 50\05 - Doll (2)\,{Shemale Yum Dvd03~G50~05-2~05 - Doll (2)}
doll012.jpg,177363,9bd33f83,\Gallery 50\05 - Doll (2)\,{Shemale Yum Dvd03~G50~05-2~05 - Doll (2)}
doll013.jpg,141036,8429481e,\Gallery 50\05 - Doll (2)\,{Shemale Yum Dvd03~G50~05-2~05 - Doll (2)}
doll014.jpg,157993,e47d1024,\Gallery 50\05 - Doll (2)\,{Shemale Yum Dvd03~G50~05-2~05 - Doll (2)}
doll015.jpg,187573,d5dc632a,\Gallery 50\05 - Doll (2)\,{Shemale Yum Dvd03~G50~05-2~05 - Doll (2)}
doll016.jpg,188334,defe5027,\Gallery 50\05 - Doll (2)\,{Shemale Yum Dvd03~G50~05-2~05 - Doll (2)}
doll017.jpg,178441,f08a7065,\Gallery 50\05 - Doll (2)\,{Shemale Yum Dvd03~G50~05-2~05 - Doll (2)}
doll018.jpg,168299,3e49000e,\Gallery 50\05 - Doll (2)\,{Shemale Yum Dvd03~G50~05-2~05 - Doll (2)}
doll019.jpg,186000,183b2a0d,\Gallery 50\05 - Doll (2)\,{Shemale Yum Dvd03~G50~05-2~05 - Doll (2)}
doll020.jpg,169099,c88c7439,\Gallery 50\05 - Doll (2)\,{Shemale Yum Dvd03~G50~05-2~05 - Doll (2)}
doll021.jpg,184630,5c5d150f,\Gallery 50\05 - Doll (2)\,{Shemale Yum Dvd03~G50~05-2~05 - Doll (2)}
doll022.jpg,145666,06be1b26,\Gallery 50\05 - Doll (2)\,{Shemale Yum Dvd03~G50~05-2~05 - Doll (2)}
doll023.jpg,173834,fd5a234c,\Gallery 50\05 - Doll (2)\,{Shemale Yum Dvd03~G50~05-2~05 - Doll (2)}
doll024.jpg,156754,f1fd297e,\Gallery 50\05 - Doll (2)\,{Shemale Yum Dvd03~G50~05-2~05 - Doll (2)}
doll025.jpg,171996,231b7e69,\Gallery 50\05 - Doll (2)\,{Shemale Yum Dvd03~G50~05-2~05 - Doll (2)}
doll026.jpg,183689,d2b7480a,\Gallery 50\05 - Doll (2)\,{Shemale Yum Dvd03~G50~05-2~05 - Doll (2)}
doll028.jpg,169815,0b0b579e,\Gallery 50\05 - Doll (2)\,{Shemale Yum Dvd03~G50~05-2~05 - Doll (2)}
doll030.jpg,164504,3b2565e3,\Gallery 50\05 - Doll (2)\,{Shemale Yum Dvd03~G50~05-2~05 - Doll (2)}
doll031.jpg,141817,a8ceb65f,\Gallery 50\05 - Doll (2)\,{Shemale Yum Dvd03~G50~05-2~05 - Doll (2)}
doll032.jpg,158838,86855f7c,\Gallery 50\05 - Doll (2)\,{Shemale Yum Dvd03~G50~05-2~05 - Doll (2)}
doll033.jpg,155381,6dfcaf29,\Gallery 50\05 - Doll (2)\,{Shemale Yum Dvd03~G50~05-2~05 - Doll (2)}
doll034.jpg,159274,1304db25,\Gallery 50\05 - Doll (2)\,{Shemale Yum Dvd03~G50~05-2~05 - Doll (2)}
doll036.jpg,152716,a5f50bea,\Gallery 50\05 - Doll (2)\,{Shemale Yum Dvd03~G50~05-2~05 - Doll (2)}
doll039.jpg,168073,881e6ce2,\Gallery 50\05 - Doll (2)\,{Shemale Yum Dvd03~G50~05-2~05 - Doll (2)}
doll041.jpg,147994,291bf5d9,\Gallery 50\05 - Doll (2)\,{Shemale Yum Dvd03~G50~05-2~05 - Doll (2)}
doll042.jpg,148868,48003b2e,\Gallery 50\05 - Doll (2)\,{Shemale Yum Dvd03~G50~05-2~05 - Doll (2)}
doll043.jpg,137763,65b339e9,\Gallery 50\05 - Doll (2)\,{Shemale Yum Dvd03~G50~05-2~05 - Doll (2)}
doll044.jpg,127935,f4db64ba,\Gallery 50\05 - Doll (2)\,{Shemale Yum Dvd03~G50~05-2~05 - Doll (2)}
doll045.jpg,156888,074fa2cb,\Gallery 50\05 - Doll (2)\,{Shemale Yum Dvd03~G50~05-2~05 - Doll (2)}
doll046.jpg,142109,9f690a5a,\Gallery 50\05 - Doll (2)\,{Shemale Yum Dvd03~G50~05-2~05 - Doll (2)}
doll047.jpg,176475,c8c808a6,\Gallery 50\05 - Doll (2)\,{Shemale Yum Dvd03~G50~05-2~05 - Doll (2)}
doll048.jpg,187314,163ab541,\Gallery 50\05 - Doll (2)\,{Shemale Yum Dvd03~G50~05-2~05 - Doll (2)}
doll049.jpg,182430,a8cbcee1,\Gallery 50\05 - Doll (2)\,{Shemale Yum Dvd03~G50~05-2~05 - Doll (2)}
doll050.jpg,184741,9bdeb44a,\Gallery 50\05 - Doll (2)\,{Shemale Yum Dvd03~G50~05-2~05 - Doll (2)}
doll051.jpg,150164,a4077dde,\Gallery 50\05 - Doll (2)\,{Shemale Yum Dvd03~G50~05-2~05 - Doll (2)}
doll052.jpg,153714,ca608b99,\Gallery 50\05 - Doll (2)\,{Shemale Yum Dvd03~G50~05-2~05 - Doll (2)}
doll053.jpg,158151,601c008d,\Gallery 50\05 - Doll (2)\,{Shemale Yum Dvd03~G50~05-2~05 - Doll (2)}
doll054.jpg,158095,a2459be6,\Gallery 50\05 - Doll (2)\,{Shemale Yum Dvd03~G50~05-2~05 - Doll (2)}
doll055.jpg,163425,5fe75572,\Gallery 50\05 - Doll (2)\,{Shemale Yum Dvd03~G50~05-2~05 - Doll (2)}
doll056.jpg,149128,c86ce343,\Gallery 50\05 - Doll (2)\,{Shemale Yum Dvd03~G50~05-2~05 - Doll (2)}
doll057.jpg,170436,f2f7f55d,\Gallery 50\05 - Doll (2)\,{Shemale Yum Dvd03~G50~05-2~05 - Doll (2)}
doll058.jpg,164877,92be7668,\Gallery 50\05 - Doll (2)\,{Shemale Yum Dvd03~G50~05-2~05 - Doll (2)}
doll059.jpg,174056,b892bb34,\Gallery 50\05 - Doll (2)\,{Shemale Yum Dvd03~G50~05-2~05 - Doll (2)}
doll060.jpg,177148,f17ae866,\Gallery 50\05 - Doll (2)\,{Shemale Yum Dvd03~G50~05-2~05 - Doll (2)}
doll061.jpg,165565,377676bb,\Gallery 50\05 - Doll (2)\,{Shemale Yum Dvd03~G50~05-2~05 - Doll (2)}
doll062.jpg,169382,09b25bb5,\Gallery 50\05 - Doll (2)\,{Shemale Yum Dvd03~G50~05-2~05 - Doll (2)}
doll063.jpg,152566,4233f17c,\Gallery 50\05 - Doll (2)\,{Shemale Yum Dvd03~G50~05-2~05 - Doll (2)}
doll064.jpg,126036,3d959ad3,\Gallery 50\05 - Doll (2)\,{Shemale Yum Dvd03~G50~05-2~05 - Doll (2)}
doll065.jpg,131629,558df70e,\Gallery 50\05 - Doll (2)\,{Shemale Yum Dvd03~G50~05-2~05 - Doll (2)}
doll066.jpg,125367,10c3310e,\Gallery 50\05 - Doll (2)\,{Shemale Yum Dvd03~G50~05-2~05 - Doll (2)}
doll067.jpg,147830,2740da1b,\Gallery 50\05 - Doll (2)\,{Shemale Yum Dvd03~G50~05-2~05 - Doll (2)}
doll068.jpg,146630,efd97d42,\Gallery 50\05 - Doll (2)\,{Shemale Yum Dvd03~G50~05-2~05 - Doll (2)}
doll069.jpg,142208,f9f794dd,\Gallery 50\05 - Doll (2)\,{Shemale Yum Dvd03~G50~05-2~05 - Doll (2)}
doll070.jpg,159072,17e79b91,\Gallery 50\05 - Doll (2)\,{Shemale Yum Dvd03~G50~05-2~05 - Doll (2)}
doll071.jpg,154988,cf119323,\Gallery 50\05 - Doll (2)\,{Shemale Yum Dvd03~G50~05-2~05 - Doll (2)}
doll072.jpg,150877,ca3c2b3c,\Gallery 50\05 - Doll (2)\,{Shemale Yum Dvd03~G50~05-2~05 - Doll (2)}
doll073.jpg,169616,b594b3fc,\Gallery 50\05 - Doll (2)\,{Shemale Yum Dvd03~G50~05-2~05 - Doll (2)}
doll074.jpg,117846,43a9bee4,\Gallery 50\05 - Doll (2)\,{Shemale Yum Dvd03~G50~05-2~05 - Doll (2)}
doll075.jpg,149319,ca83635f,\Gallery 50\05 - Doll (2)\,{Shemale Yum Dvd03~G50~05-2~05 - Doll (2)}
doll076.jpg,170813,99c10bb5,\Gallery 50\05 - Doll (2)\,{Shemale Yum Dvd03~G50~05-2~05 - Doll (2)}
doll077.jpg,153459,859916d8,\Gallery 50\05 - Doll (2)\,{Shemale Yum Dvd03~G50~05-2~05 - Doll (2)}
doll078.jpg,166154,2a05d52b,\Gallery 50\05 - Doll (2)\,{Shemale Yum Dvd03~G50~05-2~05 - Doll (2)}
doll079.jpg,157739,a8902984,\Gallery 50\05 - Doll (2)\,{Shemale Yum Dvd03~G50~05-2~05 - Doll (2)}
doll080.jpg,157211,075cbb0b,\Gallery 50\05 - Doll (2)\,{Shemale Yum Dvd03~G50~05-2~05 - Doll (2)}
doll081.jpg,165273,f748c2d9,\Gallery 50\05 - Doll (2)\,{Shemale Yum Dvd03~G50~05-2~05 - Doll (2)}
doll082.jpg,167563,3e1ba7ca,\Gallery 50\05 - Doll (2)\,{Shemale Yum Dvd03~G50~05-2~05 - Doll (2)}
doll083.jpg,139513,4b9906e5,\Gallery 50\05 - Doll (2)\,{Shemale Yum Dvd03~G50~05-2~05 - Doll (2)}
doll084.jpg,151946,3e8d9eb4,\Gallery 50\05 - Doll (2)\,{Shemale Yum Dvd03~G50~05-2~05 - Doll (2)}
doll085.jpg,122273,fa5278e6,\Gallery 50\05 - Doll (2)\,{Shemale Yum Dvd03~G50~05-2~05 - Doll (2)}
doll086.jpg,120800,950daf28,\Gallery 50\05 - Doll (2)\,{Shemale Yum Dvd03~G50~05-2~05 - Doll (2)}
doll087.jpg,116283,ee1a4e8e,\Gallery 50\05 - Doll (2)\,{Shemale Yum Dvd03~G50~05-2~05 - Doll (2)}
doll088.jpg,134057,a9fa3755,\Gallery 50\05 - Doll (2)\,{Shemale Yum Dvd03~G50~05-2~05 - Doll (2)}
doll090.jpg,157060,1e8d9b85,\Gallery 50\05 - Doll (2)\,{Shemale Yum Dvd03~G50~05-2~05 - Doll (2)}
doll091.jpg,153506,07365d4c,\Gallery 50\05 - Doll (2)\,{Shemale Yum Dvd03~G50~05-2~05 - Doll (2)}
doll092.jpg,115306,ee7c456c,\Gallery 50\05 - Doll (2)\,{Shemale Yum Dvd03~G50~05-2~05 - Doll (2)}
doll093.jpg,121227,84c00118,\Gallery 50\05 - Doll (2)\,{Shemale Yum Dvd03~G50~05-2~05 - Doll (2)}
doll094.jpg,122551,0d9fbda9,\Gallery 50\05 - Doll (2)\,{Shemale Yum Dvd03~G50~05-2~05 - Doll (2)}
doll095.jpg,125784,4793e131,\Gallery 50\05 - Doll (2)\,{Shemale Yum Dvd03~G50~05-2~05 - Doll (2)}
doll096.jpg,117591,a54c72ba,\Gallery 50\05 - Doll (2)\,{Shemale Yum Dvd03~G50~05-2~05 - Doll (2)}
doll097.jpg,118507,2ef9a5e7,\Gallery 50\05 - Doll (2)\,{Shemale Yum Dvd03~G50~05-2~05 - Doll (2)}
doll098.jpg,124344,3449d63c,\Gallery 50\05 - Doll (2)\,{Shemale Yum Dvd03~G50~05-2~05 - Doll (2)}
doll099.jpg,123940,f38295f9,\Gallery 50\05 - Doll (2)\,{Shemale Yum Dvd03~G50~05-2~05 - Doll (2)}
dollgold010.jpg,109576,02dca2f9,\Gallery 50\05 - Doll (2)\,{Shemale Yum Dvd03~G50~05-2~05 - Doll (2)}
dollgold089.jpg,101634,66a24f13,\Gallery 50\05 - Doll (2)\,{Shemale Yum Dvd03~G50~05-2~05 - Doll (2)}
dollc001.jpg,162880,616a3d54,\Gallery 50\05 - Doll (3)\,{Shemale Yum Dvd03~G50~05-3~05 - Doll (3)}
dollc002.jpg,157967,4603a52b,\Gallery 50\05 - Doll (3)\,{Shemale Yum Dvd03~G50~05-3~05 - Doll (3)}
dollc003.jpg,184919,f29bbd5c,\Gallery 50\05 - Doll (3)\,{Shemale Yum Dvd03~G50~05-3~05 - Doll (3)}
dollc004.jpg,163823,8416c8f9,\Gallery 50\05 - Doll (3)\,{Shemale Yum Dvd03~G50~05-3~05 - Doll (3)}
dollc005.jpg,170951,4ffabe85,\Gallery 50\05 - Doll (3)\,{Shemale Yum Dvd03~G50~05-3~05 - Doll (3)}
dollc006.jpg,157357,79cde81a,\Gallery 50\05 - Doll (3)\,{Shemale Yum Dvd03~G50~05-3~05 - Doll (3)}
dollc007.jpg,173935,c098f94a,\Gallery 50\05 - Doll (3)\,{Shemale Yum Dvd03~G50~05-3~05 - Doll (3)}
dollc008.jpg,165451,4ffb0264,\Gallery 50\05 - Doll (3)\,{Shemale Yum Dvd03~G50~05-3~05 - Doll (3)}
dollc009.jpg,161263,33ff776b,\Gallery 50\05 - Doll (3)\,{Shemale Yum Dvd03~G50~05-3~05 - Doll (3)}
dollc010.jpg,167675,fc129568,\Gallery 50\05 - Doll (3)\,{Shemale Yum Dvd03~G50~05-3~05 - Doll (3)}
dollc011.jpg,163565,bd2139ad,\Gallery 50\05 - Doll (3)\,{Shemale Yum Dvd03~G50~05-3~05 - Doll (3)}
dollc012.jpg,169909,4d10010b,\Gallery 50\05 - Doll (3)\,{Shemale Yum Dvd03~G50~05-3~05 - Doll (3)}
dollc013.jpg,163111,0b23ed95,\Gallery 50\05 - Doll (3)\,{Shemale Yum Dvd03~G50~05-3~05 - Doll (3)}
dollc014.jpg,180171,5f952ef4,\Gallery 50\05 - Doll (3)\,{Shemale Yum Dvd03~G50~05-3~05 - Doll (3)}
dollc015.jpg,177304,86ab2178,\Gallery 50\05 - Doll (3)\,{Shemale Yum Dvd03~G50~05-3~05 - Doll (3)}
dollc016.jpg,167514,ba736f7f,\Gallery 50\05 - Doll (3)\,{Shemale Yum Dvd03~G50~05-3~05 - Doll (3)}
dollc017.jpg,180436,cd836582,\Gallery 50\05 - Doll (3)\,{Shemale Yum Dvd03~G50~05-3~05 - Doll (3)}
dollc018.jpg,165394,fd1395ef,\Gallery 50\05 - Doll (3)\,{Shemale Yum Dvd03~G50~05-3~05 - Doll (3)}
dollc019.jpg,170506,490717f4,\Gallery 50\05 - Doll (3)\,{Shemale Yum Dvd03~G50~05-3~05 - Doll (3)}
dollc020.jpg,145912,c041fef2,\Gallery 50\05 - Doll (3)\,{Shemale Yum Dvd03~G50~05-3~05 - Doll (3)}
dollc021.jpg,156855,647d6b41,\Gallery 50\05 - Doll (3)\,{Shemale Yum Dvd03~G50~05-3~05 - Doll (3)}
dollc022.jpg,139497,c2d47957,\Gallery 50\05 - Doll (3)\,{Shemale Yum Dvd03~G50~05-3~05 - Doll (3)}
dollc023.jpg,144692,23fde07f,\Gallery 50\05 - Doll (3)\,{Shemale Yum Dvd03~G50~05-3~05 - Doll (3)}
dollc024.jpg,141847,6630163b,\Gallery 50\05 - Doll (3)\,{Shemale Yum Dvd03~G50~05-3~05 - Doll (3)}
dollc025.jpg,134741,6f4438a6,\Gallery 50\05 - Doll (3)\,{Shemale Yum Dvd03~G50~05-3~05 - Doll (3)}
dollc026.jpg,125853,eab6f71f,\Gallery 50\05 - Doll (3)\,{Shemale Yum Dvd03~G50~05-3~05 - Doll (3)}
dollc027.jpg,155990,2075ba39,\Gallery 50\05 - Doll (3)\,{Shemale Yum Dvd03~G50~05-3~05 - Doll (3)}
dollc028.jpg,162319,11c72d32,\Gallery 50\05 - Doll (3)\,{Shemale Yum Dvd03~G50~05-3~05 - Doll (3)}
dollc029.jpg,116849,85d35b7d,\Gallery 50\05 - Doll (3)\,{Shemale Yum Dvd03~G50~05-3~05 - Doll (3)}
dollc030.jpg,111586,ef84fc3e,\Gallery 50\05 - Doll (3)\,{Shemale Yum Dvd03~G50~05-3~05 - Doll (3)}
dollc031.jpg,156220,031c51e7,\Gallery 50\05 - Doll (3)\,{Shemale Yum Dvd03~G50~05-3~05 - Doll (3)}
dollc032.jpg,130239,ee0a6eb0,\Gallery 50\05 - Doll (3)\,{Shemale Yum Dvd03~G50~05-3~05 - Doll (3)}
dollc033.jpg,133526,5173ba5a,\Gallery 50\05 - Doll (3)\,{Shemale Yum Dvd03~G50~05-3~05 - Doll (3)}
dollc034.jpg,131024,9aa6b52d,\Gallery 50\05 - Doll (3)\,{Shemale Yum Dvd03~G50~05-3~05 - Doll (3)}
dollc035.jpg,117272,a275d65c,\Gallery 50\05 - Doll (3)\,{Shemale Yum Dvd03~G50~05-3~05 - Doll (3)}
dollc036.jpg,130320,f525a2f3,\Gallery 50\05 - Doll (3)\,{Shemale Yum Dvd03~G50~05-3~05 - Doll (3)}
dollc037.jpg,128345,0e0a8b1c,\Gallery 50\05 - Doll (3)\,{Shemale Yum Dvd03~G50~05-3~05 - Doll (3)}
dollc038.jpg,169658,2f055dcd,\Gallery 50\05 - Doll (3)\,{Shemale Yum Dvd03~G50~05-3~05 - Doll (3)}
dollc039.jpg,128175,30989240,\Gallery 50\05 - Doll (3)\,{Shemale Yum Dvd03~G50~05-3~05 - Doll (3)}
dollc040.jpg,187227,d301037b,\Gallery 50\05 - Doll (3)\,{Shemale Yum Dvd03~G50~05-3~05 - Doll (3)}
dollc041.jpg,127696,3187917d,\Gallery 50\05 - Doll (3)\,{Shemale Yum Dvd03~G50~05-3~05 - Doll (3)}
dollc042.jpg,145368,3cdd1845,\Gallery 50\05 - Doll (3)\,{Shemale Yum Dvd03~G50~05-3~05 - Doll (3)}
dollc043.jpg,189055,77f47d5b,\Gallery 50\05 - Doll (3)\,{Shemale Yum Dvd03~G50~05-3~05 - Doll (3)}
dollc044.jpg,154383,1e1fa66c,\Gallery 50\05 - Doll (3)\,{Shemale Yum Dvd03~G50~05-3~05 - Doll (3)}
dollc045.jpg,147777,29748b2c,\Gallery 50\05 - Doll (3)\,{Shemale Yum Dvd03~G50~05-3~05 - Doll (3)}
dollc046.jpg,122087,aa6aacdb,\Gallery 50\05 - Doll (3)\,{Shemale Yum Dvd03~G50~05-3~05 - Doll (3)}
dollc047.jpg,125438,9b8adb4b,\Gallery 50\05 - Doll (3)\,{Shemale Yum Dvd03~G50~05-3~05 - Doll (3)}
dollc048.jpg,120188,2b1c8b95,\Gallery 50\05 - Doll (3)\,{Shemale Yum Dvd03~G50~05-3~05 - Doll (3)}
dollc049.jpg,117370,45decf47,\Gallery 50\05 - Doll (3)\,{Shemale Yum Dvd03~G50~05-3~05 - Doll (3)}
dollc050.jpg,173228,041947fd,\Gallery 50\05 - Doll (3)\,{Shemale Yum Dvd03~G50~05-3~05 - Doll (3)}
dollc051.jpg,178770,234677e1,\Gallery 50\05 - Doll (3)\,{Shemale Yum Dvd03~G50~05-3~05 - Doll (3)}
dollc052.jpg,123712,5cdf8a14,\Gallery 50\05 - Doll (3)\,{Shemale Yum Dvd03~G50~05-3~05 - Doll (3)}
dollc053.jpg,134265,935f9dd2,\Gallery 50\05 - Doll (3)\,{Shemale Yum Dvd03~G50~05-3~05 - Doll (3)}
dollc054.jpg,130997,e91ef1f2,\Gallery 50\05 - Doll (3)\,{Shemale Yum Dvd03~G50~05-3~05 - Doll (3)}
dollc055.jpg,170014,6ebce8fe,\Gallery 50\05 - Doll (3)\,{Shemale Yum Dvd03~G50~05-3~05 - Doll (3)}
dollc056.jpg,171763,ee60c90d,\Gallery 50\05 - Doll (3)\,{Shemale Yum Dvd03~G50~05-3~05 - Doll (3)}
dollc057.jpg,183050,e49be7a3,\Gallery 50\05 - Doll (3)\,{Shemale Yum Dvd03~G50~05-3~05 - Doll (3)}
dollc058.jpg,174844,b4729ca4,\Gallery 50\05 - Doll (3)\,{Shemale Yum Dvd03~G50~05-3~05 - Doll (3)}
dollc059.jpg,136065,352b7f1e,\Gallery 50\05 - Doll (3)\,{Shemale Yum Dvd03~G50~05-3~05 - Doll (3)}
dollc060.jpg,130377,ee4fa98a,\Gallery 50\05 - Doll (3)\,{Shemale Yum Dvd03~G50~05-3~05 - Doll (3)}
dollc061.jpg,124814,d2796504,\Gallery 50\05 - Doll (3)\,{Shemale Yum Dvd03~G50~05-3~05 - Doll (3)}
dollc062.jpg,121699,87e39997,\Gallery 50\05 - Doll (3)\,{Shemale Yum Dvd03~G50~05-3~05 - Doll (3)}
dollc063.jpg,121867,d0e224d0,\Gallery 50\05 - Doll (3)\,{Shemale Yum Dvd03~G50~05-3~05 - Doll (3)}
dollc064.jpg,120705,cb61adca,\Gallery 50\05 - Doll (3)\,{Shemale Yum Dvd03~G50~05-3~05 - Doll (3)}
dollc065.jpg,126404,7f94082c,\Gallery 50\05 - Doll (3)\,{Shemale Yum Dvd03~G50~05-3~05 - Doll (3)}
dollc066.jpg,112399,2f3aaa3a,\Gallery 50\05 - Doll (3)\,{Shemale Yum Dvd03~G50~05-3~05 - Doll (3)}
dollc067.jpg,133543,eb387b49,\Gallery 50\05 - Doll (3)\,{Shemale Yum Dvd03~G50~05-3~05 - Doll (3)}
dollc068.jpg,125476,cf7a7870,\Gallery 50\05 - Doll (3)\,{Shemale Yum Dvd03~G50~05-3~05 - Doll (3)}
dollc069.jpg,115871,f2460aa1,\Gallery 50\05 - Doll (3)\,{Shemale Yum Dvd03~G50~05-3~05 - Doll (3)}
dollc070.jpg,104240,e2f10523,\Gallery 50\05 - Doll (3)\,{Shemale Yum Dvd03~G50~05-3~05 - Doll (3)}
dollc071.jpg,149537,e3eb21be,\Gallery 50\05 - Doll (3)\,{Shemale Yum Dvd03~G50~05-3~05 - Doll (3)}
dollc072.jpg,154600,18fb3935,\Gallery 50\05 - Doll (3)\,{Shemale Yum Dvd03~G50~05-3~05 - Doll (3)}
dollc073.jpg,118138,7f4de2b8,\Gallery 50\05 - Doll (3)\,{Shemale Yum Dvd03~G50~05-3~05 - Doll (3)}
dollc074.jpg,124429,37418de1,\Gallery 50\05 - Doll (3)\,{Shemale Yum Dvd03~G50~05-3~05 - Doll (3)}
dollc075.jpg,123647,f3e7a938,\Gallery 50\05 - Doll (3)\,{Shemale Yum Dvd03~G50~05-3~05 - Doll (3)}
dollc076.jpg,118036,e9c1bc25,\Gallery 50\05 - Doll (3)\,{Shemale Yum Dvd03~G50~05-3~05 - Doll (3)}
dollc077.jpg,119812,70f1c377,\Gallery 50\05 - Doll (3)\,{Shemale Yum Dvd03~G50~05-3~05 - Doll (3)}
dollc078.jpg,131527,0775484c,\Gallery 50\05 - Doll (3)\,{Shemale Yum Dvd03~G50~05-3~05 - Doll (3)}
dollc079.jpg,135213,36b8675e,\Gallery 50\05 - Doll (3)\,{Shemale Yum Dvd03~G50~05-3~05 - Doll (3)}
dollc080.jpg,172630,648762ec,\Gallery 50\05 - Doll (3)\,{Shemale Yum Dvd03~G50~05-3~05 - Doll (3)}
dollc081.jpg,181421,3ca2416c,\Gallery 50\05 - Doll (3)\,{Shemale Yum Dvd03~G50~05-3~05 - Doll (3)}
dollc082.jpg,187530,51a1226b,\Gallery 50\05 - Doll (3)\,{Shemale Yum Dvd03~G50~05-3~05 - Doll (3)}
dollc083.jpg,191277,fec98243,\Gallery 50\05 - Doll (3)\,{Shemale Yum Dvd03~G50~05-3~05 - Doll (3)}
dollc084.jpg,117080,23ecc7fe,\Gallery 50\05 - Doll (3)\,{Shemale Yum Dvd03~G50~05-3~05 - Doll (3)}
dollc085.jpg,136901,da7edbe1,\Gallery 50\05 - Doll (3)\,{Shemale Yum Dvd03~G50~05-3~05 - Doll (3)}
dollc086.jpg,136760,5d773db4,\Gallery 50\05 - Doll (3)\,{Shemale Yum Dvd03~G50~05-3~05 - Doll (3)}
dollc087.jpg,175657,8135df67,\Gallery 50\05 - Doll (3)\,{Shemale Yum Dvd03~G50~05-3~05 - Doll (3)}
dollc088.jpg,184712,f4779586,\Gallery 50\05 - Doll (3)\,{Shemale Yum Dvd03~G50~05-3~05 - Doll (3)}
dollc089.jpg,131834,7a83d80b,\Gallery 50\05 - Doll (3)\,{Shemale Yum Dvd03~G50~05-3~05 - Doll (3)}
dolld001.jpg,104405,95c0f8f8,\Gallery 50\05 - Doll (4)\,{Shemale Yum Dvd03~G50~05-4~05 - Doll (4)}
dolld002.jpg,118994,3ccf41a3,\Gallery 50\05 - Doll (4)\,{Shemale Yum Dvd03~G50~05-4~05 - Doll (4)}
dolld003.jpg,106902,1f73986e,\Gallery 50\05 - Doll (4)\,{Shemale Yum Dvd03~G50~05-4~05 - Doll (4)}
dolld004.jpg,104001,279464b6,\Gallery 50\05 - Doll (4)\,{Shemale Yum Dvd03~G50~05-4~05 - Doll (4)}
dolld005.jpg,99467,a4fef757,\Gallery 50\05 - Doll (4)\,{Shemale Yum Dvd03~G50~05-4~05 - Doll (4)}
dolld006.jpg,103102,f4f13947,\Gallery 50\05 - Doll (4)\,{Shemale Yum Dvd03~G50~05-4~05 - Doll (4)}
dolld007.jpg,126569,e56c3b8c,\Gallery 50\05 - Doll (4)\,{Shemale Yum Dvd03~G50~05-4~05 - Doll (4)}
dolld008.jpg,133967,74c26d55,\Gallery 50\05 - Doll (4)\,{Shemale Yum Dvd03~G50~05-4~05 - Doll (4)}
dolld009.jpg,134285,144cce90,\Gallery 50\05 - Doll (4)\,{Shemale Yum Dvd03~G50~05-4~05 - Doll (4)}
dolld010.jpg,116406,e929e254,\Gallery 50\05 - Doll (4)\,{Shemale Yum Dvd03~G50~05-4~05 - Doll (4)}
dolld011.jpg,118707,62917880,\Gallery 50\05 - Doll (4)\,{Shemale Yum Dvd03~G50~05-4~05 - Doll (4)}
dolld012.jpg,124522,435bb2ec,\Gallery 50\05 - Doll (4)\,{Shemale Yum Dvd03~G50~05-4~05 - Doll (4)}
dolld013.jpg,112493,67be47e6,\Gallery 50\05 - Doll (4)\,{Shemale Yum Dvd03~G50~05-4~05 - Doll (4)}
dolld014.jpg,130566,1a622748,\Gallery 50\05 - Doll (4)\,{Shemale Yum Dvd03~G50~05-4~05 - Doll (4)}
dolld015.jpg,126694,48a9645b,\Gallery 50\05 - Doll (4)\,{Shemale Yum Dvd03~G50~05-4~05 - Doll (4)}
dolld016.jpg,137967,a1814249,\Gallery 50\05 - Doll (4)\,{Shemale Yum Dvd03~G50~05-4~05 - Doll (4)}
dolld017.jpg,93234,718d2091,\Gallery 50\05 - Doll (4)\,{Shemale Yum Dvd03~G50~05-4~05 - Doll (4)}
dolld018.jpg,84843,c0426aa7,\Gallery 50\05 - Doll (4)\,{Shemale Yum Dvd03~G50~05-4~05 - Doll (4)}
dolld019.jpg,105381,1d7c2157,\Gallery 50\05 - Doll (4)\,{Shemale Yum Dvd03~G50~05-4~05 - Doll (4)}
dolld020.jpg,108947,4b0dc2e0,\Gallery 50\05 - Doll (4)\,{Shemale Yum Dvd03~G50~05-4~05 - Doll (4)}
dolld021.jpg,100766,b78fdf10,\Gallery 50\05 - Doll (4)\,{Shemale Yum Dvd03~G50~05-4~05 - Doll (4)}
dolld022.jpg,106726,b9490fae,\Gallery 50\05 - Doll (4)\,{Shemale Yum Dvd03~G50~05-4~05 - Doll (4)}
dolld023.jpg,128131,13df2373,\Gallery 50\05 - Doll (4)\,{Shemale Yum Dvd03~G50~05-4~05 - Doll (4)}
dolld024.jpg,120990,c89f25e7,\Gallery 50\05 - Doll (4)\,{Shemale Yum Dvd03~G50~05-4~05 - Doll (4)}
dolld025.jpg,144734,7d7931eb,\Gallery 50\05 - Doll (4)\,{Shemale Yum Dvd03~G50~05-4~05 - Doll (4)}
dolld026.jpg,159411,37b12023,\Gallery 50\05 - Doll (4)\,{Shemale Yum Dvd03~G50~05-4~05 - Doll (4)}
dolld027.jpg,165265,3130778f,\Gallery 50\05 - Doll (4)\,{Shemale Yum Dvd03~G50~05-4~05 - Doll (4)}
dolld028.jpg,142793,7ddbcbde,\Gallery 50\05 - Doll (4)\,{Shemale Yum Dvd03~G50~05-4~05 - Doll (4)}
dolld029.jpg,144293,c1df126a,\Gallery 50\05 - Doll (4)\,{Shemale Yum Dvd03~G50~05-4~05 - Doll (4)}
dolld030.jpg,152986,8b5a34b7,\Gallery 50\05 - Doll (4)\,{Shemale Yum Dvd03~G50~05-4~05 - Doll (4)}
dolld031.jpg,140850,b67af3f5,\Gallery 50\05 - Doll (4)\,{Shemale Yum Dvd03~G50~05-4~05 - Doll (4)}
dolld032.jpg,121694,b8d18ddc,\Gallery 50\05 - Doll (4)\,{Shemale Yum Dvd03~G50~05-4~05 - Doll (4)}
dolld033.jpg,127470,425edf3e,\Gallery 50\05 - Doll (4)\,{Shemale Yum Dvd03~G50~05-4~05 - Doll (4)}
dolld034.jpg,140287,e746a935,\Gallery 50\05 - Doll (4)\,{Shemale Yum Dvd03~G50~05-4~05 - Doll (4)}
dolld035.jpg,144280,c2984083,\Gallery 50\05 - Doll (4)\,{Shemale Yum Dvd03~G50~05-4~05 - Doll (4)}
dolld036.jpg,146972,2b4b19c2,\Gallery 50\05 - Doll (4)\,{Shemale Yum Dvd03~G50~05-4~05 - Doll (4)}
dolld037.jpg,111068,2c92c8ef,\Gallery 50\05 - Doll (4)\,{Shemale Yum Dvd03~G50~05-4~05 - Doll (4)}
dolld038.jpg,93870,0e6929e5,\Gallery 50\05 - Doll (4)\,{Shemale Yum Dvd03~G50~05-4~05 - Doll (4)}
dolld039.jpg,101180,52b0ba40,\Gallery 50\05 - Doll (4)\,{Shemale Yum Dvd03~G50~05-4~05 - Doll (4)}
dolld040.jpg,99054,afe2eab8,\Gallery 50\05 - Doll (4)\,{Shemale Yum Dvd03~G50~05-4~05 - Doll (4)}
dolld041.jpg,105838,cb24d1c2,\Gallery 50\05 - Doll (4)\,{Shemale Yum Dvd03~G50~05-4~05 - Doll (4)}
dolld042.jpg,114018,4de4300b,\Gallery 50\05 - Doll (4)\,{Shemale Yum Dvd03~G50~05-4~05 - Doll (4)}
dolld043.jpg,103020,087c2b35,\Gallery 50\05 - Doll (4)\,{Shemale Yum Dvd03~G50~05-4~05 - Doll (4)}
dolld044.jpg,111075,88fc3e5d,\Gallery 50\05 - Doll (4)\,{Shemale Yum Dvd03~G50~05-4~05 - Doll (4)}
dolld045.jpg,103380,c65f944f,\Gallery 50\05 - Doll (4)\,{Shemale Yum Dvd03~G50~05-4~05 - Doll (4)}
dolld046.jpg,125965,a4ca9cf4,\Gallery 50\05 - Doll (4)\,{Shemale Yum Dvd03~G50~05-4~05 - Doll (4)}
dolld047.jpg,108545,609fe0e5,\Gallery 50\05 - Doll (4)\,{Shemale Yum Dvd03~G50~05-4~05 - Doll (4)}
dolld048.jpg,126592,c1fb93a9,\Gallery 50\05 - Doll (4)\,{Shemale Yum Dvd03~G50~05-4~05 - Doll (4)}
dolld049.jpg,135781,e6a3f00d,\Gallery 50\05 - Doll (4)\,{Shemale Yum Dvd03~G50~05-4~05 - Doll (4)}
dolld050.jpg,114000,0277dbaf,\Gallery 50\05 - Doll (4)\,{Shemale Yum Dvd03~G50~05-4~05 - Doll (4)}
dolld051.jpg,112781,8381323d,\Gallery 50\05 - Doll (4)\,{Shemale Yum Dvd03~G50~05-4~05 - Doll (4)}
dolld052.jpg,103684,758f682e,\Gallery 50\05 - Doll (4)\,{Shemale Yum Dvd03~G50~05-4~05 - Doll (4)}
dolld053.jpg,107098,5d070cdd,\Gallery 50\05 - Doll (4)\,{Shemale Yum Dvd03~G50~05-4~05 - Doll (4)}
dolld054.jpg,93175,ecaa1272,\Gallery 50\05 - Doll (4)\,{Shemale Yum Dvd03~G50~05-4~05 - Doll (4)}
dolld055.jpg,91724,a95d2542,\Gallery 50\05 - Doll (4)\,{Shemale Yum Dvd03~G50~05-4~05 - Doll (4)}
dolld056.jpg,190458,cce30d31,\Gallery 50\05 - Doll (4)\,{Shemale Yum Dvd03~G50~05-4~05 - Doll (4)}
dolld057.jpg,180796,46a0f57c,\Gallery 50\05 - Doll (4)\,{Shemale Yum Dvd03~G50~05-4~05 - Doll (4)}
dolld058.jpg,181587,2e7cdbbe,\Gallery 50\05 - Doll (4)\,{Shemale Yum Dvd03~G50~05-4~05 - Doll (4)}
dolld059.jpg,184558,ad541bdd,\Gallery 50\05 - Doll (4)\,{Shemale Yum Dvd03~G50~05-4~05 - Doll (4)}
dolld060.jpg,144757,befd33f0,\Gallery 50\05 - Doll (4)\,{Shemale Yum Dvd03~G50~05-4~05 - Doll (4)}
dolld061.jpg,153205,4640f5ab,\Gallery 50\05 - Doll (4)\,{Shemale Yum Dvd03~G50~05-4~05 - Doll (4)}
dolld062.jpg,144287,d4773b1e,\Gallery 50\05 - Doll (4)\,{Shemale Yum Dvd03~G50~05-4~05 - Doll (4)}
dolld063.jpg,156744,fa1a1747,\Gallery 50\05 - Doll (4)\,{Shemale Yum Dvd03~G50~05-4~05 - Doll (4)}
dolld064.jpg,151691,a07accb5,\Gallery 50\05 - Doll (4)\,{Shemale Yum Dvd03~G50~05-4~05 - Doll (4)}
dolld065.jpg,141675,4bafb6e0,\Gallery 50\05 - Doll (4)\,{Shemale Yum Dvd03~G50~05-4~05 - Doll (4)}
dolld066.jpg,150566,2a63b08f,\Gallery 50\05 - Doll (4)\,{Shemale Yum Dvd03~G50~05-4~05 - Doll (4)}
dolld067.jpg,150023,c8b29b7e,\Gallery 50\05 - Doll (4)\,{Shemale Yum Dvd03~G50~05-4~05 - Doll (4)}
dolld068.jpg,152375,272508b1,\Gallery 50\05 - Doll (4)\,{Shemale Yum Dvd03~G50~05-4~05 - Doll (4)}
dolld069.jpg,144390,d8703a30,\Gallery 50\05 - Doll (4)\,{Shemale Yum Dvd03~G50~05-4~05 - Doll (4)}
dolld070.jpg,157275,e038e888,\Gallery 50\05 - Doll (4)\,{Shemale Yum Dvd03~G50~05-4~05 - Doll (4)}
dolld071.jpg,150011,3fe04531,\Gallery 50\05 - Doll (4)\,{Shemale Yum Dvd03~G50~05-4~05 - Doll (4)}
dolld072.jpg,97647,630001bc,\Gallery 50\05 - Doll (4)\,{Shemale Yum Dvd03~G50~05-4~05 - Doll (4)}
dolld073.jpg,148894,63156516,\Gallery 50\05 - Doll (4)\,{Shemale Yum Dvd03~G50~05-4~05 - Doll (4)}
dolld074.jpg,164382,4d91c21c,\Gallery 50\05 - Doll (4)\,{Shemale Yum Dvd03~G50~05-4~05 - Doll (4)}
dolld075.jpg,147405,be709432,\Gallery 50\05 - Doll (4)\,{Shemale Yum Dvd03~G50~05-4~05 - Doll (4)}
dolld076.jpg,137660,f711f22a,\Gallery 50\05 - Doll (4)\,{Shemale Yum Dvd03~G50~05-4~05 - Doll (4)}
dolld077.jpg,148910,bcf0e7fc,\Gallery 50\05 - Doll (4)\,{Shemale Yum Dvd03~G50~05-4~05 - Doll (4)}
dolld078.jpg,143134,49edcea0,\Gallery 50\05 - Doll (4)\,{Shemale Yum Dvd03~G50~05-4~05 - Doll (4)}
dolld079.jpg,163870,26735843,\Gallery 50\05 - Doll (4)\,{Shemale Yum Dvd03~G50~05-4~05 - Doll (4)}
dolld080.jpg,119977,24806035,\Gallery 50\05 - Doll (4)\,{Shemale Yum Dvd03~G50~05-4~05 - Doll (4)}
dolld081.jpg,117159,0b23992a,\Gallery 50\05 - Doll (4)\,{Shemale Yum Dvd03~G50~05-4~05 - Doll (4)}
dolld082.jpg,131878,f54197a6,\Gallery 50\05 - Doll (4)\,{Shemale Yum Dvd03~G50~05-4~05 - Doll (4)}
dolld083.jpg,151946,99a60da1,\Gallery 50\05 - Doll (4)\,{Shemale Yum Dvd03~G50~05-4~05 - Doll (4)}
dolld084.jpg,122476,1401ac05,\Gallery 50\05 - Doll (4)\,{Shemale Yum Dvd03~G50~05-4~05 - Doll (4)}
dolld085.jpg,124183,098d524f,\Gallery 50\05 - Doll (4)\,{Shemale Yum Dvd03~G50~05-4~05 - Doll (4)}
dolld086.jpg,124470,cd5a9d7f,\Gallery 50\05 - Doll (4)\,{Shemale Yum Dvd03~G50~05-4~05 - Doll (4)}
dolld087.jpg,162334,903c515b,\Gallery 50\05 - Doll (4)\,{Shemale Yum Dvd03~G50~05-4~05 - Doll (4)}
dolld088.jpg,118129,a8b4c642,\Gallery 50\05 - Doll (4)\,{Shemale Yum Dvd03~G50~05-4~05 - Doll (4)}
dolld089.jpg,136301,b4c92cf6,\Gallery 50\05 - Doll (4)\,{Shemale Yum Dvd03~G50~05-4~05 - Doll (4)}
dolld090.jpg,144876,6301a62a,\Gallery 50\05 - Doll (4)\,{Shemale Yum Dvd03~G50~05-4~05 - Doll (4)}
dolld091.jpg,146747,eb684136,\Gallery 50\05 - Doll (4)\,{Shemale Yum Dvd03~G50~05-4~05 - Doll (4)}
dolld092.jpg,132496,e01c4863,\Gallery 50\05 - Doll (4)\,{Shemale Yum Dvd03~G50~05-4~05 - Doll (4)}
dolld093.jpg,139098,05a61d76,\Gallery 50\05 - Doll (4)\,{Shemale Yum Dvd03~G50~05-4~05 - Doll (4)}
dolld094.jpg,151825,a33c5b79,\Gallery 50\05 - Doll (4)\,{Shemale Yum Dvd03~G50~05-4~05 - Doll (4)}
dolld095.jpg,145426,3900d8a1,\Gallery 50\05 - Doll (4)\,{Shemale Yum Dvd03~G50~05-4~05 - Doll (4)}
doll5001.jpg,159485,bc8231d9,\Gallery 50\05 - Doll (5)\,{Shemale Yum Dvd03~G50~05-5~05 - Doll (5)}
doll5002.jpg,149402,bd9702e4,\Gallery 50\05 - Doll (5)\,{Shemale Yum Dvd03~G50~05-5~05 - Doll (5)}
doll5003.jpg,141754,c23d449d,\Gallery 50\05 - Doll (5)\,{Shemale Yum Dvd03~G50~05-5~05 - Doll (5)}
doll5004.jpg,196472,4d44668f,\Gallery 50\05 - Doll (5)\,{Shemale Yum Dvd03~G50~05-5~05 - Doll (5)}
doll5005.jpg,133620,a1077478,\Gallery 50\05 - Doll (5)\,{Shemale Yum Dvd03~G50~05-5~05 - Doll (5)}
doll5006.jpg,167862,f2c55884,\Gallery 50\05 - Doll (5)\,{Shemale Yum Dvd03~G50~05-5~05 - Doll (5)}
doll5007.jpg,142886,d3038a1a,\Gallery 50\05 - Doll (5)\,{Shemale Yum Dvd03~G50~05-5~05 - Doll (5)}
doll5008.jpg,145943,b24a9c93,\Gallery 50\05 - Doll (5)\,{Shemale Yum Dvd03~G50~05-5~05 - Doll (5)}
doll5009.jpg,154277,385404d9,\Gallery 50\05 - Doll (5)\,{Shemale Yum Dvd03~G50~05-5~05 - Doll (5)}
doll5010.jpg,151197,e3395365,\Gallery 50\05 - Doll (5)\,{Shemale Yum Dvd03~G50~05-5~05 - Doll (5)}
doll5011.jpg,154810,60bc06ac,\Gallery 50\05 - Doll (5)\,{Shemale Yum Dvd03~G50~05-5~05 - Doll (5)}
doll5012.jpg,161864,51854aec,\Gallery 50\05 - Doll (5)\,{Shemale Yum Dvd03~G50~05-5~05 - Doll (5)}
doll5013.jpg,155919,b820fcf9,\Gallery 50\05 - Doll (5)\,{Shemale Yum Dvd03~G50~05-5~05 - Doll (5)}
doll5014.jpg,143748,3a69e680,\Gallery 50\05 - Doll (5)\,{Shemale Yum Dvd03~G50~05-5~05 - Doll (5)}
doll5015.jpg,147962,dca3259d,\Gallery 50\05 - Doll (5)\,{Shemale Yum Dvd03~G50~05-5~05 - Doll (5)}
doll5016.jpg,156837,4eb1daf2,\Gallery 50\05 - Doll (5)\,{Shemale Yum Dvd03~G50~05-5~05 - Doll (5)}
doll5017.jpg,196469,f6f0f590,\Gallery 50\05 - Doll (5)\,{Shemale Yum Dvd03~G50~05-5~05 - Doll (5)}
doll5018.jpg,189793,f54d9db8,\Gallery 50\05 - Doll (5)\,{Shemale Yum Dvd03~G50~05-5~05 - Doll (5)}
doll5019.jpg,151917,2d08739e,\Gallery 50\05 - Doll (5)\,{Shemale Yum Dvd03~G50~05-5~05 - Doll (5)}
doll5020.jpg,147297,1230085b,\Gallery 50\05 - Doll (5)\,{Shemale Yum Dvd03~G50~05-5~05 - Doll (5)}
doll5021.jpg,140884,8bd72f9b,\Gallery 50\05 - Doll (5)\,{Shemale Yum Dvd03~G50~05-5~05 - Doll (5)}
doll5022.jpg,201014,da17cc5f,\Gallery 50\05 - Doll (5)\,{Shemale Yum Dvd03~G50~05-5~05 - Doll (5)}
doll5023.jpg,144218,0cacade1,\Gallery 50\05 - Doll (5)\,{Shemale Yum Dvd03~G50~05-5~05 - Doll (5)}
doll5024.jpg,148909,ee19c174,\Gallery 50\05 - Doll (5)\,{Shemale Yum Dvd03~G50~05-5~05 - Doll (5)}
doll5025.jpg,141494,8e0d7c62,\Gallery 50\05 - Doll (5)\,{Shemale Yum Dvd03~G50~05-5~05 - Doll (5)}
doll5026.jpg,145149,cece1e0e,\Gallery 50\05 - Doll (5)\,{Shemale Yum Dvd03~G50~05-5~05 - Doll (5)}
doll5027.jpg,143218,4ff5f753,\Gallery 50\05 - Doll (5)\,{Shemale Yum Dvd03~G50~05-5~05 - Doll (5)}
doll5028.jpg,142092,30e74ae5,\Gallery 50\05 - Doll (5)\,{Shemale Yum Dvd03~G50~05-5~05 - Doll (5)}
doll5029.jpg,136739,289d2aac,\Gallery 50\05 - Doll (5)\,{Shemale Yum Dvd03~G50~05-5~05 - Doll (5)}
doll5030.jpg,142563,04363c78,\Gallery 50\05 - Doll (5)\,{Shemale Yum Dvd03~G50~05-5~05 - Doll (5)}
doll5031.jpg,155840,0e43b919,\Gallery 50\05 - Doll (5)\,{Shemale Yum Dvd03~G50~05-5~05 - Doll (5)}
doll5032.jpg,155426,f6cd090c,\Gallery 50\05 - Doll (5)\,{Shemale Yum Dvd03~G50~05-5~05 - Doll (5)}
doll5033.jpg,152034,80beda11,\Gallery 50\05 - Doll (5)\,{Shemale Yum Dvd03~G50~05-5~05 - Doll (5)}
doll5034.jpg,122597,deef3d62,\Gallery 50\05 - Doll (5)\,{Shemale Yum Dvd03~G50~05-5~05 - Doll (5)}
doll5035.jpg,137605,4087170b,\Gallery 50\05 - Doll (5)\,{Shemale Yum Dvd03~G50~05-5~05 - Doll (5)}
doll5036.jpg,135042,09b1ef6c,\Gallery 50\05 - Doll (5)\,{Shemale Yum Dvd03~G50~05-5~05 - Doll (5)}
doll5037.jpg,106347,070bdff3,\Gallery 50\05 - Doll (5)\,{Shemale Yum Dvd03~G50~05-5~05 - Doll (5)}
doll5038.jpg,123831,dc505375,\Gallery 50\05 - Doll (5)\,{Shemale Yum Dvd03~G50~05-5~05 - Doll (5)}
doll5039.jpg,136333,f22c6e7f,\Gallery 50\05 - Doll (5)\,{Shemale Yum Dvd03~G50~05-5~05 - Doll (5)}
doll5040.jpg,129341,c9b4ca89,\Gallery 50\05 - Doll (5)\,{Shemale Yum Dvd03~G50~05-5~05 - Doll (5)}
doll5041.jpg,145257,7ad972a8,\Gallery 50\05 - Doll (5)\,{Shemale Yum Dvd03~G50~05-5~05 - Doll (5)}
doll5042.jpg,128902,4c1c2b51,\Gallery 50\05 - Doll (5)\,{Shemale Yum Dvd03~G50~05-5~05 - Doll (5)}
doll5043.jpg,130957,6ad14678,\Gallery 50\05 - Doll (5)\,{Shemale Yum Dvd03~G50~05-5~05 - Doll (5)}
doll5044.jpg,134076,0d9e3b49,\Gallery 50\05 - Doll (5)\,{Shemale Yum Dvd03~G50~05-5~05 - Doll (5)}
doll5045.jpg,157421,e54e8ead,\Gallery 50\05 - Doll (5)\,{Shemale Yum Dvd03~G50~05-5~05 - Doll (5)}
doll5046.jpg,145779,4daec280,\Gallery 50\05 - Doll (5)\,{Shemale Yum Dvd03~G50~05-5~05 - Doll (5)}
doll5047.jpg,142604,88fc0e87,\Gallery 50\05 - Doll (5)\,{Shemale Yum Dvd03~G50~05-5~05 - Doll (5)}
doll5048.jpg,147674,af9327d3,\Gallery 50\05 - Doll (5)\,{Shemale Yum Dvd03~G50~05-5~05 - Doll (5)}
doll5049.jpg,130966,9607bf9b,\Gallery 50\05 - Doll (5)\,{Shemale Yum Dvd03~G50~05-5~05 - Doll (5)}
doll5050.jpg,140379,b736cc0f,\Gallery 50\05 - Doll (5)\,{Shemale Yum Dvd03~G50~05-5~05 - Doll (5)}
doll5051.jpg,141622,e7ace93f,\Gallery 50\05 - Doll (5)\,{Shemale Yum Dvd03~G50~05-5~05 - Doll (5)}
doll5052.jpg,151818,69bfd2bb,\Gallery 50\05 - Doll (5)\,{Shemale Yum Dvd03~G50~05-5~05 - Doll (5)}
doll5053.jpg,150924,c7a7e8e5,\Gallery 50\05 - Doll (5)\,{Shemale Yum Dvd03~G50~05-5~05 - Doll (5)}
doll5054.jpg,115920,fb586d1f,\Gallery 50\05 - Doll (5)\,{Shemale Yum Dvd03~G50~05-5~05 - Doll (5)}
doll5055.jpg,126799,02fab8a2,\Gallery 50\05 - Doll (5)\,{Shemale Yum Dvd03~G50~05-5~05 - Doll (5)}
doll5056.jpg,135610,de151865,\Gallery 50\05 - Doll (5)\,{Shemale Yum Dvd03~G50~05-5~05 - Doll (5)}
doll5057.jpg,121736,b6543d27,\Gallery 50\05 - Doll (5)\,{Shemale Yum Dvd03~G50~05-5~05 - Doll (5)}
doll5058.jpg,127871,f25b7220,\Gallery 50\05 - Doll (5)\,{Shemale Yum Dvd03~G50~05-5~05 - Doll (5)}
doll5059.jpg,124475,86c04c22,\Gallery 50\05 - Doll (5)\,{Shemale Yum Dvd03~G50~05-5~05 - Doll (5)}
doll5060.jpg,150291,4a8a859d,\Gallery 50\05 - Doll (5)\,{Shemale Yum Dvd03~G50~05-5~05 - Doll (5)}
doll5061.jpg,149291,e6c9acb9,\Gallery 50\05 - Doll (5)\,{Shemale Yum Dvd03~G50~05-5~05 - Doll (5)}
doll5062.jpg,132715,31528474,\Gallery 50\05 - Doll (5)\,{Shemale Yum Dvd03~G50~05-5~05 - Doll (5)}
doll5063.jpg,175106,04b67783,\Gallery 50\05 - Doll (5)\,{Shemale Yum Dvd03~G50~05-5~05 - Doll (5)}
doll5064.jpg,123158,db1c06c2,\Gallery 50\05 - Doll (5)\,{Shemale Yum Dvd03~G50~05-5~05 - Doll (5)}
doll5065.jpg,117503,5af1752d,\Gallery 50\05 - Doll (5)\,{Shemale Yum Dvd03~G50~05-5~05 - Doll (5)}
doll5066.jpg,112120,50e01fef,\Gallery 50\05 - Doll (5)\,{Shemale Yum Dvd03~G50~05-5~05 - Doll (5)}
doll5067.jpg,119882,dd43ef53,\Gallery 50\05 - Doll (5)\,{Shemale Yum Dvd03~G50~05-5~05 - Doll (5)}
doll5068.jpg,108494,65753ca3,\Gallery 50\05 - Doll (5)\,{Shemale Yum Dvd03~G50~05-5~05 - Doll (5)}
doll5069.jpg,117202,4c635afe,\Gallery 50\05 - Doll (5)\,{Shemale Yum Dvd03~G50~05-5~05 - Doll (5)}
doll5070.jpg,117078,cfb755ff,\Gallery 50\05 - Doll (5)\,{Shemale Yum Dvd03~G50~05-5~05 - Doll (5)}
doll5071.jpg,119475,8a5330d0,\Gallery 50\05 - Doll (5)\,{Shemale Yum Dvd03~G50~05-5~05 - Doll (5)}
doll5072.jpg,130364,c132a37d,\Gallery 50\05 - Doll (5)\,{Shemale Yum Dvd03~G50~05-5~05 - Doll (5)}
doll5073.jpg,113182,7f6d05d2,\Gallery 50\05 - Doll (5)\,{Shemale Yum Dvd03~G50~05-5~05 - Doll (5)}
doll5074.jpg,114630,3368328a,\Gallery 50\05 - Doll (5)\,{Shemale Yum Dvd03~G50~05-5~05 - Doll (5)}
doll5075.jpg,123367,38eede9b,\Gallery 50\05 - Doll (5)\,{Shemale Yum Dvd03~G50~05-5~05 - Doll (5)}
doll5076.jpg,125352,6482ac7d,\Gallery 50\05 - Doll (5)\,{Shemale Yum Dvd03~G50~05-5~05 - Doll (5)}
doll5077.jpg,129619,6298f860,\Gallery 50\05 - Doll (5)\,{Shemale Yum Dvd03~G50~05-5~05 - Doll (5)}
doll5078.jpg,127896,dd07502c,\Gallery 50\05 - Doll (5)\,{Shemale Yum Dvd03~G50~05-5~05 - Doll (5)}
doll5079.jpg,114346,d84d0019,\Gallery 50\05 - Doll (5)\,{Shemale Yum Dvd03~G50~05-5~05 - Doll (5)}
doll5080.jpg,131969,8c8fa0a8,\Gallery 50\05 - Doll (5)\,{Shemale Yum Dvd03~G50~05-5~05 - Doll (5)}
doll5081.jpg,113887,037ed713,\Gallery 50\05 - Doll (5)\,{Shemale Yum Dvd03~G50~05-5~05 - Doll (5)}
doll5082.jpg,125124,5e9e4b3b,\Gallery 50\05 - Doll (5)\,{Shemale Yum Dvd03~G50~05-5~05 - Doll (5)}
doll5083.jpg,114343,2b85fd2b,\Gallery 50\05 - Doll (5)\,{Shemale Yum Dvd03~G50~05-5~05 - Doll (5)}
doll5084.jpg,108420,352b7842,\Gallery 50\05 - Doll (5)\,{Shemale Yum Dvd03~G50~05-5~05 - Doll (5)}
doll5085.jpg,107906,802efa4c,\Gallery 50\05 - Doll (5)\,{Shemale Yum Dvd03~G50~05-5~05 - Doll (5)}
doll5086.jpg,108362,18f2e71a,\Gallery 50\05 - Doll (5)\,{Shemale Yum Dvd03~G50~05-5~05 - Doll (5)}
doll5087.jpg,116573,66b82010,\Gallery 50\05 - Doll (5)\,{Shemale Yum Dvd03~G50~05-5~05 - Doll (5)}
doll5088.jpg,109150,5a814018,\Gallery 50\05 - Doll (5)\,{Shemale Yum Dvd03~G50~05-5~05 - Doll (5)}
doll5089.jpg,98788,1411d679,\Gallery 50\05 - Doll (5)\,{Shemale Yum Dvd03~G50~05-5~05 - Doll (5)}
doll5090.jpg,129738,2cf635d0,\Gallery 50\05 - Doll (5)\,{Shemale Yum Dvd03~G50~05-5~05 - Doll (5)}
doll5091.jpg,128072,3abf8fd5,\Gallery 50\05 - Doll (5)\,{Shemale Yum Dvd03~G50~05-5~05 - Doll (5)}
doll5092.jpg,117380,3e788038,\Gallery 50\05 - Doll (5)\,{Shemale Yum Dvd03~G50~05-5~05 - Doll (5)}
doll5093.jpg,126410,ebbb5b50,\Gallery 50\05 - Doll (5)\,{Shemale Yum Dvd03~G50~05-5~05 - Doll (5)}
doll5094.jpg,117290,e23cf336,\Gallery 50\05 - Doll (5)\,{Shemale Yum Dvd03~G50~05-5~05 - Doll (5)}
doll5095.jpg,136755,2f4c2fcc,\Gallery 50\05 - Doll (5)\,{Shemale Yum Dvd03~G50~05-5~05 - Doll (5)}
doll5096.jpg,102639,9eedd337,\Gallery 50\05 - Doll (5)\,{Shemale Yum Dvd03~G50~05-5~05 - Doll (5)}
doll5097.jpg,130295,c72caa5c,\Gallery 50\05 - Doll (5)\,{Shemale Yum Dvd03~G50~05-5~05 - Doll (5)}
doll5098.jpg,129761,39e565c7,\Gallery 50\05 - Doll (5)\,{Shemale Yum Dvd03~G50~05-5~05 - Doll (5)}
doll5099.jpg,112366,0fcc423f,\Gallery 50\05 - Doll (5)\,{Shemale Yum Dvd03~G50~05-5~05 - Doll (5)}
doll5100.jpg,121524,f46ad400,\Gallery 50\05 - Doll (5)\,{Shemale Yum Dvd03~G50~05-5~05 - Doll (5)}
doll5101.jpg,124778,cdc8bb09,\Gallery 50\05 - Doll (5)\,{Shemale Yum Dvd03~G50~05-5~05 - Doll (5)}
doll5102.jpg,119954,4d37e950,\Gallery 50\05 - Doll (5)\,{Shemale Yum Dvd03~G50~05-5~05 - Doll (5)}
doll5103.jpg,115981,cecb637c,\Gallery 50\05 - Doll (5)\,{Shemale Yum Dvd03~G50~05-5~05 - Doll (5)}
doll5104.jpg,141170,28007334,\Gallery 50\05 - Doll (5)\,{Shemale Yum Dvd03~G50~05-5~05 - Doll (5)}
doll5105.jpg,141518,990019e4,\Gallery 50\05 - Doll (5)\,{Shemale Yum Dvd03~G50~05-5~05 - Doll (5)}
doll5106.jpg,131981,81e9e966,\Gallery 50\05 - Doll (5)\,{Shemale Yum Dvd03~G50~05-5~05 - Doll (5)}
leandra002.jpg,138574,f1920edb,\Gallery 50\06 - Leandra\,{Shemale Yum Dvd03~G50~06~06 - Leandra}
leandra003.jpg,174363,2521990d,\Gallery 50\06 - Leandra\,{Shemale Yum Dvd03~G50~06~06 - Leandra}
leandra005.jpg,139982,beae38d6,\Gallery 50\06 - Leandra\,{Shemale Yum Dvd03~G50~06~06 - Leandra}
leandra006.jpg,145309,96c86205,\Gallery 50\06 - Leandra\,{Shemale Yum Dvd03~G50~06~06 - Leandra}
leandra007.jpg,111734,2f2fe39d,\Gallery 50\06 - Leandra\,{Shemale Yum Dvd03~G50~06~06 - Leandra}
leandra009.jpg,139559,16566223,\Gallery 50\06 - Leandra\,{Shemale Yum Dvd03~G50~06~06 - Leandra}
leandra010.jpg,133013,99bb54bb,\Gallery 50\06 - Leandra\,{Shemale Yum Dvd03~G50~06~06 - Leandra}
leandra011.jpg,121959,be86362d,\Gallery 50\06 - Leandra\,{Shemale Yum Dvd03~G50~06~06 - Leandra}
leandra013.jpg,122278,febf6776,\Gallery 50\06 - Leandra\,{Shemale Yum Dvd03~G50~06~06 - Leandra}
leandra014.jpg,141970,574084e6,\Gallery 50\06 - Leandra\,{Shemale Yum Dvd03~G50~06~06 - Leandra}
leandra015.jpg,144627,80ac80ae,\Gallery 50\06 - Leandra\,{Shemale Yum Dvd03~G50~06~06 - Leandra}
leandra017.jpg,136109,d2835de1,\Gallery 50\06 - Leandra\,{Shemale Yum Dvd03~G50~06~06 - Leandra}
leandra018.jpg,167458,86b57a30,\Gallery 50\06 - Leandra\,{Shemale Yum Dvd03~G50~06~06 - Leandra}
leandra019.jpg,146033,9432db65,\Gallery 50\06 - Leandra\,{Shemale Yum Dvd03~G50~06~06 - Leandra}
leandra020.jpg,185776,9cef6983,\Gallery 50\06 - Leandra\,{Shemale Yum Dvd03~G50~06~06 - Leandra}
leandra022.jpg,173584,9c359d4e,\Gallery 50\06 - Leandra\,{Shemale Yum Dvd03~G50~06~06 - Leandra}
leandra023.jpg,198933,ee1e8b61,\Gallery 50\06 - Leandra\,{Shemale Yum Dvd03~G50~06~06 - Leandra}
leandra024.jpg,152298,9e42bb18,\Gallery 50\06 - Leandra\,{Shemale Yum Dvd03~G50~06~06 - Leandra}
leandra025.jpg,205151,a4980f9a,\Gallery 50\06 - Leandra\,{Shemale Yum Dvd03~G50~06~06 - Leandra}
leandra026.jpg,171405,3391322e,\Gallery 50\06 - Leandra\,{Shemale Yum Dvd03~G50~06~06 - Leandra}
leandra027.jpg,160650,f5691c34,\Gallery 50\06 - Leandra\,{Shemale Yum Dvd03~G50~06~06 - Leandra}
leandra028.jpg,164851,fe913b20,\Gallery 50\06 - Leandra\,{Shemale Yum Dvd03~G50~06~06 - Leandra}
leandra029.jpg,130534,a5aa3c77,\Gallery 50\06 - Leandra\,{Shemale Yum Dvd03~G50~06~06 - Leandra}
leandra030.jpg,185283,8923cb7b,\Gallery 50\06 - Leandra\,{Shemale Yum Dvd03~G50~06~06 - Leandra}
leandra031.jpg,168478,b578289c,\Gallery 50\06 - Leandra\,{Shemale Yum Dvd03~G50~06~06 - Leandra}
leandra032.jpg,164547,d3d5fbbe,\Gallery 50\06 - Leandra\,{Shemale Yum Dvd03~G50~06~06 - Leandra}
leandra033.jpg,176813,34ba3715,\Gallery 50\06 - Leandra\,{Shemale Yum Dvd03~G50~06~06 - Leandra}
leandra034.jpg,175926,2d6c4ed0,\Gallery 50\06 - Leandra\,{Shemale Yum Dvd03~G50~06~06 - Leandra}
leandra035.jpg,163882,34550d1b,\Gallery 50\06 - Leandra\,{Shemale Yum Dvd03~G50~06~06 - Leandra}
leandra036.jpg,165602,b8600a5e,\Gallery 50\06 - Leandra\,{Shemale Yum Dvd03~G50~06~06 - Leandra}
leandra037.jpg,172703,1d388d76,\Gallery 50\06 - Leandra\,{Shemale Yum Dvd03~G50~06~06 - Leandra}
leandra039.jpg,183003,ffccae36,\Gallery 50\06 - Leandra\,{Shemale Yum Dvd03~G50~06~06 - Leandra}
leandra040.jpg,183362,db99bf6b,\Gallery 50\06 - Leandra\,{Shemale Yum Dvd03~G50~06~06 - Leandra}
leandra041.jpg,190039,389c3f8b,\Gallery 50\06 - Leandra\,{Shemale Yum Dvd03~G50~06~06 - Leandra}
leandra042.jpg,136611,80c7ad51,\Gallery 50\06 - Leandra\,{Shemale Yum Dvd03~G50~06~06 - Leandra}
leandra043.jpg,140814,627f4aff,\Gallery 50\06 - Leandra\,{Shemale Yum Dvd03~G50~06~06 - Leandra}
leandra044.jpg,137042,d139d71e,\Gallery 50\06 - Leandra\,{Shemale Yum Dvd03~G50~06~06 - Leandra}
leandra046.jpg,170733,46e811a4,\Gallery 50\06 - Leandra\,{Shemale Yum Dvd03~G50~06~06 - Leandra}
leandra047.jpg,153167,a9d8233c,\Gallery 50\06 - Leandra\,{Shemale Yum Dvd03~G50~06~06 - Leandra}
leandra048.jpg,182204,9319fc78,\Gallery 50\06 - Leandra\,{Shemale Yum Dvd03~G50~06~06 - Leandra}
leandra049.jpg,141563,8717d68a,\Gallery 50\06 - Leandra\,{Shemale Yum Dvd03~G50~06~06 - Leandra}
leandra050.jpg,171670,099d39d6,\Gallery 50\06 - Leandra\,{Shemale Yum Dvd03~G50~06~06 - Leandra}
leandra051.jpg,161295,b06c77e5,\Gallery 50\06 - Leandra\,{Shemale Yum Dvd03~G50~06~06 - Leandra}
leandra052.jpg,185529,de81c4dd,\Gallery 50\06 - Leandra\,{Shemale Yum Dvd03~G50~06~06 - Leandra}
leandra053.jpg,179648,05554030,\Gallery 50\06 - Leandra\,{Shemale Yum Dvd03~G50~06~06 - Leandra}
leandra054.jpg,139966,d8a3a267,\Gallery 50\06 - Leandra\,{Shemale Yum Dvd03~G50~06~06 - Leandra}
leandra055.jpg,136553,80aa94b9,\Gallery 50\06 - Leandra\,{Shemale Yum Dvd03~G50~06~06 - Leandra}
leandra056.jpg,138844,f3c10a8b,\Gallery 50\06 - Leandra\,{Shemale Yum Dvd03~G50~06~06 - Leandra}
leandra057.jpg,132273,c1ca3302,\Gallery 50\06 - Leandra\,{Shemale Yum Dvd03~G50~06~06 - Leandra}
leandra058.jpg,183493,71466c7b,\Gallery 50\06 - Leandra\,{Shemale Yum Dvd03~G50~06~06 - Leandra}
leandra059.jpg,161188,caeb4950,\Gallery 50\06 - Leandra\,{Shemale Yum Dvd03~G50~06~06 - Leandra}
leandra060.jpg,175866,ab85340f,\Gallery 50\06 - Leandra\,{Shemale Yum Dvd03~G50~06~06 - Leandra}
leandra061.jpg,142514,f758c40c,\Gallery 50\06 - Leandra\,{Shemale Yum Dvd03~G50~06~06 - Leandra}
leandra062.jpg,174855,3c3185c6,\Gallery 50\06 - Leandra\,{Shemale Yum Dvd03~G50~06~06 - Leandra}
leandra064.jpg,133828,9e1faa5c,\Gallery 50\06 - Leandra\,{Shemale Yum Dvd03~G50~06~06 - Leandra}
leandra065.jpg,135528,90bd4157,\Gallery 50\06 - Leandra\,{Shemale Yum Dvd03~G50~06~06 - Leandra}
leandra066.jpg,138844,967ba01b,\Gallery 50\06 - Leandra\,{Shemale Yum Dvd03~G50~06~06 - Leandra}
leandra067.jpg,145281,1fbf2c59,\Gallery 50\06 - Leandra\,{Shemale Yum Dvd03~G50~06~06 - Leandra}
leandra068.jpg,132556,d9349559,\Gallery 50\06 - Leandra\,{Shemale Yum Dvd03~G50~06~06 - Leandra}
leandra069.jpg,132508,1ca31597,\Gallery 50\06 - Leandra\,{Shemale Yum Dvd03~G50~06~06 - Leandra}
leandra070.jpg,135704,2bad01a5,\Gallery 50\06 - Leandra\,{Shemale Yum Dvd03~G50~06~06 - Leandra}
leandra071.jpg,148880,a8407f79,\Gallery 50\06 - Leandra\,{Shemale Yum Dvd03~G50~06~06 - Leandra}
leandra072.jpg,138494,43b5ccaf,\Gallery 50\06 - Leandra\,{Shemale Yum Dvd03~G50~06~06 - Leandra}
leandra073.jpg,145496,ef22a520,\Gallery 50\06 - Leandra\,{Shemale Yum Dvd03~G50~06~06 - Leandra}
leandra074.jpg,137346,fc47a46c,\Gallery 50\06 - Leandra\,{Shemale Yum Dvd03~G50~06~06 - Leandra}
leandra075.jpg,143367,1f5ac908,\Gallery 50\06 - Leandra\,{Shemale Yum Dvd03~G50~06~06 - Leandra}
leandra076.jpg,118901,9f2b5e86,\Gallery 50\06 - Leandra\,{Shemale Yum Dvd03~G50~06~06 - Leandra}
leandra077.jpg,145609,dd8b512f,\Gallery 50\06 - Leandra\,{Shemale Yum Dvd03~G50~06~06 - Leandra}
leandra078.jpg,141918,babdfeb4,\Gallery 50\06 - Leandra\,{Shemale Yum Dvd03~G50~06~06 - Leandra}
leandra079.jpg,141606,60126092,\Gallery 50\06 - Leandra\,{Shemale Yum Dvd03~G50~06~06 - Leandra}
leandra080.jpg,134001,a233e472,\Gallery 50\06 - Leandra\,{Shemale Yum Dvd03~G50~06~06 - Leandra}
leandra081.jpg,146561,9489d8bf,\Gallery 50\06 - Leandra\,{Shemale Yum Dvd03~G50~06~06 - Leandra}
leandra082.jpg,135826,09ec77c4,\Gallery 50\06 - Leandra\,{Shemale Yum Dvd03~G50~06~06 - Leandra}
leandra083.jpg,144235,f03ecdca,\Gallery 50\06 - Leandra\,{Shemale Yum Dvd03~G50~06~06 - Leandra}
leandra084.jpg,133619,e5522146,\Gallery 50\06 - Leandra\,{Shemale Yum Dvd03~G50~06~06 - Leandra}
leandra085.jpg,138420,5bde3c54,\Gallery 50\06 - Leandra\,{Shemale Yum Dvd03~G50~06~06 - Leandra}
leandra086.jpg,143132,318d6644,\Gallery 50\06 - Leandra\,{Shemale Yum Dvd03~G50~06~06 - Leandra}
leandra087.jpg,138263,cca83a61,\Gallery 50\06 - Leandra\,{Shemale Yum Dvd03~G50~06~06 - Leandra}
leandra088.jpg,133921,b4c645b1,\Gallery 50\06 - Leandra\,{Shemale Yum Dvd03~G50~06~06 - Leandra}
leandra089.jpg,146239,c47485ba,\Gallery 50\06 - Leandra\,{Shemale Yum Dvd03~G50~06~06 - Leandra}
leandra090.jpg,141714,662f21ef,\Gallery 50\06 - Leandra\,{Shemale Yum Dvd03~G50~06~06 - Leandra}
leandra091.jpg,132192,71e57157,\Gallery 50\06 - Leandra\,{Shemale Yum Dvd03~G50~06~06 - Leandra}
leandra092.jpg,142063,097daf8f,\Gallery 50\06 - Leandra\,{Shemale Yum Dvd03~G50~06~06 - Leandra}
leandra093.jpg,137350,5fdac57f,\Gallery 50\06 - Leandra\,{Shemale Yum Dvd03~G50~06~06 - Leandra}
leandra094.jpg,134120,f8529b17,\Gallery 50\06 - Leandra\,{Shemale Yum Dvd03~G50~06~06 - Leandra}
leandra095.jpg,134940,a7a551fd,\Gallery 50\06 - Leandra\,{Shemale Yum Dvd03~G50~06~06 - Leandra}
leandra096.jpg,149324,41dcee40,\Gallery 50\06 - Leandra\,{Shemale Yum Dvd03~G50~06~06 - Leandra}
leandra097.jpg,140988,93a5cfe6,\Gallery 50\06 - Leandra\,{Shemale Yum Dvd03~G50~06~06 - Leandra}
leandra098.jpg,135464,1a4241a6,\Gallery 50\06 - Leandra\,{Shemale Yum Dvd03~G50~06~06 - Leandra}
leandra099.jpg,146086,5e3eea3f,\Gallery 50\06 - Leandra\,{Shemale Yum Dvd03~G50~06~06 - Leandra}
leandra100.jpg,150129,4cbe97b1,\Gallery 50\06 - Leandra\,{Shemale Yum Dvd03~G50~06~06 - Leandra}
leandra101.jpg,143846,be2dbd19,\Gallery 50\06 - Leandra\,{Shemale Yum Dvd03~G50~06~06 - Leandra}
leandra102.jpg,143200,06372fb4,\Gallery 50\06 - Leandra\,{Shemale Yum Dvd03~G50~06~06 - Leandra}
leandra103.jpg,130714,1976fdd3,\Gallery 50\06 - Leandra\,{Shemale Yum Dvd03~G50~06~06 - Leandra}
leandra104.jpg,135099,f3d78e59,\Gallery 50\06 - Leandra\,{Shemale Yum Dvd03~G50~06~06 - Leandra}
leandra105.jpg,134149,777631fb,\Gallery 50\06 - Leandra\,{Shemale Yum Dvd03~G50~06~06 - Leandra}
leandra106.jpg,143151,1a6b07f7,\Gallery 50\06 - Leandra\,{Shemale Yum Dvd03~G50~06~06 - Leandra}
leandra107.jpg,140065,6e1c17b2,\Gallery 50\06 - Leandra\,{Shemale Yum Dvd03~G50~06~06 - Leandra}
leandra108.jpg,162582,d009a846,\Gallery 50\06 - Leandra\,{Shemale Yum Dvd03~G50~06~06 - Leandra}
leandra109.jpg,165546,80227881,\Gallery 50\06 - Leandra\,{Shemale Yum Dvd03~G50~06~06 - Leandra}
leandra111.jpg,142608,31be5153,\Gallery 50\06 - Leandra\,{Shemale Yum Dvd03~G50~06~06 - Leandra}
leandra112.jpg,147674,62bec7b2,\Gallery 50\06 - Leandra\,{Shemale Yum Dvd03~G50~06~06 - Leandra}
leandra113.jpg,145045,06825fad,\Gallery 50\06 - Leandra\,{Shemale Yum Dvd03~G50~06~06 - Leandra}
leandra114.jpg,142706,c2a19c87,\Gallery 50\06 - Leandra\,{Shemale Yum Dvd03~G50~06~06 - Leandra}
leandra3001.jpg,206540,81aa17c2,\Gallery 50\06 - Leandra (2)\,{Shemale Yum Dvd03~G50~06-2~06 - Leandra (2)}
leandra3002.jpg,189189,22542c35,\Gallery 50\06 - Leandra (2)\,{Shemale Yum Dvd03~G50~06-2~06 - Leandra (2)}
leandra3003.jpg,208657,43fca3f7,\Gallery 50\06 - Leandra (2)\,{Shemale Yum Dvd03~G50~06-2~06 - Leandra (2)}
leandra3004.jpg,215260,17ee2ea8,\Gallery 50\06 - Leandra (2)\,{Shemale Yum Dvd03~G50~06-2~06 - Leandra (2)}
leandra3005.jpg,209942,df8f516c,\Gallery 50\06 - Leandra (2)\,{Shemale Yum Dvd03~G50~06-2~06 - Leandra (2)}
leandra3006.jpg,202442,40888781,\Gallery 50\06 - Leandra (2)\,{Shemale Yum Dvd03~G50~06-2~06 - Leandra (2)}
leandra3007.jpg,203173,85a58432,\Gallery 50\06 - Leandra (2)\,{Shemale Yum Dvd03~G50~06-2~06 - Leandra (2)}
leandra3008.jpg,187902,02015f39,\Gallery 50\06 - Leandra (2)\,{Shemale Yum Dvd03~G50~06-2~06 - Leandra (2)}
leandra3009.jpg,183693,24db2f6c,\Gallery 50\06 - Leandra (2)\,{Shemale Yum Dvd03~G50~06-2~06 - Leandra (2)}
leandra3010.jpg,169222,2ce47151,\Gallery 50\06 - Leandra (2)\,{Shemale Yum Dvd03~G50~06-2~06 - Leandra (2)}
leandra3011.jpg,198872,fa3ac86f,\Gallery 50\06 - Leandra (2)\,{Shemale Yum Dvd03~G50~06-2~06 - Leandra (2)}
leandra3012.jpg,187633,3c7ba981,\Gallery 50\06 - Leandra (2)\,{Shemale Yum Dvd03~G50~06-2~06 - Leandra (2)}
leandra3013.jpg,178966,66270d3c,\Gallery 50\06 - Leandra (2)\,{Shemale Yum Dvd03~G50~06-2~06 - Leandra (2)}
leandra3014.jpg,181167,f05c7d5a,\Gallery 50\06 - Leandra (2)\,{Shemale Yum Dvd03~G50~06-2~06 - Leandra (2)}
leandra3015.jpg,191281,53b7f846,\Gallery 50\06 - Leandra (2)\,{Shemale Yum Dvd03~G50~06-2~06 - Leandra (2)}
leandra3016.jpg,240684,e298935b,\Gallery 50\06 - Leandra (2)\,{Shemale Yum Dvd03~G50~06-2~06 - Leandra (2)}
leandra3017.jpg,192002,943020bb,\Gallery 50\06 - Leandra (2)\,{Shemale Yum Dvd03~G50~06-2~06 - Leandra (2)}
leandra3018.jpg,216010,f72019b7,\Gallery 50\06 - Leandra (2)\,{Shemale Yum Dvd03~G50~06-2~06 - Leandra (2)}
leandra3019.jpg,188634,acc6bf66,\Gallery 50\06 - Leandra (2)\,{Shemale Yum Dvd03~G50~06-2~06 - Leandra (2)}
leandra3020.jpg,199241,2a5e247b,\Gallery 50\06 - Leandra (2)\,{Shemale Yum Dvd03~G50~06-2~06 - Leandra (2)}
leandra3021.jpg,202316,0c48c1c5,\Gallery 50\06 - Leandra (2)\,{Shemale Yum Dvd03~G50~06-2~06 - Leandra (2)}
leandra3022.jpg,211775,c117555f,\Gallery 50\06 - Leandra (2)\,{Shemale Yum Dvd03~G50~06-2~06 - Leandra (2)}
leandra3023.jpg,177081,18fb8a60,\Gallery 50\06 - Leandra (2)\,{Shemale Yum Dvd03~G50~06-2~06 - Leandra (2)}
leandra3024.jpg,216771,6d0f9a10,\Gallery 50\06 - Leandra (2)\,{Shemale Yum Dvd03~G50~06-2~06 - Leandra (2)}
leandra3025.jpg,207899,78f21a17,\Gallery 50\06 - Leandra (2)\,{Shemale Yum Dvd03~G50~06-2~06 - Leandra (2)}
leandra3026.jpg,220102,65e88621,\Gallery 50\06 - Leandra (2)\,{Shemale Yum Dvd03~G50~06-2~06 - Leandra (2)}
leandra3027.jpg,201585,1d893bc7,\Gallery 50\06 - Leandra (2)\,{Shemale Yum Dvd03~G50~06-2~06 - Leandra (2)}
leandra3028.jpg,202567,048a0b0d,\Gallery 50\06 - Leandra (2)\,{Shemale Yum Dvd03~G50~06-2~06 - Leandra (2)}
leandra3029.jpg,175467,d824fd66,\Gallery 50\06 - Leandra (2)\,{Shemale Yum Dvd03~G50~06-2~06 - Leandra (2)}
leandra3030.jpg,171763,a07f723d,\Gallery 50\06 - Leandra (2)\,{Shemale Yum Dvd03~G50~06-2~06 - Leandra (2)}
leandra3031.jpg,189070,6c78ff59,\Gallery 50\06 - Leandra (2)\,{Shemale Yum Dvd03~G50~06-2~06 - Leandra (2)}
leandra3032.jpg,177639,b46168b4,\Gallery 50\06 - Leandra (2)\,{Shemale Yum Dvd03~G50~06-2~06 - Leandra (2)}
leandra3033.jpg,198580,85293795,\Gallery 50\06 - Leandra (2)\,{Shemale Yum Dvd03~G50~06-2~06 - Leandra (2)}
leandra3034.jpg,193927,d50d421f,\Gallery 50\06 - Leandra (2)\,{Shemale Yum Dvd03~G50~06-2~06 - Leandra (2)}
leandra3035.jpg,199587,911c4b7b,\Gallery 50\06 - Leandra (2)\,{Shemale Yum Dvd03~G50~06-2~06 - Leandra (2)}
leandra3036.jpg,191578,40c5849f,\Gallery 50\06 - Leandra (2)\,{Shemale Yum Dvd03~G50~06-2~06 - Leandra (2)}
leandra3037.jpg,196865,ef163a17,\Gallery 50\06 - Leandra (2)\,{Shemale Yum Dvd03~G50~06-2~06 - Leandra (2)}
leandra3038.jpg,208274,859dcd7e,\Gallery 50\06 - Leandra (2)\,{Shemale Yum Dvd03~G50~06-2~06 - Leandra (2)}
leandra3039.jpg,191153,499929bc,\Gallery 50\06 - Leandra (2)\,{Shemale Yum Dvd03~G50~06-2~06 - Leandra (2)}
leandra3040.jpg,196024,e68f422c,\Gallery 50\06 - Leandra (2)\,{Shemale Yum Dvd03~G50~06-2~06 - Leandra (2)}
leandra3041.jpg,201201,8b323dff,\Gallery 50\06 - Leandra (2)\,{Shemale Yum Dvd03~G50~06-2~06 - Leandra (2)}
leandra3042.jpg,189113,269c8cf9,\Gallery 50\06 - Leandra (2)\,{Shemale Yum Dvd03~G50~06-2~06 - Leandra (2)}
leandra3043.jpg,197564,87881492,\Gallery 50\06 - Leandra (2)\,{Shemale Yum Dvd03~G50~06-2~06 - Leandra (2)}
leandra3044.jpg,217334,34030980,\Gallery 50\06 - Leandra (2)\,{Shemale Yum Dvd03~G50~06-2~06 - Leandra (2)}
leandra3045.jpg,208908,a1dde5ea,\Gallery 50\06 - Leandra (2)\,{Shemale Yum Dvd03~G50~06-2~06 - Leandra (2)}
leandra3046.jpg,209595,cb32fc91,\Gallery 50\06 - Leandra (2)\,{Shemale Yum Dvd03~G50~06-2~06 - Leandra (2)}
leandra3047.jpg,196662,dc372eca,\Gallery 50\06 - Leandra (2)\,{Shemale Yum Dvd03~G50~06-2~06 - Leandra (2)}
leandra3048.jpg,182025,8854dcc6,\Gallery 50\06 - Leandra (2)\,{Shemale Yum Dvd03~G50~06-2~06 - Leandra (2)}
leandra3049.jpg,186761,4019c620,\Gallery 50\06 - Leandra (2)\,{Shemale Yum Dvd03~G50~06-2~06 - Leandra (2)}
leandra3050.jpg,202888,ea1c6b3f,\Gallery 50\06 - Leandra (2)\,{Shemale Yum Dvd03~G50~06-2~06 - Leandra (2)}
leandra3051.jpg,203189,0720e244,\Gallery 50\06 - Leandra (2)\,{Shemale Yum Dvd03~G50~06-2~06 - Leandra (2)}
leandra3052.jpg,194666,a0c7c10c,\Gallery 50\06 - Leandra (2)\,{Shemale Yum Dvd03~G50~06-2~06 - Leandra (2)}
leandra3053.jpg,205321,ef00d167,\Gallery 50\06 - Leandra (2)\,{Shemale Yum Dvd03~G50~06-2~06 - Leandra (2)}
leandra3054.jpg,212605,ae7d05dc,\Gallery 50\06 - Leandra (2)\,{Shemale Yum Dvd03~G50~06-2~06 - Leandra (2)}
leandra3055.jpg,200480,b11ae794,\Gallery 50\06 - Leandra (2)\,{Shemale Yum Dvd03~G50~06-2~06 - Leandra (2)}
leandra3056.jpg,178509,37375b60,\Gallery 50\06 - Leandra (2)\,{Shemale Yum Dvd03~G50~06-2~06 - Leandra (2)}
leandra3057.jpg,210263,9b814401,\Gallery 50\06 - Leandra (2)\,{Shemale Yum Dvd03~G50~06-2~06 - Leandra (2)}
leandra3058.jpg,205088,17b7e641,\Gallery 50\06 - Leandra (2)\,{Shemale Yum Dvd03~G50~06-2~06 - Leandra (2)}
leandra3059.jpg,198471,aea8324f,\Gallery 50\06 - Leandra (2)\,{Shemale Yum Dvd03~G50~06-2~06 - Leandra (2)}
leandra3060.jpg,187608,2a9ad47d,\Gallery 50\06 - Leandra (2)\,{Shemale Yum Dvd03~G50~06-2~06 - Leandra (2)}
leandra3061.jpg,197878,8aa5dd6f,\Gallery 50\06 - Leandra (2)\,{Shemale Yum Dvd03~G50~06-2~06 - Leandra (2)}
leandra3062.jpg,203502,71cf05d4,\Gallery 50\06 - Leandra (2)\,{Shemale Yum Dvd03~G50~06-2~06 - Leandra (2)}
leandra3063.jpg,200754,645c67db,\Gallery 50\06 - Leandra (2)\,{Shemale Yum Dvd03~G50~06-2~06 - Leandra (2)}
leandra3064.jpg,195020,16b875f4,\Gallery 50\06 - Leandra (2)\,{Shemale Yum Dvd03~G50~06-2~06 - Leandra (2)}
leandra3065.jpg,199615,239af583,\Gallery 50\06 - Leandra (2)\,{Shemale Yum Dvd03~G50~06-2~06 - Leandra (2)}
leandra3066.jpg,210829,0bb84f7d,\Gallery 50\06 - Leandra (2)\,{Shemale Yum Dvd03~G50~06-2~06 - Leandra (2)}
leandra3067.jpg,194927,ecab24fd,\Gallery 50\06 - Leandra (2)\,{Shemale Yum Dvd03~G50~06-2~06 - Leandra (2)}
leandra3068.jpg,198120,e2fbcb4d,\Gallery 50\06 - Leandra (2)\,{Shemale Yum Dvd03~G50~06-2~06 - Leandra (2)}
leandra3069.jpg,200802,418b0b81,\Gallery 50\06 - Leandra (2)\,{Shemale Yum Dvd03~G50~06-2~06 - Leandra (2)}
leandra3070.jpg,186455,98f1202c,\Gallery 50\06 - Leandra (2)\,{Shemale Yum Dvd03~G50~06-2~06 - Leandra (2)}
leandra3071.jpg,187279,c7ce1e2b,\Gallery 50\06 - Leandra (2)\,{Shemale Yum Dvd03~G50~06-2~06 - Leandra (2)}
leandra3072.jpg,192644,d0bf950b,\Gallery 50\06 - Leandra (2)\,{Shemale Yum Dvd03~G50~06-2~06 - Leandra (2)}
leandra3073.jpg,187008,ae75a8d5,\Gallery 50\06 - Leandra (2)\,{Shemale Yum Dvd03~G50~06-2~06 - Leandra (2)}
leandra3074.jpg,216209,63bfb44a,\Gallery 50\06 - Leandra (2)\,{Shemale Yum Dvd03~G50~06-2~06 - Leandra (2)}
leandra3075.jpg,215794,bd5f7063,\Gallery 50\06 - Leandra (2)\,{Shemale Yum Dvd03~G50~06-2~06 - Leandra (2)}
leandra3076.jpg,205936,e42e9b38,\Gallery 50\06 - Leandra (2)\,{Shemale Yum Dvd03~G50~06-2~06 - Leandra (2)}
leandra3077.jpg,216488,a4a05cfe,\Gallery 50\06 - Leandra (2)\,{Shemale Yum Dvd03~G50~06-2~06 - Leandra (2)}
leandra3078.jpg,209523,b6fca37a,\Gallery 50\06 - Leandra (2)\,{Shemale Yum Dvd03~G50~06-2~06 - Leandra (2)}
leandra3079.jpg,206444,2424b117,\Gallery 50\06 - Leandra (2)\,{Shemale Yum Dvd03~G50~06-2~06 - Leandra (2)}
leandra3080.jpg,198815,580af40a,\Gallery 50\06 - Leandra (2)\,{Shemale Yum Dvd03~G50~06-2~06 - Leandra (2)}
leandra3081.jpg,197725,52d3bd68,\Gallery 50\06 - Leandra (2)\,{Shemale Yum Dvd03~G50~06-2~06 - Leandra (2)}
leandra3082.jpg,186353,8c64dbe6,\Gallery 50\06 - Leandra (2)\,{Shemale Yum Dvd03~G50~06-2~06 - Leandra (2)}
leandra3083.jpg,178693,5ac3a5d4,\Gallery 50\06 - Leandra (2)\,{Shemale Yum Dvd03~G50~06-2~06 - Leandra (2)}
leandra3084.jpg,173486,b3ce398e,\Gallery 50\06 - Leandra (2)\,{Shemale Yum Dvd03~G50~06-2~06 - Leandra (2)}
leandra3085.jpg,207834,1246a3d4,\Gallery 50\06 - Leandra (2)\,{Shemale Yum Dvd03~G50~06-2~06 - Leandra (2)}
leandra3086.jpg,173487,a63eb8df,\Gallery 50\06 - Leandra (2)\,{Shemale Yum Dvd03~G50~06-2~06 - Leandra (2)}
leandra3087.jpg,187459,394b6bb7,\Gallery 50\06 - Leandra (2)\,{Shemale Yum Dvd03~G50~06-2~06 - Leandra (2)}
leandra3088.jpg,206917,a41ab992,\Gallery 50\06 - Leandra (2)\,{Shemale Yum Dvd03~G50~06-2~06 - Leandra (2)}
leandra3089.jpg,186709,c15b98bd,\Gallery 50\06 - Leandra (2)\,{Shemale Yum Dvd03~G50~06-2~06 - Leandra (2)}
leandra3090.jpg,188202,51fe28e8,\Gallery 50\06 - Leandra (2)\,{Shemale Yum Dvd03~G50~06-2~06 - Leandra (2)}
leandra3091.jpg,193692,f39dd9e6,\Gallery 50\06 - Leandra (2)\,{Shemale Yum Dvd03~G50~06-2~06 - Leandra (2)}
leandra3092.jpg,165762,52d05a2a,\Gallery 50\06 - Leandra (2)\,{Shemale Yum Dvd03~G50~06-2~06 - Leandra (2)}
leandra3093.jpg,187348,02e02573,\Gallery 50\06 - Leandra (2)\,{Shemale Yum Dvd03~G50~06-2~06 - Leandra (2)}
leandra3094.jpg,213520,75fc5b49,\Gallery 50\06 - Leandra (2)\,{Shemale Yum Dvd03~G50~06-2~06 - Leandra (2)}
leandra3095.jpg,199445,97a924f0,\Gallery 50\06 - Leandra (2)\,{Shemale Yum Dvd03~G50~06-2~06 - Leandra (2)}
leandra3096.jpg,222252,da28a0a3,\Gallery 50\06 - Leandra (2)\,{Shemale Yum Dvd03~G50~06-2~06 - Leandra (2)}
leandra3097.jpg,193980,66d53db8,\Gallery 50\06 - Leandra (2)\,{Shemale Yum Dvd03~G50~06-2~06 - Leandra (2)}
leandra3098.jpg,183478,c61cbd68,\Gallery 50\06 - Leandra (2)\,{Shemale Yum Dvd03~G50~06-2~06 - Leandra (2)}
leandra3099.jpg,179241,481c1cf1,\Gallery 50\06 - Leandra (2)\,{Shemale Yum Dvd03~G50~06-2~06 - Leandra (2)}
leandra3100.jpg,229811,592f0c21,\Gallery 50\06 - Leandra (2)\,{Shemale Yum Dvd03~G50~06-2~06 - Leandra (2)}
leandra3101.jpg,203189,248bf424,\Gallery 50\06 - Leandra (2)\,{Shemale Yum Dvd03~G50~06-2~06 - Leandra (2)}
leandra3102.jpg,203385,ba1b8eb8,\Gallery 50\06 - Leandra (2)\,{Shemale Yum Dvd03~G50~06-2~06 - Leandra (2)}
leandra3103.jpg,193152,acd765bf,\Gallery 50\06 - Leandra (2)\,{Shemale Yum Dvd03~G50~06-2~06 - Leandra (2)}
leandra3104.jpg,197599,68488312,\Gallery 50\06 - Leandra (2)\,{Shemale Yum Dvd03~G50~06-2~06 - Leandra (2)}
leandra3105.jpg,202996,2347201b,\Gallery 50\06 - Leandra (2)\,{Shemale Yum Dvd03~G50~06-2~06 - Leandra (2)}
leandra3106.jpg,190208,fa8d526a,\Gallery 50\06 - Leandra (2)\,{Shemale Yum Dvd03~G50~06-2~06 - Leandra (2)}
leandra3107.jpg,192637,fe4430a3,\Gallery 50\06 - Leandra (2)\,{Shemale Yum Dvd03~G50~06-2~06 - Leandra (2)}
leandra3108.jpg,211480,5270677e,\Gallery 50\06 - Leandra (2)\,{Shemale Yum Dvd03~G50~06-2~06 - Leandra (2)}
leandra3109.jpg,204313,5f085e4c,\Gallery 50\06 - Leandra (2)\,{Shemale Yum Dvd03~G50~06-2~06 - Leandra (2)}
leandra3110.jpg,200794,aba10029,\Gallery 50\06 - Leandra (2)\,{Shemale Yum Dvd03~G50~06-2~06 - Leandra (2)}
leandra3111.jpg,192499,3b9905c5,\Gallery 50\06 - Leandra (2)\,{Shemale Yum Dvd03~G50~06-2~06 - Leandra (2)}
leandra3112.jpg,187941,ffc13130,\Gallery 50\06 - Leandra (2)\,{Shemale Yum Dvd03~G50~06-2~06 - Leandra (2)}
leandra3113.jpg,211855,9bef3cfc,\Gallery 50\06 - Leandra (2)\,{Shemale Yum Dvd03~G50~06-2~06 - Leandra (2)}
leandra3114.jpg,208914,24a0e5ca,\Gallery 50\06 - Leandra (2)\,{Shemale Yum Dvd03~G50~06-2~06 - Leandra (2)}
leandra3115.jpg,199998,8a24c49f,\Gallery 50\06 - Leandra (2)\,{Shemale Yum Dvd03~G50~06-2~06 - Leandra (2)}
leandra3116.jpg,211458,2a5262a9,\Gallery 50\06 - Leandra (2)\,{Shemale Yum Dvd03~G50~06-2~06 - Leandra (2)}
leandra3117.jpg,195892,5827cb60,\Gallery 50\06 - Leandra (2)\,{Shemale Yum Dvd03~G50~06-2~06 - Leandra (2)}
leandra3118.jpg,184275,12d28897,\Gallery 50\06 - Leandra (2)\,{Shemale Yum Dvd03~G50~06-2~06 - Leandra (2)}
leandra3119.jpg,196773,2e5aa0b3,\Gallery 50\06 - Leandra (2)\,{Shemale Yum Dvd03~G50~06-2~06 - Leandra (2)}
leandra3120.jpg,199591,24f57219,\Gallery 50\06 - Leandra (2)\,{Shemale Yum Dvd03~G50~06-2~06 - Leandra (2)}
leandra3121.jpg,195292,6d40cea9,\Gallery 50\06 - Leandra (2)\,{Shemale Yum Dvd03~G50~06-2~06 - Leandra (2)}
leandra3122.jpg,187123,6d4680f2,\Gallery 50\06 - Leandra (2)\,{Shemale Yum Dvd03~G50~06-2~06 - Leandra (2)}
leandra4001.jpg,198716,b559233a,\Gallery 50\06 - Leandra (3)\,{Shemale Yum Dvd03~G50~06-3~06 - Leandra (3)}
leandra4002.jpg,200363,b3dcbb22,\Gallery 50\06 - Leandra (3)\,{Shemale Yum Dvd03~G50~06-3~06 - Leandra (3)}
leandra4003.jpg,206224,79b799af,\Gallery 50\06 - Leandra (3)\,{Shemale Yum Dvd03~G50~06-3~06 - Leandra (3)}
leandra4004.jpg,174996,5db9e5cc,\Gallery 50\06 - Leandra (3)\,{Shemale Yum Dvd03~G50~06-3~06 - Leandra (3)}
leandra4005.jpg,197762,f6132cca,\Gallery 50\06 - Leandra (3)\,{Shemale Yum Dvd03~G50~06-3~06 - Leandra (3)}
leandra4006.jpg,186328,8d059cbb,\Gallery 50\06 - Leandra (3)\,{Shemale Yum Dvd03~G50~06-3~06 - Leandra (3)}
leandra4007.jpg,193240,7a0715c6,\Gallery 50\06 - Leandra (3)\,{Shemale Yum Dvd03~G50~06-3~06 - Leandra (3)}
leandra4008.jpg,196451,d172fd9b,\Gallery 50\06 - Leandra (3)\,{Shemale Yum Dvd03~G50~06-3~06 - Leandra (3)}
leandra4009.jpg,170689,2301b277,\Gallery 50\06 - Leandra (3)\,{Shemale Yum Dvd03~G50~06-3~06 - Leandra (3)}
leandra4010.jpg,185784,cdfbd2cc,\Gallery 50\06 - Leandra (3)\,{Shemale Yum Dvd03~G50~06-3~06 - Leandra (3)}
leandra4011.jpg,189481,5b6fe725,\Gallery 50\06 - Leandra (3)\,{Shemale Yum Dvd03~G50~06-3~06 - Leandra (3)}
leandra4012.jpg,210088,4b2bc853,\Gallery 50\06 - Leandra (3)\,{Shemale Yum Dvd03~G50~06-3~06 - Leandra (3)}
leandra4013.jpg,180890,020cf35a,\Gallery 50\06 - Leandra (3)\,{Shemale Yum Dvd03~G50~06-3~06 - Leandra (3)}
leandra4014.jpg,191804,5bcaa47e,\Gallery 50\06 - Leandra (3)\,{Shemale Yum Dvd03~G50~06-3~06 - Leandra (3)}
leandra4015.jpg,208198,bad1230f,\Gallery 50\06 - Leandra (3)\,{Shemale Yum Dvd03~G50~06-3~06 - Leandra (3)}
leandra4016.jpg,199518,4eb9920a,\Gallery 50\06 - Leandra (3)\,{Shemale Yum Dvd03~G50~06-3~06 - Leandra (3)}
leandra4017.jpg,194933,f8bf326e,\Gallery 50\06 - Leandra (3)\,{Shemale Yum Dvd03~G50~06-3~06 - Leandra (3)}
leandra4018.jpg,199067,4050a60d,\Gallery 50\06 - Leandra (3)\,{Shemale Yum Dvd03~G50~06-3~06 - Leandra (3)}
leandra4019.jpg,201489,c81633b0,\Gallery 50\06 - Leandra (3)\,{Shemale Yum Dvd03~G50~06-3~06 - Leandra (3)}
leandra4020.jpg,212174,73edf11a,\Gallery 50\06 - Leandra (3)\,{Shemale Yum Dvd03~G50~06-3~06 - Leandra (3)}
leandra4021.jpg,200458,e74b88f4,\Gallery 50\06 - Leandra (3)\,{Shemale Yum Dvd03~G50~06-3~06 - Leandra (3)}
leandra4022.jpg,199430,f7ef87ad,\Gallery 50\06 - Leandra (3)\,{Shemale Yum Dvd03~G50~06-3~06 - Leandra (3)}
leandra4023.jpg,177081,c1965422,\Gallery 50\06 - Leandra (3)\,{Shemale Yum Dvd03~G50~06-3~06 - Leandra (3)}
leandra4024.jpg,207322,525a9776,\Gallery 50\06 - Leandra (3)\,{Shemale Yum Dvd03~G50~06-3~06 - Leandra (3)}
leandra4025.jpg,194677,3cde65ce,\Gallery 50\06 - Leandra (3)\,{Shemale Yum Dvd03~G50~06-3~06 - Leandra (3)}
leandra4026.jpg,170842,fd0ea982,\Gallery 50\06 - Leandra (3)\,{Shemale Yum Dvd03~G50~06-3~06 - Leandra (3)}
leandra4027.jpg,191280,26d0c322,\Gallery 50\06 - Leandra (3)\,{Shemale Yum Dvd03~G50~06-3~06 - Leandra (3)}
leandra4028.jpg,185376,dd0abcae,\Gallery 50\06 - Leandra (3)\,{Shemale Yum Dvd03~G50~06-3~06 - Leandra (3)}
leandra4029.jpg,191415,e14a288e,\Gallery 50\06 - Leandra (3)\,{Shemale Yum Dvd03~G50~06-3~06 - Leandra (3)}
leandra4030.jpg,185580,955d51d8,\Gallery 50\06 - Leandra (3)\,{Shemale Yum Dvd03~G50~06-3~06 - Leandra (3)}
leandra4031.jpg,170553,7dc2652f,\Gallery 50\06 - Leandra (3)\,{Shemale Yum Dvd03~G50~06-3~06 - Leandra (3)}
leandra4032.jpg,194116,5b21a93e,\Gallery 50\06 - Leandra (3)\,{Shemale Yum Dvd03~G50~06-3~06 - Leandra (3)}
leandra4033.jpg,181671,b4da1861,\Gallery 50\06 - Leandra (3)\,{Shemale Yum Dvd03~G50~06-3~06 - Leandra (3)}
leandra4034.jpg,173253,3bd37d0d,\Gallery 50\06 - Leandra (3)\,{Shemale Yum Dvd03~G50~06-3~06 - Leandra (3)}
leandra4035.jpg,178136,a6117bb3,\Gallery 50\06 - Leandra (3)\,{Shemale Yum Dvd03~G50~06-3~06 - Leandra (3)}
leandra4036.jpg,175805,338ecbe7,\Gallery 50\06 - Leandra (3)\,{Shemale Yum Dvd03~G50~06-3~06 - Leandra (3)}
leandra4037.jpg,176294,1be02156,\Gallery 50\06 - Leandra (3)\,{Shemale Yum Dvd03~G50~06-3~06 - Leandra (3)}
leandra4038.jpg,159792,ae4d0874,\Gallery 50\06 - Leandra (3)\,{Shemale Yum Dvd03~G50~06-3~06 - Leandra (3)}
leandra4039.jpg,200151,2129b6fa,\Gallery 50\06 - Leandra (3)\,{Shemale Yum Dvd03~G50~06-3~06 - Leandra (3)}
leandra4040.jpg,176102,b9f8a043,\Gallery 50\06 - Leandra (3)\,{Shemale Yum Dvd03~G50~06-3~06 - Leandra (3)}
leandra4041.jpg,164635,dee68b3f,\Gallery 50\06 - Leandra (3)\,{Shemale Yum Dvd03~G50~06-3~06 - Leandra (3)}
leandra4042.jpg,177505,537ecb37,\Gallery 50\06 - Leandra (3)\,{Shemale Yum Dvd03~G50~06-3~06 - Leandra (3)}
leandra4043.jpg,193218,56fda691,\Gallery 50\06 - Leandra (3)\,{Shemale Yum Dvd03~G50~06-3~06 - Leandra (3)}
leandra4044.jpg,208709,3d5c4dbb,\Gallery 50\06 - Leandra (3)\,{Shemale Yum Dvd03~G50~06-3~06 - Leandra (3)}
leandra4045.jpg,160858,26dddb11,\Gallery 50\06 - Leandra (3)\,{Shemale Yum Dvd03~G50~06-3~06 - Leandra (3)}
leandra4046.jpg,200970,2ca46060,\Gallery 50\06 - Leandra (3)\,{Shemale Yum Dvd03~G50~06-3~06 - Leandra (3)}
leandra4047.jpg,196703,66d1a1a7,\Gallery 50\06 - Leandra (3)\,{Shemale Yum Dvd03~G50~06-3~06 - Leandra (3)}
leandra4048.jpg,162446,aea6e60d,\Gallery 50\06 - Leandra (3)\,{Shemale Yum Dvd03~G50~06-3~06 - Leandra (3)}
leandra4049.jpg,179115,5ef73d57,\Gallery 50\06 - Leandra (3)\,{Shemale Yum Dvd03~G50~06-3~06 - Leandra (3)}
leandra4050.jpg,181493,e3042e0c,\Gallery 50\06 - Leandra (3)\,{Shemale Yum Dvd03~G50~06-3~06 - Leandra (3)}
leandra4051.jpg,203104,4acd905e,\Gallery 50\06 - Leandra (3)\,{Shemale Yum Dvd03~G50~06-3~06 - Leandra (3)}
leandra4052.jpg,192958,bdb52e89,\Gallery 50\06 - Leandra (3)\,{Shemale Yum Dvd03~G50~06-3~06 - Leandra (3)}
leandra4053.jpg,190647,4985ef8f,\Gallery 50\06 - Leandra (3)\,{Shemale Yum Dvd03~G50~06-3~06 - Leandra (3)}
leandra4054.jpg,199256,5c129ba9,\Gallery 50\06 - Leandra (3)\,{Shemale Yum Dvd03~G50~06-3~06 - Leandra (3)}
leandra4055.jpg,195306,10c1a82f,\Gallery 50\06 - Leandra (3)\,{Shemale Yum Dvd03~G50~06-3~06 - Leandra (3)}
leandra4056.jpg,203632,7247c447,\Gallery 50\06 - Leandra (3)\,{Shemale Yum Dvd03~G50~06-3~06 - Leandra (3)}
leandra4057.jpg,194884,b65a8959,\Gallery 50\06 - Leandra (3)\,{Shemale Yum Dvd03~G50~06-3~06 - Leandra (3)}
leandra4058.jpg,193997,431da443,\Gallery 50\06 - Leandra (3)\,{Shemale Yum Dvd03~G50~06-3~06 - Leandra (3)}
leandra4059.jpg,186273,a73b1768,\Gallery 50\06 - Leandra (3)\,{Shemale Yum Dvd03~G50~06-3~06 - Leandra (3)}
leandra4060.jpg,172181,20318124,\Gallery 50\06 - Leandra (3)\,{Shemale Yum Dvd03~G50~06-3~06 - Leandra (3)}
leandra4061.jpg,167300,5d88b7dc,\Gallery 50\06 - Leandra (3)\,{Shemale Yum Dvd03~G50~06-3~06 - Leandra (3)}
leandra4062.jpg,199532,3667c9c6,\Gallery 50\06 - Leandra (3)\,{Shemale Yum Dvd03~G50~06-3~06 - Leandra (3)}
leandra4063.jpg,199362,778338fa,\Gallery 50\06 - Leandra (3)\,{Shemale Yum Dvd03~G50~06-3~06 - Leandra (3)}
leandra4064.jpg,202326,f20cc803,\Gallery 50\06 - Leandra (3)\,{Shemale Yum Dvd03~G50~06-3~06 - Leandra (3)}
leandra4065.jpg,199533,debbf1eb,\Gallery 50\06 - Leandra (3)\,{Shemale Yum Dvd03~G50~06-3~06 - Leandra (3)}
leandra4066.jpg,193484,8aec9d01,\Gallery 50\06 - Leandra (3)\,{Shemale Yum Dvd03~G50~06-3~06 - Leandra (3)}
leandra4067.jpg,184102,4ceb2861,\Gallery 50\06 - Leandra (3)\,{Shemale Yum Dvd03~G50~06-3~06 - Leandra (3)}
leandra4068.jpg,184830,e589cd59,\Gallery 50\06 - Leandra (3)\,{Shemale Yum Dvd03~G50~06-3~06 - Leandra (3)}
leandra4069.jpg,185600,cd64df15,\Gallery 50\06 - Leandra (3)\,{Shemale Yum Dvd03~G50~06-3~06 - Leandra (3)}
leandra4070.jpg,187719,2660908b,\Gallery 50\06 - Leandra (3)\,{Shemale Yum Dvd03~G50~06-3~06 - Leandra (3)}
leandra4071.jpg,151945,17f386de,\Gallery 50\06 - Leandra (3)\,{Shemale Yum Dvd03~G50~06-3~06 - Leandra (3)}
leandra4072.jpg,183396,0d3a66d1,\Gallery 50\06 - Leandra (3)\,{Shemale Yum Dvd03~G50~06-3~06 - Leandra (3)}
leandra4073.jpg,185546,1e90fd89,\Gallery 50\06 - Leandra (3)\,{Shemale Yum Dvd03~G50~06-3~06 - Leandra (3)}
leandra4074.jpg,195020,6283c784,\Gallery 50\06 - Leandra (3)\,{Shemale Yum Dvd03~G50~06-3~06 - Leandra (3)}
leandra4075.jpg,194414,3bc6c556,\Gallery 50\06 - Leandra (3)\,{Shemale Yum Dvd03~G50~06-3~06 - Leandra (3)}
leandra4076.jpg,164327,c9f96493,\Gallery 50\06 - Leandra (3)\,{Shemale Yum Dvd03~G50~06-3~06 - Leandra (3)}
leandra4077.jpg,162718,93b9a12f,\Gallery 50\06 - Leandra (3)\,{Shemale Yum Dvd03~G50~06-3~06 - Leandra (3)}
leandra4078.jpg,157161,7875d3dd,\Gallery 50\06 - Leandra (3)\,{Shemale Yum Dvd03~G50~06-3~06 - Leandra (3)}
leandra4079.jpg,153645,641392c4,\Gallery 50\06 - Leandra (3)\,{Shemale Yum Dvd03~G50~06-3~06 - Leandra (3)}
leandra4080.jpg,166071,716f02ac,\Gallery 50\06 - Leandra (3)\,{Shemale Yum Dvd03~G50~06-3~06 - Leandra (3)}
leandra4081.jpg,165591,a42faab4,\Gallery 50\06 - Leandra (3)\,{Shemale Yum Dvd03~G50~06-3~06 - Leandra (3)}
leandra4082.jpg,202995,78e3817c,\Gallery 50\06 - Leandra (3)\,{Shemale Yum Dvd03~G50~06-3~06 - Leandra (3)}
leandra4083.jpg,209351,f02494c6,\Gallery 50\06 - Leandra (3)\,{Shemale Yum Dvd03~G50~06-3~06 - Leandra (3)}
leandra4084.jpg,204946,e3513103,\Gallery 50\06 - Leandra (3)\,{Shemale Yum Dvd03~G50~06-3~06 - Leandra (3)}
leandra4085.jpg,165724,27545c1e,\Gallery 50\06 - Leandra (3)\,{Shemale Yum Dvd03~G50~06-3~06 - Leandra (3)}
leandra4086.jpg,157508,1b7421cd,\Gallery 50\06 - Leandra (3)\,{Shemale Yum Dvd03~G50~06-3~06 - Leandra (3)}
leandra4087.jpg,159132,00cb42ba,\Gallery 50\06 - Leandra (3)\,{Shemale Yum Dvd03~G50~06-3~06 - Leandra (3)}
leandra4088.jpg,152535,59b4a40b,\Gallery 50\06 - Leandra (3)\,{Shemale Yum Dvd03~G50~06-3~06 - Leandra (3)}
leandra4089.jpg,197426,96e8c168,\Gallery 50\06 - Leandra (3)\,{Shemale Yum Dvd03~G50~06-3~06 - Leandra (3)}
leandra4090.jpg,205945,0660c3e2,\Gallery 50\06 - Leandra (3)\,{Shemale Yum Dvd03~G50~06-3~06 - Leandra (3)}
leandra4091.jpg,212124,0abeb986,\Gallery 50\06 - Leandra (3)\,{Shemale Yum Dvd03~G50~06-3~06 - Leandra (3)}
leandra4093.jpg,148194,806dc97d,\Gallery 50\06 - Leandra (3)\,{Shemale Yum Dvd03~G50~06-3~06 - Leandra (3)}
leandra4094.jpg,183857,068509bb,\Gallery 50\06 - Leandra (3)\,{Shemale Yum Dvd03~G50~06-3~06 - Leandra (3)}
leandra4095.jpg,177797,51fbd65f,\Gallery 50\06 - Leandra (3)\,{Shemale Yum Dvd03~G50~06-3~06 - Leandra (3)}
leandra4096.jpg,198161,6c17c140,\Gallery 50\06 - Leandra (3)\,{Shemale Yum Dvd03~G50~06-3~06 - Leandra (3)}
leandra4097.jpg,185576,20d3f9f1,\Gallery 50\06 - Leandra (3)\,{Shemale Yum Dvd03~G50~06-3~06 - Leandra (3)}
leandra4098.jpg,184204,cb5db76f,\Gallery 50\06 - Leandra (3)\,{Shemale Yum Dvd03~G50~06-3~06 - Leandra (3)}
leandra4099.jpg,188273,584368c4,\Gallery 50\06 - Leandra (3)\,{Shemale Yum Dvd03~G50~06-3~06 - Leandra (3)}
leandra4100.jpg,197772,27a75c2d,\Gallery 50\06 - Leandra (3)\,{Shemale Yum Dvd03~G50~06-3~06 - Leandra (3)}
leandra4101.jpg,210756,b9dd7157,\Gallery 50\06 - Leandra (3)\,{Shemale Yum Dvd03~G50~06-3~06 - Leandra (3)}
leandra4102.jpg,195140,8d8de4e2,\Gallery 50\06 - Leandra (3)\,{Shemale Yum Dvd03~G50~06-3~06 - Leandra (3)}
leandra4103.jpg,196310,4df9fab0,\Gallery 50\06 - Leandra (3)\,{Shemale Yum Dvd03~G50~06-3~06 - Leandra (3)}
leandra4104.jpg,198317,2c23300a,\Gallery 50\06 - Leandra (3)\,{Shemale Yum Dvd03~G50~06-3~06 - Leandra (3)}
leandra4105.jpg,175447,a1da4b9b,\Gallery 50\06 - Leandra (3)\,{Shemale Yum Dvd03~G50~06-3~06 - Leandra (3)}
leandra4106.jpg,191525,e6750868,\Gallery 50\06 - Leandra (3)\,{Shemale Yum Dvd03~G50~06-3~06 - Leandra (3)}
leandra4107.jpg,202945,58d3b1e8,\Gallery 50\06 - Leandra (3)\,{Shemale Yum Dvd03~G50~06-3~06 - Leandra (3)}
lisbeth001.jpg,118195,0d9374f8,\Gallery 50\07 - Lisbeth\,{Shemale Yum Dvd03~G50~07~07 - Lisbeth}
lisbeth002.jpg,153926,ccc43696,\Gallery 50\07 - Lisbeth\,{Shemale Yum Dvd03~G50~07~07 - Lisbeth}
lisbeth003.jpg,95116,64e094f8,\Gallery 50\07 - Lisbeth\,{Shemale Yum Dvd03~G50~07~07 - Lisbeth}
lisbeth004.jpg,134813,af9fca52,\Gallery 50\07 - Lisbeth\,{Shemale Yum Dvd03~G50~07~07 - Lisbeth}
lisbeth005.jpg,105510,0f4652c0,\Gallery 50\07 - Lisbeth\,{Shemale Yum Dvd03~G50~07~07 - Lisbeth}
lisbeth006.jpg,109916,80d791e9,\Gallery 50\07 - Lisbeth\,{Shemale Yum Dvd03~G50~07~07 - Lisbeth}
lisbeth007.jpg,100502,0bfcb044,\Gallery 50\07 - Lisbeth\,{Shemale Yum Dvd03~G50~07~07 - Lisbeth}
lisbeth008.jpg,113452,1a7babf9,\Gallery 50\07 - Lisbeth\,{Shemale Yum Dvd03~G50~07~07 - Lisbeth}
lisbeth009.jpg,110635,97a0a533,\Gallery 50\07 - Lisbeth\,{Shemale Yum Dvd03~G50~07~07 - Lisbeth}
lisbeth010.jpg,109886,652eaba4,\Gallery 50\07 - Lisbeth\,{Shemale Yum Dvd03~G50~07~07 - Lisbeth}
lisbeth011.jpg,123167,202ebced,\Gallery 50\07 - Lisbeth\,{Shemale Yum Dvd03~G50~07~07 - Lisbeth}
lisbeth012.jpg,128665,0a9eea4e,\Gallery 50\07 - Lisbeth\,{Shemale Yum Dvd03~G50~07~07 - Lisbeth}
lisbeth013.jpg,123453,4744dfe5,\Gallery 50\07 - Lisbeth\,{Shemale Yum Dvd03~G50~07~07 - Lisbeth}
lisbeth014.jpg,121872,a0ecc335,\Gallery 50\07 - Lisbeth\,{Shemale Yum Dvd03~G50~07~07 - Lisbeth}
lisbeth015.jpg,123425,3aca4e8c,\Gallery 50\07 - Lisbeth\,{Shemale Yum Dvd03~G50~07~07 - Lisbeth}
lisbeth016.jpg,105356,1652db45,\Gallery 50\07 - Lisbeth\,{Shemale Yum Dvd03~G50~07~07 - Lisbeth}
lisbeth017.jpg,105054,a67f57be,\Gallery 50\07 - Lisbeth\,{Shemale Yum Dvd03~G50~07~07 - Lisbeth}
lisbeth018.jpg,103008,08c02e51,\Gallery 50\07 - Lisbeth\,{Shemale Yum Dvd03~G50~07~07 - Lisbeth}
lisbeth019.jpg,115214,7d5d1469,\Gallery 50\07 - Lisbeth\,{Shemale Yum Dvd03~G50~07~07 - Lisbeth}
lisbeth020.jpg,140714,4bb681fc,\Gallery 50\07 - Lisbeth\,{Shemale Yum Dvd03~G50~07~07 - Lisbeth}
lisbeth021.jpg,102881,11ac6bf6,\Gallery 50\07 - Lisbeth\,{Shemale Yum Dvd03~G50~07~07 - Lisbeth}
lisbeth022.jpg,102536,d5ad7caf,\Gallery 50\07 - Lisbeth\,{Shemale Yum Dvd03~G50~07~07 - Lisbeth}
lisbeth023.jpg,96239,9989c510,\Gallery 50\07 - Lisbeth\,{Shemale Yum Dvd03~G50~07~07 - Lisbeth}
lisbeth024.jpg,118877,0ae10573,\Gallery 50\07 - Lisbeth\,{Shemale Yum Dvd03~G50~07~07 - Lisbeth}
lisbeth025.jpg,100536,fc0298ef,\Gallery 50\07 - Lisbeth\,{Shemale Yum Dvd03~G50~07~07 - Lisbeth}
lisbeth026.jpg,134091,88db22b4,\Gallery 50\07 - Lisbeth\,{Shemale Yum Dvd03~G50~07~07 - Lisbeth}
lisbeth027.jpg,105353,5e408c52,\Gallery 50\07 - Lisbeth\,{Shemale Yum Dvd03~G50~07~07 - Lisbeth}
lisbeth028.jpg,110935,ebb55d24,\Gallery 50\07 - Lisbeth\,{Shemale Yum Dvd03~G50~07~07 - Lisbeth}
lisbeth029.jpg,94783,57b63dee,\Gallery 50\07 - Lisbeth\,{Shemale Yum Dvd03~G50~07~07 - Lisbeth}
lisbeth030.jpg,85422,4348c540,\Gallery 50\07 - Lisbeth\,{Shemale Yum Dvd03~G50~07~07 - Lisbeth}
lisbeth031.jpg,119882,e7bb4c31,\Gallery 50\07 - Lisbeth\,{Shemale Yum Dvd03~G50~07~07 - Lisbeth}
lisbeth032.jpg,117406,fe2cc3c4,\Gallery 50\07 - Lisbeth\,{Shemale Yum Dvd03~G50~07~07 - Lisbeth}
lisbeth033.jpg,119985,570331f6,\Gallery 50\07 - Lisbeth\,{Shemale Yum Dvd03~G50~07~07 - Lisbeth}
lisbeth034.jpg,108779,7a29a143,\Gallery 50\07 - Lisbeth\,{Shemale Yum Dvd03~G50~07~07 - Lisbeth}
lisbeth035.jpg,100572,b3124455,\Gallery 50\07 - Lisbeth\,{Shemale Yum Dvd03~G50~07~07 - Lisbeth}
lisbeth036.jpg,132917,e5811156,\Gallery 50\07 - Lisbeth\,{Shemale Yum Dvd03~G50~07~07 - Lisbeth}
lisbeth037.jpg,131414,527ee247,\Gallery 50\07 - Lisbeth\,{Shemale Yum Dvd03~G50~07~07 - Lisbeth}
lisbeth038.jpg,114633,2a86fa22,\Gallery 50\07 - Lisbeth\,{Shemale Yum Dvd03~G50~07~07 - Lisbeth}
lisbeth039.jpg,124346,92303b2b,\Gallery 50\07 - Lisbeth\,{Shemale Yum Dvd03~G50~07~07 - Lisbeth}
lisbeth040.jpg,111315,9dd838ea,\Gallery 50\07 - Lisbeth\,{Shemale Yum Dvd03~G50~07~07 - Lisbeth}
lisbeth041.jpg,131366,29387787,\Gallery 50\07 - Lisbeth\,{Shemale Yum Dvd03~G50~07~07 - Lisbeth}
lisbeth042.jpg,129839,ea5350e2,\Gallery 50\07 - Lisbeth\,{Shemale Yum Dvd03~G50~07~07 - Lisbeth}
lisbeth043.jpg,122344,6dc58759,\Gallery 50\07 - Lisbeth\,{Shemale Yum Dvd03~G50~07~07 - Lisbeth}
lisbeth044.jpg,132316,352ef566,\Gallery 50\07 - Lisbeth\,{Shemale Yum Dvd03~G50~07~07 - Lisbeth}
lisbeth045.jpg,111544,eed1d3e1,\Gallery 50\07 - Lisbeth\,{Shemale Yum Dvd03~G50~07~07 - Lisbeth}
lisbeth046.jpg,110919,020875f3,\Gallery 50\07 - Lisbeth\,{Shemale Yum Dvd03~G50~07~07 - Lisbeth}
lisbeth047.jpg,92529,b15631a6,\Gallery 50\07 - Lisbeth\,{Shemale Yum Dvd03~G50~07~07 - Lisbeth}
lisbeth048.jpg,94170,e7b32af4,\Gallery 50\07 - Lisbeth\,{Shemale Yum Dvd03~G50~07~07 - Lisbeth}
lisbeth049.jpg,88874,7d6aa0d4,\Gallery 50\07 - Lisbeth\,{Shemale Yum Dvd03~G50~07~07 - Lisbeth}
lisbeth050.jpg,88131,44174dc7,\Gallery 50\07 - Lisbeth\,{Shemale Yum Dvd03~G50~07~07 - Lisbeth}
lisbeth051.jpg,91030,bcbae450,\Gallery 50\07 - Lisbeth\,{Shemale Yum Dvd03~G50~07~07 - Lisbeth}
lisbeth052.jpg,92930,5ee1e74b,\Gallery 50\07 - Lisbeth\,{Shemale Yum Dvd03~G50~07~07 - Lisbeth}
lisbeth053.jpg,164368,76151335,\Gallery 50\07 - Lisbeth\,{Shemale Yum Dvd03~G50~07~07 - Lisbeth}
lisbeth054.jpg,148107,f672193f,\Gallery 50\07 - Lisbeth\,{Shemale Yum Dvd03~G50~07~07 - Lisbeth}
lisbeth055.jpg,167668,cae1b20b,\Gallery 50\07 - Lisbeth\,{Shemale Yum Dvd03~G50~07~07 - Lisbeth}
lisbeth056.jpg,151473,5befe3f2,\Gallery 50\07 - Lisbeth\,{Shemale Yum Dvd03~G50~07~07 - Lisbeth}
lisbeth057.jpg,154261,fb054483,\Gallery 50\07 - Lisbeth\,{Shemale Yum Dvd03~G50~07~07 - Lisbeth}
lisbeth058.jpg,153553,1f8fbab8,\Gallery 50\07 - Lisbeth\,{Shemale Yum Dvd03~G50~07~07 - Lisbeth}
lisbeth059.jpg,135907,12855c16,\Gallery 50\07 - Lisbeth\,{Shemale Yum Dvd03~G50~07~07 - Lisbeth}
lisbeth060.jpg,137620,2b0a35bf,\Gallery 50\07 - Lisbeth\,{Shemale Yum Dvd03~G50~07~07 - Lisbeth}
lisbeth061.jpg,142466,bc3afb1b,\Gallery 50\07 - Lisbeth\,{Shemale Yum Dvd03~G50~07~07 - Lisbeth}
lisbeth062.jpg,135693,8cdc55fb,\Gallery 50\07 - Lisbeth\,{Shemale Yum Dvd03~G50~07~07 - Lisbeth}
lisbeth063.jpg,139787,d15d2f0b,\Gallery 50\07 - Lisbeth\,{Shemale Yum Dvd03~G50~07~07 - Lisbeth}
lisbeth065.jpg,116553,7ce0107c,\Gallery 50\07 - Lisbeth\,{Shemale Yum Dvd03~G50~07~07 - Lisbeth}
lisbeth067.jpg,81002,736026f3,\Gallery 50\07 - Lisbeth\,{Shemale Yum Dvd03~G50~07~07 - Lisbeth}
lisbeth070.jpg,117059,aafeecfc,\Gallery 50\07 - Lisbeth\,{Shemale Yum Dvd03~G50~07~07 - Lisbeth}
lisbeth071.jpg,107541,409688da,\Gallery 50\07 - Lisbeth\,{Shemale Yum Dvd03~G50~07~07 - Lisbeth}
lisbeth072.jpg,162902,cf0f9506,\Gallery 50\07 - Lisbeth\,{Shemale Yum Dvd03~G50~07~07 - Lisbeth}
lisbeth073.jpg,141814,b045f376,\Gallery 50\07 - Lisbeth\,{Shemale Yum Dvd03~G50~07~07 - Lisbeth}
lisbeth074.jpg,128867,fd1121b8,\Gallery 50\07 - Lisbeth\,{Shemale Yum Dvd03~G50~07~07 - Lisbeth}
lisbeth075.jpg,92084,b75e6de7,\Gallery 50\07 - Lisbeth\,{Shemale Yum Dvd03~G50~07~07 - Lisbeth}
lisbeth076.jpg,93217,3da59e75,\Gallery 50\07 - Lisbeth\,{Shemale Yum Dvd03~G50~07~07 - Lisbeth}
lisbeth080.jpg,93694,8c6d7543,\Gallery 50\07 - Lisbeth\,{Shemale Yum Dvd03~G50~07~07 - Lisbeth}
lisbeth081.jpg,101747,64485196,\Gallery 50\07 - Lisbeth\,{Shemale Yum Dvd03~G50~07~07 - Lisbeth}
lisbeth082.jpg,119774,a33585f1,\Gallery 50\07 - Lisbeth\,{Shemale Yum Dvd03~G50~07~07 - Lisbeth}
lisbeth083.jpg,117992,000548fc,\Gallery 50\07 - Lisbeth\,{Shemale Yum Dvd03~G50~07~07 - Lisbeth}
lisbeth084.jpg,130570,4698acab,\Gallery 50\07 - Lisbeth\,{Shemale Yum Dvd03~G50~07~07 - Lisbeth}
lisbeth085.jpg,126217,423fdf11,\Gallery 50\07 - Lisbeth\,{Shemale Yum Dvd03~G50~07~07 - Lisbeth}
lisbeth086.jpg,119161,f7cda88a,\Gallery 50\07 - Lisbeth\,{Shemale Yum Dvd03~G50~07~07 - Lisbeth}
lisbeth087.jpg,105091,542533aa,\Gallery 50\07 - Lisbeth\,{Shemale Yum Dvd03~G50~07~07 - Lisbeth}
lisbeth088.jpg,111682,4585778d,\Gallery 50\07 - Lisbeth\,{Shemale Yum Dvd03~G50~07~07 - Lisbeth}
lisbeth089.jpg,93118,ffa1a5ff,\Gallery 50\07 - Lisbeth\,{Shemale Yum Dvd03~G50~07~07 - Lisbeth}
lisbeth090.jpg,101826,f85af0e8,\Gallery 50\07 - Lisbeth\,{Shemale Yum Dvd03~G50~07~07 - Lisbeth}
lisbeth091.jpg,101629,97e8130b,\Gallery 50\07 - Lisbeth\,{Shemale Yum Dvd03~G50~07~07 - Lisbeth}
lisbeth092.jpg,101683,7ae2a8fc,\Gallery 50\07 - Lisbeth\,{Shemale Yum Dvd03~G50~07~07 - Lisbeth}
lisbeth093.jpg,100217,0ce25570,\Gallery 50\07 - Lisbeth\,{Shemale Yum Dvd03~G50~07~07 - Lisbeth}
lisbeth094.jpg,103221,543b53c1,\Gallery 50\07 - Lisbeth\,{Shemale Yum Dvd03~G50~07~07 - Lisbeth}
lisbeth095.jpg,116265,adfd5361,\Gallery 50\07 - Lisbeth\,{Shemale Yum Dvd03~G50~07~07 - Lisbeth}
lisbeth096.jpg,84321,2bc33403,\Gallery 50\07 - Lisbeth\,{Shemale Yum Dvd03~G50~07~07 - Lisbeth}
lisbeth097.jpg,107373,281fabb5,\Gallery 50\07 - Lisbeth\,{Shemale Yum Dvd03~G50~07~07 - Lisbeth}
lisbeth098.jpg,94547,0b8188da,\Gallery 50\07 - Lisbeth\,{Shemale Yum Dvd03~G50~07~07 - Lisbeth}
lisbeth099.jpg,127580,45d3228a,\Gallery 50\07 - Lisbeth\,{Shemale Yum Dvd03~G50~07~07 - Lisbeth}
lisbeth100.jpg,108489,2a353b9f,\Gallery 50\07 - Lisbeth\,{Shemale Yum Dvd03~G50~07~07 - Lisbeth}
lisbeth102.jpg,140792,ae42a5dc,\Gallery 50\07 - Lisbeth\,{Shemale Yum Dvd03~G50~07~07 - Lisbeth}
lisbeth103.jpg,95232,54838036,\Gallery 50\07 - Lisbeth\,{Shemale Yum Dvd03~G50~07~07 - Lisbeth}
lisbeth104.jpg,107240,cc8ea816,\Gallery 50\07 - Lisbeth\,{Shemale Yum Dvd03~G50~07~07 - Lisbeth}
nena001.jpg,141790,ebb01929,\Gallery 50\08 - Nena\,{Shemale Yum Dvd03~G50~08~08 - Nena}
nena002.jpg,143342,2c9f86d6,\Gallery 50\08 - Nena\,{Shemale Yum Dvd03~G50~08~08 - Nena}
nena003.jpg,138898,3e3f6711,\Gallery 50\08 - Nena\,{Shemale Yum Dvd03~G50~08~08 - Nena}
nena004.jpg,115596,4a2cf40e,\Gallery 50\08 - Nena\,{Shemale Yum Dvd03~G50~08~08 - Nena}
nena005.jpg,135704,8c15361e,\Gallery 50\08 - Nena\,{Shemale Yum Dvd03~G50~08~08 - Nena}
nena007.jpg,139754,3132cd9d,\Gallery 50\08 - Nena\,{Shemale Yum Dvd03~G50~08~08 - Nena}
nena008.jpg,140622,4837cdc9,\Gallery 50\08 - Nena\,{Shemale Yum Dvd03~G50~08~08 - Nena}
nena009.jpg,105174,87cf4a04,\Gallery 50\08 - Nena\,{Shemale Yum Dvd03~G50~08~08 - Nena}
nena010.jpg,138047,9eeb02f8,\Gallery 50\08 - Nena\,{Shemale Yum Dvd03~G50~08~08 - Nena}
nena012.jpg,117371,8d307316,\Gallery 50\08 - Nena\,{Shemale Yum Dvd03~G50~08~08 - Nena}
nena013.jpg,134479,01754427,\Gallery 50\08 - Nena\,{Shemale Yum Dvd03~G50~08~08 - Nena}
nena014.jpg,130506,804d6b37,\Gallery 50\08 - Nena\,{Shemale Yum Dvd03~G50~08~08 - Nena}
nena015.jpg,136946,b92fb9f6,\Gallery 50\08 - Nena\,{Shemale Yum Dvd03~G50~08~08 - Nena}
nena016.jpg,125100,595791bc,\Gallery 50\08 - Nena\,{Shemale Yum Dvd03~G50~08~08 - Nena}
nena018.jpg,130524,7bb53909,\Gallery 50\08 - Nena\,{Shemale Yum Dvd03~G50~08~08 - Nena}
nena019.jpg,130027,37da75a8,\Gallery 50\08 - Nena\,{Shemale Yum Dvd03~G50~08~08 - Nena}
nena020.jpg,131557,ce893f3f,\Gallery 50\08 - Nena\,{Shemale Yum Dvd03~G50~08~08 - Nena}
nena021.jpg,134293,0752ef4e,\Gallery 50\08 - Nena\,{Shemale Yum Dvd03~G50~08~08 - Nena}
nena022.jpg,139734,1b0c5741,\Gallery 50\08 - Nena\,{Shemale Yum Dvd03~G50~08~08 - Nena}
nena023.jpg,129465,2a47bcc1,\Gallery 50\08 - Nena\,{Shemale Yum Dvd03~G50~08~08 - Nena}
nena024.jpg,137618,1a215ddd,\Gallery 50\08 - Nena\,{Shemale Yum Dvd03~G50~08~08 - Nena}
nena025.jpg,142404,bf007d08,\Gallery 50\08 - Nena\,{Shemale Yum Dvd03~G50~08~08 - Nena}
nena026.jpg,115990,7a53bca0,\Gallery 50\08 - Nena\,{Shemale Yum Dvd03~G50~08~08 - Nena}
nena027.jpg,111666,a9400b39,\Gallery 50\08 - Nena\,{Shemale Yum Dvd03~G50~08~08 - Nena}
nena028.jpg,131394,c7a6d460,\Gallery 50\08 - Nena\,{Shemale Yum Dvd03~G50~08~08 - Nena}
nena029.jpg,117666,ea0ae1e0,\Gallery 50\08 - Nena\,{Shemale Yum Dvd03~G50~08~08 - Nena}
nena030.jpg,105480,d572fd11,\Gallery 50\08 - Nena\,{Shemale Yum Dvd03~G50~08~08 - Nena}
nena031.jpg,127467,f9bfabf0,\Gallery 50\08 - Nena\,{Shemale Yum Dvd03~G50~08~08 - Nena}
nena032.jpg,140034,12da1824,\Gallery 50\08 - Nena\,{Shemale Yum Dvd03~G50~08~08 - Nena}
nena033.jpg,125657,24703185,\Gallery 50\08 - Nena\,{Shemale Yum Dvd03~G50~08~08 - Nena}
nena035.jpg,127713,a9ba44c0,\Gallery 50\08 - Nena\,{Shemale Yum Dvd03~G50~08~08 - Nena}
nena036.jpg,123812,ada331da,\Gallery 50\08 - Nena\,{Shemale Yum Dvd03~G50~08~08 - Nena}
nena038.jpg,131616,3f3b6db4,\Gallery 50\08 - Nena\,{Shemale Yum Dvd03~G50~08~08 - Nena}
nena040.jpg,135973,1ab2f288,\Gallery 50\08 - Nena\,{Shemale Yum Dvd03~G50~08~08 - Nena}
nena042.jpg,119203,cbfc402d,\Gallery 50\08 - Nena\,{Shemale Yum Dvd03~G50~08~08 - Nena}
nena043.jpg,110745,f40d00c8,\Gallery 50\08 - Nena\,{Shemale Yum Dvd03~G50~08~08 - Nena}
nena045.jpg,110675,c7240fdb,\Gallery 50\08 - Nena\,{Shemale Yum Dvd03~G50~08~08 - Nena}
nena046.jpg,126146,66ddb336,\Gallery 50\08 - Nena\,{Shemale Yum Dvd03~G50~08~08 - Nena}
nena047.jpg,119325,54f145d1,\Gallery 50\08 - Nena\,{Shemale Yum Dvd03~G50~08~08 - Nena}
nena048.jpg,132669,ea304ade,\Gallery 50\08 - Nena\,{Shemale Yum Dvd03~G50~08~08 - Nena}
nena049.jpg,125918,390bea5f,\Gallery 50\08 - Nena\,{Shemale Yum Dvd03~G50~08~08 - Nena}
nena050.jpg,134314,d2eaea78,\Gallery 50\08 - Nena\,{Shemale Yum Dvd03~G50~08~08 - Nena}
nena051.jpg,122008,b2a6623f,\Gallery 50\08 - Nena\,{Shemale Yum Dvd03~G50~08~08 - Nena}
nena052.jpg,107143,db98052a,\Gallery 50\08 - Nena\,{Shemale Yum Dvd03~G50~08~08 - Nena}
nena053.jpg,140695,c770936e,\Gallery 50\08 - Nena\,{Shemale Yum Dvd03~G50~08~08 - Nena}
nena054.jpg,99675,18fa56bc,\Gallery 50\08 - Nena\,{Shemale Yum Dvd03~G50~08~08 - Nena}
nena055.jpg,143244,9bd19204,\Gallery 50\08 - Nena\,{Shemale Yum Dvd03~G50~08~08 - Nena}
nena057.jpg,129254,0a204486,\Gallery 50\08 - Nena\,{Shemale Yum Dvd03~G50~08~08 - Nena}
nena058.jpg,128717,ab183bcb,\Gallery 50\08 - Nena\,{Shemale Yum Dvd03~G50~08~08 - Nena}
nena060.jpg,129783,2cbb2cc2,\Gallery 50\08 - Nena\,{Shemale Yum Dvd03~G50~08~08 - Nena}
nena061.jpg,128599,08367c34,\Gallery 50\08 - Nena\,{Shemale Yum Dvd03~G50~08~08 - Nena}
nena062.jpg,126422,2bd04938,\Gallery 50\08 - Nena\,{Shemale Yum Dvd03~G50~08~08 - Nena}
nena063.jpg,113836,0efad0d2,\Gallery 50\08 - Nena\,{Shemale Yum Dvd03~G50~08~08 - Nena}
nena064.jpg,138052,5483b25d,\Gallery 50\08 - Nena\,{Shemale Yum Dvd03~G50~08~08 - Nena}
nena065.jpg,122151,cc7542c0,\Gallery 50\08 - Nena\,{Shemale Yum Dvd03~G50~08~08 - Nena}
nena066.jpg,103608,040c5448,\Gallery 50\08 - Nena\,{Shemale Yum Dvd03~G50~08~08 - Nena}
nena070.jpg,110207,c45bef4f,\Gallery 50\08 - Nena\,{Shemale Yum Dvd03~G50~08~08 - Nena}
nena071.jpg,141524,a4f4c1e8,\Gallery 50\08 - Nena\,{Shemale Yum Dvd03~G50~08~08 - Nena}
nena072.jpg,132281,3511fb3e,\Gallery 50\08 - Nena\,{Shemale Yum Dvd03~G50~08~08 - Nena}
nena073.jpg,140228,20955f77,\Gallery 50\08 - Nena\,{Shemale Yum Dvd03~G50~08~08 - Nena}
nena074.jpg,137303,e9f7e915,\Gallery 50\08 - Nena\,{Shemale Yum Dvd03~G50~08~08 - Nena}
nena075.jpg,133347,41d8a726,\Gallery 50\08 - Nena\,{Shemale Yum Dvd03~G50~08~08 - Nena}
nena076.jpg,130232,cc6243f5,\Gallery 50\08 - Nena\,{Shemale Yum Dvd03~G50~08~08 - Nena}
nena078.jpg,131304,4417f80e,\Gallery 50\08 - Nena\,{Shemale Yum Dvd03~G50~08~08 - Nena}
nena079.jpg,132127,88586bb9,\Gallery 50\08 - Nena\,{Shemale Yum Dvd03~G50~08~08 - Nena}
nena082.jpg,129013,fa77f121,\Gallery 50\08 - Nena\,{Shemale Yum Dvd03~G50~08~08 - Nena}
nena083.jpg,132837,37beea72,\Gallery 50\08 - Nena\,{Shemale Yum Dvd03~G50~08~08 - Nena}
nena084.jpg,131652,109080b0,\Gallery 50\08 - Nena\,{Shemale Yum Dvd03~G50~08~08 - Nena}
nena086.jpg,126835,00042135,\Gallery 50\08 - Nena\,{Shemale Yum Dvd03~G50~08~08 - Nena}
nena087.jpg,134507,b183f351,\Gallery 50\08 - Nena\,{Shemale Yum Dvd03~G50~08~08 - Nena}
nena088.jpg,127219,918a83cb,\Gallery 50\08 - Nena\,{Shemale Yum Dvd03~G50~08~08 - Nena}
nena089.jpg,123717,6a4d062e,\Gallery 50\08 - Nena\,{Shemale Yum Dvd03~G50~08~08 - Nena}
nena090.jpg,127908,ff51e8c7,\Gallery 50\08 - Nena\,{Shemale Yum Dvd03~G50~08~08 - Nena}
nena091.jpg,135906,93a52d4c,\Gallery 50\08 - Nena\,{Shemale Yum Dvd03~G50~08~08 - Nena}
nena092.jpg,127252,530083a4,\Gallery 50\08 - Nena\,{Shemale Yum Dvd03~G50~08~08 - Nena}
olivia001.jpg,198851,5e0f9c83,\Gallery 50\09 - Olivia\,{Shemale Yum Dvd03~G50~09~09 - Olivia}
olivia002.jpg,190862,d4e90f9e,\Gallery 50\09 - Olivia\,{Shemale Yum Dvd03~G50~09~09 - Olivia}
olivia003.jpg,178327,323edb0e,\Gallery 50\09 - Olivia\,{Shemale Yum Dvd03~G50~09~09 - Olivia}
olivia004.jpg,150615,370b522a,\Gallery 50\09 - Olivia\,{Shemale Yum Dvd03~G50~09~09 - Olivia}
olivia005.jpg,191362,157223a8,\Gallery 50\09 - Olivia\,{Shemale Yum Dvd03~G50~09~09 - Olivia}
olivia006.jpg,176292,afdf631f,\Gallery 50\09 - Olivia\,{Shemale Yum Dvd03~G50~09~09 - Olivia}
olivia007.jpg,151098,6ac5747b,\Gallery 50\09 - Olivia\,{Shemale Yum Dvd03~G50~09~09 - Olivia}
olivia008.jpg,172890,ef2433e0,\Gallery 50\09 - Olivia\,{Shemale Yum Dvd03~G50~09~09 - Olivia}
olivia009.jpg,157866,41e89052,\Gallery 50\09 - Olivia\,{Shemale Yum Dvd03~G50~09~09 - Olivia}
olivia010.jpg,145619,579f8905,\Gallery 50\09 - Olivia\,{Shemale Yum Dvd03~G50~09~09 - Olivia}
olivia011.jpg,102008,c955a9c2,\Gallery 50\09 - Olivia\,{Shemale Yum Dvd03~G50~09~09 - Olivia}
olivia012.jpg,92010,791107aa,\Gallery 50\09 - Olivia\,{Shemale Yum Dvd03~G50~09~09 - Olivia}
olivia013.jpg,107583,d6487004,\Gallery 50\09 - Olivia\,{Shemale Yum Dvd03~G50~09~09 - Olivia}
olivia014.jpg,104005,7364aec0,\Gallery 50\09 - Olivia\,{Shemale Yum Dvd03~G50~09~09 - Olivia}
olivia015.jpg,102356,8816eafc,\Gallery 50\09 - Olivia\,{Shemale Yum Dvd03~G50~09~09 - Olivia}
olivia016.jpg,141968,573a2d47,\Gallery 50\09 - Olivia\,{Shemale Yum Dvd03~G50~09~09 - Olivia}
olivia017.jpg,100544,252ec3a3,\Gallery 50\09 - Olivia\,{Shemale Yum Dvd03~G50~09~09 - Olivia}
olivia018.jpg,95102,b004059a,\Gallery 50\09 - Olivia\,{Shemale Yum Dvd03~G50~09~09 - Olivia}
olivia019.jpg,93606,87733f05,\Gallery 50\09 - Olivia\,{Shemale Yum Dvd03~G50~09~09 - Olivia}
olivia020.jpg,130473,c80560cb,\Gallery 50\09 - Olivia\,{Shemale Yum Dvd03~G50~09~09 - Olivia}
olivia021.jpg,124062,6b36f176,\Gallery 50\09 - Olivia\,{Shemale Yum Dvd03~G50~09~09 - Olivia}
olivia022.jpg,118853,7915fb9d,\Gallery 50\09 - Olivia\,{Shemale Yum Dvd03~G50~09~09 - Olivia}
olivia023.jpg,128213,6964539d,\Gallery 50\09 - Olivia\,{Shemale Yum Dvd03~G50~09~09 - Olivia}
olivia024.jpg,114942,5c12a3e0,\Gallery 50\09 - Olivia\,{Shemale Yum Dvd03~G50~09~09 - Olivia}
olivia025.jpg,113310,4f03f8a9,\Gallery 50\09 - Olivia\,{Shemale Yum Dvd03~G50~09~09 - Olivia}
olivia026.jpg,151001,cc831b49,\Gallery 50\09 - Olivia\,{Shemale Yum Dvd03~G50~09~09 - Olivia}
olivia027.jpg,153257,48bf8876,\Gallery 50\09 - Olivia\,{Shemale Yum Dvd03~G50~09~09 - Olivia}
olivia028.jpg,95787,0e71c24d,\Gallery 50\09 - Olivia\,{Shemale Yum Dvd03~G50~09~09 - Olivia}
olivia029.jpg,130013,4e1474a2,\Gallery 50\09 - Olivia\,{Shemale Yum Dvd03~G50~09~09 - Olivia}
olivia030.jpg,119922,13b47956,\Gallery 50\09 - Olivia\,{Shemale Yum Dvd03~G50~09~09 - Olivia}
olivia031.jpg,133336,b5540a18,\Gallery 50\09 - Olivia\,{Shemale Yum Dvd03~G50~09~09 - Olivia}
olivia032.jpg,128680,e2ee5543,\Gallery 50\09 - Olivia\,{Shemale Yum Dvd03~G50~09~09 - Olivia}
olivia033.jpg,108103,34578be1,\Gallery 50\09 - Olivia\,{Shemale Yum Dvd03~G50~09~09 - Olivia}
olivia034.jpg,111981,c8db6373,\Gallery 50\09 - Olivia\,{Shemale Yum Dvd03~G50~09~09 - Olivia}
olivia035.jpg,116283,d2c3925f,\Gallery 50\09 - Olivia\,{Shemale Yum Dvd03~G50~09~09 - Olivia}
olivia036.jpg,95484,b9c18c6e,\Gallery 50\09 - Olivia\,{Shemale Yum Dvd03~G50~09~09 - Olivia}
olivia037.jpg,110425,7f2f6374,\Gallery 50\09 - Olivia\,{Shemale Yum Dvd03~G50~09~09 - Olivia}
olivia038.jpg,114882,8e343688,\Gallery 50\09 - Olivia\,{Shemale Yum Dvd03~G50~09~09 - Olivia}
olivia039.jpg,108891,b69940e1,\Gallery 50\09 - Olivia\,{Shemale Yum Dvd03~G50~09~09 - Olivia}
olivia040.jpg,95425,d67160ab,\Gallery 50\09 - Olivia\,{Shemale Yum Dvd03~G50~09~09 - Olivia}
olivia041.jpg,104260,214b22be,\Gallery 50\09 - Olivia\,{Shemale Yum Dvd03~G50~09~09 - Olivia}
olivia042.jpg,91298,e1a2bfe2,\Gallery 50\09 - Olivia\,{Shemale Yum Dvd03~G50~09~09 - Olivia}
olivia043.jpg,125194,3326b189,\Gallery 50\09 - Olivia\,{Shemale Yum Dvd03~G50~09~09 - Olivia}
olivia044.jpg,89005,716455c5,\Gallery 50\09 - Olivia\,{Shemale Yum Dvd03~G50~09~09 - Olivia}
olivia045.jpg,88734,b9d73f99,\Gallery 50\09 - Olivia\,{Shemale Yum Dvd03~G50~09~09 - Olivia}
olivia046.jpg,121474,4db6cc6a,\Gallery 50\09 - Olivia\,{Shemale Yum Dvd03~G50~09~09 - Olivia}
olivia047.jpg,100496,ca3f5470,\Gallery 50\09 - Olivia\,{Shemale Yum Dvd03~G50~09~09 - Olivia}
olivia048.jpg,92905,ff082704,\Gallery 50\09 - Olivia\,{Shemale Yum Dvd03~G50~09~09 - Olivia}
olivia049.jpg,96627,1ccfc5e6,\Gallery 50\09 - Olivia\,{Shemale Yum Dvd03~G50~09~09 - Olivia}
olivia050.jpg,85204,e1ebbe58,\Gallery 50\09 - Olivia\,{Shemale Yum Dvd03~G50~09~09 - Olivia}
olivia051.jpg,105537,0ee4fbb6,\Gallery 50\09 - Olivia\,{Shemale Yum Dvd03~G50~09~09 - Olivia}
olivia052.jpg,121584,73d967dc,\Gallery 50\09 - Olivia\,{Shemale Yum Dvd03~G50~09~09 - Olivia}
olivia053.jpg,88244,9178e4e4,\Gallery 50\09 - Olivia\,{Shemale Yum Dvd03~G50~09~09 - Olivia}
olivia054.jpg,125666,e191edf0,\Gallery 50\09 - Olivia\,{Shemale Yum Dvd03~G50~09~09 - Olivia}
olivia055.jpg,101287,48e47fab,\Gallery 50\09 - Olivia\,{Shemale Yum Dvd03~G50~09~09 - Olivia}
olivia056.jpg,126670,47d30231,\Gallery 50\09 - Olivia\,{Shemale Yum Dvd03~G50~09~09 - Olivia}
olivia057.jpg,94630,2a177740,\Gallery 50\09 - Olivia\,{Shemale Yum Dvd03~G50~09~09 - Olivia}
olivia058.jpg,87742,44ff3b7d,\Gallery 50\09 - Olivia\,{Shemale Yum Dvd03~G50~09~09 - Olivia}
olivia059.jpg,87772,9655423b,\Gallery 50\09 - Olivia\,{Shemale Yum Dvd03~G50~09~09 - Olivia}
olivia060.jpg,86264,55c9fdd2,\Gallery 50\09 - Olivia\,{Shemale Yum Dvd03~G50~09~09 - Olivia}
olivia061.jpg,124744,a4cf0ba5,\Gallery 50\09 - Olivia\,{Shemale Yum Dvd03~G50~09~09 - Olivia}
olivia062.jpg,104738,405ad04d,\Gallery 50\09 - Olivia\,{Shemale Yum Dvd03~G50~09~09 - Olivia}
olivia063.jpg,92975,f4a99ba7,\Gallery 50\09 - Olivia\,{Shemale Yum Dvd03~G50~09~09 - Olivia}
olivia064.jpg,101464,8ce2989b,\Gallery 50\09 - Olivia\,{Shemale Yum Dvd03~G50~09~09 - Olivia}
olivia065.jpg,99950,1bd11ae5,\Gallery 50\09 - Olivia\,{Shemale Yum Dvd03~G50~09~09 - Olivia}
olivia066.jpg,106677,a373f667,\Gallery 50\09 - Olivia\,{Shemale Yum Dvd03~G50~09~09 - Olivia}
olivia067.jpg,113445,25a56ae6,\Gallery 50\09 - Olivia\,{Shemale Yum Dvd03~G50~09~09 - Olivia}
olivia068.jpg,116238,122b00f6,\Gallery 50\09 - Olivia\,{Shemale Yum Dvd03~G50~09~09 - Olivia}
olivia069.jpg,92996,0c6916df,\Gallery 50\09 - Olivia\,{Shemale Yum Dvd03~G50~09~09 - Olivia}
olivia070.jpg,103663,61d93340,\Gallery 50\09 - Olivia\,{Shemale Yum Dvd03~G50~09~09 - Olivia}
olivia071.jpg,99366,213b3027,\Gallery 50\09 - Olivia\,{Shemale Yum Dvd03~G50~09~09 - Olivia}
olivia072.jpg,99067,3424e191,\Gallery 50\09 - Olivia\,{Shemale Yum Dvd03~G50~09~09 - Olivia}
olivia073.jpg,139527,6cddeac4,\Gallery 50\09 - Olivia\,{Shemale Yum Dvd03~G50~09~09 - Olivia}
olivia074.jpg,102357,5c3d39eb,\Gallery 50\09 - Olivia\,{Shemale Yum Dvd03~G50~09~09 - Olivia}
olivia075.jpg,103487,03998794,\Gallery 50\09 - Olivia\,{Shemale Yum Dvd03~G50~09~09 - Olivia}
olivia076.jpg,115976,e1e65e13,\Gallery 50\09 - Olivia\,{Shemale Yum Dvd03~G50~09~09 - Olivia}
olivia077.jpg,105718,04163d97,\Gallery 50\09 - Olivia\,{Shemale Yum Dvd03~G50~09~09 - Olivia}
olivia078.jpg,99211,da4e625b,\Gallery 50\09 - Olivia\,{Shemale Yum Dvd03~G50~09~09 - Olivia}
olivia079.jpg,127042,fe355210,\Gallery 50\09 - Olivia\,{Shemale Yum Dvd03~G50~09~09 - Olivia}
olivia080.jpg,102067,4e376e6a,\Gallery 50\09 - Olivia\,{Shemale Yum Dvd03~G50~09~09 - Olivia}
olivia081.jpg,105812,6452c2dd,\Gallery 50\09 - Olivia\,{Shemale Yum Dvd03~G50~09~09 - Olivia}
olivia082.jpg,132268,85309e11,\Gallery 50\09 - Olivia\,{Shemale Yum Dvd03~G50~09~09 - Olivia}
olivia083.jpg,110525,4009e50b,\Gallery 50\09 - Olivia\,{Shemale Yum Dvd03~G50~09~09 - Olivia}
olivia084.jpg,92234,66127ed1,\Gallery 50\09 - Olivia\,{Shemale Yum Dvd03~G50~09~09 - Olivia}
olivia085.jpg,118462,b527a128,\Gallery 50\09 - Olivia\,{Shemale Yum Dvd03~G50~09~09 - Olivia}
olivia086.jpg,121246,e405e040,\Gallery 50\09 - Olivia\,{Shemale Yum Dvd03~G50~09~09 - Olivia}
olivia087.jpg,97211,130723a9,\Gallery 50\09 - Olivia\,{Shemale Yum Dvd03~G50~09~09 - Olivia}
olivia088.jpg,137201,287f2ed9,\Gallery 50\09 - Olivia\,{Shemale Yum Dvd03~G50~09~09 - Olivia}
olivia089.jpg,110139,1d76f5db,\Gallery 50\09 - Olivia\,{Shemale Yum Dvd03~G50~09~09 - Olivia}
olivia090.jpg,103806,2f811280,\Gallery 50\09 - Olivia\,{Shemale Yum Dvd03~G50~09~09 - Olivia}
olivia091.jpg,112522,8927c760,\Gallery 50\09 - Olivia\,{Shemale Yum Dvd03~G50~09~09 - Olivia}
olivia092.jpg,99489,63b0e2aa,\Gallery 50\09 - Olivia\,{Shemale Yum Dvd03~G50~09~09 - Olivia}
olivia093.jpg,101638,d39954bd,\Gallery 50\09 - Olivia\,{Shemale Yum Dvd03~G50~09~09 - Olivia}
olivia094.jpg,101885,235264f8,\Gallery 50\09 - Olivia\,{Shemale Yum Dvd03~G50~09~09 - Olivia}
olivia095.jpg,113655,e4b0f635,\Gallery 50\09 - Olivia\,{Shemale Yum Dvd03~G50~09~09 - Olivia}
olivia096.jpg,106359,c2d8bfab,\Gallery 50\09 - Olivia\,{Shemale Yum Dvd03~G50~09~09 - Olivia}
olivia097.jpg,93083,62103eba,\Gallery 50\09 - Olivia\,{Shemale Yum Dvd03~G50~09~09 - Olivia}
olivia098.jpg,143077,17c51b4b,\Gallery 50\09 - Olivia\,{Shemale Yum Dvd03~G50~09~09 - Olivia}
olivia099.jpg,113307,4c5eda58,\Gallery 50\09 - Olivia\,{Shemale Yum Dvd03~G50~09~09 - Olivia}
olivia100.jpg,142734,474a0dfc,\Gallery 50\09 - Olivia\,{Shemale Yum Dvd03~G50~09~09 - Olivia}
olivia101.jpg,98834,856d45f3,\Gallery 50\09 - Olivia\,{Shemale Yum Dvd03~G50~09~09 - Olivia}
olivia102.jpg,120367,9e5389ac,\Gallery 50\09 - Olivia\,{Shemale Yum Dvd03~G50~09~09 - Olivia}
olivia103.jpg,113899,6c5596c7,\Gallery 50\09 - Olivia\,{Shemale Yum Dvd03~G50~09~09 - Olivia}
olivia104.jpg,115962,899f63bd,\Gallery 50\09 - Olivia\,{Shemale Yum Dvd03~G50~09~09 - Olivia}
olivia105.jpg,112244,04dd4b00,\Gallery 50\09 - Olivia\,{Shemale Yum Dvd03~G50~09~09 - Olivia}
olivia106.jpg,105111,c0188edc,\Gallery 50\09 - Olivia\,{Shemale Yum Dvd03~G50~09~09 - Olivia}
olivia107.jpg,134356,8e21afa2,\Gallery 50\09 - Olivia\,{Shemale Yum Dvd03~G50~09~09 - Olivia}
olivia108.jpg,95718,bc88b1f3,\Gallery 50\09 - Olivia\,{Shemale Yum Dvd03~G50~09~09 - Olivia}
olivia109.jpg,101308,d79041db,\Gallery 50\09 - Olivia\,{Shemale Yum Dvd03~G50~09~09 - Olivia}
olivia110.jpg,108424,ffd10ff1,\Gallery 50\09 - Olivia\,{Shemale Yum Dvd03~G50~09~09 - Olivia}
olivia111.jpg,104614,ebbab418,\Gallery 50\09 - Olivia\,{Shemale Yum Dvd03~G50~09~09 - Olivia}
olivia112.jpg,97037,dce409e8,\Gallery 50\09 - Olivia\,{Shemale Yum Dvd03~G50~09~09 - Olivia}
olivia113.jpg,126337,21f61163,\Gallery 50\09 - Olivia\,{Shemale Yum Dvd03~G50~09~09 - Olivia}
olivia114.jpg,89919,107fab68,\Gallery 50\09 - Olivia\,{Shemale Yum Dvd03~G50~09~09 - Olivia}
olivia115.jpg,116409,09ae0484,\Gallery 50\09 - Olivia\,{Shemale Yum Dvd03~G50~09~09 - Olivia}
olivia116.jpg,96959,556dddd8,\Gallery 50\09 - Olivia\,{Shemale Yum Dvd03~G50~09~09 - Olivia}
olivia117.jpg,97866,0d26d804,\Gallery 50\09 - Olivia\,{Shemale Yum Dvd03~G50~09~09 - Olivia}
olivia118.jpg,126339,e9e3cbc3,\Gallery 50\09 - Olivia\,{Shemale Yum Dvd03~G50~09~09 - Olivia}
olivia119.jpg,131317,d0808b79,\Gallery 50\09 - Olivia\,{Shemale Yum Dvd03~G50~09~09 - Olivia}
olivia120.jpg,114896,4b8f4dce,\Gallery 50\09 - Olivia\,{Shemale Yum Dvd03~G50~09~09 - Olivia}
olivia121.jpg,137787,adf1be8b,\Gallery 50\09 - Olivia\,{Shemale Yum Dvd03~G50~09~09 - Olivia}
olivia122.jpg,143692,7471b024,\Gallery 50\09 - Olivia\,{Shemale Yum Dvd03~G50~09~09 - Olivia}
olivia123.jpg,135755,22f35234,\Gallery 50\09 - Olivia\,{Shemale Yum Dvd03~G50~09~09 - Olivia}
olivia124.jpg,120862,cb9e9a10,\Gallery 50\09 - Olivia\,{Shemale Yum Dvd03~G50~09~09 - Olivia}
olivia125.jpg,98518,e4381c49,\Gallery 50\09 - Olivia\,{Shemale Yum Dvd03~G50~09~09 - Olivia}
olivia126.jpg,112311,e0ebb915,\Gallery 50\09 - Olivia\,{Shemale Yum Dvd03~G50~09~09 - Olivia}
olivia127.jpg,117762,ea3273d5,\Gallery 50\09 - Olivia\,{Shemale Yum Dvd03~G50~09~09 - Olivia}
olivia128.jpg,143325,b2d747b6,\Gallery 50\09 - Olivia\,{Shemale Yum Dvd03~G50~09~09 - Olivia}
olivia129.jpg,157344,90756e1f,\Gallery 50\09 - Olivia\,{Shemale Yum Dvd03~G50~09~09 - Olivia}
olivia130.jpg,138858,e63849b7,\Gallery 50\09 - Olivia\,{Shemale Yum Dvd03~G50~09~09 - Olivia}
olivia131.jpg,93139,b1ee5457,\Gallery 50\09 - Olivia\,{Shemale Yum Dvd03~G50~09~09 - Olivia}
olivia132.jpg,100180,08d6e113,\Gallery 50\09 - Olivia\,{Shemale Yum Dvd03~G50~09~09 - Olivia}
olivia133.jpg,96274,8e6905f1,\Gallery 50\09 - Olivia\,{Shemale Yum Dvd03~G50~09~09 - Olivia}
olivia134.jpg,93132,8c6ed2b1,\Gallery 50\09 - Olivia\,{Shemale Yum Dvd03~G50~09~09 - Olivia}
olivia135.jpg,110104,3036abcf,\Gallery 50\09 - Olivia\,{Shemale Yum Dvd03~G50~09~09 - Olivia}
olivia136.jpg,115284,3a4d884e,\Gallery 50\09 - Olivia\,{Shemale Yum Dvd03~G50~09~09 - Olivia}
olivia137.jpg,95795,e5eae8c5,\Gallery 50\09 - Olivia\,{Shemale Yum Dvd03~G50~09~09 - Olivia}
olivia138.jpg,125832,29cb8906,\Gallery 50\09 - Olivia\,{Shemale Yum Dvd03~G50~09~09 - Olivia}
olivia139.jpg,118116,41510ae5,\Gallery 50\09 - Olivia\,{Shemale Yum Dvd03~G50~09~09 - Olivia}
olivia140.jpg,135982,3b39d17e,\Gallery 50\09 - Olivia\,{Shemale Yum Dvd03~G50~09~09 - Olivia}
olivia141.jpg,102485,5876a379,\Gallery 50\09 - Olivia\,{Shemale Yum Dvd03~G50~09~09 - Olivia}
olivia142.jpg,105308,7f784ef6,\Gallery 50\09 - Olivia\,{Shemale Yum Dvd03~G50~09~09 - Olivia}
ariel.jpg,120856,a09107d6,\Gallery 50\10 - Ariel\,{Shemale Yum Dvd03~G50~10~10 - Ariel}
ariel2.jpg,119581,33b607cb,\Gallery 50\10 - Ariel\,{Shemale Yum Dvd03~G50~10~10 - Ariel}
dscn368.jpg,121610,c86e9bee,\Gallery 50\10 - Ariel\,{Shemale Yum Dvd03~G50~10~10 - Ariel}
dscn7304.jpg,139931,4f4cd230,\Gallery 50\10 - Ariel\,{Shemale Yum Dvd03~G50~10~10 - Ariel}
dscn7305.jpg,122015,8cfcb426,\Gallery 50\10 - Ariel\,{Shemale Yum Dvd03~G50~10~10 - Ariel}
dscn7306.jpg,117492,5e4482f3,\Gallery 50\10 - Ariel\,{Shemale Yum Dvd03~G50~10~10 - Ariel}
dscn7307.jpg,135596,cb7b3e7b,\Gallery 50\10 - Ariel\,{Shemale Yum Dvd03~G50~10~10 - Ariel}
dscn7308.jpg,103603,074c2b77,\Gallery 50\10 - Ariel\,{Shemale Yum Dvd03~G50~10~10 - Ariel}
dscn7309.jpg,102560,c82ab18e,\Gallery 50\10 - Ariel\,{Shemale Yum Dvd03~G50~10~10 - Ariel}
dscn7310.jpg,114191,ccc2cafc,\Gallery 50\10 - Ariel\,{Shemale Yum Dvd03~G50~10~10 - Ariel}
dscn7311.jpg,121759,1648c5b1,\Gallery 50\10 - Ariel\,{Shemale Yum Dvd03~G50~10~10 - Ariel}
dscn7312.jpg,122225,40edb20b,\Gallery 50\10 - Ariel\,{Shemale Yum Dvd03~G50~10~10 - Ariel}
dscn7313.jpg,125022,3bc32046,\Gallery 50\10 - Ariel\,{Shemale Yum Dvd03~G50~10~10 - Ariel}
dscn7314.jpg,118878,8b01c962,\Gallery 50\10 - Ariel\,{Shemale Yum Dvd03~G50~10~10 - Ariel}
dscn7315.jpg,133646,37a622eb,\Gallery 50\10 - Ariel\,{Shemale Yum Dvd03~G50~10~10 - Ariel}
dscn7316.jpg,116375,05fe408f,\Gallery 50\10 - Ariel\,{Shemale Yum Dvd03~G50~10~10 - Ariel}
dscn7317.jpg,87505,7b4e3718,\Gallery 50\10 - Ariel\,{Shemale Yum Dvd03~G50~10~10 - Ariel}
dscn7318.jpg,88143,7fed0f46,\Gallery 50\10 - Ariel\,{Shemale Yum Dvd03~G50~10~10 - Ariel}
dscn7319.jpg,97179,8312ce50,\Gallery 50\10 - Ariel\,{Shemale Yum Dvd03~G50~10~10 - Ariel}
dscn7320.jpg,99113,0fdba4d5,\Gallery 50\10 - Ariel\,{Shemale Yum Dvd03~G50~10~10 - Ariel}
dscn7321.jpg,80873,8aee4935,\Gallery 50\10 - Ariel\,{Shemale Yum Dvd03~G50~10~10 - Ariel}
dscn7322.jpg,93756,8bf084f2,\Gallery 50\10 - Ariel\,{Shemale Yum Dvd03~G50~10~10 - Ariel}
dscn7323.jpg,134782,4d45b733,\Gallery 50\10 - Ariel\,{Shemale Yum Dvd03~G50~10~10 - Ariel}
dscn7324.jpg,135108,2c9784ea,\Gallery 50\10 - Ariel\,{Shemale Yum Dvd03~G50~10~10 - Ariel}
dscn7325.jpg,137290,71a29e18,\Gallery 50\10 - Ariel\,{Shemale Yum Dvd03~G50~10~10 - Ariel}
dscn7327.jpg,135106,520e75ef,\Gallery 50\10 - Ariel\,{Shemale Yum Dvd03~G50~10~10 - Ariel}
dscn7328.jpg,132386,2cd24691,\Gallery 50\10 - Ariel\,{Shemale Yum Dvd03~G50~10~10 - Ariel}
dscn7329.jpg,129686,be86d53c,\Gallery 50\10 - Ariel\,{Shemale Yum Dvd03~G50~10~10 - Ariel}
dscn7330.jpg,140651,5f7b9607,\Gallery 50\10 - Ariel\,{Shemale Yum Dvd03~G50~10~10 - Ariel}
dscn7331.jpg,130279,86a8f41c,\Gallery 50\10 - Ariel\,{Shemale Yum Dvd03~G50~10~10 - Ariel}
dscn7332.jpg,138085,6f842c38,\Gallery 50\10 - Ariel\,{Shemale Yum Dvd03~G50~10~10 - Ariel}
dscn7333.jpg,138397,da240ab7,\Gallery 50\10 - Ariel\,{Shemale Yum Dvd03~G50~10~10 - Ariel}
dscn7334.jpg,133249,c62a3f94,\Gallery 50\10 - Ariel\,{Shemale Yum Dvd03~G50~10~10 - Ariel}
dscn7335.jpg,141567,7f7c09aa,\Gallery 50\10 - Ariel\,{Shemale Yum Dvd03~G50~10~10 - Ariel}
dscn7336.jpg,116311,ecd9c05a,\Gallery 50\10 - Ariel\,{Shemale Yum Dvd03~G50~10~10 - Ariel}
dscn7337.jpg,132916,892e3984,\Gallery 50\10 - Ariel\,{Shemale Yum Dvd03~G50~10~10 - Ariel}
dscn7338.jpg,113437,dd490938,\Gallery 50\10 - Ariel\,{Shemale Yum Dvd03~G50~10~10 - Ariel}
dscn7339.jpg,123537,847c2e76,\Gallery 50\10 - Ariel\,{Shemale Yum Dvd03~G50~10~10 - Ariel}
dscn7340.jpg,118728,752ed478,\Gallery 50\10 - Ariel\,{Shemale Yum Dvd03~G50~10~10 - Ariel}
dscn7341.jpg,129862,f097aa1a,\Gallery 50\10 - Ariel\,{Shemale Yum Dvd03~G50~10~10 - Ariel}
dscn7342.jpg,133804,9573b195,\Gallery 50\10 - Ariel\,{Shemale Yum Dvd03~G50~10~10 - Ariel}
dscn7343.jpg,135591,514f7bea,\Gallery 50\10 - Ariel\,{Shemale Yum Dvd03~G50~10~10 - Ariel}
dscn7344.jpg,126779,dd74d500,\Gallery 50\10 - Ariel\,{Shemale Yum Dvd03~G50~10~10 - Ariel}
dscn7345.jpg,110904,90b499bd,\Gallery 50\10 - Ariel\,{Shemale Yum Dvd03~G50~10~10 - Ariel}
dscn7346.jpg,131252,09de3ab8,\Gallery 50\10 - Ariel\,{Shemale Yum Dvd03~G50~10~10 - Ariel}
dscn7347.jpg,127607,05c6a1cb,\Gallery 50\10 - Ariel\,{Shemale Yum Dvd03~G50~10~10 - Ariel}
dscn7348.jpg,130211,ba6b5817,\Gallery 50\10 - Ariel\,{Shemale Yum Dvd03~G50~10~10 - Ariel}
dscn7349.jpg,141936,0a54638f,\Gallery 50\10 - Ariel\,{Shemale Yum Dvd03~G50~10~10 - Ariel}
dscn7350.jpg,137996,00bb62f8,\Gallery 50\10 - Ariel\,{Shemale Yum Dvd03~G50~10~10 - Ariel}
dscn7351.jpg,124288,f932f806,\Gallery 50\10 - Ariel\,{Shemale Yum Dvd03~G50~10~10 - Ariel}
dscn7352.jpg,129238,10671493,\Gallery 50\10 - Ariel\,{Shemale Yum Dvd03~G50~10~10 - Ariel}
dscn7353.jpg,133183,8f9273c0,\Gallery 50\10 - Ariel\,{Shemale Yum Dvd03~G50~10~10 - Ariel}
dscn7354.jpg,139163,70ba3e04,\Gallery 50\10 - Ariel\,{Shemale Yum Dvd03~G50~10~10 - Ariel}
dscn7355.jpg,138406,de123fc9,\Gallery 50\10 - Ariel\,{Shemale Yum Dvd03~G50~10~10 - Ariel}
dscn7356.jpg,126897,8da81a00,\Gallery 50\10 - Ariel\,{Shemale Yum Dvd03~G50~10~10 - Ariel}
dscn7357.jpg,84474,f87192bf,\Gallery 50\10 - Ariel\,{Shemale Yum Dvd03~G50~10~10 - Ariel}
dscn7358.jpg,127375,e3f9b9ec,\Gallery 50\10 - Ariel\,{Shemale Yum Dvd03~G50~10~10 - Ariel}
dscn7359.jpg,125874,f69a66c3,\Gallery 50\10 - Ariel\,{Shemale Yum Dvd03~G50~10~10 - Ariel}
dscn7360.jpg,127081,12f96437,\Gallery 50\10 - Ariel\,{Shemale Yum Dvd03~G50~10~10 - Ariel}
dscn7361.jpg,132115,ed47ea08,\Gallery 50\10 - Ariel\,{Shemale Yum Dvd03~G50~10~10 - Ariel}
dscn7362.jpg,134974,be5dd179,\Gallery 50\10 - Ariel\,{Shemale Yum Dvd03~G50~10~10 - Ariel}
dscn7363.jpg,117910,c49d6fbc,\Gallery 50\10 - Ariel\,{Shemale Yum Dvd03~G50~10~10 - Ariel}
dscn7364.jpg,140469,87fe721d,\Gallery 50\10 - Ariel\,{Shemale Yum Dvd03~G50~10~10 - Ariel}
dscn7365.jpg,123388,8b02745d,\Gallery 50\10 - Ariel\,{Shemale Yum Dvd03~G50~10~10 - Ariel}
dscn7366.jpg,124682,bf58a985,\Gallery 50\10 - Ariel\,{Shemale Yum Dvd03~G50~10~10 - Ariel}
dscn7367.jpg,133931,971691cf,\Gallery 50\10 - Ariel\,{Shemale Yum Dvd03~G50~10~10 - Ariel}
dscn7369.jpg,116168,b6953be7,\Gallery 50\10 - Ariel\,{Shemale Yum Dvd03~G50~10~10 - Ariel}
dscn7370.jpg,123285,73b71db1,\Gallery 50\10 - Ariel\,{Shemale Yum Dvd03~G50~10~10 - Ariel}
dscn7371.jpg,130980,3c6f6024,\Gallery 50\10 - Ariel\,{Shemale Yum Dvd03~G50~10~10 - Ariel}
dscn7372.jpg,125170,a3af44cf,\Gallery 50\10 - Ariel\,{Shemale Yum Dvd03~G50~10~10 - Ariel}
dscn7373.jpg,134550,b1ae36b7,\Gallery 50\10 - Ariel\,{Shemale Yum Dvd03~G50~10~10 - Ariel}
dscn7374.jpg,141099,00a838e8,\Gallery 50\10 - Ariel\,{Shemale Yum Dvd03~G50~10~10 - Ariel}
dscn7375.jpg,123574,b8cabbbe,\Gallery 50\10 - Ariel\,{Shemale Yum Dvd03~G50~10~10 - Ariel}
dscn7376.jpg,114329,9998f99e,\Gallery 50\10 - Ariel\,{Shemale Yum Dvd03~G50~10~10 - Ariel}
dscn7377.jpg,120899,a2910332,\Gallery 50\10 - Ariel\,{Shemale Yum Dvd03~G50~10~10 - Ariel}
dscn7378.jpg,124693,8f2e3c8f,\Gallery 50\10 - Ariel\,{Shemale Yum Dvd03~G50~10~10 - Ariel}
dscn7379.jpg,132135,a58bde86,\Gallery 50\10 - Ariel\,{Shemale Yum Dvd03~G50~10~10 - Ariel}
dscn7381.jpg,129693,c72102b9,\Gallery 50\10 - Ariel\,{Shemale Yum Dvd03~G50~10~10 - Ariel}
dscn7383.jpg,129456,f9ba46e4,\Gallery 50\10 - Ariel\,{Shemale Yum Dvd03~G50~10~10 - Ariel}
dscn7384.jpg,138186,e7848685,\Gallery 50\10 - Ariel\,{Shemale Yum Dvd03~G50~10~10 - Ariel}
dscn7385.jpg,139034,34220b4e,\Gallery 50\10 - Ariel\,{Shemale Yum Dvd03~G50~10~10 - Ariel}
dscn7386.jpg,135302,b720dd8a,\Gallery 50\10 - Ariel\,{Shemale Yum Dvd03~G50~10~10 - Ariel}
dscn7387.jpg,131490,1645772f,\Gallery 50\10 - Ariel\,{Shemale Yum Dvd03~G50~10~10 - Ariel}
dscn7388.jpg,135554,d453d91a,\Gallery 50\10 - Ariel\,{Shemale Yum Dvd03~G50~10~10 - Ariel}
dscn7389.jpg,131646,2ab0e650,\Gallery 50\10 - Ariel\,{Shemale Yum Dvd03~G50~10~10 - Ariel}
dscn7390.jpg,141652,4f8cdd82,\Gallery 50\10 - Ariel\,{Shemale Yum Dvd03~G50~10~10 - Ariel}
dscn7391.jpg,132115,d455a247,\Gallery 50\10 - Ariel\,{Shemale Yum Dvd03~G50~10~10 - Ariel}
dscn7392.jpg,140418,15f4bb33,\Gallery 50\10 - Ariel\,{Shemale Yum Dvd03~G50~10~10 - Ariel}
dscn7393.jpg,131569,127cdd01,\Gallery 50\10 - Ariel\,{Shemale Yum Dvd03~G50~10~10 - Ariel}
dscn7394.jpg,125255,023e6b38,\Gallery 50\10 - Ariel\,{Shemale Yum Dvd03~G50~10~10 - Ariel}
dscn7395.jpg,130363,4f3198d7,\Gallery 50\10 - Ariel\,{Shemale Yum Dvd03~G50~10~10 - Ariel}
dscn7396.jpg,127337,b945fd6e,\Gallery 50\10 - Ariel\,{Shemale Yum Dvd03~G50~10~10 - Ariel}
dscn7397.jpg,125102,05fcfe29,\Gallery 50\10 - Ariel\,{Shemale Yum Dvd03~G50~10~10 - Ariel}
dscn7398.jpg,99386,8c99aeb8,\Gallery 50\10 - Ariel\,{Shemale Yum Dvd03~G50~10~10 - Ariel}
dscn7399.jpg,108593,5966705a,\Gallery 50\10 - Ariel\,{Shemale Yum Dvd03~G50~10~10 - Ariel}
dscn7400.jpg,133416,652e9a40,\Gallery 50\10 - Ariel\,{Shemale Yum Dvd03~G50~10~10 - Ariel}
dscn7401.jpg,131100,99f9ec32,\Gallery 50\10 - Ariel\,{Shemale Yum Dvd03~G50~10~10 - Ariel}
dscn7402.jpg,118499,610b4a03,\Gallery 50\10 - Ariel\,{Shemale Yum Dvd03~G50~10~10 - Ariel}
dscn7403.jpg,113439,56eee761,\Gallery 50\10 - Ariel\,{Shemale Yum Dvd03~G50~10~10 - Ariel}
dscn7404.jpg,108410,f8dde671,\Gallery 50\10 - Ariel\,{Shemale Yum Dvd03~G50~10~10 - Ariel}
dscn7405.jpg,132932,bdf89199,\Gallery 50\10 - Ariel\,{Shemale Yum Dvd03~G50~10~10 - Ariel}
dscn7406.jpg,126930,c244d436,\Gallery 50\10 - Ariel\,{Shemale Yum Dvd03~G50~10~10 - Ariel}
dscn7408.jpg,119947,07fdeee5,\Gallery 50\10 - Ariel\,{Shemale Yum Dvd03~G50~10~10 - Ariel}
dscn7409.jpg,111458,5089a87c,\Gallery 50\10 - Ariel\,{Shemale Yum Dvd03~G50~10~10 - Ariel}
frisky001.jpg,125279,c8525255,\Gallery 51\01 - Frisky\,{Shemale Yum Dvd03~G51~01~01 - Frisky}
frisky003.jpg,132447,b8b2ba43,\Gallery 51\01 - Frisky\,{Shemale Yum Dvd03~G51~01~01 - Frisky}
frisky004.jpg,129182,3e329f1b,\Gallery 51\01 - Frisky\,{Shemale Yum Dvd03~G51~01~01 - Frisky}
frisky005.jpg,137819,a2b9487f,\Gallery 51\01 - Frisky\,{Shemale Yum Dvd03~G51~01~01 - Frisky}
frisky006.jpg,138757,ddb01d64,\Gallery 51\01 - Frisky\,{Shemale Yum Dvd03~G51~01~01 - Frisky}
frisky008.jpg,131553,1837bc0d,\Gallery 51\01 - Frisky\,{Shemale Yum Dvd03~G51~01~01 - Frisky}
frisky009.jpg,136778,b7e20420,\Gallery 51\01 - Frisky\,{Shemale Yum Dvd03~G51~01~01 - Frisky}
frisky010.jpg,139157,2924a3da,\Gallery 51\01 - Frisky\,{Shemale Yum Dvd03~G51~01~01 - Frisky}
frisky011.jpg,139499,d0352c6a,\Gallery 51\01 - Frisky\,{Shemale Yum Dvd03~G51~01~01 - Frisky}
frisky012.jpg,137706,6abe9e09,\Gallery 51\01 - Frisky\,{Shemale Yum Dvd03~G51~01~01 - Frisky}
frisky013.jpg,130741,8081bb39,\Gallery 51\01 - Frisky\,{Shemale Yum Dvd03~G51~01~01 - Frisky}
frisky014.jpg,132720,5f8621c2,\Gallery 51\01 - Frisky\,{Shemale Yum Dvd03~G51~01~01 - Frisky}
frisky015.jpg,149374,d8aef05a,\Gallery 51\01 - Frisky\,{Shemale Yum Dvd03~G51~01~01 - Frisky}
frisky016.jpg,134038,ed27eeaa,\Gallery 51\01 - Frisky\,{Shemale Yum Dvd03~G51~01~01 - Frisky}
frisky017.jpg,125522,6d14f1d4,\Gallery 51\01 - Frisky\,{Shemale Yum Dvd03~G51~01~01 - Frisky}
frisky018.jpg,128028,45f973c4,\Gallery 51\01 - Frisky\,{Shemale Yum Dvd03~G51~01~01 - Frisky}
frisky020.jpg,126556,051208c8,\Gallery 51\01 - Frisky\,{Shemale Yum Dvd03~G51~01~01 - Frisky}
frisky022.jpg,126750,b78d8598,\Gallery 51\01 - Frisky\,{Shemale Yum Dvd03~G51~01~01 - Frisky}
frisky023.jpg,138100,09e2ec4c,\Gallery 51\01 - Frisky\,{Shemale Yum Dvd03~G51~01~01 - Frisky}
frisky024.jpg,132603,6fe71935,\Gallery 51\01 - Frisky\,{Shemale Yum Dvd03~G51~01~01 - Frisky}
frisky025.jpg,111777,3a540a47,\Gallery 51\01 - Frisky\,{Shemale Yum Dvd03~G51~01~01 - Frisky}
frisky026.jpg,98252,3adf8dcc,\Gallery 51\01 - Frisky\,{Shemale Yum Dvd03~G51~01~01 - Frisky}
frisky027.jpg,106945,e03b3cf2,\Gallery 51\01 - Frisky\,{Shemale Yum Dvd03~G51~01~01 - Frisky}
frisky028.jpg,119401,d181fdd4,\Gallery 51\01 - Frisky\,{Shemale Yum Dvd03~G51~01~01 - Frisky}
frisky029.jpg,111635,ebb01c32,\Gallery 51\01 - Frisky\,{Shemale Yum Dvd03~G51~01~01 - Frisky}
frisky030.jpg,103769,77cd01b7,\Gallery 51\01 - Frisky\,{Shemale Yum Dvd03~G51~01~01 - Frisky}
frisky031.jpg,99810,73f2031d,\Gallery 51\01 - Frisky\,{Shemale Yum Dvd03~G51~01~01 - Frisky}
frisky032.jpg,100067,1ced834e,\Gallery 51\01 - Frisky\,{Shemale Yum Dvd03~G51~01~01 - Frisky}
frisky033.jpg,134740,8f1162ce,\Gallery 51\01 - Frisky\,{Shemale Yum Dvd03~G51~01~01 - Frisky}
frisky034.jpg,92573,51558cf3,\Gallery 51\01 - Frisky\,{Shemale Yum Dvd03~G51~01~01 - Frisky}
frisky035.jpg,114692,0a02fb32,\Gallery 51\01 - Frisky\,{Shemale Yum Dvd03~G51~01~01 - Frisky}
frisky037.jpg,99650,d5f77890,\Gallery 51\01 - Frisky\,{Shemale Yum Dvd03~G51~01~01 - Frisky}
frisky038.jpg,98524,6fc3f87e,\Gallery 51\01 - Frisky\,{Shemale Yum Dvd03~G51~01~01 - Frisky}
frisky039.jpg,102884,bc387240,\Gallery 51\01 - Frisky\,{Shemale Yum Dvd03~G51~01~01 - Frisky}
frisky040.jpg,104199,ff84da3b,\Gallery 51\01 - Frisky\,{Shemale Yum Dvd03~G51~01~01 - Frisky}
frisky041.jpg,101823,ab40263e,\Gallery 51\01 - Frisky\,{Shemale Yum Dvd03~G51~01~01 - Frisky}
frisky042.jpg,102819,cf0d4198,\Gallery 51\01 - Frisky\,{Shemale Yum Dvd03~G51~01~01 - Frisky}
frisky043.jpg,133401,046e8048,\Gallery 51\01 - Frisky\,{Shemale Yum Dvd03~G51~01~01 - Frisky}
frisky044.jpg,139616,e03c53cd,\Gallery 51\01 - Frisky\,{Shemale Yum Dvd03~G51~01~01 - Frisky}
frisky045.jpg,110088,5fb5d8da,\Gallery 51\01 - Frisky\,{Shemale Yum Dvd03~G51~01~01 - Frisky}
frisky046.jpg,121079,62fd89b4,\Gallery 51\01 - Frisky\,{Shemale Yum Dvd03~G51~01~01 - Frisky}
frisky047.jpg,137620,1b253aa7,\Gallery 51\01 - Frisky\,{Shemale Yum Dvd03~G51~01~01 - Frisky}
frisky048.jpg,131523,5c5db356,\Gallery 51\01 - Frisky\,{Shemale Yum Dvd03~G51~01~01 - Frisky}
frisky049.jpg,106047,8eca1cde,\Gallery 51\01 - Frisky\,{Shemale Yum Dvd03~G51~01~01 - Frisky}
frisky050.jpg,134870,507b40ad,\Gallery 51\01 - Frisky\,{Shemale Yum Dvd03~G51~01~01 - Frisky}
frisky051.jpg,132657,60139e5a,\Gallery 51\01 - Frisky\,{Shemale Yum Dvd03~G51~01~01 - Frisky}
frisky052.jpg,138340,258cf65f,\Gallery 51\01 - Frisky\,{Shemale Yum Dvd03~G51~01~01 - Frisky}
frisky053.jpg,135903,048c1c8e,\Gallery 51\01 - Frisky\,{Shemale Yum Dvd03~G51~01~01 - Frisky}
frisky054.jpg,139953,0cf1103d,\Gallery 51\01 - Frisky\,{Shemale Yum Dvd03~G51~01~01 - Frisky}
frisky055.jpg,129501,7c42748e,\Gallery 51\01 - Frisky\,{Shemale Yum Dvd03~G51~01~01 - Frisky}
frisky056.jpg,133306,b8d503d0,\Gallery 51\01 - Frisky\,{Shemale Yum Dvd03~G51~01~01 - Frisky}
frisky057.jpg,130750,884b24db,\Gallery 51\01 - Frisky\,{Shemale Yum Dvd03~G51~01~01 - Frisky}
frisky058.jpg,123167,867d56d9,\Gallery 51\01 - Frisky\,{Shemale Yum Dvd03~G51~01~01 - Frisky}
frisky059.jpg,120450,32d3ed60,\Gallery 51\01 - Frisky\,{Shemale Yum Dvd03~G51~01~01 - Frisky}
frisky060.jpg,139704,e08dce55,\Gallery 51\01 - Frisky\,{Shemale Yum Dvd03~G51~01~01 - Frisky}
frisky061.jpg,149946,48719e12,\Gallery 51\01 - Frisky\,{Shemale Yum Dvd03~G51~01~01 - Frisky}
frisky062.jpg,136974,aac5a154,\Gallery 51\01 - Frisky\,{Shemale Yum Dvd03~G51~01~01 - Frisky}
frisky063.jpg,135041,8fc2948e,\Gallery 51\01 - Frisky\,{Shemale Yum Dvd03~G51~01~01 - Frisky}
frisky064.jpg,138545,615f76e3,\Gallery 51\01 - Frisky\,{Shemale Yum Dvd03~G51~01~01 - Frisky}
frisky065.jpg,100673,b25d182a,\Gallery 51\01 - Frisky\,{Shemale Yum Dvd03~G51~01~01 - Frisky}
frisky066.jpg,110124,ab81e5c7,\Gallery 51\01 - Frisky\,{Shemale Yum Dvd03~G51~01~01 - Frisky}
frisky067.jpg,113440,b2776a66,\Gallery 51\01 - Frisky\,{Shemale Yum Dvd03~G51~01~01 - Frisky}
frisky068.jpg,106966,0a7d7830,\Gallery 51\01 - Frisky\,{Shemale Yum Dvd03~G51~01~01 - Frisky}
frisky069.jpg,105411,641d5921,\Gallery 51\01 - Frisky\,{Shemale Yum Dvd03~G51~01~01 - Frisky}
frisky070.jpg,119006,1fe3c5d9,\Gallery 51\01 - Frisky\,{Shemale Yum Dvd03~G51~01~01 - Frisky}
frisky073.jpg,106809,de45c2d2,\Gallery 51\01 - Frisky\,{Shemale Yum Dvd03~G51~01~01 - Frisky}
frisky074.jpg,107405,c06c0ae9,\Gallery 51\01 - Frisky\,{Shemale Yum Dvd03~G51~01~01 - Frisky}
frisky075.jpg,109495,8bc46fdd,\Gallery 51\01 - Frisky\,{Shemale Yum Dvd03~G51~01~01 - Frisky}
frisky076.jpg,118060,3e697b89,\Gallery 51\01 - Frisky\,{Shemale Yum Dvd03~G51~01~01 - Frisky}
frisky077.jpg,113479,95f08d6b,\Gallery 51\01 - Frisky\,{Shemale Yum Dvd03~G51~01~01 - Frisky}
frisky078.jpg,118027,aa905812,\Gallery 51\01 - Frisky\,{Shemale Yum Dvd03~G51~01~01 - Frisky}
frisky079.jpg,120163,55944e6f,\Gallery 51\01 - Frisky\,{Shemale Yum Dvd03~G51~01~01 - Frisky}
frisky080.jpg,112150,cb3d8bc4,\Gallery 51\01 - Frisky\,{Shemale Yum Dvd03~G51~01~01 - Frisky}
frisky081.jpg,133323,34fb5997,\Gallery 51\01 - Frisky\,{Shemale Yum Dvd03~G51~01~01 - Frisky}
frisky083.jpg,152037,b521cb97,\Gallery 51\01 - Frisky\,{Shemale Yum Dvd03~G51~01~01 - Frisky}
frisky084.jpg,120114,07973676,\Gallery 51\01 - Frisky\,{Shemale Yum Dvd03~G51~01~01 - Frisky}
frisky087.jpg,112712,85488d98,\Gallery 51\01 - Frisky\,{Shemale Yum Dvd03~G51~01~01 - Frisky}
frisky088.jpg,122012,33b4dd5a,\Gallery 51\01 - Frisky\,{Shemale Yum Dvd03~G51~01~01 - Frisky}
frisky089.jpg,131984,f55d9eef,\Gallery 51\01 - Frisky\,{Shemale Yum Dvd03~G51~01~01 - Frisky}
frisky091.jpg,129271,65ffa9b9,\Gallery 51\01 - Frisky\,{Shemale Yum Dvd03~G51~01~01 - Frisky}
isabelle001.jpg,103483,334a38e5,\Gallery 51\02 - Isabelle\,{Shemale Yum Dvd03~G51~02~02 - Isabelle}
isabelle002.jpg,91695,144869aa,\Gallery 51\02 - Isabelle\,{Shemale Yum Dvd03~G51~02~02 - Isabelle}
isabelle003.jpg,96315,3145ce0d,\Gallery 51\02 - Isabelle\,{Shemale Yum Dvd03~G51~02~02 - Isabelle}
isabelle004.jpg,92897,f0abe00a,\Gallery 51\02 - Isabelle\,{Shemale Yum Dvd03~G51~02~02 - Isabelle}
isabelle005.jpg,107639,768d14ce,\Gallery 51\02 - Isabelle\,{Shemale Yum Dvd03~G51~02~02 - Isabelle}
isabelle006.jpg,112880,25c82eb0,\Gallery 51\02 - Isabelle\,{Shemale Yum Dvd03~G51~02~02 - Isabelle}
isabelle007.jpg,121007,cf532538,\Gallery 51\02 - Isabelle\,{Shemale Yum Dvd03~G51~02~02 - Isabelle}
isabelle008.jpg,91377,fc09c72c,\Gallery 51\02 - Isabelle\,{Shemale Yum Dvd03~G51~02~02 - Isabelle}
isabelle009.jpg,96404,f5a8bf9e,\Gallery 51\02 - Isabelle\,{Shemale Yum Dvd03~G51~02~02 - Isabelle}
isabelle010.jpg,117706,ce92d46e,\Gallery 51\02 - Isabelle\,{Shemale Yum Dvd03~G51~02~02 - Isabelle}
isabelle011.jpg,112487,7d28bf7d,\Gallery 51\02 - Isabelle\,{Shemale Yum Dvd03~G51~02~02 - Isabelle}
isabelle012.jpg,111770,583bdba2,\Gallery 51\02 - Isabelle\,{Shemale Yum Dvd03~G51~02~02 - Isabelle}
isabelle013.jpg,132690,246f63ab,\Gallery 51\02 - Isabelle\,{Shemale Yum Dvd03~G51~02~02 - Isabelle}
isabelle014.jpg,136113,d1d94bc4,\Gallery 51\02 - Isabelle\,{Shemale Yum Dvd03~G51~02~02 - Isabelle}
isabelle015.jpg,131994,6ec73e70,\Gallery 51\02 - Isabelle\,{Shemale Yum Dvd03~G51~02~02 - Isabelle}
isabelle016.jpg,128040,61bcc15c,\Gallery 51\02 - Isabelle\,{Shemale Yum Dvd03~G51~02~02 - Isabelle}
isabelle017.jpg,129431,0bfcc71a,\Gallery 51\02 - Isabelle\,{Shemale Yum Dvd03~G51~02~02 - Isabelle}
isabelle018.jpg,139214,48a895a8,\Gallery 51\02 - Isabelle\,{Shemale Yum Dvd03~G51~02~02 - Isabelle}
isabelle019.jpg,121376,8648946e,\Gallery 51\02 - Isabelle\,{Shemale Yum Dvd03~G51~02~02 - Isabelle}
isabelle020.jpg,113062,2725000f,\Gallery 51\02 - Isabelle\,{Shemale Yum Dvd03~G51~02~02 - Isabelle}
isabelle021.jpg,129504,3c595f01,\Gallery 51\02 - Isabelle\,{Shemale Yum Dvd03~G51~02~02 - Isabelle}
isabelle022.jpg,142170,e2cab86b,\Gallery 51\02 - Isabelle\,{Shemale Yum Dvd03~G51~02~02 - Isabelle}
isabelle023.jpg,114166,1ff4d1eb,\Gallery 51\02 - Isabelle\,{Shemale Yum Dvd03~G51~02~02 - Isabelle}
isabelle024.jpg,137810,b90911db,\Gallery 51\02 - Isabelle\,{Shemale Yum Dvd03~G51~02~02 - Isabelle}
isabelle025.jpg,133129,0e17bb37,\Gallery 51\02 - Isabelle\,{Shemale Yum Dvd03~G51~02~02 - Isabelle}
isabelle026.jpg,110270,cabe7795,\Gallery 51\02 - Isabelle\,{Shemale Yum Dvd03~G51~02~02 - Isabelle}
isabelle027.jpg,134220,568bb4aa,\Gallery 51\02 - Isabelle\,{Shemale Yum Dvd03~G51~02~02 - Isabelle}
isabelle028.jpg,121841,14ae74e3,\Gallery 51\02 - Isabelle\,{Shemale Yum Dvd03~G51~02~02 - Isabelle}
isabelle029.jpg,95815,0d4e5397,\Gallery 51\02 - Isabelle\,{Shemale Yum Dvd03~G51~02~02 - Isabelle}
isabelle030.jpg,90756,a6194eab,\Gallery 51\02 - Isabelle\,{Shemale Yum Dvd03~G51~02~02 - Isabelle}
isabelle031.jpg,99438,ef670fa0,\Gallery 51\02 - Isabelle\,{Shemale Yum Dvd03~G51~02~02 - Isabelle}
isabelle032.jpg,97196,ba8be951,\Gallery 51\02 - Isabelle\,{Shemale Yum Dvd03~G51~02~02 - Isabelle}
isabelle033.jpg,106334,eb24b9ae,\Gallery 51\02 - Isabelle\,{Shemale Yum Dvd03~G51~02~02 - Isabelle}
isabelle034.jpg,108941,1264bc8c,\Gallery 51\02 - Isabelle\,{Shemale Yum Dvd03~G51~02~02 - Isabelle}
isabelle035.jpg,98869,9f461063,\Gallery 51\02 - Isabelle\,{Shemale Yum Dvd03~G51~02~02 - Isabelle}
isabelle036.jpg,103162,f52eef80,\Gallery 51\02 - Isabelle\,{Shemale Yum Dvd03~G51~02~02 - Isabelle}
isabelle037.jpg,112097,e769c685,\Gallery 51\02 - Isabelle\,{Shemale Yum Dvd03~G51~02~02 - Isabelle}
isabelle038.jpg,100478,2d8fa643,\Gallery 51\02 - Isabelle\,{Shemale Yum Dvd03~G51~02~02 - Isabelle}
isabelle039.jpg,105792,cd87bd87,\Gallery 51\02 - Isabelle\,{Shemale Yum Dvd03~G51~02~02 - Isabelle}
isabelle040.jpg,142030,422b2bd0,\Gallery 51\02 - Isabelle\,{Shemale Yum Dvd03~G51~02~02 - Isabelle}
isabelle041.jpg,130474,6cf52f32,\Gallery 51\02 - Isabelle\,{Shemale Yum Dvd03~G51~02~02 - Isabelle}
isabelle042.jpg,120440,0a760142,\Gallery 51\02 - Isabelle\,{Shemale Yum Dvd03~G51~02~02 - Isabelle}
isabelle043.jpg,93527,f544ee4e,\Gallery 51\02 - Isabelle\,{Shemale Yum Dvd03~G51~02~02 - Isabelle}
isabelle044.jpg,104955,84b88963,\Gallery 51\02 - Isabelle\,{Shemale Yum Dvd03~G51~02~02 - Isabelle}
isabelle045.jpg,134195,bee98bf1,\Gallery 51\02 - Isabelle\,{Shemale Yum Dvd03~G51~02~02 - Isabelle}
isabelle046.jpg,133595,41fe4013,\Gallery 51\02 - Isabelle\,{Shemale Yum Dvd03~G51~02~02 - Isabelle}
isabelle047.jpg,118268,68ca5005,\Gallery 51\02 - Isabelle\,{Shemale Yum Dvd03~G51~02~02 - Isabelle}
isabelle048.jpg,120257,e7158042,\Gallery 51\02 - Isabelle\,{Shemale Yum Dvd03~G51~02~02 - Isabelle}
isabelle049.jpg,123442,cb2aa39a,\Gallery 51\02 - Isabelle\,{Shemale Yum Dvd03~G51~02~02 - Isabelle}
isabelle050.jpg,139356,bd56d126,\Gallery 51\02 - Isabelle\,{Shemale Yum Dvd03~G51~02~02 - Isabelle}
isabelle051.jpg,128622,65f4a0a9,\Gallery 51\02 - Isabelle\,{Shemale Yum Dvd03~G51~02~02 - Isabelle}
isabelle052.jpg,118103,a8d1053b,\Gallery 51\02 - Isabelle\,{Shemale Yum Dvd03~G51~02~02 - Isabelle}
isabelle053.jpg,115815,77625f8c,\Gallery 51\02 - Isabelle\,{Shemale Yum Dvd03~G51~02~02 - Isabelle}
isabelle054.jpg,118490,6b10a441,\Gallery 51\02 - Isabelle\,{Shemale Yum Dvd03~G51~02~02 - Isabelle}
isabelle055.jpg,108948,5a4206f2,\Gallery 51\02 - Isabelle\,{Shemale Yum Dvd03~G51~02~02 - Isabelle}
isabelle056.jpg,116975,722cf3e2,\Gallery 51\02 - Isabelle\,{Shemale Yum Dvd03~G51~02~02 - Isabelle}
isabelle057.jpg,139730,145307a7,\Gallery 51\02 - Isabelle\,{Shemale Yum Dvd03~G51~02~02 - Isabelle}
isabelle058.jpg,106610,3f197f70,\Gallery 51\02 - Isabelle\,{Shemale Yum Dvd03~G51~02~02 - Isabelle}
isabelle059.jpg,113920,1bc5f8d3,\Gallery 51\02 - Isabelle\,{Shemale Yum Dvd03~G51~02~02 - Isabelle}
isabelle060.jpg,111049,79cd3101,\Gallery 51\02 - Isabelle\,{Shemale Yum Dvd03~G51~02~02 - Isabelle}
isabelle061.jpg,109422,faaa7444,\Gallery 51\02 - Isabelle\,{Shemale Yum Dvd03~G51~02~02 - Isabelle}
isabelle062.jpg,93027,b4672308,\Gallery 51\02 - Isabelle\,{Shemale Yum Dvd03~G51~02~02 - Isabelle}
isabelle063.jpg,96856,a47bbeb9,\Gallery 51\02 - Isabelle\,{Shemale Yum Dvd03~G51~02~02 - Isabelle}
isabelle064.jpg,114458,27c9d77c,\Gallery 51\02 - Isabelle\,{Shemale Yum Dvd03~G51~02~02 - Isabelle}
isabelle065.jpg,101345,393bd63d,\Gallery 51\02 - Isabelle\,{Shemale Yum Dvd03~G51~02~02 - Isabelle}
isabelle066.jpg,108455,ad43ef51,\Gallery 51\02 - Isabelle\,{Shemale Yum Dvd03~G51~02~02 - Isabelle}
isabelle067.jpg,95603,4ddcaf4e,\Gallery 51\02 - Isabelle\,{Shemale Yum Dvd03~G51~02~02 - Isabelle}
isabelle068.jpg,91205,23a78349,\Gallery 51\02 - Isabelle\,{Shemale Yum Dvd03~G51~02~02 - Isabelle}
isabelle069.jpg,99698,74961774,\Gallery 51\02 - Isabelle\,{Shemale Yum Dvd03~G51~02~02 - Isabelle}
isabelle070.jpg,94603,071089ca,\Gallery 51\02 - Isabelle\,{Shemale Yum Dvd03~G51~02~02 - Isabelle}
isabelle071.jpg,120289,738aa15f,\Gallery 51\02 - Isabelle\,{Shemale Yum Dvd03~G51~02~02 - Isabelle}
isabelle072.jpg,115747,19432a13,\Gallery 51\02 - Isabelle\,{Shemale Yum Dvd03~G51~02~02 - Isabelle}
isabelle073.jpg,136022,c4b9ac46,\Gallery 51\02 - Isabelle\,{Shemale Yum Dvd03~G51~02~02 - Isabelle}
isabelle074.jpg,130822,81b292dc,\Gallery 51\02 - Isabelle\,{Shemale Yum Dvd03~G51~02~02 - Isabelle}
isabelle075.jpg,136315,0a387be0,\Gallery 51\02 - Isabelle\,{Shemale Yum Dvd03~G51~02~02 - Isabelle}
isabelle076.jpg,131176,10e71491,\Gallery 51\02 - Isabelle\,{Shemale Yum Dvd03~G51~02~02 - Isabelle}
isabelle077.jpg,131965,4c966649,\Gallery 51\02 - Isabelle\,{Shemale Yum Dvd03~G51~02~02 - Isabelle}
isabelle078.jpg,125441,7d036025,\Gallery 51\02 - Isabelle\,{Shemale Yum Dvd03~G51~02~02 - Isabelle}
isabelle079.jpg,122782,932bdb74,\Gallery 51\02 - Isabelle\,{Shemale Yum Dvd03~G51~02~02 - Isabelle}
isabelle080.jpg,128015,3320f787,\Gallery 51\02 - Isabelle\,{Shemale Yum Dvd03~G51~02~02 - Isabelle}
isabelle081.jpg,122310,11771556,\Gallery 51\02 - Isabelle\,{Shemale Yum Dvd03~G51~02~02 - Isabelle}
isabelle082.jpg,134358,e541d1d8,\Gallery 51\02 - Isabelle\,{Shemale Yum Dvd03~G51~02~02 - Isabelle}
isabelle083.jpg,134798,be696e13,\Gallery 51\02 - Isabelle\,{Shemale Yum Dvd03~G51~02~02 - Isabelle}
isabelle084.jpg,138267,c80b5b30,\Gallery 51\02 - Isabelle\,{Shemale Yum Dvd03~G51~02~02 - Isabelle}
isabelle085.jpg,133227,92503fed,\Gallery 51\02 - Isabelle\,{Shemale Yum Dvd03~G51~02~02 - Isabelle}
isabelle086.jpg,125652,60f89810,\Gallery 51\02 - Isabelle\,{Shemale Yum Dvd03~G51~02~02 - Isabelle}
isabelle087.jpg,121405,7a3b7cce,\Gallery 51\02 - Isabelle\,{Shemale Yum Dvd03~G51~02~02 - Isabelle}
isabelle089.jpg,111809,19cd5120,\Gallery 51\02 - Isabelle\,{Shemale Yum Dvd03~G51~02~02 - Isabelle}
isabelle090.jpg,114251,fc925506,\Gallery 51\02 - Isabelle\,{Shemale Yum Dvd03~G51~02~02 - Isabelle}
isabelle091.jpg,95142,b00242a4,\Gallery 51\02 - Isabelle\,{Shemale Yum Dvd03~G51~02~02 - Isabelle}
isabelle092.jpg,95046,a605ef77,\Gallery 51\02 - Isabelle\,{Shemale Yum Dvd03~G51~02~02 - Isabelle}
isabelle095.jpg,105960,990f38a2,\Gallery 51\02 - Isabelle\,{Shemale Yum Dvd03~G51~02~02 - Isabelle}
isabelle096.jpg,142119,6925c5a7,\Gallery 51\02 - Isabelle\,{Shemale Yum Dvd03~G51~02~02 - Isabelle}
isabelle097.jpg,112497,f9b34a06,\Gallery 51\02 - Isabelle\,{Shemale Yum Dvd03~G51~02~02 - Isabelle}
isabelle098.jpg,130229,5db514c0,\Gallery 51\02 - Isabelle\,{Shemale Yum Dvd03~G51~02~02 - Isabelle}
isabelle099.jpg,95181,a17eb742,\Gallery 51\02 - Isabelle\,{Shemale Yum Dvd03~G51~02~02 - Isabelle}
isabelle100.jpg,106149,e3d2a999,\Gallery 51\02 - Isabelle\,{Shemale Yum Dvd03~G51~02~02 - Isabelle}
isabelle101.jpg,138195,b68f106d,\Gallery 51\02 - Isabelle\,{Shemale Yum Dvd03~G51~02~02 - Isabelle}
isabelle102.jpg,93544,3fe3750f,\Gallery 51\02 - Isabelle\,{Shemale Yum Dvd03~G51~02~02 - Isabelle}
isabelle103.jpg,109378,c269ac9d,\Gallery 51\02 - Isabelle\,{Shemale Yum Dvd03~G51~02~02 - Isabelle}
isabelle104.jpg,94969,b72d371b,\Gallery 51\02 - Isabelle\,{Shemale Yum Dvd03~G51~02~02 - Isabelle}
isabelle105.jpg,81660,fbbc3352,\Gallery 51\02 - Isabelle\,{Shemale Yum Dvd03~G51~02~02 - Isabelle}
isabelle106.jpg,105340,6c2ad0e1,\Gallery 51\02 - Isabelle\,{Shemale Yum Dvd03~G51~02~02 - Isabelle}
isabelle107.jpg,132927,fddb12e8,\Gallery 51\02 - Isabelle\,{Shemale Yum Dvd03~G51~02~02 - Isabelle}
isabelle108.jpg,126011,9aa13f7b,\Gallery 51\02 - Isabelle\,{Shemale Yum Dvd03~G51~02~02 - Isabelle}
isabelle109.jpg,141346,246e729d,\Gallery 51\02 - Isabelle\,{Shemale Yum Dvd03~G51~02~02 - Isabelle}
isabelle110.jpg,117812,dc1f9cbb,\Gallery 51\02 - Isabelle\,{Shemale Yum Dvd03~G51~02~02 - Isabelle}
isabelle111.jpg,107781,615ab352,\Gallery 51\02 - Isabelle\,{Shemale Yum Dvd03~G51~02~02 - Isabelle}
isabelle112.jpg,123751,5cfd1189,\Gallery 51\02 - Isabelle\,{Shemale Yum Dvd03~G51~02~02 - Isabelle}
isabelle113.jpg,134455,29c20c89,\Gallery 51\02 - Isabelle\,{Shemale Yum Dvd03~G51~02~02 - Isabelle}
isabelle114.jpg,112988,1b8ca51b,\Gallery 51\02 - Isabelle\,{Shemale Yum Dvd03~G51~02~02 - Isabelle}
isabelle115.jpg,118143,31b9e1cc,\Gallery 51\02 - Isabelle\,{Shemale Yum Dvd03~G51~02~02 - Isabelle}
isabelle116.jpg,128613,7b6bcb27,\Gallery 51\02 - Isabelle\,{Shemale Yum Dvd03~G51~02~02 - Isabelle}
isabelle117.jpg,137212,34f4b39f,\Gallery 51\02 - Isabelle\,{Shemale Yum Dvd03~G51~02~02 - Isabelle}
isabelle118.jpg,141724,531e168e,\Gallery 51\02 - Isabelle\,{Shemale Yum Dvd03~G51~02~02 - Isabelle}
isabelle119.jpg,117579,99d7f1bc,\Gallery 51\02 - Isabelle\,{Shemale Yum Dvd03~G51~02~02 - Isabelle}
isabelle120.jpg,100553,01aba8e0,\Gallery 51\02 - Isabelle\,{Shemale Yum Dvd03~G51~02~02 - Isabelle}
isabelle121.jpg,98032,3093cd06,\Gallery 51\02 - Isabelle\,{Shemale Yum Dvd03~G51~02~02 - Isabelle}
isabelle122.jpg,113377,edd68e52,\Gallery 51\02 - Isabelle\,{Shemale Yum Dvd03~G51~02~02 - Isabelle}
isabelle123.jpg,105206,85297742,\Gallery 51\02 - Isabelle\,{Shemale Yum Dvd03~G51~02~02 - Isabelle}
isabelle124.jpg,143164,3f495bdd,\Gallery 51\02 - Isabelle\,{Shemale Yum Dvd03~G51~02~02 - Isabelle}
isabelle125.jpg,135721,c5f5879c,\Gallery 51\02 - Isabelle\,{Shemale Yum Dvd03~G51~02~02 - Isabelle}
isabelle126.jpg,132076,48a8f88a,\Gallery 51\02 - Isabelle\,{Shemale Yum Dvd03~G51~02~02 - Isabelle}
isabelle127.jpg,140810,f7deee93,\Gallery 51\02 - Isabelle\,{Shemale Yum Dvd03~G51~02~02 - Isabelle}
isabelle128.jpg,145334,9930ff9c,\Gallery 51\02 - Isabelle\,{Shemale Yum Dvd03~G51~02~02 - Isabelle}
isabelle129.jpg,133674,1de051a9,\Gallery 51\02 - Isabelle\,{Shemale Yum Dvd03~G51~02~02 - Isabelle}
isabelle130.jpg,132775,3808f7e8,\Gallery 51\02 - Isabelle\,{Shemale Yum Dvd03~G51~02~02 - Isabelle}
isabelle131.jpg,131243,baa02c6c,\Gallery 51\02 - Isabelle\,{Shemale Yum Dvd03~G51~02~02 - Isabelle}
isabelle132.jpg,135228,e50cccee,\Gallery 51\02 - Isabelle\,{Shemale Yum Dvd03~G51~02~02 - Isabelle}
isabelle133.jpg,131864,8549a65a,\Gallery 51\02 - Isabelle\,{Shemale Yum Dvd03~G51~02~02 - Isabelle}
isabelle134.jpg,122121,b707027b,\Gallery 51\02 - Isabelle\,{Shemale Yum Dvd03~G51~02~02 - Isabelle}
isabelle135.jpg,93985,199be9ad,\Gallery 51\02 - Isabelle\,{Shemale Yum Dvd03~G51~02~02 - Isabelle}
isis001.jpg,133122,8ecc3fe6,\Gallery 51\03 - Isis\,{Shemale Yum Dvd03~G51~03~03 - Isis}
isis002.jpg,122290,d8b575c3,\Gallery 51\03 - Isis\,{Shemale Yum Dvd03~G51~03~03 - Isis}
isis003.jpg,125136,2a4ed9ea,\Gallery 51\03 - Isis\,{Shemale Yum Dvd03~G51~03~03 - Isis}
isis004.jpg,140886,a0ed4ab6,\Gallery 51\03 - Isis\,{Shemale Yum Dvd03~G51~03~03 - Isis}
isis005.jpg,133163,766069a6,\Gallery 51\03 - Isis\,{Shemale Yum Dvd03~G51~03~03 - Isis}
isis007.jpg,129103,ae69a636,\Gallery 51\03 - Isis\,{Shemale Yum Dvd03~G51~03~03 - Isis}
isis008.jpg,150256,96123cb3,\Gallery 51\03 - Isis\,{Shemale Yum Dvd03~G51~03~03 - Isis}
isis009.jpg,133565,1bff31ff,\Gallery 51\03 - Isis\,{Shemale Yum Dvd03~G51~03~03 - Isis}
isis010.jpg,135922,53301a74,\Gallery 51\03 - Isis\,{Shemale Yum Dvd03~G51~03~03 - Isis}
isis011.jpg,125384,adc44293,\Gallery 51\03 - Isis\,{Shemale Yum Dvd03~G51~03~03 - Isis}
isis012.jpg,133735,15546f10,\Gallery 51\03 - Isis\,{Shemale Yum Dvd03~G51~03~03 - Isis}
isis013.jpg,142278,83208f5f,\Gallery 51\03 - Isis\,{Shemale Yum Dvd03~G51~03~03 - Isis}
isis014.jpg,136805,bb36601e,\Gallery 51\03 - Isis\,{Shemale Yum Dvd03~G51~03~03 - Isis}
isis015.jpg,131437,d43fe0bb,\Gallery 51\03 - Isis\,{Shemale Yum Dvd03~G51~03~03 - Isis}
isis016.jpg,127687,dc5ac915,\Gallery 51\03 - Isis\,{Shemale Yum Dvd03~G51~03~03 - Isis}
isis017.jpg,142470,3cd9b5b4,\Gallery 51\03 - Isis\,{Shemale Yum Dvd03~G51~03~03 - Isis}
isis018.jpg,143345,119e8373,\Gallery 51\03 - Isis\,{Shemale Yum Dvd03~G51~03~03 - Isis}
isis019.jpg,142001,b5fff932,\Gallery 51\03 - Isis\,{Shemale Yum Dvd03~G51~03~03 - Isis}
isis020.jpg,125873,47148c7d,\Gallery 51\03 - Isis\,{Shemale Yum Dvd03~G51~03~03 - Isis}
isis021.jpg,117519,92fed574,\Gallery 51\03 - Isis\,{Shemale Yum Dvd03~G51~03~03 - Isis}
isis022.jpg,114836,7e61f33b,\Gallery 51\03 - Isis\,{Shemale Yum Dvd03~G51~03~03 - Isis}
isis023.jpg,125507,eae7d2b8,\Gallery 51\03 - Isis\,{Shemale Yum Dvd03~G51~03~03 - Isis}
isis024.jpg,130298,0aab3519,\Gallery 51\03 - Isis\,{Shemale Yum Dvd03~G51~03~03 - Isis}
isis025.jpg,136242,78d4a930,\Gallery 51\03 - Isis\,{Shemale Yum Dvd03~G51~03~03 - Isis}
isis026.jpg,118133,e588c7df,\Gallery 51\03 - Isis\,{Shemale Yum Dvd03~G51~03~03 - Isis}
isis027.jpg,129956,f713d3a2,\Gallery 51\03 - Isis\,{Shemale Yum Dvd03~G51~03~03 - Isis}
isis028.jpg,142336,89fcef0a,\Gallery 51\03 - Isis\,{Shemale Yum Dvd03~G51~03~03 - Isis}
isis029.jpg,131481,b9ab7fa2,\Gallery 51\03 - Isis\,{Shemale Yum Dvd03~G51~03~03 - Isis}
isis030.jpg,132987,0d20af36,\Gallery 51\03 - Isis\,{Shemale Yum Dvd03~G51~03~03 - Isis}
isis031.jpg,139174,9e7a341e,\Gallery 51\03 - Isis\,{Shemale Yum Dvd03~G51~03~03 - Isis}
isis032.jpg,123540,741737e1,\Gallery 51\03 - Isis\,{Shemale Yum Dvd03~G51~03~03 - Isis}
isis033.jpg,122593,6c9f5139,\Gallery 51\03 - Isis\,{Shemale Yum Dvd03~G51~03~03 - Isis}
isis034.jpg,128833,bc69199e,\Gallery 51\03 - Isis\,{Shemale Yum Dvd03~G51~03~03 - Isis}
isis036.jpg,143211,6b38b2cf,\Gallery 51\03 - Isis\,{Shemale Yum Dvd03~G51~03~03 - Isis}
isis037.jpg,124194,69c2143a,\Gallery 51\03 - Isis\,{Shemale Yum Dvd03~G51~03~03 - Isis}
isis038.jpg,125293,c58883e1,\Gallery 51\03 - Isis\,{Shemale Yum Dvd03~G51~03~03 - Isis}
isis039.jpg,126135,63f2043d,\Gallery 51\03 - Isis\,{Shemale Yum Dvd03~G51~03~03 - Isis}
isis040.jpg,128491,155798e3,\Gallery 51\03 - Isis\,{Shemale Yum Dvd03~G51~03~03 - Isis}
isis041.jpg,130790,e59764b5,\Gallery 51\03 - Isis\,{Shemale Yum Dvd03~G51~03~03 - Isis}
isis042.jpg,139415,9a0e69fb,\Gallery 51\03 - Isis\,{Shemale Yum Dvd03~G51~03~03 - Isis}
isis043.jpg,128581,836e4c3e,\Gallery 51\03 - Isis\,{Shemale Yum Dvd03~G51~03~03 - Isis}
isis044.jpg,127633,28b9e0be,\Gallery 51\03 - Isis\,{Shemale Yum Dvd03~G51~03~03 - Isis}
isis046.jpg,125746,ab5b7712,\Gallery 51\03 - Isis\,{Shemale Yum Dvd03~G51~03~03 - Isis}
isis047.jpg,135871,29330e77,\Gallery 51\03 - Isis\,{Shemale Yum Dvd03~G51~03~03 - Isis}
isis048.jpg,140095,d1c4c0d3,\Gallery 51\03 - Isis\,{Shemale Yum Dvd03~G51~03~03 - Isis}
isis049.jpg,132316,b1a15cab,\Gallery 51\03 - Isis\,{Shemale Yum Dvd03~G51~03~03 - Isis}
isis050.jpg,118177,2bc75ac6,\Gallery 51\03 - Isis\,{Shemale Yum Dvd03~G51~03~03 - Isis}
isis051.jpg,133588,6dc5d20b,\Gallery 51\03 - Isis\,{Shemale Yum Dvd03~G51~03~03 - Isis}
isis052.jpg,129504,226a31c7,\Gallery 51\03 - Isis\,{Shemale Yum Dvd03~G51~03~03 - Isis}
isis053.jpg,108556,a9cf09ea,\Gallery 51\03 - Isis\,{Shemale Yum Dvd03~G51~03~03 - Isis}
isis054.jpg,124220,0dceb79d,\Gallery 51\03 - Isis\,{Shemale Yum Dvd03~G51~03~03 - Isis}
isis055.jpg,126615,55662535,\Gallery 51\03 - Isis\,{Shemale Yum Dvd03~G51~03~03 - Isis}
isis056.jpg,119324,68976c31,\Gallery 51\03 - Isis\,{Shemale Yum Dvd03~G51~03~03 - Isis}
isis057.jpg,129544,159a4384,\Gallery 51\03 - Isis\,{Shemale Yum Dvd03~G51~03~03 - Isis}
isis059.jpg,139883,1227a570,\Gallery 51\03 - Isis\,{Shemale Yum Dvd03~G51~03~03 - Isis}
isis060.jpg,131312,c73aa4be,\Gallery 51\03 - Isis\,{Shemale Yum Dvd03~G51~03~03 - Isis}
isis061.jpg,125861,5a34ac5e,\Gallery 51\03 - Isis\,{Shemale Yum Dvd03~G51~03~03 - Isis}
isis062.jpg,141720,1511abcf,\Gallery 51\03 - Isis\,{Shemale Yum Dvd03~G51~03~03 - Isis}
isis063.jpg,136573,233016d1,\Gallery 51\03 - Isis\,{Shemale Yum Dvd03~G51~03~03 - Isis}
isis066.jpg,137828,efd04376,\Gallery 51\03 - Isis\,{Shemale Yum Dvd03~G51~03~03 - Isis}
isis067.jpg,142801,6f263971,\Gallery 51\03 - Isis\,{Shemale Yum Dvd03~G51~03~03 - Isis}
isis068.jpg,140721,c946cc05,\Gallery 51\03 - Isis\,{Shemale Yum Dvd03~G51~03~03 - Isis}
isis069.jpg,131573,356e2752,\Gallery 51\03 - Isis\,{Shemale Yum Dvd03~G51~03~03 - Isis}
isis070.jpg,139137,f557c8d3,\Gallery 51\03 - Isis\,{Shemale Yum Dvd03~G51~03~03 - Isis}
isis071.jpg,137195,df88e7f8,\Gallery 51\03 - Isis\,{Shemale Yum Dvd03~G51~03~03 - Isis}
isis072.jpg,136340,8ffdeb40,\Gallery 51\03 - Isis\,{Shemale Yum Dvd03~G51~03~03 - Isis}
isis073.jpg,140596,9fcf735d,\Gallery 51\03 - Isis\,{Shemale Yum Dvd03~G51~03~03 - Isis}
isis074.jpg,137916,19885a33,\Gallery 51\03 - Isis\,{Shemale Yum Dvd03~G51~03~03 - Isis}
isis075.jpg,124824,73ccf1ba,\Gallery 51\03 - Isis\,{Shemale Yum Dvd03~G51~03~03 - Isis}
isis076.jpg,132639,7796b17c,\Gallery 51\03 - Isis\,{Shemale Yum Dvd03~G51~03~03 - Isis}
isis077.jpg,139109,d6d7a255,\Gallery 51\03 - Isis\,{Shemale Yum Dvd03~G51~03~03 - Isis}
isis078.jpg,139075,ed32e7d1,\Gallery 51\03 - Isis\,{Shemale Yum Dvd03~G51~03~03 - Isis}
isis079.jpg,115690,de472c1b,\Gallery 51\03 - Isis\,{Shemale Yum Dvd03~G51~03~03 - Isis}
isis080.jpg,131039,86bcdc28,\Gallery 51\03 - Isis\,{Shemale Yum Dvd03~G51~03~03 - Isis}
isis081.jpg,128660,8cb475b6,\Gallery 51\03 - Isis\,{Shemale Yum Dvd03~G51~03~03 - Isis}
isis082.jpg,134948,cdf727db,\Gallery 51\03 - Isis\,{Shemale Yum Dvd03~G51~03~03 - Isis}
isis083.jpg,140411,9e4755ec,\Gallery 51\03 - Isis\,{Shemale Yum Dvd03~G51~03~03 - Isis}
isis084.jpg,138686,17f761f0,\Gallery 51\03 - Isis\,{Shemale Yum Dvd03~G51~03~03 - Isis}
isis085.jpg,139196,d604df26,\Gallery 51\03 - Isis\,{Shemale Yum Dvd03~G51~03~03 - Isis}
isis086.jpg,134945,b1af15ed,\Gallery 51\03 - Isis\,{Shemale Yum Dvd03~G51~03~03 - Isis}
kelly001.jpg,141675,49bf1537,\Gallery 51\04 - Kelly\,{Shemale Yum Dvd03~G51~04~04 - Kelly}
kelly002.jpg,122228,9425de4d,\Gallery 51\04 - Kelly\,{Shemale Yum Dvd03~G51~04~04 - Kelly}
kelly003.jpg,135024,9b6d3519,\Gallery 51\04 - Kelly\,{Shemale Yum Dvd03~G51~04~04 - Kelly}
kelly004.jpg,138916,5dda39e8,\Gallery 51\04 - Kelly\,{Shemale Yum Dvd03~G51~04~04 - Kelly}
kelly005.jpg,133351,53018476,\Gallery 51\04 - Kelly\,{Shemale Yum Dvd03~G51~04~04 - Kelly}
kelly006.jpg,126880,4edc2988,\Gallery 51\04 - Kelly\,{Shemale Yum Dvd03~G51~04~04 - Kelly}
kelly007.jpg,131655,277bd2eb,\Gallery 51\04 - Kelly\,{Shemale Yum Dvd03~G51~04~04 - Kelly}
kelly008.jpg,139421,3a344056,\Gallery 51\04 - Kelly\,{Shemale Yum Dvd03~G51~04~04 - Kelly}
kelly009.jpg,135288,07a9d7e3,\Gallery 51\04 - Kelly\,{Shemale Yum Dvd03~G51~04~04 - Kelly}
kelly010.jpg,135468,d7e95795,\Gallery 51\04 - Kelly\,{Shemale Yum Dvd03~G51~04~04 - Kelly}
kelly011.jpg,133164,55e89a5d,\Gallery 51\04 - Kelly\,{Shemale Yum Dvd03~G51~04~04 - Kelly}
kelly012.jpg,138783,5017b58e,\Gallery 51\04 - Kelly\,{Shemale Yum Dvd03~G51~04~04 - Kelly}
kelly013.jpg,139896,5c35a595,\Gallery 51\04 - Kelly\,{Shemale Yum Dvd03~G51~04~04 - Kelly}
kelly014.jpg,133195,9ec1a42f,\Gallery 51\04 - Kelly\,{Shemale Yum Dvd03~G51~04~04 - Kelly}
kelly015.jpg,131450,174ce1f4,\Gallery 51\04 - Kelly\,{Shemale Yum Dvd03~G51~04~04 - Kelly}
kelly016.jpg,130014,430b9e0f,\Gallery 51\04 - Kelly\,{Shemale Yum Dvd03~G51~04~04 - Kelly}
kelly017.jpg,123020,5163fbf7,\Gallery 51\04 - Kelly\,{Shemale Yum Dvd03~G51~04~04 - Kelly}
kelly018.jpg,129052,27a87950,\Gallery 51\04 - Kelly\,{Shemale Yum Dvd03~G51~04~04 - Kelly}
kelly019.jpg,130633,4351d71f,\Gallery 51\04 - Kelly\,{Shemale Yum Dvd03~G51~04~04 - Kelly}
kelly020.jpg,125510,f9c5ceb2,\Gallery 51\04 - Kelly\,{Shemale Yum Dvd03~G51~04~04 - Kelly}
kelly021.jpg,130754,fbc63931,\Gallery 51\04 - Kelly\,{Shemale Yum Dvd03~G51~04~04 - Kelly}
kelly022.jpg,122454,f65b13db,\Gallery 51\04 - Kelly\,{Shemale Yum Dvd03~G51~04~04 - Kelly}
kelly023.jpg,121077,0b859aef,\Gallery 51\04 - Kelly\,{Shemale Yum Dvd03~G51~04~04 - Kelly}
kelly024.jpg,129746,d65a64c4,\Gallery 51\04 - Kelly\,{Shemale Yum Dvd03~G51~04~04 - Kelly}
kelly025.jpg,120428,95075121,\Gallery 51\04 - Kelly\,{Shemale Yum Dvd03~G51~04~04 - Kelly}
kelly026.jpg,125611,05449579,\Gallery 51\04 - Kelly\,{Shemale Yum Dvd03~G51~04~04 - Kelly}
kelly027.jpg,126995,9317c397,\Gallery 51\04 - Kelly\,{Shemale Yum Dvd03~G51~04~04 - Kelly}
kelly028.jpg,107555,be4a2dec,\Gallery 51\04 - Kelly\,{Shemale Yum Dvd03~G51~04~04 - Kelly}
kelly029.jpg,99856,85f64dc0,\Gallery 51\04 - Kelly\,{Shemale Yum Dvd03~G51~04~04 - Kelly}
kelly031.jpg,116699,a5480910,\Gallery 51\04 - Kelly\,{Shemale Yum Dvd03~G51~04~04 - Kelly}
kelly032.jpg,126937,37a32a22,\Gallery 51\04 - Kelly\,{Shemale Yum Dvd03~G51~04~04 - Kelly}
kelly033.jpg,129795,a8579ec6,\Gallery 51\04 - Kelly\,{Shemale Yum Dvd03~G51~04~04 - Kelly}
kelly034.jpg,132763,c580e6ba,\Gallery 51\04 - Kelly\,{Shemale Yum Dvd03~G51~04~04 - Kelly}
kelly035.jpg,127481,6643936b,\Gallery 51\04 - Kelly\,{Shemale Yum Dvd03~G51~04~04 - Kelly}
kelly036.jpg,124646,c22f4b2f,\Gallery 51\04 - Kelly\,{Shemale Yum Dvd03~G51~04~04 - Kelly}
kelly037.jpg,126259,a1728d0a,\Gallery 51\04 - Kelly\,{Shemale Yum Dvd03~G51~04~04 - Kelly}
kelly038.jpg,129196,2ee9fcfd,\Gallery 51\04 - Kelly\,{Shemale Yum Dvd03~G51~04~04 - Kelly}
kelly039.jpg,112748,cad46097,\Gallery 51\04 - Kelly\,{Shemale Yum Dvd03~G51~04~04 - Kelly}
kelly040.jpg,106927,4d900bfb,\Gallery 51\04 - Kelly\,{Shemale Yum Dvd03~G51~04~04 - Kelly}
kelly041.jpg,110178,1733ec99,\Gallery 51\04 - Kelly\,{Shemale Yum Dvd03~G51~04~04 - Kelly}
kelly042.jpg,116676,e6902490,\Gallery 51\04 - Kelly\,{Shemale Yum Dvd03~G51~04~04 - Kelly}
kelly043.jpg,128334,20f08565,\Gallery 51\04 - Kelly\,{Shemale Yum Dvd03~G51~04~04 - Kelly}
kelly044.jpg,130821,f32c6b67,\Gallery 51\04 - Kelly\,{Shemale Yum Dvd03~G51~04~04 - Kelly}
kelly045.jpg,133674,eb4648b0,\Gallery 51\04 - Kelly\,{Shemale Yum Dvd03~G51~04~04 - Kelly}
kelly046.jpg,130285,5be2962f,\Gallery 51\04 - Kelly\,{Shemale Yum Dvd03~G51~04~04 - Kelly}
kelly047.jpg,116382,40cb25c5,\Gallery 51\04 - Kelly\,{Shemale Yum Dvd03~G51~04~04 - Kelly}
kelly048.jpg,116851,ff4deeae,\Gallery 51\04 - Kelly\,{Shemale Yum Dvd03~G51~04~04 - Kelly}
kelly049.jpg,127645,e919ef63,\Gallery 51\04 - Kelly\,{Shemale Yum Dvd03~G51~04~04 - Kelly}
kelly050.jpg,131541,c45ac30e,\Gallery 51\04 - Kelly\,{Shemale Yum Dvd03~G51~04~04 - Kelly}
kelly051.jpg,130047,4107898f,\Gallery 51\04 - Kelly\,{Shemale Yum Dvd03~G51~04~04 - Kelly}
kelly052.jpg,126448,09ebaa40,\Gallery 51\04 - Kelly\,{Shemale Yum Dvd03~G51~04~04 - Kelly}
kelly053.jpg,135505,f12ad78b,\Gallery 51\04 - Kelly\,{Shemale Yum Dvd03~G51~04~04 - Kelly}
kelly054.jpg,134918,d3b6be04,\Gallery 51\04 - Kelly\,{Shemale Yum Dvd03~G51~04~04 - Kelly}
kelly055.jpg,130287,822f49ff,\Gallery 51\04 - Kelly\,{Shemale Yum Dvd03~G51~04~04 - Kelly}
kelly056.jpg,137228,17f0514e,\Gallery 51\04 - Kelly\,{Shemale Yum Dvd03~G51~04~04 - Kelly}
kelly057.jpg,130814,ef48b9e2,\Gallery 51\04 - Kelly\,{Shemale Yum Dvd03~G51~04~04 - Kelly}
kelly058.jpg,112746,8b17a9d4,\Gallery 51\04 - Kelly\,{Shemale Yum Dvd03~G51~04~04 - Kelly}
kelly059.jpg,98119,4cdf4c4e,\Gallery 51\04 - Kelly\,{Shemale Yum Dvd03~G51~04~04 - Kelly}
kelly060.jpg,128740,347f23d5,\Gallery 51\04 - Kelly\,{Shemale Yum Dvd03~G51~04~04 - Kelly}
kelly061.jpg,128408,9b4492ea,\Gallery 51\04 - Kelly\,{Shemale Yum Dvd03~G51~04~04 - Kelly}
kelly062.jpg,128089,4d2ee960,\Gallery 51\04 - Kelly\,{Shemale Yum Dvd03~G51~04~04 - Kelly}
kelly063.jpg,121524,180e1574,\Gallery 51\04 - Kelly\,{Shemale Yum Dvd03~G51~04~04 - Kelly}
kelly064.jpg,138932,6941aa15,\Gallery 51\04 - Kelly\,{Shemale Yum Dvd03~G51~04~04 - Kelly}
kelly065.jpg,126780,0e65f168,\Gallery 51\04 - Kelly\,{Shemale Yum Dvd03~G51~04~04 - Kelly}
kelly066.jpg,123337,68b013bb,\Gallery 51\04 - Kelly\,{Shemale Yum Dvd03~G51~04~04 - Kelly}
kelly067.jpg,106604,2d8d61ae,\Gallery 51\04 - Kelly\,{Shemale Yum Dvd03~G51~04~04 - Kelly}
kelly068.jpg,123752,f2e8c036,\Gallery 51\04 - Kelly\,{Shemale Yum Dvd03~G51~04~04 - Kelly}
kelly069.jpg,109610,d1d6f4f4,\Gallery 51\04 - Kelly\,{Shemale Yum Dvd03~G51~04~04 - Kelly}
kelly070.jpg,109416,838a42bf,\Gallery 51\04 - Kelly\,{Shemale Yum Dvd03~G51~04~04 - Kelly}
kelly071.jpg,123217,dc1cbe25,\Gallery 51\04 - Kelly\,{Shemale Yum Dvd03~G51~04~04 - Kelly}
kelly072.jpg,119742,e15a1bd7,\Gallery 51\04 - Kelly\,{Shemale Yum Dvd03~G51~04~04 - Kelly}
kelly073.jpg,114183,d417ed5d,\Gallery 51\04 - Kelly\,{Shemale Yum Dvd03~G51~04~04 - Kelly}
kelly074.jpg,106369,c6eb90d7,\Gallery 51\04 - Kelly\,{Shemale Yum Dvd03~G51~04~04 - Kelly}
kelly075.jpg,99807,980a0a9b,\Gallery 51\04 - Kelly\,{Shemale Yum Dvd03~G51~04~04 - Kelly}
kelly076.jpg,106351,e05b5a0c,\Gallery 51\04 - Kelly\,{Shemale Yum Dvd03~G51~04~04 - Kelly}
kelly077.jpg,118189,d2135d17,\Gallery 51\04 - Kelly\,{Shemale Yum Dvd03~G51~04~04 - Kelly}
kelly079.jpg,121725,99cd9b72,\Gallery 51\04 - Kelly\,{Shemale Yum Dvd03~G51~04~04 - Kelly}
kelly080.jpg,113838,0e0a74fd,\Gallery 51\04 - Kelly\,{Shemale Yum Dvd03~G51~04~04 - Kelly}
kelly081.jpg,97515,2a97981b,\Gallery 51\04 - Kelly\,{Shemale Yum Dvd03~G51~04~04 - Kelly}
kelly082.jpg,106060,eaab211a,\Gallery 51\04 - Kelly\,{Shemale Yum Dvd03~G51~04~04 - Kelly}
kelly083.jpg,80319,62487514,\Gallery 51\04 - Kelly\,{Shemale Yum Dvd03~G51~04~04 - Kelly}
kelly084.jpg,106681,7807491d,\Gallery 51\04 - Kelly\,{Shemale Yum Dvd03~G51~04~04 - Kelly}
kelly085.jpg,119050,e17172d8,\Gallery 51\04 - Kelly\,{Shemale Yum Dvd03~G51~04~04 - Kelly}
kelly086.jpg,126079,d00ac395,\Gallery 51\04 - Kelly\,{Shemale Yum Dvd03~G51~04~04 - Kelly}
kelly087.jpg,112570,7314c172,\Gallery 51\04 - Kelly\,{Shemale Yum Dvd03~G51~04~04 - Kelly}
kelly088.jpg,128271,e1e7da94,\Gallery 51\04 - Kelly\,{Shemale Yum Dvd03~G51~04~04 - Kelly}
kelly089.jpg,123499,ed1a23b2,\Gallery 51\04 - Kelly\,{Shemale Yum Dvd03~G51~04~04 - Kelly}
kelly090.jpg,129441,fbef550a,\Gallery 51\04 - Kelly\,{Shemale Yum Dvd03~G51~04~04 - Kelly}
kelly091.jpg,114747,1a3c85b6,\Gallery 51\04 - Kelly\,{Shemale Yum Dvd03~G51~04~04 - Kelly}
kelly092.jpg,117277,44d24d8f,\Gallery 51\04 - Kelly\,{Shemale Yum Dvd03~G51~04~04 - Kelly}
kelly093.jpg,124175,4795390b,\Gallery 51\04 - Kelly\,{Shemale Yum Dvd03~G51~04~04 - Kelly}
kelly094.jpg,103982,aaeb5bf7,\Gallery 51\04 - Kelly\,{Shemale Yum Dvd03~G51~04~04 - Kelly}
kelly095.jpg,121401,8e06de33,\Gallery 51\04 - Kelly\,{Shemale Yum Dvd03~G51~04~04 - Kelly}
kelly096.jpg,104484,69284206,\Gallery 51\04 - Kelly\,{Shemale Yum Dvd03~G51~04~04 - Kelly}
kelly097.jpg,124222,6bad66e3,\Gallery 51\04 - Kelly\,{Shemale Yum Dvd03~G51~04~04 - Kelly}
kelly098.jpg,112263,e1a4affb,\Gallery 51\04 - Kelly\,{Shemale Yum Dvd03~G51~04~04 - Kelly}
kelly099.jpg,133232,ae91afb8,\Gallery 51\04 - Kelly\,{Shemale Yum Dvd03~G51~04~04 - Kelly}
kelly100.jpg,132298,48caf7a6,\Gallery 51\04 - Kelly\,{Shemale Yum Dvd03~G51~04~04 - Kelly}
kelly101.jpg,142172,f1e8e373,\Gallery 51\04 - Kelly\,{Shemale Yum Dvd03~G51~04~04 - Kelly}
kelly102.jpg,130652,da8ade11,\Gallery 51\04 - Kelly\,{Shemale Yum Dvd03~G51~04~04 - Kelly}
kelly103.jpg,141750,fa0832a4,\Gallery 51\04 - Kelly\,{Shemale Yum Dvd03~G51~04~04 - Kelly}
kelly104.jpg,134612,53a0653a,\Gallery 51\04 - Kelly\,{Shemale Yum Dvd03~G51~04~04 - Kelly}
kelly105.jpg,127090,b30d0af1,\Gallery 51\04 - Kelly\,{Shemale Yum Dvd03~G51~04~04 - Kelly}
kelly106.jpg,124227,d9dad55b,\Gallery 51\04 - Kelly\,{Shemale Yum Dvd03~G51~04~04 - Kelly}
kelly107.jpg,101258,7ef2bb1c,\Gallery 51\04 - Kelly\,{Shemale Yum Dvd03~G51~04~04 - Kelly}
kelly108.jpg,127980,2ec667e8,\Gallery 51\04 - Kelly\,{Shemale Yum Dvd03~G51~04~04 - Kelly}
kelly109.jpg,118668,b0056d92,\Gallery 51\04 - Kelly\,{Shemale Yum Dvd03~G51~04~04 - Kelly}
kelly110.jpg,131977,805298ff,\Gallery 51\04 - Kelly\,{Shemale Yum Dvd03~G51~04~04 - Kelly}
kelly111.jpg,142518,0cbf9ae4,\Gallery 51\04 - Kelly\,{Shemale Yum Dvd03~G51~04~04 - Kelly}
kelly112.jpg,111069,c4645315,\Gallery 51\04 - Kelly\,{Shemale Yum Dvd03~G51~04~04 - Kelly}
kelly113.jpg,120204,46f6c943,\Gallery 51\04 - Kelly\,{Shemale Yum Dvd03~G51~04~04 - Kelly}
kelly115.jpg,122748,9efd7621,\Gallery 51\04 - Kelly\,{Shemale Yum Dvd03~G51~04~04 - Kelly}
kelly116.jpg,112796,3b9607f6,\Gallery 51\04 - Kelly\,{Shemale Yum Dvd03~G51~04~04 - Kelly}
kelly117.jpg,122669,fd1020b2,\Gallery 51\04 - Kelly\,{Shemale Yum Dvd03~G51~04~04 - Kelly}
kelly118.jpg,135988,c775dcd1,\Gallery 51\04 - Kelly\,{Shemale Yum Dvd03~G51~04~04 - Kelly}
kelly119.jpg,128548,a10d9196,\Gallery 51\04 - Kelly\,{Shemale Yum Dvd03~G51~04~04 - Kelly}
kelly120.jpg,120098,5681c4b7,\Gallery 51\04 - Kelly\,{Shemale Yum Dvd03~G51~04~04 - Kelly}
kelly121.jpg,115401,88171eba,\Gallery 51\04 - Kelly\,{Shemale Yum Dvd03~G51~04~04 - Kelly}
kelly122.jpg,117479,f1fb9c55,\Gallery 51\04 - Kelly\,{Shemale Yum Dvd03~G51~04~04 - Kelly}
kelly123.jpg,122595,3c264529,\Gallery 51\04 - Kelly\,{Shemale Yum Dvd03~G51~04~04 - Kelly}
kelly124.jpg,102354,24d6f993,\Gallery 51\04 - Kelly\,{Shemale Yum Dvd03~G51~04~04 - Kelly}
kelly125.jpg,118780,d7beeb75,\Gallery 51\04 - Kelly\,{Shemale Yum Dvd03~G51~04~04 - Kelly}
kelly126.jpg,130110,9fb3255d,\Gallery 51\04 - Kelly\,{Shemale Yum Dvd03~G51~04~04 - Kelly}
kelly127.jpg,118984,d76c3fd8,\Gallery 51\04 - Kelly\,{Shemale Yum Dvd03~G51~04~04 - Kelly}
kelly128.jpg,137640,9e50fc65,\Gallery 51\04 - Kelly\,{Shemale Yum Dvd03~G51~04~04 - Kelly}
kim002.jpg,121681,d54d7e1e,\Gallery 51\05 - Kim\,{Shemale Yum Dvd03~G51~05~05 - Kim}
kim003.jpg,133417,4a0797df,\Gallery 51\05 - Kim\,{Shemale Yum Dvd03~G51~05~05 - Kim}
kim004.jpg,139224,bb678a31,\Gallery 51\05 - Kim\,{Shemale Yum Dvd03~G51~05~05 - Kim}
kim006.jpg,138621,a5d5e40d,\Gallery 51\05 - Kim\,{Shemale Yum Dvd03~G51~05~05 - Kim}
kim007.jpg,133998,f2392ca8,\Gallery 51\05 - Kim\,{Shemale Yum Dvd03~G51~05~05 - Kim}
kim008.jpg,140876,867611e4,\Gallery 51\05 - Kim\,{Shemale Yum Dvd03~G51~05~05 - Kim}
kim009.jpg,140421,c8d84679,\Gallery 51\05 - Kim\,{Shemale Yum Dvd03~G51~05~05 - Kim}
kim010.jpg,133950,10c65810,\Gallery 51\05 - Kim\,{Shemale Yum Dvd03~G51~05~05 - Kim}
kim011.jpg,133947,db43e075,\Gallery 51\05 - Kim\,{Shemale Yum Dvd03~G51~05~05 - Kim}
kim012.jpg,133768,77cc0442,\Gallery 51\05 - Kim\,{Shemale Yum Dvd03~G51~05~05 - Kim}
kim013.jpg,118163,d92b556d,\Gallery 51\05 - Kim\,{Shemale Yum Dvd03~G51~05~05 - Kim}
kim014.jpg,114355,9adafaf9,\Gallery 51\05 - Kim\,{Shemale Yum Dvd03~G51~05~05 - Kim}
kim015.jpg,109473,407b93e0,\Gallery 51\05 - Kim\,{Shemale Yum Dvd03~G51~05~05 - Kim}
kim016.jpg,114611,d2af1e04,\Gallery 51\05 - Kim\,{Shemale Yum Dvd03~G51~05~05 - Kim}
kim017.jpg,110677,7a62803f,\Gallery 51\05 - Kim\,{Shemale Yum Dvd03~G51~05~05 - Kim}
kim018.jpg,128125,b839ee37,\Gallery 51\05 - Kim\,{Shemale Yum Dvd03~G51~05~05 - Kim}
kim019.jpg,114797,425c3bad,\Gallery 51\05 - Kim\,{Shemale Yum Dvd03~G51~05~05 - Kim}
kim021.jpg,136734,acb1b892,\Gallery 51\05 - Kim\,{Shemale Yum Dvd03~G51~05~05 - Kim}
kim022.jpg,123781,9178b140,\Gallery 51\05 - Kim\,{Shemale Yum Dvd03~G51~05~05 - Kim}
kim024.jpg,127011,7182d6e1,\Gallery 51\05 - Kim\,{Shemale Yum Dvd03~G51~05~05 - Kim}
kim025.jpg,107049,093427e6,\Gallery 51\05 - Kim\,{Shemale Yum Dvd03~G51~05~05 - Kim}
kim026.jpg,109617,8ed41db4,\Gallery 51\05 - Kim\,{Shemale Yum Dvd03~G51~05~05 - Kim}
kim027.jpg,127847,a4ef5547,\Gallery 51\05 - Kim\,{Shemale Yum Dvd03~G51~05~05 - Kim}
kim029.jpg,128336,71983cf0,\Gallery 51\05 - Kim\,{Shemale Yum Dvd03~G51~05~05 - Kim}
kim030.jpg,117138,eb23eca8,\Gallery 51\05 - Kim\,{Shemale Yum Dvd03~G51~05~05 - Kim}
kim031.jpg,117654,908b3328,\Gallery 51\05 - Kim\,{Shemale Yum Dvd03~G51~05~05 - Kim}
kim032.jpg,106478,9bcc9ea4,\Gallery 51\05 - Kim\,{Shemale Yum Dvd03~G51~05~05 - Kim}
kim033.jpg,128370,1e3774ab,\Gallery 51\05 - Kim\,{Shemale Yum Dvd03~G51~05~05 - Kim}
kim034.jpg,118052,3f2d08e4,\Gallery 51\05 - Kim\,{Shemale Yum Dvd03~G51~05~05 - Kim}
kim035.jpg,120955,5e4ac604,\Gallery 51\05 - Kim\,{Shemale Yum Dvd03~G51~05~05 - Kim}
kim036.jpg,100675,24a8627e,\Gallery 51\05 - Kim\,{Shemale Yum Dvd03~G51~05~05 - Kim}
kim037.jpg,98293,ad0cc7ac,\Gallery 51\05 - Kim\,{Shemale Yum Dvd03~G51~05~05 - Kim}
kim038.jpg,117330,9d93e16f,\Gallery 51\05 - Kim\,{Shemale Yum Dvd03~G51~05~05 - Kim}
kim039.jpg,100645,44baccca,\Gallery 51\05 - Kim\,{Shemale Yum Dvd03~G51~05~05 - Kim}
kim040.jpg,111583,cd7c62bc,\Gallery 51\05 - Kim\,{Shemale Yum Dvd03~G51~05~05 - Kim}
kim041.jpg,114190,098b4c1c,\Gallery 51\05 - Kim\,{Shemale Yum Dvd03~G51~05~05 - Kim}
kim042.jpg,100762,838728d2,\Gallery 51\05 - Kim\,{Shemale Yum Dvd03~G51~05~05 - Kim}
kim043.jpg,97497,7a8131b8,\Gallery 51\05 - Kim\,{Shemale Yum Dvd03~G51~05~05 - Kim}
kim044.jpg,131042,60e5aa50,\Gallery 51\05 - Kim\,{Shemale Yum Dvd03~G51~05~05 - Kim}
kim045.jpg,134096,ba7a70aa,\Gallery 51\05 - Kim\,{Shemale Yum Dvd03~G51~05~05 - Kim}
kim046.jpg,114242,40e162f2,\Gallery 51\05 - Kim\,{Shemale Yum Dvd03~G51~05~05 - Kim}
kim047.jpg,95879,62ce43e5,\Gallery 51\05 - Kim\,{Shemale Yum Dvd03~G51~05~05 - Kim}
kim048.jpg,112250,c208e9c8,\Gallery 51\05 - Kim\,{Shemale Yum Dvd03~G51~05~05 - Kim}
kim049.jpg,115897,a9d4ce0d,\Gallery 51\05 - Kim\,{Shemale Yum Dvd03~G51~05~05 - Kim}
kim050.jpg,97324,809ed80a,\Gallery 51\05 - Kim\,{Shemale Yum Dvd03~G51~05~05 - Kim}
kim051.jpg,109829,0b6db00e,\Gallery 51\05 - Kim\,{Shemale Yum Dvd03~G51~05~05 - Kim}
kim052.jpg,118441,2b0f55fb,\Gallery 51\05 - Kim\,{Shemale Yum Dvd03~G51~05~05 - Kim}
kim053.jpg,116773,276ec8b4,\Gallery 51\05 - Kim\,{Shemale Yum Dvd03~G51~05~05 - Kim}
kim054.jpg,112730,a77e3379,\Gallery 51\05 - Kim\,{Shemale Yum Dvd03~G51~05~05 - Kim}
kim055.jpg,114868,b46edfd5,\Gallery 51\05 - Kim\,{Shemale Yum Dvd03~G51~05~05 - Kim}
kim056.jpg,101667,6eb8fda8,\Gallery 51\05 - Kim\,{Shemale Yum Dvd03~G51~05~05 - Kim}
kim057.jpg,115184,fe8d4668,\Gallery 51\05 - Kim\,{Shemale Yum Dvd03~G51~05~05 - Kim}
kim058.jpg,110927,95657d88,\Gallery 51\05 - Kim\,{Shemale Yum Dvd03~G51~05~05 - Kim}
kim059.jpg,131864,d6fbbb38,\Gallery 51\05 - Kim\,{Shemale Yum Dvd03~G51~05~05 - Kim}
kim060.jpg,120522,d44bf1aa,\Gallery 51\05 - Kim\,{Shemale Yum Dvd03~G51~05~05 - Kim}
kim061.jpg,117441,622222da,\Gallery 51\05 - Kim\,{Shemale Yum Dvd03~G51~05~05 - Kim}
kim062.jpg,125794,f9cf714e,\Gallery 51\05 - Kim\,{Shemale Yum Dvd03~G51~05~05 - Kim}
kim063.jpg,116417,5abe2453,\Gallery 51\05 - Kim\,{Shemale Yum Dvd03~G51~05~05 - Kim}
kim064.jpg,118743,7eb2af4c,\Gallery 51\05 - Kim\,{Shemale Yum Dvd03~G51~05~05 - Kim}
kim065.jpg,120165,4b8315bf,\Gallery 51\05 - Kim\,{Shemale Yum Dvd03~G51~05~05 - Kim}
kim066.jpg,116930,088e9895,\Gallery 51\05 - Kim\,{Shemale Yum Dvd03~G51~05~05 - Kim}
kim068.jpg,123281,0714a3fa,\Gallery 51\05 - Kim\,{Shemale Yum Dvd03~G51~05~05 - Kim}
kim069.jpg,128085,a0695636,\Gallery 51\05 - Kim\,{Shemale Yum Dvd03~G51~05~05 - Kim}
kim070.jpg,137812,b382d667,\Gallery 51\05 - Kim\,{Shemale Yum Dvd03~G51~05~05 - Kim}
kim071.jpg,130838,d851d107,\Gallery 51\05 - Kim\,{Shemale Yum Dvd03~G51~05~05 - Kim}
kim072.jpg,137948,affa38ca,\Gallery 51\05 - Kim\,{Shemale Yum Dvd03~G51~05~05 - Kim}
kim073.jpg,110374,a89c0c7e,\Gallery 51\05 - Kim\,{Shemale Yum Dvd03~G51~05~05 - Kim}
kim074.jpg,114930,e563a888,\Gallery 51\05 - Kim\,{Shemale Yum Dvd03~G51~05~05 - Kim}
kim075.jpg,102528,2b24beda,\Gallery 51\05 - Kim\,{Shemale Yum Dvd03~G51~05~05 - Kim}
kim076.jpg,94502,a0deb1c2,\Gallery 51\05 - Kim\,{Shemale Yum Dvd03~G51~05~05 - Kim}
kim077.jpg,103140,48eab002,\Gallery 51\05 - Kim\,{Shemale Yum Dvd03~G51~05~05 - Kim}
kim078.jpg,103136,3466337d,\Gallery 51\05 - Kim\,{Shemale Yum Dvd03~G51~05~05 - Kim}
kim079.jpg,114847,c676608c,\Gallery 51\05 - Kim\,{Shemale Yum Dvd03~G51~05~05 - Kim}
kim080.jpg,103556,2e04e5f0,\Gallery 51\05 - Kim\,{Shemale Yum Dvd03~G51~05~05 - Kim}
kim081.jpg,114881,9b68f61f,\Gallery 51\05 - Kim\,{Shemale Yum Dvd03~G51~05~05 - Kim}
kim083.jpg,127822,5d8bd0fe,\Gallery 51\05 - Kim\,{Shemale Yum Dvd03~G51~05~05 - Kim}
kim084.jpg,125908,ea5cb397,\Gallery 51\05 - Kim\,{Shemale Yum Dvd03~G51~05~05 - Kim}
kim085.jpg,111860,669ee463,\Gallery 51\05 - Kim\,{Shemale Yum Dvd03~G51~05~05 - Kim}
kim086.jpg,110064,262d4774,\Gallery 51\05 - Kim\,{Shemale Yum Dvd03~G51~05~05 - Kim}
kim087.jpg,113324,ebfc0d47,\Gallery 51\05 - Kim\,{Shemale Yum Dvd03~G51~05~05 - Kim}
kim088.jpg,121141,a0671f5d,\Gallery 51\05 - Kim\,{Shemale Yum Dvd03~G51~05~05 - Kim}
kim089.jpg,113136,d00ded54,\Gallery 51\05 - Kim\,{Shemale Yum Dvd03~G51~05~05 - Kim}
kim090.jpg,110169,aa72420c,\Gallery 51\05 - Kim\,{Shemale Yum Dvd03~G51~05~05 - Kim}
kim091.jpg,135250,dac1ddcd,\Gallery 51\05 - Kim\,{Shemale Yum Dvd03~G51~05~05 - Kim}
kim092.jpg,113363,eea747cb,\Gallery 51\05 - Kim\,{Shemale Yum Dvd03~G51~05~05 - Kim}
kim093.jpg,122405,ff89dcaa,\Gallery 51\05 - Kim\,{Shemale Yum Dvd03~G51~05~05 - Kim}
kim094.jpg,129761,592f340d,\Gallery 51\05 - Kim\,{Shemale Yum Dvd03~G51~05~05 - Kim}
kim096.jpg,141703,3bae6592,\Gallery 51\05 - Kim\,{Shemale Yum Dvd03~G51~05~05 - Kim}
kimb001.jpg,108166,b4a2f124,\Gallery 51\05 - Kim (2)\,{Shemale Yum Dvd03~G51~05-2~05 - Kim (2)}
kimb002.jpg,131896,dbd26a50,\Gallery 51\05 - Kim (2)\,{Shemale Yum Dvd03~G51~05-2~05 - Kim (2)}
kimb003.jpg,135945,fc5451c4,\Gallery 51\05 - Kim (2)\,{Shemale Yum Dvd03~G51~05-2~05 - Kim (2)}
kimb004.jpg,125433,be7e5813,\Gallery 51\05 - Kim (2)\,{Shemale Yum Dvd03~G51~05-2~05 - Kim (2)}
kimb005.jpg,107178,a4e34a7e,\Gallery 51\05 - Kim (2)\,{Shemale Yum Dvd03~G51~05-2~05 - Kim (2)}
kimb006.jpg,115447,d7f71b52,\Gallery 51\05 - Kim (2)\,{Shemale Yum Dvd03~G51~05-2~05 - Kim (2)}
kimb007.jpg,115039,59d32767,\Gallery 51\05 - Kim (2)\,{Shemale Yum Dvd03~G51~05-2~05 - Kim (2)}
kimb008.jpg,131475,5cf5f103,\Gallery 51\05 - Kim (2)\,{Shemale Yum Dvd03~G51~05-2~05 - Kim (2)}
kimb009.jpg,126455,dd233bfb,\Gallery 51\05 - Kim (2)\,{Shemale Yum Dvd03~G51~05-2~05 - Kim (2)}
kimb010.jpg,141342,0a075ec7,\Gallery 51\05 - Kim (2)\,{Shemale Yum Dvd03~G51~05-2~05 - Kim (2)}
kimb011.jpg,137204,540fc95a,\Gallery 51\05 - Kim (2)\,{Shemale Yum Dvd03~G51~05-2~05 - Kim (2)}
kimb012.jpg,126178,c5739707,\Gallery 51\05 - Kim (2)\,{Shemale Yum Dvd03~G51~05-2~05 - Kim (2)}
kimb013.jpg,117689,1514e546,\Gallery 51\05 - Kim (2)\,{Shemale Yum Dvd03~G51~05-2~05 - Kim (2)}
kimb014.jpg,129349,febb4962,\Gallery 51\05 - Kim (2)\,{Shemale Yum Dvd03~G51~05-2~05 - Kim (2)}
kimb015.jpg,130934,6fa4710f,\Gallery 51\05 - Kim (2)\,{Shemale Yum Dvd03~G51~05-2~05 - Kim (2)}
kimb016.jpg,122434,ae27bdc9,\Gallery 51\05 - Kim (2)\,{Shemale Yum Dvd03~G51~05-2~05 - Kim (2)}
kimb017.jpg,132825,1d8c0e90,\Gallery 51\05 - Kim (2)\,{Shemale Yum Dvd03~G51~05-2~05 - Kim (2)}
kimb018.jpg,139964,27b79ca0,\Gallery 51\05 - Kim (2)\,{Shemale Yum Dvd03~G51~05-2~05 - Kim (2)}
kimb019.jpg,122034,10281a11,\Gallery 51\05 - Kim (2)\,{Shemale Yum Dvd03~G51~05-2~05 - Kim (2)}
kimb020.jpg,114749,890130ef,\Gallery 51\05 - Kim (2)\,{Shemale Yum Dvd03~G51~05-2~05 - Kim (2)}
kimb021.jpg,129143,f939aa4b,\Gallery 51\05 - Kim (2)\,{Shemale Yum Dvd03~G51~05-2~05 - Kim (2)}
kimb022.jpg,135932,2f9d472f,\Gallery 51\05 - Kim (2)\,{Shemale Yum Dvd03~G51~05-2~05 - Kim (2)}
kimb023.jpg,141799,c1a48236,\Gallery 51\05 - Kim (2)\,{Shemale Yum Dvd03~G51~05-2~05 - Kim (2)}
kimb024.jpg,121531,c5b19e0d,\Gallery 51\05 - Kim (2)\,{Shemale Yum Dvd03~G51~05-2~05 - Kim (2)}
kimb025.jpg,130515,d2f3d371,\Gallery 51\05 - Kim (2)\,{Shemale Yum Dvd03~G51~05-2~05 - Kim (2)}
kimb026.jpg,137326,be0ad17b,\Gallery 51\05 - Kim (2)\,{Shemale Yum Dvd03~G51~05-2~05 - Kim (2)}
kimb027.jpg,133945,9ee7f8c6,\Gallery 51\05 - Kim (2)\,{Shemale Yum Dvd03~G51~05-2~05 - Kim (2)}
kimb028.jpg,141942,e1250086,\Gallery 51\05 - Kim (2)\,{Shemale Yum Dvd03~G51~05-2~05 - Kim (2)}
kimb029.jpg,140956,9fda5e89,\Gallery 51\05 - Kim (2)\,{Shemale Yum Dvd03~G51~05-2~05 - Kim (2)}
kimb030.jpg,122960,5253c20c,\Gallery 51\05 - Kim (2)\,{Shemale Yum Dvd03~G51~05-2~05 - Kim (2)}
kimb031.jpg,137925,2ae0d61e,\Gallery 51\05 - Kim (2)\,{Shemale Yum Dvd03~G51~05-2~05 - Kim (2)}
kimb032.jpg,152936,cba11c6b,\Gallery 51\05 - Kim (2)\,{Shemale Yum Dvd03~G51~05-2~05 - Kim (2)}
kimb033.jpg,119715,98003c31,\Gallery 51\05 - Kim (2)\,{Shemale Yum Dvd03~G51~05-2~05 - Kim (2)}
kimb034.jpg,136905,572ee3eb,\Gallery 51\05 - Kim (2)\,{Shemale Yum Dvd03~G51~05-2~05 - Kim (2)}
kimb035.jpg,136112,bf1c6800,\Gallery 51\05 - Kim (2)\,{Shemale Yum Dvd03~G51~05-2~05 - Kim (2)}
kimb036.jpg,91725,26e9f351,\Gallery 51\05 - Kim (2)\,{Shemale Yum Dvd03~G51~05-2~05 - Kim (2)}
kimb037.jpg,108031,428d0ab9,\Gallery 51\05 - Kim (2)\,{Shemale Yum Dvd03~G51~05-2~05 - Kim (2)}
kimb038.jpg,122913,df47a69e,\Gallery 51\05 - Kim (2)\,{Shemale Yum Dvd03~G51~05-2~05 - Kim (2)}
kimb039.jpg,130299,44c18cc1,\Gallery 51\05 - Kim (2)\,{Shemale Yum Dvd03~G51~05-2~05 - Kim (2)}
kimb040.jpg,121323,b644a7fd,\Gallery 51\05 - Kim (2)\,{Shemale Yum Dvd03~G51~05-2~05 - Kim (2)}
kimb041.jpg,114325,d3da2a6a,\Gallery 51\05 - Kim (2)\,{Shemale Yum Dvd03~G51~05-2~05 - Kim (2)}
kimb042.jpg,113141,55a9d794,\Gallery 51\05 - Kim (2)\,{Shemale Yum Dvd03~G51~05-2~05 - Kim (2)}
kimb043.jpg,105601,87a48b71,\Gallery 51\05 - Kim (2)\,{Shemale Yum Dvd03~G51~05-2~05 - Kim (2)}
kimb044.jpg,133455,ee858749,\Gallery 51\05 - Kim (2)\,{Shemale Yum Dvd03~G51~05-2~05 - Kim (2)}
kimb045.jpg,124152,75b33e2e,\Gallery 51\05 - Kim (2)\,{Shemale Yum Dvd03~G51~05-2~05 - Kim (2)}
kimb046.jpg,113662,fd3ff83b,\Gallery 51\05 - Kim (2)\,{Shemale Yum Dvd03~G51~05-2~05 - Kim (2)}
kimb047.jpg,126212,7e3a0dd6,\Gallery 51\05 - Kim (2)\,{Shemale Yum Dvd03~G51~05-2~05 - Kim (2)}
kimb048.jpg,113977,79b9ef35,\Gallery 51\05 - Kim (2)\,{Shemale Yum Dvd03~G51~05-2~05 - Kim (2)}
kimb049.jpg,110540,5087ca35,\Gallery 51\05 - Kim (2)\,{Shemale Yum Dvd03~G51~05-2~05 - Kim (2)}
kimb050.jpg,107866,ed47b7e9,\Gallery 51\05 - Kim (2)\,{Shemale Yum Dvd03~G51~05-2~05 - Kim (2)}
kimb051.jpg,115547,5615cf12,\Gallery 51\05 - Kim (2)\,{Shemale Yum Dvd03~G51~05-2~05 - Kim (2)}
kimb052.jpg,103800,2fe76789,\Gallery 51\05 - Kim (2)\,{Shemale Yum Dvd03~G51~05-2~05 - Kim (2)}
kimb053.jpg,102791,73066dec,\Gallery 51\05 - Kim (2)\,{Shemale Yum Dvd03~G51~05-2~05 - Kim (2)}
kimb054.jpg,95115,d6541f75,\Gallery 51\05 - Kim (2)\,{Shemale Yum Dvd03~G51~05-2~05 - Kim (2)}
kimb055.jpg,85753,77fb647b,\Gallery 51\05 - Kim (2)\,{Shemale Yum Dvd03~G51~05-2~05 - Kim (2)}
kimb056.jpg,127004,7c57ad4d,\Gallery 51\05 - Kim (2)\,{Shemale Yum Dvd03~G51~05-2~05 - Kim (2)}
kimb057.jpg,122530,4a64d6df,\Gallery 51\05 - Kim (2)\,{Shemale Yum Dvd03~G51~05-2~05 - Kim (2)}
kimb058.jpg,113702,306b311a,\Gallery 51\05 - Kim (2)\,{Shemale Yum Dvd03~G51~05-2~05 - Kim (2)}
kimb059.jpg,97714,684424a7,\Gallery 51\05 - Kim (2)\,{Shemale Yum Dvd03~G51~05-2~05 - Kim (2)}
kimb060.jpg,111324,fe922e83,\Gallery 51\05 - Kim (2)\,{Shemale Yum Dvd03~G51~05-2~05 - Kim (2)}
kimb061.jpg,119350,7efc2abb,\Gallery 51\05 - Kim (2)\,{Shemale Yum Dvd03~G51~05-2~05 - Kim (2)}
kimb062.jpg,117612,7d657ee5,\Gallery 51\05 - Kim (2)\,{Shemale Yum Dvd03~G51~05-2~05 - Kim (2)}
kimb063.jpg,118249,09d17203,\Gallery 51\05 - Kim (2)\,{Shemale Yum Dvd03~G51~05-2~05 - Kim (2)}
kimb064.jpg,142151,26debc4f,\Gallery 51\05 - Kim (2)\,{Shemale Yum Dvd03~G51~05-2~05 - Kim (2)}
kimb065.jpg,139479,ab296af7,\Gallery 51\05 - Kim (2)\,{Shemale Yum Dvd03~G51~05-2~05 - Kim (2)}
kimb066.jpg,124478,d50f95a4,\Gallery 51\05 - Kim (2)\,{Shemale Yum Dvd03~G51~05-2~05 - Kim (2)}
kimb067.jpg,130164,1cfa40f1,\Gallery 51\05 - Kim (2)\,{Shemale Yum Dvd03~G51~05-2~05 - Kim (2)}
kimb068.jpg,88015,9c24f42b,\Gallery 51\05 - Kim (2)\,{Shemale Yum Dvd03~G51~05-2~05 - Kim (2)}
kimb069.jpg,153772,3cecdb58,\Gallery 51\05 - Kim (2)\,{Shemale Yum Dvd03~G51~05-2~05 - Kim (2)}
kimb070.jpg,175385,1178068f,\Gallery 51\05 - Kim (2)\,{Shemale Yum Dvd03~G51~05-2~05 - Kim (2)}
kimb071.jpg,145748,87be9763,\Gallery 51\05 - Kim (2)\,{Shemale Yum Dvd03~G51~05-2~05 - Kim (2)}
kimb072.jpg,140058,d1cb183e,\Gallery 51\05 - Kim (2)\,{Shemale Yum Dvd03~G51~05-2~05 - Kim (2)}
kimb073.jpg,146688,b39047a7,\Gallery 51\05 - Kim (2)\,{Shemale Yum Dvd03~G51~05-2~05 - Kim (2)}
kimb074.jpg,122431,b19f679b,\Gallery 51\05 - Kim (2)\,{Shemale Yum Dvd03~G51~05-2~05 - Kim (2)}
kimb075.jpg,169359,5fd10277,\Gallery 51\05 - Kim (2)\,{Shemale Yum Dvd03~G51~05-2~05 - Kim (2)}
kimb076.jpg,117219,0fefd5d7,\Gallery 51\05 - Kim (2)\,{Shemale Yum Dvd03~G51~05-2~05 - Kim (2)}
kimb077.jpg,161587,25d3fbce,\Gallery 51\05 - Kim (2)\,{Shemale Yum Dvd03~G51~05-2~05 - Kim (2)}
kimb078.jpg,155650,63b38ba5,\Gallery 51\05 - Kim (2)\,{Shemale Yum Dvd03~G51~05-2~05 - Kim (2)}
kimb079.jpg,126389,b900bce7,\Gallery 51\05 - Kim (2)\,{Shemale Yum Dvd03~G51~05-2~05 - Kim (2)}
kimb080.jpg,151963,cac395b5,\Gallery 51\05 - Kim (2)\,{Shemale Yum Dvd03~G51~05-2~05 - Kim (2)}
kimb081.jpg,128158,849548ac,\Gallery 51\05 - Kim (2)\,{Shemale Yum Dvd03~G51~05-2~05 - Kim (2)}
kimb082.jpg,106598,72183867,\Gallery 51\05 - Kim (2)\,{Shemale Yum Dvd03~G51~05-2~05 - Kim (2)}
kimb083.jpg,137011,d8b931f2,\Gallery 51\05 - Kim (2)\,{Shemale Yum Dvd03~G51~05-2~05 - Kim (2)}
kimb084.jpg,144307,d639506d,\Gallery 51\05 - Kim (2)\,{Shemale Yum Dvd03~G51~05-2~05 - Kim (2)}
kimb085.jpg,121379,e554de31,\Gallery 51\05 - Kim (2)\,{Shemale Yum Dvd03~G51~05-2~05 - Kim (2)}
luci002.jpg,91987,9bcf713f,\Gallery 51\06 - Luci\,{Shemale Yum Dvd03~G51~06~06 - Luci}
luci003.jpg,120004,883c0f1b,\Gallery 51\06 - Luci\,{Shemale Yum Dvd03~G51~06~06 - Luci}
luci004.jpg,111801,31bb5c67,\Gallery 51\06 - Luci\,{Shemale Yum Dvd03~G51~06~06 - Luci}
luci005.jpg,137035,df4c1648,\Gallery 51\06 - Luci\,{Shemale Yum Dvd03~G51~06~06 - Luci}
luci006.jpg,134991,59a4b6df,\Gallery 51\06 - Luci\,{Shemale Yum Dvd03~G51~06~06 - Luci}
luci007.jpg,142028,30f7b860,\Gallery 51\06 - Luci\,{Shemale Yum Dvd03~G51~06~06 - Luci}
luci008.jpg,123158,ddda97e0,\Gallery 51\06 - Luci\,{Shemale Yum Dvd03~G51~06~06 - Luci}
luci009.jpg,130509,96dbb0c4,\Gallery 51\06 - Luci\,{Shemale Yum Dvd03~G51~06~06 - Luci}
luci011.jpg,116878,5ba40386,\Gallery 51\06 - Luci\,{Shemale Yum Dvd03~G51~06~06 - Luci}
luci012.jpg,132253,798b269d,\Gallery 51\06 - Luci\,{Shemale Yum Dvd03~G51~06~06 - Luci}
luci013.jpg,130564,ee8d5c3a,\Gallery 51\06 - Luci\,{Shemale Yum Dvd03~G51~06~06 - Luci}
luci014.jpg,140500,a4078d3a,\Gallery 51\06 - Luci\,{Shemale Yum Dvd03~G51~06~06 - Luci}
luci015.jpg,136066,1ba5c9e8,\Gallery 51\06 - Luci\,{Shemale Yum Dvd03~G51~06~06 - Luci}
luci016.jpg,122780,3419cde2,\Gallery 51\06 - Luci\,{Shemale Yum Dvd03~G51~06~06 - Luci}
luci017.jpg,140081,5cf9d4fa,\Gallery 51\06 - Luci\,{Shemale Yum Dvd03~G51~06~06 - Luci}
luci018.jpg,130877,ac20fa5b,\Gallery 51\06 - Luci\,{Shemale Yum Dvd03~G51~06~06 - Luci}
luci019.jpg,138666,70ba6f59,\Gallery 51\06 - Luci\,{Shemale Yum Dvd03~G51~06~06 - Luci}
luci020.jpg,138308,20ae7294,\Gallery 51\06 - Luci\,{Shemale Yum Dvd03~G51~06~06 - Luci}
luci021.jpg,142272,04b6362b,\Gallery 51\06 - Luci\,{Shemale Yum Dvd03~G51~06~06 - Luci}
luci022.jpg,136609,18b87a99,\Gallery 51\06 - Luci\,{Shemale Yum Dvd03~G51~06~06 - Luci}
luci023.jpg,136123,f7acc44c,\Gallery 51\06 - Luci\,{Shemale Yum Dvd03~G51~06~06 - Luci}
luci024.jpg,131263,4adb43c1,\Gallery 51\06 - Luci\,{Shemale Yum Dvd03~G51~06~06 - Luci}
luci026.jpg,142915,002fd06a,\Gallery 51\06 - Luci\,{Shemale Yum Dvd03~G51~06~06 - Luci}
luci027.jpg,130220,23bcdbe5,\Gallery 51\06 - Luci\,{Shemale Yum Dvd03~G51~06~06 - Luci}
luci029.jpg,132480,c8593b34,\Gallery 51\06 - Luci\,{Shemale Yum Dvd03~G51~06~06 - Luci}
luci030.jpg,135777,72696e14,\Gallery 51\06 - Luci\,{Shemale Yum Dvd03~G51~06~06 - Luci}
luci031.jpg,128268,c856a8c3,\Gallery 51\06 - Luci\,{Shemale Yum Dvd03~G51~06~06 - Luci}
luci032.jpg,137491,3fab76e9,\Gallery 51\06 - Luci\,{Shemale Yum Dvd03~G51~06~06 - Luci}
luci034.jpg,122871,8b113886,\Gallery 51\06 - Luci\,{Shemale Yum Dvd03~G51~06~06 - Luci}
luci035.jpg,117488,b32bb14c,\Gallery 51\06 - Luci\,{Shemale Yum Dvd03~G51~06~06 - Luci}
luci036.jpg,114977,bfc7dd67,\Gallery 51\06 - Luci\,{Shemale Yum Dvd03~G51~06~06 - Luci}
luci037.jpg,136326,e34e7a1d,\Gallery 51\06 - Luci\,{Shemale Yum Dvd03~G51~06~06 - Luci}
luci038.jpg,130492,300ab74c,\Gallery 51\06 - Luci\,{Shemale Yum Dvd03~G51~06~06 - Luci}
luci039.jpg,136166,e2f42223,\Gallery 51\06 - Luci\,{Shemale Yum Dvd03~G51~06~06 - Luci}
luci040.jpg,111461,ce66889e,\Gallery 51\06 - Luci\,{Shemale Yum Dvd03~G51~06~06 - Luci}
luci041.jpg,103283,ce1e6271,\Gallery 51\06 - Luci\,{Shemale Yum Dvd03~G51~06~06 - Luci}
luci042.jpg,131793,01220200,\Gallery 51\06 - Luci\,{Shemale Yum Dvd03~G51~06~06 - Luci}
luci043.jpg,142157,8cce1d48,\Gallery 51\06 - Luci\,{Shemale Yum Dvd03~G51~06~06 - Luci}
luci044.jpg,132215,267f3bcb,\Gallery 51\06 - Luci\,{Shemale Yum Dvd03~G51~06~06 - Luci}
luci045.jpg,126727,3e39c0ad,\Gallery 51\06 - Luci\,{Shemale Yum Dvd03~G51~06~06 - Luci}
luci046.jpg,133660,a7a06dee,\Gallery 51\06 - Luci\,{Shemale Yum Dvd03~G51~06~06 - Luci}
luci047.jpg,126749,478f260a,\Gallery 51\06 - Luci\,{Shemale Yum Dvd03~G51~06~06 - Luci}
luci048.jpg,140419,f977ec8e,\Gallery 51\06 - Luci\,{Shemale Yum Dvd03~G51~06~06 - Luci}
luci049.jpg,143290,deca8850,\Gallery 51\06 - Luci\,{Shemale Yum Dvd03~G51~06~06 - Luci}
luci050.jpg,140836,6e39d153,\Gallery 51\06 - Luci\,{Shemale Yum Dvd03~G51~06~06 - Luci}
luci051.jpg,129862,8d60da44,\Gallery 51\06 - Luci\,{Shemale Yum Dvd03~G51~06~06 - Luci}
luci052.jpg,140230,07dfd2b2,\Gallery 51\06 - Luci\,{Shemale Yum Dvd03~G51~06~06 - Luci}
luci053.jpg,133717,5ce5c0c2,\Gallery 51\06 - Luci\,{Shemale Yum Dvd03~G51~06~06 - Luci}
luci054.jpg,129468,3ebf19eb,\Gallery 51\06 - Luci\,{Shemale Yum Dvd03~G51~06~06 - Luci}
luci055.jpg,138303,05e445f3,\Gallery 51\06 - Luci\,{Shemale Yum Dvd03~G51~06~06 - Luci}
luci056.jpg,136452,df6e1946,\Gallery 51\06 - Luci\,{Shemale Yum Dvd03~G51~06~06 - Luci}
luci057.jpg,137431,51c19a15,\Gallery 51\06 - Luci\,{Shemale Yum Dvd03~G51~06~06 - Luci}
luci058.jpg,121884,baf624da,\Gallery 51\06 - Luci\,{Shemale Yum Dvd03~G51~06~06 - Luci}
luci059.jpg,112980,cfe48e42,\Gallery 51\06 - Luci\,{Shemale Yum Dvd03~G51~06~06 - Luci}
luci060.jpg,140622,429f862a,\Gallery 51\06 - Luci\,{Shemale Yum Dvd03~G51~06~06 - Luci}
luci061.jpg,132071,1b6f9da7,\Gallery 51\06 - Luci\,{Shemale Yum Dvd03~G51~06~06 - Luci}
luci062.jpg,141870,5b6f041f,\Gallery 51\06 - Luci\,{Shemale Yum Dvd03~G51~06~06 - Luci}
luci063.jpg,126259,32da316f,\Gallery 51\06 - Luci\,{Shemale Yum Dvd03~G51~06~06 - Luci}
luci064.jpg,131501,6f147d92,\Gallery 51\06 - Luci\,{Shemale Yum Dvd03~G51~06~06 - Luci}
luci065.jpg,136213,9f3e6a33,\Gallery 51\06 - Luci\,{Shemale Yum Dvd03~G51~06~06 - Luci}
luci066.jpg,138886,760405d6,\Gallery 51\06 - Luci\,{Shemale Yum Dvd03~G51~06~06 - Luci}
luci067.jpg,130854,1ab93e96,\Gallery 51\06 - Luci\,{Shemale Yum Dvd03~G51~06~06 - Luci}
luci068.jpg,137498,c49499c5,\Gallery 51\06 - Luci\,{Shemale Yum Dvd03~G51~06~06 - Luci}
luci069.jpg,132162,478a98f4,\Gallery 51\06 - Luci\,{Shemale Yum Dvd03~G51~06~06 - Luci}
luci070.jpg,122160,46312ea7,\Gallery 51\06 - Luci\,{Shemale Yum Dvd03~G51~06~06 - Luci}
luci071.jpg,138892,fdd953e5,\Gallery 51\06 - Luci\,{Shemale Yum Dvd03~G51~06~06 - Luci}
luci072.jpg,130657,5e83e9cc,\Gallery 51\06 - Luci\,{Shemale Yum Dvd03~G51~06~06 - Luci}
luci073.jpg,131357,51009c81,\Gallery 51\06 - Luci\,{Shemale Yum Dvd03~G51~06~06 - Luci}
luci074.jpg,138340,0f25095d,\Gallery 51\06 - Luci\,{Shemale Yum Dvd03~G51~06~06 - Luci}
luci075.jpg,134306,7d1881ca,\Gallery 51\06 - Luci\,{Shemale Yum Dvd03~G51~06~06 - Luci}
luci076.jpg,136511,2518576f,\Gallery 51\06 - Luci\,{Shemale Yum Dvd03~G51~06~06 - Luci}
luci077.jpg,134404,42875aff,\Gallery 51\06 - Luci\,{Shemale Yum Dvd03~G51~06~06 - Luci}
luci078.jpg,137648,dc14e2ee,\Gallery 51\06 - Luci\,{Shemale Yum Dvd03~G51~06~06 - Luci}
luci079.jpg,138487,ae717f1a,\Gallery 51\06 - Luci\,{Shemale Yum Dvd03~G51~06~06 - Luci}
luci080.jpg,136809,9142f73f,\Gallery 51\06 - Luci\,{Shemale Yum Dvd03~G51~06~06 - Luci}
luci081.jpg,136183,a5758605,\Gallery 51\06 - Luci\,{Shemale Yum Dvd03~G51~06~06 - Luci}
luci082.jpg,141038,3fbd77cf,\Gallery 51\06 - Luci\,{Shemale Yum Dvd03~G51~06~06 - Luci}
luci083.jpg,138438,2107f09e,\Gallery 51\06 - Luci\,{Shemale Yum Dvd03~G51~06~06 - Luci}
luci084.jpg,135823,7d0fd095,\Gallery 51\06 - Luci\,{Shemale Yum Dvd03~G51~06~06 - Luci}
luci085.jpg,139114,6c1dbe39,\Gallery 51\06 - Luci\,{Shemale Yum Dvd03~G51~06~06 - Luci}
luci086.jpg,134783,2fa3825a,\Gallery 51\06 - Luci\,{Shemale Yum Dvd03~G51~06~06 - Luci}
luci087.jpg,142920,95d79d27,\Gallery 51\06 - Luci\,{Shemale Yum Dvd03~G51~06~06 - Luci}
luci088.jpg,139386,81149024,\Gallery 51\06 - Luci\,{Shemale Yum Dvd03~G51~06~06 - Luci}
luci089.jpg,128623,54c066c3,\Gallery 51\06 - Luci\,{Shemale Yum Dvd03~G51~06~06 - Luci}
luci090.jpg,135894,7315abc6,\Gallery 51\06 - Luci\,{Shemale Yum Dvd03~G51~06~06 - Luci}
luci091.jpg,139649,4ae0b4bd,\Gallery 51\06 - Luci\,{Shemale Yum Dvd03~G51~06~06 - Luci}
luci095.jpg,110684,fe8f5a37,\Gallery 51\06 - Luci\,{Shemale Yum Dvd03~G51~06~06 - Luci}
luci096.jpg,130190,26d10331,\Gallery 51\06 - Luci\,{Shemale Yum Dvd03~G51~06~06 - Luci}
luci097.jpg,133698,c6ee66f6,\Gallery 51\06 - Luci\,{Shemale Yum Dvd03~G51~06~06 - Luci}
luci098.jpg,123866,7a71b3d0,\Gallery 51\06 - Luci\,{Shemale Yum Dvd03~G51~06~06 - Luci}
luci100.jpg,139172,8c9aa91c,\Gallery 51\06 - Luci\,{Shemale Yum Dvd03~G51~06~06 - Luci}
luci101.jpg,132550,b2d4ccb0,\Gallery 51\06 - Luci\,{Shemale Yum Dvd03~G51~06~06 - Luci}
luci102.jpg,129385,735c5efd,\Gallery 51\06 - Luci\,{Shemale Yum Dvd03~G51~06~06 - Luci}
luci103.jpg,131906,df32c71e,\Gallery 51\06 - Luci\,{Shemale Yum Dvd03~G51~06~06 - Luci}
luci104.jpg,132429,df70829d,\Gallery 51\06 - Luci\,{Shemale Yum Dvd03~G51~06~06 - Luci}
luci105.jpg,139889,4f581cff,\Gallery 51\06 - Luci\,{Shemale Yum Dvd03~G51~06~06 - Luci}
maricella001.jpg,135332,f51a8644,\Gallery 51\07 - Maricella\,{Shemale Yum Dvd03~G51~07~07 - Maricella}
maricella002.jpg,127507,865cb587,\Gallery 51\07 - Maricella\,{Shemale Yum Dvd03~G51~07~07 - Maricella}
maricella003.jpg,126919,4dd2f8ad,\Gallery 51\07 - Maricella\,{Shemale Yum Dvd03~G51~07~07 - Maricella}
maricella004.jpg,128010,d76318e7,\Gallery 51\07 - Maricella\,{Shemale Yum Dvd03~G51~07~07 - Maricella}
maricella005.jpg,142943,644d187c,\Gallery 51\07 - Maricella\,{Shemale Yum Dvd03~G51~07~07 - Maricella}
maricella006.jpg,135694,78f611d0,\Gallery 51\07 - Maricella\,{Shemale Yum Dvd03~G51~07~07 - Maricella}
maricella007.jpg,132248,7643edf3,\Gallery 51\07 - Maricella\,{Shemale Yum Dvd03~G51~07~07 - Maricella}
maricella009.jpg,124317,e23d5233,\Gallery 51\07 - Maricella\,{Shemale Yum Dvd03~G51~07~07 - Maricella}
maricella010.jpg,148618,94e04680,\Gallery 51\07 - Maricella\,{Shemale Yum Dvd03~G51~07~07 - Maricella}
maricella011.jpg,131664,66608df2,\Gallery 51\07 - Maricella\,{Shemale Yum Dvd03~G51~07~07 - Maricella}
maricella012.jpg,131883,941ea17e,\Gallery 51\07 - Maricella\,{Shemale Yum Dvd03~G51~07~07 - Maricella}
maricella013.jpg,121373,75803d2f,\Gallery 51\07 - Maricella\,{Shemale Yum Dvd03~G51~07~07 - Maricella}
maricella014.jpg,123875,785d16fb,\Gallery 51\07 - Maricella\,{Shemale Yum Dvd03~G51~07~07 - Maricella}
maricella015.jpg,116335,92388108,\Gallery 51\07 - Maricella\,{Shemale Yum Dvd03~G51~07~07 - Maricella}
maricella016.jpg,131755,04d9eaed,\Gallery 51\07 - Maricella\,{Shemale Yum Dvd03~G51~07~07 - Maricella}
maricella017.jpg,111765,8f2ac182,\Gallery 51\07 - Maricella\,{Shemale Yum Dvd03~G51~07~07 - Maricella}
maricella018.jpg,108323,ddd71818,\Gallery 51\07 - Maricella\,{Shemale Yum Dvd03~G51~07~07 - Maricella}
maricella019.jpg,140469,5ef58bcd,\Gallery 51\07 - Maricella\,{Shemale Yum Dvd03~G51~07~07 - Maricella}
maricella020.jpg,138823,29f3a61a,\Gallery 51\07 - Maricella\,{Shemale Yum Dvd03~G51~07~07 - Maricella}
maricella021.jpg,138017,76fe9e1b,\Gallery 51\07 - Maricella\,{Shemale Yum Dvd03~G51~07~07 - Maricella}
maricella022.jpg,124465,3668da47,\Gallery 51\07 - Maricella\,{Shemale Yum Dvd03~G51~07~07 - Maricella}
maricella023.jpg,136064,a3460915,\Gallery 51\07 - Maricella\,{Shemale Yum Dvd03~G51~07~07 - Maricella}
maricella024.jpg,121673,9e3a49ef,\Gallery 51\07 - Maricella\,{Shemale Yum Dvd03~G51~07~07 - Maricella}
maricella025.jpg,123681,40dc30b6,\Gallery 51\07 - Maricella\,{Shemale Yum Dvd03~G51~07~07 - Maricella}
maricella026.jpg,140605,995c60db,\Gallery 51\07 - Maricella\,{Shemale Yum Dvd03~G51~07~07 - Maricella}
maricella027.jpg,135021,3b976118,\Gallery 51\07 - Maricella\,{Shemale Yum Dvd03~G51~07~07 - Maricella}
maricella028.jpg,104923,3bef3c98,\Gallery 51\07 - Maricella\,{Shemale Yum Dvd03~G51~07~07 - Maricella}
maricella029.jpg,102986,26ecad9a,\Gallery 51\07 - Maricella\,{Shemale Yum Dvd03~G51~07~07 - Maricella}
maricella030.jpg,134184,46acbcfd,\Gallery 51\07 - Maricella\,{Shemale Yum Dvd03~G51~07~07 - Maricella}
maricella031.jpg,116979,17d06501,\Gallery 51\07 - Maricella\,{Shemale Yum Dvd03~G51~07~07 - Maricella}
maricella032.jpg,119316,9acfc700,\Gallery 51\07 - Maricella\,{Shemale Yum Dvd03~G51~07~07 - Maricella}
maricella033.jpg,120343,d3a0aed1,\Gallery 51\07 - Maricella\,{Shemale Yum Dvd03~G51~07~07 - Maricella}
maricella034.jpg,122955,f5d77e09,\Gallery 51\07 - Maricella\,{Shemale Yum Dvd03~G51~07~07 - Maricella}
maricella035.jpg,125654,8e48ec52,\Gallery 51\07 - Maricella\,{Shemale Yum Dvd03~G51~07~07 - Maricella}
maricella036.jpg,129937,dd2d678f,\Gallery 51\07 - Maricella\,{Shemale Yum Dvd03~G51~07~07 - Maricella}
maricella037.jpg,115112,1cabcd4c,\Gallery 51\07 - Maricella\,{Shemale Yum Dvd03~G51~07~07 - Maricella}
maricella038.jpg,123133,7149f7c1,\Gallery 51\07 - Maricella\,{Shemale Yum Dvd03~G51~07~07 - Maricella}
maricella039.jpg,129674,90408224,\Gallery 51\07 - Maricella\,{Shemale Yum Dvd03~G51~07~07 - Maricella}
maricella040.jpg,131640,332cf295,\Gallery 51\07 - Maricella\,{Shemale Yum Dvd03~G51~07~07 - Maricella}
maricella041.jpg,127330,54a2c7e4,\Gallery 51\07 - Maricella\,{Shemale Yum Dvd03~G51~07~07 - Maricella}
maricella042.jpg,123201,2cadde18,\Gallery 51\07 - Maricella\,{Shemale Yum Dvd03~G51~07~07 - Maricella}
maricella043.jpg,63961,d2ebc60c,\Gallery 51\07 - Maricella\,{Shemale Yum Dvd03~G51~07~07 - Maricella}
maricella044.jpg,63471,72b2ae46,\Gallery 51\07 - Maricella\,{Shemale Yum Dvd03~G51~07~07 - Maricella}
maricella045.jpg,115462,5258daf2,\Gallery 51\07 - Maricella\,{Shemale Yum Dvd03~G51~07~07 - Maricella}
maricella046.jpg,106145,a671281c,\Gallery 51\07 - Maricella\,{Shemale Yum Dvd03~G51~07~07 - Maricella}
maricella047.jpg,128843,a356d48b,\Gallery 51\07 - Maricella\,{Shemale Yum Dvd03~G51~07~07 - Maricella}
maricella048.jpg,120743,a2f3ba03,\Gallery 51\07 - Maricella\,{Shemale Yum Dvd03~G51~07~07 - Maricella}
maricella049.jpg,111058,0f9e82f8,\Gallery 51\07 - Maricella\,{Shemale Yum Dvd03~G51~07~07 - Maricella}
maricella050.jpg,121332,77305212,\Gallery 51\07 - Maricella\,{Shemale Yum Dvd03~G51~07~07 - Maricella}
maricella051.jpg,121131,1130f64a,\Gallery 51\07 - Maricella\,{Shemale Yum Dvd03~G51~07~07 - Maricella}
maricella052.jpg,111460,6eeab337,\Gallery 51\07 - Maricella\,{Shemale Yum Dvd03~G51~07~07 - Maricella}
maricella053.jpg,85285,5916a234,\Gallery 51\07 - Maricella\,{Shemale Yum Dvd03~G51~07~07 - Maricella}
maricella054.jpg,89028,a2796bab,\Gallery 51\07 - Maricella\,{Shemale Yum Dvd03~G51~07~07 - Maricella}
maricella055.jpg,112586,ba02de23,\Gallery 51\07 - Maricella\,{Shemale Yum Dvd03~G51~07~07 - Maricella}
maricella056.jpg,113527,43d8e30f,\Gallery 51\07 - Maricella\,{Shemale Yum Dvd03~G51~07~07 - Maricella}
maricella057.jpg,101384,8f6db238,\Gallery 51\07 - Maricella\,{Shemale Yum Dvd03~G51~07~07 - Maricella}
maricella058.jpg,122714,cf697941,\Gallery 51\07 - Maricella\,{Shemale Yum Dvd03~G51~07~07 - Maricella}
maricella059.jpg,134833,ba74671e,\Gallery 51\07 - Maricella\,{Shemale Yum Dvd03~G51~07~07 - Maricella}
maricella060.jpg,125189,d1a05400,\Gallery 51\07 - Maricella\,{Shemale Yum Dvd03~G51~07~07 - Maricella}
maricella061.jpg,137647,d6e9bf10,\Gallery 51\07 - Maricella\,{Shemale Yum Dvd03~G51~07~07 - Maricella}
maricella062.jpg,130742,8ea63c29,\Gallery 51\07 - Maricella\,{Shemale Yum Dvd03~G51~07~07 - Maricella}
maricella063.jpg,138052,cd524d57,\Gallery 51\07 - Maricella\,{Shemale Yum Dvd03~G51~07~07 - Maricella}
maricella064.jpg,117023,97356078,\Gallery 51\07 - Maricella\,{Shemale Yum Dvd03~G51~07~07 - Maricella}
maricella065.jpg,114495,4d74adaa,\Gallery 51\07 - Maricella\,{Shemale Yum Dvd03~G51~07~07 - Maricella}
maricella066.jpg,108715,743ca093,\Gallery 51\07 - Maricella\,{Shemale Yum Dvd03~G51~07~07 - Maricella}
maricella067.jpg,130059,23636976,\Gallery 51\07 - Maricella\,{Shemale Yum Dvd03~G51~07~07 - Maricella}
maricella069.jpg,138251,325fc1db,\Gallery 51\07 - Maricella\,{Shemale Yum Dvd03~G51~07~07 - Maricella}
maricella070.jpg,125244,ab4f3deb,\Gallery 51\07 - Maricella\,{Shemale Yum Dvd03~G51~07~07 - Maricella}
maricella071.jpg,106993,c7de0262,\Gallery 51\07 - Maricella\,{Shemale Yum Dvd03~G51~07~07 - Maricella}
maricella072.jpg,127393,93a8a904,\Gallery 51\07 - Maricella\,{Shemale Yum Dvd03~G51~07~07 - Maricella}
maricella073.jpg,116521,5e013e14,\Gallery 51\07 - Maricella\,{Shemale Yum Dvd03~G51~07~07 - Maricella}
maricella074.jpg,128615,cf11ee15,\Gallery 51\07 - Maricella\,{Shemale Yum Dvd03~G51~07~07 - Maricella}
maricella075.jpg,127316,e4cc420d,\Gallery 51\07 - Maricella\,{Shemale Yum Dvd03~G51~07~07 - Maricella}
maricella076.jpg,132539,7ffac8cb,\Gallery 51\07 - Maricella\,{Shemale Yum Dvd03~G51~07~07 - Maricella}
maricella077.jpg,100053,1d982cc7,\Gallery 51\07 - Maricella\,{Shemale Yum Dvd03~G51~07~07 - Maricella}
maricella079.jpg,93890,c0d8834b,\Gallery 51\07 - Maricella\,{Shemale Yum Dvd03~G51~07~07 - Maricella}
maricella080.jpg,114431,8d0a47fb,\Gallery 51\07 - Maricella\,{Shemale Yum Dvd03~G51~07~07 - Maricella}
maricella081.jpg,127232,542de810,\Gallery 51\07 - Maricella\,{Shemale Yum Dvd03~G51~07~07 - Maricella}
maricella082.jpg,122899,18180640,\Gallery 51\07 - Maricella\,{Shemale Yum Dvd03~G51~07~07 - Maricella}
maricella083.jpg,128189,edebd645,\Gallery 51\07 - Maricella\,{Shemale Yum Dvd03~G51~07~07 - Maricella}
maricella084.jpg,130368,dd7c7b52,\Gallery 51\07 - Maricella\,{Shemale Yum Dvd03~G51~07~07 - Maricella}
maricella085.jpg,137841,ae8bb78c,\Gallery 51\07 - Maricella\,{Shemale Yum Dvd03~G51~07~07 - Maricella}
maricella086.jpg,130572,98e73d56,\Gallery 51\07 - Maricella\,{Shemale Yum Dvd03~G51~07~07 - Maricella}
maricella087.jpg,124729,439d9154,\Gallery 51\07 - Maricella\,{Shemale Yum Dvd03~G51~07~07 - Maricella}
maricella088.jpg,128787,7d58f381,\Gallery 51\07 - Maricella\,{Shemale Yum Dvd03~G51~07~07 - Maricella}
maricella089.jpg,137286,f290e2a5,\Gallery 51\07 - Maricella\,{Shemale Yum Dvd03~G51~07~07 - Maricella}
maricella090.jpg,120367,490bde47,\Gallery 51\07 - Maricella\,{Shemale Yum Dvd03~G51~07~07 - Maricella}
maricella091.jpg,138934,1dee12bf,\Gallery 51\07 - Maricella\,{Shemale Yum Dvd03~G51~07~07 - Maricella}
maricella092.jpg,108195,43f65395,\Gallery 51\07 - Maricella\,{Shemale Yum Dvd03~G51~07~07 - Maricella}
maricella093.jpg,128668,5f2abe39,\Gallery 51\07 - Maricella\,{Shemale Yum Dvd03~G51~07~07 - Maricella}
maricellablack008.jpg,86110,2c5c2d5e,\Gallery 51\07 - Maricella\,{Shemale Yum Dvd03~G51~07~07 - Maricella}
maricellablack068.jpg,95973,a9398f7c,\Gallery 51\07 - Maricella\,{Shemale Yum Dvd03~G51~07~07 - Maricella}
maricellab001.jpg,112193,f0149296,\Gallery 51\07 - Maricella (2)\,{Shemale Yum Dvd03~G51~07-2~07 - Maricella (2)}
maricellab002.jpg,125484,5e09550d,\Gallery 51\07 - Maricella (2)\,{Shemale Yum Dvd03~G51~07-2~07 - Maricella (2)}
maricellab003.jpg,113349,05f98b82,\Gallery 51\07 - Maricella (2)\,{Shemale Yum Dvd03~G51~07-2~07 - Maricella (2)}
maricellab004.jpg,123913,6f150e93,\Gallery 51\07 - Maricella (2)\,{Shemale Yum Dvd03~G51~07-2~07 - Maricella (2)}
maricellab005.jpg,140130,2f48cc38,\Gallery 51\07 - Maricella (2)\,{Shemale Yum Dvd03~G51~07-2~07 - Maricella (2)}
maricellab006.jpg,134852,2d88d2f4,\Gallery 51\07 - Maricella (2)\,{Shemale Yum Dvd03~G51~07-2~07 - Maricella (2)}
maricellab007.jpg,91670,fbb2ad04,\Gallery 51\07 - Maricella (2)\,{Shemale Yum Dvd03~G51~07-2~07 - Maricella (2)}
maricellab008.jpg,135476,9a556f52,\Gallery 51\07 - Maricella (2)\,{Shemale Yum Dvd03~G51~07-2~07 - Maricella (2)}
maricellab009.jpg,138581,00daedc5,\Gallery 51\07 - Maricella (2)\,{Shemale Yum Dvd03~G51~07-2~07 - Maricella (2)}
maricellab010.jpg,129669,7489f231,\Gallery 51\07 - Maricella (2)\,{Shemale Yum Dvd03~G51~07-2~07 - Maricella (2)}
maricellab011.jpg,145720,13676830,\Gallery 51\07 - Maricella (2)\,{Shemale Yum Dvd03~G51~07-2~07 - Maricella (2)}
maricellab012.jpg,137459,763a7746,\Gallery 51\07 - Maricella (2)\,{Shemale Yum Dvd03~G51~07-2~07 - Maricella (2)}
maricellab013.jpg,131054,dec7783b,\Gallery 51\07 - Maricella (2)\,{Shemale Yum Dvd03~G51~07-2~07 - Maricella (2)}
maricellab014.jpg,125763,73fdc846,\Gallery 51\07 - Maricella (2)\,{Shemale Yum Dvd03~G51~07-2~07 - Maricella (2)}
maricellab015.jpg,129307,5a219ea7,\Gallery 51\07 - Maricella (2)\,{Shemale Yum Dvd03~G51~07-2~07 - Maricella (2)}
maricellab016.jpg,135193,fb18a61e,\Gallery 51\07 - Maricella (2)\,{Shemale Yum Dvd03~G51~07-2~07 - Maricella (2)}
maricellab017.jpg,124647,b2f0793d,\Gallery 51\07 - Maricella (2)\,{Shemale Yum Dvd03~G51~07-2~07 - Maricella (2)}
maricellab018.jpg,138558,6e137b7c,\Gallery 51\07 - Maricella (2)\,{Shemale Yum Dvd03~G51~07-2~07 - Maricella (2)}
maricellab019.jpg,133525,7ea6ab64,\Gallery 51\07 - Maricella (2)\,{Shemale Yum Dvd03~G51~07-2~07 - Maricella (2)}
maricellab020.jpg,133253,d6042bc0,\Gallery 51\07 - Maricella (2)\,{Shemale Yum Dvd03~G51~07-2~07 - Maricella (2)}
maricellab021.jpg,138555,2ff13cc3,\Gallery 51\07 - Maricella (2)\,{Shemale Yum Dvd03~G51~07-2~07 - Maricella (2)}
maricellab022.jpg,128158,345466ec,\Gallery 51\07 - Maricella (2)\,{Shemale Yum Dvd03~G51~07-2~07 - Maricella (2)}
maricellab023.jpg,143245,6ede05ff,\Gallery 51\07 - Maricella (2)\,{Shemale Yum Dvd03~G51~07-2~07 - Maricella (2)}
maricellab024.jpg,136200,704d6fb5,\Gallery 51\07 - Maricella (2)\,{Shemale Yum Dvd03~G51~07-2~07 - Maricella (2)}
maricellab025.jpg,131474,065ec7e9,\Gallery 51\07 - Maricella (2)\,{Shemale Yum Dvd03~G51~07-2~07 - Maricella (2)}
maricellab026.jpg,141502,7ea153bb,\Gallery 51\07 - Maricella (2)\,{Shemale Yum Dvd03~G51~07-2~07 - Maricella (2)}
maricellab027.jpg,135681,0e6e5689,\Gallery 51\07 - Maricella (2)\,{Shemale Yum Dvd03~G51~07-2~07 - Maricella (2)}
maricellab028.jpg,131516,4beaa87a,\Gallery 51\07 - Maricella (2)\,{Shemale Yum Dvd03~G51~07-2~07 - Maricella (2)}
maricellab029.jpg,133595,243d90bd,\Gallery 51\07 - Maricella (2)\,{Shemale Yum Dvd03~G51~07-2~07 - Maricella (2)}
maricellab030.jpg,132058,f236fa9a,\Gallery 51\07 - Maricella (2)\,{Shemale Yum Dvd03~G51~07-2~07 - Maricella (2)}
maricellab031.jpg,130531,d2a22a57,\Gallery 51\07 - Maricella (2)\,{Shemale Yum Dvd03~G51~07-2~07 - Maricella (2)}
maricellab032.jpg,142652,10e726ca,\Gallery 51\07 - Maricella (2)\,{Shemale Yum Dvd03~G51~07-2~07 - Maricella (2)}
maricellab033.jpg,132100,30f60e19,\Gallery 51\07 - Maricella (2)\,{Shemale Yum Dvd03~G51~07-2~07 - Maricella (2)}
maricellab034.jpg,127361,235fed76,\Gallery 51\07 - Maricella (2)\,{Shemale Yum Dvd03~G51~07-2~07 - Maricella (2)}
maricellab035.jpg,136586,be1fbbfd,\Gallery 51\07 - Maricella (2)\,{Shemale Yum Dvd03~G51~07-2~07 - Maricella (2)}
maricellab036.jpg,137807,5625fe41,\Gallery 51\07 - Maricella (2)\,{Shemale Yum Dvd03~G51~07-2~07 - Maricella (2)}
maricellab037.jpg,133665,bc1fe7de,\Gallery 51\07 - Maricella (2)\,{Shemale Yum Dvd03~G51~07-2~07 - Maricella (2)}
maricellab038.jpg,135521,6c889606,\Gallery 51\07 - Maricella (2)\,{Shemale Yum Dvd03~G51~07-2~07 - Maricella (2)}
maricellab039.jpg,125568,b50e7a97,\Gallery 51\07 - Maricella (2)\,{Shemale Yum Dvd03~G51~07-2~07 - Maricella (2)}
maricellab040.jpg,129949,7a94fd0f,\Gallery 51\07 - Maricella (2)\,{Shemale Yum Dvd03~G51~07-2~07 - Maricella (2)}
maricellab041.jpg,132769,f66fe813,\Gallery 51\07 - Maricella (2)\,{Shemale Yum Dvd03~G51~07-2~07 - Maricella (2)}
maricellab042.jpg,132100,65a558af,\Gallery 51\07 - Maricella (2)\,{Shemale Yum Dvd03~G51~07-2~07 - Maricella (2)}
maricellab043.jpg,121921,849d2dab,\Gallery 51\07 - Maricella (2)\,{Shemale Yum Dvd03~G51~07-2~07 - Maricella (2)}
maricellab044.jpg,132913,f90188f9,\Gallery 51\07 - Maricella (2)\,{Shemale Yum Dvd03~G51~07-2~07 - Maricella (2)}
maricellab045.jpg,139464,8473c7be,\Gallery 51\07 - Maricella (2)\,{Shemale Yum Dvd03~G51~07-2~07 - Maricella (2)}
maricellab046.jpg,129436,730fa767,\Gallery 51\07 - Maricella (2)\,{Shemale Yum Dvd03~G51~07-2~07 - Maricella (2)}
maricellab047.jpg,134735,70b01ca9,\Gallery 51\07 - Maricella (2)\,{Shemale Yum Dvd03~G51~07-2~07 - Maricella (2)}
maricellab048.jpg,116213,63e6b8b5,\Gallery 51\07 - Maricella (2)\,{Shemale Yum Dvd03~G51~07-2~07 - Maricella (2)}
maricellab049.jpg,117284,b478722a,\Gallery 51\07 - Maricella (2)\,{Shemale Yum Dvd03~G51~07-2~07 - Maricella (2)}
maricellab050.jpg,134605,e7b71f25,\Gallery 51\07 - Maricella (2)\,{Shemale Yum Dvd03~G51~07-2~07 - Maricella (2)}
maricellab051.jpg,131527,270997c6,\Gallery 51\07 - Maricella (2)\,{Shemale Yum Dvd03~G51~07-2~07 - Maricella (2)}
maricellab052.jpg,130044,8e08a0a6,\Gallery 51\07 - Maricella (2)\,{Shemale Yum Dvd03~G51~07-2~07 - Maricella (2)}
maricellab053.jpg,136359,175e54e5,\Gallery 51\07 - Maricella (2)\,{Shemale Yum Dvd03~G51~07-2~07 - Maricella (2)}
maricellab054.jpg,136344,ba50a8ce,\Gallery 51\07 - Maricella (2)\,{Shemale Yum Dvd03~G51~07-2~07 - Maricella (2)}
maricellab055.jpg,112383,9825de30,\Gallery 51\07 - Maricella (2)\,{Shemale Yum Dvd03~G51~07-2~07 - Maricella (2)}
maricellab056.jpg,129676,a0e442d6,\Gallery 51\07 - Maricella (2)\,{Shemale Yum Dvd03~G51~07-2~07 - Maricella (2)}
maricellab057.jpg,137632,0e0a815f,\Gallery 51\07 - Maricella (2)\,{Shemale Yum Dvd03~G51~07-2~07 - Maricella (2)}
maricellab058.jpg,102716,b92ca3c3,\Gallery 51\07 - Maricella (2)\,{Shemale Yum Dvd03~G51~07-2~07 - Maricella (2)}
maricellab059.jpg,110082,9f6fdc2e,\Gallery 51\07 - Maricella (2)\,{Shemale Yum Dvd03~G51~07-2~07 - Maricella (2)}
maricellab060.jpg,113978,fb77b66f,\Gallery 51\07 - Maricella (2)\,{Shemale Yum Dvd03~G51~07-2~07 - Maricella (2)}
maricellab061.jpg,110875,e9608485,\Gallery 51\07 - Maricella (2)\,{Shemale Yum Dvd03~G51~07-2~07 - Maricella (2)}
maricellab062.jpg,122774,9bc4ceed,\Gallery 51\07 - Maricella (2)\,{Shemale Yum Dvd03~G51~07-2~07 - Maricella (2)}
maricellab063.jpg,103144,2908da9f,\Gallery 51\07 - Maricella (2)\,{Shemale Yum Dvd03~G51~07-2~07 - Maricella (2)}
maricellab064.jpg,97750,c7d3c764,\Gallery 51\07 - Maricella (2)\,{Shemale Yum Dvd03~G51~07-2~07 - Maricella (2)}
maricellab065.jpg,119584,a8e5cf0b,\Gallery 51\07 - Maricella (2)\,{Shemale Yum Dvd03~G51~07-2~07 - Maricella (2)}
maricellab066.jpg,108953,febbe3ab,\Gallery 51\07 - Maricella (2)\,{Shemale Yum Dvd03~G51~07-2~07 - Maricella (2)}
maricellab067.jpg,105287,3aeb2fff,\Gallery 51\07 - Maricella (2)\,{Shemale Yum Dvd03~G51~07-2~07 - Maricella (2)}
maricellab068.jpg,109767,cd861156,\Gallery 51\07 - Maricella (2)\,{Shemale Yum Dvd03~G51~07-2~07 - Maricella (2)}
maricellab069.jpg,99397,dc8ef4aa,\Gallery 51\07 - Maricella (2)\,{Shemale Yum Dvd03~G51~07-2~07 - Maricella (2)}
maricellab070.jpg,99191,448c6614,\Gallery 51\07 - Maricella (2)\,{Shemale Yum Dvd03~G51~07-2~07 - Maricella (2)}
maricellab071.jpg,95886,787d4267,\Gallery 51\07 - Maricella (2)\,{Shemale Yum Dvd03~G51~07-2~07 - Maricella (2)}
maricellab072.jpg,100050,af65a360,\Gallery 51\07 - Maricella (2)\,{Shemale Yum Dvd03~G51~07-2~07 - Maricella (2)}
maricellab073.jpg,99181,99f59010,\Gallery 51\07 - Maricella (2)\,{Shemale Yum Dvd03~G51~07-2~07 - Maricella (2)}
maricellab074.jpg,96173,1a83b6f9,\Gallery 51\07 - Maricella (2)\,{Shemale Yum Dvd03~G51~07-2~07 - Maricella (2)}
maricellab075.jpg,103644,63fc7d4c,\Gallery 51\07 - Maricella (2)\,{Shemale Yum Dvd03~G51~07-2~07 - Maricella (2)}
maricellab076.jpg,100681,0c9124b7,\Gallery 51\07 - Maricella (2)\,{Shemale Yum Dvd03~G51~07-2~07 - Maricella (2)}
maricellab077.jpg,108910,35e19220,\Gallery 51\07 - Maricella (2)\,{Shemale Yum Dvd03~G51~07-2~07 - Maricella (2)}
maricellab078.jpg,119801,9a1cab53,\Gallery 51\07 - Maricella (2)\,{Shemale Yum Dvd03~G51~07-2~07 - Maricella (2)}
maricellab079.jpg,105771,78013d41,\Gallery 51\07 - Maricella (2)\,{Shemale Yum Dvd03~G51~07-2~07 - Maricella (2)}
maricellab080.jpg,111521,c70806dc,\Gallery 51\07 - Maricella (2)\,{Shemale Yum Dvd03~G51~07-2~07 - Maricella (2)}
maricellab081.jpg,107639,0d8955a8,\Gallery 51\07 - Maricella (2)\,{Shemale Yum Dvd03~G51~07-2~07 - Maricella (2)}
maricellab082.jpg,108908,cfe5f5f3,\Gallery 51\07 - Maricella (2)\,{Shemale Yum Dvd03~G51~07-2~07 - Maricella (2)}
maricellab083.jpg,90280,ae27c619,\Gallery 51\07 - Maricella (2)\,{Shemale Yum Dvd03~G51~07-2~07 - Maricella (2)}
maricellab084.jpg,104424,8480f4a8,\Gallery 51\07 - Maricella (2)\,{Shemale Yum Dvd03~G51~07-2~07 - Maricella (2)}
maricellab085.jpg,106261,22f50778,\Gallery 51\07 - Maricella (2)\,{Shemale Yum Dvd03~G51~07-2~07 - Maricella (2)}
maricellab086.jpg,114182,c30555f7,\Gallery 51\07 - Maricella (2)\,{Shemale Yum Dvd03~G51~07-2~07 - Maricella (2)}
maricellab087.jpg,129404,3e3060ab,\Gallery 51\07 - Maricella (2)\,{Shemale Yum Dvd03~G51~07-2~07 - Maricella (2)}
maricellab088.jpg,141853,220f90e3,\Gallery 51\07 - Maricella (2)\,{Shemale Yum Dvd03~G51~07-2~07 - Maricella (2)}
maricellab089.jpg,96245,98bce40e,\Gallery 51\07 - Maricella (2)\,{Shemale Yum Dvd03~G51~07-2~07 - Maricella (2)}
maricellab090.jpg,101398,dc10ea66,\Gallery 51\07 - Maricella (2)\,{Shemale Yum Dvd03~G51~07-2~07 - Maricella (2)}
maricellab091.jpg,124815,fd04a06a,\Gallery 51\07 - Maricella (2)\,{Shemale Yum Dvd03~G51~07-2~07 - Maricella (2)}
maricellab092.jpg,94282,e480d47a,\Gallery 51\07 - Maricella (2)\,{Shemale Yum Dvd03~G51~07-2~07 - Maricella (2)}
nicole001.jpg,133220,ccaa410f,\Gallery 51\08 - Nicole\,{Shemale Yum Dvd03~G51~08~08 - Nicole}
nicole002.jpg,128209,26a1b0fc,\Gallery 51\08 - Nicole\,{Shemale Yum Dvd03~G51~08~08 - Nicole}
nicole003.jpg,92624,2f3c338d,\Gallery 51\08 - Nicole\,{Shemale Yum Dvd03~G51~08~08 - Nicole}
nicole004.jpg,113161,442fd706,\Gallery 51\08 - Nicole\,{Shemale Yum Dvd03~G51~08~08 - Nicole}
nicole005.jpg,114596,db015876,\Gallery 51\08 - Nicole\,{Shemale Yum Dvd03~G51~08~08 - Nicole}
nicole006.jpg,154965,af348397,\Gallery 51\08 - Nicole\,{Shemale Yum Dvd03~G51~08~08 - Nicole}
nicole007.jpg,155699,366be27b,\Gallery 51\08 - Nicole\,{Shemale Yum Dvd03~G51~08~08 - Nicole}
nicole008.jpg,104330,1504507f,\Gallery 51\08 - Nicole\,{Shemale Yum Dvd03~G51~08~08 - Nicole}
nicole009.jpg,130892,aa773f83,\Gallery 51\08 - Nicole\,{Shemale Yum Dvd03~G51~08~08 - Nicole}
nicole010.jpg,117932,a2c10807,\Gallery 51\08 - Nicole\,{Shemale Yum Dvd03~G51~08~08 - Nicole}
nicole011.jpg,128472,33b8bb09,\Gallery 51\08 - Nicole\,{Shemale Yum Dvd03~G51~08~08 - Nicole}
nicole012.jpg,175360,f944787a,\Gallery 51\08 - Nicole\,{Shemale Yum Dvd03~G51~08~08 - Nicole}
nicole013.jpg,116894,08b7ba92,\Gallery 51\08 - Nicole\,{Shemale Yum Dvd03~G51~08~08 - Nicole}
nicole014.jpg,139151,caa02ed1,\Gallery 51\08 - Nicole\,{Shemale Yum Dvd03~G51~08~08 - Nicole}
nicole015.jpg,100092,f60d1a0b,\Gallery 51\08 - Nicole\,{Shemale Yum Dvd03~G51~08~08 - Nicole}
nicole016.jpg,120199,e1325bb9,\Gallery 51\08 - Nicole\,{Shemale Yum Dvd03~G51~08~08 - Nicole}
nicole017.jpg,144070,12bd3ab1,\Gallery 51\08 - Nicole\,{Shemale Yum Dvd03~G51~08~08 - Nicole}
nicole018.jpg,94294,06342e99,\Gallery 51\08 - Nicole\,{Shemale Yum Dvd03~G51~08~08 - Nicole}
nicole019.jpg,99513,8f27bcbf,\Gallery 51\08 - Nicole\,{Shemale Yum Dvd03~G51~08~08 - Nicole}
nicole020.jpg,101040,84b5a69d,\Gallery 51\08 - Nicole\,{Shemale Yum Dvd03~G51~08~08 - Nicole}
nicole021.jpg,98104,782fcdcb,\Gallery 51\08 - Nicole\,{Shemale Yum Dvd03~G51~08~08 - Nicole}
nicole022.jpg,103054,24b31720,\Gallery 51\08 - Nicole\,{Shemale Yum Dvd03~G51~08~08 - Nicole}
nicole023.jpg,116105,970ecfd3,\Gallery 51\08 - Nicole\,{Shemale Yum Dvd03~G51~08~08 - Nicole}
nicole024.jpg,136032,033f4e54,\Gallery 51\08 - Nicole\,{Shemale Yum Dvd03~G51~08~08 - Nicole}
nicole025.jpg,115257,15e30c38,\Gallery 51\08 - Nicole\,{Shemale Yum Dvd03~G51~08~08 - Nicole}
nicole026.jpg,125606,d1209573,\Gallery 51\08 - Nicole\,{Shemale Yum Dvd03~G51~08~08 - Nicole}
nicole027.jpg,90154,cee42248,\Gallery 51\08 - Nicole\,{Shemale Yum Dvd03~G51~08~08 - Nicole}
nicole028.jpg,109401,cae24726,\Gallery 51\08 - Nicole\,{Shemale Yum Dvd03~G51~08~08 - Nicole}
nicole029.jpg,119393,ca7b72fc,\Gallery 51\08 - Nicole\,{Shemale Yum Dvd03~G51~08~08 - Nicole}
nicole030.jpg,128693,29b713d5,\Gallery 51\08 - Nicole\,{Shemale Yum Dvd03~G51~08~08 - Nicole}
nicole031.jpg,138380,2fcb4c2e,\Gallery 51\08 - Nicole\,{Shemale Yum Dvd03~G51~08~08 - Nicole}
nicole032.jpg,119371,82b4f9c4,\Gallery 51\08 - Nicole\,{Shemale Yum Dvd03~G51~08~08 - Nicole}
nicole033.jpg,142342,e10c17cc,\Gallery 51\08 - Nicole\,{Shemale Yum Dvd03~G51~08~08 - Nicole}
nicole034.jpg,146054,c594b3b8,\Gallery 51\08 - Nicole\,{Shemale Yum Dvd03~G51~08~08 - Nicole}
nicole035.jpg,127718,e4d1f3a7,\Gallery 51\08 - Nicole\,{Shemale Yum Dvd03~G51~08~08 - Nicole}
nicole036.jpg,143075,500b99e5,\Gallery 51\08 - Nicole\,{Shemale Yum Dvd03~G51~08~08 - Nicole}
nicole037.jpg,100768,08229d4b,\Gallery 51\08 - Nicole\,{Shemale Yum Dvd03~G51~08~08 - Nicole}
nicole038.jpg,106220,e6ec5d37,\Gallery 51\08 - Nicole\,{Shemale Yum Dvd03~G51~08~08 - Nicole}
nicole039.jpg,93901,a313fa38,\Gallery 51\08 - Nicole\,{Shemale Yum Dvd03~G51~08~08 - Nicole}
nicole040.jpg,127026,83b5c607,\Gallery 51\08 - Nicole\,{Shemale Yum Dvd03~G51~08~08 - Nicole}
nicole041.jpg,100293,78c7ffc9,\Gallery 51\08 - Nicole\,{Shemale Yum Dvd03~G51~08~08 - Nicole}
nicole042.jpg,144905,06878cb4,\Gallery 51\08 - Nicole\,{Shemale Yum Dvd03~G51~08~08 - Nicole}
nicole043.jpg,105703,ea8b9e2a,\Gallery 51\08 - Nicole\,{Shemale Yum Dvd03~G51~08~08 - Nicole}
nicole044.jpg,128944,a9d0070a,\Gallery 51\08 - Nicole\,{Shemale Yum Dvd03~G51~08~08 - Nicole}
nicole045.jpg,92422,d5b799e8,\Gallery 51\08 - Nicole\,{Shemale Yum Dvd03~G51~08~08 - Nicole}
nicole046.jpg,125953,0319aa90,\Gallery 51\08 - Nicole\,{Shemale Yum Dvd03~G51~08~08 - Nicole}
nicole047.jpg,106912,169f20f5,\Gallery 51\08 - Nicole\,{Shemale Yum Dvd03~G51~08~08 - Nicole}
nicole048.jpg,138721,0b2a052f,\Gallery 51\08 - Nicole\,{Shemale Yum Dvd03~G51~08~08 - Nicole}
nicole049.jpg,90145,6e650f10,\Gallery 51\08 - Nicole\,{Shemale Yum Dvd03~G51~08~08 - Nicole}
nicole050.jpg,116736,56276e4f,\Gallery 51\08 - Nicole\,{Shemale Yum Dvd03~G51~08~08 - Nicole}
nicole051.jpg,94522,c8e6ec5c,\Gallery 51\08 - Nicole\,{Shemale Yum Dvd03~G51~08~08 - Nicole}
nicole052.jpg,88310,465c532c,\Gallery 51\08 - Nicole\,{Shemale Yum Dvd03~G51~08~08 - Nicole}
nicole053.jpg,134950,9b6ab8f8,\Gallery 51\08 - Nicole\,{Shemale Yum Dvd03~G51~08~08 - Nicole}
nicole054.jpg,135219,6a9f973e,\Gallery 51\08 - Nicole\,{Shemale Yum Dvd03~G51~08~08 - Nicole}
nicole055.jpg,104507,d372db25,\Gallery 51\08 - Nicole\,{Shemale Yum Dvd03~G51~08~08 - Nicole}
nicole056.jpg,107550,c2bf6fab,\Gallery 51\08 - Nicole\,{Shemale Yum Dvd03~G51~08~08 - Nicole}
nicole057.jpg,108244,d432af27,\Gallery 51\08 - Nicole\,{Shemale Yum Dvd03~G51~08~08 - Nicole}
nicole058.jpg,96420,17367f08,\Gallery 51\08 - Nicole\,{Shemale Yum Dvd03~G51~08~08 - Nicole}
nicole059.jpg,138332,ab3f7ea2,\Gallery 51\08 - Nicole\,{Shemale Yum Dvd03~G51~08~08 - Nicole}
nicole060.jpg,133916,ad0adeaf,\Gallery 51\08 - Nicole\,{Shemale Yum Dvd03~G51~08~08 - Nicole}
nicole061.jpg,88711,504f903e,\Gallery 51\08 - Nicole\,{Shemale Yum Dvd03~G51~08~08 - Nicole}
nicole062.jpg,94235,2d97582e,\Gallery 51\08 - Nicole\,{Shemale Yum Dvd03~G51~08~08 - Nicole}
nicole063.jpg,117817,43a9c925,\Gallery 51\08 - Nicole\,{Shemale Yum Dvd03~G51~08~08 - Nicole}
nicole064.jpg,139296,fb25cc95,\Gallery 51\08 - Nicole\,{Shemale Yum Dvd03~G51~08~08 - Nicole}
nicole065.jpg,146231,55a29d0b,\Gallery 51\08 - Nicole\,{Shemale Yum Dvd03~G51~08~08 - Nicole}
nicole066.jpg,102335,002c533c,\Gallery 51\08 - Nicole\,{Shemale Yum Dvd03~G51~08~08 - Nicole}
nicole067.jpg,128628,a6aef43c,\Gallery 51\08 - Nicole\,{Shemale Yum Dvd03~G51~08~08 - Nicole}
nicole068.jpg,89211,c2fab17d,\Gallery 51\08 - Nicole\,{Shemale Yum Dvd03~G51~08~08 - Nicole}
nicole069.jpg,141697,167ffb69,\Gallery 51\08 - Nicole\,{Shemale Yum Dvd03~G51~08~08 - Nicole}
nicole070.jpg,61276,977646a5,\Gallery 51\08 - Nicole\,{Shemale Yum Dvd03~G51~08~08 - Nicole}
nicole071.jpg,109064,bc63e89c,\Gallery 51\08 - Nicole\,{Shemale Yum Dvd03~G51~08~08 - Nicole}
nicole072.jpg,109912,e2e7a02b,\Gallery 51\08 - Nicole\,{Shemale Yum Dvd03~G51~08~08 - Nicole}
nicole073.jpg,137982,c0d9c390,\Gallery 51\08 - Nicole\,{Shemale Yum Dvd03~G51~08~08 - Nicole}
nicole074.jpg,102132,e941e7ba,\Gallery 51\08 - Nicole\,{Shemale Yum Dvd03~G51~08~08 - Nicole}
nicole075.jpg,124986,580fe3fb,\Gallery 51\08 - Nicole\,{Shemale Yum Dvd03~G51~08~08 - Nicole}
nicole076.jpg,147218,6bc9a898,\Gallery 51\08 - Nicole\,{Shemale Yum Dvd03~G51~08~08 - Nicole}
nicole077.jpg,126746,5d271e92,\Gallery 51\08 - Nicole\,{Shemale Yum Dvd03~G51~08~08 - Nicole}
diana002.jpg,130595,2489b333,\Gallery 51\09 - Diana\,{Shemale Yum Dvd03~G51~09~09 - Diana}
diana004.jpg,131668,36d6693b,\Gallery 51\09 - Diana\,{Shemale Yum Dvd03~G51~09~09 - Diana}
diana005.jpg,117454,abb3d23a,\Gallery 51\09 - Diana\,{Shemale Yum Dvd03~G51~09~09 - Diana}
diana006.jpg,113154,2d125f56,\Gallery 51\09 - Diana\,{Shemale Yum Dvd03~G51~09~09 - Diana}
diana007.jpg,121302,6a4ccda8,\Gallery 51\09 - Diana\,{Shemale Yum Dvd03~G51~09~09 - Diana}
diana008.jpg,124055,e975b51b,\Gallery 51\09 - Diana\,{Shemale Yum Dvd03~G51~09~09 - Diana}
diana009.jpg,131990,79486f60,\Gallery 51\09 - Diana\,{Shemale Yum Dvd03~G51~09~09 - Diana}
diana010.jpg,136174,ddcd5f24,\Gallery 51\09 - Diana\,{Shemale Yum Dvd03~G51~09~09 - Diana}
diana011.jpg,139253,76bc77bd,\Gallery 51\09 - Diana\,{Shemale Yum Dvd03~G51~09~09 - Diana}
diana012.jpg,142176,e052f161,\Gallery 51\09 - Diana\,{Shemale Yum Dvd03~G51~09~09 - Diana}
diana013.jpg,151930,16c9daae,\Gallery 51\09 - Diana\,{Shemale Yum Dvd03~G51~09~09 - Diana}
diana014.jpg,145490,8ed1c5fd,\Gallery 51\09 - Diana\,{Shemale Yum Dvd03~G51~09~09 - Diana}
diana015.jpg,126555,eca82ad6,\Gallery 51\09 - Diana\,{Shemale Yum Dvd03~G51~09~09 - Diana}
diana016.jpg,128044,166c4a56,\Gallery 51\09 - Diana\,{Shemale Yum Dvd03~G51~09~09 - Diana}
diana017.jpg,132231,67f8bad9,\Gallery 51\09 - Diana\,{Shemale Yum Dvd03~G51~09~09 - Diana}
diana018.jpg,137751,1a2f1d0f,\Gallery 51\09 - Diana\,{Shemale Yum Dvd03~G51~09~09 - Diana}
diana019.jpg,128770,caff5120,\Gallery 51\09 - Diana\,{Shemale Yum Dvd03~G51~09~09 - Diana}
diana020.jpg,135197,c28cc616,\Gallery 51\09 - Diana\,{Shemale Yum Dvd03~G51~09~09 - Diana}
diana021.jpg,125957,29e12321,\Gallery 51\09 - Diana\,{Shemale Yum Dvd03~G51~09~09 - Diana}
diana022.jpg,133204,24552534,\Gallery 51\09 - Diana\,{Shemale Yum Dvd03~G51~09~09 - Diana}
diana023.jpg,135876,47197487,\Gallery 51\09 - Diana\,{Shemale Yum Dvd03~G51~09~09 - Diana}
diana024.jpg,136338,ddee28f9,\Gallery 51\09 - Diana\,{Shemale Yum Dvd03~G51~09~09 - Diana}
diana025.jpg,124432,50c5cd85,\Gallery 51\09 - Diana\,{Shemale Yum Dvd03~G51~09~09 - Diana}
diana026.jpg,110151,c89ac7bd,\Gallery 51\09 - Diana\,{Shemale Yum Dvd03~G51~09~09 - Diana}
diana027.jpg,133875,09c66a3c,\Gallery 51\09 - Diana\,{Shemale Yum Dvd03~G51~09~09 - Diana}
diana028.jpg,130530,447f31be,\Gallery 51\09 - Diana\,{Shemale Yum Dvd03~G51~09~09 - Diana}
diana029.jpg,124858,245a5014,\Gallery 51\09 - Diana\,{Shemale Yum Dvd03~G51~09~09 - Diana}
diana030.jpg,118590,fab4a940,\Gallery 51\09 - Diana\,{Shemale Yum Dvd03~G51~09~09 - Diana}
diana031.jpg,113102,bdf30de2,\Gallery 51\09 - Diana\,{Shemale Yum Dvd03~G51~09~09 - Diana}
diana032.jpg,94168,4bb5f702,\Gallery 51\09 - Diana\,{Shemale Yum Dvd03~G51~09~09 - Diana}
diana033.jpg,122706,e5187101,\Gallery 51\09 - Diana\,{Shemale Yum Dvd03~G51~09~09 - Diana}
diana034.jpg,115253,0b697444,\Gallery 51\09 - Diana\,{Shemale Yum Dvd03~G51~09~09 - Diana}
diana035.jpg,118090,54b8d6c8,\Gallery 51\09 - Diana\,{Shemale Yum Dvd03~G51~09~09 - Diana}
diana036.jpg,128666,14ed7137,\Gallery 51\09 - Diana\,{Shemale Yum Dvd03~G51~09~09 - Diana}
diana037.jpg,132726,e2828766,\Gallery 51\09 - Diana\,{Shemale Yum Dvd03~G51~09~09 - Diana}
diana038.jpg,114316,a3306392,\Gallery 51\09 - Diana\,{Shemale Yum Dvd03~G51~09~09 - Diana}
diana039.jpg,113363,6bac8a54,\Gallery 51\09 - Diana\,{Shemale Yum Dvd03~G51~09~09 - Diana}
diana040.jpg,110127,33afd321,\Gallery 51\09 - Diana\,{Shemale Yum Dvd03~G51~09~09 - Diana}
diana041.jpg,114313,563de030,\Gallery 51\09 - Diana\,{Shemale Yum Dvd03~G51~09~09 - Diana}
diana042.jpg,129113,c9eb381a,\Gallery 51\09 - Diana\,{Shemale Yum Dvd03~G51~09~09 - Diana}
diana043.jpg,127687,c145e5aa,\Gallery 51\09 - Diana\,{Shemale Yum Dvd03~G51~09~09 - Diana}
diana044.jpg,136573,db85f8dd,\Gallery 51\09 - Diana\,{Shemale Yum Dvd03~G51~09~09 - Diana}
diana045.jpg,133663,30ff15e1,\Gallery 51\09 - Diana\,{Shemale Yum Dvd03~G51~09~09 - Diana}
diana046.jpg,140632,92f944a7,\Gallery 51\09 - Diana\,{Shemale Yum Dvd03~G51~09~09 - Diana}
diana047.jpg,133344,01ab0e2b,\Gallery 51\09 - Diana\,{Shemale Yum Dvd03~G51~09~09 - Diana}
diana048.jpg,140437,2db92737,\Gallery 51\09 - Diana\,{Shemale Yum Dvd03~G51~09~09 - Diana}
diana049.jpg,138005,0c711f89,\Gallery 51\09 - Diana\,{Shemale Yum Dvd03~G51~09~09 - Diana}
diana050.jpg,126125,c70f33db,\Gallery 51\09 - Diana\,{Shemale Yum Dvd03~G51~09~09 - Diana}
diana051.jpg,126353,749419bb,\Gallery 51\09 - Diana\,{Shemale Yum Dvd03~G51~09~09 - Diana}
diana052.jpg,137947,03d9d3d3,\Gallery 51\09 - Diana\,{Shemale Yum Dvd03~G51~09~09 - Diana}
diana053.jpg,137573,f3d4e3db,\Gallery 51\09 - Diana\,{Shemale Yum Dvd03~G51~09~09 - Diana}
diana054.jpg,138639,335fb218,\Gallery 51\09 - Diana\,{Shemale Yum Dvd03~G51~09~09 - Diana}
diana055.jpg,127974,ce79f6ce,\Gallery 51\09 - Diana\,{Shemale Yum Dvd03~G51~09~09 - Diana}
diana056.jpg,136348,08ed902f,\Gallery 51\09 - Diana\,{Shemale Yum Dvd03~G51~09~09 - Diana}
diana057.jpg,137781,1a1c5626,\Gallery 51\09 - Diana\,{Shemale Yum Dvd03~G51~09~09 - Diana}
diana058.jpg,141317,830a1509,\Gallery 51\09 - Diana\,{Shemale Yum Dvd03~G51~09~09 - Diana}
diana059.jpg,130977,1f84cc7d,\Gallery 51\09 - Diana\,{Shemale Yum Dvd03~G51~09~09 - Diana}
diana060.jpg,142743,6acd7eaf,\Gallery 51\09 - Diana\,{Shemale Yum Dvd03~G51~09~09 - Diana}
diana061.jpg,133531,3f173966,\Gallery 51\09 - Diana\,{Shemale Yum Dvd03~G51~09~09 - Diana}
diana062.jpg,138312,0d082c26,\Gallery 51\09 - Diana\,{Shemale Yum Dvd03~G51~09~09 - Diana}
diana063.jpg,132109,91a4e208,\Gallery 51\09 - Diana\,{Shemale Yum Dvd03~G51~09~09 - Diana}
diana064.jpg,140125,1aac4dc1,\Gallery 51\09 - Diana\,{Shemale Yum Dvd03~G51~09~09 - Diana}
diana065.jpg,135447,e2b0c608,\Gallery 51\09 - Diana\,{Shemale Yum Dvd03~G51~09~09 - Diana}
diana066.jpg,131828,794e4f61,\Gallery 51\09 - Diana\,{Shemale Yum Dvd03~G51~09~09 - Diana}
diana067.jpg,139381,6be87ec2,\Gallery 51\09 - Diana\,{Shemale Yum Dvd03~G51~09~09 - Diana}
diana068.jpg,121357,7fa33d25,\Gallery 51\09 - Diana\,{Shemale Yum Dvd03~G51~09~09 - Diana}
diana069.jpg,112965,46a3c21f,\Gallery 51\09 - Diana\,{Shemale Yum Dvd03~G51~09~09 - Diana}
diana070.jpg,128549,4a7e6b8d,\Gallery 51\09 - Diana\,{Shemale Yum Dvd03~G51~09~09 - Diana}
diana071.jpg,124293,548fdada,\Gallery 51\09 - Diana\,{Shemale Yum Dvd03~G51~09~09 - Diana}
diana072.jpg,121600,e0bb211a,\Gallery 51\09 - Diana\,{Shemale Yum Dvd03~G51~09~09 - Diana}
diana073.jpg,117367,15803749,\Gallery 51\09 - Diana\,{Shemale Yum Dvd03~G51~09~09 - Diana}
diana074.jpg,105812,9789b924,\Gallery 51\09 - Diana\,{Shemale Yum Dvd03~G51~09~09 - Diana}
diana075.jpg,123499,f2b269f7,\Gallery 51\09 - Diana\,{Shemale Yum Dvd03~G51~09~09 - Diana}
diana076.jpg,130961,d7e6b04f,\Gallery 51\09 - Diana\,{Shemale Yum Dvd03~G51~09~09 - Diana}
diana077.jpg,125030,b38e29ad,\Gallery 51\09 - Diana\,{Shemale Yum Dvd03~G51~09~09 - Diana}
diana078.jpg,124368,c3ac48f7,\Gallery 51\09 - Diana\,{Shemale Yum Dvd03~G51~09~09 - Diana}
diana079.jpg,110159,910e604b,\Gallery 51\09 - Diana\,{Shemale Yum Dvd03~G51~09~09 - Diana}
diana080.jpg,119579,7cd6fdd8,\Gallery 51\09 - Diana\,{Shemale Yum Dvd03~G51~09~09 - Diana}
diana081.jpg,103226,99d0903b,\Gallery 51\09 - Diana\,{Shemale Yum Dvd03~G51~09~09 - Diana}
diana082.jpg,126627,b616700f,\Gallery 51\09 - Diana\,{Shemale Yum Dvd03~G51~09~09 - Diana}
diana084.jpg,132622,a7acd089,\Gallery 51\09 - Diana\,{Shemale Yum Dvd03~G51~09~09 - Diana}
diana085.jpg,134248,09f31525,\Gallery 51\09 - Diana\,{Shemale Yum Dvd03~G51~09~09 - Diana}
diana086.jpg,112933,70f1d837,\Gallery 51\09 - Diana\,{Shemale Yum Dvd03~G51~09~09 - Diana}
diana087.jpg,117858,bdbabab5,\Gallery 51\09 - Diana\,{Shemale Yum Dvd03~G51~09~09 - Diana}
diana088.jpg,116790,2b72cb31,\Gallery 51\09 - Diana\,{Shemale Yum Dvd03~G51~09~09 - Diana}
diana089.jpg,110035,5a6e0cac,\Gallery 51\09 - Diana\,{Shemale Yum Dvd03~G51~09~09 - Diana}
diana090.jpg,103029,e89d7f9f,\Gallery 51\09 - Diana\,{Shemale Yum Dvd03~G51~09~09 - Diana}
diana091.jpg,116040,74c1c8c5,\Gallery 51\09 - Diana\,{Shemale Yum Dvd03~G51~09~09 - Diana}
diana092.jpg,99137,4de1c6f9,\Gallery 51\09 - Diana\,{Shemale Yum Dvd03~G51~09~09 - Diana}
diana093.jpg,109092,4d5e6745,\Gallery 51\09 - Diana\,{Shemale Yum Dvd03~G51~09~09 - Diana}
diana094.jpg,121262,c7ee717f,\Gallery 51\09 - Diana\,{Shemale Yum Dvd03~G51~09~09 - Diana}
diana095.jpg,120395,900e023d,\Gallery 51\09 - Diana\,{Shemale Yum Dvd03~G51~09~09 - Diana}
diana096.jpg,104641,97aeb963,\Gallery 51\09 - Diana\,{Shemale Yum Dvd03~G51~09~09 - Diana}
diana097.jpg,129109,f28cbe57,\Gallery 51\09 - Diana\,{Shemale Yum Dvd03~G51~09~09 - Diana}
diana098.jpg,112367,e84bd2d8,\Gallery 51\09 - Diana\,{Shemale Yum Dvd03~G51~09~09 - Diana}
diana099.jpg,135679,c6a7e9dc,\Gallery 51\09 - Diana\,{Shemale Yum Dvd03~G51~09~09 - Diana}
diana100.jpg,132058,7d7ebca6,\Gallery 51\09 - Diana\,{Shemale Yum Dvd03~G51~09~09 - Diana}
diana101.jpg,134710,9ab99e37,\Gallery 51\09 - Diana\,{Shemale Yum Dvd03~G51~09~09 - Diana}
diana102.jpg,129905,731b897a,\Gallery 51\09 - Diana\,{Shemale Yum Dvd03~G51~09~09 - Diana}
diana103.jpg,131467,fc96c055,\Gallery 51\09 - Diana\,{Shemale Yum Dvd03~G51~09~09 - Diana}
diana104.jpg,102804,ddd07cfd,\Gallery 51\09 - Diana\,{Shemale Yum Dvd03~G51~09~09 - Diana}
diana105.jpg,116437,1907151d,\Gallery 51\09 - Diana\,{Shemale Yum Dvd03~G51~09~09 - Diana}
diana106.jpg,132227,7485e47c,\Gallery 51\09 - Diana\,{Shemale Yum Dvd03~G51~09~09 - Diana}
diana107.jpg,125427,3fdbfcec,\Gallery 51\09 - Diana\,{Shemale Yum Dvd03~G51~09~09 - Diana}
chastity001.jpg,130942,0b63cf5a,\Gallery 51\10 - Chastity\,{Shemale Yum Dvd03~G51~10~10 - Chastity}
chastity002.jpg,123194,b236d1fc,\Gallery 51\10 - Chastity\,{Shemale Yum Dvd03~G51~10~10 - Chastity}
chastity003.jpg,126150,e45da4bc,\Gallery 51\10 - Chastity\,{Shemale Yum Dvd03~G51~10~10 - Chastity}
chastity004.jpg,132012,a9be4737,\Gallery 51\10 - Chastity\,{Shemale Yum Dvd03~G51~10~10 - Chastity}
chastity005.jpg,139722,d1527219,\Gallery 51\10 - Chastity\,{Shemale Yum Dvd03~G51~10~10 - Chastity}
chastity006.jpg,128640,33ee0fcc,\Gallery 51\10 - Chastity\,{Shemale Yum Dvd03~G51~10~10 - Chastity}
chastity007.jpg,132578,ccde5b75,\Gallery 51\10 - Chastity\,{Shemale Yum Dvd03~G51~10~10 - Chastity}
chastity008.jpg,89851,0ee37a25,\Gallery 51\10 - Chastity\,{Shemale Yum Dvd03~G51~10~10 - Chastity}
chastity009.jpg,122731,ba514878,\Gallery 51\10 - Chastity\,{Shemale Yum Dvd03~G51~10~10 - Chastity}
chastity010.jpg,117227,b996e3c5,\Gallery 51\10 - Chastity\,{Shemale Yum Dvd03~G51~10~10 - Chastity}
chastity011.jpg,103473,ea502832,\Gallery 51\10 - Chastity\,{Shemale Yum Dvd03~G51~10~10 - Chastity}
chastity015.jpg,115896,9e09ed66,\Gallery 51\10 - Chastity\,{Shemale Yum Dvd03~G51~10~10 - Chastity}
chastity016.jpg,134599,554bae01,\Gallery 51\10 - Chastity\,{Shemale Yum Dvd03~G51~10~10 - Chastity}
chastity018.jpg,140536,92a67c5f,\Gallery 51\10 - Chastity\,{Shemale Yum Dvd03~G51~10~10 - Chastity}
chastity019.jpg,116950,c736eb21,\Gallery 51\10 - Chastity\,{Shemale Yum Dvd03~G51~10~10 - Chastity}
chastity020.jpg,184617,977ef299,\Gallery 51\10 - Chastity\,{Shemale Yum Dvd03~G51~10~10 - Chastity}
chastity021.jpg,178700,e64f8494,\Gallery 51\10 - Chastity\,{Shemale Yum Dvd03~G51~10~10 - Chastity}
chastity022.jpg,172582,9bce63bb,\Gallery 51\10 - Chastity\,{Shemale Yum Dvd03~G51~10~10 - Chastity}
chastity023.jpg,173482,8a674bfc,\Gallery 51\10 - Chastity\,{Shemale Yum Dvd03~G51~10~10 - Chastity}
chastity024.jpg,139532,344be1ae,\Gallery 51\10 - Chastity\,{Shemale Yum Dvd03~G51~10~10 - Chastity}
chastity025.jpg,158068,3e27066d,\Gallery 51\10 - Chastity\,{Shemale Yum Dvd03~G51~10~10 - Chastity}
chastity026.jpg,164909,03580366,\Gallery 51\10 - Chastity\,{Shemale Yum Dvd03~G51~10~10 - Chastity}
chastity027.jpg,157109,175412f4,\Gallery 51\10 - Chastity\,{Shemale Yum Dvd03~G51~10~10 - Chastity}
chastity028.jpg,153115,06f25828,\Gallery 51\10 - Chastity\,{Shemale Yum Dvd03~G51~10~10 - Chastity}
chastity029.jpg,158653,dafe9a53,\Gallery 51\10 - Chastity\,{Shemale Yum Dvd03~G51~10~10 - Chastity}
chastity030.jpg,159345,65933f3c,\Gallery 51\10 - Chastity\,{Shemale Yum Dvd03~G51~10~10 - Chastity}
chastity031.jpg,151811,e37c46fb,\Gallery 51\10 - Chastity\,{Shemale Yum Dvd03~G51~10~10 - Chastity}
chastity032.jpg,174385,bfec0d1d,\Gallery 51\10 - Chastity\,{Shemale Yum Dvd03~G51~10~10 - Chastity}
chastity033.jpg,163291,75f55082,\Gallery 51\10 - Chastity\,{Shemale Yum Dvd03~G51~10~10 - Chastity}
chastity034.jpg,147259,ec2d454d,\Gallery 51\10 - Chastity\,{Shemale Yum Dvd03~G51~10~10 - Chastity}
chastity035.jpg,159808,a7de1df7,\Gallery 51\10 - Chastity\,{Shemale Yum Dvd03~G51~10~10 - Chastity}
chastity036.jpg,126692,ad5d9430,\Gallery 51\10 - Chastity\,{Shemale Yum Dvd03~G51~10~10 - Chastity}
chastity037.jpg,161189,dae779ec,\Gallery 51\10 - Chastity\,{Shemale Yum Dvd03~G51~10~10 - Chastity}
chastity038.jpg,160003,2d930b2a,\Gallery 51\10 - Chastity\,{Shemale Yum Dvd03~G51~10~10 - Chastity}
chastity039.jpg,133695,d42690b7,\Gallery 51\10 - Chastity\,{Shemale Yum Dvd03~G51~10~10 - Chastity}
chastity040.jpg,127908,2093f9de,\Gallery 51\10 - Chastity\,{Shemale Yum Dvd03~G51~10~10 - Chastity}
chastity041.jpg,169816,56b6cbf4,\Gallery 51\10 - Chastity\,{Shemale Yum Dvd03~G51~10~10 - Chastity}
chastity043.jpg,158543,da1833f0,\Gallery 51\10 - Chastity\,{Shemale Yum Dvd03~G51~10~10 - Chastity}
chastity044.jpg,166501,117724c8,\Gallery 51\10 - Chastity\,{Shemale Yum Dvd03~G51~10~10 - Chastity}
chastity045.jpg,135849,d6bf8838,\Gallery 51\10 - Chastity\,{Shemale Yum Dvd03~G51~10~10 - Chastity}
chastity046.jpg,159897,1d2fa9e3,\Gallery 51\10 - Chastity\,{Shemale Yum Dvd03~G51~10~10 - Chastity}
chastity048.jpg,131774,24e61bb2,\Gallery 51\10 - Chastity\,{Shemale Yum Dvd03~G51~10~10 - Chastity}
chastity049.jpg,135354,c19a82b4,\Gallery 51\10 - Chastity\,{Shemale Yum Dvd03~G51~10~10 - Chastity}
chastity050.jpg,129404,3fca3013,\Gallery 51\10 - Chastity\,{Shemale Yum Dvd03~G51~10~10 - Chastity}
chastity052.jpg,166063,2908fbcc,\Gallery 51\10 - Chastity\,{Shemale Yum Dvd03~G51~10~10 - Chastity}
chastity053.jpg,153597,f8805907,\Gallery 51\10 - Chastity\,{Shemale Yum Dvd03~G51~10~10 - Chastity}
chastity054.jpg,128566,10b1b3b1,\Gallery 51\10 - Chastity\,{Shemale Yum Dvd03~G51~10~10 - Chastity}
chastity056.jpg,130592,0dc3354e,\Gallery 51\10 - Chastity\,{Shemale Yum Dvd03~G51~10~10 - Chastity}
chastity057.jpg,159017,b2a7524a,\Gallery 51\10 - Chastity\,{Shemale Yum Dvd03~G51~10~10 - Chastity}
chastity058.jpg,162680,a991b986,\Gallery 51\10 - Chastity\,{Shemale Yum Dvd03~G51~10~10 - Chastity}
chastity059.jpg,169370,0f864ee7,\Gallery 51\10 - Chastity\,{Shemale Yum Dvd03~G51~10~10 - Chastity}
chastity060.jpg,157282,ff9f16b7,\Gallery 51\10 - Chastity\,{Shemale Yum Dvd03~G51~10~10 - Chastity}
chastity061.jpg,163507,a55383f1,\Gallery 51\10 - Chastity\,{Shemale Yum Dvd03~G51~10~10 - Chastity}
chastity062.jpg,170225,f5b6aa77,\Gallery 51\10 - Chastity\,{Shemale Yum Dvd03~G51~10~10 - Chastity}
chastity063.jpg,144016,4e4e6be8,\Gallery 51\10 - Chastity\,{Shemale Yum Dvd03~G51~10~10 - Chastity}
chastity064.jpg,156980,6711e635,\Gallery 51\10 - Chastity\,{Shemale Yum Dvd03~G51~10~10 - Chastity}
chastity065.jpg,130993,d6367de5,\Gallery 51\10 - Chastity\,{Shemale Yum Dvd03~G51~10~10 - Chastity}
chastity066.jpg,129943,d67e6c72,\Gallery 51\10 - Chastity\,{Shemale Yum Dvd03~G51~10~10 - Chastity}
chastity067.jpg,138272,a2ec4b9d,\Gallery 51\10 - Chastity\,{Shemale Yum Dvd03~G51~10~10 - Chastity}
chastity068.jpg,133391,66dc0762,\Gallery 51\10 - Chastity\,{Shemale Yum Dvd03~G51~10~10 - Chastity}
chastity069.jpg,138573,e72a23c4,\Gallery 51\10 - Chastity\,{Shemale Yum Dvd03~G51~10~10 - Chastity}
chastity070.jpg,169002,fe8345e7,\Gallery 51\10 - Chastity\,{Shemale Yum Dvd03~G51~10~10 - Chastity}
chastity071.jpg,154952,46090543,\Gallery 51\10 - Chastity\,{Shemale Yum Dvd03~G51~10~10 - Chastity}
chastity072.jpg,136776,3de8dfa6,\Gallery 51\10 - Chastity\,{Shemale Yum Dvd03~G51~10~10 - Chastity}
chastity073.jpg,135857,efbbe12d,\Gallery 51\10 - Chastity\,{Shemale Yum Dvd03~G51~10~10 - Chastity}
chastity074.jpg,138039,6575c7bc,\Gallery 51\10 - Chastity\,{Shemale Yum Dvd03~G51~10~10 - Chastity}
chastity075.jpg,131626,6a32af21,\Gallery 51\10 - Chastity\,{Shemale Yum Dvd03~G51~10~10 - Chastity}
chastity076.jpg,140547,45fe86e8,\Gallery 51\10 - Chastity\,{Shemale Yum Dvd03~G51~10~10 - Chastity}
chastity077.jpg,140577,fd2ef6a2,\Gallery 51\10 - Chastity\,{Shemale Yum Dvd03~G51~10~10 - Chastity}
chastity078.jpg,163421,aba71ad6,\Gallery 51\10 - Chastity\,{Shemale Yum Dvd03~G51~10~10 - Chastity}
chastity079.jpg,139977,cfff25eb,\Gallery 51\10 - Chastity\,{Shemale Yum Dvd03~G51~10~10 - Chastity}
chastity080.jpg,138529,e11ce58d,\Gallery 51\10 - Chastity\,{Shemale Yum Dvd03~G51~10~10 - Chastity}
chastity081.jpg,128139,f205b0ef,\Gallery 51\10 - Chastity\,{Shemale Yum Dvd03~G51~10~10 - Chastity}
chastity082.jpg,129593,da7a8abe,\Gallery 51\10 - Chastity\,{Shemale Yum Dvd03~G51~10~10 - Chastity}
chastity083.jpg,140263,f6192774,\Gallery 51\10 - Chastity\,{Shemale Yum Dvd03~G51~10~10 - Chastity}
chastity084.jpg,134098,d6aaa257,\Gallery 51\10 - Chastity\,{Shemale Yum Dvd03~G51~10~10 - Chastity}
chastity085.jpg,126172,4d9b1d21,\Gallery 51\10 - Chastity\,{Shemale Yum Dvd03~G51~10~10 - Chastity}
chastity086.jpg,136121,85379ac4,\Gallery 51\10 - Chastity\,{Shemale Yum Dvd03~G51~10~10 - Chastity}
chastity087.jpg,133979,a00bf197,\Gallery 51\10 - Chastity\,{Shemale Yum Dvd03~G51~10~10 - Chastity}
chastity088.jpg,140145,5acfa0c5,\Gallery 51\10 - Chastity\,{Shemale Yum Dvd03~G51~10~10 - Chastity}
chastity089.jpg,129144,65f5a40f,\Gallery 51\10 - Chastity\,{Shemale Yum Dvd03~G51~10~10 - Chastity}
chastity090.jpg,132984,37a0fb29,\Gallery 51\10 - Chastity\,{Shemale Yum Dvd03~G51~10~10 - Chastity}
chastity091.jpg,130561,9efaffcd,\Gallery 51\10 - Chastity\,{Shemale Yum Dvd03~G51~10~10 - Chastity}
chastity092.jpg,102169,e83ed089,\Gallery 51\10 - Chastity\,{Shemale Yum Dvd03~G51~10~10 - Chastity}
chastity093.jpg,140565,d408e310,\Gallery 51\10 - Chastity\,{Shemale Yum Dvd03~G51~10~10 - Chastity}
chastity094.jpg,134402,ac75a8ea,\Gallery 51\10 - Chastity\,{Shemale Yum Dvd03~G51~10~10 - Chastity}
chastity095.jpg,138298,465497ff,\Gallery 51\10 - Chastity\,{Shemale Yum Dvd03~G51~10~10 - Chastity}
chastity096.jpg,139452,356fa20c,\Gallery 51\10 - Chastity\,{Shemale Yum Dvd03~G51~10~10 - Chastity}
chastity097.jpg,97390,86a5a436,\Gallery 51\10 - Chastity\,{Shemale Yum Dvd03~G51~10~10 - Chastity}
chastity098.jpg,124542,1b7dc057,\Gallery 51\10 - Chastity\,{Shemale Yum Dvd03~G51~10~10 - Chastity}
chastity099.jpg,115321,f4e32052,\Gallery 51\10 - Chastity\,{Shemale Yum Dvd03~G51~10~10 - Chastity}
chastity100.jpg,135417,e41f29b3,\Gallery 51\10 - Chastity\,{Shemale Yum Dvd03~G51~10~10 - Chastity}
chastity101.jpg,142019,cfb7fc16,\Gallery 51\10 - Chastity\,{Shemale Yum Dvd03~G51~10~10 - Chastity}
chastity102.jpg,140446,cf8fe7b5,\Gallery 51\10 - Chastity\,{Shemale Yum Dvd03~G51~10~10 - Chastity}
chastity103.jpg,138110,fc31ea0d,\Gallery 51\10 - Chastity\,{Shemale Yum Dvd03~G51~10~10 - Chastity}
chastity104.jpg,177663,a13a8ef9,\Gallery 51\10 - Chastity\,{Shemale Yum Dvd03~G51~10~10 - Chastity}
chastity105.jpg,126367,eda62101,\Gallery 51\10 - Chastity\,{Shemale Yum Dvd03~G51~10~10 - Chastity}
chastity106.jpg,129381,1301da23,\Gallery 51\10 - Chastity\,{Shemale Yum Dvd03~G51~10~10 - Chastity}
chastity107.jpg,134118,ad243823,\Gallery 51\10 - Chastity\,{Shemale Yum Dvd03~G51~10~10 - Chastity}
chastity108.jpg,126085,d8f8d183,\Gallery 51\10 - Chastity\,{Shemale Yum Dvd03~G51~10~10 - Chastity}
chastity109.jpg,138429,1985ee24,\Gallery 51\10 - Chastity\,{Shemale Yum Dvd03~G51~10~10 - Chastity}
chastity110.jpg,143104,0cb57305,\Gallery 51\10 - Chastity\,{Shemale Yum Dvd03~G51~10~10 - Chastity}
chastity111.jpg,136240,9879cecd,\Gallery 51\10 - Chastity\,{Shemale Yum Dvd03~G51~10~10 - Chastity}
chastity112.jpg,110473,74acc18c,\Gallery 51\10 - Chastity\,{Shemale Yum Dvd03~G51~10~10 - Chastity}
chastity113.jpg,138269,e5e8288f,\Gallery 51\10 - Chastity\,{Shemale Yum Dvd03~G51~10~10 - Chastity}
chastity114.jpg,142262,890259b4,\Gallery 51\10 - Chastity\,{Shemale Yum Dvd03~G51~10~10 - Chastity}
chastity115.jpg,136713,3463b5d8,\Gallery 51\10 - Chastity\,{Shemale Yum Dvd03~G51~10~10 - Chastity}
chastity116.jpg,138010,d1bf596d,\Gallery 51\10 - Chastity\,{Shemale Yum Dvd03~G51~10~10 - Chastity}
chastity117.jpg,129702,f1ff9921,\Gallery 51\10 - Chastity\,{Shemale Yum Dvd03~G51~10~10 - Chastity}
chastity118.jpg,164219,3c518e72,\Gallery 51\10 - Chastity\,{Shemale Yum Dvd03~G51~10~10 - Chastity}
chastity119.jpg,169354,0cc7a104,\Gallery 51\10 - Chastity\,{Shemale Yum Dvd03~G51~10~10 - Chastity}
valerie001.jpg,107118,2ecc889a,\Gallery 54\10 - Valerie\,{Shemale Yum Dvd03~G54~10~10 - Valerie}
valerie002.jpg,115964,de1177ae,\Gallery 54\10 - Valerie\,{Shemale Yum Dvd03~G54~10~10 - Valerie}
valerie003.jpg,109682,d3a0011c,\Gallery 54\10 - Valerie\,{Shemale Yum Dvd03~G54~10~10 - Valerie}
valerie004.jpg,101552,b3acdb24,\Gallery 54\10 - Valerie\,{Shemale Yum Dvd03~G54~10~10 - Valerie}
valerie007.jpg,103450,794a3926,\Gallery 54\10 - Valerie\,{Shemale Yum Dvd03~G54~10~10 - Valerie}
valerie008.jpg,105979,26a0008b,\Gallery 54\10 - Valerie\,{Shemale Yum Dvd03~G54~10~10 - Valerie}
valerie009.jpg,111967,a3ffa4ef,\Gallery 54\10 - Valerie\,{Shemale Yum Dvd03~G54~10~10 - Valerie}
valerie010.jpg,120971,7b1e010e,\Gallery 54\10 - Valerie\,{Shemale Yum Dvd03~G54~10~10 - Valerie}
valerie011.jpg,119229,3116af95,\Gallery 54\10 - Valerie\,{Shemale Yum Dvd03~G54~10~10 - Valerie}
valerie012.jpg,101690,283dcc60,\Gallery 54\10 - Valerie\,{Shemale Yum Dvd03~G54~10~10 - Valerie}
valerie013.jpg,106442,0c9cf6b7,\Gallery 54\10 - Valerie\,{Shemale Yum Dvd03~G54~10~10 - Valerie}
valerie014.jpg,119996,18fbae3a,\Gallery 54\10 - Valerie\,{Shemale Yum Dvd03~G54~10~10 - Valerie}
valerie015.jpg,125818,876ce57a,\Gallery 54\10 - Valerie\,{Shemale Yum Dvd03~G54~10~10 - Valerie}
valerie016.jpg,114866,af0b34e3,\Gallery 54\10 - Valerie\,{Shemale Yum Dvd03~G54~10~10 - Valerie}
valerie017.jpg,115408,f94de57e,\Gallery 54\10 - Valerie\,{Shemale Yum Dvd03~G54~10~10 - Valerie}
valerie018.jpg,120183,a9ffb9c9,\Gallery 54\10 - Valerie\,{Shemale Yum Dvd03~G54~10~10 - Valerie}
valerie019.jpg,127022,3dc95a48,\Gallery 54\10 - Valerie\,{Shemale Yum Dvd03~G54~10~10 - Valerie}
valerie020.jpg,116860,7c1d72da,\Gallery 54\10 - Valerie\,{Shemale Yum Dvd03~G54~10~10 - Valerie}
valerie021.jpg,103949,655890c1,\Gallery 54\10 - Valerie\,{Shemale Yum Dvd03~G54~10~10 - Valerie}
valerie022.jpg,106672,3ad98cf6,\Gallery 54\10 - Valerie\,{Shemale Yum Dvd03~G54~10~10 - Valerie}
valerie023.jpg,107990,63ed3a4b,\Gallery 54\10 - Valerie\,{Shemale Yum Dvd03~G54~10~10 - Valerie}
valerie024.jpg,108411,a659c384,\Gallery 54\10 - Valerie\,{Shemale Yum Dvd03~G54~10~10 - Valerie}
valerie025.jpg,108134,6f8835ae,\Gallery 54\10 - Valerie\,{Shemale Yum Dvd03~G54~10~10 - Valerie}
valerie026.jpg,115740,0f5cfdc1,\Gallery 54\10 - Valerie\,{Shemale Yum Dvd03~G54~10~10 - Valerie}
valerie027.jpg,106919,d1af77b7,\Gallery 54\10 - Valerie\,{Shemale Yum Dvd03~G54~10~10 - Valerie}
valerie028.jpg,105560,85573fba,\Gallery 54\10 - Valerie\,{Shemale Yum Dvd03~G54~10~10 - Valerie}
valerie029.jpg,115450,e06b99f8,\Gallery 54\10 - Valerie\,{Shemale Yum Dvd03~G54~10~10 - Valerie}
valerie030.jpg,114814,abf6ceb3,\Gallery 54\10 - Valerie\,{Shemale Yum Dvd03~G54~10~10 - Valerie}
valerie031.jpg,114447,58b2ae6b,\Gallery 54\10 - Valerie\,{Shemale Yum Dvd03~G54~10~10 - Valerie}
valerie032.jpg,137550,76d0f370,\Gallery 54\10 - Valerie\,{Shemale Yum Dvd03~G54~10~10 - Valerie}
valerie033.jpg,133321,b7ed55b9,\Gallery 54\10 - Valerie\,{Shemale Yum Dvd03~G54~10~10 - Valerie}
valerie034.jpg,137636,916c22b2,\Gallery 54\10 - Valerie\,{Shemale Yum Dvd03~G54~10~10 - Valerie}
valerie035.jpg,131541,dc99751f,\Gallery 54\10 - Valerie\,{Shemale Yum Dvd03~G54~10~10 - Valerie}
valerie036.jpg,134294,ee45b9b7,\Gallery 54\10 - Valerie\,{Shemale Yum Dvd03~G54~10~10 - Valerie}
valerie037.jpg,134597,a09348eb,\Gallery 54\10 - Valerie\,{Shemale Yum Dvd03~G54~10~10 - Valerie}
valerie038.jpg,118190,95d2faad,\Gallery 54\10 - Valerie\,{Shemale Yum Dvd03~G54~10~10 - Valerie}
valerie039.jpg,128907,5bf08957,\Gallery 54\10 - Valerie\,{Shemale Yum Dvd03~G54~10~10 - Valerie}
valerie040.jpg,133338,edf51915,\Gallery 54\10 - Valerie\,{Shemale Yum Dvd03~G54~10~10 - Valerie}
valerie041.jpg,141778,12b5acb7,\Gallery 54\10 - Valerie\,{Shemale Yum Dvd03~G54~10~10 - Valerie}
valerie042.jpg,119621,e6d77f63,\Gallery 54\10 - Valerie\,{Shemale Yum Dvd03~G54~10~10 - Valerie}
valerie043.jpg,117840,664b1fb5,\Gallery 54\10 - Valerie\,{Shemale Yum Dvd03~G54~10~10 - Valerie}
valerie044.jpg,128115,7b2701b4,\Gallery 54\10 - Valerie\,{Shemale Yum Dvd03~G54~10~10 - Valerie}
valerie045.jpg,111002,e38b39d0,\Gallery 54\10 - Valerie\,{Shemale Yum Dvd03~G54~10~10 - Valerie}
valerie046.jpg,97729,adb1bbfa,\Gallery 54\10 - Valerie\,{Shemale Yum Dvd03~G54~10~10 - Valerie}
valerie047.jpg,92005,a661d438,\Gallery 54\10 - Valerie\,{Shemale Yum Dvd03~G54~10~10 - Valerie}
valerie048.jpg,100594,4585be14,\Gallery 54\10 - Valerie\,{Shemale Yum Dvd03~G54~10~10 - Valerie}
valerie050.jpg,129312,83778df9,\Gallery 54\10 - Valerie\,{Shemale Yum Dvd03~G54~10~10 - Valerie}
valerie051.jpg,114980,088b03ec,\Gallery 54\10 - Valerie\,{Shemale Yum Dvd03~G54~10~10 - Valerie}
valerie052.jpg,95672,1f92cd95,\Gallery 54\10 - Valerie\,{Shemale Yum Dvd03~G54~10~10 - Valerie}
valerie053.jpg,95470,9ea8230b,\Gallery 54\10 - Valerie\,{Shemale Yum Dvd03~G54~10~10 - Valerie}
valerie054.jpg,115480,11e8a5c6,\Gallery 54\10 - Valerie\,{Shemale Yum Dvd03~G54~10~10 - Valerie}
valerie055.jpg,119460,aeaa2302,\Gallery 54\10 - Valerie\,{Shemale Yum Dvd03~G54~10~10 - Valerie}
valerie056.jpg,121064,6d0baad7,\Gallery 54\10 - Valerie\,{Shemale Yum Dvd03~G54~10~10 - Valerie}
valerie057.jpg,98697,b4944722,\Gallery 54\10 - Valerie\,{Shemale Yum Dvd03~G54~10~10 - Valerie}
valerie058.jpg,116410,a9e68d51,\Gallery 54\10 - Valerie\,{Shemale Yum Dvd03~G54~10~10 - Valerie}
valerie059.jpg,90115,87fb6cf6,\Gallery 54\10 - Valerie\,{Shemale Yum Dvd03~G54~10~10 - Valerie}
valerie060.jpg,137788,56cea081,\Gallery 54\10 - Valerie\,{Shemale Yum Dvd03~G54~10~10 - Valerie}
valerie061.jpg,137904,09035742,\Gallery 54\10 - Valerie\,{Shemale Yum Dvd03~G54~10~10 - Valerie}
valerie062.jpg,134712,a81e7046,\Gallery 54\10 - Valerie\,{Shemale Yum Dvd03~G54~10~10 - Valerie}
valerie063.jpg,129634,707eeb7f,\Gallery 54\10 - Valerie\,{Shemale Yum Dvd03~G54~10~10 - Valerie}
valerie064.jpg,129311,045e11ef,\Gallery 54\10 - Valerie\,{Shemale Yum Dvd03~G54~10~10 - Valerie}
valerie065.jpg,136103,a8b1494c,\Gallery 54\10 - Valerie\,{Shemale Yum Dvd03~G54~10~10 - Valerie}
valerie066.jpg,124547,ad525c9c,\Gallery 54\10 - Valerie\,{Shemale Yum Dvd03~G54~10~10 - Valerie}
valerie067.jpg,139519,3b5beed9,\Gallery 54\10 - Valerie\,{Shemale Yum Dvd03~G54~10~10 - Valerie}
valerie068.jpg,105607,b0f826b0,\Gallery 54\10 - Valerie\,{Shemale Yum Dvd03~G54~10~10 - Valerie}
valerie069.jpg,130472,8bafaadc,\Gallery 54\10 - Valerie\,{Shemale Yum Dvd03~G54~10~10 - Valerie}
valerie070.jpg,107379,34e8baf7,\Gallery 54\10 - Valerie\,{Shemale Yum Dvd03~G54~10~10 - Valerie}
valerie071.jpg,125363,ae376381,\Gallery 54\10 - Valerie\,{Shemale Yum Dvd03~G54~10~10 - Valerie}
valerie072.jpg,134620,11f28819,\Gallery 54\10 - Valerie\,{Shemale Yum Dvd03~G54~10~10 - Valerie}
valerie073.jpg,136087,13d8dc63,\Gallery 54\10 - Valerie\,{Shemale Yum Dvd03~G54~10~10 - Valerie}
valerie074.jpg,133493,d978042b,\Gallery 54\10 - Valerie\,{Shemale Yum Dvd03~G54~10~10 - Valerie}
valerie075.jpg,136613,04e01bd7,\Gallery 54\10 - Valerie\,{Shemale Yum Dvd03~G54~10~10 - Valerie}
valerie077.jpg,111717,6a98d7f1,\Gallery 54\10 - Valerie\,{Shemale Yum Dvd03~G54~10~10 - Valerie}
valerie081.jpg,119876,a07db4a7,\Gallery 54\10 - Valerie\,{Shemale Yum Dvd03~G54~10~10 - Valerie}
valerie082.jpg,135786,64c70fc3,\Gallery 54\10 - Valerie\,{Shemale Yum Dvd03~G54~10~10 - Valerie}
valerie083.jpg,124762,d365ce5f,\Gallery 54\10 - Valerie\,{Shemale Yum Dvd03~G54~10~10 - Valerie}
valerie084.jpg,125170,97ba71e7,\Gallery 54\10 - Valerie\,{Shemale Yum Dvd03~G54~10~10 - Valerie}
valerie085.jpg,127788,89db326b,\Gallery 54\10 - Valerie\,{Shemale Yum Dvd03~G54~10~10 - Valerie}
valerie086.jpg,132436,de724a41,\Gallery 54\10 - Valerie\,{Shemale Yum Dvd03~G54~10~10 - Valerie}
valerie087.jpg,153335,2863b54b,\Gallery 54\10 - Valerie\,{Shemale Yum Dvd03~G54~10~10 - Valerie}
valerie088.jpg,139496,0b268b79,\Gallery 54\10 - Valerie\,{Shemale Yum Dvd03~G54~10~10 - Valerie}
valerie089.jpg,139636,891be9b5,\Gallery 54\10 - Valerie\,{Shemale Yum Dvd03~G54~10~10 - Valerie}
valerie090.jpg,130419,c233705a,\Gallery 54\10 - Valerie\,{Shemale Yum Dvd03~G54~10~10 - Valerie}
valerie091.jpg,133334,6981de4a,\Gallery 54\10 - Valerie\,{Shemale Yum Dvd03~G54~10~10 - Valerie}
valerie092.jpg,125318,9bfd69fe,\Gallery 54\10 - Valerie\,{Shemale Yum Dvd03~G54~10~10 - Valerie}
valerie093.jpg,114948,8f1022f2,\Gallery 54\10 - Valerie\,{Shemale Yum Dvd03~G54~10~10 - Valerie}
valerie094.jpg,120689,f8555c10,\Gallery 54\10 - Valerie\,{Shemale Yum Dvd03~G54~10~10 - Valerie}
valerie095.jpg,120700,580daaa6,\Gallery 54\10 - Valerie\,{Shemale Yum Dvd03~G54~10~10 - Valerie}
valerie096.jpg,124992,46200233,\Gallery 54\10 - Valerie\,{Shemale Yum Dvd03~G54~10~10 - Valerie}
valerie097.jpg,125476,aeb005ed,\Gallery 54\10 - Valerie\,{Shemale Yum Dvd03~G54~10~10 - Valerie}
valerie098.jpg,120158,a230955d,\Gallery 54\10 - Valerie\,{Shemale Yum Dvd03~G54~10~10 - Valerie}
valerie099.jpg,118371,7957ae9e,\Gallery 54\10 - Valerie\,{Shemale Yum Dvd03~G54~10~10 - Valerie}
valerie101.jpg,111951,d113fd1e,\Gallery 54\10 - Valerie\,{Shemale Yum Dvd03~G54~10~10 - Valerie}
valerie102.jpg,112084,15a119f3,\Gallery 54\10 - Valerie\,{Shemale Yum Dvd03~G54~10~10 - Valerie}
valerie103.jpg,96725,74084dd5,\Gallery 54\10 - Valerie\,{Shemale Yum Dvd03~G54~10~10 - Valerie}
valerie104.jpg,93893,750eca85,\Gallery 54\10 - Valerie\,{Shemale Yum Dvd03~G54~10~10 - Valerie}
valerie105.jpg,113342,64703ade,\Gallery 54\10 - Valerie\,{Shemale Yum Dvd03~G54~10~10 - Valerie}
valerie106.jpg,116235,1b296adb,\Gallery 54\10 - Valerie\,{Shemale Yum Dvd03~G54~10~10 - Valerie}
valerie107.jpg,110157,0a8fd494,\Gallery 54\10 - Valerie\,{Shemale Yum Dvd03~G54~10~10 - Valerie}
valerie108.jpg,116721,b8ad4744,\Gallery 54\10 - Valerie\,{Shemale Yum Dvd03~G54~10~10 - Valerie}
valerie109.jpg,114777,00aa3b24,\Gallery 54\10 - Valerie\,{Shemale Yum Dvd03~G54~10~10 - Valerie}
valerie110.jpg,115697,61fa10d9,\Gallery 54\10 - Valerie\,{Shemale Yum Dvd03~G54~10~10 - Valerie}
valerie111.jpg,116869,f3d49696,\Gallery 54\10 - Valerie\,{Shemale Yum Dvd03~G54~10~10 - Valerie}
valerie112.jpg,134176,a0c5cdb7,\Gallery 54\10 - Valerie\,{Shemale Yum Dvd03~G54~10~10 - Valerie}
valerieb001.jpg,151524,b5bee601,\Gallery 54\10 - Valerie (2)\,{Shemale Yum Dvd03~G54~10-2~10 - Valerie (2)}
valerieb002.jpg,146451,ef32e343,\Gallery 54\10 - Valerie (2)\,{Shemale Yum Dvd03~G54~10-2~10 - Valerie (2)}
valerieb003.jpg,164980,4e20c9e4,\Gallery 54\10 - Valerie (2)\,{Shemale Yum Dvd03~G54~10-2~10 - Valerie (2)}
valerieb004.jpg,155423,d1e6629d,\Gallery 54\10 - Valerie (2)\,{Shemale Yum Dvd03~G54~10-2~10 - Valerie (2)}
valerieb005.jpg,151757,4ba9dbc7,\Gallery 54\10 - Valerie (2)\,{Shemale Yum Dvd03~G54~10-2~10 - Valerie (2)}
valerieb006.jpg,150425,38c6d5d3,\Gallery 54\10 - Valerie (2)\,{Shemale Yum Dvd03~G54~10-2~10 - Valerie (2)}
valerieb007.jpg,145409,144a5aee,\Gallery 54\10 - Valerie (2)\,{Shemale Yum Dvd03~G54~10-2~10 - Valerie (2)}
valerieb008.jpg,153546,0ad5625b,\Gallery 54\10 - Valerie (2)\,{Shemale Yum Dvd03~G54~10-2~10 - Valerie (2)}
valerieb009.jpg,152487,6a9bb7ae,\Gallery 54\10 - Valerie (2)\,{Shemale Yum Dvd03~G54~10-2~10 - Valerie (2)}
valerieb010.jpg,146985,1853a4c5,\Gallery 54\10 - Valerie (2)\,{Shemale Yum Dvd03~G54~10-2~10 - Valerie (2)}
valerieb011.jpg,159928,bb852e7a,\Gallery 54\10 - Valerie (2)\,{Shemale Yum Dvd03~G54~10-2~10 - Valerie (2)}
valerieb012.jpg,151279,9fb11125,\Gallery 54\10 - Valerie (2)\,{Shemale Yum Dvd03~G54~10-2~10 - Valerie (2)}
valerieb013.jpg,157218,3c5014a7,\Gallery 54\10 - Valerie (2)\,{Shemale Yum Dvd03~G54~10-2~10 - Valerie (2)}
valerieb014.jpg,149754,dba81eb9,\Gallery 54\10 - Valerie (2)\,{Shemale Yum Dvd03~G54~10-2~10 - Valerie (2)}
valerieb015.jpg,147626,ce2c2d8f,\Gallery 54\10 - Valerie (2)\,{Shemale Yum Dvd03~G54~10-2~10 - Valerie (2)}
valerieb016.jpg,124949,7dab5255,\Gallery 54\10 - Valerie (2)\,{Shemale Yum Dvd03~G54~10-2~10 - Valerie (2)}
valerieb017.jpg,131781,7d057b9a,\Gallery 54\10 - Valerie (2)\,{Shemale Yum Dvd03~G54~10-2~10 - Valerie (2)}
valerieb018.jpg,131636,81bf2da2,\Gallery 54\10 - Valerie (2)\,{Shemale Yum Dvd03~G54~10-2~10 - Valerie (2)}
valerieb019.jpg,140394,7521a0c2,\Gallery 54\10 - Valerie (2)\,{Shemale Yum Dvd03~G54~10-2~10 - Valerie (2)}
valerieb020.jpg,130841,5993d56c,\Gallery 54\10 - Valerie (2)\,{Shemale Yum Dvd03~G54~10-2~10 - Valerie (2)}
valerieb021.jpg,132370,e88fbaa9,\Gallery 54\10 - Valerie (2)\,{Shemale Yum Dvd03~G54~10-2~10 - Valerie (2)}
valerieb022.jpg,120669,47e4a131,\Gallery 54\10 - Valerie (2)\,{Shemale Yum Dvd03~G54~10-2~10 - Valerie (2)}
valerieb023.jpg,134695,efff8231,\Gallery 54\10 - Valerie (2)\,{Shemale Yum Dvd03~G54~10-2~10 - Valerie (2)}
valerieb024.jpg,137663,6e3bfb25,\Gallery 54\10 - Valerie (2)\,{Shemale Yum Dvd03~G54~10-2~10 - Valerie (2)}
valerieb025.jpg,118109,f9381a76,\Gallery 54\10 - Valerie (2)\,{Shemale Yum Dvd03~G54~10-2~10 - Valerie (2)}
valerieb026.jpg,116015,7be5d94d,\Gallery 54\10 - Valerie (2)\,{Shemale Yum Dvd03~G54~10-2~10 - Valerie (2)}
valerieb027.jpg,118849,fe9d3e3c,\Gallery 54\10 - Valerie (2)\,{Shemale Yum Dvd03~G54~10-2~10 - Valerie (2)}
valerieb028.jpg,114914,d683d1de,\Gallery 54\10 - Valerie (2)\,{Shemale Yum Dvd03~G54~10-2~10 - Valerie (2)}
valerieb029.jpg,117977,5ef4f1e6,\Gallery 54\10 - Valerie (2)\,{Shemale Yum Dvd03~G54~10-2~10 - Valerie (2)}
valerieb030.jpg,109404,ed32156f,\Gallery 54\10 - Valerie (2)\,{Shemale Yum Dvd03~G54~10-2~10 - Valerie (2)}
valerieb031.jpg,116704,dabc228e,\Gallery 54\10 - Valerie (2)\,{Shemale Yum Dvd03~G54~10-2~10 - Valerie (2)}
valerieb032.jpg,116029,ed540881,\Gallery 54\10 - Valerie (2)\,{Shemale Yum Dvd03~G54~10-2~10 - Valerie (2)}
valerieb033.jpg,125177,1d20732d,\Gallery 54\10 - Valerie (2)\,{Shemale Yum Dvd03~G54~10-2~10 - Valerie (2)}
valerieb034.jpg,116314,9d692a9b,\Gallery 54\10 - Valerie (2)\,{Shemale Yum Dvd03~G54~10-2~10 - Valerie (2)}
valerieb035.jpg,123069,47f77b80,\Gallery 54\10 - Valerie (2)\,{Shemale Yum Dvd03~G54~10-2~10 - Valerie (2)}
valerieb036.jpg,114661,67026d50,\Gallery 54\10 - Valerie (2)\,{Shemale Yum Dvd03~G54~10-2~10 - Valerie (2)}
valerieb037.jpg,110749,1b061cf5,\Gallery 54\10 - Valerie (2)\,{Shemale Yum Dvd03~G54~10-2~10 - Valerie (2)}
valerieb038.jpg,95440,6fd717be,\Gallery 54\10 - Valerie (2)\,{Shemale Yum Dvd03~G54~10-2~10 - Valerie (2)}
valerieb039.jpg,139544,2ff59d31,\Gallery 54\10 - Valerie (2)\,{Shemale Yum Dvd03~G54~10-2~10 - Valerie (2)}
valerieb040.jpg,116299,daa290f3,\Gallery 54\10 - Valerie (2)\,{Shemale Yum Dvd03~G54~10-2~10 - Valerie (2)}
valerieb041.jpg,116957,fcd8ced6,\Gallery 54\10 - Valerie (2)\,{Shemale Yum Dvd03~G54~10-2~10 - Valerie (2)}
valerieb042.jpg,116778,f3f289f0,\Gallery 54\10 - Valerie (2)\,{Shemale Yum Dvd03~G54~10-2~10 - Valerie (2)}
valerieb043.jpg,115926,fd240e75,\Gallery 54\10 - Valerie (2)\,{Shemale Yum Dvd03~G54~10-2~10 - Valerie (2)}
valerieb044.jpg,112476,b81a6b82,\Gallery 54\10 - Valerie (2)\,{Shemale Yum Dvd03~G54~10-2~10 - Valerie (2)}
valerieb045.jpg,108676,6ba4a37e,\Gallery 54\10 - Valerie (2)\,{Shemale Yum Dvd03~G54~10-2~10 - Valerie (2)}
valerieb046.jpg,104556,a58de80a,\Gallery 54\10 - Valerie (2)\,{Shemale Yum Dvd03~G54~10-2~10 - Valerie (2)}
valerieb047.jpg,110740,805c5130,\Gallery 54\10 - Valerie (2)\,{Shemale Yum Dvd03~G54~10-2~10 - Valerie (2)}
valerieb048.jpg,109639,1c20ea37,\Gallery 54\10 - Valerie (2)\,{Shemale Yum Dvd03~G54~10-2~10 - Valerie (2)}
valerieb049.jpg,117033,545ea2d6,\Gallery 54\10 - Valerie (2)\,{Shemale Yum Dvd03~G54~10-2~10 - Valerie (2)}
valerieb050.jpg,115549,566333b8,\Gallery 54\10 - Valerie (2)\,{Shemale Yum Dvd03~G54~10-2~10 - Valerie (2)}
valerieb051.jpg,126791,d70fbb4c,\Gallery 54\10 - Valerie (2)\,{Shemale Yum Dvd03~G54~10-2~10 - Valerie (2)}
valerieb052.jpg,114979,000bcd67,\Gallery 54\10 - Valerie (2)\,{Shemale Yum Dvd03~G54~10-2~10 - Valerie (2)}
valerieb053.jpg,119882,a62ea671,\Gallery 54\10 - Valerie (2)\,{Shemale Yum Dvd03~G54~10-2~10 - Valerie (2)}
valerieb054.jpg,125817,62fbe1c4,\Gallery 54\10 - Valerie (2)\,{Shemale Yum Dvd03~G54~10-2~10 - Valerie (2)}
valerieb055.jpg,124971,f23f0369,\Gallery 54\10 - Valerie (2)\,{Shemale Yum Dvd03~G54~10-2~10 - Valerie (2)}
valerieb056.jpg,131049,ded84fbe,\Gallery 54\10 - Valerie (2)\,{Shemale Yum Dvd03~G54~10-2~10 - Valerie (2)}
valerieb057.jpg,118802,663f0426,\Gallery 54\10 - Valerie (2)\,{Shemale Yum Dvd03~G54~10-2~10 - Valerie (2)}
valerieb058.jpg,110441,f9d10404,\Gallery 54\10 - Valerie (2)\,{Shemale Yum Dvd03~G54~10-2~10 - Valerie (2)}
valerieb059.jpg,123806,d0e6eabd,\Gallery 54\10 - Valerie (2)\,{Shemale Yum Dvd03~G54~10-2~10 - Valerie (2)}
valerieb060.jpg,128330,d1875770,\Gallery 54\10 - Valerie (2)\,{Shemale Yum Dvd03~G54~10-2~10 - Valerie (2)}
valerieb061.jpg,127583,2ee345bd,\Gallery 54\10 - Valerie (2)\,{Shemale Yum Dvd03~G54~10-2~10 - Valerie (2)}
valerieb062.jpg,127761,f404a3aa,\Gallery 54\10 - Valerie (2)\,{Shemale Yum Dvd03~G54~10-2~10 - Valerie (2)}
valerieb063.jpg,123967,64dc6987,\Gallery 54\10 - Valerie (2)\,{Shemale Yum Dvd03~G54~10-2~10 - Valerie (2)}
valerieb064.jpg,116757,f9e6f4a1,\Gallery 54\10 - Valerie (2)\,{Shemale Yum Dvd03~G54~10-2~10 - Valerie (2)}
valerieb065.jpg,125352,37d0a6b9,\Gallery 54\10 - Valerie (2)\,{Shemale Yum Dvd03~G54~10-2~10 - Valerie (2)}
valerieb066.jpg,119653,63487b0e,\Gallery 54\10 - Valerie (2)\,{Shemale Yum Dvd03~G54~10-2~10 - Valerie (2)}
valerieb067.jpg,121527,5a8b9632,\Gallery 54\10 - Valerie (2)\,{Shemale Yum Dvd03~G54~10-2~10 - Valerie (2)}
valerieb068.jpg,122538,1b7795a8,\Gallery 54\10 - Valerie (2)\,{Shemale Yum Dvd03~G54~10-2~10 - Valerie (2)}
valerieb069.jpg,128980,ba72382f,\Gallery 54\10 - Valerie (2)\,{Shemale Yum Dvd03~G54~10-2~10 - Valerie (2)}
valerieb070.jpg,102476,c0f9293a,\Gallery 54\10 - Valerie (2)\,{Shemale Yum Dvd03~G54~10-2~10 - Valerie (2)}
valerieb071.jpg,120605,35379193,\Gallery 54\10 - Valerie (2)\,{Shemale Yum Dvd03~G54~10-2~10 - Valerie (2)}
valerieb072.jpg,162018,e642d068,\Gallery 54\10 - Valerie (2)\,{Shemale Yum Dvd03~G54~10-2~10 - Valerie (2)}
valerieb073.jpg,141424,f296615c,\Gallery 54\10 - Valerie (2)\,{Shemale Yum Dvd03~G54~10-2~10 - Valerie (2)}
valerieb074.jpg,108604,0a33dc1d,\Gallery 54\10 - Valerie (2)\,{Shemale Yum Dvd03~G54~10-2~10 - Valerie (2)}
valerieb075.jpg,146493,5e885b25,\Gallery 54\10 - Valerie (2)\,{Shemale Yum Dvd03~G54~10-2~10 - Valerie (2)}
valerieb076.jpg,142352,4631aa5e,\Gallery 54\10 - Valerie (2)\,{Shemale Yum Dvd03~G54~10-2~10 - Valerie (2)}
valerieb077.jpg,112886,6983baf8,\Gallery 54\10 - Valerie (2)\,{Shemale Yum Dvd03~G54~10-2~10 - Valerie (2)}
valerieb078.jpg,117660,cf0d9373,\Gallery 54\10 - Valerie (2)\,{Shemale Yum Dvd03~G54~10-2~10 - Valerie (2)}
valerieb079.jpg,113238,d60e6ef6,\Gallery 54\10 - Valerie (2)\,{Shemale Yum Dvd03~G54~10-2~10 - Valerie (2)}
valerieb080.jpg,112728,f6bfa5f9,\Gallery 54\10 - Valerie (2)\,{Shemale Yum Dvd03~G54~10-2~10 - Valerie (2)}
valerieb081.jpg,110745,bb5a3e6c,\Gallery 54\10 - Valerie (2)\,{Shemale Yum Dvd03~G54~10-2~10 - Valerie (2)}
valerieb082.jpg,122521,7753564f,\Gallery 54\10 - Valerie (2)\,{Shemale Yum Dvd03~G54~10-2~10 - Valerie (2)}
valerieb083.jpg,104131,c5278341,\Gallery 54\10 - Valerie (2)\,{Shemale Yum Dvd03~G54~10-2~10 - Valerie (2)}
valerieb084.jpg,99111,e46750e7,\Gallery 54\10 - Valerie (2)\,{Shemale Yum Dvd03~G54~10-2~10 - Valerie (2)}
valerieb085.jpg,96734,74f3455b,\Gallery 54\10 - Valerie (2)\,{Shemale Yum Dvd03~G54~10-2~10 - Valerie (2)}
pauline001.jpg,142710,9d8316e8,\Gallery 54\01 - Pauline\,{Shemale Yum Dvd03~G54~01~01 - Pauline}
pauline002.jpg,114181,7b613646,\Gallery 54\01 - Pauline\,{Shemale Yum Dvd03~G54~01~01 - Pauline}
pauline003.jpg,138043,162c1ce7,\Gallery 54\01 - Pauline\,{Shemale Yum Dvd03~G54~01~01 - Pauline}
pauline004.jpg,143649,003b2643,\Gallery 54\01 - Pauline\,{Shemale Yum Dvd03~G54~01~01 - Pauline}
pauline005.jpg,137674,8a5237ec,\Gallery 54\01 - Pauline\,{Shemale Yum Dvd03~G54~01~01 - Pauline}
pauline007.jpg,139007,81e7ccf5,\Gallery 54\01 - Pauline\,{Shemale Yum Dvd03~G54~01~01 - Pauline}
pauline008.jpg,134019,b4e1d6d0,\Gallery 54\01 - Pauline\,{Shemale Yum Dvd03~G54~01~01 - Pauline}
pauline009.jpg,137940,23193561,\Gallery 54\01 - Pauline\,{Shemale Yum Dvd03~G54~01~01 - Pauline}
pauline010.jpg,143253,04ebc66a,\Gallery 54\01 - Pauline\,{Shemale Yum Dvd03~G54~01~01 - Pauline}
pauline011.jpg,134095,a70c3a0e,\Gallery 54\01 - Pauline\,{Shemale Yum Dvd03~G54~01~01 - Pauline}
pauline012.jpg,141897,04cc4171,\Gallery 54\01 - Pauline\,{Shemale Yum Dvd03~G54~01~01 - Pauline}
pauline013.jpg,131490,480a0bc4,\Gallery 54\01 - Pauline\,{Shemale Yum Dvd03~G54~01~01 - Pauline}
pauline014.jpg,144592,db9e9235,\Gallery 54\01 - Pauline\,{Shemale Yum Dvd03~G54~01~01 - Pauline}
pauline015.jpg,132766,368df61e,\Gallery 54\01 - Pauline\,{Shemale Yum Dvd03~G54~01~01 - Pauline}
pauline016.jpg,141064,cafff310,\Gallery 54\01 - Pauline\,{Shemale Yum Dvd03~G54~01~01 - Pauline}
pauline017.jpg,141587,9fe86986,\Gallery 54\01 - Pauline\,{Shemale Yum Dvd03~G54~01~01 - Pauline}
pauline018.jpg,138372,1ebcfba2,\Gallery 54\01 - Pauline\,{Shemale Yum Dvd03~G54~01~01 - Pauline}
pauline019.jpg,135128,b863d8ef,\Gallery 54\01 - Pauline\,{Shemale Yum Dvd03~G54~01~01 - Pauline}
pauline020.jpg,137698,3889439c,\Gallery 54\01 - Pauline\,{Shemale Yum Dvd03~G54~01~01 - Pauline}
pauline021.jpg,134596,c8487024,\Gallery 54\01 - Pauline\,{Shemale Yum Dvd03~G54~01~01 - Pauline}
pauline022.jpg,132550,49abe470,\Gallery 54\01 - Pauline\,{Shemale Yum Dvd03~G54~01~01 - Pauline}
pauline023.jpg,123607,d8374120,\Gallery 54\01 - Pauline\,{Shemale Yum Dvd03~G54~01~01 - Pauline}
pauline024.jpg,133247,b4132a03,\Gallery 54\01 - Pauline\,{Shemale Yum Dvd03~G54~01~01 - Pauline}
pauline025.jpg,138261,0389b787,\Gallery 54\01 - Pauline\,{Shemale Yum Dvd03~G54~01~01 - Pauline}
pauline026.jpg,135653,eb825b2f,\Gallery 54\01 - Pauline\,{Shemale Yum Dvd03~G54~01~01 - Pauline}
pauline027.jpg,130736,f5b95cd1,\Gallery 54\01 - Pauline\,{Shemale Yum Dvd03~G54~01~01 - Pauline}
pauline028.jpg,142363,dfe34819,\Gallery 54\01 - Pauline\,{Shemale Yum Dvd03~G54~01~01 - Pauline}
pauline029.jpg,124643,7a5cb715,\Gallery 54\01 - Pauline\,{Shemale Yum Dvd03~G54~01~01 - Pauline}
pauline030.jpg,138619,860d2e29,\Gallery 54\01 - Pauline\,{Shemale Yum Dvd03~G54~01~01 - Pauline}
pauline031.jpg,133485,52a4ee74,\Gallery 54\01 - Pauline\,{Shemale Yum Dvd03~G54~01~01 - Pauline}
pauline032.jpg,130841,9b6b6d8e,\Gallery 54\01 - Pauline\,{Shemale Yum Dvd03~G54~01~01 - Pauline}
pauline033.jpg,139236,97f62b6f,\Gallery 54\01 - Pauline\,{Shemale Yum Dvd03~G54~01~01 - Pauline}
pauline034.jpg,136635,7281c7d0,\Gallery 54\01 - Pauline\,{Shemale Yum Dvd03~G54~01~01 - Pauline}
pauline035.jpg,137695,4ad531ce,\Gallery 54\01 - Pauline\,{Shemale Yum Dvd03~G54~01~01 - Pauline}
pauline036.jpg,135182,50073fac,\Gallery 54\01 - Pauline\,{Shemale Yum Dvd03~G54~01~01 - Pauline}
pauline037.jpg,133382,39e40ffc,\Gallery 54\01 - Pauline\,{Shemale Yum Dvd03~G54~01~01 - Pauline}
pauline038.jpg,143443,31c70036,\Gallery 54\01 - Pauline\,{Shemale Yum Dvd03~G54~01~01 - Pauline}
pauline039.jpg,142194,efada8d8,\Gallery 54\01 - Pauline\,{Shemale Yum Dvd03~G54~01~01 - Pauline}
pauline040.jpg,140798,b911bd5c,\Gallery 54\01 - Pauline\,{Shemale Yum Dvd03~G54~01~01 - Pauline}
pauline041.jpg,133044,804b3497,\Gallery 54\01 - Pauline\,{Shemale Yum Dvd03~G54~01~01 - Pauline}
pauline042.jpg,139615,dbc74399,\Gallery 54\01 - Pauline\,{Shemale Yum Dvd03~G54~01~01 - Pauline}
pauline043.jpg,135662,961ac77b,\Gallery 54\01 - Pauline\,{Shemale Yum Dvd03~G54~01~01 - Pauline}
pauline044.jpg,138011,de1fca4b,\Gallery 54\01 - Pauline\,{Shemale Yum Dvd03~G54~01~01 - Pauline}
pauline045.jpg,140184,c6a8348b,\Gallery 54\01 - Pauline\,{Shemale Yum Dvd03~G54~01~01 - Pauline}
pauline046.jpg,125960,741582fc,\Gallery 54\01 - Pauline\,{Shemale Yum Dvd03~G54~01~01 - Pauline}
pauline047.jpg,130543,db939f13,\Gallery 54\01 - Pauline\,{Shemale Yum Dvd03~G54~01~01 - Pauline}
pauline048.jpg,129068,8569e039,\Gallery 54\01 - Pauline\,{Shemale Yum Dvd03~G54~01~01 - Pauline}
pauline049.jpg,133201,e8d4c454,\Gallery 54\01 - Pauline\,{Shemale Yum Dvd03~G54~01~01 - Pauline}
pauline050.jpg,128086,e9763e92,\Gallery 54\01 - Pauline\,{Shemale Yum Dvd03~G54~01~01 - Pauline}
pauline051.jpg,128656,936776c2,\Gallery 54\01 - Pauline\,{Shemale Yum Dvd03~G54~01~01 - Pauline}
pauline052.jpg,133818,bbd2cf4b,\Gallery 54\01 - Pauline\,{Shemale Yum Dvd03~G54~01~01 - Pauline}
pauline053.jpg,131497,a1f2ccd5,\Gallery 54\01 - Pauline\,{Shemale Yum Dvd03~G54~01~01 - Pauline}
pauline054.jpg,132305,e943c09a,\Gallery 54\01 - Pauline\,{Shemale Yum Dvd03~G54~01~01 - Pauline}
pauline055.jpg,132817,9526a24c,\Gallery 54\01 - Pauline\,{Shemale Yum Dvd03~G54~01~01 - Pauline}
pauline056.jpg,137267,d1e5537b,\Gallery 54\01 - Pauline\,{Shemale Yum Dvd03~G54~01~01 - Pauline}
pauline057.jpg,139736,7e219d18,\Gallery 54\01 - Pauline\,{Shemale Yum Dvd03~G54~01~01 - Pauline}
pauline058.jpg,138035,40a60bb6,\Gallery 54\01 - Pauline\,{Shemale Yum Dvd03~G54~01~01 - Pauline}
pauline059.jpg,134875,a1a07f32,\Gallery 54\01 - Pauline\,{Shemale Yum Dvd03~G54~01~01 - Pauline}
pauline060.jpg,130211,9b42714f,\Gallery 54\01 - Pauline\,{Shemale Yum Dvd03~G54~01~01 - Pauline}
pauline061.jpg,141900,e1164f44,\Gallery 54\01 - Pauline\,{Shemale Yum Dvd03~G54~01~01 - Pauline}
pauline062.jpg,143229,0e2584eb,\Gallery 54\01 - Pauline\,{Shemale Yum Dvd03~G54~01~01 - Pauline}
pauline063.jpg,123743,10008a84,\Gallery 54\01 - Pauline\,{Shemale Yum Dvd03~G54~01~01 - Pauline}
pauline064.jpg,129997,f5307e58,\Gallery 54\01 - Pauline\,{Shemale Yum Dvd03~G54~01~01 - Pauline}
pauline065.jpg,136379,640ce00a,\Gallery 54\01 - Pauline\,{Shemale Yum Dvd03~G54~01~01 - Pauline}
pauline066.jpg,129422,523fab28,\Gallery 54\01 - Pauline\,{Shemale Yum Dvd03~G54~01~01 - Pauline}
pauline067.jpg,129107,15f3a705,\Gallery 54\01 - Pauline\,{Shemale Yum Dvd03~G54~01~01 - Pauline}
pauline068.jpg,134562,9294a83b,\Gallery 54\01 - Pauline\,{Shemale Yum Dvd03~G54~01~01 - Pauline}
pauline069.jpg,145741,be6aa279,\Gallery 54\01 - Pauline\,{Shemale Yum Dvd03~G54~01~01 - Pauline}
pauline070.jpg,150255,a3d7d428,\Gallery 54\01 - Pauline\,{Shemale Yum Dvd03~G54~01~01 - Pauline}
pauline071.jpg,140191,b453e1e0,\Gallery 54\01 - Pauline\,{Shemale Yum Dvd03~G54~01~01 - Pauline}
pauline072.jpg,136851,d319adea,\Gallery 54\01 - Pauline\,{Shemale Yum Dvd03~G54~01~01 - Pauline}
pauline073.jpg,137311,76b36e6e,\Gallery 54\01 - Pauline\,{Shemale Yum Dvd03~G54~01~01 - Pauline}
pauline074.jpg,138636,a0006b40,\Gallery 54\01 - Pauline\,{Shemale Yum Dvd03~G54~01~01 - Pauline}
pauline075.jpg,130314,c5b39c7e,\Gallery 54\01 - Pauline\,{Shemale Yum Dvd03~G54~01~01 - Pauline}
pauline076.jpg,131617,68ad7e5e,\Gallery 54\01 - Pauline\,{Shemale Yum Dvd03~G54~01~01 - Pauline}
pauline077.jpg,132365,939b38aa,\Gallery 54\01 - Pauline\,{Shemale Yum Dvd03~G54~01~01 - Pauline}
pauline078.jpg,131147,910245d9,\Gallery 54\01 - Pauline\,{Shemale Yum Dvd03~G54~01~01 - Pauline}
pauline079.jpg,134510,37c1556f,\Gallery 54\01 - Pauline\,{Shemale Yum Dvd03~G54~01~01 - Pauline}
pauline080.jpg,129007,b43fb051,\Gallery 54\01 - Pauline\,{Shemale Yum Dvd03~G54~01~01 - Pauline}
pauline081.jpg,134263,0c34cf11,\Gallery 54\01 - Pauline\,{Shemale Yum Dvd03~G54~01~01 - Pauline}
pauline082.jpg,127791,5773ee2c,\Gallery 54\01 - Pauline\,{Shemale Yum Dvd03~G54~01~01 - Pauline}
pauline083.jpg,137253,59df4b08,\Gallery 54\01 - Pauline\,{Shemale Yum Dvd03~G54~01~01 - Pauline}
pauline084.jpg,125923,d045f7c8,\Gallery 54\01 - Pauline\,{Shemale Yum Dvd03~G54~01~01 - Pauline}
pauline085.jpg,129361,30e0bf6a,\Gallery 54\01 - Pauline\,{Shemale Yum Dvd03~G54~01~01 - Pauline}
pauline086.jpg,130931,34436b10,\Gallery 54\01 - Pauline\,{Shemale Yum Dvd03~G54~01~01 - Pauline}
pauline088.jpg,146811,88dc3d37,\Gallery 54\01 - Pauline\,{Shemale Yum Dvd03~G54~01~01 - Pauline}
pauline089.jpg,147156,c9a5c031,\Gallery 54\01 - Pauline\,{Shemale Yum Dvd03~G54~01~01 - Pauline}
pauline090.jpg,136618,a1cbcfbd,\Gallery 54\01 - Pauline\,{Shemale Yum Dvd03~G54~01~01 - Pauline}
pauline091.jpg,130296,a9a49522,\Gallery 54\01 - Pauline\,{Shemale Yum Dvd03~G54~01~01 - Pauline}
pauline092.jpg,131265,555d0994,\Gallery 54\01 - Pauline\,{Shemale Yum Dvd03~G54~01~01 - Pauline}
pauline093.jpg,132575,160eef1c,\Gallery 54\01 - Pauline\,{Shemale Yum Dvd03~G54~01~01 - Pauline}
pauline094.jpg,145812,7a40e947,\Gallery 54\01 - Pauline\,{Shemale Yum Dvd03~G54~01~01 - Pauline}
pauline095.jpg,131322,1a5f1b33,\Gallery 54\01 - Pauline\,{Shemale Yum Dvd03~G54~01~01 - Pauline}
pauline096.jpg,132108,dfd7328a,\Gallery 54\01 - Pauline\,{Shemale Yum Dvd03~G54~01~01 - Pauline}
pauline097.jpg,122738,fbfdd548,\Gallery 54\01 - Pauline\,{Shemale Yum Dvd03~G54~01~01 - Pauline}
pauline098.jpg,126156,15fce13e,\Gallery 54\01 - Pauline\,{Shemale Yum Dvd03~G54~01~01 - Pauline}
pauline099.jpg,125561,f760626e,\Gallery 54\01 - Pauline\,{Shemale Yum Dvd03~G54~01~01 - Pauline}
pauline100.jpg,123191,704e1b41,\Gallery 54\01 - Pauline\,{Shemale Yum Dvd03~G54~01~01 - Pauline}
pauline101.jpg,123718,94ddd28f,\Gallery 54\01 - Pauline\,{Shemale Yum Dvd03~G54~01~01 - Pauline}
pauline102.jpg,127000,8254e4c7,\Gallery 54\01 - Pauline\,{Shemale Yum Dvd03~G54~01~01 - Pauline}
pauline103.jpg,118078,24870fb5,\Gallery 54\01 - Pauline\,{Shemale Yum Dvd03~G54~01~01 - Pauline}
pauline104.jpg,116173,05bf64da,\Gallery 54\01 - Pauline\,{Shemale Yum Dvd03~G54~01~01 - Pauline}
pauline105.jpg,107456,05a66d2b,\Gallery 54\01 - Pauline\,{Shemale Yum Dvd03~G54~01~01 - Pauline}
pauline106.jpg,125164,2b1d02b9,\Gallery 54\01 - Pauline\,{Shemale Yum Dvd03~G54~01~01 - Pauline}
pauline107.jpg,124371,f2d469c2,\Gallery 54\01 - Pauline\,{Shemale Yum Dvd03~G54~01~01 - Pauline}
pauline108.jpg,119439,7a42c632,\Gallery 54\01 - Pauline\,{Shemale Yum Dvd03~G54~01~01 - Pauline}
pauline109.jpg,116069,f6ea9301,\Gallery 54\01 - Pauline\,{Shemale Yum Dvd03~G54~01~01 - Pauline}
pauline110.jpg,106776,9fc8992f,\Gallery 54\01 - Pauline\,{Shemale Yum Dvd03~G54~01~01 - Pauline}
pauline111.jpg,113197,e7630b39,\Gallery 54\01 - Pauline\,{Shemale Yum Dvd03~G54~01~01 - Pauline}
pauline112.jpg,119579,dd333a6d,\Gallery 54\01 - Pauline\,{Shemale Yum Dvd03~G54~01~01 - Pauline}
pauline114.jpg,122272,4f99bc1f,\Gallery 54\01 - Pauline\,{Shemale Yum Dvd03~G54~01~01 - Pauline}
pauline115.jpg,114591,d3aa04fa,\Gallery 54\01 - Pauline\,{Shemale Yum Dvd03~G54~01~01 - Pauline}
pauline116.jpg,124617,dd190a43,\Gallery 54\01 - Pauline\,{Shemale Yum Dvd03~G54~01~01 - Pauline}
pauline117.jpg,124098,9c92489c,\Gallery 54\01 - Pauline\,{Shemale Yum Dvd03~G54~01~01 - Pauline}
pauline118.jpg,111628,991973eb,\Gallery 54\01 - Pauline\,{Shemale Yum Dvd03~G54~01~01 - Pauline}
pauline119.jpg,106410,377d4afa,\Gallery 54\01 - Pauline\,{Shemale Yum Dvd03~G54~01~01 - Pauline}
pauline120.jpg,115219,2511e33b,\Gallery 54\01 - Pauline\,{Shemale Yum Dvd03~G54~01~01 - Pauline}
pauline121.jpg,113157,2a78ae41,\Gallery 54\01 - Pauline\,{Shemale Yum Dvd03~G54~01~01 - Pauline}
pauline122.jpg,115178,65b9b778,\Gallery 54\01 - Pauline\,{Shemale Yum Dvd03~G54~01~01 - Pauline}
uma001.jpg,118554,3b81cc1d,\Gallery 54\02 - Uma\,{Shemale Yum Dvd03~G54~02~02 - Uma}
uma002.jpg,115891,727c0ad4,\Gallery 54\02 - Uma\,{Shemale Yum Dvd03~G54~02~02 - Uma}
uma004.jpg,130942,20a79492,\Gallery 54\02 - Uma\,{Shemale Yum Dvd03~G54~02~02 - Uma}
uma005.jpg,122889,ec966434,\Gallery 54\02 - Uma\,{Shemale Yum Dvd03~G54~02~02 - Uma}
uma006.jpg,126124,62c3afe2,\Gallery 54\02 - Uma\,{Shemale Yum Dvd03~G54~02~02 - Uma}
uma007.jpg,141525,a5fb71f0,\Gallery 54\02 - Uma\,{Shemale Yum Dvd03~G54~02~02 - Uma}
uma009.jpg,136639,9878e314,\Gallery 54\02 - Uma\,{Shemale Yum Dvd03~G54~02~02 - Uma}
uma010.jpg,136833,f78a5f11,\Gallery 54\02 - Uma\,{Shemale Yum Dvd03~G54~02~02 - Uma}
uma011.jpg,136520,73049b4c,\Gallery 54\02 - Uma\,{Shemale Yum Dvd03~G54~02~02 - Uma}
uma012.jpg,135843,eb4b54f9,\Gallery 54\02 - Uma\,{Shemale Yum Dvd03~G54~02~02 - Uma}
uma013.jpg,135189,d4fc11ba,\Gallery 54\02 - Uma\,{Shemale Yum Dvd03~G54~02~02 - Uma}
uma014.jpg,117101,f7b38c93,\Gallery 54\02 - Uma\,{Shemale Yum Dvd03~G54~02~02 - Uma}
uma015.jpg,134457,fcb2ca8d,\Gallery 54\02 - Uma\,{Shemale Yum Dvd03~G54~02~02 - Uma}
uma016.jpg,129916,564618c5,\Gallery 54\02 - Uma\,{Shemale Yum Dvd03~G54~02~02 - Uma}
uma017.jpg,113685,5823e5a9,\Gallery 54\02 - Uma\,{Shemale Yum Dvd03~G54~02~02 - Uma}
uma018.jpg,109309,1497238e,\Gallery 54\02 - Uma\,{Shemale Yum Dvd03~G54~02~02 - Uma}
uma019.jpg,132574,768cc433,\Gallery 54\02 - Uma\,{Shemale Yum Dvd03~G54~02~02 - Uma}
uma020.jpg,136402,532a3a5d,\Gallery 54\02 - Uma\,{Shemale Yum Dvd03~G54~02~02 - Uma}
uma021.jpg,129089,238c4549,\Gallery 54\02 - Uma\,{Shemale Yum Dvd03~G54~02~02 - Uma}
uma022.jpg,126984,9485e0be,\Gallery 54\02 - Uma\,{Shemale Yum Dvd03~G54~02~02 - Uma}
uma023.jpg,134180,88c6b8bd,\Gallery 54\02 - Uma\,{Shemale Yum Dvd03~G54~02~02 - Uma}
uma024.jpg,134832,b1ee46ec,\Gallery 54\02 - Uma\,{Shemale Yum Dvd03~G54~02~02 - Uma}
uma025.jpg,138707,5ea8f4f5,\Gallery 54\02 - Uma\,{Shemale Yum Dvd03~G54~02~02 - Uma}
uma026.jpg,139418,2bda31e3,\Gallery 54\02 - Uma\,{Shemale Yum Dvd03~G54~02~02 - Uma}
uma027.jpg,126402,171ab80f,\Gallery 54\02 - Uma\,{Shemale Yum Dvd03~G54~02~02 - Uma}
uma028.jpg,128774,cc1c70ff,\Gallery 54\02 - Uma\,{Shemale Yum Dvd03~G54~02~02 - Uma}
uma029.jpg,128586,fee68486,\Gallery 54\02 - Uma\,{Shemale Yum Dvd03~G54~02~02 - Uma}
uma030.jpg,130690,2b60ca7c,\Gallery 54\02 - Uma\,{Shemale Yum Dvd03~G54~02~02 - Uma}
uma031.jpg,120200,5e51950d,\Gallery 54\02 - Uma\,{Shemale Yum Dvd03~G54~02~02 - Uma}
uma032.jpg,114748,16376710,\Gallery 54\02 - Uma\,{Shemale Yum Dvd03~G54~02~02 - Uma}
uma033.jpg,127797,2260649f,\Gallery 54\02 - Uma\,{Shemale Yum Dvd03~G54~02~02 - Uma}
uma034.jpg,112358,221205d0,\Gallery 54\02 - Uma\,{Shemale Yum Dvd03~G54~02~02 - Uma}
uma035.jpg,115305,70679a10,\Gallery 54\02 - Uma\,{Shemale Yum Dvd03~G54~02~02 - Uma}
uma037.jpg,86122,4491e191,\Gallery 54\02 - Uma\,{Shemale Yum Dvd03~G54~02~02 - Uma}
uma038.jpg,90292,f328336d,\Gallery 54\02 - Uma\,{Shemale Yum Dvd03~G54~02~02 - Uma}
uma040.jpg,105350,a869c57a,\Gallery 54\02 - Uma\,{Shemale Yum Dvd03~G54~02~02 - Uma}
uma041.jpg,131944,d2abd681,\Gallery 54\02 - Uma\,{Shemale Yum Dvd03~G54~02~02 - Uma}
uma042.jpg,107233,53960092,\Gallery 54\02 - Uma\,{Shemale Yum Dvd03~G54~02~02 - Uma}
uma043.jpg,108365,3acd8982,\Gallery 54\02 - Uma\,{Shemale Yum Dvd03~G54~02~02 - Uma}
uma044.jpg,127660,df25c24e,\Gallery 54\02 - Uma\,{Shemale Yum Dvd03~G54~02~02 - Uma}
uma045.jpg,115408,16f020a5,\Gallery 54\02 - Uma\,{Shemale Yum Dvd03~G54~02~02 - Uma}
uma046.jpg,118716,52cc6ca0,\Gallery 54\02 - Uma\,{Shemale Yum Dvd03~G54~02~02 - Uma}
uma047.jpg,105638,3010f38d,\Gallery 54\02 - Uma\,{Shemale Yum Dvd03~G54~02~02 - Uma}
uma048.jpg,117450,a1a25262,\Gallery 54\02 - Uma\,{Shemale Yum Dvd03~G54~02~02 - Uma}
uma049.jpg,123173,da087345,\Gallery 54\02 - Uma\,{Shemale Yum Dvd03~G54~02~02 - Uma}
uma050.jpg,126304,3a9cfdd2,\Gallery 54\02 - Uma\,{Shemale Yum Dvd03~G54~02~02 - Uma}
uma051.jpg,141352,59315767,\Gallery 54\02 - Uma\,{Shemale Yum Dvd03~G54~02~02 - Uma}
uma053.jpg,115631,98006a10,\Gallery 54\02 - Uma\,{Shemale Yum Dvd03~G54~02~02 - Uma}
uma054.jpg,100303,4cfe38d8,\Gallery 54\02 - Uma\,{Shemale Yum Dvd03~G54~02~02 - Uma}
uma055.jpg,122867,f015efcd,\Gallery 54\02 - Uma\,{Shemale Yum Dvd03~G54~02~02 - Uma}
uma056.jpg,114034,bd0cbba2,\Gallery 54\02 - Uma\,{Shemale Yum Dvd03~G54~02~02 - Uma}
uma057.jpg,117084,4d86f8ad,\Gallery 54\02 - Uma\,{Shemale Yum Dvd03~G54~02~02 - Uma}
uma058.jpg,119175,2873af90,\Gallery 54\02 - Uma\,{Shemale Yum Dvd03~G54~02~02 - Uma}
uma059.jpg,129217,4eca8017,\Gallery 54\02 - Uma\,{Shemale Yum Dvd03~G54~02~02 - Uma}
uma060.jpg,121319,f869979e,\Gallery 54\02 - Uma\,{Shemale Yum Dvd03~G54~02~02 - Uma}
uma062.jpg,122262,8ab2aa9b,\Gallery 54\02 - Uma\,{Shemale Yum Dvd03~G54~02~02 - Uma}
uma063.jpg,120965,26a6b2ab,\Gallery 54\02 - Uma\,{Shemale Yum Dvd03~G54~02~02 - Uma}
uma064.jpg,114436,d2ef3b1b,\Gallery 54\02 - Uma\,{Shemale Yum Dvd03~G54~02~02 - Uma}
uma065.jpg,110357,61803afd,\Gallery 54\02 - Uma\,{Shemale Yum Dvd03~G54~02~02 - Uma}
uma066.jpg,112376,fe6d96de,\Gallery 54\02 - Uma\,{Shemale Yum Dvd03~G54~02~02 - Uma}
uma067.jpg,111127,2ae5fdcf,\Gallery 54\02 - Uma\,{Shemale Yum Dvd03~G54~02~02 - Uma}
uma068.jpg,108800,f0d831df,\Gallery 54\02 - Uma\,{Shemale Yum Dvd03~G54~02~02 - Uma}
uma069.jpg,138035,55c612c3,\Gallery 54\02 - Uma\,{Shemale Yum Dvd03~G54~02~02 - Uma}
uma070.jpg,124177,4ce02d8f,\Gallery 54\02 - Uma\,{Shemale Yum Dvd03~G54~02~02 - Uma}
uma071.jpg,128731,e832dcd8,\Gallery 54\02 - Uma\,{Shemale Yum Dvd03~G54~02~02 - Uma}
uma072.jpg,136497,755c4059,\Gallery 54\02 - Uma\,{Shemale Yum Dvd03~G54~02~02 - Uma}
uma073.jpg,134923,8b8c4bd6,\Gallery 54\02 - Uma\,{Shemale Yum Dvd03~G54~02~02 - Uma}
uma074.jpg,143191,e06d83d9,\Gallery 54\02 - Uma\,{Shemale Yum Dvd03~G54~02~02 - Uma}
uma075.jpg,121313,0a771ce8,\Gallery 54\02 - Uma\,{Shemale Yum Dvd03~G54~02~02 - Uma}
uma076.jpg,103232,e4668472,\Gallery 54\02 - Uma\,{Shemale Yum Dvd03~G54~02~02 - Uma}
uma077.jpg,113088,d3fa3f8c,\Gallery 54\02 - Uma\,{Shemale Yum Dvd03~G54~02~02 - Uma}
uma078.jpg,120146,27cc38bc,\Gallery 54\02 - Uma\,{Shemale Yum Dvd03~G54~02~02 - Uma}
uma079.jpg,108135,9f132157,\Gallery 54\02 - Uma\,{Shemale Yum Dvd03~G54~02~02 - Uma}
uma080.jpg,121533,8cf0b6b6,\Gallery 54\02 - Uma\,{Shemale Yum Dvd03~G54~02~02 - Uma}
uma081.jpg,105267,d759cb67,\Gallery 54\02 - Uma\,{Shemale Yum Dvd03~G54~02~02 - Uma}
uma082.jpg,100529,cfe660a8,\Gallery 54\02 - Uma\,{Shemale Yum Dvd03~G54~02~02 - Uma}
uma083.jpg,122636,2a725f23,\Gallery 54\02 - Uma\,{Shemale Yum Dvd03~G54~02~02 - Uma}
uma084.jpg,115264,7b51be6b,\Gallery 54\02 - Uma\,{Shemale Yum Dvd03~G54~02~02 - Uma}
uma085.jpg,114578,e1804cb1,\Gallery 54\02 - Uma\,{Shemale Yum Dvd03~G54~02~02 - Uma}
uma086.jpg,92899,b9682f22,\Gallery 54\02 - Uma\,{Shemale Yum Dvd03~G54~02~02 - Uma}
uma087.jpg,95765,7669dd26,\Gallery 54\02 - Uma\,{Shemale Yum Dvd03~G54~02~02 - Uma}
uma088.jpg,92333,940aeead,\Gallery 54\02 - Uma\,{Shemale Yum Dvd03~G54~02~02 - Uma}
uma089.jpg,107074,8ec22731,\Gallery 54\02 - Uma\,{Shemale Yum Dvd03~G54~02~02 - Uma}
uma090.jpg,88073,a2f77e16,\Gallery 54\02 - Uma\,{Shemale Yum Dvd03~G54~02~02 - Uma}
uma091.jpg,108044,91356810,\Gallery 54\02 - Uma\,{Shemale Yum Dvd03~G54~02~02 - Uma}
uma092.jpg,106704,73695edc,\Gallery 54\02 - Uma\,{Shemale Yum Dvd03~G54~02~02 - Uma}
uma093.jpg,99125,f5a2fae7,\Gallery 54\02 - Uma\,{Shemale Yum Dvd03~G54~02~02 - Uma}
uma094.jpg,102328,9977f7ff,\Gallery 54\02 - Uma\,{Shemale Yum Dvd03~G54~02~02 - Uma}
uma095.jpg,109564,65ce8f71,\Gallery 54\02 - Uma\,{Shemale Yum Dvd03~G54~02~02 - Uma}
uma097.jpg,109514,2804a54a,\Gallery 54\02 - Uma\,{Shemale Yum Dvd03~G54~02~02 - Uma}
uma098.jpg,112994,420cbf88,\Gallery 54\02 - Uma\,{Shemale Yum Dvd03~G54~02~02 - Uma}
uma099.jpg,136425,7e3a96ba,\Gallery 54\02 - Uma\,{Shemale Yum Dvd03~G54~02~02 - Uma}
uma100.jpg,91279,b72a8a4b,\Gallery 54\02 - Uma\,{Shemale Yum Dvd03~G54~02~02 - Uma}
umab001.jpg,191468,d8b1848d,\Gallery 54\02 - Uma (2)\,{Shemale Yum Dvd03~G54~02~02 - Uma (2)}
umab002.jpg,184200,4dc0b3fe,\Gallery 54\02 - Uma (2)\,{Shemale Yum Dvd03~G54~02~02 - Uma (2)}
umab003.jpg,137617,5793747f,\Gallery 54\02 - Uma (2)\,{Shemale Yum Dvd03~G54~02~02 - Uma (2)}
umab004.jpg,140598,ee3aa2e4,\Gallery 54\02 - Uma (2)\,{Shemale Yum Dvd03~G54~02~02 - Uma (2)}
umab005.jpg,149627,9e4c4be9,\Gallery 54\02 - Uma (2)\,{Shemale Yum Dvd03~G54~02~02 - Uma (2)}
umab006.jpg,140515,114185cd,\Gallery 54\02 - Uma (2)\,{Shemale Yum Dvd03~G54~02~02 - Uma (2)}
umab007.jpg,116425,11a49fd3,\Gallery 54\02 - Uma (2)\,{Shemale Yum Dvd03~G54~02~02 - Uma (2)}
umab008.jpg,134815,732f0a07,\Gallery 54\02 - Uma (2)\,{Shemale Yum Dvd03~G54~02~02 - Uma (2)}
umab009.jpg,156051,e4667c72,\Gallery 54\02 - Uma (2)\,{Shemale Yum Dvd03~G54~02~02 - Uma (2)}
umab010.jpg,145409,92bb4c7b,\Gallery 54\02 - Uma (2)\,{Shemale Yum Dvd03~G54~02~02 - Uma (2)}
umab011.jpg,139004,6855feca,\Gallery 54\02 - Uma (2)\,{Shemale Yum Dvd03~G54~02~02 - Uma (2)}
umab012.jpg,203292,ab02d24b,\Gallery 54\02 - Uma (2)\,{Shemale Yum Dvd03~G54~02~02 - Uma (2)}
umab013.jpg,142232,72da901f,\Gallery 54\02 - Uma (2)\,{Shemale Yum Dvd03~G54~02~02 - Uma (2)}
umab014.jpg,145797,675ead61,\Gallery 54\02 - Uma (2)\,{Shemale Yum Dvd03~G54~02~02 - Uma (2)}
umab015.jpg,133765,0aea2e17,\Gallery 54\02 - Uma (2)\,{Shemale Yum Dvd03~G54~02~02 - Uma (2)}
umab016.jpg,148432,25f698a7,\Gallery 54\02 - Uma (2)\,{Shemale Yum Dvd03~G54~02~02 - Uma (2)}
umab017.jpg,137078,1e6c3012,\Gallery 54\02 - Uma (2)\,{Shemale Yum Dvd03~G54~02~02 - Uma (2)}
umab018.jpg,130168,4d089638,\Gallery 54\02 - Uma (2)\,{Shemale Yum Dvd03~G54~02~02 - Uma (2)}
umab019.jpg,168991,a13f57e1,\Gallery 54\02 - Uma (2)\,{Shemale Yum Dvd03~G54~02~02 - Uma (2)}
umab020.jpg,168708,42d294fa,\Gallery 54\02 - Uma (2)\,{Shemale Yum Dvd03~G54~02~02 - Uma (2)}
umab021.jpg,166073,40199f30,\Gallery 54\02 - Uma (2)\,{Shemale Yum Dvd03~G54~02~02 - Uma (2)}
umab022.jpg,154713,3b8985c5,\Gallery 54\02 - Uma (2)\,{Shemale Yum Dvd03~G54~02~02 - Uma (2)}
umab023.jpg,150504,fd3b6d2d,\Gallery 54\02 - Uma (2)\,{Shemale Yum Dvd03~G54~02~02 - Uma (2)}
umab024.jpg,155418,64027904,\Gallery 54\02 - Uma (2)\,{Shemale Yum Dvd03~G54~02~02 - Uma (2)}
umab025.jpg,157191,3ba0246a,\Gallery 54\02 - Uma (2)\,{Shemale Yum Dvd03~G54~02~02 - Uma (2)}
umab026.jpg,139436,da761eb8,\Gallery 54\02 - Uma (2)\,{Shemale Yum Dvd03~G54~02~02 - Uma (2)}
umab027.jpg,144012,d177f1fe,\Gallery 54\02 - Uma (2)\,{Shemale Yum Dvd03~G54~02~02 - Uma (2)}
umab028.jpg,114511,a71e64ac,\Gallery 54\02 - Uma (2)\,{Shemale Yum Dvd03~G54~02~02 - Uma (2)}
umab029.jpg,146895,7f1bdc82,\Gallery 54\02 - Uma (2)\,{Shemale Yum Dvd03~G54~02~02 - Uma (2)}
umab030.jpg,143591,41693379,\Gallery 54\02 - Uma (2)\,{Shemale Yum Dvd03~G54~02~02 - Uma (2)}
umab031.jpg,156320,4a6288d5,\Gallery 54\02 - Uma (2)\,{Shemale Yum Dvd03~G54~02~02 - Uma (2)}
umab032.jpg,162414,186e4048,\Gallery 54\02 - Uma (2)\,{Shemale Yum Dvd03~G54~02~02 - Uma (2)}
umab033.jpg,162778,bc655f9e,\Gallery 54\02 - Uma (2)\,{Shemale Yum Dvd03~G54~02~02 - Uma (2)}
umab034.jpg,147939,6ada1d1a,\Gallery 54\02 - Uma (2)\,{Shemale Yum Dvd03~G54~02~02 - Uma (2)}
umab035.jpg,121379,09793135,\Gallery 54\02 - Uma (2)\,{Shemale Yum Dvd03~G54~02~02 - Uma (2)}
umab036.jpg,159971,76534975,\Gallery 54\02 - Uma (2)\,{Shemale Yum Dvd03~G54~02~02 - Uma (2)}
umab037.jpg,150060,0e4dff72,\Gallery 54\02 - Uma (2)\,{Shemale Yum Dvd03~G54~02~02 - Uma (2)}
umab038.jpg,165687,e4a10c54,\Gallery 54\02 - Uma (2)\,{Shemale Yum Dvd03~G54~02~02 - Uma (2)}
umab039.jpg,178268,90eaf805,\Gallery 54\02 - Uma (2)\,{Shemale Yum Dvd03~G54~02~02 - Uma (2)}
umab040.jpg,135667,82448b20,\Gallery 54\02 - Uma (2)\,{Shemale Yum Dvd03~G54~02~02 - Uma (2)}
umab041.jpg,115597,373f40a2,\Gallery 54\02 - Uma (2)\,{Shemale Yum Dvd03~G54~02~02 - Uma (2)}
umab042.jpg,132300,cdbc3a28,\Gallery 54\02 - Uma (2)\,{Shemale Yum Dvd03~G54~02~02 - Uma (2)}
umab043.jpg,133959,56547780,\Gallery 54\02 - Uma (2)\,{Shemale Yum Dvd03~G54~02~02 - Uma (2)}
umab044.jpg,123992,181fe91e,\Gallery 54\02 - Uma (2)\,{Shemale Yum Dvd03~G54~02~02 - Uma (2)}
umab045.jpg,122381,1a8d68ef,\Gallery 54\02 - Uma (2)\,{Shemale Yum Dvd03~G54~02~02 - Uma (2)}
umab046.jpg,123393,45b0b4ba,\Gallery 54\02 - Uma (2)\,{Shemale Yum Dvd03~G54~02~02 - Uma (2)}
umab047.jpg,122881,f55f011d,\Gallery 54\02 - Uma (2)\,{Shemale Yum Dvd03~G54~02~02 - Uma (2)}
umab048.jpg,124645,f31160f9,\Gallery 54\02 - Uma (2)\,{Shemale Yum Dvd03~G54~02~02 - Uma (2)}
umab049.jpg,144169,f4a4471a,\Gallery 54\02 - Uma (2)\,{Shemale Yum Dvd03~G54~02~02 - Uma (2)}
umab050.jpg,136086,49327a22,\Gallery 54\02 - Uma (2)\,{Shemale Yum Dvd03~G54~02~02 - Uma (2)}
umab051.jpg,136270,c0e43c66,\Gallery 54\02 - Uma (2)\,{Shemale Yum Dvd03~G54~02~02 - Uma (2)}
umab052.jpg,124859,e163b620,\Gallery 54\02 - Uma (2)\,{Shemale Yum Dvd03~G54~02~02 - Uma (2)}
umab053.jpg,117673,3aea99f4,\Gallery 54\02 - Uma (2)\,{Shemale Yum Dvd03~G54~02~02 - Uma (2)}
umab054.jpg,120521,c5810653,\Gallery 54\02 - Uma (2)\,{Shemale Yum Dvd03~G54~02~02 - Uma (2)}
umab055.jpg,128200,89b7bb44,\Gallery 54\02 - Uma (2)\,{Shemale Yum Dvd03~G54~02~02 - Uma (2)}
umab056.jpg,119190,00376beb,\Gallery 54\02 - Uma (2)\,{Shemale Yum Dvd03~G54~02~02 - Uma (2)}
umab057.jpg,136303,7b4bcd39,\Gallery 54\02 - Uma (2)\,{Shemale Yum Dvd03~G54~02~02 - Uma (2)}
umab058.jpg,103711,0161bb1a,\Gallery 54\02 - Uma (2)\,{Shemale Yum Dvd03~G54~02~02 - Uma (2)}
umab059.jpg,144799,aebb517d,\Gallery 54\02 - Uma (2)\,{Shemale Yum Dvd03~G54~02~02 - Uma (2)}
umab060.jpg,131239,3408060a,\Gallery 54\02 - Uma (2)\,{Shemale Yum Dvd03~G54~02~02 - Uma (2)}
umab061.jpg,110214,54afce95,\Gallery 54\02 - Uma (2)\,{Shemale Yum Dvd03~G54~02~02 - Uma (2)}
umab062.jpg,144945,5b040e35,\Gallery 54\02 - Uma (2)\,{Shemale Yum Dvd03~G54~02~02 - Uma (2)}
umab063.jpg,114154,49f81036,\Gallery 54\02 - Uma (2)\,{Shemale Yum Dvd03~G54~02~02 - Uma (2)}
umab064.jpg,113462,84d8f07c,\Gallery 54\02 - Uma (2)\,{Shemale Yum Dvd03~G54~02~02 - Uma (2)}
umab065.jpg,115653,53a9d917,\Gallery 54\02 - Uma (2)\,{Shemale Yum Dvd03~G54~02~02 - Uma (2)}
umab066.jpg,142804,e554bcef,\Gallery 54\02 - Uma (2)\,{Shemale Yum Dvd03~G54~02~02 - Uma (2)}
umab067.jpg,131641,b374dfd4,\Gallery 54\02 - Uma (2)\,{Shemale Yum Dvd03~G54~02~02 - Uma (2)}
umab068.jpg,180683,2090af6e,\Gallery 54\02 - Uma (2)\,{Shemale Yum Dvd03~G54~02~02 - Uma (2)}
umab069.jpg,145569,b45d3c94,\Gallery 54\02 - Uma (2)\,{Shemale Yum Dvd03~G54~02~02 - Uma (2)}
umab070.jpg,148885,6a6a1642,\Gallery 54\02 - Uma (2)\,{Shemale Yum Dvd03~G54~02~02 - Uma (2)}
umab071.jpg,131544,13a11662,\Gallery 54\02 - Uma (2)\,{Shemale Yum Dvd03~G54~02~02 - Uma (2)}
umab072.jpg,139244,5e146243,\Gallery 54\02 - Uma (2)\,{Shemale Yum Dvd03~G54~02~02 - Uma (2)}
umab073.jpg,144365,7911247a,\Gallery 54\02 - Uma (2)\,{Shemale Yum Dvd03~G54~02~02 - Uma (2)}
umab074.jpg,154175,7ca2b11e,\Gallery 54\02 - Uma (2)\,{Shemale Yum Dvd03~G54~02~02 - Uma (2)}
umab075.jpg,114628,c43d6f54,\Gallery 54\02 - Uma (2)\,{Shemale Yum Dvd03~G54~02~02 - Uma (2)}
umab076.jpg,121984,97bfb459,\Gallery 54\02 - Uma (2)\,{Shemale Yum Dvd03~G54~02~02 - Uma (2)}
umab077.jpg,197750,9a477169,\Gallery 54\02 - Uma (2)\,{Shemale Yum Dvd03~G54~02~02 - Uma (2)}
umab078.jpg,91960,a014e2e1,\Gallery 54\02 - Uma (2)\,{Shemale Yum Dvd03~G54~02~02 - Uma (2)}
umab079.jpg,217039,36f16069,\Gallery 54\02 - Uma (2)\,{Shemale Yum Dvd03~G54~02~02 - Uma (2)}
umab080.jpg,124803,5f8d93ee,\Gallery 54\02 - Uma (2)\,{Shemale Yum Dvd03~G54~02~02 - Uma (2)}
umab081.jpg,142410,cf5124ca,\Gallery 54\02 - Uma (2)\,{Shemale Yum Dvd03~G54~02~02 - Uma (2)}
umab082.jpg,136440,7f3d1cfa,\Gallery 54\02 - Uma (2)\,{Shemale Yum Dvd03~G54~02~02 - Uma (2)}
umab083.jpg,132706,69367d1d,\Gallery 54\02 - Uma (2)\,{Shemale Yum Dvd03~G54~02~02 - Uma (2)}
umab084.jpg,138777,f3b13739,\Gallery 54\02 - Uma (2)\,{Shemale Yum Dvd03~G54~02~02 - Uma (2)}
umab085.jpg,140119,84831416,\Gallery 54\02 - Uma (2)\,{Shemale Yum Dvd03~G54~02~02 - Uma (2)}
umab086.jpg,145057,bda63ef8,\Gallery 54\02 - Uma (2)\,{Shemale Yum Dvd03~G54~02~02 - Uma (2)}
umab087.jpg,130683,09fb1f35,\Gallery 54\02 - Uma (2)\,{Shemale Yum Dvd03~G54~02~02 - Uma (2)}
umab088.jpg,148598,5194eb66,\Gallery 54\02 - Uma (2)\,{Shemale Yum Dvd03~G54~02~02 - Uma (2)}
umab089.jpg,157624,44b53be1,\Gallery 54\02 - Uma (2)\,{Shemale Yum Dvd03~G54~02~02 - Uma (2)}
umab090.jpg,145605,e3b60234,\Gallery 54\02 - Uma (2)\,{Shemale Yum Dvd03~G54~02~02 - Uma (2)}
umab091.jpg,192824,1dc5b257,\Gallery 54\02 - Uma (2)\,{Shemale Yum Dvd03~G54~02~02 - Uma (2)}
umab092.jpg,134524,8e57da51,\Gallery 54\02 - Uma (2)\,{Shemale Yum Dvd03~G54~02~02 - Uma (2)}
umac001.jpg,135896,4880aecb,\Gallery 54\02 - Uma (3)\,{Shemale Yum Dvd03~G54~02-3~02 - Uma (3)}
umac002.jpg,149771,080361b4,\Gallery 54\02 - Uma (3)\,{Shemale Yum Dvd03~G54~02-3~02 - Uma (3)}
umac003.jpg,148871,f5d9eee6,\Gallery 54\02 - Uma (3)\,{Shemale Yum Dvd03~G54~02-3~02 - Uma (3)}
umac004.jpg,137644,68ab123f,\Gallery 54\02 - Uma (3)\,{Shemale Yum Dvd03~G54~02-3~02 - Uma (3)}
umac005.jpg,125392,a9b3d22b,\Gallery 54\02 - Uma (3)\,{Shemale Yum Dvd03~G54~02-3~02 - Uma (3)}
umac006.jpg,135384,37f7d2cc,\Gallery 54\02 - Uma (3)\,{Shemale Yum Dvd03~G54~02-3~02 - Uma (3)}
umac007.jpg,135449,f76b8cd5,\Gallery 54\02 - Uma (3)\,{Shemale Yum Dvd03~G54~02-3~02 - Uma (3)}
umac008.jpg,131821,163d2a5f,\Gallery 54\02 - Uma (3)\,{Shemale Yum Dvd03~G54~02-3~02 - Uma (3)}
umac009.jpg,130031,c9693c55,\Gallery 54\02 - Uma (3)\,{Shemale Yum Dvd03~G54~02-3~02 - Uma (3)}
umac010.jpg,145544,90205d1c,\Gallery 54\02 - Uma (3)\,{Shemale Yum Dvd03~G54~02-3~02 - Uma (3)}
umac011.jpg,140131,d4ee8c14,\Gallery 54\02 - Uma (3)\,{Shemale Yum Dvd03~G54~02-3~02 - Uma (3)}
umac012.jpg,135325,7e931f6d,\Gallery 54\02 - Uma (3)\,{Shemale Yum Dvd03~G54~02-3~02 - Uma (3)}
umac013.jpg,134022,3a9c4278,\Gallery 54\02 - Uma (3)\,{Shemale Yum Dvd03~G54~02-3~02 - Uma (3)}
umac014.jpg,137001,18eb4cb8,\Gallery 54\02 - Uma (3)\,{Shemale Yum Dvd03~G54~02-3~02 - Uma (3)}
umac015.jpg,142839,3bb84589,\Gallery 54\02 - Uma (3)\,{Shemale Yum Dvd03~G54~02-3~02 - Uma (3)}
umac016.jpg,129055,f1f5563e,\Gallery 54\02 - Uma (3)\,{Shemale Yum Dvd03~G54~02-3~02 - Uma (3)}
umac017.jpg,142404,6a862bd3,\Gallery 54\02 - Uma (3)\,{Shemale Yum Dvd03~G54~02-3~02 - Uma (3)}
umac018.jpg,164327,26cd2a10,\Gallery 54\02 - Uma (3)\,{Shemale Yum Dvd03~G54~02-3~02 - Uma (3)}
umac019.jpg,152975,a64f383e,\Gallery 54\02 - Uma (3)\,{Shemale Yum Dvd03~G54~02-3~02 - Uma (3)}
umac020.jpg,147394,f0061562,\Gallery 54\02 - Uma (3)\,{Shemale Yum Dvd03~G54~02-3~02 - Uma (3)}
umac021.jpg,151425,9087b766,\Gallery 54\02 - Uma (3)\,{Shemale Yum Dvd03~G54~02-3~02 - Uma (3)}
umac022.jpg,130397,effb87db,\Gallery 54\02 - Uma (3)\,{Shemale Yum Dvd03~G54~02-3~02 - Uma (3)}
umac023.jpg,135122,4ee7f17d,\Gallery 54\02 - Uma (3)\,{Shemale Yum Dvd03~G54~02-3~02 - Uma (3)}
umac024.jpg,133970,0a62d3a6,\Gallery 54\02 - Uma (3)\,{Shemale Yum Dvd03~G54~02-3~02 - Uma (3)}
umac025.jpg,160778,bc9eea24,\Gallery 54\02 - Uma (3)\,{Shemale Yum Dvd03~G54~02-3~02 - Uma (3)}
umac026.jpg,152869,72d6c6dd,\Gallery 54\02 - Uma (3)\,{Shemale Yum Dvd03~G54~02-3~02 - Uma (3)}
umac027.jpg,132489,188c3659,\Gallery 54\02 - Uma (3)\,{Shemale Yum Dvd03~G54~02-3~02 - Uma (3)}
umac028.jpg,135008,a972eb67,\Gallery 54\02 - Uma (3)\,{Shemale Yum Dvd03~G54~02-3~02 - Uma (3)}
umac029.jpg,148812,8f208f11,\Gallery 54\02 - Uma (3)\,{Shemale Yum Dvd03~G54~02-3~02 - Uma (3)}
umac030.jpg,123168,7b40fc3d,\Gallery 54\02 - Uma (3)\,{Shemale Yum Dvd03~G54~02-3~02 - Uma (3)}
umac031.jpg,138869,f6034d3b,\Gallery 54\02 - Uma (3)\,{Shemale Yum Dvd03~G54~02-3~02 - Uma (3)}
umac032.jpg,151808,c67f9d01,\Gallery 54\02 - Uma (3)\,{Shemale Yum Dvd03~G54~02-3~02 - Uma (3)}
umac033.jpg,125329,41a13390,\Gallery 54\02 - Uma (3)\,{Shemale Yum Dvd03~G54~02-3~02 - Uma (3)}
umac034.jpg,163620,8bca46cb,\Gallery 54\02 - Uma (3)\,{Shemale Yum Dvd03~G54~02-3~02 - Uma (3)}
umac035.jpg,151202,7c8ca2a6,\Gallery 54\02 - Uma (3)\,{Shemale Yum Dvd03~G54~02-3~02 - Uma (3)}
umac036.jpg,137244,4c4a3382,\Gallery 54\02 - Uma (3)\,{Shemale Yum Dvd03~G54~02-3~02 - Uma (3)}
umac037.jpg,143327,d744200c,\Gallery 54\02 - Uma (3)\,{Shemale Yum Dvd03~G54~02-3~02 - Uma (3)}
umac038.jpg,114682,f8195941,\Gallery 54\02 - Uma (3)\,{Shemale Yum Dvd03~G54~02-3~02 - Uma (3)}
umac039.jpg,125448,1bdc372b,\Gallery 54\02 - Uma (3)\,{Shemale Yum Dvd03~G54~02-3~02 - Uma (3)}
umac040.jpg,114059,8bf0d08f,\Gallery 54\02 - Uma (3)\,{Shemale Yum Dvd03~G54~02-3~02 - Uma (3)}
umac041.jpg,122606,8bc2389c,\Gallery 54\02 - Uma (3)\,{Shemale Yum Dvd03~G54~02-3~02 - Uma (3)}
umac042.jpg,108841,40845a59,\Gallery 54\02 - Uma (3)\,{Shemale Yum Dvd03~G54~02-3~02 - Uma (3)}
umac043.jpg,152136,23613d07,\Gallery 54\02 - Uma (3)\,{Shemale Yum Dvd03~G54~02-3~02 - Uma (3)}
umac044.jpg,162848,ef03397a,\Gallery 54\02 - Uma (3)\,{Shemale Yum Dvd03~G54~02-3~02 - Uma (3)}
umac045.jpg,116094,48432ea4,\Gallery 54\02 - Uma (3)\,{Shemale Yum Dvd03~G54~02-3~02 - Uma (3)}
umac046.jpg,123438,c578b38d,\Gallery 54\02 - Uma (3)\,{Shemale Yum Dvd03~G54~02-3~02 - Uma (3)}
umac047.jpg,217214,751253eb,\Gallery 54\02 - Uma (3)\,{Shemale Yum Dvd03~G54~02-3~02 - Uma (3)}
umac048.jpg,126769,be86f838,\Gallery 54\02 - Uma (3)\,{Shemale Yum Dvd03~G54~02-3~02 - Uma (3)}
umac049.jpg,130232,532369a8,\Gallery 54\02 - Uma (3)\,{Shemale Yum Dvd03~G54~02-3~02 - Uma (3)}
umac050.jpg,113979,86a530d7,\Gallery 54\02 - Uma (3)\,{Shemale Yum Dvd03~G54~02-3~02 - Uma (3)}
umac051.jpg,135463,9ff957e5,\Gallery 54\02 - Uma (3)\,{Shemale Yum Dvd03~G54~02-3~02 - Uma (3)}
umac052.jpg,149432,1d398e83,\Gallery 54\02 - Uma (3)\,{Shemale Yum Dvd03~G54~02-3~02 - Uma (3)}
umac053.jpg,133799,8666b03c,\Gallery 54\02 - Uma (3)\,{Shemale Yum Dvd03~G54~02-3~02 - Uma (3)}
umac054.jpg,130707,c0898bd2,\Gallery 54\02 - Uma (3)\,{Shemale Yum Dvd03~G54~02-3~02 - Uma (3)}
umac055.jpg,150140,adf0cb3a,\Gallery 54\02 - Uma (3)\,{Shemale Yum Dvd03~G54~02-3~02 - Uma (3)}
umac056.jpg,157508,e7f8cd0b,\Gallery 54\02 - Uma (3)\,{Shemale Yum Dvd03~G54~02-3~02 - Uma (3)}
umac057.jpg,147712,8f599e28,\Gallery 54\02 - Uma (3)\,{Shemale Yum Dvd03~G54~02-3~02 - Uma (3)}
umac058.jpg,148138,5f477184,\Gallery 54\02 - Uma (3)\,{Shemale Yum Dvd03~G54~02-3~02 - Uma (3)}
umac059.jpg,139379,3f76f801,\Gallery 54\02 - Uma (3)\,{Shemale Yum Dvd03~G54~02-3~02 - Uma (3)}
umac060.jpg,126234,39a9b940,\Gallery 54\02 - Uma (3)\,{Shemale Yum Dvd03~G54~02-3~02 - Uma (3)}
umac061.jpg,175132,c4cc1485,\Gallery 54\02 - Uma (3)\,{Shemale Yum Dvd03~G54~02-3~02 - Uma (3)}
umac062.jpg,132621,38f5ca1f,\Gallery 54\02 - Uma (3)\,{Shemale Yum Dvd03~G54~02-3~02 - Uma (3)}
umac063.jpg,142730,d39f6552,\Gallery 54\02 - Uma (3)\,{Shemale Yum Dvd03~G54~02-3~02 - Uma (3)}
umac064.jpg,132248,46139857,\Gallery 54\02 - Uma (3)\,{Shemale Yum Dvd03~G54~02-3~02 - Uma (3)}
umac065.jpg,151547,8ead17ee,\Gallery 54\02 - Uma (3)\,{Shemale Yum Dvd03~G54~02-3~02 - Uma (3)}
umac066.jpg,113798,a003ab4d,\Gallery 54\02 - Uma (3)\,{Shemale Yum Dvd03~G54~02-3~02 - Uma (3)}
umac067.jpg,188997,07cd81c3,\Gallery 54\02 - Uma (3)\,{Shemale Yum Dvd03~G54~02-3~02 - Uma (3)}
umac068.jpg,183052,8ddd928d,\Gallery 54\02 - Uma (3)\,{Shemale Yum Dvd03~G54~02-3~02 - Uma (3)}
umac069.jpg,127371,2c6dc1d0,\Gallery 54\02 - Uma (3)\,{Shemale Yum Dvd03~G54~02-3~02 - Uma (3)}
umac070.jpg,105686,2e534d74,\Gallery 54\02 - Uma (3)\,{Shemale Yum Dvd03~G54~02-3~02 - Uma (3)}
umac071.jpg,141501,f8678593,\Gallery 54\02 - Uma (3)\,{Shemale Yum Dvd03~G54~02-3~02 - Uma (3)}
umac072.jpg,164036,cf187260,\Gallery 54\02 - Uma (3)\,{Shemale Yum Dvd03~G54~02-3~02 - Uma (3)}
umac073.jpg,150972,377f144f,\Gallery 54\02 - Uma (3)\,{Shemale Yum Dvd03~G54~02-3~02 - Uma (3)}
umac074.jpg,151773,b9b95a7a,\Gallery 54\02 - Uma (3)\,{Shemale Yum Dvd03~G54~02-3~02 - Uma (3)}
umac075.jpg,119938,619f3ad6,\Gallery 54\02 - Uma (3)\,{Shemale Yum Dvd03~G54~02-3~02 - Uma (3)}
umac076.jpg,135478,aa962f9f,\Gallery 54\02 - Uma (3)\,{Shemale Yum Dvd03~G54~02-3~02 - Uma (3)}
umac077.jpg,154535,5f51a141,\Gallery 54\02 - Uma (3)\,{Shemale Yum Dvd03~G54~02-3~02 - Uma (3)}
umac078.jpg,103011,b9ed731f,\Gallery 54\02 - Uma (3)\,{Shemale Yum Dvd03~G54~02-3~02 - Uma (3)}
umac079.jpg,88424,3fdb776e,\Gallery 54\02 - Uma (3)\,{Shemale Yum Dvd03~G54~02-3~02 - Uma (3)}
umac080.jpg,109022,7f1e9b9f,\Gallery 54\02 - Uma (3)\,{Shemale Yum Dvd03~G54~02-3~02 - Uma (3)}
umac081.jpg,93525,def32191,\Gallery 54\02 - Uma (3)\,{Shemale Yum Dvd03~G54~02-3~02 - Uma (3)}
umac082.jpg,114081,69c7390e,\Gallery 54\02 - Uma (3)\,{Shemale Yum Dvd03~G54~02-3~02 - Uma (3)}
umac083.jpg,119348,0cd402c8,\Gallery 54\02 - Uma (3)\,{Shemale Yum Dvd03~G54~02-3~02 - Uma (3)}
umac084.jpg,180889,05c67edc,\Gallery 54\02 - Uma (3)\,{Shemale Yum Dvd03~G54~02-3~02 - Uma (3)}
umac085.jpg,157262,cc78345c,\Gallery 54\02 - Uma (3)\,{Shemale Yum Dvd03~G54~02-3~02 - Uma (3)}
umac086.jpg,131075,52914a74,\Gallery 54\02 - Uma (3)\,{Shemale Yum Dvd03~G54~02-3~02 - Uma (3)}
umac087.jpg,131887,fb319ab8,\Gallery 54\02 - Uma (3)\,{Shemale Yum Dvd03~G54~02-3~02 - Uma (3)}
umac088.jpg,104571,0b02949b,\Gallery 54\02 - Uma (3)\,{Shemale Yum Dvd03~G54~02-3~02 - Uma (3)}
umac089.jpg,128028,280c09d4,\Gallery 54\02 - Uma (3)\,{Shemale Yum Dvd03~G54~02-3~02 - Uma (3)}
umac090.jpg,124361,ff87b19f,\Gallery 54\02 - Uma (3)\,{Shemale Yum Dvd03~G54~02-3~02 - Uma (3)}
umac091.jpg,130213,c26fb64e,\Gallery 54\02 - Uma (3)\,{Shemale Yum Dvd03~G54~02-3~02 - Uma (3)}
umad001.jpg,190227,d6831671,\Gallery 54\02 - Uma (4)\,{Shemale Yum Dvd03~G54~02-4~02 - Uma (4)}
umad002.jpg,137412,87e24eb0,\Gallery 54\02 - Uma (4)\,{Shemale Yum Dvd03~G54~02-4~02 - Uma (4)}
umad003.jpg,127165,d36a8d7e,\Gallery 54\02 - Uma (4)\,{Shemale Yum Dvd03~G54~02-4~02 - Uma (4)}
umad004.jpg,143922,dea733ad,\Gallery 54\02 - Uma (4)\,{Shemale Yum Dvd03~G54~02-4~02 - Uma (4)}
umad005.jpg,162288,e3f6373c,\Gallery 54\02 - Uma (4)\,{Shemale Yum Dvd03~G54~02-4~02 - Uma (4)}
umad006.jpg,155467,e9c43f84,\Gallery 54\02 - Uma (4)\,{Shemale Yum Dvd03~G54~02-4~02 - Uma (4)}
umad007.jpg,88822,539b7007,\Gallery 54\02 - Uma (4)\,{Shemale Yum Dvd03~G54~02-4~02 - Uma (4)}
umad008.jpg,130851,4508f063,\Gallery 54\02 - Uma (4)\,{Shemale Yum Dvd03~G54~02-4~02 - Uma (4)}
umad009.jpg,175825,776df694,\Gallery 54\02 - Uma (4)\,{Shemale Yum Dvd03~G54~02-4~02 - Uma (4)}
umad010.jpg,165509,a83856f3,\Gallery 54\02 - Uma (4)\,{Shemale Yum Dvd03~G54~02-4~02 - Uma (4)}
umad011.jpg,93714,f44e91c1,\Gallery 54\02 - Uma (4)\,{Shemale Yum Dvd03~G54~02-4~02 - Uma (4)}
umad012.jpg,163569,e934fca0,\Gallery 54\02 - Uma (4)\,{Shemale Yum Dvd03~G54~02-4~02 - Uma (4)}
umad013.jpg,167400,08c2b824,\Gallery 54\02 - Uma (4)\,{Shemale Yum Dvd03~G54~02-4~02 - Uma (4)}
umad014.jpg,157824,f97dbdd1,\Gallery 54\02 - Uma (4)\,{Shemale Yum Dvd03~G54~02-4~02 - Uma (4)}
umad015.jpg,133431,0d93d023,\Gallery 54\02 - Uma (4)\,{Shemale Yum Dvd03~G54~02-4~02 - Uma (4)}
umad016.jpg,165408,5b0c0cbb,\Gallery 54\02 - Uma (4)\,{Shemale Yum Dvd03~G54~02-4~02 - Uma (4)}
umad017.jpg,138414,c2c5265d,\Gallery 54\02 - Uma (4)\,{Shemale Yum Dvd03~G54~02-4~02 - Uma (4)}
umad018.jpg,154512,1a96d404,\Gallery 54\02 - Uma (4)\,{Shemale Yum Dvd03~G54~02-4~02 - Uma (4)}
umad019.jpg,141070,2f2ab99e,\Gallery 54\02 - Uma (4)\,{Shemale Yum Dvd03~G54~02-4~02 - Uma (4)}
umad020.jpg,174210,6c930871,\Gallery 54\02 - Uma (4)\,{Shemale Yum Dvd03~G54~02-4~02 - Uma (4)}
umad021.jpg,143417,3ac3c479,\Gallery 54\02 - Uma (4)\,{Shemale Yum Dvd03~G54~02-4~02 - Uma (4)}
umad022.jpg,126263,4af53c0e,\Gallery 54\02 - Uma (4)\,{Shemale Yum Dvd03~G54~02-4~02 - Uma (4)}
umad023.jpg,124320,8a6c7aa5,\Gallery 54\02 - Uma (4)\,{Shemale Yum Dvd03~G54~02-4~02 - Uma (4)}
umad024.jpg,140724,7764a66e,\Gallery 54\02 - Uma (4)\,{Shemale Yum Dvd03~G54~02-4~02 - Uma (4)}
umad025.jpg,122687,3f789032,\Gallery 54\02 - Uma (4)\,{Shemale Yum Dvd03~G54~02-4~02 - Uma (4)}
umad026.jpg,165956,2b3964f4,\Gallery 54\02 - Uma (4)\,{Shemale Yum Dvd03~G54~02-4~02 - Uma (4)}
umad027.jpg,166369,121a04c3,\Gallery 54\02 - Uma (4)\,{Shemale Yum Dvd03~G54~02-4~02 - Uma (4)}
umad028.jpg,174451,ea6e090a,\Gallery 54\02 - Uma (4)\,{Shemale Yum Dvd03~G54~02-4~02 - Uma (4)}
umad029.jpg,126011,d392ab6e,\Gallery 54\02 - Uma (4)\,{Shemale Yum Dvd03~G54~02-4~02 - Uma (4)}
umad030.jpg,110344,f2eb53a2,\Gallery 54\02 - Uma (4)\,{Shemale Yum Dvd03~G54~02-4~02 - Uma (4)}
umad031.jpg,146646,dfeecb3c,\Gallery 54\02 - Uma (4)\,{Shemale Yum Dvd03~G54~02-4~02 - Uma (4)}
umad032.jpg,166830,7c16d0c2,\Gallery 54\02 - Uma (4)\,{Shemale Yum Dvd03~G54~02-4~02 - Uma (4)}
umad033.jpg,165872,d012d01d,\Gallery 54\02 - Uma (4)\,{Shemale Yum Dvd03~G54~02-4~02 - Uma (4)}
umad034.jpg,162832,d65eec3a,\Gallery 54\02 - Uma (4)\,{Shemale Yum Dvd03~G54~02-4~02 - Uma (4)}
umad035.jpg,177239,54bc8b54,\Gallery 54\02 - Uma (4)\,{Shemale Yum Dvd03~G54~02-4~02 - Uma (4)}
umad036.jpg,138491,da7b41d0,\Gallery 54\02 - Uma (4)\,{Shemale Yum Dvd03~G54~02-4~02 - Uma (4)}
umad037.jpg,133292,100be4e5,\Gallery 54\02 - Uma (4)\,{Shemale Yum Dvd03~G54~02-4~02 - Uma (4)}
umad038.jpg,144110,b0148bec,\Gallery 54\02 - Uma (4)\,{Shemale Yum Dvd03~G54~02-4~02 - Uma (4)}
umad039.jpg,129018,797d4fd6,\Gallery 54\02 - Uma (4)\,{Shemale Yum Dvd03~G54~02-4~02 - Uma (4)}
umad040.jpg,139044,be0133fe,\Gallery 54\02 - Uma (4)\,{Shemale Yum Dvd03~G54~02-4~02 - Uma (4)}
umad041.jpg,134229,825265a4,\Gallery 54\02 - Uma (4)\,{Shemale Yum Dvd03~G54~02-4~02 - Uma (4)}
umad042.jpg,131350,f73f9359,\Gallery 54\02 - Uma (4)\,{Shemale Yum Dvd03~G54~02-4~02 - Uma (4)}
umad043.jpg,123384,0251dd44,\Gallery 54\02 - Uma (4)\,{Shemale Yum Dvd03~G54~02-4~02 - Uma (4)}
umad044.jpg,119286,dffca476,\Gallery 54\02 - Uma (4)\,{Shemale Yum Dvd03~G54~02-4~02 - Uma (4)}
umad045.jpg,137706,ebe1e68f,\Gallery 54\02 - Uma (4)\,{Shemale Yum Dvd03~G54~02-4~02 - Uma (4)}
umad046.jpg,127474,6b1610c9,\Gallery 54\02 - Uma (4)\,{Shemale Yum Dvd03~G54~02-4~02 - Uma (4)}
umad047.jpg,117677,55a461da,\Gallery 54\02 - Uma (4)\,{Shemale Yum Dvd03~G54~02-4~02 - Uma (4)}
umad048.jpg,129178,6eb2d155,\Gallery 54\02 - Uma (4)\,{Shemale Yum Dvd03~G54~02-4~02 - Uma (4)}
umad049.jpg,133369,2c90d3a9,\Gallery 54\02 - Uma (4)\,{Shemale Yum Dvd03~G54~02-4~02 - Uma (4)}
umad050.jpg,138849,eb31d9a4,\Gallery 54\02 - Uma (4)\,{Shemale Yum Dvd03~G54~02-4~02 - Uma (4)}
umad051.jpg,132680,1c5b8ef8,\Gallery 54\02 - Uma (4)\,{Shemale Yum Dvd03~G54~02-4~02 - Uma (4)}
umad052.jpg,142064,e21a4347,\Gallery 54\02 - Uma (4)\,{Shemale Yum Dvd03~G54~02-4~02 - Uma (4)}
umad053.jpg,110519,f12d5202,\Gallery 54\02 - Uma (4)\,{Shemale Yum Dvd03~G54~02-4~02 - Uma (4)}
umad054.jpg,143618,eea54cd5,\Gallery 54\02 - Uma (4)\,{Shemale Yum Dvd03~G54~02-4~02 - Uma (4)}
umad055.jpg,151564,503b6b82,\Gallery 54\02 - Uma (4)\,{Shemale Yum Dvd03~G54~02-4~02 - Uma (4)}
umad056.jpg,180711,9cd0742d,\Gallery 54\02 - Uma (4)\,{Shemale Yum Dvd03~G54~02-4~02 - Uma (4)}
umad057.jpg,181773,1fd3a3b1,\Gallery 54\02 - Uma (4)\,{Shemale Yum Dvd03~G54~02-4~02 - Uma (4)}
umad058.jpg,208134,4af112d3,\Gallery 54\02 - Uma (4)\,{Shemale Yum Dvd03~G54~02-4~02 - Uma (4)}
umad059.jpg,132723,e38b09f1,\Gallery 54\02 - Uma (4)\,{Shemale Yum Dvd03~G54~02-4~02 - Uma (4)}
umad060.jpg,142693,13dd8278,\Gallery 54\02 - Uma (4)\,{Shemale Yum Dvd03~G54~02-4~02 - Uma (4)}
umad061.jpg,136352,036b6663,\Gallery 54\02 - Uma (4)\,{Shemale Yum Dvd03~G54~02-4~02 - Uma (4)}
umad062.jpg,72361,b0527273,\Gallery 54\02 - Uma (4)\,{Shemale Yum Dvd03~G54~02-4~02 - Uma (4)}
umad063.jpg,152985,9401c93a,\Gallery 54\02 - Uma (4)\,{Shemale Yum Dvd03~G54~02-4~02 - Uma (4)}
umad064.jpg,145208,aede8ac4,\Gallery 54\02 - Uma (4)\,{Shemale Yum Dvd03~G54~02-4~02 - Uma (4)}
umad065.jpg,147272,08baeb60,\Gallery 54\02 - Uma (4)\,{Shemale Yum Dvd03~G54~02-4~02 - Uma (4)}
umad066.jpg,143577,bfb878e0,\Gallery 54\02 - Uma (4)\,{Shemale Yum Dvd03~G54~02-4~02 - Uma (4)}
umad067.jpg,145303,a3908a25,\Gallery 54\02 - Uma (4)\,{Shemale Yum Dvd03~G54~02-4~02 - Uma (4)}
umad068.jpg,150106,41a05559,\Gallery 54\02 - Uma (4)\,{Shemale Yum Dvd03~G54~02-4~02 - Uma (4)}
umad069.jpg,145286,85ae8bb5,\Gallery 54\02 - Uma (4)\,{Shemale Yum Dvd03~G54~02-4~02 - Uma (4)}
umad070.jpg,112023,2a835b85,\Gallery 54\02 - Uma (4)\,{Shemale Yum Dvd03~G54~02-4~02 - Uma (4)}
umad071.jpg,156258,bc67e843,\Gallery 54\02 - Uma (4)\,{Shemale Yum Dvd03~G54~02-4~02 - Uma (4)}
umad072.jpg,96862,d679d8bc,\Gallery 54\02 - Uma (4)\,{Shemale Yum Dvd03~G54~02-4~02 - Uma (4)}
umad073.jpg,128262,f5d52db9,\Gallery 54\02 - Uma (4)\,{Shemale Yum Dvd03~G54~02-4~02 - Uma (4)}
umad074.jpg,140470,d803f4e9,\Gallery 54\02 - Uma (4)\,{Shemale Yum Dvd03~G54~02-4~02 - Uma (4)}
umad075.jpg,130301,bb1b1e98,\Gallery 54\02 - Uma (4)\,{Shemale Yum Dvd03~G54~02-4~02 - Uma (4)}
umad076.jpg,175949,6fb20add,\Gallery 54\02 - Uma (4)\,{Shemale Yum Dvd03~G54~02-4~02 - Uma (4)}
umad077.jpg,175247,6bd7fdd7,\Gallery 54\02 - Uma (4)\,{Shemale Yum Dvd03~G54~02-4~02 - Uma (4)}
umad078.jpg,167638,cf2ea2a2,\Gallery 54\02 - Uma (4)\,{Shemale Yum Dvd03~G54~02-4~02 - Uma (4)}
umad079.jpg,179447,03a8741e,\Gallery 54\02 - Uma (4)\,{Shemale Yum Dvd03~G54~02-4~02 - Uma (4)}
umad080.jpg,159546,7b8632fc,\Gallery 54\02 - Uma (4)\,{Shemale Yum Dvd03~G54~02-4~02 - Uma (4)}
umad081.jpg,139746,e2e11c1b,\Gallery 54\02 - Uma (4)\,{Shemale Yum Dvd03~G54~02-4~02 - Uma (4)}
umad082.jpg,177103,8a2079e9,\Gallery 54\02 - Uma (4)\,{Shemale Yum Dvd03~G54~02-4~02 - Uma (4)}
umad083.jpg,184801,56f1a011,\Gallery 54\02 - Uma (4)\,{Shemale Yum Dvd03~G54~02-4~02 - Uma (4)}
umad084.jpg,178033,476f9456,\Gallery 54\02 - Uma (4)\,{Shemale Yum Dvd03~G54~02-4~02 - Uma (4)}
umad085.jpg,169906,29e1101f,\Gallery 54\02 - Uma (4)\,{Shemale Yum Dvd03~G54~02-4~02 - Uma (4)}
umad086.jpg,151572,83490b02,\Gallery 54\02 - Uma (4)\,{Shemale Yum Dvd03~G54~02-4~02 - Uma (4)}
umad087.jpg,173592,7588bf66,\Gallery 54\02 - Uma (4)\,{Shemale Yum Dvd03~G54~02-4~02 - Uma (4)}
umad088.jpg,137620,cfc31e30,\Gallery 54\02 - Uma (4)\,{Shemale Yum Dvd03~G54~02-4~02 - Uma (4)}
umad089.jpg,191572,2b8d0112,\Gallery 54\02 - Uma (4)\,{Shemale Yum Dvd03~G54~02-4~02 - Uma (4)}
umad090.jpg,186023,3be16d30,\Gallery 54\02 - Uma (4)\,{Shemale Yum Dvd03~G54~02-4~02 - Uma (4)}
umad091.jpg,181095,bcbf0724,\Gallery 54\02 - Uma (4)\,{Shemale Yum Dvd03~G54~02-4~02 - Uma (4)}
umad092.jpg,176949,1a532919,\Gallery 54\02 - Uma (4)\,{Shemale Yum Dvd03~G54~02-4~02 - Uma (4)}
umad093.jpg,175425,f666f3c6,\Gallery 54\02 - Uma (4)\,{Shemale Yum Dvd03~G54~02-4~02 - Uma (4)}
01020001.jpg,117264,a6d0d832,\Gallery 54\03 - Urish\,{Shemale Yum Dvd03~G54~03~03 - Urish}
01020002.jpg,130419,23075bf9,\Gallery 54\03 - Urish\,{Shemale Yum Dvd03~G54~03~03 - Urish}
01020003.jpg,151711,d478dd81,\Gallery 54\03 - Urish\,{Shemale Yum Dvd03~G54~03~03 - Urish}
01020004.jpg,140982,78cf4874,\Gallery 54\03 - Urish\,{Shemale Yum Dvd03~G54~03~03 - Urish}
01020005.jpg,131534,4e1a8cb0,\Gallery 54\03 - Urish\,{Shemale Yum Dvd03~G54~03~03 - Urish}
01020006.jpg,126399,be3a2d86,\Gallery 54\03 - Urish\,{Shemale Yum Dvd03~G54~03~03 - Urish}
01020008.jpg,129679,510a61ce,\Gallery 54\03 - Urish\,{Shemale Yum Dvd03~G54~03~03 - Urish}
01020010.jpg,142080,d525766d,\Gallery 54\03 - Urish\,{Shemale Yum Dvd03~G54~03~03 - Urish}
01020011.jpg,138222,1f607964,\Gallery 54\03 - Urish\,{Shemale Yum Dvd03~G54~03~03 - Urish}
01020012.jpg,139736,1a359ab6,\Gallery 54\03 - Urish\,{Shemale Yum Dvd03~G54~03~03 - Urish}
01020013.jpg,111008,3b86c01a,\Gallery 54\03 - Urish\,{Shemale Yum Dvd03~G54~03~03 - Urish}
01020014.jpg,138519,08cf6419,\Gallery 54\03 - Urish\,{Shemale Yum Dvd03~G54~03~03 - Urish}
01020015.jpg,128158,bd64efce,\Gallery 54\03 - Urish\,{Shemale Yum Dvd03~G54~03~03 - Urish}
01020017.jpg,143192,2ea3957f,\Gallery 54\03 - Urish\,{Shemale Yum Dvd03~G54~03~03 - Urish}
01020018.jpg,125145,eab657de,\Gallery 54\03 - Urish\,{Shemale Yum Dvd03~G54~03~03 - Urish}
01020019.jpg,125186,e8f87687,\Gallery 54\03 - Urish\,{Shemale Yum Dvd03~G54~03~03 - Urish}
01020020.jpg,132976,0ec6b0db,\Gallery 54\03 - Urish\,{Shemale Yum Dvd03~G54~03~03 - Urish}
01020021.jpg,141406,cfc3fae7,\Gallery 54\03 - Urish\,{Shemale Yum Dvd03~G54~03~03 - Urish}
01020022.jpg,113543,b5f5e9be,\Gallery 54\03 - Urish\,{Shemale Yum Dvd03~G54~03~03 - Urish}
01020023.jpg,134913,c38fe8ae,\Gallery 54\03 - Urish\,{Shemale Yum Dvd03~G54~03~03 - Urish}
01020024.jpg,123903,c5da1ce2,\Gallery 54\03 - Urish\,{Shemale Yum Dvd03~G54~03~03 - Urish}
01020025.jpg,130311,140cff62,\Gallery 54\03 - Urish\,{Shemale Yum Dvd03~G54~03~03 - Urish}
01020026.jpg,134098,00cc3226,\Gallery 54\03 - Urish\,{Shemale Yum Dvd03~G54~03~03 - Urish}
01020027.jpg,139698,574c92ec,\Gallery 54\03 - Urish\,{Shemale Yum Dvd03~G54~03~03 - Urish}
01020028.jpg,133997,7ab5482f,\Gallery 54\03 - Urish\,{Shemale Yum Dvd03~G54~03~03 - Urish}
01020029.jpg,133301,76901b43,\Gallery 54\03 - Urish\,{Shemale Yum Dvd03~G54~03~03 - Urish}
01020030.jpg,119877,c318acc6,\Gallery 54\03 - Urish\,{Shemale Yum Dvd03~G54~03~03 - Urish}
01020031.jpg,125684,a1f13565,\Gallery 54\03 - Urish\,{Shemale Yum Dvd03~G54~03~03 - Urish}
01020032.jpg,135933,9aaf1724,\Gallery 54\03 - Urish\,{Shemale Yum Dvd03~G54~03~03 - Urish}
01020033.jpg,98268,b32669e8,\Gallery 54\03 - Urish\,{Shemale Yum Dvd03~G54~03~03 - Urish}
01020034.jpg,111417,67c6ab15,\Gallery 54\03 - Urish\,{Shemale Yum Dvd03~G54~03~03 - Urish}
01020035.jpg,117176,18a2a7a9,\Gallery 54\03 - Urish\,{Shemale Yum Dvd03~G54~03~03 - Urish}
01020036.jpg,114171,ed8236be,\Gallery 54\03 - Urish\,{Shemale Yum Dvd03~G54~03~03 - Urish}
01020037.jpg,118137,8640e343,\Gallery 54\03 - Urish\,{Shemale Yum Dvd03~G54~03~03 - Urish}
01020038.jpg,120722,810e763d,\Gallery 54\03 - Urish\,{Shemale Yum Dvd03~G54~03~03 - Urish}
01020039.jpg,117764,34a703e2,\Gallery 54\03 - Urish\,{Shemale Yum Dvd03~G54~03~03 - Urish}
01020040.jpg,124669,f649e388,\Gallery 54\03 - Urish\,{Shemale Yum Dvd03~G54~03~03 - Urish}
01020041.jpg,131654,0127a55b,\Gallery 54\03 - Urish\,{Shemale Yum Dvd03~G54~03~03 - Urish}
01020042.jpg,131604,db233dc7,\Gallery 54\03 - Urish\,{Shemale Yum Dvd03~G54~03~03 - Urish}
01020043.jpg,132306,56a9c722,\Gallery 54\03 - Urish\,{Shemale Yum Dvd03~G54~03~03 - Urish}
01020044.jpg,120768,44268c7b,\Gallery 54\03 - Urish\,{Shemale Yum Dvd03~G54~03~03 - Urish}
01020045.jpg,124881,0be8f65b,\Gallery 54\03 - Urish\,{Shemale Yum Dvd03~G54~03~03 - Urish}
01020046.jpg,105793,3f03a5c1,\Gallery 54\03 - Urish\,{Shemale Yum Dvd03~G54~03~03 - Urish}
01020047.jpg,119379,ccc4150b,\Gallery 54\03 - Urish\,{Shemale Yum Dvd03~G54~03~03 - Urish}
01020048.jpg,138388,0fb956f8,\Gallery 54\03 - Urish\,{Shemale Yum Dvd03~G54~03~03 - Urish}
01020049.jpg,139973,b879dac6,\Gallery 54\03 - Urish\,{Shemale Yum Dvd03~G54~03~03 - Urish}
01020050.jpg,133593,728b8c3e,\Gallery 54\03 - Urish\,{Shemale Yum Dvd03~G54~03~03 - Urish}
01020051.jpg,112133,c4c21a74,\Gallery 54\03 - Urish\,{Shemale Yum Dvd03~G54~03~03 - Urish}
01020052.jpg,113635,f20233dc,\Gallery 54\03 - Urish\,{Shemale Yum Dvd03~G54~03~03 - Urish}
01020053.jpg,115613,9bc9af12,\Gallery 54\03 - Urish\,{Shemale Yum Dvd03~G54~03~03 - Urish}
01020054.jpg,139762,e7dcfea6,\Gallery 54\03 - Urish\,{Shemale Yum Dvd03~G54~03~03 - Urish}
01020055.jpg,107050,9dbec6c3,\Gallery 54\03 - Urish\,{Shemale Yum Dvd03~G54~03~03 - Urish}
01020056.jpg,121609,14e73bb1,\Gallery 54\03 - Urish\,{Shemale Yum Dvd03~G54~03~03 - Urish}
01020057.jpg,132068,746095b4,\Gallery 54\03 - Urish\,{Shemale Yum Dvd03~G54~03~03 - Urish}
01020058.jpg,131127,4220f1cb,\Gallery 54\03 - Urish\,{Shemale Yum Dvd03~G54~03~03 - Urish}
01020059.jpg,132578,e6263eb2,\Gallery 54\03 - Urish\,{Shemale Yum Dvd03~G54~03~03 - Urish}
01020060.jpg,130334,a765f4df,\Gallery 54\03 - Urish\,{Shemale Yum Dvd03~G54~03~03 - Urish}
01020061.jpg,137043,95e08095,\Gallery 54\03 - Urish\,{Shemale Yum Dvd03~G54~03~03 - Urish}
01020062.jpg,121244,739ebd55,\Gallery 54\03 - Urish\,{Shemale Yum Dvd03~G54~03~03 - Urish}
01020063.jpg,124694,5a74f90c,\Gallery 54\03 - Urish\,{Shemale Yum Dvd03~G54~03~03 - Urish}
01020064.jpg,111190,53dadda1,\Gallery 54\03 - Urish\,{Shemale Yum Dvd03~G54~03~03 - Urish}
01020066.jpg,115150,3e2c6dee,\Gallery 54\03 - Urish\,{Shemale Yum Dvd03~G54~03~03 - Urish}
01020067.jpg,93346,ad2f513f,\Gallery 54\03 - Urish\,{Shemale Yum Dvd03~G54~03~03 - Urish}
01020068.jpg,114653,e1c4d6e7,\Gallery 54\03 - Urish\,{Shemale Yum Dvd03~G54~03~03 - Urish}
01020069.jpg,115352,9a1140eb,\Gallery 54\03 - Urish\,{Shemale Yum Dvd03~G54~03~03 - Urish}
01020070.jpg,118696,282065a4,\Gallery 54\03 - Urish\,{Shemale Yum Dvd03~G54~03~03 - Urish}
01020071.jpg,107447,50d5012a,\Gallery 54\03 - Urish\,{Shemale Yum Dvd03~G54~03~03 - Urish}
01020072.jpg,98867,7f0dd06d,\Gallery 54\03 - Urish\,{Shemale Yum Dvd03~G54~03~03 - Urish}
01020074.jpg,114869,1bc3f4bc,\Gallery 54\03 - Urish\,{Shemale Yum Dvd03~G54~03~03 - Urish}
01020075.jpg,115665,3ead3364,\Gallery 54\03 - Urish\,{Shemale Yum Dvd03~G54~03~03 - Urish}
01020076.jpg,113770,cebbac41,\Gallery 54\03 - Urish\,{Shemale Yum Dvd03~G54~03~03 - Urish}
01020077.jpg,102296,5f444c14,\Gallery 54\03 - Urish\,{Shemale Yum Dvd03~G54~03~03 - Urish}
01020078.jpg,106816,13c6425d,\Gallery 54\03 - Urish\,{Shemale Yum Dvd03~G54~03~03 - Urish}
01020079.jpg,102853,7a259729,\Gallery 54\03 - Urish\,{Shemale Yum Dvd03~G54~03~03 - Urish}
01020080.jpg,135636,0fbf22c5,\Gallery 54\03 - Urish\,{Shemale Yum Dvd03~G54~03~03 - Urish}
01020081.jpg,143492,3f624fb6,\Gallery 54\03 - Urish\,{Shemale Yum Dvd03~G54~03~03 - Urish}
01020082.jpg,133611,c758ddb1,\Gallery 54\03 - Urish\,{Shemale Yum Dvd03~G54~03~03 - Urish}
01020083.jpg,130322,39e1a010,\Gallery 54\03 - Urish\,{Shemale Yum Dvd03~G54~03~03 - Urish}
01020084.jpg,145905,345d1d83,\Gallery 54\03 - Urish\,{Shemale Yum Dvd03~G54~03~03 - Urish}
01020085.jpg,134098,f8daf9f7,\Gallery 54\03 - Urish\,{Shemale Yum Dvd03~G54~03~03 - Urish}
01020086.jpg,118741,dcf4a074,\Gallery 54\03 - Urish\,{Shemale Yum Dvd03~G54~03~03 - Urish}
01020087.jpg,129554,5af73af7,\Gallery 54\03 - Urish\,{Shemale Yum Dvd03~G54~03~03 - Urish}
01020088.jpg,139019,64276245,\Gallery 54\03 - Urish\,{Shemale Yum Dvd03~G54~03~03 - Urish}
01020090.jpg,139967,3a0413af,\Gallery 54\03 - Urish\,{Shemale Yum Dvd03~G54~03~03 - Urish}
01020091.jpg,135677,c30be194,\Gallery 54\03 - Urish\,{Shemale Yum Dvd03~G54~03~03 - Urish}
urish01020016.jpg,117508,5b41c669,\Gallery 54\03 - Urish\,{Shemale Yum Dvd03~G54~03~03 - Urish}
urish01020065.jpg,111873,222e69f5,\Gallery 54\03 - Urish\,{Shemale Yum Dvd03~G54~03~03 - Urish}
armani071.jpg,127723,930fbef1,\Gallery 54\04 - Armani\,{Shemale Yum Dvd03~G54~04~04 - Armani}
armani072.jpg,126108,c265b597,\Gallery 54\04 - Armani\,{Shemale Yum Dvd03~G54~04~04 - Armani}
armani073.jpg,136355,43046075,\Gallery 54\04 - Armani\,{Shemale Yum Dvd03~G54~04~04 - Armani}
armani074.jpg,130143,80b95b7c,\Gallery 54\04 - Armani\,{Shemale Yum Dvd03~G54~04~04 - Armani}
armani075.jpg,129805,7668dee6,\Gallery 54\04 - Armani\,{Shemale Yum Dvd03~G54~04~04 - Armani}
armani076.jpg,142863,ddd8df8a,\Gallery 54\04 - Armani\,{Shemale Yum Dvd03~G54~04~04 - Armani}
armani077.jpg,129883,3bcc8b21,\Gallery 54\04 - Armani\,{Shemale Yum Dvd03~G54~04~04 - Armani}
armani078.jpg,119606,6e89b06d,\Gallery 54\04 - Armani\,{Shemale Yum Dvd03~G54~04~04 - Armani}
armani079.jpg,134045,acba9f2b,\Gallery 54\04 - Armani\,{Shemale Yum Dvd03~G54~04~04 - Armani}
armani080.jpg,129537,4c00152c,\Gallery 54\04 - Armani\,{Shemale Yum Dvd03~G54~04~04 - Armani}
armani081.jpg,133226,3ad6d224,\Gallery 54\04 - Armani\,{Shemale Yum Dvd03~G54~04~04 - Armani}
armani082.jpg,138042,11ac3c38,\Gallery 54\04 - Armani\,{Shemale Yum Dvd03~G54~04~04 - Armani}
armani083.jpg,135009,12819881,\Gallery 54\04 - Armani\,{Shemale Yum Dvd03~G54~04~04 - Armani}
armani084.jpg,130907,8d51f32a,\Gallery 54\04 - Armani\,{Shemale Yum Dvd03~G54~04~04 - Armani}
armani085.jpg,130881,a60f03e9,\Gallery 54\04 - Armani\,{Shemale Yum Dvd03~G54~04~04 - Armani}
armani086.jpg,127759,a97d3133,\Gallery 54\04 - Armani\,{Shemale Yum Dvd03~G54~04~04 - Armani}
armani087.jpg,123820,42efb870,\Gallery 54\04 - Armani\,{Shemale Yum Dvd03~G54~04~04 - Armani}
armani088.jpg,120358,b2eb3222,\Gallery 54\04 - Armani\,{Shemale Yum Dvd03~G54~04~04 - Armani}
armani089.jpg,127481,9e91740c,\Gallery 54\04 - Armani\,{Shemale Yum Dvd03~G54~04~04 - Armani}
armani090.jpg,123607,cc031cf4,\Gallery 54\04 - Armani\,{Shemale Yum Dvd03~G54~04~04 - Armani}
armani091.jpg,136334,99056cf6,\Gallery 54\04 - Armani\,{Shemale Yum Dvd03~G54~04~04 - Armani}
armani092.jpg,116486,4c1e4f31,\Gallery 54\04 - Armani\,{Shemale Yum Dvd03~G54~04~04 - Armani}
armani093.jpg,120584,3b36c957,\Gallery 54\04 - Armani\,{Shemale Yum Dvd03~G54~04~04 - Armani}
armani094.jpg,121982,c1716197,\Gallery 54\04 - Armani\,{Shemale Yum Dvd03~G54~04~04 - Armani}
armani095.jpg,116811,8134cace,\Gallery 54\04 - Armani\,{Shemale Yum Dvd03~G54~04~04 - Armani}
armani096.jpg,125648,0b1075d4,\Gallery 54\04 - Armani\,{Shemale Yum Dvd03~G54~04~04 - Armani}
armani097.jpg,120748,d43b59f5,\Gallery 54\04 - Armani\,{Shemale Yum Dvd03~G54~04~04 - Armani}
armani098.jpg,127730,5e96c4e0,\Gallery 54\04 - Armani\,{Shemale Yum Dvd03~G54~04~04 - Armani}
armani099.jpg,123365,925e6801,\Gallery 54\04 - Armani\,{Shemale Yum Dvd03~G54~04~04 - Armani}
armani100.jpg,116409,00d3a1ba,\Gallery 54\04 - Armani\,{Shemale Yum Dvd03~G54~04~04 - Armani}
armani101.jpg,127767,1059fb18,\Gallery 54\04 - Armani\,{Shemale Yum Dvd03~G54~04~04 - Armani}
armani102.jpg,120196,3cea9f61,\Gallery 54\04 - Armani\,{Shemale Yum Dvd03~G54~04~04 - Armani}
armani103.jpg,114200,6507a083,\Gallery 54\04 - Armani\,{Shemale Yum Dvd03~G54~04~04 - Armani}
armani097.jpg,96436,b1299a5c,\Gallery 54\04 - Armani (2)\,{Shemale Yum Dvd03~G54~04-2~04 - Armani (2)}
armani098.jpg,96056,fe754d66,\Gallery 54\04 - Armani (2)\,{Shemale Yum Dvd03~G54~04-2~04 - Armani (2)}
armani099.jpg,108652,7499fbad,\Gallery 54\04 - Armani (2)\,{Shemale Yum Dvd03~G54~04-2~04 - Armani (2)}
armani100.jpg,95894,86846c66,\Gallery 54\04 - Armani (2)\,{Shemale Yum Dvd03~G54~04-2~04 - Armani (2)}
armani101.jpg,88128,9f72a5d2,\Gallery 54\04 - Armani (2)\,{Shemale Yum Dvd03~G54~04-2~04 - Armani (2)}
armani102.jpg,93864,21458b87,\Gallery 54\04 - Armani (2)\,{Shemale Yum Dvd03~G54~04-2~04 - Armani (2)}
armani103.jpg,82783,d5d84ce0,\Gallery 54\04 - Armani (2)\,{Shemale Yum Dvd03~G54~04-2~04 - Armani (2)}
armani104.jpg,89730,d61e98d3,\Gallery 54\04 - Armani (2)\,{Shemale Yum Dvd03~G54~04-2~04 - Armani (2)}
armani105.jpg,78471,998d1a9c,\Gallery 54\04 - Armani (2)\,{Shemale Yum Dvd03~G54~04-2~04 - Armani (2)}
armani106.jpg,82359,202b9e1f,\Gallery 54\04 - Armani (2)\,{Shemale Yum Dvd03~G54~04-2~04 - Armani (2)}
armani107.jpg,79712,09cdf94b,\Gallery 54\04 - Armani (2)\,{Shemale Yum Dvd03~G54~04-2~04 - Armani (2)}
armani108.jpg,83331,925313da,\Gallery 54\04 - Armani (2)\,{Shemale Yum Dvd03~G54~04-2~04 - Armani (2)}
armani109.jpg,80462,b6bd3bd5,\Gallery 54\04 - Armani (2)\,{Shemale Yum Dvd03~G54~04-2~04 - Armani (2)}
armani110.jpg,106203,5c50f560,\Gallery 54\04 - Armani (2)\,{Shemale Yum Dvd03~G54~04-2~04 - Armani (2)}
armani111.jpg,111729,96f49e5f,\Gallery 54\04 - Armani (2)\,{Shemale Yum Dvd03~G54~04-2~04 - Armani (2)}
armani112.jpg,99633,51b323ba,\Gallery 54\04 - Armani (2)\,{Shemale Yum Dvd03~G54~04-2~04 - Armani (2)}
armani113.jpg,118270,3dfdf19e,\Gallery 54\04 - Armani (2)\,{Shemale Yum Dvd03~G54~04-2~04 - Armani (2)}
armani115.jpg,106110,d2e6f645,\Gallery 54\04 - Armani (2)\,{Shemale Yum Dvd03~G54~04-2~04 - Armani (2)}
armani116.jpg,98521,c302aded,\Gallery 54\04 - Armani (2)\,{Shemale Yum Dvd03~G54~04-2~04 - Armani (2)}
armani117.jpg,109327,b6e17b7c,\Gallery 54\04 - Armani (2)\,{Shemale Yum Dvd03~G54~04-2~04 - Armani (2)}
armani118.jpg,91064,70faea1b,\Gallery 54\04 - Armani (2)\,{Shemale Yum Dvd03~G54~04-2~04 - Armani (2)}
armani119.jpg,87421,db678e36,\Gallery 54\04 - Armani (2)\,{Shemale Yum Dvd03~G54~04-2~04 - Armani (2)}
armani120.jpg,91441,2fd9a362,\Gallery 54\04 - Armani (2)\,{Shemale Yum Dvd03~G54~04-2~04 - Armani (2)}
armani121.jpg,114005,33082cb2,\Gallery 54\04 - Armani (2)\,{Shemale Yum Dvd03~G54~04-2~04 - Armani (2)}
armani122.jpg,108173,8a6020f2,\Gallery 54\04 - Armani (2)\,{Shemale Yum Dvd03~G54~04-2~04 - Armani (2)}
armani123.jpg,88579,8336e3e1,\Gallery 54\04 - Armani (2)\,{Shemale Yum Dvd03~G54~04-2~04 - Armani (2)}
armani124.jpg,86102,a481cfef,\Gallery 54\04 - Armani (2)\,{Shemale Yum Dvd03~G54~04-2~04 - Armani (2)}
armani125.jpg,93515,59b5a9ea,\Gallery 54\04 - Armani (2)\,{Shemale Yum Dvd03~G54~04-2~04 - Armani (2)}
armani126.jpg,117566,f143fb46,\Gallery 54\04 - Armani (2)\,{Shemale Yum Dvd03~G54~04-2~04 - Armani (2)}
armani127.jpg,142347,eab047fd,\Gallery 54\04 - Armani (2)\,{Shemale Yum Dvd03~G54~04-2~04 - Armani (2)}
armani128.jpg,129786,734f797a,\Gallery 54\04 - Armani (2)\,{Shemale Yum Dvd03~G54~04-2~04 - Armani (2)}
armani129.jpg,115058,dec8ec60,\Gallery 54\04 - Armani (2)\,{Shemale Yum Dvd03~G54~04-2~04 - Armani (2)}
armani130.jpg,106606,cf799126,\Gallery 54\04 - Armani (2)\,{Shemale Yum Dvd03~G54~04-2~04 - Armani (2)}
armani131.jpg,81362,a6a538ed,\Gallery 54\04 - Armani (2)\,{Shemale Yum Dvd03~G54~04-2~04 - Armani (2)}
armani132.jpg,96811,085359d7,\Gallery 54\04 - Armani (2)\,{Shemale Yum Dvd03~G54~04-2~04 - Armani (2)}
armani133.jpg,101810,3d2cf561,\Gallery 54\04 - Armani (2)\,{Shemale Yum Dvd03~G54~04-2~04 - Armani (2)}
armani134.jpg,100734,b8605da2,\Gallery 54\04 - Armani (2)\,{Shemale Yum Dvd03~G54~04-2~04 - Armani (2)}
armani135.jpg,86455,51dfb034,\Gallery 54\04 - Armani (2)\,{Shemale Yum Dvd03~G54~04-2~04 - Armani (2)}
armani136.jpg,127666,b1f3ace0,\Gallery 54\04 - Armani (2)\,{Shemale Yum Dvd03~G54~04-2~04 - Armani (2)}
armani137.jpg,133694,56a8e6b4,\Gallery 54\04 - Armani (2)\,{Shemale Yum Dvd03~G54~04-2~04 - Armani (2)}
armani138.jpg,142235,4a46cb69,\Gallery 54\04 - Armani (2)\,{Shemale Yum Dvd03~G54~04-2~04 - Armani (2)}
armani139.jpg,136947,8d6d088d,\Gallery 54\04 - Armani (2)\,{Shemale Yum Dvd03~G54~04-2~04 - Armani (2)}
armani140.jpg,132667,89ed36d0,\Gallery 54\04 - Armani (2)\,{Shemale Yum Dvd03~G54~04-2~04 - Armani (2)}
armani141.jpg,138733,565da7b0,\Gallery 54\04 - Armani (2)\,{Shemale Yum Dvd03~G54~04-2~04 - Armani (2)}
armani142.jpg,139121,5c82aeda,\Gallery 54\04 - Armani (2)\,{Shemale Yum Dvd03~G54~04-2~04 - Armani (2)}
armani143.jpg,112120,9d8ebbbd,\Gallery 54\04 - Armani (2)\,{Shemale Yum Dvd03~G54~04-2~04 - Armani (2)}
armani144.jpg,109428,f91ac45d,\Gallery 54\04 - Armani (2)\,{Shemale Yum Dvd03~G54~04-2~04 - Armani (2)}
armani145.jpg,135305,9572056c,\Gallery 54\04 - Armani (2)\,{Shemale Yum Dvd03~G54~04-2~04 - Armani (2)}
armani146.jpg,119114,eba9442b,\Gallery 54\04 - Armani (2)\,{Shemale Yum Dvd03~G54~04-2~04 - Armani (2)}
armani147.jpg,95344,a75d8340,\Gallery 54\04 - Armani (2)\,{Shemale Yum Dvd03~G54~04-2~04 - Armani (2)}
armani148.jpg,124114,a239e782,\Gallery 54\04 - Armani (2)\,{Shemale Yum Dvd03~G54~04-2~04 - Armani (2)}
armani149.jpg,125978,a05906da,\Gallery 54\04 - Armani (2)\,{Shemale Yum Dvd03~G54~04-2~04 - Armani (2)}
armani150.jpg,134279,be9e53f5,\Gallery 54\04 - Armani (2)\,{Shemale Yum Dvd03~G54~04-2~04 - Armani (2)}
armani151.jpg,131578,80813e03,\Gallery 54\04 - Armani (2)\,{Shemale Yum Dvd03~G54~04-2~04 - Armani (2)}
armani152.jpg,147946,7bbfe3ec,\Gallery 54\04 - Armani (2)\,{Shemale Yum Dvd03~G54~04-2~04 - Armani (2)}
armani153.jpg,125052,949a5f5e,\Gallery 54\04 - Armani (2)\,{Shemale Yum Dvd03~G54~04-2~04 - Armani (2)}
armani154.jpg,112219,2d3e8438,\Gallery 54\04 - Armani (2)\,{Shemale Yum Dvd03~G54~04-2~04 - Armani (2)}
armani155.jpg,106012,f1d47068,\Gallery 54\04 - Armani (2)\,{Shemale Yum Dvd03~G54~04-2~04 - Armani (2)}
armani156.jpg,99715,ab0114c0,\Gallery 54\04 - Armani (2)\,{Shemale Yum Dvd03~G54~04-2~04 - Armani (2)}
armani157.jpg,100483,3cd22ea7,\Gallery 54\04 - Armani (2)\,{Shemale Yum Dvd03~G54~04-2~04 - Armani (2)}
armani158.jpg,138659,becc9245,\Gallery 54\04 - Armani (2)\,{Shemale Yum Dvd03~G54~04-2~04 - Armani (2)}
armani159.jpg,127488,58c0bf13,\Gallery 54\04 - Armani (2)\,{Shemale Yum Dvd03~G54~04-2~04 - Armani (2)}
armani160.jpg,124137,717c7804,\Gallery 54\04 - Armani (2)\,{Shemale Yum Dvd03~G54~04-2~04 - Armani (2)}
armani161.jpg,121285,55c2eb64,\Gallery 54\04 - Armani (2)\,{Shemale Yum Dvd03~G54~04-2~04 - Armani (2)}
armani162.jpg,115679,2022cec8,\Gallery 54\04 - Armani (2)\,{Shemale Yum Dvd03~G54~04-2~04 - Armani (2)}
armani163.jpg,123173,99c8f06f,\Gallery 54\04 - Armani (2)\,{Shemale Yum Dvd03~G54~04-2~04 - Armani (2)}
armani164.jpg,128672,9146bcb9,\Gallery 54\04 - Armani (2)\,{Shemale Yum Dvd03~G54~04-2~04 - Armani (2)}
armani165.jpg,96355,757ef89f,\Gallery 54\04 - Armani (2)\,{Shemale Yum Dvd03~G54~04-2~04 - Armani (2)}
armani166.jpg,129812,8ccf983a,\Gallery 54\04 - Armani (2)\,{Shemale Yum Dvd03~G54~04-2~04 - Armani (2)}
armani167.jpg,107969,d4d6e482,\Gallery 54\04 - Armani (2)\,{Shemale Yum Dvd03~G54~04-2~04 - Armani (2)}
armani168.jpg,115644,01dab105,\Gallery 54\04 - Armani (2)\,{Shemale Yum Dvd03~G54~04-2~04 - Armani (2)}
armani169.jpg,114785,30295f1b,\Gallery 54\04 - Armani (2)\,{Shemale Yum Dvd03~G54~04-2~04 - Armani (2)}
armani170.jpg,129656,994d2fbe,\Gallery 54\04 - Armani (2)\,{Shemale Yum Dvd03~G54~04-2~04 - Armani (2)}
armani171.jpg,101131,a789bad6,\Gallery 54\04 - Armani (2)\,{Shemale Yum Dvd03~G54~04-2~04 - Armani (2)}
armani172.jpg,121298,353ff2da,\Gallery 54\04 - Armani (2)\,{Shemale Yum Dvd03~G54~04-2~04 - Armani (2)}
armani173.jpg,122930,325bd14e,\Gallery 54\04 - Armani (2)\,{Shemale Yum Dvd03~G54~04-2~04 - Armani (2)}
armani174.jpg,131119,0de8af45,\Gallery 54\04 - Armani (2)\,{Shemale Yum Dvd03~G54~04-2~04 - Armani (2)}
armani175.jpg,93085,4adf59e6,\Gallery 54\04 - Armani (2)\,{Shemale Yum Dvd03~G54~04-2~04 - Armani (2)}
armani176.jpg,94379,b8e013e5,\Gallery 54\04 - Armani (2)\,{Shemale Yum Dvd03~G54~04-2~04 - Armani (2)}
armani177.jpg,113020,d3983bf8,\Gallery 54\04 - Armani (2)\,{Shemale Yum Dvd03~G54~04-2~04 - Armani (2)}
armani178.jpg,114815,cce718b8,\Gallery 54\04 - Armani (2)\,{Shemale Yum Dvd03~G54~04-2~04 - Armani (2)}
armani179.jpg,129814,3988a5f6,\Gallery 54\04 - Armani (2)\,{Shemale Yum Dvd03~G54~04-2~04 - Armani (2)}
armani180.jpg,129633,28fc6ad3,\Gallery 54\04 - Armani (2)\,{Shemale Yum Dvd03~G54~04-2~04 - Armani (2)}
armani181.jpg,121893,4aaf0e0f,\Gallery 54\04 - Armani (2)\,{Shemale Yum Dvd03~G54~04-2~04 - Armani (2)}
armani182.jpg,124709,dce8d47b,\Gallery 54\04 - Armani (2)\,{Shemale Yum Dvd03~G54~04-2~04 - Armani (2)}
armani183.jpg,126749,b82af833,\Gallery 54\04 - Armani (2)\,{Shemale Yum Dvd03~G54~04-2~04 - Armani (2)}
armani184.jpg,132750,110e2976,\Gallery 54\04 - Armani (2)\,{Shemale Yum Dvd03~G54~04-2~04 - Armani (2)}
armani185.jpg,114593,cd43cce0,\Gallery 54\04 - Armani (2)\,{Shemale Yum Dvd03~G54~04-2~04 - Armani (2)}
armani186.jpg,115249,f51416ae,\Gallery 54\04 - Armani (2)\,{Shemale Yum Dvd03~G54~04-2~04 - Armani (2)}
armani187.jpg,119408,3ad0d9d5,\Gallery 54\04 - Armani (2)\,{Shemale Yum Dvd03~G54~04-2~04 - Armani (2)}
armani188.jpg,105413,80878f48,\Gallery 54\04 - Armani (2)\,{Shemale Yum Dvd03~G54~04-2~04 - Armani (2)}
armani189.jpg,124583,4ce2c23a,\Gallery 54\04 - Armani (2)\,{Shemale Yum Dvd03~G54~04-2~04 - Armani (2)}
armani190.jpg,111812,a2a756ba,\Gallery 54\04 - Armani (2)\,{Shemale Yum Dvd03~G54~04-2~04 - Armani (2)}
armani191.jpg,137612,9325834c,\Gallery 54\04 - Armani (2)\,{Shemale Yum Dvd03~G54~04-2~04 - Armani (2)}
armani192.jpg,132506,e67bd935,\Gallery 54\04 - Armani (2)\,{Shemale Yum Dvd03~G54~04-2~04 - Armani (2)}
armanib001.jpg,184450,4ecbf3cb,\Gallery 54\04 - Armani (3)\,{Shemale Yum Dvd03~G54~04-3~04 - Armani (3)}
armanib002.jpg,174932,4f60ccb5,\Gallery 54\04 - Armani (3)\,{Shemale Yum Dvd03~G54~04-3~04 - Armani (3)}
armanib003.jpg,176034,9d5f0494,\Gallery 54\04 - Armani (3)\,{Shemale Yum Dvd03~G54~04-3~04 - Armani (3)}
armanib004.jpg,179784,bbb42d87,\Gallery 54\04 - Armani (3)\,{Shemale Yum Dvd03~G54~04-3~04 - Armani (3)}
armanib005.jpg,141105,fcbd4c60,\Gallery 54\04 - Armani (3)\,{Shemale Yum Dvd03~G54~04-3~04 - Armani (3)}
armanib006.jpg,173740,31ac16f2,\Gallery 54\04 - Armani (3)\,{Shemale Yum Dvd03~G54~04-3~04 - Armani (3)}
armanib007.jpg,183275,cdd0af26,\Gallery 54\04 - Armani (3)\,{Shemale Yum Dvd03~G54~04-3~04 - Armani (3)}
armanib008.jpg,181279,7944a432,\Gallery 54\04 - Armani (3)\,{Shemale Yum Dvd03~G54~04-3~04 - Armani (3)}
armanib009.jpg,171447,ee74702e,\Gallery 54\04 - Armani (3)\,{Shemale Yum Dvd03~G54~04-3~04 - Armani (3)}
armanib010.jpg,164535,3f5f8919,\Gallery 54\04 - Armani (3)\,{Shemale Yum Dvd03~G54~04-3~04 - Armani (3)}
armanib011.jpg,182673,630ae603,\Gallery 54\04 - Armani (3)\,{Shemale Yum Dvd03~G54~04-3~04 - Armani (3)}
armanib012.jpg,166825,d6649b77,\Gallery 54\04 - Armani (3)\,{Shemale Yum Dvd03~G54~04-3~04 - Armani (3)}
armanib013.jpg,172508,631eaa20,\Gallery 54\04 - Armani (3)\,{Shemale Yum Dvd03~G54~04-3~04 - Armani (3)}
armanib014.jpg,154482,4e1d47df,\Gallery 54\04 - Armani (3)\,{Shemale Yum Dvd03~G54~04-3~04 - Armani (3)}
armanib015.jpg,169895,ef9d1bc6,\Gallery 54\04 - Armani (3)\,{Shemale Yum Dvd03~G54~04-3~04 - Armani (3)}
armanib016.jpg,180965,cb400b9c,\Gallery 54\04 - Armani (3)\,{Shemale Yum Dvd03~G54~04-3~04 - Armani (3)}
armanib017.jpg,185150,d2c3c2c0,\Gallery 54\04 - Armani (3)\,{Shemale Yum Dvd03~G54~04-3~04 - Armani (3)}
armanib018.jpg,182196,6e299ea9,\Gallery 54\04 - Armani (3)\,{Shemale Yum Dvd03~G54~04-3~04 - Armani (3)}
armanib019.jpg,145098,8e3fd703,\Gallery 54\04 - Armani (3)\,{Shemale Yum Dvd03~G54~04-3~04 - Armani (3)}
armanib020.jpg,179646,11a37c29,\Gallery 54\04 - Armani (3)\,{Shemale Yum Dvd03~G54~04-3~04 - Armani (3)}
armanib021.jpg,182336,51a45ee5,\Gallery 54\04 - Armani (3)\,{Shemale Yum Dvd03~G54~04-3~04 - Armani (3)}
armanib022.jpg,163847,39e6030b,\Gallery 54\04 - Armani (3)\,{Shemale Yum Dvd03~G54~04-3~04 - Armani (3)}
armanib023.jpg,184339,3c83e35d,\Gallery 54\04 - Armani (3)\,{Shemale Yum Dvd03~G54~04-3~04 - Armani (3)}
armanib024.jpg,164322,a59ed3ef,\Gallery 54\04 - Armani (3)\,{Shemale Yum Dvd03~G54~04-3~04 - Armani (3)}
armanib025.jpg,164857,6ea57d1d,\Gallery 54\04 - Armani (3)\,{Shemale Yum Dvd03~G54~04-3~04 - Armani (3)}
armanib026.jpg,181923,47526447,\Gallery 54\04 - Armani (3)\,{Shemale Yum Dvd03~G54~04-3~04 - Armani (3)}
armanib027.jpg,174019,1c20ea90,\Gallery 54\04 - Armani (3)\,{Shemale Yum Dvd03~G54~04-3~04 - Armani (3)}
armanib028.jpg,164268,4384addc,\Gallery 54\04 - Armani (3)\,{Shemale Yum Dvd03~G54~04-3~04 - Armani (3)}
armanib029.jpg,156861,7f382ea6,\Gallery 54\04 - Armani (3)\,{Shemale Yum Dvd03~G54~04-3~04 - Armani (3)}
armanib030.jpg,163138,f1359edf,\Gallery 54\04 - Armani (3)\,{Shemale Yum Dvd03~G54~04-3~04 - Armani (3)}
armanib031.jpg,178572,246c2fa8,\Gallery 54\04 - Armani (3)\,{Shemale Yum Dvd03~G54~04-3~04 - Armani (3)}
armanib032.jpg,184068,8e25c114,\Gallery 54\04 - Armani (3)\,{Shemale Yum Dvd03~G54~04-3~04 - Armani (3)}
armanib033.jpg,186291,f5beddd7,\Gallery 54\04 - Armani (3)\,{Shemale Yum Dvd03~G54~04-3~04 - Armani (3)}
armanib034.jpg,183079,85cfb348,\Gallery 54\04 - Armani (3)\,{Shemale Yum Dvd03~G54~04-3~04 - Armani (3)}
armanib035.jpg,191050,fe993442,\Gallery 54\04 - Armani (3)\,{Shemale Yum Dvd03~G54~04-3~04 - Armani (3)}
armanib036.jpg,178985,61a1a6d6,\Gallery 54\04 - Armani (3)\,{Shemale Yum Dvd03~G54~04-3~04 - Armani (3)}
armanib037.jpg,175845,84702a04,\Gallery 54\04 - Armani (3)\,{Shemale Yum Dvd03~G54~04-3~04 - Armani (3)}
armanib038.jpg,188159,54e85f5d,\Gallery 54\04 - Armani (3)\,{Shemale Yum Dvd03~G54~04-3~04 - Armani (3)}
armanib039.jpg,185350,c9df6a6f,\Gallery 54\04 - Armani (3)\,{Shemale Yum Dvd03~G54~04-3~04 - Armani (3)}
armanib040.jpg,162298,5224dc7e,\Gallery 54\04 - Armani (3)\,{Shemale Yum Dvd03~G54~04-3~04 - Armani (3)}
armanib041.jpg,170550,2aa1d4c4,\Gallery 54\04 - Armani (3)\,{Shemale Yum Dvd03~G54~04-3~04 - Armani (3)}
armanib042.jpg,160571,47904aa5,\Gallery 54\04 - Armani (3)\,{Shemale Yum Dvd03~G54~04-3~04 - Armani (3)}
armanib043.jpg,156594,841c6da7,\Gallery 54\04 - Armani (3)\,{Shemale Yum Dvd03~G54~04-3~04 - Armani (3)}
armanib044.jpg,142353,598974ca,\Gallery 54\04 - Armani (3)\,{Shemale Yum Dvd03~G54~04-3~04 - Armani (3)}
armanib045.jpg,156943,e378ac47,\Gallery 54\04 - Armani (3)\,{Shemale Yum Dvd03~G54~04-3~04 - Armani (3)}
armanib046.jpg,152976,be5fd620,\Gallery 54\04 - Armani (3)\,{Shemale Yum Dvd03~G54~04-3~04 - Armani (3)}
armanib047.jpg,182898,4a01e103,\Gallery 54\04 - Armani (3)\,{Shemale Yum Dvd03~G54~04-3~04 - Armani (3)}
armanib048.jpg,180374,cf2b034e,\Gallery 54\04 - Armani (3)\,{Shemale Yum Dvd03~G54~04-3~04 - Armani (3)}
armanib049.jpg,169472,68609226,\Gallery 54\04 - Armani (3)\,{Shemale Yum Dvd03~G54~04-3~04 - Armani (3)}
armanib050.jpg,157656,100d2476,\Gallery 54\04 - Armani (3)\,{Shemale Yum Dvd03~G54~04-3~04 - Armani (3)}
armanib051.jpg,150392,4b754cb1,\Gallery 54\04 - Armani (3)\,{Shemale Yum Dvd03~G54~04-3~04 - Armani (3)}
armanib052.jpg,144527,88cb1926,\Gallery 54\04 - Armani (3)\,{Shemale Yum Dvd03~G54~04-3~04 - Armani (3)}
armanib053.jpg,143358,4f2ecdf0,\Gallery 54\04 - Armani (3)\,{Shemale Yum Dvd03~G54~04-3~04 - Armani (3)}
armanib054.jpg,163603,ad9a2e70,\Gallery 54\04 - Armani (3)\,{Shemale Yum Dvd03~G54~04-3~04 - Armani (3)}
armanib055.jpg,140946,4185634a,\Gallery 54\04 - Armani (3)\,{Shemale Yum Dvd03~G54~04-3~04 - Armani (3)}
armanib056.jpg,177983,76735279,\Gallery 54\04 - Armani (3)\,{Shemale Yum Dvd03~G54~04-3~04 - Armani (3)}
armanib057.jpg,178719,ccf89203,\Gallery 54\04 - Armani (3)\,{Shemale Yum Dvd03~G54~04-3~04 - Armani (3)}
armanib058.jpg,179893,8c2b47a5,\Gallery 54\04 - Armani (3)\,{Shemale Yum Dvd03~G54~04-3~04 - Armani (3)}
armanib059.jpg,186583,876e0439,\Gallery 54\04 - Armani (3)\,{Shemale Yum Dvd03~G54~04-3~04 - Armani (3)}
armanib060.jpg,185940,470d7bcc,\Gallery 54\04 - Armani (3)\,{Shemale Yum Dvd03~G54~04-3~04 - Armani (3)}
armanib061.jpg,181675,4f0bf64a,\Gallery 54\04 - Armani (3)\,{Shemale Yum Dvd03~G54~04-3~04 - Armani (3)}
armanib062.jpg,179965,e9bcd65f,\Gallery 54\04 - Armani (3)\,{Shemale Yum Dvd03~G54~04-3~04 - Armani (3)}
armanib063.jpg,175267,5c9bda4c,\Gallery 54\04 - Armani (3)\,{Shemale Yum Dvd03~G54~04-3~04 - Armani (3)}
armanib064.jpg,147637,11315261,\Gallery 54\04 - Armani (3)\,{Shemale Yum Dvd03~G54~04-3~04 - Armani (3)}
armanib065.jpg,168748,0009027b,\Gallery 54\04 - Armani (3)\,{Shemale Yum Dvd03~G54~04-3~04 - Armani (3)}
armanib066.jpg,184488,30c9dcef,\Gallery 54\04 - Armani (3)\,{Shemale Yum Dvd03~G54~04-3~04 - Armani (3)}
armanib067.jpg,169678,aa34569b,\Gallery 54\04 - Armani (3)\,{Shemale Yum Dvd03~G54~04-3~04 - Armani (3)}
armanib068.jpg,190950,2c7dfee7,\Gallery 54\04 - Armani (3)\,{Shemale Yum Dvd03~G54~04-3~04 - Armani (3)}
armanib069.jpg,168897,420a4a5d,\Gallery 54\04 - Armani (3)\,{Shemale Yum Dvd03~G54~04-3~04 - Armani (3)}
armanib070.jpg,195976,e260f0cd,\Gallery 54\04 - Armani (3)\,{Shemale Yum Dvd03~G54~04-3~04 - Armani (3)}
armanib071.jpg,196366,82d8c255,\Gallery 54\04 - Armani (3)\,{Shemale Yum Dvd03~G54~04-3~04 - Armani (3)}
armanib072.jpg,168912,3b78d26a,\Gallery 54\04 - Armani (3)\,{Shemale Yum Dvd03~G54~04-3~04 - Armani (3)}
armanib073.jpg,226191,e345d2bc,\Gallery 54\04 - Armani (3)\,{Shemale Yum Dvd03~G54~04-3~04 - Armani (3)}
armanib074.jpg,182251,9c2f943d,\Gallery 54\04 - Armani (3)\,{Shemale Yum Dvd03~G54~04-3~04 - Armani (3)}
armanib075.jpg,175687,8e13b01e,\Gallery 54\04 - Armani (3)\,{Shemale Yum Dvd03~G54~04-3~04 - Armani (3)}
armanib076.jpg,188314,3d02307a,\Gallery 54\04 - Armani (3)\,{Shemale Yum Dvd03~G54~04-3~04 - Armani (3)}
armanib077.jpg,189588,0252bc53,\Gallery 54\04 - Armani (3)\,{Shemale Yum Dvd03~G54~04-3~04 - Armani (3)}
armanib078.jpg,189073,73315642,\Gallery 54\04 - Armani (3)\,{Shemale Yum Dvd03~G54~04-3~04 - Armani (3)}
armanib079.jpg,190393,eb9cf6de,\Gallery 54\04 - Armani (3)\,{Shemale Yum Dvd03~G54~04-3~04 - Armani (3)}
armanib080.jpg,195577,f0fd1c81,\Gallery 54\04 - Armani (3)\,{Shemale Yum Dvd03~G54~04-3~04 - Armani (3)}
armanib081.jpg,191740,fd7ec575,\Gallery 54\04 - Armani (3)\,{Shemale Yum Dvd03~G54~04-3~04 - Armani (3)}
armanib082.jpg,178423,e845e224,\Gallery 54\04 - Armani (3)\,{Shemale Yum Dvd03~G54~04-3~04 - Armani (3)}
armanib083.jpg,175139,7be2a98f,\Gallery 54\04 - Armani (3)\,{Shemale Yum Dvd03~G54~04-3~04 - Armani (3)}
armanib084.jpg,175428,34b82200,\Gallery 54\04 - Armani (3)\,{Shemale Yum Dvd03~G54~04-3~04 - Armani (3)}
armanib085.jpg,182082,e9285a62,\Gallery 54\04 - Armani (3)\,{Shemale Yum Dvd03~G54~04-3~04 - Armani (3)}
armanib086.jpg,191367,84fc1a7d,\Gallery 54\04 - Armani (3)\,{Shemale Yum Dvd03~G54~04-3~04 - Armani (3)}
armanib087.jpg,179592,709fc550,\Gallery 54\04 - Armani (3)\,{Shemale Yum Dvd03~G54~04-3~04 - Armani (3)}
armanib088.jpg,185441,abd53830,\Gallery 54\04 - Armani (3)\,{Shemale Yum Dvd03~G54~04-3~04 - Armani (3)}
armanib089.jpg,184127,aab2c45e,\Gallery 54\04 - Armani (3)\,{Shemale Yum Dvd03~G54~04-3~04 - Armani (3)}
armanib090.jpg,154945,6b99beb3,\Gallery 54\04 - Armani (3)\,{Shemale Yum Dvd03~G54~04-3~04 - Armani (3)}
armanib091.jpg,161318,b7ff465d,\Gallery 54\04 - Armani (3)\,{Shemale Yum Dvd03~G54~04-3~04 - Armani (3)}
armanib092.jpg,130960,3699eb08,\Gallery 54\04 - Armani (3)\,{Shemale Yum Dvd03~G54~04-3~04 - Armani (3)}
armanib093.jpg,131092,5566f49b,\Gallery 54\04 - Armani (3)\,{Shemale Yum Dvd03~G54~04-3~04 - Armani (3)}
armanib094.jpg,140877,0062a2ea,\Gallery 54\04 - Armani (3)\,{Shemale Yum Dvd03~G54~04-3~04 - Armani (3)}
armanib095.jpg,178313,f2a4ad0f,\Gallery 54\04 - Armani (3)\,{Shemale Yum Dvd03~G54~04-3~04 - Armani (3)}
armanib096.jpg,168455,ddb254aa,\Gallery 54\04 - Armani (3)\,{Shemale Yum Dvd03~G54~04-3~04 - Armani (3)}
armanib097.jpg,185537,a1fcbe61,\Gallery 54\04 - Armani (3)\,{Shemale Yum Dvd03~G54~04-3~04 - Armani (3)}
armanib098.jpg,186093,5ff2a873,\Gallery 54\04 - Armani (3)\,{Shemale Yum Dvd03~G54~04-3~04 - Armani (3)}
armanib099.jpg,180032,14d94c5e,\Gallery 54\04 - Armani (3)\,{Shemale Yum Dvd03~G54~04-3~04 - Armani (3)}
armanib100.jpg,185257,f1648fd3,\Gallery 54\04 - Armani (3)\,{Shemale Yum Dvd03~G54~04-3~04 - Armani (3)}
armanib101.jpg,180342,78f798f6,\Gallery 54\04 - Armani (3)\,{Shemale Yum Dvd03~G54~04-3~04 - Armani (3)}
armanib102.jpg,192450,bef0fc6e,\Gallery 54\04 - Armani (3)\,{Shemale Yum Dvd03~G54~04-3~04 - Armani (3)}
armanib103.jpg,184639,fe7a2a42,\Gallery 54\04 - Armani (3)\,{Shemale Yum Dvd03~G54~04-3~04 - Armani (3)}
armanib104.jpg,184744,146bd1a1,\Gallery 54\04 - Armani (3)\,{Shemale Yum Dvd03~G54~04-3~04 - Armani (3)}
armanib105.jpg,188289,cd807790,\Gallery 54\04 - Armani (3)\,{Shemale Yum Dvd03~G54~04-3~04 - Armani (3)}
armanib106.jpg,189485,a2e6acee,\Gallery 54\04 - Armani (3)\,{Shemale Yum Dvd03~G54~04-3~04 - Armani (3)}
armanib107.jpg,182462,e91de84f,\Gallery 54\04 - Armani (3)\,{Shemale Yum Dvd03~G54~04-3~04 - Armani (3)}
armanib108.jpg,174508,1b1fb592,\Gallery 54\04 - Armani (3)\,{Shemale Yum Dvd03~G54~04-3~04 - Armani (3)}
armanib109.jpg,191747,7abb7309,\Gallery 54\04 - Armani (3)\,{Shemale Yum Dvd03~G54~04-3~04 - Armani (3)}
armanib110.jpg,164339,31ff5fbd,\Gallery 54\04 - Armani (3)\,{Shemale Yum Dvd03~G54~04-3~04 - Armani (3)}
brooke1001.jpg,125018,6a64b403,\Gallery 54\05 - Brooke\,{Shemale Yum Dvd03~G54~05~05 - Brooke}
brooke1002.jpg,139053,11425b4e,\Gallery 54\05 - Brooke\,{Shemale Yum Dvd03~G54~05~05 - Brooke}
brooke1003.jpg,130350,355bc7f9,\Gallery 54\05 - Brooke\,{Shemale Yum Dvd03~G54~05~05 - Brooke}
brooke1004.jpg,124754,ee214ed3,\Gallery 54\05 - Brooke\,{Shemale Yum Dvd03~G54~05~05 - Brooke}
brooke1005.jpg,144182,b037a87f,\Gallery 54\05 - Brooke\,{Shemale Yum Dvd03~G54~05~05 - Brooke}
brooke1006.jpg,141049,3ef33376,\Gallery 54\05 - Brooke\,{Shemale Yum Dvd03~G54~05~05 - Brooke}
brooke1007.jpg,139320,e109b57d,\Gallery 54\05 - Brooke\,{Shemale Yum Dvd03~G54~05~05 - Brooke}
brooke1008.jpg,134704,aebac7f6,\Gallery 54\05 - Brooke\,{Shemale Yum Dvd03~G54~05~05 - Brooke}
brooke1009.jpg,165987,c437472f,\Gallery 54\05 - Brooke\,{Shemale Yum Dvd03~G54~05~05 - Brooke}
brooke1012.jpg,135712,29d9f311,\Gallery 54\05 - Brooke\,{Shemale Yum Dvd03~G54~05~05 - Brooke}
brooke1013.jpg,140728,bbdcbe23,\Gallery 54\05 - Brooke\,{Shemale Yum Dvd03~G54~05~05 - Brooke}
brooke1014.jpg,139240,2a4995c0,\Gallery 54\05 - Brooke\,{Shemale Yum Dvd03~G54~05~05 - Brooke}
brooke1015.jpg,137730,ad5090f9,\Gallery 54\05 - Brooke\,{Shemale Yum Dvd03~G54~05~05 - Brooke}
brooke1016.jpg,132177,50e3eab4,\Gallery 54\05 - Brooke\,{Shemale Yum Dvd03~G54~05~05 - Brooke}
brooke1017.jpg,139630,a2c5e60b,\Gallery 54\05 - Brooke\,{Shemale Yum Dvd03~G54~05~05 - Brooke}
brooke1018.jpg,136181,5ad54f40,\Gallery 54\05 - Brooke\,{Shemale Yum Dvd03~G54~05~05 - Brooke}
brooke1019.jpg,136718,5532b153,\Gallery 54\05 - Brooke\,{Shemale Yum Dvd03~G54~05~05 - Brooke}
brooke1020.jpg,142194,c012b593,\Gallery 54\05 - Brooke\,{Shemale Yum Dvd03~G54~05~05 - Brooke}
brooke1021.jpg,152697,66585193,\Gallery 54\05 - Brooke\,{Shemale Yum Dvd03~G54~05~05 - Brooke}
brooke1022.jpg,147312,86841e93,\Gallery 54\05 - Brooke\,{Shemale Yum Dvd03~G54~05~05 - Brooke}
brooke1023.jpg,135701,2d954ea9,\Gallery 54\05 - Brooke\,{Shemale Yum Dvd03~G54~05~05 - Brooke}
brooke1024.jpg,144584,4dd7f641,\Gallery 54\05 - Brooke\,{Shemale Yum Dvd03~G54~05~05 - Brooke}
brooke1025.jpg,147034,77d550b7,\Gallery 54\05 - Brooke\,{Shemale Yum Dvd03~G54~05~05 - Brooke}
brooke1026.jpg,131576,619587c4,\Gallery 54\05 - Brooke\,{Shemale Yum Dvd03~G54~05~05 - Brooke}
brooke1027.jpg,134089,c30e69ba,\Gallery 54\05 - Brooke\,{Shemale Yum Dvd03~G54~05~05 - Brooke}
brooke1028.jpg,140421,28c1ee8d,\Gallery 54\05 - Brooke\,{Shemale Yum Dvd03~G54~05~05 - Brooke}
brooke1029.jpg,132518,95375b84,\Gallery 54\05 - Brooke\,{Shemale Yum Dvd03~G54~05~05 - Brooke}
brooke1030.jpg,148105,cd3d8b22,\Gallery 54\05 - Brooke\,{Shemale Yum Dvd03~G54~05~05 - Brooke}
brooke1031.jpg,135769,7f59145a,\Gallery 54\05 - Brooke\,{Shemale Yum Dvd03~G54~05~05 - Brooke}
brooke1033.jpg,137740,efb10e98,\Gallery 54\05 - Brooke\,{Shemale Yum Dvd03~G54~05~05 - Brooke}
brooke1034.jpg,140679,96639bb0,\Gallery 54\05 - Brooke\,{Shemale Yum Dvd03~G54~05~05 - Brooke}
brooke1035.jpg,135154,56f97498,\Gallery 54\05 - Brooke\,{Shemale Yum Dvd03~G54~05~05 - Brooke}
brooke1036.jpg,128594,bc5a8bf9,\Gallery 54\05 - Brooke\,{Shemale Yum Dvd03~G54~05~05 - Brooke}
brooke1037.jpg,133236,d7fbcd2a,\Gallery 54\05 - Brooke\,{Shemale Yum Dvd03~G54~05~05 - Brooke}
brooke1038.jpg,139000,f64033d7,\Gallery 54\05 - Brooke\,{Shemale Yum Dvd03~G54~05~05 - Brooke}
brooke1039.jpg,141186,cceeef85,\Gallery 54\05 - Brooke\,{Shemale Yum Dvd03~G54~05~05 - Brooke}
brooke1040.jpg,140667,dfb61ece,\Gallery 54\05 - Brooke\,{Shemale Yum Dvd03~G54~05~05 - Brooke}
brooke1041.jpg,132168,9c72240c,\Gallery 54\05 - Brooke\,{Shemale Yum Dvd03~G54~05~05 - Brooke}
brooke1042.jpg,129617,7826bc64,\Gallery 54\05 - Brooke\,{Shemale Yum Dvd03~G54~05~05 - Brooke}
brooke1043.jpg,129552,f5217e0d,\Gallery 54\05 - Brooke\,{Shemale Yum Dvd03~G54~05~05 - Brooke}
brooke1044.jpg,146356,49637411,\Gallery 54\05 - Brooke\,{Shemale Yum Dvd03~G54~05~05 - Brooke}
brooke1045.jpg,130578,524666f5,\Gallery 54\05 - Brooke\,{Shemale Yum Dvd03~G54~05~05 - Brooke}
brooke1046.jpg,131238,fd1ca768,\Gallery 54\05 - Brooke\,{Shemale Yum Dvd03~G54~05~05 - Brooke}
brooke1047.jpg,141668,6c295cac,\Gallery 54\05 - Brooke\,{Shemale Yum Dvd03~G54~05~05 - Brooke}
brooke1048.jpg,130712,445fccaf,\Gallery 54\05 - Brooke\,{Shemale Yum Dvd03~G54~05~05 - Brooke}
brooke1050.jpg,131183,b29788ca,\Gallery 54\05 - Brooke\,{Shemale Yum Dvd03~G54~05~05 - Brooke}
brooke1051.jpg,136758,b258301b,\Gallery 54\05 - Brooke\,{Shemale Yum Dvd03~G54~05~05 - Brooke}
brooke1052.jpg,132438,e651f69e,\Gallery 54\05 - Brooke\,{Shemale Yum Dvd03~G54~05~05 - Brooke}
brooke1053.jpg,141181,6f96bc5c,\Gallery 54\05 - Brooke\,{Shemale Yum Dvd03~G54~05~05 - Brooke}
brooke1054.jpg,136682,051e8d67,\Gallery 54\05 - Brooke\,{Shemale Yum Dvd03~G54~05~05 - Brooke}
brooke1055.jpg,136033,4551bc79,\Gallery 54\05 - Brooke\,{Shemale Yum Dvd03~G54~05~05 - Brooke}
brooke1056.jpg,136990,2f9f88a3,\Gallery 54\05 - Brooke\,{Shemale Yum Dvd03~G54~05~05 - Brooke}
brooke1057.jpg,141911,8fc68e2f,\Gallery 54\05 - Brooke\,{Shemale Yum Dvd03~G54~05~05 - Brooke}
brooke1058.jpg,127404,db519cba,\Gallery 54\05 - Brooke\,{Shemale Yum Dvd03~G54~05~05 - Brooke}
brooke1059.jpg,136748,a5066e18,\Gallery 54\05 - Brooke\,{Shemale Yum Dvd03~G54~05~05 - Brooke}
brooke1060.jpg,130446,c90ddbbe,\Gallery 54\05 - Brooke\,{Shemale Yum Dvd03~G54~05~05 - Brooke}
brooke1061.jpg,131057,d2f214b8,\Gallery 54\05 - Brooke\,{Shemale Yum Dvd03~G54~05~05 - Brooke}
brooke1062.jpg,138633,2747e0d9,\Gallery 54\05 - Brooke\,{Shemale Yum Dvd03~G54~05~05 - Brooke}
brooke1063.jpg,140071,5e6a52aa,\Gallery 54\05 - Brooke\,{Shemale Yum Dvd03~G54~05~05 - Brooke}
brooke1064.jpg,143399,c323209e,\Gallery 54\05 - Brooke\,{Shemale Yum Dvd03~G54~05~05 - Brooke}
brooke1065.jpg,147364,d58bcfe5,\Gallery 54\05 - Brooke\,{Shemale Yum Dvd03~G54~05~05 - Brooke}
brooke1066.jpg,133617,b5d7ff48,\Gallery 54\05 - Brooke\,{Shemale Yum Dvd03~G54~05~05 - Brooke}
brooke1067.jpg,134234,e712a63e,\Gallery 54\05 - Brooke\,{Shemale Yum Dvd03~G54~05~05 - Brooke}
brooke1068.jpg,133006,df174ba1,\Gallery 54\05 - Brooke\,{Shemale Yum Dvd03~G54~05~05 - Brooke}
brooke1069.jpg,126512,5a2d09a7,\Gallery 54\05 - Brooke\,{Shemale Yum Dvd03~G54~05~05 - Brooke}
brooke1070.jpg,128196,dca05937,\Gallery 54\05 - Brooke\,{Shemale Yum Dvd03~G54~05~05 - Brooke}
brooke1071.jpg,140404,998775b4,\Gallery 54\05 - Brooke\,{Shemale Yum Dvd03~G54~05~05 - Brooke}
brooke1072.jpg,145354,3fc1bca4,\Gallery 54\05 - Brooke\,{Shemale Yum Dvd03~G54~05~05 - Brooke}
brooke1073.jpg,130306,5660b472,\Gallery 54\05 - Brooke\,{Shemale Yum Dvd03~G54~05~05 - Brooke}
brooke1074.jpg,146943,fc2dfd0d,\Gallery 54\05 - Brooke\,{Shemale Yum Dvd03~G54~05~05 - Brooke}
brooke1075.jpg,130885,9da79fdf,\Gallery 54\05 - Brooke\,{Shemale Yum Dvd03~G54~05~05 - Brooke}
brooke1076.jpg,142857,ada56479,\Gallery 54\05 - Brooke\,{Shemale Yum Dvd03~G54~05~05 - Brooke}
brooke1077.jpg,143085,8ac99823,\Gallery 54\05 - Brooke\,{Shemale Yum Dvd03~G54~05~05 - Brooke}
brooke1078.jpg,142335,9d41b222,\Gallery 54\05 - Brooke\,{Shemale Yum Dvd03~G54~05~05 - Brooke}
brooke1079.jpg,129983,2bd0988b,\Gallery 54\05 - Brooke\,{Shemale Yum Dvd03~G54~05~05 - Brooke}
brooke1080.jpg,145215,192c4773,\Gallery 54\05 - Brooke\,{Shemale Yum Dvd03~G54~05~05 - Brooke}
brooke1081.jpg,130224,d214772f,\Gallery 54\05 - Brooke\,{Shemale Yum Dvd03~G54~05~05 - Brooke}
brooke1082.jpg,138948,bc7f4006,\Gallery 54\05 - Brooke\,{Shemale Yum Dvd03~G54~05~05 - Brooke}
brooke1083.jpg,132471,70277cc2,\Gallery 54\05 - Brooke\,{Shemale Yum Dvd03~G54~05~05 - Brooke}
brooke1084.jpg,132500,afdba033,\Gallery 54\05 - Brooke\,{Shemale Yum Dvd03~G54~05~05 - Brooke}
brooke1085.jpg,132545,39699eee,\Gallery 54\05 - Brooke\,{Shemale Yum Dvd03~G54~05~05 - Brooke}
brooke1086.jpg,130114,e5f6c60b,\Gallery 54\05 - Brooke\,{Shemale Yum Dvd03~G54~05~05 - Brooke}
brooke1087.jpg,144852,93231ebd,\Gallery 54\05 - Brooke\,{Shemale Yum Dvd03~G54~05~05 - Brooke}
brooke1088.jpg,138067,eb6e98b6,\Gallery 54\05 - Brooke\,{Shemale Yum Dvd03~G54~05~05 - Brooke}
brooke1089.jpg,131933,a6e4d64b,\Gallery 54\05 - Brooke\,{Shemale Yum Dvd03~G54~05~05 - Brooke}
brooke1090.jpg,147417,bfa6fb69,\Gallery 54\05 - Brooke\,{Shemale Yum Dvd03~G54~05~05 - Brooke}
brooke1091.jpg,146391,5051fa23,\Gallery 54\05 - Brooke\,{Shemale Yum Dvd03~G54~05~05 - Brooke}
brooke1092.jpg,130357,fdeecfd8,\Gallery 54\05 - Brooke\,{Shemale Yum Dvd03~G54~05~05 - Brooke}
brooke1093.jpg,145636,ce06a4d9,\Gallery 54\05 - Brooke\,{Shemale Yum Dvd03~G54~05~05 - Brooke}
brooke1094.jpg,136540,54c70bec,\Gallery 54\05 - Brooke\,{Shemale Yum Dvd03~G54~05~05 - Brooke}
brooke1095.jpg,132431,036f19c6,\Gallery 54\05 - Brooke\,{Shemale Yum Dvd03~G54~05~05 - Brooke}
brooke1096.jpg,131921,69d031a5,\Gallery 54\05 - Brooke\,{Shemale Yum Dvd03~G54~05~05 - Brooke}
brooke1097.jpg,136625,820383de,\Gallery 54\05 - Brooke\,{Shemale Yum Dvd03~G54~05~05 - Brooke}
brooke1098.jpg,141426,761d6207,\Gallery 54\05 - Brooke\,{Shemale Yum Dvd03~G54~05~05 - Brooke}
brooke1099.jpg,130135,2afff1c8,\Gallery 54\05 - Brooke\,{Shemale Yum Dvd03~G54~05~05 - Brooke}
brooke1100.jpg,131051,80f530cf,\Gallery 54\05 - Brooke\,{Shemale Yum Dvd03~G54~05~05 - Brooke}
brooke1101.jpg,135999,961b2951,\Gallery 54\05 - Brooke\,{Shemale Yum Dvd03~G54~05~05 - Brooke}
brooke1102.jpg,140125,d7e573df,\Gallery 54\05 - Brooke\,{Shemale Yum Dvd03~G54~05~05 - Brooke}
brooke1103.jpg,131982,cd80e3f9,\Gallery 54\05 - Brooke\,{Shemale Yum Dvd03~G54~05~05 - Brooke}
brooke1104.jpg,144759,39c09250,\Gallery 54\05 - Brooke\,{Shemale Yum Dvd03~G54~05~05 - Brooke}
brooke1105.jpg,141675,f581e8c7,\Gallery 54\05 - Brooke\,{Shemale Yum Dvd03~G54~05~05 - Brooke}
brooke1106.jpg,129018,0b4a9ca4,\Gallery 54\05 - Brooke\,{Shemale Yum Dvd03~G54~05~05 - Brooke}
brooke1107.jpg,149334,402a1e39,\Gallery 54\05 - Brooke\,{Shemale Yum Dvd03~G54~05~05 - Brooke}
brooke1108.jpg,135860,2302b3a3,\Gallery 54\05 - Brooke\,{Shemale Yum Dvd03~G54~05~05 - Brooke}
brooke1109.jpg,132201,08e6caa0,\Gallery 54\05 - Brooke\,{Shemale Yum Dvd03~G54~05~05 - Brooke}
brooke1110.jpg,131488,e3c77cb3,\Gallery 54\05 - Brooke\,{Shemale Yum Dvd03~G54~05~05 - Brooke}
brooke1111.jpg,137694,e33d3f35,\Gallery 54\05 - Brooke\,{Shemale Yum Dvd03~G54~05~05 - Brooke}
brooke1112.jpg,143129,7746e9eb,\Gallery 54\05 - Brooke\,{Shemale Yum Dvd03~G54~05~05 - Brooke}
brooke1113.jpg,132495,0a8ea158,\Gallery 54\05 - Brooke\,{Shemale Yum Dvd03~G54~05~05 - Brooke}
brooke1114.jpg,137971,510c4741,\Gallery 54\05 - Brooke\,{Shemale Yum Dvd03~G54~05~05 - Brooke}
brooke1115.jpg,128911,bde79a81,\Gallery 54\05 - Brooke\,{Shemale Yum Dvd03~G54~05~05 - Brooke}
brooke1116.jpg,145849,32561c69,\Gallery 54\05 - Brooke\,{Shemale Yum Dvd03~G54~05~05 - Brooke}
brooke1117.jpg,137441,51661756,\Gallery 54\05 - Brooke\,{Shemale Yum Dvd03~G54~05~05 - Brooke}
brooke1118.jpg,131150,6dafd3fe,\Gallery 54\05 - Brooke\,{Shemale Yum Dvd03~G54~05~05 - Brooke}
brooke1119.jpg,144953,aad1799f,\Gallery 54\05 - Brooke\,{Shemale Yum Dvd03~G54~05~05 - Brooke}
p1010108.jpg,151968,99eae30a,\Gallery 54\06 - Hazel\,{Shemale Yum Dvd03~G54~06~06 - Hazel}
p1010109.jpg,147550,f19c5cd3,\Gallery 54\06 - Hazel\,{Shemale Yum Dvd03~G54~06~06 - Hazel}
p1010110.jpg,155315,98becb82,\Gallery 54\06 - Hazel\,{Shemale Yum Dvd03~G54~06~06 - Hazel}
p1010111.jpg,181304,7a0c0cb2,\Gallery 54\06 - Hazel\,{Shemale Yum Dvd03~G54~06~06 - Hazel}
p1010112.jpg,184200,7a9fd601,\Gallery 54\06 - Hazel\,{Shemale Yum Dvd03~G54~06~06 - Hazel}
p1010113.jpg,172281,a13ff2a2,\Gallery 54\06 - Hazel\,{Shemale Yum Dvd03~G54~06~06 - Hazel}
p1010114.jpg,139355,46a2d55d,\Gallery 54\06 - Hazel\,{Shemale Yum Dvd03~G54~06~06 - Hazel}
p1010115.jpg,193713,df49d9df,\Gallery 54\06 - Hazel\,{Shemale Yum Dvd03~G54~06~06 - Hazel}
p1010116.jpg,173654,1211f26a,\Gallery 54\06 - Hazel\,{Shemale Yum Dvd03~G54~06~06 - Hazel}
p1010117.jpg,153077,8ccc582c,\Gallery 54\06 - Hazel\,{Shemale Yum Dvd03~G54~06~06 - Hazel}
p1010118.jpg,152246,1a479b29,\Gallery 54\06 - Hazel\,{Shemale Yum Dvd03~G54~06~06 - Hazel}
p1010119.jpg,145307,88314029,\Gallery 54\06 - Hazel\,{Shemale Yum Dvd03~G54~06~06 - Hazel}
p1010120.jpg,145907,c67a0956,\Gallery 54\06 - Hazel\,{Shemale Yum Dvd03~G54~06~06 - Hazel}
p1010121.jpg,151033,ae51addf,\Gallery 54\06 - Hazel\,{Shemale Yum Dvd03~G54~06~06 - Hazel}
p1010122.jpg,179344,cec08ce9,\Gallery 54\06 - Hazel\,{Shemale Yum Dvd03~G54~06~06 - Hazel}
p1010123.jpg,165445,52e90bec,\Gallery 54\06 - Hazel\,{Shemale Yum Dvd03~G54~06~06 - Hazel}
p1010124.jpg,186758,474ec57a,\Gallery 54\06 - Hazel\,{Shemale Yum Dvd03~G54~06~06 - Hazel}
p1010125.jpg,162782,e38d13a7,\Gallery 54\06 - Hazel\,{Shemale Yum Dvd03~G54~06~06 - Hazel}
p1010126.jpg,160613,dbd2fcfd,\Gallery 54\06 - Hazel\,{Shemale Yum Dvd03~G54~06~06 - Hazel}
p1010127.jpg,160542,cb2446d8,\Gallery 54\06 - Hazel\,{Shemale Yum Dvd03~G54~06~06 - Hazel}
p1010128.jpg,159320,98517675,\Gallery 54\06 - Hazel\,{Shemale Yum Dvd03~G54~06~06 - Hazel}
p1010129.jpg,158930,18efcd32,\Gallery 54\06 - Hazel\,{Shemale Yum Dvd03~G54~06~06 - Hazel}
p1010130.jpg,169982,b4bc17b6,\Gallery 54\06 - Hazel\,{Shemale Yum Dvd03~G54~06~06 - Hazel}
p1010131.jpg,178724,8370316e,\Gallery 54\06 - Hazel\,{Shemale Yum Dvd03~G54~06~06 - Hazel}
p1010132.jpg,174974,34a5e72d,\Gallery 54\06 - Hazel\,{Shemale Yum Dvd03~G54~06~06 - Hazel}
p1010133.jpg,140327,a47ec96d,\Gallery 54\06 - Hazel\,{Shemale Yum Dvd03~G54~06~06 - Hazel}
p1010134.jpg,158562,a8841b0e,\Gallery 54\06 - Hazel\,{Shemale Yum Dvd03~G54~06~06 - Hazel}
p1010135.jpg,158010,b085ce64,\Gallery 54\06 - Hazel\,{Shemale Yum Dvd03~G54~06~06 - Hazel}
p1010136.jpg,161223,5d828693,\Gallery 54\06 - Hazel\,{Shemale Yum Dvd03~G54~06~06 - Hazel}
p1010137.jpg,267432,6f6ef291,\Gallery 54\06 - Hazel\,{Shemale Yum Dvd03~G54~06~06 - Hazel}
p1010138.jpg,144713,8746a84b,\Gallery 54\06 - Hazel\,{Shemale Yum Dvd03~G54~06~06 - Hazel}
p1010139.jpg,192476,401f8278,\Gallery 54\06 - Hazel\,{Shemale Yum Dvd03~G54~06~06 - Hazel}
p1010140.jpg,174288,b0ac4b1d,\Gallery 54\06 - Hazel\,{Shemale Yum Dvd03~G54~06~06 - Hazel}
p1010141.jpg,166463,9e42f7bf,\Gallery 54\06 - Hazel\,{Shemale Yum Dvd03~G54~06~06 - Hazel}
p1010142.jpg,166522,18d67b79,\Gallery 54\06 - Hazel\,{Shemale Yum Dvd03~G54~06~06 - Hazel}
p1010143.jpg,185322,d5cb4f70,\Gallery 54\06 - Hazel\,{Shemale Yum Dvd03~G54~06~06 - Hazel}
p1010144.jpg,164055,47fec64f,\Gallery 54\06 - Hazel\,{Shemale Yum Dvd03~G54~06~06 - Hazel}
p1010145.jpg,178781,36bd52b7,\Gallery 54\06 - Hazel\,{Shemale Yum Dvd03~G54~06~06 - Hazel}
p1010146.jpg,170024,2f579408,\Gallery 54\06 - Hazel\,{Shemale Yum Dvd03~G54~06~06 - Hazel}
p1010147.jpg,171340,a1a35158,\Gallery 54\06 - Hazel\,{Shemale Yum Dvd03~G54~06~06 - Hazel}
p1010148.jpg,185465,f7a18219,\Gallery 54\06 - Hazel\,{Shemale Yum Dvd03~G54~06~06 - Hazel}
p1010149.jpg,181130,7c969f92,\Gallery 54\06 - Hazel\,{Shemale Yum Dvd03~G54~06~06 - Hazel}
p1010150.jpg,158043,fdf27ee0,\Gallery 54\06 - Hazel\,{Shemale Yum Dvd03~G54~06~06 - Hazel}
p1010151.jpg,159124,b5366955,\Gallery 54\06 - Hazel\,{Shemale Yum Dvd03~G54~06~06 - Hazel}
p1010152.jpg,151890,e8f3b089,\Gallery 54\06 - Hazel\,{Shemale Yum Dvd03~G54~06~06 - Hazel}
p1010153.jpg,161514,7115156c,\Gallery 54\06 - Hazel\,{Shemale Yum Dvd03~G54~06~06 - Hazel}
p1010154.jpg,153127,776acfd6,\Gallery 54\06 - Hazel\,{Shemale Yum Dvd03~G54~06~06 - Hazel}
p1010155.jpg,160910,2462e652,\Gallery 54\06 - Hazel\,{Shemale Yum Dvd03~G54~06~06 - Hazel}
p1010156.jpg,170445,e537399a,\Gallery 54\06 - Hazel\,{Shemale Yum Dvd03~G54~06~06 - Hazel}
p1010157.jpg,155600,cea4af1e,\Gallery 54\06 - Hazel\,{Shemale Yum Dvd03~G54~06~06 - Hazel}
p1010158.jpg,166197,681e2696,\Gallery 54\06 - Hazel\,{Shemale Yum Dvd03~G54~06~06 - Hazel}
p1010159.jpg,147838,4fab6450,\Gallery 54\06 - Hazel\,{Shemale Yum Dvd03~G54~06~06 - Hazel}
p1010160.jpg,163237,b925600b,\Gallery 54\06 - Hazel\,{Shemale Yum Dvd03~G54~06~06 - Hazel}
p1010161.jpg,173792,656387fc,\Gallery 54\06 - Hazel\,{Shemale Yum Dvd03~G54~06~06 - Hazel}
p1010162.jpg,166944,74e80757,\Gallery 54\06 - Hazel\,{Shemale Yum Dvd03~G54~06~06 - Hazel}
p1010163.jpg,178599,265476f3,\Gallery 54\06 - Hazel\,{Shemale Yum Dvd03~G54~06~06 - Hazel}
p1010164.jpg,166500,37640b61,\Gallery 54\06 - Hazel\,{Shemale Yum Dvd03~G54~06~06 - Hazel}
p1010165.jpg,178708,320236ab,\Gallery 54\06 - Hazel\,{Shemale Yum Dvd03~G54~06~06 - Hazel}
p1010166.jpg,165813,604c7bd6,\Gallery 54\06 - Hazel\,{Shemale Yum Dvd03~G54~06~06 - Hazel}
p1010167.jpg,167563,d2e0ccd9,\Gallery 54\06 - Hazel\,{Shemale Yum Dvd03~G54~06~06 - Hazel}
p1010168.jpg,158418,9db0631d,\Gallery 54\06 - Hazel\,{Shemale Yum Dvd03~G54~06~06 - Hazel}
p1010169.jpg,177615,a6670604,\Gallery 54\06 - Hazel\,{Shemale Yum Dvd03~G54~06~06 - Hazel}
p1010170.jpg,183447,9554d6aa,\Gallery 54\06 - Hazel\,{Shemale Yum Dvd03~G54~06~06 - Hazel}
p1010171.jpg,171560,b43bdbf5,\Gallery 54\06 - Hazel\,{Shemale Yum Dvd03~G54~06~06 - Hazel}
p1010172.jpg,161243,15a4cd48,\Gallery 54\06 - Hazel\,{Shemale Yum Dvd03~G54~06~06 - Hazel}
p1010173.jpg,135373,c7c0f1e7,\Gallery 54\06 - Hazel\,{Shemale Yum Dvd03~G54~06~06 - Hazel}
p1010174.jpg,132594,8286fc82,\Gallery 54\06 - Hazel\,{Shemale Yum Dvd03~G54~06~06 - Hazel}
p1010175.jpg,121137,e3cb7452,\Gallery 54\06 - Hazel\,{Shemale Yum Dvd03~G54~06~06 - Hazel}
p1010176.jpg,143803,c55e2ef7,\Gallery 54\06 - Hazel\,{Shemale Yum Dvd03~G54~06~06 - Hazel}
p1010177.jpg,131358,6ee15fb2,\Gallery 54\06 - Hazel\,{Shemale Yum Dvd03~G54~06~06 - Hazel}
p1010178.jpg,137577,2c3437c3,\Gallery 54\06 - Hazel\,{Shemale Yum Dvd03~G54~06~06 - Hazel}
p1010179.jpg,139558,d8f9c5b8,\Gallery 54\06 - Hazel\,{Shemale Yum Dvd03~G54~06~06 - Hazel}
p1010180.jpg,154419,8ac8284b,\Gallery 54\06 - Hazel\,{Shemale Yum Dvd03~G54~06~06 - Hazel}
p1010181.jpg,144961,ef5b9d97,\Gallery 54\06 - Hazel\,{Shemale Yum Dvd03~G54~06~06 - Hazel}
p1010182.jpg,157509,7d337471,\Gallery 54\06 - Hazel\,{Shemale Yum Dvd03~G54~06~06 - Hazel}
p1010183.jpg,127443,c4b63354,\Gallery 54\06 - Hazel\,{Shemale Yum Dvd03~G54~06~06 - Hazel}
p1010184.jpg,142125,ec5e73d9,\Gallery 54\06 - Hazel\,{Shemale Yum Dvd03~G54~06~06 - Hazel}
p1010185.jpg,129167,40f0f704,\Gallery 54\06 - Hazel\,{Shemale Yum Dvd03~G54~06~06 - Hazel}
p1010186.jpg,145337,b581e8b4,\Gallery 54\06 - Hazel\,{Shemale Yum Dvd03~G54~06~06 - Hazel}
p1010187.jpg,108866,310c91ff,\Gallery 54\06 - Hazel\,{Shemale Yum Dvd03~G54~06~06 - Hazel}
p1010188.jpg,134037,f5a8a5be,\Gallery 54\06 - Hazel\,{Shemale Yum Dvd03~G54~06~06 - Hazel}
p1010189.jpg,236178,220ca8e5,\Gallery 54\06 - Hazel\,{Shemale Yum Dvd03~G54~06~06 - Hazel}
p1010190.jpg,142624,0984f2a2,\Gallery 54\06 - Hazel\,{Shemale Yum Dvd03~G54~06~06 - Hazel}
p1010191.jpg,160594,ee33498a,\Gallery 54\06 - Hazel\,{Shemale Yum Dvd03~G54~06~06 - Hazel}
p1010192.jpg,151102,9991427f,\Gallery 54\06 - Hazel\,{Shemale Yum Dvd03~G54~06~06 - Hazel}
p1010193.jpg,162856,1cd0567c,\Gallery 54\06 - Hazel\,{Shemale Yum Dvd03~G54~06~06 - Hazel}
p1010194.jpg,169074,5101bdec,\Gallery 54\06 - Hazel\,{Shemale Yum Dvd03~G54~06~06 - Hazel}
p1010195.jpg,153064,f5bc4277,\Gallery 54\06 - Hazel\,{Shemale Yum Dvd03~G54~06~06 - Hazel}
p1010196.jpg,139311,8f585a15,\Gallery 54\06 - Hazel\,{Shemale Yum Dvd03~G54~06~06 - Hazel}
p1010197.jpg,123658,09939087,\Gallery 54\06 - Hazel\,{Shemale Yum Dvd03~G54~06~06 - Hazel}
p1010198.jpg,138106,82f36c80,\Gallery 54\06 - Hazel\,{Shemale Yum Dvd03~G54~06~06 - Hazel}
p1010199.jpg,166533,03c079eb,\Gallery 54\06 - Hazel\,{Shemale Yum Dvd03~G54~06~06 - Hazel}
brooke2001.jpg,163896,58dccf9c,\Gallery 54\05 - Brooke (2)\,{Shemale Yum Dvd03~G54~05-2~05 - Brooke (2)}
brooke2002.jpg,149452,18c510fb,\Gallery 54\05 - Brooke (2)\,{Shemale Yum Dvd03~G54~05-2~05 - Brooke (2)}
brooke2003.jpg,143818,49bef7f9,\Gallery 54\05 - Brooke (2)\,{Shemale Yum Dvd03~G54~05-2~05 - Brooke (2)}
brooke2004.jpg,146558,0fce4a08,\Gallery 54\05 - Brooke (2)\,{Shemale Yum Dvd03~G54~05-2~05 - Brooke (2)}
brooke2005.jpg,157458,0a0cbb28,\Gallery 54\05 - Brooke (2)\,{Shemale Yum Dvd03~G54~05-2~05 - Brooke (2)}
brooke2006.jpg,144776,046d7ee6,\Gallery 54\05 - Brooke (2)\,{Shemale Yum Dvd03~G54~05-2~05 - Brooke (2)}
brooke2007.jpg,152344,863a0835,\Gallery 54\05 - Brooke (2)\,{Shemale Yum Dvd03~G54~05-2~05 - Brooke (2)}
brooke2008.jpg,150112,ac774f1d,\Gallery 54\05 - Brooke (2)\,{Shemale Yum Dvd03~G54~05-2~05 - Brooke (2)}
brooke2009.jpg,162178,4a283fbc,\Gallery 54\05 - Brooke (2)\,{Shemale Yum Dvd03~G54~05-2~05 - Brooke (2)}
brooke2010.jpg,148251,90194984,\Gallery 54\05 - Brooke (2)\,{Shemale Yum Dvd03~G54~05-2~05 - Brooke (2)}
brooke2011.jpg,141610,43af2d5e,\Gallery 54\05 - Brooke (2)\,{Shemale Yum Dvd03~G54~05-2~05 - Brooke (2)}
brooke2012.jpg,145167,aea67b5f,\Gallery 54\05 - Brooke (2)\,{Shemale Yum Dvd03~G54~05-2~05 - Brooke (2)}
brooke2013.jpg,159772,0ba8a0e1,\Gallery 54\05 - Brooke (2)\,{Shemale Yum Dvd03~G54~05-2~05 - Brooke (2)}
brooke2014.jpg,155015,7226396c,\Gallery 54\05 - Brooke (2)\,{Shemale Yum Dvd03~G54~05-2~05 - Brooke (2)}
brooke2015.jpg,163831,56f9d89b,\Gallery 54\05 - Brooke (2)\,{Shemale Yum Dvd03~G54~05-2~05 - Brooke (2)}
brooke2016.jpg,148381,47b5529d,\Gallery 54\05 - Brooke (2)\,{Shemale Yum Dvd03~G54~05-2~05 - Brooke (2)}
brooke2017.jpg,143555,512cbe27,\Gallery 54\05 - Brooke (2)\,{Shemale Yum Dvd03~G54~05-2~05 - Brooke (2)}
brooke2018.jpg,163566,f7923696,\Gallery 54\05 - Brooke (2)\,{Shemale Yum Dvd03~G54~05-2~05 - Brooke (2)}
brooke2019.jpg,156836,12914065,\Gallery 54\05 - Brooke (2)\,{Shemale Yum Dvd03~G54~05-2~05 - Brooke (2)}
brooke2020.jpg,177808,ca52316f,\Gallery 54\05 - Brooke (2)\,{Shemale Yum Dvd03~G54~05-2~05 - Brooke (2)}
brooke2021.jpg,150980,d3af8bfb,\Gallery 54\05 - Brooke (2)\,{Shemale Yum Dvd03~G54~05-2~05 - Brooke (2)}
brooke2022.jpg,165419,275f9afa,\Gallery 54\05 - Brooke (2)\,{Shemale Yum Dvd03~G54~05-2~05 - Brooke (2)}
brooke2023.jpg,154380,e7ac4b68,\Gallery 54\05 - Brooke (2)\,{Shemale Yum Dvd03~G54~05-2~05 - Brooke (2)}
brooke2024.jpg,151161,7ba7a7d1,\Gallery 54\05 - Brooke (2)\,{Shemale Yum Dvd03~G54~05-2~05 - Brooke (2)}
brooke2025.jpg,150419,3851ac09,\Gallery 54\05 - Brooke (2)\,{Shemale Yum Dvd03~G54~05-2~05 - Brooke (2)}
brooke2026.jpg,158834,7753e704,\Gallery 54\05 - Brooke (2)\,{Shemale Yum Dvd03~G54~05-2~05 - Brooke (2)}
brooke2028.jpg,155923,41b40754,\Gallery 54\05 - Brooke (2)\,{Shemale Yum Dvd03~G54~05-2~05 - Brooke (2)}
brooke2029.jpg,154192,1e106549,\Gallery 54\05 - Brooke (2)\,{Shemale Yum Dvd03~G54~05-2~05 - Brooke (2)}
brooke2030.jpg,162986,02669ae2,\Gallery 54\05 - Brooke (2)\,{Shemale Yum Dvd03~G54~05-2~05 - Brooke (2)}
brooke2031.jpg,156228,629e0fd7,\Gallery 54\05 - Brooke (2)\,{Shemale Yum Dvd03~G54~05-2~05 - Brooke (2)}
brooke2032.jpg,163418,824b51ab,\Gallery 54\05 - Brooke (2)\,{Shemale Yum Dvd03~G54~05-2~05 - Brooke (2)}
brooke2033.jpg,136536,7d115b32,\Gallery 54\05 - Brooke (2)\,{Shemale Yum Dvd03~G54~05-2~05 - Brooke (2)}
brooke2034.jpg,155934,0c99d197,\Gallery 54\05 - Brooke (2)\,{Shemale Yum Dvd03~G54~05-2~05 - Brooke (2)}
brooke2035.jpg,146392,f3a38a77,\Gallery 54\05 - Brooke (2)\,{Shemale Yum Dvd03~G54~05-2~05 - Brooke (2)}
brooke2036.jpg,141280,fbb9fb12,\Gallery 54\05 - Brooke (2)\,{Shemale Yum Dvd03~G54~05-2~05 - Brooke (2)}
brooke2037.jpg,152576,f2be63b2,\Gallery 54\05 - Brooke (2)\,{Shemale Yum Dvd03~G54~05-2~05 - Brooke (2)}
brooke2038.jpg,142512,14cf3aee,\Gallery 54\05 - Brooke (2)\,{Shemale Yum Dvd03~G54~05-2~05 - Brooke (2)}
brooke2039.jpg,138776,9b25631e,\Gallery 54\05 - Brooke (2)\,{Shemale Yum Dvd03~G54~05-2~05 - Brooke (2)}
brooke2040.jpg,153422,7a4dd042,\Gallery 54\05 - Brooke (2)\,{Shemale Yum Dvd03~G54~05-2~05 - Brooke (2)}
brooke2041.jpg,148287,8fe0b8bf,\Gallery 54\05 - Brooke (2)\,{Shemale Yum Dvd03~G54~05-2~05 - Brooke (2)}
brooke2042.jpg,154892,2d7b5920,\Gallery 54\05 - Brooke (2)\,{Shemale Yum Dvd03~G54~05-2~05 - Brooke (2)}
brooke2043.jpg,149122,f0a4e537,\Gallery 54\05 - Brooke (2)\,{Shemale Yum Dvd03~G54~05-2~05 - Brooke (2)}
brooke2044.jpg,122262,f2423e02,\Gallery 54\05 - Brooke (2)\,{Shemale Yum Dvd03~G54~05-2~05 - Brooke (2)}
brooke2045.jpg,150113,ba9a03ca,\Gallery 54\05 - Brooke (2)\,{Shemale Yum Dvd03~G54~05-2~05 - Brooke (2)}
brooke2046.jpg,152504,1c010005,\Gallery 54\05 - Brooke (2)\,{Shemale Yum Dvd03~G54~05-2~05 - Brooke (2)}
brooke2047.jpg,152480,a53ec5ca,\Gallery 54\05 - Brooke (2)\,{Shemale Yum Dvd03~G54~05-2~05 - Brooke (2)}
brooke2048.jpg,143500,00c0aee0,\Gallery 54\05 - Brooke (2)\,{Shemale Yum Dvd03~G54~05-2~05 - Brooke (2)}
brooke2049.jpg,140602,c77a168d,\Gallery 54\05 - Brooke (2)\,{Shemale Yum Dvd03~G54~05-2~05 - Brooke (2)}
brooke2050.jpg,130057,30ed6296,\Gallery 54\05 - Brooke (2)\,{Shemale Yum Dvd03~G54~05-2~05 - Brooke (2)}
brooke2051.jpg,134492,ba4524c4,\Gallery 54\05 - Brooke (2)\,{Shemale Yum Dvd03~G54~05-2~05 - Brooke (2)}
brooke2052.jpg,189822,393c1d31,\Gallery 54\05 - Brooke (2)\,{Shemale Yum Dvd03~G54~05-2~05 - Brooke (2)}
brooke2053.jpg,154738,b1b0c989,\Gallery 54\05 - Brooke (2)\,{Shemale Yum Dvd03~G54~05-2~05 - Brooke (2)}
brooke2054.jpg,153918,32578141,\Gallery 54\05 - Brooke (2)\,{Shemale Yum Dvd03~G54~05-2~05 - Brooke (2)}
brooke2055.jpg,139553,5dc683df,\Gallery 54\05 - Brooke (2)\,{Shemale Yum Dvd03~G54~05-2~05 - Brooke (2)}
brooke2056.jpg,157553,31e3d995,\Gallery 54\05 - Brooke (2)\,{Shemale Yum Dvd03~G54~05-2~05 - Brooke (2)}
brooke2057.jpg,154214,d17ed713,\Gallery 54\05 - Brooke (2)\,{Shemale Yum Dvd03~G54~05-2~05 - Brooke (2)}
brooke2058.jpg,129562,df12672f,\Gallery 54\05 - Brooke (2)\,{Shemale Yum Dvd03~G54~05-2~05 - Brooke (2)}
brooke2059.jpg,130315,082e63ff,\Gallery 54\05 - Brooke (2)\,{Shemale Yum Dvd03~G54~05-2~05 - Brooke (2)}
brooke2060.jpg,124427,bf5b237f,\Gallery 54\05 - Brooke (2)\,{Shemale Yum Dvd03~G54~05-2~05 - Brooke (2)}
brooke2061.jpg,146610,532a8326,\Gallery 54\05 - Brooke (2)\,{Shemale Yum Dvd03~G54~05-2~05 - Brooke (2)}
brooke2062.jpg,141474,1196f2a8,\Gallery 54\05 - Brooke (2)\,{Shemale Yum Dvd03~G54~05-2~05 - Brooke (2)}
brooke2063.jpg,146790,994a924c,\Gallery 54\05 - Brooke (2)\,{Shemale Yum Dvd03~G54~05-2~05 - Brooke (2)}
brooke2064.jpg,152642,3a81ddfe,\Gallery 54\05 - Brooke (2)\,{Shemale Yum Dvd03~G54~05-2~05 - Brooke (2)}
brooke2065.jpg,164906,efa9c334,\Gallery 54\05 - Brooke (2)\,{Shemale Yum Dvd03~G54~05-2~05 - Brooke (2)}
brooke2066.jpg,163486,bcbc1e5f,\Gallery 54\05 - Brooke (2)\,{Shemale Yum Dvd03~G54~05-2~05 - Brooke (2)}
brooke2067.jpg,160624,49093b3f,\Gallery 54\05 - Brooke (2)\,{Shemale Yum Dvd03~G54~05-2~05 - Brooke (2)}
brooke2068.jpg,154064,c16a8bf1,\Gallery 54\05 - Brooke (2)\,{Shemale Yum Dvd03~G54~05-2~05 - Brooke (2)}
brooke2069.jpg,178299,b5965e15,\Gallery 54\05 - Brooke (2)\,{Shemale Yum Dvd03~G54~05-2~05 - Brooke (2)}
brooke2070.jpg,151972,b7606a81,\Gallery 54\05 - Brooke (2)\,{Shemale Yum Dvd03~G54~05-2~05 - Brooke (2)}
brooke2071.jpg,163073,f54a2929,\Gallery 54\05 - Brooke (2)\,{Shemale Yum Dvd03~G54~05-2~05 - Brooke (2)}
brooke2072.jpg,162927,56bdebcb,\Gallery 54\05 - Brooke (2)\,{Shemale Yum Dvd03~G54~05-2~05 - Brooke (2)}
brooke2073.jpg,162679,027ada65,\Gallery 54\05 - Brooke (2)\,{Shemale Yum Dvd03~G54~05-2~05 - Brooke (2)}
brooke2074.jpg,162460,9682a69e,\Gallery 54\05 - Brooke (2)\,{Shemale Yum Dvd03~G54~05-2~05 - Brooke (2)}
brooke2075.jpg,113167,abd7e542,\Gallery 54\05 - Brooke (2)\,{Shemale Yum Dvd03~G54~05-2~05 - Brooke (2)}
brooke2076.jpg,153058,c2a6f887,\Gallery 54\05 - Brooke (2)\,{Shemale Yum Dvd03~G54~05-2~05 - Brooke (2)}
brooke2077.jpg,111142,c83eff2b,\Gallery 54\05 - Brooke (2)\,{Shemale Yum Dvd03~G54~05-2~05 - Brooke (2)}
brooke2078.jpg,101704,c818dcde,\Gallery 54\05 - Brooke (2)\,{Shemale Yum Dvd03~G54~05-2~05 - Brooke (2)}
brooke2079.jpg,148062,1e3065b4,\Gallery 54\05 - Brooke (2)\,{Shemale Yum Dvd03~G54~05-2~05 - Brooke (2)}
brooke2081.jpg,120705,60e56bfc,\Gallery 54\05 - Brooke (2)\,{Shemale Yum Dvd03~G54~05-2~05 - Brooke (2)}
brooke2082.jpg,117532,07703c01,\Gallery 54\05 - Brooke (2)\,{Shemale Yum Dvd03~G54~05-2~05 - Brooke (2)}
brooke2083.jpg,123712,509cd7b3,\Gallery 54\05 - Brooke (2)\,{Shemale Yum Dvd03~G54~05-2~05 - Brooke (2)}
brooke2084.jpg,147681,920a0077,\Gallery 54\05 - Brooke (2)\,{Shemale Yum Dvd03~G54~05-2~05 - Brooke (2)}
brooke2085.jpg,160532,fcca2dc0,\Gallery 54\05 - Brooke (2)\,{Shemale Yum Dvd03~G54~05-2~05 - Brooke (2)}
brooke2086.jpg,148740,fc876c34,\Gallery 54\05 - Brooke (2)\,{Shemale Yum Dvd03~G54~05-2~05 - Brooke (2)}
brooke2087.jpg,146861,636f20a1,\Gallery 54\05 - Brooke (2)\,{Shemale Yum Dvd03~G54~05-2~05 - Brooke (2)}
brooke2088.jpg,158603,f2529ac1,\Gallery 54\05 - Brooke (2)\,{Shemale Yum Dvd03~G54~05-2~05 - Brooke (2)}
brooke2089.jpg,165625,ee7c6575,\Gallery 54\05 - Brooke (2)\,{Shemale Yum Dvd03~G54~05-2~05 - Brooke (2)}
brooke2090.jpg,163923,6c6224fa,\Gallery 54\05 - Brooke (2)\,{Shemale Yum Dvd03~G54~05-2~05 - Brooke (2)}
brooke2091.jpg,130312,a00ca449,\Gallery 54\05 - Brooke (2)\,{Shemale Yum Dvd03~G54~05-2~05 - Brooke (2)}
brooke2092.jpg,161417,54b7f262,\Gallery 54\05 - Brooke (2)\,{Shemale Yum Dvd03~G54~05-2~05 - Brooke (2)}
brooke2093.jpg,161587,b440e1d9,\Gallery 54\05 - Brooke (2)\,{Shemale Yum Dvd03~G54~05-2~05 - Brooke (2)}
brooke2094.jpg,164277,659be90c,\Gallery 54\05 - Brooke (2)\,{Shemale Yum Dvd03~G54~05-2~05 - Brooke (2)}
brooke2095.jpg,153083,ba9b5116,\Gallery 54\05 - Brooke (2)\,{Shemale Yum Dvd03~G54~05-2~05 - Brooke (2)}
brooke2096.jpg,153844,9c090e22,\Gallery 54\05 - Brooke (2)\,{Shemale Yum Dvd03~G54~05-2~05 - Brooke (2)}
brooke2097.jpg,161927,8c8fe263,\Gallery 54\05 - Brooke (2)\,{Shemale Yum Dvd03~G54~05-2~05 - Brooke (2)}
brooke2098.jpg,149718,011a23e3,\Gallery 54\05 - Brooke (2)\,{Shemale Yum Dvd03~G54~05-2~05 - Brooke (2)}
brooke2099.jpg,157400,41a284b5,\Gallery 54\05 - Brooke (2)\,{Shemale Yum Dvd03~G54~05-2~05 - Brooke (2)}
brooke2100.jpg,153943,1feef172,\Gallery 54\05 - Brooke (2)\,{Shemale Yum Dvd03~G54~05-2~05 - Brooke (2)}
brooke2101.jpg,160003,f3a99d23,\Gallery 54\05 - Brooke (2)\,{Shemale Yum Dvd03~G54~05-2~05 - Brooke (2)}
brooke2102.jpg,141811,767d63b9,\Gallery 54\05 - Brooke (2)\,{Shemale Yum Dvd03~G54~05-2~05 - Brooke (2)}
brooke2103.jpg,158684,742a2a17,\Gallery 54\05 - Brooke (2)\,{Shemale Yum Dvd03~G54~05-2~05 - Brooke (2)}
brooke2104.jpg,159502,85c30584,\Gallery 54\05 - Brooke (2)\,{Shemale Yum Dvd03~G54~05-2~05 - Brooke (2)}
brooke2105.jpg,159062,0202d948,\Gallery 54\05 - Brooke (2)\,{Shemale Yum Dvd03~G54~05-2~05 - Brooke (2)}
brooke2106.jpg,156806,0eae0cde,\Gallery 54\05 - Brooke (2)\,{Shemale Yum Dvd03~G54~05-2~05 - Brooke (2)}
brooke2107.jpg,160613,302db3eb,\Gallery 54\05 - Brooke (2)\,{Shemale Yum Dvd03~G54~05-2~05 - Brooke (2)}
brooke2108.jpg,152432,94d4f443,\Gallery 54\05 - Brooke (2)\,{Shemale Yum Dvd03~G54~05-2~05 - Brooke (2)}
brooke2109.jpg,160476,9a3b59d3,\Gallery 54\05 - Brooke (2)\,{Shemale Yum Dvd03~G54~05-2~05 - Brooke (2)}
brooke2110.jpg,156595,b148641b,\Gallery 54\05 - Brooke (2)\,{Shemale Yum Dvd03~G54~05-2~05 - Brooke (2)}
brooke2111.jpg,156029,915475c7,\Gallery 54\05 - Brooke (2)\,{Shemale Yum Dvd03~G54~05-2~05 - Brooke (2)}
brooke2112.jpg,162067,866f0539,\Gallery 54\05 - Brooke (2)\,{Shemale Yum Dvd03~G54~05-2~05 - Brooke (2)}
brooke2113.jpg,137231,8226f60e,\Gallery 54\05 - Brooke (2)\,{Shemale Yum Dvd03~G54~05-2~05 - Brooke (2)}
brooke2114.jpg,123468,716f943f,\Gallery 54\05 - Brooke (2)\,{Shemale Yum Dvd03~G54~05-2~05 - Brooke (2)}
brooke2115.jpg,130734,d907f098,\Gallery 54\05 - Brooke (2)\,{Shemale Yum Dvd03~G54~05-2~05 - Brooke (2)}
brooke2116.jpg,122314,62bd8915,\Gallery 54\05 - Brooke (2)\,{Shemale Yum Dvd03~G54~05-2~05 - Brooke (2)}
brooke2117.jpg,128116,86c311e9,\Gallery 54\05 - Brooke (2)\,{Shemale Yum Dvd03~G54~05-2~05 - Brooke (2)}
brooke2118.jpg,144185,1f30b81e,\Gallery 54\05 - Brooke (2)\,{Shemale Yum Dvd03~G54~05-2~05 - Brooke (2)}
brooke2119.jpg,138367,f5afe586,\Gallery 54\05 - Brooke (2)\,{Shemale Yum Dvd03~G54~05-2~05 - Brooke (2)}
brooke2120.jpg,128594,08cd81e5,\Gallery 54\05 - Brooke (2)\,{Shemale Yum Dvd03~G54~05-2~05 - Brooke (2)}
brooke2121.jpg,135073,60e3d6d3,\Gallery 54\05 - Brooke (2)\,{Shemale Yum Dvd03~G54~05-2~05 - Brooke (2)}
brooke2122.jpg,122504,dd1a170e,\Gallery 54\05 - Brooke (2)\,{Shemale Yum Dvd03~G54~05-2~05 - Brooke (2)}
brooke2123.jpg,123768,acaf1e2d,\Gallery 54\05 - Brooke (2)\,{Shemale Yum Dvd03~G54~05-2~05 - Brooke (2)}
brooke2124.jpg,138900,f6129b02,\Gallery 54\05 - Brooke (2)\,{Shemale Yum Dvd03~G54~05-2~05 - Brooke (2)}
brooke2125.jpg,153102,635fa3d7,\Gallery 54\05 - Brooke (2)\,{Shemale Yum Dvd03~G54~05-2~05 - Brooke (2)}
brooke2126.jpg,189277,e1914520,\Gallery 54\05 - Brooke (2)\,{Shemale Yum Dvd03~G54~05-2~05 - Brooke (2)}
brooke2127.jpg,143401,0cc6b8cf,\Gallery 54\05 - Brooke (2)\,{Shemale Yum Dvd03~G54~05-2~05 - Brooke (2)}
brooke2128.jpg,139794,3c6221f4,\Gallery 54\05 - Brooke (2)\,{Shemale Yum Dvd03~G54~05-2~05 - Brooke (2)}
brooke2129.jpg,176339,d38323b0,\Gallery 54\05 - Brooke (2)\,{Shemale Yum Dvd03~G54~05-2~05 - Brooke (2)}
brooke2130.jpg,118560,8daeb81f,\Gallery 54\05 - Brooke (2)\,{Shemale Yum Dvd03~G54~05-2~05 - Brooke (2)}
brooke2131.jpg,119281,e2690a03,\Gallery 54\05 - Brooke (2)\,{Shemale Yum Dvd03~G54~05-2~05 - Brooke (2)}
brooke2132.jpg,134713,1a868aba,\Gallery 54\05 - Brooke (2)\,{Shemale Yum Dvd03~G54~05-2~05 - Brooke (2)}
hazelscg001.jpg,135608,cec7aeda,\Gallery 54\06 - Hazel (2)\,{Shemale Yum Dvd03~G54~06-2~06 - Hazel (2)}
hazelscg002.jpg,156226,b5e74490,\Gallery 54\06 - Hazel (2)\,{Shemale Yum Dvd03~G54~06-2~06 - Hazel (2)}
hazelscg003.jpg,128596,9a8a85bf,\Gallery 54\06 - Hazel (2)\,{Shemale Yum Dvd03~G54~06-2~06 - Hazel (2)}
hazelscg004.jpg,151657,8abecf7a,\Gallery 54\06 - Hazel (2)\,{Shemale Yum Dvd03~G54~06-2~06 - Hazel (2)}
hazelscg005.jpg,158087,24738f35,\Gallery 54\06 - Hazel (2)\,{Shemale Yum Dvd03~G54~06-2~06 - Hazel (2)}
hazelscg006.jpg,154348,8b8fd5d2,\Gallery 54\06 - Hazel (2)\,{Shemale Yum Dvd03~G54~06-2~06 - Hazel (2)}
hazelscg007.jpg,165342,ff61910f,\Gallery 54\06 - Hazel (2)\,{Shemale Yum Dvd03~G54~06-2~06 - Hazel (2)}
hazelscg008.jpg,146063,b35b49a1,\Gallery 54\06 - Hazel (2)\,{Shemale Yum Dvd03~G54~06-2~06 - Hazel (2)}
hazelscg009.jpg,147115,1fb22a24,\Gallery 54\06 - Hazel (2)\,{Shemale Yum Dvd03~G54~06-2~06 - Hazel (2)}
hazelscg010.jpg,123366,1e9872df,\Gallery 54\06 - Hazel (2)\,{Shemale Yum Dvd03~G54~06-2~06 - Hazel (2)}
hazelscg011.jpg,151110,c9130a13,\Gallery 54\06 - Hazel (2)\,{Shemale Yum Dvd03~G54~06-2~06 - Hazel (2)}
hazelscg012.jpg,130830,d1a17705,\Gallery 54\06 - Hazel (2)\,{Shemale Yum Dvd03~G54~06-2~06 - Hazel (2)}
hazelscg013.jpg,146874,4c0845c4,\Gallery 54\06 - Hazel (2)\,{Shemale Yum Dvd03~G54~06-2~06 - Hazel (2)}
hazelscg014.jpg,135329,4307d0c6,\Gallery 54\06 - Hazel (2)\,{Shemale Yum Dvd03~G54~06-2~06 - Hazel (2)}
hazelscg015.jpg,152144,1d4ed0d5,\Gallery 54\06 - Hazel (2)\,{Shemale Yum Dvd03~G54~06-2~06 - Hazel (2)}
hazelscg016.jpg,168073,888cbe89,\Gallery 54\06 - Hazel (2)\,{Shemale Yum Dvd03~G54~06-2~06 - Hazel (2)}
hazelscg017.jpg,173298,d9a93ae2,\Gallery 54\06 - Hazel (2)\,{Shemale Yum Dvd03~G54~06-2~06 - Hazel (2)}
hazelscg018.jpg,120688,0733dbca,\Gallery 54\06 - Hazel (2)\,{Shemale Yum Dvd03~G54~06-2~06 - Hazel (2)}
hazelscg019.jpg,134631,d6cf47cd,\Gallery 54\06 - Hazel (2)\,{Shemale Yum Dvd03~G54~06-2~06 - Hazel (2)}
hazelscg020.jpg,142179,a791b070,\Gallery 54\06 - Hazel (2)\,{Shemale Yum Dvd03~G54~06-2~06 - Hazel (2)}
hazelscg021.jpg,137314,d2e5cdab,\Gallery 54\06 - Hazel (2)\,{Shemale Yum Dvd03~G54~06-2~06 - Hazel (2)}
hazelscg022.jpg,162781,a8995ba4,\Gallery 54\06 - Hazel (2)\,{Shemale Yum Dvd03~G54~06-2~06 - Hazel (2)}
hazelscg023.jpg,142136,8eacf674,\Gallery 54\06 - Hazel (2)\,{Shemale Yum Dvd03~G54~06-2~06 - Hazel (2)}
hazelscg024.jpg,166750,1e5d6664,\Gallery 54\06 - Hazel (2)\,{Shemale Yum Dvd03~G54~06-2~06 - Hazel (2)}
hazelscg025.jpg,130947,d362063f,\Gallery 54\06 - Hazel (2)\,{Shemale Yum Dvd03~G54~06-2~06 - Hazel (2)}
hazelscg026.jpg,124939,fa12a23b,\Gallery 54\06 - Hazel (2)\,{Shemale Yum Dvd03~G54~06-2~06 - Hazel (2)}
hazelscg027.jpg,137709,dd52c9fb,\Gallery 54\06 - Hazel (2)\,{Shemale Yum Dvd03~G54~06-2~06 - Hazel (2)}
hazelscg028.jpg,124048,988db389,\Gallery 54\06 - Hazel (2)\,{Shemale Yum Dvd03~G54~06-2~06 - Hazel (2)}
hazelscg029.jpg,125696,4ba70e08,\Gallery 54\06 - Hazel (2)\,{Shemale Yum Dvd03~G54~06-2~06 - Hazel (2)}
hazelscg030.jpg,126896,5379f3a7,\Gallery 54\06 - Hazel (2)\,{Shemale Yum Dvd03~G54~06-2~06 - Hazel (2)}
hazelscg031.jpg,133695,5cc8a275,\Gallery 54\06 - Hazel (2)\,{Shemale Yum Dvd03~G54~06-2~06 - Hazel (2)}
hazelscg032.jpg,137390,f417bb3e,\Gallery 54\06 - Hazel (2)\,{Shemale Yum Dvd03~G54~06-2~06 - Hazel (2)}
hazelscg033.jpg,127524,f762055a,\Gallery 54\06 - Hazel (2)\,{Shemale Yum Dvd03~G54~06-2~06 - Hazel (2)}
hazelscg034.jpg,149810,79552d32,\Gallery 54\06 - Hazel (2)\,{Shemale Yum Dvd03~G54~06-2~06 - Hazel (2)}
hazelscg035.jpg,136341,3665dec4,\Gallery 54\06 - Hazel (2)\,{Shemale Yum Dvd03~G54~06-2~06 - Hazel (2)}
hazelscg037.jpg,134519,2ac1785e,\Gallery 54\06 - Hazel (2)\,{Shemale Yum Dvd03~G54~06-2~06 - Hazel (2)}
hazelscg038.jpg,134613,2466b808,\Gallery 54\06 - Hazel (2)\,{Shemale Yum Dvd03~G54~06-2~06 - Hazel (2)}
hazelscg039.jpg,148444,6acab0bd,\Gallery 54\06 - Hazel (2)\,{Shemale Yum Dvd03~G54~06-2~06 - Hazel (2)}
hazelscg040.jpg,144805,644f94aa,\Gallery 54\06 - Hazel (2)\,{Shemale Yum Dvd03~G54~06-2~06 - Hazel (2)}
hazelscg041.jpg,146417,2094aad1,\Gallery 54\06 - Hazel (2)\,{Shemale Yum Dvd03~G54~06-2~06 - Hazel (2)}
hazelscg042.jpg,134603,41ec5501,\Gallery 54\06 - Hazel (2)\,{Shemale Yum Dvd03~G54~06-2~06 - Hazel (2)}
hazelscg043.jpg,133619,560000aa,\Gallery 54\06 - Hazel (2)\,{Shemale Yum Dvd03~G54~06-2~06 - Hazel (2)}
hazelscg044.jpg,147923,3f1f8e3d,\Gallery 54\06 - Hazel (2)\,{Shemale Yum Dvd03~G54~06-2~06 - Hazel (2)}
hazelscg045.jpg,163726,437b1933,\Gallery 54\06 - Hazel (2)\,{Shemale Yum Dvd03~G54~06-2~06 - Hazel (2)}
hazelscg046.jpg,177442,94542bb2,\Gallery 54\06 - Hazel (2)\,{Shemale Yum Dvd03~G54~06-2~06 - Hazel (2)}
hazelscg047.jpg,110892,8f19b547,\Gallery 54\06 - Hazel (2)\,{Shemale Yum Dvd03~G54~06-2~06 - Hazel (2)}
hazelscg048.jpg,130777,d7e78b8c,\Gallery 54\06 - Hazel (2)\,{Shemale Yum Dvd03~G54~06-2~06 - Hazel (2)}
hazelscg049.jpg,144348,e68373eb,\Gallery 54\06 - Hazel (2)\,{Shemale Yum Dvd03~G54~06-2~06 - Hazel (2)}
hazelscg050.jpg,140429,24be338b,\Gallery 54\06 - Hazel (2)\,{Shemale Yum Dvd03~G54~06-2~06 - Hazel (2)}
hazelscg051.jpg,173735,0a60e4d5,\Gallery 54\06 - Hazel (2)\,{Shemale Yum Dvd03~G54~06-2~06 - Hazel (2)}
hazelscg052.jpg,146117,a993e3c1,\Gallery 54\06 - Hazel (2)\,{Shemale Yum Dvd03~G54~06-2~06 - Hazel (2)}
hazelscg053.jpg,160593,2b796d7c,\Gallery 54\06 - Hazel (2)\,{Shemale Yum Dvd03~G54~06-2~06 - Hazel (2)}
hazelscg054.jpg,177402,9fec7b1d,\Gallery 54\06 - Hazel (2)\,{Shemale Yum Dvd03~G54~06-2~06 - Hazel (2)}
hazelscg055.jpg,215026,50a05298,\Gallery 54\06 - Hazel (2)\,{Shemale Yum Dvd03~G54~06-2~06 - Hazel (2)}
hazelscg056.jpg,156802,50c0af6f,\Gallery 54\06 - Hazel (2)\,{Shemale Yum Dvd03~G54~06-2~06 - Hazel (2)}
hazelscg057.jpg,108952,cadd4122,\Gallery 54\06 - Hazel (2)\,{Shemale Yum Dvd03~G54~06-2~06 - Hazel (2)}
hazelscg058.jpg,134930,8b933b5e,\Gallery 54\06 - Hazel (2)\,{Shemale Yum Dvd03~G54~06-2~06 - Hazel (2)}
hazelscg059.jpg,145381,240d093e,\Gallery 54\06 - Hazel (2)\,{Shemale Yum Dvd03~G54~06-2~06 - Hazel (2)}
hazelscg060.jpg,136798,ca977036,\Gallery 54\06 - Hazel (2)\,{Shemale Yum Dvd03~G54~06-2~06 - Hazel (2)}
hazelscg061.jpg,135984,baed2322,\Gallery 54\06 - Hazel (2)\,{Shemale Yum Dvd03~G54~06-2~06 - Hazel (2)}
hazelscg062.jpg,142727,95f31f4b,\Gallery 54\06 - Hazel (2)\,{Shemale Yum Dvd03~G54~06-2~06 - Hazel (2)}
hazelscg063.jpg,128652,72d8c556,\Gallery 54\06 - Hazel (2)\,{Shemale Yum Dvd03~G54~06-2~06 - Hazel (2)}
hazelscg064.jpg,130443,0dd4cc8f,\Gallery 54\06 - Hazel (2)\,{Shemale Yum Dvd03~G54~06-2~06 - Hazel (2)}
hazelscg065.jpg,131265,89311047,\Gallery 54\06 - Hazel (2)\,{Shemale Yum Dvd03~G54~06-2~06 - Hazel (2)}
hazelscg066.jpg,130770,01683c22,\Gallery 54\06 - Hazel (2)\,{Shemale Yum Dvd03~G54~06-2~06 - Hazel (2)}
hazelscg067.jpg,153683,a484b910,\Gallery 54\06 - Hazel (2)\,{Shemale Yum Dvd03~G54~06-2~06 - Hazel (2)}
hazelscg068.jpg,134057,4dabff83,\Gallery 54\06 - Hazel (2)\,{Shemale Yum Dvd03~G54~06-2~06 - Hazel (2)}
hazelscg069.jpg,158727,ffb1b4dd,\Gallery 54\06 - Hazel (2)\,{Shemale Yum Dvd03~G54~06-2~06 - Hazel (2)}
hazelscg070.jpg,158117,62e63432,\Gallery 54\06 - Hazel (2)\,{Shemale Yum Dvd03~G54~06-2~06 - Hazel (2)}
hazelscg071.jpg,148353,cf212b20,\Gallery 54\06 - Hazel (2)\,{Shemale Yum Dvd03~G54~06-2~06 - Hazel (2)}
hazelscg072.jpg,125260,ad0ee137,\Gallery 54\06 - Hazel (2)\,{Shemale Yum Dvd03~G54~06-2~06 - Hazel (2)}
hazelscg073.jpg,127555,3e881fa1,\Gallery 54\06 - Hazel (2)\,{Shemale Yum Dvd03~G54~06-2~06 - Hazel (2)}
hazelscg074.jpg,124829,d624de77,\Gallery 54\06 - Hazel (2)\,{Shemale Yum Dvd03~G54~06-2~06 - Hazel (2)}
hazelscg075.jpg,113780,1bf86c65,\Gallery 54\06 - Hazel (2)\,{Shemale Yum Dvd03~G54~06-2~06 - Hazel (2)}
hazelscg076.jpg,122884,138ea006,\Gallery 54\06 - Hazel (2)\,{Shemale Yum Dvd03~G54~06-2~06 - Hazel (2)}
hazelscg077.jpg,112196,30107be9,\Gallery 54\06 - Hazel (2)\,{Shemale Yum Dvd03~G54~06-2~06 - Hazel (2)}
hazelscg078.jpg,167307,87b8c8d2,\Gallery 54\06 - Hazel (2)\,{Shemale Yum Dvd03~G54~06-2~06 - Hazel (2)}
hazelscg079.jpg,172466,05bbd545,\Gallery 54\06 - Hazel (2)\,{Shemale Yum Dvd03~G54~06-2~06 - Hazel (2)}
hazelscg080.jpg,121270,ac15dfd6,\Gallery 54\06 - Hazel (2)\,{Shemale Yum Dvd03~G54~06-2~06 - Hazel (2)}
hazelscg081.jpg,119419,e5e963a3,\Gallery 54\06 - Hazel (2)\,{Shemale Yum Dvd03~G54~06-2~06 - Hazel (2)}
hazelscg082.jpg,120587,5a8e2e77,\Gallery 54\06 - Hazel (2)\,{Shemale Yum Dvd03~G54~06-2~06 - Hazel (2)}
hazelscg083.jpg,109991,0437f742,\Gallery 54\06 - Hazel (2)\,{Shemale Yum Dvd03~G54~06-2~06 - Hazel (2)}
hazelscg084.jpg,119155,0f260233,\Gallery 54\06 - Hazel (2)\,{Shemale Yum Dvd03~G54~06-2~06 - Hazel (2)}
hazelscg085.jpg,117088,d9e65a9b,\Gallery 54\06 - Hazel (2)\,{Shemale Yum Dvd03~G54~06-2~06 - Hazel (2)}
hazelscg086.jpg,165557,47489e52,\Gallery 54\06 - Hazel (2)\,{Shemale Yum Dvd03~G54~06-2~06 - Hazel (2)}
hazelscg087.jpg,109693,364206cd,\Gallery 54\06 - Hazel (2)\,{Shemale Yum Dvd03~G54~06-2~06 - Hazel (2)}
hazelscg088.jpg,117326,6ae50d28,\Gallery 54\06 - Hazel (2)\,{Shemale Yum Dvd03~G54~06-2~06 - Hazel (2)}
hazelscg089.jpg,114181,4fc7a953,\Gallery 54\06 - Hazel (2)\,{Shemale Yum Dvd03~G54~06-2~06 - Hazel (2)}
hazelscg090.jpg,117488,1445f75d,\Gallery 54\06 - Hazel (2)\,{Shemale Yum Dvd03~G54~06-2~06 - Hazel (2)}
hazelscg091.jpg,119920,c477244f,\Gallery 54\06 - Hazel (2)\,{Shemale Yum Dvd03~G54~06-2~06 - Hazel (2)}
hazelscg092.jpg,157768,3719f035,\Gallery 54\06 - Hazel (2)\,{Shemale Yum Dvd03~G54~06-2~06 - Hazel (2)}
hazelscg093.jpg,118907,aba495e5,\Gallery 54\06 - Hazel (2)\,{Shemale Yum Dvd03~G54~06-2~06 - Hazel (2)}
hazelscg094.jpg,163526,47e5c5d4,\Gallery 54\06 - Hazel (2)\,{Shemale Yum Dvd03~G54~06-2~06 - Hazel (2)}
hazelscg095.jpg,111200,0485ce9f,\Gallery 54\06 - Hazel (2)\,{Shemale Yum Dvd03~G54~06-2~06 - Hazel (2)}
hazelscg096.jpg,115987,f2db8243,\Gallery 54\06 - Hazel (2)\,{Shemale Yum Dvd03~G54~06-2~06 - Hazel (2)}
hazelscg097.jpg,131419,8dfb7673,\Gallery 54\06 - Hazel (2)\,{Shemale Yum Dvd03~G54~06-2~06 - Hazel (2)}
hazelscg098.jpg,132059,d1cfdef4,\Gallery 54\06 - Hazel (2)\,{Shemale Yum Dvd03~G54~06-2~06 - Hazel (2)}
hazelscg099.jpg,158877,9a5223a4,\Gallery 54\06 - Hazel (2)\,{Shemale Yum Dvd03~G54~06-2~06 - Hazel (2)}
hazelscg100.jpg,122774,46fff5eb,\Gallery 54\06 - Hazel (2)\,{Shemale Yum Dvd03~G54~06-2~06 - Hazel (2)}
hazelscg101.jpg,185480,0710c185,\Gallery 54\06 - Hazel (2)\,{Shemale Yum Dvd03~G54~06-2~06 - Hazel (2)}
hazelscg102.jpg,137827,da882a94,\Gallery 54\06 - Hazel (2)\,{Shemale Yum Dvd03~G54~06-2~06 - Hazel (2)}
hazelscg103.jpg,134906,3700d3c8,\Gallery 54\06 - Hazel (2)\,{Shemale Yum Dvd03~G54~06-2~06 - Hazel (2)}
hazelscg104.jpg,121823,f8b30b4e,\Gallery 54\06 - Hazel (2)\,{Shemale Yum Dvd03~G54~06-2~06 - Hazel (2)}
hazelscg105.jpg,124524,3d887f82,\Gallery 54\06 - Hazel (2)\,{Shemale Yum Dvd03~G54~06-2~06 - Hazel (2)}
hazelscg106.jpg,127776,981817e9,\Gallery 54\06 - Hazel (2)\,{Shemale Yum Dvd03~G54~06-2~06 - Hazel (2)}
hazelscg107.jpg,125811,6b4e7500,\Gallery 54\06 - Hazel (2)\,{Shemale Yum Dvd03~G54~06-2~06 - Hazel (2)}
hazelscg108.jpg,127524,a33c89f8,\Gallery 54\06 - Hazel (2)\,{Shemale Yum Dvd03~G54~06-2~06 - Hazel (2)}
hazelscg109.jpg,124560,e5743a7a,\Gallery 54\06 - Hazel (2)\,{Shemale Yum Dvd03~G54~06-2~06 - Hazel (2)}
hazelscg110.jpg,124536,26054849,\Gallery 54\06 - Hazel (2)\,{Shemale Yum Dvd03~G54~06-2~06 - Hazel (2)}
hazelscg111.jpg,157521,d61b080c,\Gallery 54\06 - Hazel (2)\,{Shemale Yum Dvd03~G54~06-2~06 - Hazel (2)}
hazelscg112.jpg,122768,d2a39ff8,\Gallery 54\06 - Hazel (2)\,{Shemale Yum Dvd03~G54~06-2~06 - Hazel (2)}
hazelscg113.jpg,123890,8cd66071,\Gallery 54\06 - Hazel (2)\,{Shemale Yum Dvd03~G54~06-2~06 - Hazel (2)}
hazelscg114.jpg,118278,b78623e8,\Gallery 54\06 - Hazel (2)\,{Shemale Yum Dvd03~G54~06-2~06 - Hazel (2)}
hazelscg115.jpg,115048,2f08ae6c,\Gallery 54\06 - Hazel (2)\,{Shemale Yum Dvd03~G54~06-2~06 - Hazel (2)}
hazelscg116.jpg,168088,e561047b,\Gallery 54\06 - Hazel (2)\,{Shemale Yum Dvd03~G54~06-2~06 - Hazel (2)}
hazelscg117.jpg,164376,017e20ab,\Gallery 54\06 - Hazel (2)\,{Shemale Yum Dvd03~G54~06-2~06 - Hazel (2)}
hazelscg118.jpg,153692,955d67fd,\Gallery 54\06 - Hazel (2)\,{Shemale Yum Dvd03~G54~06-2~06 - Hazel (2)}
hazelscg119.jpg,120804,5b23ba2f,\Gallery 54\06 - Hazel (2)\,{Shemale Yum Dvd03~G54~06-2~06 - Hazel (2)}
hazelscg120.jpg,141888,69554391,\Gallery 54\06 - Hazel (2)\,{Shemale Yum Dvd03~G54~06-2~06 - Hazel (2)}
hazelscg121.jpg,120349,c76a0e0e,\Gallery 54\06 - Hazel (2)\,{Shemale Yum Dvd03~G54~06-2~06 - Hazel (2)}
hazelscg122.jpg,112613,9caf2de2,\Gallery 54\06 - Hazel (2)\,{Shemale Yum Dvd03~G54~06-2~06 - Hazel (2)}
hazelscg123.jpg,120649,e884734f,\Gallery 54\06 - Hazel (2)\,{Shemale Yum Dvd03~G54~06-2~06 - Hazel (2)}
hazelscg124.jpg,126933,610b1fb6,\Gallery 54\06 - Hazel (2)\,{Shemale Yum Dvd03~G54~06-2~06 - Hazel (2)}
hazelscg125.jpg,123168,b8866f44,\Gallery 54\06 - Hazel (2)\,{Shemale Yum Dvd03~G54~06-2~06 - Hazel (2)}
hazelscg126.jpg,121314,2f1b3fac,\Gallery 54\06 - Hazel (2)\,{Shemale Yum Dvd03~G54~06-2~06 - Hazel (2)}
hazelscg127.jpg,116728,5e940944,\Gallery 54\06 - Hazel (2)\,{Shemale Yum Dvd03~G54~06-2~06 - Hazel (2)}
hazelscg128.jpg,119991,971873c2,\Gallery 54\06 - Hazel (2)\,{Shemale Yum Dvd03~G54~06-2~06 - Hazel (2)}
hazelscg129.jpg,120993,f2984ea1,\Gallery 54\06 - Hazel (2)\,{Shemale Yum Dvd03~G54~06-2~06 - Hazel (2)}
hazelscg130.jpg,123739,832e3c38,\Gallery 54\06 - Hazel (2)\,{Shemale Yum Dvd03~G54~06-2~06 - Hazel (2)}
hazelscg131.jpg,139190,107c5f5d,\Gallery 54\06 - Hazel (2)\,{Shemale Yum Dvd03~G54~06-2~06 - Hazel (2)}
hazelscg132.jpg,142604,8e5c7263,\Gallery 54\06 - Hazel (2)\,{Shemale Yum Dvd03~G54~06-2~06 - Hazel (2)}
hazelscg133.jpg,131939,3ff28393,\Gallery 54\06 - Hazel (2)\,{Shemale Yum Dvd03~G54~06-2~06 - Hazel (2)}
hazelscg134.jpg,154474,5bc6d262,\Gallery 54\06 - Hazel (2)\,{Shemale Yum Dvd03~G54~06-2~06 - Hazel (2)}
iris1001.jpg,102483,1e672268,\Gallery 54\07 - Iris\,{Shemale Yum Dvd03~G54~07~07 - Iris}
iris1002.jpg,141428,1e27b68f,\Gallery 54\07 - Iris\,{Shemale Yum Dvd03~G54~07~07 - Iris}
iris1003.jpg,135279,a9630d60,\Gallery 54\07 - Iris\,{Shemale Yum Dvd03~G54~07~07 - Iris}
iris1004.jpg,136346,f9c2f3dd,\Gallery 54\07 - Iris\,{Shemale Yum Dvd03~G54~07~07 - Iris}
iris1005.jpg,137746,7bb73b51,\Gallery 54\07 - Iris\,{Shemale Yum Dvd03~G54~07~07 - Iris}
iris1006.jpg,141782,7d969228,\Gallery 54\07 - Iris\,{Shemale Yum Dvd03~G54~07~07 - Iris}
iris1007.jpg,140108,032d7c7a,\Gallery 54\07 - Iris\,{Shemale Yum Dvd03~G54~07~07 - Iris}
iris1008.jpg,132010,9de51b74,\Gallery 54\07 - Iris\,{Shemale Yum Dvd03~G54~07~07 - Iris}
iris1010.jpg,142700,130586a5,\Gallery 54\07 - Iris\,{Shemale Yum Dvd03~G54~07~07 - Iris}
iris1011.jpg,139133,21eb46cf,\Gallery 54\07 - Iris\,{Shemale Yum Dvd03~G54~07~07 - Iris}
iris1012.jpg,128147,40806a7c,\Gallery 54\07 - Iris\,{Shemale Yum Dvd03~G54~07~07 - Iris}
iris1013.jpg,139379,4140e0e2,\Gallery 54\07 - Iris\,{Shemale Yum Dvd03~G54~07~07 - Iris}
iris1014.jpg,131573,a3fd100c,\Gallery 54\07 - Iris\,{Shemale Yum Dvd03~G54~07~07 - Iris}
iris1015.jpg,133627,5537122f,\Gallery 54\07 - Iris\,{Shemale Yum Dvd03~G54~07~07 - Iris}
iris1016.jpg,145376,073247ce,\Gallery 54\07 - Iris\,{Shemale Yum Dvd03~G54~07~07 - Iris}
iris1017.jpg,141196,42993393,\Gallery 54\07 - Iris\,{Shemale Yum Dvd03~G54~07~07 - Iris}
iris1018.jpg,129661,92cc37a2,\Gallery 54\07 - Iris\,{Shemale Yum Dvd03~G54~07~07 - Iris}
iris1019.jpg,141128,5180f20b,\Gallery 54\07 - Iris\,{Shemale Yum Dvd03~G54~07~07 - Iris}
iris1020.jpg,136998,b9fa1b06,\Gallery 54\07 - Iris\,{Shemale Yum Dvd03~G54~07~07 - Iris}
iris1021.jpg,132443,eb4ee912,\Gallery 54\07 - Iris\,{Shemale Yum Dvd03~G54~07~07 - Iris}
iris1022.jpg,139449,273ea8bd,\Gallery 54\07 - Iris\,{Shemale Yum Dvd03~G54~07~07 - Iris}
iris1023.jpg,131967,e7f97523,\Gallery 54\07 - Iris\,{Shemale Yum Dvd03~G54~07~07 - Iris}
iris1024.jpg,130467,9604a688,\Gallery 54\07 - Iris\,{Shemale Yum Dvd03~G54~07~07 - Iris}
iris1025.jpg,145785,b8b7cad4,\Gallery 54\07 - Iris\,{Shemale Yum Dvd03~G54~07~07 - Iris}
iris1026.jpg,139452,d8230e6b,\Gallery 54\07 - Iris\,{Shemale Yum Dvd03~G54~07~07 - Iris}
iris1027.jpg,131114,68f9eef7,\Gallery 54\07 - Iris\,{Shemale Yum Dvd03~G54~07~07 - Iris}
iris1028.jpg,141120,3c146b8c,\Gallery 54\07 - Iris\,{Shemale Yum Dvd03~G54~07~07 - Iris}
iris1029.jpg,131813,572de5b5,\Gallery 54\07 - Iris\,{Shemale Yum Dvd03~G54~07~07 - Iris}
iris1030.jpg,141219,c97bd858,\Gallery 54\07 - Iris\,{Shemale Yum Dvd03~G54~07~07 - Iris}
iris1031.jpg,131455,c30f64f6,\Gallery 54\07 - Iris\,{Shemale Yum Dvd03~G54~07~07 - Iris}
iris1032.jpg,132971,7db0533e,\Gallery 54\07 - Iris\,{Shemale Yum Dvd03~G54~07~07 - Iris}
iris1033.jpg,137487,ef4eb463,\Gallery 54\07 - Iris\,{Shemale Yum Dvd03~G54~07~07 - Iris}
iris1034.jpg,138232,dcbedbae,\Gallery 54\07 - Iris\,{Shemale Yum Dvd03~G54~07~07 - Iris}
iris1035.jpg,139518,0f1b7142,\Gallery 54\07 - Iris\,{Shemale Yum Dvd03~G54~07~07 - Iris}
iris1036.jpg,134623,56b7c7a8,\Gallery 54\07 - Iris\,{Shemale Yum Dvd03~G54~07~07 - Iris}
iris1037.jpg,129218,c59449f7,\Gallery 54\07 - Iris\,{Shemale Yum Dvd03~G54~07~07 - Iris}
iris1038.jpg,141065,4dc0bb2b,\Gallery 54\07 - Iris\,{Shemale Yum Dvd03~G54~07~07 - Iris}
iris1039.jpg,130953,be60b4ee,\Gallery 54\07 - Iris\,{Shemale Yum Dvd03~G54~07~07 - Iris}
iris1040.jpg,137291,f06e2dc2,\Gallery 54\07 - Iris\,{Shemale Yum Dvd03~G54~07~07 - Iris}
iris1041.jpg,136456,99da9c0f,\Gallery 54\07 - Iris\,{Shemale Yum Dvd03~G54~07~07 - Iris}
iris1042.jpg,140980,3ff8f8b7,\Gallery 54\07 - Iris\,{Shemale Yum Dvd03~G54~07~07 - Iris}
iris1043.jpg,139819,3e5d6c28,\Gallery 54\07 - Iris\,{Shemale Yum Dvd03~G54~07~07 - Iris}
iris1044.jpg,142000,3c9e1d4c,\Gallery 54\07 - Iris\,{Shemale Yum Dvd03~G54~07~07 - Iris}
iris1045.jpg,135644,222183a2,\Gallery 54\07 - Iris\,{Shemale Yum Dvd03~G54~07~07 - Iris}
iris1046.jpg,130452,3e55397e,\Gallery 54\07 - Iris\,{Shemale Yum Dvd03~G54~07~07 - Iris}
iris1047.jpg,140913,ae11e78e,\Gallery 54\07 - Iris\,{Shemale Yum Dvd03~G54~07~07 - Iris}
iris1048.jpg,121097,f885deef,\Gallery 54\07 - Iris\,{Shemale Yum Dvd03~G54~07~07 - Iris}
iris1049.jpg,135094,2ecf46c0,\Gallery 54\07 - Iris\,{Shemale Yum Dvd03~G54~07~07 - Iris}
iris1050.jpg,135449,0150a428,\Gallery 54\07 - Iris\,{Shemale Yum Dvd03~G54~07~07 - Iris}
iris1051.jpg,135682,6f133729,\Gallery 54\07 - Iris\,{Shemale Yum Dvd03~G54~07~07 - Iris}
iris1052.jpg,131706,39bf9c46,\Gallery 54\07 - Iris\,{Shemale Yum Dvd03~G54~07~07 - Iris}
iris1053.jpg,142566,71118d96,\Gallery 54\07 - Iris\,{Shemale Yum Dvd03~G54~07~07 - Iris}
iris1054.jpg,119276,8a1b78e5,\Gallery 54\07 - Iris\,{Shemale Yum Dvd03~G54~07~07 - Iris}
iris1055.jpg,133656,66181b45,\Gallery 54\07 - Iris\,{Shemale Yum Dvd03~G54~07~07 - Iris}
iris1056.jpg,122744,1d826f14,\Gallery 54\07 - Iris\,{Shemale Yum Dvd03~G54~07~07 - Iris}
iris1057.jpg,132606,13a6f347,\Gallery 54\07 - Iris\,{Shemale Yum Dvd03~G54~07~07 - Iris}
iris1058.jpg,132930,1249a5aa,\Gallery 54\07 - Iris\,{Shemale Yum Dvd03~G54~07~07 - Iris}
iris1059.jpg,139605,aff999d0,\Gallery 54\07 - Iris\,{Shemale Yum Dvd03~G54~07~07 - Iris}
iris1060.jpg,132249,0d0c291a,\Gallery 54\07 - Iris\,{Shemale Yum Dvd03~G54~07~07 - Iris}
iris1061.jpg,110149,27384388,\Gallery 54\07 - Iris\,{Shemale Yum Dvd03~G54~07~07 - Iris}
iris1062.jpg,144200,3dbd3c2b,\Gallery 54\07 - Iris\,{Shemale Yum Dvd03~G54~07~07 - Iris}
iris1063.jpg,140345,f0b8577e,\Gallery 54\07 - Iris\,{Shemale Yum Dvd03~G54~07~07 - Iris}
iris1064.jpg,141070,97a5f875,\Gallery 54\07 - Iris\,{Shemale Yum Dvd03~G54~07~07 - Iris}
iris1065.jpg,142442,d3d3fe45,\Gallery 54\07 - Iris\,{Shemale Yum Dvd03~G54~07~07 - Iris}
iris1066.jpg,135098,a5626a73,\Gallery 54\07 - Iris\,{Shemale Yum Dvd03~G54~07~07 - Iris}
iris1067.jpg,131877,95f2afe6,\Gallery 54\07 - Iris\,{Shemale Yum Dvd03~G54~07~07 - Iris}
iris1068.jpg,135406,bd7dc949,\Gallery 54\07 - Iris\,{Shemale Yum Dvd03~G54~07~07 - Iris}
iris1069.jpg,140606,398b0cd2,\Gallery 54\07 - Iris\,{Shemale Yum Dvd03~G54~07~07 - Iris}
iris1070.jpg,131248,2257c270,\Gallery 54\07 - Iris\,{Shemale Yum Dvd03~G54~07~07 - Iris}
iris1071.jpg,125639,bf613326,\Gallery 54\07 - Iris\,{Shemale Yum Dvd03~G54~07~07 - Iris}
iris1072.jpg,122073,819438b5,\Gallery 54\07 - Iris\,{Shemale Yum Dvd03~G54~07~07 - Iris}
iris1073.jpg,109166,1dc6b82e,\Gallery 54\07 - Iris\,{Shemale Yum Dvd03~G54~07~07 - Iris}
iris1074.jpg,123226,86ceb6c8,\Gallery 54\07 - Iris\,{Shemale Yum Dvd03~G54~07~07 - Iris}
iris1075.jpg,130406,bb886d0b,\Gallery 54\07 - Iris\,{Shemale Yum Dvd03~G54~07~07 - Iris}
iris1076.jpg,140914,416323f7,\Gallery 54\07 - Iris\,{Shemale Yum Dvd03~G54~07~07 - Iris}
iris1077.jpg,129605,861c6c55,\Gallery 54\07 - Iris\,{Shemale Yum Dvd03~G54~07~07 - Iris}
iris1078.jpg,138542,5b92ce4b,\Gallery 54\07 - Iris\,{Shemale Yum Dvd03~G54~07~07 - Iris}
iris1079.jpg,128619,583d4ade,\Gallery 54\07 - Iris\,{Shemale Yum Dvd03~G54~07~07 - Iris}
iris1080.jpg,130714,6f354bff,\Gallery 54\07 - Iris\,{Shemale Yum Dvd03~G54~07~07 - Iris}
iris1081.jpg,96925,176c533d,\Gallery 54\07 - Iris\,{Shemale Yum Dvd03~G54~07~07 - Iris}
iris1082.jpg,120885,eccba5ee,\Gallery 54\07 - Iris\,{Shemale Yum Dvd03~G54~07~07 - Iris}
iris1083.jpg,133699,129d477e,\Gallery 54\07 - Iris\,{Shemale Yum Dvd03~G54~07~07 - Iris}
iris1084.jpg,123860,f464d61f,\Gallery 54\07 - Iris\,{Shemale Yum Dvd03~G54~07~07 - Iris}
iris1085.jpg,125694,07740bfd,\Gallery 54\07 - Iris\,{Shemale Yum Dvd03~G54~07~07 - Iris}
iris1086.jpg,135207,9fe0aeb0,\Gallery 54\07 - Iris\,{Shemale Yum Dvd03~G54~07~07 - Iris}
iris1087.jpg,117073,7dee2fbe,\Gallery 54\07 - Iris\,{Shemale Yum Dvd03~G54~07~07 - Iris}
iris1088.jpg,122578,6712c8c3,\Gallery 54\07 - Iris\,{Shemale Yum Dvd03~G54~07~07 - Iris}
iris1089.jpg,134102,9ed819bf,\Gallery 54\07 - Iris\,{Shemale Yum Dvd03~G54~07~07 - Iris}
iris1090.jpg,147323,76d73ee3,\Gallery 54\07 - Iris\,{Shemale Yum Dvd03~G54~07~07 - Iris}
iris1091.jpg,132044,5c9fa786,\Gallery 54\07 - Iris\,{Shemale Yum Dvd03~G54~07~07 - Iris}
iris1092.jpg,145939,4b0a4b17,\Gallery 54\07 - Iris\,{Shemale Yum Dvd03~G54~07~07 - Iris}
iris1093.jpg,96003,ccb94683,\Gallery 54\07 - Iris\,{Shemale Yum Dvd03~G54~07~07 - Iris}
iris1094.jpg,105476,20884f22,\Gallery 54\07 - Iris\,{Shemale Yum Dvd03~G54~07~07 - Iris}
iris1095.jpg,129912,b11efa00,\Gallery 54\07 - Iris\,{Shemale Yum Dvd03~G54~07~07 - Iris}
iris1096.jpg,130408,9281f038,\Gallery 54\07 - Iris\,{Shemale Yum Dvd03~G54~07~07 - Iris}
iris1097.jpg,129898,38345a2e,\Gallery 54\07 - Iris\,{Shemale Yum Dvd03~G54~07~07 - Iris}
iris1098.jpg,123836,65e32a3c,\Gallery 54\07 - Iris\,{Shemale Yum Dvd03~G54~07~07 - Iris}
iris1099.jpg,139457,d8d498d0,\Gallery 54\07 - Iris\,{Shemale Yum Dvd03~G54~07~07 - Iris}
iris1100.jpg,125095,0bbaf5fa,\Gallery 54\07 - Iris\,{Shemale Yum Dvd03~G54~07~07 - Iris}
iris1101.jpg,121824,7d06202c,\Gallery 54\07 - Iris\,{Shemale Yum Dvd03~G54~07~07 - Iris}
iris1102.jpg,141782,26d218ec,\Gallery 54\07 - Iris\,{Shemale Yum Dvd03~G54~07~07 - Iris}
iris2001.jpg,162106,7a97f8ed,\Gallery 54\07 - Iris (2)\,{Shemale Yum Dvd03~G54~07-2~07 - Iris (2)}
iris2002.jpg,154060,1fdcfc9c,\Gallery 54\07 - Iris (2)\,{Shemale Yum Dvd03~G54~07-2~07 - Iris (2)}
iris2003.jpg,158891,984b5e00,\Gallery 54\07 - Iris (2)\,{Shemale Yum Dvd03~G54~07-2~07 - Iris (2)}
iris2004.jpg,103226,f5ea8097,\Gallery 54\07 - Iris (2)\,{Shemale Yum Dvd03~G54~07-2~07 - Iris (2)}
iris2006.jpg,150730,61dadaa5,\Gallery 54\07 - Iris (2)\,{Shemale Yum Dvd03~G54~07-2~07 - Iris (2)}
iris2007.jpg,167310,a343b0dc,\Gallery 54\07 - Iris (2)\,{Shemale Yum Dvd03~G54~07-2~07 - Iris (2)}
iris2008.jpg,151121,a4907d7c,\Gallery 54\07 - Iris (2)\,{Shemale Yum Dvd03~G54~07-2~07 - Iris (2)}
iris2009.jpg,149083,b45cc9a0,\Gallery 54\07 - Iris (2)\,{Shemale Yum Dvd03~G54~07-2~07 - Iris (2)}
iris2010.jpg,146364,1d7ea721,\Gallery 54\07 - Iris (2)\,{Shemale Yum Dvd03~G54~07-2~07 - Iris (2)}
iris2011.jpg,151776,84442881,\Gallery 54\07 - Iris (2)\,{Shemale Yum Dvd03~G54~07-2~07 - Iris (2)}
iris2012.jpg,148090,b4f3675f,\Gallery 54\07 - Iris (2)\,{Shemale Yum Dvd03~G54~07-2~07 - Iris (2)}
iris2013.jpg,166412,22624ad4,\Gallery 54\07 - Iris (2)\,{Shemale Yum Dvd03~G54~07-2~07 - Iris (2)}
iris2014.jpg,149105,76a599fe,\Gallery 54\07 - Iris (2)\,{Shemale Yum Dvd03~G54~07-2~07 - Iris (2)}
iris2015.jpg,159532,d26f0264,\Gallery 54\07 - Iris (2)\,{Shemale Yum Dvd03~G54~07-2~07 - Iris (2)}
iris2016.jpg,183493,5f16a3c7,\Gallery 54\07 - Iris (2)\,{Shemale Yum Dvd03~G54~07-2~07 - Iris (2)}
iris2017.jpg,158587,2953c5c2,\Gallery 54\07 - Iris (2)\,{Shemale Yum Dvd03~G54~07-2~07 - Iris (2)}
iris2018.jpg,201551,19418c8b,\Gallery 54\07 - Iris (2)\,{Shemale Yum Dvd03~G54~07-2~07 - Iris (2)}
iris2019.jpg,167537,eafe1b18,\Gallery 54\07 - Iris (2)\,{Shemale Yum Dvd03~G54~07-2~07 - Iris (2)}
iris2020.jpg,149608,c7edcb70,\Gallery 54\07 - Iris (2)\,{Shemale Yum Dvd03~G54~07-2~07 - Iris (2)}
iris2021.jpg,164239,25972e0d,\Gallery 54\07 - Iris (2)\,{Shemale Yum Dvd03~G54~07-2~07 - Iris (2)}
iris2022.jpg,140487,2b4606ae,\Gallery 54\07 - Iris (2)\,{Shemale Yum Dvd03~G54~07-2~07 - Iris (2)}
iris2023.jpg,155092,746a9d80,\Gallery 54\07 - Iris (2)\,{Shemale Yum Dvd03~G54~07-2~07 - Iris (2)}
iris2024.jpg,159850,e9fe278b,\Gallery 54\07 - Iris (2)\,{Shemale Yum Dvd03~G54~07-2~07 - Iris (2)}
iris2026.jpg,141832,ed5d19d1,\Gallery 54\07 - Iris (2)\,{Shemale Yum Dvd03~G54~07-2~07 - Iris (2)}
iris2027.jpg,140044,ca4f2837,\Gallery 54\07 - Iris (2)\,{Shemale Yum Dvd03~G54~07-2~07 - Iris (2)}
iris2028.jpg,146137,010b1b93,\Gallery 54\07 - Iris (2)\,{Shemale Yum Dvd03~G54~07-2~07 - Iris (2)}
iris2029.jpg,147521,d2aa43d5,\Gallery 54\07 - Iris (2)\,{Shemale Yum Dvd03~G54~07-2~07 - Iris (2)}
iris2030.jpg,133767,3374d91d,\Gallery 54\07 - Iris (2)\,{Shemale Yum Dvd03~G54~07-2~07 - Iris (2)}
iris2032.jpg,156773,b46e8c15,\Gallery 54\07 - Iris (2)\,{Shemale Yum Dvd03~G54~07-2~07 - Iris (2)}
iris2033.jpg,164976,714c80d8,\Gallery 54\07 - Iris (2)\,{Shemale Yum Dvd03~G54~07-2~07 - Iris (2)}
iris2034.jpg,156637,94dfdad7,\Gallery 54\07 - Iris (2)\,{Shemale Yum Dvd03~G54~07-2~07 - Iris (2)}
iris2035.jpg,150758,f6694e66,\Gallery 54\07 - Iris (2)\,{Shemale Yum Dvd03~G54~07-2~07 - Iris (2)}
iris2037.jpg,162941,2956dd21,\Gallery 54\07 - Iris (2)\,{Shemale Yum Dvd03~G54~07-2~07 - Iris (2)}
iris2038.jpg,152819,3904c538,\Gallery 54\07 - Iris (2)\,{Shemale Yum Dvd03~G54~07-2~07 - Iris (2)}
iris2039.jpg,164965,93e51d49,\Gallery 54\07 - Iris (2)\,{Shemale Yum Dvd03~G54~07-2~07 - Iris (2)}
iris2040.jpg,161761,d05589de,\Gallery 54\07 - Iris (2)\,{Shemale Yum Dvd03~G54~07-2~07 - Iris (2)}
iris2041.jpg,156583,4f41e839,\Gallery 54\07 - Iris (2)\,{Shemale Yum Dvd03~G54~07-2~07 - Iris (2)}
iris2042.jpg,159980,5c0bd64f,\Gallery 54\07 - Iris (2)\,{Shemale Yum Dvd03~G54~07-2~07 - Iris (2)}
iris2043.jpg,166597,39f545bc,\Gallery 54\07 - Iris (2)\,{Shemale Yum Dvd03~G54~07-2~07 - Iris (2)}
iris2046.jpg,175916,366ee201,\Gallery 54\07 - Iris (2)\,{Shemale Yum Dvd03~G54~07-2~07 - Iris (2)}
iris2047.jpg,182508,81267aa7,\Gallery 54\07 - Iris (2)\,{Shemale Yum Dvd03~G54~07-2~07 - Iris (2)}
iris2048.jpg,172154,50a98538,\Gallery 54\07 - Iris (2)\,{Shemale Yum Dvd03~G54~07-2~07 - Iris (2)}
iris2049.jpg,159296,15681f7f,\Gallery 54\07 - Iris (2)\,{Shemale Yum Dvd03~G54~07-2~07 - Iris (2)}
iris2050.jpg,152524,4a95224f,\Gallery 54\07 - Iris (2)\,{Shemale Yum Dvd03~G54~07-2~07 - Iris (2)}
iris2051.jpg,161914,baefe0e0,\Gallery 54\07 - Iris (2)\,{Shemale Yum Dvd03~G54~07-2~07 - Iris (2)}
iris2052.jpg,163103,09124f78,\Gallery 54\07 - Iris (2)\,{Shemale Yum Dvd03~G54~07-2~07 - Iris (2)}
iris2053.jpg,156616,ce759b6c,\Gallery 54\07 - Iris (2)\,{Shemale Yum Dvd03~G54~07-2~07 - Iris (2)}
iris2054.jpg,140884,58297c15,\Gallery 54\07 - Iris (2)\,{Shemale Yum Dvd03~G54~07-2~07 - Iris (2)}
iris2055.jpg,138578,abc5f6c9,\Gallery 54\07 - Iris (2)\,{Shemale Yum Dvd03~G54~07-2~07 - Iris (2)}
iris2056.jpg,138833,300634c5,\Gallery 54\07 - Iris (2)\,{Shemale Yum Dvd03~G54~07-2~07 - Iris (2)}
iris2057.jpg,158321,6d83541a,\Gallery 54\07 - Iris (2)\,{Shemale Yum Dvd03~G54~07-2~07 - Iris (2)}
iris2058.jpg,164745,c9aea86b,\Gallery 54\07 - Iris (2)\,{Shemale Yum Dvd03~G54~07-2~07 - Iris (2)}
iris2059.jpg,136352,3f87674c,\Gallery 54\07 - Iris (2)\,{Shemale Yum Dvd03~G54~07-2~07 - Iris (2)}
iris2060.jpg,149365,7ec3970d,\Gallery 54\07 - Iris (2)\,{Shemale Yum Dvd03~G54~07-2~07 - Iris (2)}
iris2061.jpg,155705,44de6c7d,\Gallery 54\07 - Iris (2)\,{Shemale Yum Dvd03~G54~07-2~07 - Iris (2)}
iris2062.jpg,159975,d588bb47,\Gallery 54\07 - Iris (2)\,{Shemale Yum Dvd03~G54~07-2~07 - Iris (2)}
iris2063.jpg,146320,48c04a2f,\Gallery 54\07 - Iris (2)\,{Shemale Yum Dvd03~G54~07-2~07 - Iris (2)}
iris2064.jpg,147130,c15e738b,\Gallery 54\07 - Iris (2)\,{Shemale Yum Dvd03~G54~07-2~07 - Iris (2)}
iris2065.jpg,140119,b4c815ff,\Gallery 54\07 - Iris (2)\,{Shemale Yum Dvd03~G54~07-2~07 - Iris (2)}
iris2066.jpg,161194,40c71cfb,\Gallery 54\07 - Iris (2)\,{Shemale Yum Dvd03~G54~07-2~07 - Iris (2)}
iris2067.jpg,171831,5e127424,\Gallery 54\07 - Iris (2)\,{Shemale Yum Dvd03~G54~07-2~07 - Iris (2)}
iris2068.jpg,163367,2ba37f9b,\Gallery 54\07 - Iris (2)\,{Shemale Yum Dvd03~G54~07-2~07 - Iris (2)}
iris2069.jpg,159515,f2cad2d7,\Gallery 54\07 - Iris (2)\,{Shemale Yum Dvd03~G54~07-2~07 - Iris (2)}
iris2071.jpg,151431,53a0c6d4,\Gallery 54\07 - Iris (2)\,{Shemale Yum Dvd03~G54~07-2~07 - Iris (2)}
iris2072.jpg,165884,be58ff75,\Gallery 54\07 - Iris (2)\,{Shemale Yum Dvd03~G54~07-2~07 - Iris (2)}
iris2073.jpg,155061,b352f0fe,\Gallery 54\07 - Iris (2)\,{Shemale Yum Dvd03~G54~07-2~07 - Iris (2)}
iris2074.jpg,157188,dee1c471,\Gallery 54\07 - Iris (2)\,{Shemale Yum Dvd03~G54~07-2~07 - Iris (2)}
iris2075.jpg,136703,bf1ea078,\Gallery 54\07 - Iris (2)\,{Shemale Yum Dvd03~G54~07-2~07 - Iris (2)}
iris2076.jpg,142250,c65f4d88,\Gallery 54\07 - Iris (2)\,{Shemale Yum Dvd03~G54~07-2~07 - Iris (2)}
iris2077.jpg,154289,7a713fab,\Gallery 54\07 - Iris (2)\,{Shemale Yum Dvd03~G54~07-2~07 - Iris (2)}
iris2078.jpg,155147,21958c94,\Gallery 54\07 - Iris (2)\,{Shemale Yum Dvd03~G54~07-2~07 - Iris (2)}
iris2079.jpg,163753,a0377829,\Gallery 54\07 - Iris (2)\,{Shemale Yum Dvd03~G54~07-2~07 - Iris (2)}
iris2080.jpg,145824,24d4b818,\Gallery 54\07 - Iris (2)\,{Shemale Yum Dvd03~G54~07-2~07 - Iris (2)}
iris2081.jpg,164962,91104039,\Gallery 54\07 - Iris (2)\,{Shemale Yum Dvd03~G54~07-2~07 - Iris (2)}
iris2082.jpg,144745,70858bb8,\Gallery 54\07 - Iris (2)\,{Shemale Yum Dvd03~G54~07-2~07 - Iris (2)}
iris2083.jpg,152108,93e83f8d,\Gallery 54\07 - Iris (2)\,{Shemale Yum Dvd03~G54~07-2~07 - Iris (2)}
iris2084.jpg,138441,e1d400e2,\Gallery 54\07 - Iris (2)\,{Shemale Yum Dvd03~G54~07-2~07 - Iris (2)}
iris2085.jpg,153430,38c276e6,\Gallery 54\07 - Iris (2)\,{Shemale Yum Dvd03~G54~07-2~07 - Iris (2)}
iris2086.jpg,143890,f0d137ab,\Gallery 54\07 - Iris (2)\,{Shemale Yum Dvd03~G54~07-2~07 - Iris (2)}
iris2087.jpg,147726,df239c14,\Gallery 54\07 - Iris (2)\,{Shemale Yum Dvd03~G54~07-2~07 - Iris (2)}
iris2088.jpg,130232,92c3d426,\Gallery 54\07 - Iris (2)\,{Shemale Yum Dvd03~G54~07-2~07 - Iris (2)}
iris2089.jpg,153787,d263edc1,\Gallery 54\07 - Iris (2)\,{Shemale Yum Dvd03~G54~07-2~07 - Iris (2)}
iris2090.jpg,160632,1fa5bcef,\Gallery 54\07 - Iris (2)\,{Shemale Yum Dvd03~G54~07-2~07 - Iris (2)}
iris2091.jpg,176445,b484544c,\Gallery 54\07 - Iris (2)\,{Shemale Yum Dvd03~G54~07-2~07 - Iris (2)}
iris2092.jpg,169393,8cf16b92,\Gallery 54\07 - Iris (2)\,{Shemale Yum Dvd03~G54~07-2~07 - Iris (2)}
iris2095.jpg,158667,2eaef75c,\Gallery 54\07 - Iris (2)\,{Shemale Yum Dvd03~G54~07-2~07 - Iris (2)}
iris2096.jpg,166583,7b09e672,\Gallery 54\07 - Iris (2)\,{Shemale Yum Dvd03~G54~07-2~07 - Iris (2)}
iris2097.jpg,151079,e92829f6,\Gallery 54\07 - Iris (2)\,{Shemale Yum Dvd03~G54~07-2~07 - Iris (2)}
iris2098.jpg,165580,c5c8271d,\Gallery 54\07 - Iris (2)\,{Shemale Yum Dvd03~G54~07-2~07 - Iris (2)}
iris2099.jpg,155045,333205f4,\Gallery 54\07 - Iris (2)\,{Shemale Yum Dvd03~G54~07-2~07 - Iris (2)}
iris2100.jpg,162862,928cac26,\Gallery 54\07 - Iris (2)\,{Shemale Yum Dvd03~G54~07-2~07 - Iris (2)}
iris2101.jpg,150981,28ceaa18,\Gallery 54\07 - Iris (2)\,{Shemale Yum Dvd03~G54~07-2~07 - Iris (2)}
iris2102.jpg,144112,f5703213,\Gallery 54\07 - Iris (2)\,{Shemale Yum Dvd03~G54~07-2~07 - Iris (2)}
iris2103.jpg,145661,e1c1d18e,\Gallery 54\07 - Iris (2)\,{Shemale Yum Dvd03~G54~07-2~07 - Iris (2)}
iris2104.jpg,149748,b3db5426,\Gallery 54\07 - Iris (2)\,{Shemale Yum Dvd03~G54~07-2~07 - Iris (2)}
iris2105.jpg,159393,f9a05c2e,\Gallery 54\07 - Iris (2)\,{Shemale Yum Dvd03~G54~07-2~07 - Iris (2)}
iris2106.jpg,152025,f0877634,\Gallery 54\07 - Iris (2)\,{Shemale Yum Dvd03~G54~07-2~07 - Iris (2)}
iris2107.jpg,132459,3e508dea,\Gallery 54\07 - Iris (2)\,{Shemale Yum Dvd03~G54~07-2~07 - Iris (2)}
iris2109.jpg,168356,4b251810,\Gallery 54\07 - Iris (2)\,{Shemale Yum Dvd03~G54~07-2~07 - Iris (2)}
iris2110.jpg,162174,5fe04553,\Gallery 54\07 - Iris (2)\,{Shemale Yum Dvd03~G54~07-2~07 - Iris (2)}
iris2111.jpg,163723,c838ec55,\Gallery 54\07 - Iris (2)\,{Shemale Yum Dvd03~G54~07-2~07 - Iris (2)}
iris2112.jpg,153029,88ae8e94,\Gallery 54\07 - Iris (2)\,{Shemale Yum Dvd03~G54~07-2~07 - Iris (2)}
iris2113.jpg,154774,f79683ed,\Gallery 54\07 - Iris (2)\,{Shemale Yum Dvd03~G54~07-2~07 - Iris (2)}
irisc3001.jpg,203944,369f580c,\Gallery 54\07 - Iris (3)\,{Shemale Yum Dvd03~G54~07-3~07 - Iris (3)}
irisc3002.jpg,212498,272528f0,\Gallery 54\07 - Iris (3)\,{Shemale Yum Dvd03~G54~07-3~07 - Iris (3)}
irisc3003.jpg,194368,f1f00137,\Gallery 54\07 - Iris (3)\,{Shemale Yum Dvd03~G54~07-3~07 - Iris (3)}
irisc3004.jpg,190468,2172e08d,\Gallery 54\07 - Iris (3)\,{Shemale Yum Dvd03~G54~07-3~07 - Iris (3)}
irisc3005.jpg,195635,54208ed1,\Gallery 54\07 - Iris (3)\,{Shemale Yum Dvd03~G54~07-3~07 - Iris (3)}
irisc3006.jpg,201082,7fffe3d6,\Gallery 54\07 - Iris (3)\,{Shemale Yum Dvd03~G54~07-3~07 - Iris (3)}
irisc3007.jpg,192062,b42a624a,\Gallery 54\07 - Iris (3)\,{Shemale Yum Dvd03~G54~07-3~07 - Iris (3)}
irisc3008.jpg,175542,296e9c92,\Gallery 54\07 - Iris (3)\,{Shemale Yum Dvd03~G54~07-3~07 - Iris (3)}
irisc3009.jpg,190171,8999f986,\Gallery 54\07 - Iris (3)\,{Shemale Yum Dvd03~G54~07-3~07 - Iris (3)}
irisc3010.jpg,184124,e2ead51c,\Gallery 54\07 - Iris (3)\,{Shemale Yum Dvd03~G54~07-3~07 - Iris (3)}
irisc3011.jpg,184088,d1e9f397,\Gallery 54\07 - Iris (3)\,{Shemale Yum Dvd03~G54~07-3~07 - Iris (3)}
irisc3012.jpg,185095,3cf615e8,\Gallery 54\07 - Iris (3)\,{Shemale Yum Dvd03~G54~07-3~07 - Iris (3)}
irisc3013.jpg,185544,c2bc675d,\Gallery 54\07 - Iris (3)\,{Shemale Yum Dvd03~G54~07-3~07 - Iris (3)}
irisc3014.jpg,212464,176425f1,\Gallery 54\07 - Iris (3)\,{Shemale Yum Dvd03~G54~07-3~07 - Iris (3)}
irisc3015.jpg,183913,b4b9fb5b,\Gallery 54\07 - Iris (3)\,{Shemale Yum Dvd03~G54~07-3~07 - Iris (3)}
irisc3016.jpg,183506,b54752c0,\Gallery 54\07 - Iris (3)\,{Shemale Yum Dvd03~G54~07-3~07 - Iris (3)}
irisc3017.jpg,212660,9186e9f5,\Gallery 54\07 - Iris (3)\,{Shemale Yum Dvd03~G54~07-3~07 - Iris (3)}
irisc3018.jpg,202772,55ff1d6b,\Gallery 54\07 - Iris (3)\,{Shemale Yum Dvd03~G54~07-3~07 - Iris (3)}
irisc3019.jpg,185660,c9a94f62,\Gallery 54\07 - Iris (3)\,{Shemale Yum Dvd03~G54~07-3~07 - Iris (3)}
irisc3020.jpg,185219,c5fb9a72,\Gallery 54\07 - Iris (3)\,{Shemale Yum Dvd03~G54~07-3~07 - Iris (3)}
irisc3021.jpg,206477,61a272ed,\Gallery 54\07 - Iris (3)\,{Shemale Yum Dvd03~G54~07-3~07 - Iris (3)}
irisc3022.jpg,203757,7289ef4a,\Gallery 54\07 - Iris (3)\,{Shemale Yum Dvd03~G54~07-3~07 - Iris (3)}
irisc3023.jpg,193436,27d05923,\Gallery 54\07 - Iris (3)\,{Shemale Yum Dvd03~G54~07-3~07 - Iris (3)}
irisc3024.jpg,185571,d2bb0b68,\Gallery 54\07 - Iris (3)\,{Shemale Yum Dvd03~G54~07-3~07 - Iris (3)}
irisc3025.jpg,208816,06d15b0c,\Gallery 54\07 - Iris (3)\,{Shemale Yum Dvd03~G54~07-3~07 - Iris (3)}
irisc3026.jpg,188184,c07b4c8b,\Gallery 54\07 - Iris (3)\,{Shemale Yum Dvd03~G54~07-3~07 - Iris (3)}
irisc3027.jpg,184319,12e16fbc,\Gallery 54\07 - Iris (3)\,{Shemale Yum Dvd03~G54~07-3~07 - Iris (3)}
irisc3028.jpg,193199,869d1002,\Gallery 54\07 - Iris (3)\,{Shemale Yum Dvd03~G54~07-3~07 - Iris (3)}
irisc3029.jpg,184067,701c866b,\Gallery 54\07 - Iris (3)\,{Shemale Yum Dvd03~G54~07-3~07 - Iris (3)}
irisc3030.jpg,197788,70d947a0,\Gallery 54\07 - Iris (3)\,{Shemale Yum Dvd03~G54~07-3~07 - Iris (3)}
irisc3031.jpg,178525,4e88ef64,\Gallery 54\07 - Iris (3)\,{Shemale Yum Dvd03~G54~07-3~07 - Iris (3)}
irisc3032.jpg,187166,1db434f2,\Gallery 54\07 - Iris (3)\,{Shemale Yum Dvd03~G54~07-3~07 - Iris (3)}
irisc3033.jpg,197924,ae542d66,\Gallery 54\07 - Iris (3)\,{Shemale Yum Dvd03~G54~07-3~07 - Iris (3)}
irisc3034.jpg,186260,b6ff27d9,\Gallery 54\07 - Iris (3)\,{Shemale Yum Dvd03~G54~07-3~07 - Iris (3)}
irisc3035.jpg,178398,5d88d55e,\Gallery 54\07 - Iris (3)\,{Shemale Yum Dvd03~G54~07-3~07 - Iris (3)}
irisc3036.jpg,171315,1a5eae08,\Gallery 54\07 - Iris (3)\,{Shemale Yum Dvd03~G54~07-3~07 - Iris (3)}
irisc3037.jpg,204022,ffe2e239,\Gallery 54\07 - Iris (3)\,{Shemale Yum Dvd03~G54~07-3~07 - Iris (3)}
irisc3038.jpg,194592,5a20fd34,\Gallery 54\07 - Iris (3)\,{Shemale Yum Dvd03~G54~07-3~07 - Iris (3)}
irisc3039.jpg,176321,d60ca59c,\Gallery 54\07 - Iris (3)\,{Shemale Yum Dvd03~G54~07-3~07 - Iris (3)}
irisc3040.jpg,195495,281bd11b,\Gallery 54\07 - Iris (3)\,{Shemale Yum Dvd03~G54~07-3~07 - Iris (3)}
irisc3041.jpg,194370,5c7cee45,\Gallery 54\07 - Iris (3)\,{Shemale Yum Dvd03~G54~07-3~07 - Iris (3)}
irisc3042.jpg,183757,ba05880b,\Gallery 54\07 - Iris (3)\,{Shemale Yum Dvd03~G54~07-3~07 - Iris (3)}
irisc3043.jpg,188423,1c0507f8,\Gallery 54\07 - Iris (3)\,{Shemale Yum Dvd03~G54~07-3~07 - Iris (3)}
irisc3044.jpg,198992,37700c87,\Gallery 54\07 - Iris (3)\,{Shemale Yum Dvd03~G54~07-3~07 - Iris (3)}
irisc3045.jpg,198528,18b2fea8,\Gallery 54\07 - Iris (3)\,{Shemale Yum Dvd03~G54~07-3~07 - Iris (3)}
irisc3046.jpg,189023,9237fa9a,\Gallery 54\07 - Iris (3)\,{Shemale Yum Dvd03~G54~07-3~07 - Iris (3)}
irisc3047.jpg,180546,37c4575c,\Gallery 54\07 - Iris (3)\,{Shemale Yum Dvd03~G54~07-3~07 - Iris (3)}
irisc3048.jpg,172696,29ea3bf1,\Gallery 54\07 - Iris (3)\,{Shemale Yum Dvd03~G54~07-3~07 - Iris (3)}
irisc3049.jpg,157126,26f42ccc,\Gallery 54\07 - Iris (3)\,{Shemale Yum Dvd03~G54~07-3~07 - Iris (3)}
irisc3050.jpg,165304,6c6d2036,\Gallery 54\07 - Iris (3)\,{Shemale Yum Dvd03~G54~07-3~07 - Iris (3)}
irisc3051.jpg,151330,38834038,\Gallery 54\07 - Iris (3)\,{Shemale Yum Dvd03~G54~07-3~07 - Iris (3)}
irisc3052.jpg,150189,8fb74152,\Gallery 54\07 - Iris (3)\,{Shemale Yum Dvd03~G54~07-3~07 - Iris (3)}
irisc3053.jpg,184776,072e1b21,\Gallery 54\07 - Iris (3)\,{Shemale Yum Dvd03~G54~07-3~07 - Iris (3)}
irisc3054.jpg,206427,e919dec2,\Gallery 54\07 - Iris (3)\,{Shemale Yum Dvd03~G54~07-3~07 - Iris (3)}
irisc3055.jpg,189734,7cbf10bd,\Gallery 54\07 - Iris (3)\,{Shemale Yum Dvd03~G54~07-3~07 - Iris (3)}
irisc3056.jpg,205497,f658d056,\Gallery 54\07 - Iris (3)\,{Shemale Yum Dvd03~G54~07-3~07 - Iris (3)}
irisc3057.jpg,207311,e50200e1,\Gallery 54\07 - Iris (3)\,{Shemale Yum Dvd03~G54~07-3~07 - Iris (3)}
irisc3058.jpg,201886,f650d7c4,\Gallery 54\07 - Iris (3)\,{Shemale Yum Dvd03~G54~07-3~07 - Iris (3)}
irisc3059.jpg,181846,f6ce5118,\Gallery 54\07 - Iris (3)\,{Shemale Yum Dvd03~G54~07-3~07 - Iris (3)}
irisc3060.jpg,184861,0fd20f9c,\Gallery 54\07 - Iris (3)\,{Shemale Yum Dvd03~G54~07-3~07 - Iris (3)}
irisc3061.jpg,182045,28fd1395,\Gallery 54\07 - Iris (3)\,{Shemale Yum Dvd03~G54~07-3~07 - Iris (3)}
irisc3062.jpg,187202,5f254730,\Gallery 54\07 - Iris (3)\,{Shemale Yum Dvd03~G54~07-3~07 - Iris (3)}
irisc3063.jpg,189339,a2ea377c,\Gallery 54\07 - Iris (3)\,{Shemale Yum Dvd03~G54~07-3~07 - Iris (3)}
irisc3064.jpg,202065,3f76f8e1,\Gallery 54\07 - Iris (3)\,{Shemale Yum Dvd03~G54~07-3~07 - Iris (3)}
irisc3065.jpg,195494,1958f884,\Gallery 54\07 - Iris (3)\,{Shemale Yum Dvd03~G54~07-3~07 - Iris (3)}
irisc3066.jpg,188160,a050ff8d,\Gallery 54\07 - Iris (3)\,{Shemale Yum Dvd03~G54~07-3~07 - Iris (3)}
irisc3067.jpg,197624,a32f29b7,\Gallery 54\07 - Iris (3)\,{Shemale Yum Dvd03~G54~07-3~07 - Iris (3)}
irisc3068.jpg,189923,8bb2f8a9,\Gallery 54\07 - Iris (3)\,{Shemale Yum Dvd03~G54~07-3~07 - Iris (3)}
irisc3069.jpg,172558,2ef77a3a,\Gallery 54\07 - Iris (3)\,{Shemale Yum Dvd03~G54~07-3~07 - Iris (3)}
irisc3070.jpg,162113,26673f58,\Gallery 54\07 - Iris (3)\,{Shemale Yum Dvd03~G54~07-3~07 - Iris (3)}
irisc3071.jpg,151190,ce448916,\Gallery 54\07 - Iris (3)\,{Shemale Yum Dvd03~G54~07-3~07 - Iris (3)}
irisc3072.jpg,173749,d58652a4,\Gallery 54\07 - Iris (3)\,{Shemale Yum Dvd03~G54~07-3~07 - Iris (3)}
irisc3073.jpg,154681,9bf120a9,\Gallery 54\07 - Iris (3)\,{Shemale Yum Dvd03~G54~07-3~07 - Iris (3)}
irisc3074.jpg,156276,f548b941,\Gallery 54\07 - Iris (3)\,{Shemale Yum Dvd03~G54~07-3~07 - Iris (3)}
irisc3075.jpg,174320,9a1f65a4,\Gallery 54\07 - Iris (3)\,{Shemale Yum Dvd03~G54~07-3~07 - Iris (3)}
irisc3076.jpg,153152,d2fbb2e8,\Gallery 54\07 - Iris (3)\,{Shemale Yum Dvd03~G54~07-3~07 - Iris (3)}
irisc3077.jpg,151014,3d1b2757,\Gallery 54\07 - Iris (3)\,{Shemale Yum Dvd03~G54~07-3~07 - Iris (3)}
irisc3078.jpg,154640,5e353d44,\Gallery 54\07 - Iris (3)\,{Shemale Yum Dvd03~G54~07-3~07 - Iris (3)}
irisc3079.jpg,171080,4cb825bb,\Gallery 54\07 - Iris (3)\,{Shemale Yum Dvd03~G54~07-3~07 - Iris (3)}
irisc3080.jpg,172017,d3ef5304,\Gallery 54\07 - Iris (3)\,{Shemale Yum Dvd03~G54~07-3~07 - Iris (3)}
irisc3081.jpg,166046,d40d41aa,\Gallery 54\07 - Iris (3)\,{Shemale Yum Dvd03~G54~07-3~07 - Iris (3)}
irisc3082.jpg,177455,04cabe13,\Gallery 54\07 - Iris (3)\,{Shemale Yum Dvd03~G54~07-3~07 - Iris (3)}
irisc3083.jpg,190319,53d7b8b5,\Gallery 54\07 - Iris (3)\,{Shemale Yum Dvd03~G54~07-3~07 - Iris (3)}
irisc3084.jpg,179616,463e8b50,\Gallery 54\07 - Iris (3)\,{Shemale Yum Dvd03~G54~07-3~07 - Iris (3)}
irisc3085.jpg,162806,88a79b12,\Gallery 54\07 - Iris (3)\,{Shemale Yum Dvd03~G54~07-3~07 - Iris (3)}
irisc3086.jpg,166730,929c9b65,\Gallery 54\07 - Iris (3)\,{Shemale Yum Dvd03~G54~07-3~07 - Iris (3)}
irisc3087.jpg,166684,7aa45a00,\Gallery 54\07 - Iris (3)\,{Shemale Yum Dvd03~G54~07-3~07 - Iris (3)}
irisc3088.jpg,178812,e10e9858,\Gallery 54\07 - Iris (3)\,{Shemale Yum Dvd03~G54~07-3~07 - Iris (3)}
irisc3089.jpg,161303,260abf4f,\Gallery 54\07 - Iris (3)\,{Shemale Yum Dvd03~G54~07-3~07 - Iris (3)}
irisc3090.jpg,182011,837301d9,\Gallery 54\07 - Iris (3)\,{Shemale Yum Dvd03~G54~07-3~07 - Iris (3)}
irisc3091.jpg,182503,834771b8,\Gallery 54\07 - Iris (3)\,{Shemale Yum Dvd03~G54~07-3~07 - Iris (3)}
irisc3092.jpg,185028,c6787497,\Gallery 54\07 - Iris (3)\,{Shemale Yum Dvd03~G54~07-3~07 - Iris (3)}
irisc3093.jpg,164800,a744b60b,\Gallery 54\07 - Iris (3)\,{Shemale Yum Dvd03~G54~07-3~07 - Iris (3)}
irisc3094.jpg,174797,57edb11f,\Gallery 54\07 - Iris (3)\,{Shemale Yum Dvd03~G54~07-3~07 - Iris (3)}
irisc3095.jpg,175088,994f1888,\Gallery 54\07 - Iris (3)\,{Shemale Yum Dvd03~G54~07-3~07 - Iris (3)}
irisc3096.jpg,177303,b72da905,\Gallery 54\07 - Iris (3)\,{Shemale Yum Dvd03~G54~07-3~07 - Iris (3)}
irisc3097.jpg,196420,866df91c,\Gallery 54\07 - Iris (3)\,{Shemale Yum Dvd03~G54~07-3~07 - Iris (3)}
irisc3098.jpg,142436,07d167f5,\Gallery 54\07 - Iris (3)\,{Shemale Yum Dvd03~G54~07-3~07 - Iris (3)}
irisc3099.jpg,160955,f28b89b4,\Gallery 54\07 - Iris (3)\,{Shemale Yum Dvd03~G54~07-3~07 - Iris (3)}
irisc3100.jpg,176737,8b273136,\Gallery 54\07 - Iris (3)\,{Shemale Yum Dvd03~G54~07-3~07 - Iris (3)}
irisc3101.jpg,177571,cac447ab,\Gallery 54\07 - Iris (3)\,{Shemale Yum Dvd03~G54~07-3~07 - Iris (3)}
irisc3102.jpg,194687,281c1a21,\Gallery 54\07 - Iris (3)\,{Shemale Yum Dvd03~G54~07-3~07 - Iris (3)}
irisc3103.jpg,169983,6f943551,\Gallery 54\07 - Iris (3)\,{Shemale Yum Dvd03~G54~07-3~07 - Iris (3)}
irisc3104.jpg,192635,6b4048b0,\Gallery 54\07 - Iris (3)\,{Shemale Yum Dvd03~G54~07-3~07 - Iris (3)}
irisc3105.jpg,166596,34f027a2,\Gallery 54\07 - Iris (3)\,{Shemale Yum Dvd03~G54~07-3~07 - Iris (3)}
irisc3106.jpg,165160,880641df,\Gallery 54\07 - Iris (3)\,{Shemale Yum Dvd03~G54~07-3~07 - Iris (3)}
irisc3107.jpg,163814,86f2c428,\Gallery 54\07 - Iris (3)\,{Shemale Yum Dvd03~G54~07-3~07 - Iris (3)}
irisc3108.jpg,179789,524a354c,\Gallery 54\07 - Iris (3)\,{Shemale Yum Dvd03~G54~07-3~07 - Iris (3)}
irisc3109.jpg,196165,2b5ddfd6,\Gallery 54\07 - Iris (3)\,{Shemale Yum Dvd03~G54~07-3~07 - Iris (3)}
irisc3110.jpg,200418,606324a8,\Gallery 54\07 - Iris (3)\,{Shemale Yum Dvd03~G54~07-3~07 - Iris (3)}
irisc3111.jpg,179307,828a11ba,\Gallery 54\07 - Iris (3)\,{Shemale Yum Dvd03~G54~07-3~07 - Iris (3)}
irisc3112.jpg,190240,778741a0,\Gallery 54\07 - Iris (3)\,{Shemale Yum Dvd03~G54~07-3~07 - Iris (3)}
irisc3113.jpg,182813,00874958,\Gallery 54\07 - Iris (3)\,{Shemale Yum Dvd03~G54~07-3~07 - Iris (3)}
irisc3114.jpg,187464,18f4572a,\Gallery 54\07 - Iris (3)\,{Shemale Yum Dvd03~G54~07-3~07 - Iris (3)}
irisc3115.jpg,183304,b3416abc,\Gallery 54\07 - Iris (3)\,{Shemale Yum Dvd03~G54~07-3~07 - Iris (3)}
irisc3116.jpg,188366,6f632ba5,\Gallery 54\07 - Iris (3)\,{Shemale Yum Dvd03~G54~07-3~07 - Iris (3)}
irisc3117.jpg,212727,86c122dd,\Gallery 54\07 - Iris (3)\,{Shemale Yum Dvd03~G54~07-3~07 - Iris (3)}
irisc3118.jpg,210724,a725cf05,\Gallery 54\07 - Iris (3)\,{Shemale Yum Dvd03~G54~07-3~07 - Iris (3)}
irisc3119.jpg,206073,93fe7329,\Gallery 54\07 - Iris (3)\,{Shemale Yum Dvd03~G54~07-3~07 - Iris (3)}
irisc3120.jpg,180429,805a958c,\Gallery 54\07 - Iris (3)\,{Shemale Yum Dvd03~G54~07-3~07 - Iris (3)}
irisc3121.jpg,199235,5740312e,\Gallery 54\07 - Iris (3)\,{Shemale Yum Dvd03~G54~07-3~07 - Iris (3)}
irisc3122.jpg,200518,65ebcc07,\Gallery 54\07 - Iris (3)\,{Shemale Yum Dvd03~G54~07-3~07 - Iris (3)}
irisc3123.jpg,191482,f8f2c97d,\Gallery 54\07 - Iris (3)\,{Shemale Yum Dvd03~G54~07-3~07 - Iris (3)}
irisc3124.jpg,205033,a8e48312,\Gallery 54\07 - Iris (3)\,{Shemale Yum Dvd03~G54~07-3~07 - Iris (3)}
irisc3125.jpg,208841,c8ff10c3,\Gallery 54\07 - Iris (3)\,{Shemale Yum Dvd03~G54~07-3~07 - Iris (3)}
irisc3126.jpg,166563,a2901dd4,\Gallery 54\07 - Iris (3)\,{Shemale Yum Dvd03~G54~07-3~07 - Iris (3)}
irisc3127.jpg,211812,74ed5698,\Gallery 54\07 - Iris (3)\,{Shemale Yum Dvd03~G54~07-3~07 - Iris (3)}
irisc3128.jpg,152722,1f693b96,\Gallery 54\07 - Iris (3)\,{Shemale Yum Dvd03~G54~07-3~07 - Iris (3)}
irisc3129.jpg,161723,7b3e5f31,\Gallery 54\07 - Iris (3)\,{Shemale Yum Dvd03~G54~07-3~07 - Iris (3)}
irisc3130.jpg,173743,d232906f,\Gallery 54\07 - Iris (3)\,{Shemale Yum Dvd03~G54~07-3~07 - Iris (3)}
irisc3131.jpg,152356,50aac2d2,\Gallery 54\07 - Iris (3)\,{Shemale Yum Dvd03~G54~07-3~07 - Iris (3)}
irisc3132.jpg,171560,48b2e6e6,\Gallery 54\07 - Iris (3)\,{Shemale Yum Dvd03~G54~07-3~07 - Iris (3)}
irisc3133.jpg,163071,d7499250,\Gallery 54\07 - Iris (3)\,{Shemale Yum Dvd03~G54~07-3~07 - Iris (3)}
irisc3134.jpg,170580,80281c46,\Gallery 54\07 - Iris (3)\,{Shemale Yum Dvd03~G54~07-3~07 - Iris (3)}
irisc3135.jpg,175139,43b6c55b,\Gallery 54\07 - Iris (3)\,{Shemale Yum Dvd03~G54~07-3~07 - Iris (3)}
irisc3136.jpg,165219,b4f16dcb,\Gallery 54\07 - Iris (3)\,{Shemale Yum Dvd03~G54~07-3~07 - Iris (3)}
irisc3137.jpg,171367,d8e3c669,\Gallery 54\07 - Iris (3)\,{Shemale Yum Dvd03~G54~07-3~07 - Iris (3)}
irisc3138.jpg,211081,e47f498b,\Gallery 54\07 - Iris (3)\,{Shemale Yum Dvd03~G54~07-3~07 - Iris (3)}
irisc3139.jpg,193077,9fa1a1e4,\Gallery 54\07 - Iris (3)\,{Shemale Yum Dvd03~G54~07-3~07 - Iris (3)}
irisc3140.jpg,178768,dde0b20e,\Gallery 54\07 - Iris (3)\,{Shemale Yum Dvd03~G54~07-3~07 - Iris (3)}
irisc3141.jpg,198130,f1c3e1af,\Gallery 54\07 - Iris (3)\,{Shemale Yum Dvd03~G54~07-3~07 - Iris (3)}
irisc3142.jpg,194972,61a07282,\Gallery 54\07 - Iris (3)\,{Shemale Yum Dvd03~G54~07-3~07 - Iris (3)}
irisc3143.jpg,186026,047dccb2,\Gallery 54\07 - Iris (3)\,{Shemale Yum Dvd03~G54~07-3~07 - Iris (3)}
irisc3144.jpg,196813,07db4841,\Gallery 54\07 - Iris (3)\,{Shemale Yum Dvd03~G54~07-3~07 - Iris (3)}
irisc3145.jpg,190868,6d817d19,\Gallery 54\07 - Iris (3)\,{Shemale Yum Dvd03~G54~07-3~07 - Iris (3)}
irisc3146.jpg,216504,e404a69e,\Gallery 54\07 - Iris (3)\,{Shemale Yum Dvd03~G54~07-3~07 - Iris (3)}
irisc3147.jpg,208139,83f806e3,\Gallery 54\07 - Iris (3)\,{Shemale Yum Dvd03~G54~07-3~07 - Iris (3)}
irisc3148.jpg,217279,11116606,\Gallery 54\07 - Iris (3)\,{Shemale Yum Dvd03~G54~07-3~07 - Iris (3)}
irisc3149.jpg,219109,53c88342,\Gallery 54\07 - Iris (3)\,{Shemale Yum Dvd03~G54~07-3~07 - Iris (3)}
irisc3150.jpg,182943,3eb93eaf,\Gallery 54\07 - Iris (3)\,{Shemale Yum Dvd03~G54~07-3~07 - Iris (3)}
irisc3151.jpg,166921,7b94831d,\Gallery 54\07 - Iris (3)\,{Shemale Yum Dvd03~G54~07-3~07 - Iris (3)}
irisc3152.jpg,202620,9250c4d6,\Gallery 54\07 - Iris (3)\,{Shemale Yum Dvd03~G54~07-3~07 - Iris (3)}
irisc3153.jpg,151298,348937aa,\Gallery 54\07 - Iris (3)\,{Shemale Yum Dvd03~G54~07-3~07 - Iris (3)}
irisc3154.jpg,198475,09849181,\Gallery 54\07 - Iris (3)\,{Shemale Yum Dvd03~G54~07-3~07 - Iris (3)}
irisc3155.jpg,188693,5e627733,\Gallery 54\07 - Iris (3)\,{Shemale Yum Dvd03~G54~07-3~07 - Iris (3)}
irisc3156.jpg,183572,6d88481d,\Gallery 54\07 - Iris (3)\,{Shemale Yum Dvd03~G54~07-3~07 - Iris (3)}
irisc3157.jpg,168749,2b87f663,\Gallery 54\07 - Iris (3)\,{Shemale Yum Dvd03~G54~07-3~07 - Iris (3)}
irisc3158.jpg,122817,53c16e46,\Gallery 54\07 - Iris (3)\,{Shemale Yum Dvd03~G54~07-3~07 - Iris (3)}
irisc3159.jpg,159474,f0d5610f,\Gallery 54\07 - Iris (3)\,{Shemale Yum Dvd03~G54~07-3~07 - Iris (3)}
irisc3160.jpg,180365,878e64f2,\Gallery 54\07 - Iris (3)\,{Shemale Yum Dvd03~G54~07-3~07 - Iris (3)}
irisc3161.jpg,170736,99cbb54e,\Gallery 54\07 - Iris (3)\,{Shemale Yum Dvd03~G54~07-3~07 - Iris (3)}
irisc4001.jpg,180825,5bc18153,\Gallery 54\07 - Iris (4)\,{Shemale Yum Dvd03~G54~07-4~07 - Iris (4)}
irisc4002.jpg,155966,93543382,\Gallery 54\07 - Iris (4)\,{Shemale Yum Dvd03~G54~07-4~07 - Iris (4)}
irisc4003.jpg,179727,5aafec84,\Gallery 54\07 - Iris (4)\,{Shemale Yum Dvd03~G54~07-4~07 - Iris (4)}
irisc4004.jpg,191484,dfb85953,\Gallery 54\07 - Iris (4)\,{Shemale Yum Dvd03~G54~07-4~07 - Iris (4)}
irisc4005.jpg,198635,eb87b49c,\Gallery 54\07 - Iris (4)\,{Shemale Yum Dvd03~G54~07-4~07 - Iris (4)}
irisc4006.jpg,192977,4df7f5d3,\Gallery 54\07 - Iris (4)\,{Shemale Yum Dvd03~G54~07-4~07 - Iris (4)}
irisc4007.jpg,208475,97da070c,\Gallery 54\07 - Iris (4)\,{Shemale Yum Dvd03~G54~07-4~07 - Iris (4)}
irisc4008.jpg,183789,1429f1f6,\Gallery 54\07 - Iris (4)\,{Shemale Yum Dvd03~G54~07-4~07 - Iris (4)}
irisc4009.jpg,180257,fcf58053,\Gallery 54\07 - Iris (4)\,{Shemale Yum Dvd03~G54~07-4~07 - Iris (4)}
irisc4010.jpg,179408,67cc30f9,\Gallery 54\07 - Iris (4)\,{Shemale Yum Dvd03~G54~07-4~07 - Iris (4)}
irisc4011.jpg,179067,0cc29c82,\Gallery 54\07 - Iris (4)\,{Shemale Yum Dvd03~G54~07-4~07 - Iris (4)}
irisc4012.jpg,176535,9a66c4fd,\Gallery 54\07 - Iris (4)\,{Shemale Yum Dvd03~G54~07-4~07 - Iris (4)}
irisc4013.jpg,193356,205fecf9,\Gallery 54\07 - Iris (4)\,{Shemale Yum Dvd03~G54~07-4~07 - Iris (4)}
irisc4014.jpg,170613,01b68fde,\Gallery 54\07 - Iris (4)\,{Shemale Yum Dvd03~G54~07-4~07 - Iris (4)}
irisc4015.jpg,183092,2d862e8a,\Gallery 54\07 - Iris (4)\,{Shemale Yum Dvd03~G54~07-4~07 - Iris (4)}
irisc4016.jpg,198602,6f659b6e,\Gallery 54\07 - Iris (4)\,{Shemale Yum Dvd03~G54~07-4~07 - Iris (4)}
irisc4017.jpg,201771,87e323af,\Gallery 54\07 - Iris (4)\,{Shemale Yum Dvd03~G54~07-4~07 - Iris (4)}
irisc4018.jpg,205630,b45c7ee9,\Gallery 54\07 - Iris (4)\,{Shemale Yum Dvd03~G54~07-4~07 - Iris (4)}
irisc4019.jpg,165760,993a0913,\Gallery 54\07 - Iris (4)\,{Shemale Yum Dvd03~G54~07-4~07 - Iris (4)}
irisc4020.jpg,208209,9b6dd725,\Gallery 54\07 - Iris (4)\,{Shemale Yum Dvd03~G54~07-4~07 - Iris (4)}
irisc4021.jpg,204567,185b860c,\Gallery 54\07 - Iris (4)\,{Shemale Yum Dvd03~G54~07-4~07 - Iris (4)}
irisc4022.jpg,208114,8dde880b,\Gallery 54\07 - Iris (4)\,{Shemale Yum Dvd03~G54~07-4~07 - Iris (4)}
irisc4023.jpg,193774,6a15a84d,\Gallery 54\07 - Iris (4)\,{Shemale Yum Dvd03~G54~07-4~07 - Iris (4)}
irisc4024.jpg,207159,e459b04c,\Gallery 54\07 - Iris (4)\,{Shemale Yum Dvd03~G54~07-4~07 - Iris (4)}
irisc4025.jpg,201423,d89f3694,\Gallery 54\07 - Iris (4)\,{Shemale Yum Dvd03~G54~07-4~07 - Iris (4)}
irisc4026.jpg,193474,227aebc4,\Gallery 54\07 - Iris (4)\,{Shemale Yum Dvd03~G54~07-4~07 - Iris (4)}
irisc4027.jpg,187086,2d77d591,\Gallery 54\07 - Iris (4)\,{Shemale Yum Dvd03~G54~07-4~07 - Iris (4)}
irisc4028.jpg,203119,6f2377a6,\Gallery 54\07 - Iris (4)\,{Shemale Yum Dvd03~G54~07-4~07 - Iris (4)}
irisc4029.jpg,201942,8e8eeab9,\Gallery 54\07 - Iris (4)\,{Shemale Yum Dvd03~G54~07-4~07 - Iris (4)}
irisc4030.jpg,180568,7067f762,\Gallery 54\07 - Iris (4)\,{Shemale Yum Dvd03~G54~07-4~07 - Iris (4)}
irisc4031.jpg,199010,e77325f5,\Gallery 54\07 - Iris (4)\,{Shemale Yum Dvd03~G54~07-4~07 - Iris (4)}
irisc4032.jpg,167592,53b2aa31,\Gallery 54\07 - Iris (4)\,{Shemale Yum Dvd03~G54~07-4~07 - Iris (4)}
irisc4033.jpg,137523,0575fea9,\Gallery 54\07 - Iris (4)\,{Shemale Yum Dvd03~G54~07-4~07 - Iris (4)}
irisc4034.jpg,151272,21e52795,\Gallery 54\07 - Iris (4)\,{Shemale Yum Dvd03~G54~07-4~07 - Iris (4)}
irisc4035.jpg,136627,087d0ed1,\Gallery 54\07 - Iris (4)\,{Shemale Yum Dvd03~G54~07-4~07 - Iris (4)}
irisc4036.jpg,126250,39cdffc1,\Gallery 54\07 - Iris (4)\,{Shemale Yum Dvd03~G54~07-4~07 - Iris (4)}
irisc4037.jpg,136609,64fbf295,\Gallery 54\07 - Iris (4)\,{Shemale Yum Dvd03~G54~07-4~07 - Iris (4)}
irisc4038.jpg,145755,3b8a08ce,\Gallery 54\07 - Iris (4)\,{Shemale Yum Dvd03~G54~07-4~07 - Iris (4)}
irisc4039.jpg,146908,7192b6cc,\Gallery 54\07 - Iris (4)\,{Shemale Yum Dvd03~G54~07-4~07 - Iris (4)}
irisc4040.jpg,151090,5f990bd0,\Gallery 54\07 - Iris (4)\,{Shemale Yum Dvd03~G54~07-4~07 - Iris (4)}
irisc4041.jpg,154563,255ca4b5,\Gallery 54\07 - Iris (4)\,{Shemale Yum Dvd03~G54~07-4~07 - Iris (4)}
irisc4042.jpg,149000,cd8ef67f,\Gallery 54\07 - Iris (4)\,{Shemale Yum Dvd03~G54~07-4~07 - Iris (4)}
irisc4043.jpg,156031,27cef8de,\Gallery 54\07 - Iris (4)\,{Shemale Yum Dvd03~G54~07-4~07 - Iris (4)}
irisc4044.jpg,159729,6c84156e,\Gallery 54\07 - Iris (4)\,{Shemale Yum Dvd03~G54~07-4~07 - Iris (4)}
irisc4045.jpg,150691,4e9aa4a8,\Gallery 54\07 - Iris (4)\,{Shemale Yum Dvd03~G54~07-4~07 - Iris (4)}
irisc4046.jpg,156721,179d5140,\Gallery 54\07 - Iris (4)\,{Shemale Yum Dvd03~G54~07-4~07 - Iris (4)}
irisc4047.jpg,158531,f0aa134a,\Gallery 54\07 - Iris (4)\,{Shemale Yum Dvd03~G54~07-4~07 - Iris (4)}
irisc4048.jpg,197575,501bfdf0,\Gallery 54\07 - Iris (4)\,{Shemale Yum Dvd03~G54~07-4~07 - Iris (4)}
irisc4049.jpg,184676,ae8c55ef,\Gallery 54\07 - Iris (4)\,{Shemale Yum Dvd03~G54~07-4~07 - Iris (4)}
irisc4050.jpg,188512,bec432fa,\Gallery 54\07 - Iris (4)\,{Shemale Yum Dvd03~G54~07-4~07 - Iris (4)}
irisc4051.jpg,182321,7ccc7895,\Gallery 54\07 - Iris (4)\,{Shemale Yum Dvd03~G54~07-4~07 - Iris (4)}
irisc4052.jpg,163802,d6338f3e,\Gallery 54\07 - Iris (4)\,{Shemale Yum Dvd03~G54~07-4~07 - Iris (4)}
irisc4053.jpg,178292,7923e40e,\Gallery 54\07 - Iris (4)\,{Shemale Yum Dvd03~G54~07-4~07 - Iris (4)}
irisc4054.jpg,186145,1631db88,\Gallery 54\07 - Iris (4)\,{Shemale Yum Dvd03~G54~07-4~07 - Iris (4)}
irisc4055.jpg,184392,412ed088,\Gallery 54\07 - Iris (4)\,{Shemale Yum Dvd03~G54~07-4~07 - Iris (4)}
irisc4056.jpg,193362,5c8e640c,\Gallery 54\07 - Iris (4)\,{Shemale Yum Dvd03~G54~07-4~07 - Iris (4)}
irisc4057.jpg,199688,12b5158c,\Gallery 54\07 - Iris (4)\,{Shemale Yum Dvd03~G54~07-4~07 - Iris (4)}
irisc4058.jpg,199375,82144ef4,\Gallery 54\07 - Iris (4)\,{Shemale Yum Dvd03~G54~07-4~07 - Iris (4)}
irisc4059.jpg,180998,db6e7ec1,\Gallery 54\07 - Iris (4)\,{Shemale Yum Dvd03~G54~07-4~07 - Iris (4)}
irisc4060.jpg,201096,b3ae6d9f,\Gallery 54\07 - Iris (4)\,{Shemale Yum Dvd03~G54~07-4~07 - Iris (4)}
irisc4061.jpg,211151,4fa89191,\Gallery 54\07 - Iris (4)\,{Shemale Yum Dvd03~G54~07-4~07 - Iris (4)}
irisc4062.jpg,206813,228ac19d,\Gallery 54\07 - Iris (4)\,{Shemale Yum Dvd03~G54~07-4~07 - Iris (4)}
irisc4063.jpg,201164,c2dfd6bd,\Gallery 54\07 - Iris (4)\,{Shemale Yum Dvd03~G54~07-4~07 - Iris (4)}
irisc4064.jpg,207633,c1480b4d,\Gallery 54\07 - Iris (4)\,{Shemale Yum Dvd03~G54~07-4~07 - Iris (4)}
irisc4065.jpg,194832,4e1e9a05,\Gallery 54\07 - Iris (4)\,{Shemale Yum Dvd03~G54~07-4~07 - Iris (4)}
irisc4066.jpg,178228,b7c075ca,\Gallery 54\07 - Iris (4)\,{Shemale Yum Dvd03~G54~07-4~07 - Iris (4)}
irisc4067.jpg,169048,91cb21e2,\Gallery 54\07 - Iris (4)\,{Shemale Yum Dvd03~G54~07-4~07 - Iris (4)}
irisc4068.jpg,198761,32863a87,\Gallery 54\07 - Iris (4)\,{Shemale Yum Dvd03~G54~07-4~07 - Iris (4)}
irisc4069.jpg,201594,af8e6fae,\Gallery 54\07 - Iris (4)\,{Shemale Yum Dvd03~G54~07-4~07 - Iris (4)}
irisc4070.jpg,189526,161da5e2,\Gallery 54\07 - Iris (4)\,{Shemale Yum Dvd03~G54~07-4~07 - Iris (4)}
irisc4071.jpg,177637,67436e04,\Gallery 54\07 - Iris (4)\,{Shemale Yum Dvd03~G54~07-4~07 - Iris (4)}
irisc4072.jpg,195793,60ef2c06,\Gallery 54\07 - Iris (4)\,{Shemale Yum Dvd03~G54~07-4~07 - Iris (4)}
irisc4073.jpg,166036,7e861e5c,\Gallery 54\07 - Iris (4)\,{Shemale Yum Dvd03~G54~07-4~07 - Iris (4)}
irisc4074.jpg,201108,17702aac,\Gallery 54\07 - Iris (4)\,{Shemale Yum Dvd03~G54~07-4~07 - Iris (4)}
irisc4075.jpg,187718,88f94f98,\Gallery 54\07 - Iris (4)\,{Shemale Yum Dvd03~G54~07-4~07 - Iris (4)}
irisc4076.jpg,166329,a360f258,\Gallery 54\07 - Iris (4)\,{Shemale Yum Dvd03~G54~07-4~07 - Iris (4)}
irisc4077.jpg,189317,5db566ed,\Gallery 54\07 - Iris (4)\,{Shemale Yum Dvd03~G54~07-4~07 - Iris (4)}
irisc4078.jpg,192047,fe595a14,\Gallery 54\07 - Iris (4)\,{Shemale Yum Dvd03~G54~07-4~07 - Iris (4)}
irisc4079.jpg,188380,24a325b0,\Gallery 54\07 - Iris (4)\,{Shemale Yum Dvd03~G54~07-4~07 - Iris (4)}
irisc4080.jpg,192480,82566dfe,\Gallery 54\07 - Iris (4)\,{Shemale Yum Dvd03~G54~07-4~07 - Iris (4)}
irisc4081.jpg,169605,91b392d7,\Gallery 54\07 - Iris (4)\,{Shemale Yum Dvd03~G54~07-4~07 - Iris (4)}
irisc4082.jpg,184703,d94b4415,\Gallery 54\07 - Iris (4)\,{Shemale Yum Dvd03~G54~07-4~07 - Iris (4)}
irisc4083.jpg,179993,fb18210b,\Gallery 54\07 - Iris (4)\,{Shemale Yum Dvd03~G54~07-4~07 - Iris (4)}
irisc4084.jpg,189028,73c05e15,\Gallery 54\07 - Iris (4)\,{Shemale Yum Dvd03~G54~07-4~07 - Iris (4)}
irisc4085.jpg,190905,d1fdc0ea,\Gallery 54\07 - Iris (4)\,{Shemale Yum Dvd03~G54~07-4~07 - Iris (4)}
irisc4086.jpg,190514,79b34eb1,\Gallery 54\07 - Iris (4)\,{Shemale Yum Dvd03~G54~07-4~07 - Iris (4)}
irisc4087.jpg,207210,610a41c9,\Gallery 54\07 - Iris (4)\,{Shemale Yum Dvd03~G54~07-4~07 - Iris (4)}
irisc4088.jpg,178349,d311043c,\Gallery 54\07 - Iris (4)\,{Shemale Yum Dvd03~G54~07-4~07 - Iris (4)}
irisc4089.jpg,188459,e009dc26,\Gallery 54\07 - Iris (4)\,{Shemale Yum Dvd03~G54~07-4~07 - Iris (4)}
irisc4090.jpg,194497,6153e836,\Gallery 54\07 - Iris (4)\,{Shemale Yum Dvd03~G54~07-4~07 - Iris (4)}
irisc4091.jpg,148751,35d26f52,\Gallery 54\07 - Iris (4)\,{Shemale Yum Dvd03~G54~07-4~07 - Iris (4)}
irisc4092.jpg,174923,bcd70fa6,\Gallery 54\07 - Iris (4)\,{Shemale Yum Dvd03~G54~07-4~07 - Iris (4)}
irisc4093.jpg,204704,2f3b84aa,\Gallery 54\07 - Iris (4)\,{Shemale Yum Dvd03~G54~07-4~07 - Iris (4)}
irisc4094.jpg,195858,eaf7fe38,\Gallery 54\07 - Iris (4)\,{Shemale Yum Dvd03~G54~07-4~07 - Iris (4)}
irisc4095.jpg,211023,a46e2557,\Gallery 54\07 - Iris (4)\,{Shemale Yum Dvd03~G54~07-4~07 - Iris (4)}
irisc4096.jpg,208197,e40900f9,\Gallery 54\07 - Iris (4)\,{Shemale Yum Dvd03~G54~07-4~07 - Iris (4)}
irisc4097.jpg,176924,adec538e,\Gallery 54\07 - Iris (4)\,{Shemale Yum Dvd03~G54~07-4~07 - Iris (4)}
irisc4098.jpg,185223,aa88175e,\Gallery 54\07 - Iris (4)\,{Shemale Yum Dvd03~G54~07-4~07 - Iris (4)}
irisc4099.jpg,156254,6b510880,\Gallery 54\07 - Iris (4)\,{Shemale Yum Dvd03~G54~07-4~07 - Iris (4)}
irisc4100.jpg,194754,1e56951f,\Gallery 54\07 - Iris (4)\,{Shemale Yum Dvd03~G54~07-4~07 - Iris (4)}
irisc4101.jpg,187345,8429273e,\Gallery 54\07 - Iris (4)\,{Shemale Yum Dvd03~G54~07-4~07 - Iris (4)}
irisc4102.jpg,182926,e0fce3df,\Gallery 54\07 - Iris (4)\,{Shemale Yum Dvd03~G54~07-4~07 - Iris (4)}
irisc4103.jpg,175347,18cc92b2,\Gallery 54\07 - Iris (4)\,{Shemale Yum Dvd03~G54~07-4~07 - Iris (4)}
irisc4104.jpg,184823,31a65aac,\Gallery 54\07 - Iris (4)\,{Shemale Yum Dvd03~G54~07-4~07 - Iris (4)}
irisc4105.jpg,207070,b2711092,\Gallery 54\07 - Iris (4)\,{Shemale Yum Dvd03~G54~07-4~07 - Iris (4)}
irisc4106.jpg,186999,acfae32c,\Gallery 54\07 - Iris (4)\,{Shemale Yum Dvd03~G54~07-4~07 - Iris (4)}
irisc4107.jpg,198470,2dddf623,\Gallery 54\07 - Iris (4)\,{Shemale Yum Dvd03~G54~07-4~07 - Iris (4)}
irisc4108.jpg,161959,4fda0b90,\Gallery 54\07 - Iris (4)\,{Shemale Yum Dvd03~G54~07-4~07 - Iris (4)}
irisc4109.jpg,180599,42578ef9,\Gallery 54\07 - Iris (4)\,{Shemale Yum Dvd03~G54~07-4~07 - Iris (4)}
irisc4110.jpg,145296,8decb428,\Gallery 54\07 - Iris (4)\,{Shemale Yum Dvd03~G54~07-4~07 - Iris (4)}
irisc4111.jpg,161738,fa6c2646,\Gallery 54\07 - Iris (4)\,{Shemale Yum Dvd03~G54~07-4~07 - Iris (4)}
irisc4112.jpg,170615,f2662cf9,\Gallery 54\07 - Iris (4)\,{Shemale Yum Dvd03~G54~07-4~07 - Iris (4)}
irisc4113.jpg,192450,cdc189f7,\Gallery 54\07 - Iris (4)\,{Shemale Yum Dvd03~G54~07-4~07 - Iris (4)}
irisc4114.jpg,209773,fa03f5d7,\Gallery 54\07 - Iris (4)\,{Shemale Yum Dvd03~G54~07-4~07 - Iris (4)}
irisc4115.jpg,198385,4f4d9883,\Gallery 54\07 - Iris (4)\,{Shemale Yum Dvd03~G54~07-4~07 - Iris (4)}
irisc4116.jpg,190591,f2054502,\Gallery 54\07 - Iris (4)\,{Shemale Yum Dvd03~G54~07-4~07 - Iris (4)}
irisc4117.jpg,192854,79555c89,\Gallery 54\07 - Iris (4)\,{Shemale Yum Dvd03~G54~07-4~07 - Iris (4)}
irisc4118.jpg,164306,1f206a55,\Gallery 54\07 - Iris (4)\,{Shemale Yum Dvd03~G54~07-4~07 - Iris (4)}
irisc4119.jpg,180318,5f4ed027,\Gallery 54\07 - Iris (4)\,{Shemale Yum Dvd03~G54~07-4~07 - Iris (4)}
irisc4120.jpg,204854,a4daa6e6,\Gallery 54\07 - Iris (4)\,{Shemale Yum Dvd03~G54~07-4~07 - Iris (4)}
irisc4121.jpg,128929,441d01d0,\Gallery 54\07 - Iris (4)\,{Shemale Yum Dvd03~G54~07-4~07 - Iris (4)}
irisc4122.jpg,205391,5d9019da,\Gallery 54\07 - Iris (4)\,{Shemale Yum Dvd03~G54~07-4~07 - Iris (4)}
irisc4123.jpg,188301,a8786c61,\Gallery 54\07 - Iris (4)\,{Shemale Yum Dvd03~G54~07-4~07 - Iris (4)}
irisc4124.jpg,205198,13b395c5,\Gallery 54\07 - Iris (4)\,{Shemale Yum Dvd03~G54~07-4~07 - Iris (4)}
jenny001.jpg,116957,f7e64b0b,\Gallery 54\08 - Jenny\,{Shemale Yum Dvd03~G54~08~08 - Jenny}
jenny002.jpg,133665,dca47cdb,\Gallery 54\08 - Jenny\,{Shemale Yum Dvd03~G54~08~08 - Jenny}
jenny003.jpg,143279,ef1274c7,\Gallery 54\08 - Jenny\,{Shemale Yum Dvd03~G54~08~08 - Jenny}
jenny004.jpg,136983,3f4f158b,\Gallery 54\08 - Jenny\,{Shemale Yum Dvd03~G54~08~08 - Jenny}
jenny005.jpg,112363,7b165a68,\Gallery 54\08 - Jenny\,{Shemale Yum Dvd03~G54~08~08 - Jenny}
jenny006.jpg,132589,99e5e4be,\Gallery 54\08 - Jenny\,{Shemale Yum Dvd03~G54~08~08 - Jenny}
jenny007.jpg,117601,35ca130a,\Gallery 54\08 - Jenny\,{Shemale Yum Dvd03~G54~08~08 - Jenny}
jenny008.jpg,121675,468eadeb,\Gallery 54\08 - Jenny\,{Shemale Yum Dvd03~G54~08~08 - Jenny}
jenny009.jpg,122944,784a8101,\Gallery 54\08 - Jenny\,{Shemale Yum Dvd03~G54~08~08 - Jenny}
jenny010.jpg,111976,da6f02de,\Gallery 54\08 - Jenny\,{Shemale Yum Dvd03~G54~08~08 - Jenny}
jenny011.jpg,120900,fdffb523,\Gallery 54\08 - Jenny\,{Shemale Yum Dvd03~G54~08~08 - Jenny}
jenny012.jpg,125716,c59a5af7,\Gallery 54\08 - Jenny\,{Shemale Yum Dvd03~G54~08~08 - Jenny}
jenny013.jpg,114922,9fb39dea,\Gallery 54\08 - Jenny\,{Shemale Yum Dvd03~G54~08~08 - Jenny}
jenny014.jpg,146373,bf42d201,\Gallery 54\08 - Jenny\,{Shemale Yum Dvd03~G54~08~08 - Jenny}
jenny015.jpg,95938,96e146d1,\Gallery 54\08 - Jenny\,{Shemale Yum Dvd03~G54~08~08 - Jenny}
jenny016.jpg,117574,dc45b784,\Gallery 54\08 - Jenny\,{Shemale Yum Dvd03~G54~08~08 - Jenny}
jenny017.jpg,127259,a7889837,\Gallery 54\08 - Jenny\,{Shemale Yum Dvd03~G54~08~08 - Jenny}
jenny018.jpg,136782,9f609626,\Gallery 54\08 - Jenny\,{Shemale Yum Dvd03~G54~08~08 - Jenny}
jenny019.jpg,142030,e6fb342d,\Gallery 54\08 - Jenny\,{Shemale Yum Dvd03~G54~08~08 - Jenny}
jenny020.jpg,126339,0e9e15dd,\Gallery 54\08 - Jenny\,{Shemale Yum Dvd03~G54~08~08 - Jenny}
jenny021.jpg,130785,c83c1548,\Gallery 54\08 - Jenny\,{Shemale Yum Dvd03~G54~08~08 - Jenny}
jenny022.jpg,129635,2f045693,\Gallery 54\08 - Jenny\,{Shemale Yum Dvd03~G54~08~08 - Jenny}
jenny023.jpg,136298,00d41db6,\Gallery 54\08 - Jenny\,{Shemale Yum Dvd03~G54~08~08 - Jenny}
jenny024.jpg,119919,2a158755,\Gallery 54\08 - Jenny\,{Shemale Yum Dvd03~G54~08~08 - Jenny}
jenny025.jpg,107292,e6f46e3e,\Gallery 54\08 - Jenny\,{Shemale Yum Dvd03~G54~08~08 - Jenny}
jenny026.jpg,126070,ef883ffb,\Gallery 54\08 - Jenny\,{Shemale Yum Dvd03~G54~08~08 - Jenny}
jenny027.jpg,110809,d6022765,\Gallery 54\08 - Jenny\,{Shemale Yum Dvd03~G54~08~08 - Jenny}
jenny028.jpg,121241,cdbcc278,\Gallery 54\08 - Jenny\,{Shemale Yum Dvd03~G54~08~08 - Jenny}
jenny029.jpg,139818,7facddfc,\Gallery 54\08 - Jenny\,{Shemale Yum Dvd03~G54~08~08 - Jenny}
jenny030.jpg,140610,04e2b008,\Gallery 54\08 - Jenny\,{Shemale Yum Dvd03~G54~08~08 - Jenny}
jenny031.jpg,109227,ac2f7bd8,\Gallery 54\08 - Jenny\,{Shemale Yum Dvd03~G54~08~08 - Jenny}
jenny032.jpg,121546,7e03f6bf,\Gallery 54\08 - Jenny\,{Shemale Yum Dvd03~G54~08~08 - Jenny}
jenny033.jpg,110364,c2aa04a4,\Gallery 54\08 - Jenny\,{Shemale Yum Dvd03~G54~08~08 - Jenny}
jenny034.jpg,133203,54180f06,\Gallery 54\08 - Jenny\,{Shemale Yum Dvd03~G54~08~08 - Jenny}
jenny035.jpg,142973,fdf8acef,\Gallery 54\08 - Jenny\,{Shemale Yum Dvd03~G54~08~08 - Jenny}
jenny036.jpg,106499,db3e7fd3,\Gallery 54\08 - Jenny\,{Shemale Yum Dvd03~G54~08~08 - Jenny}
jenny037.jpg,110682,45e6ca42,\Gallery 54\08 - Jenny\,{Shemale Yum Dvd03~G54~08~08 - Jenny}
jenny038.jpg,129840,1017e3b5,\Gallery 54\08 - Jenny\,{Shemale Yum Dvd03~G54~08~08 - Jenny}
jenny039.jpg,126317,e520b7c1,\Gallery 54\08 - Jenny\,{Shemale Yum Dvd03~G54~08~08 - Jenny}
jenny040.jpg,120474,c2dbe0e9,\Gallery 54\08 - Jenny\,{Shemale Yum Dvd03~G54~08~08 - Jenny}
jenny041.jpg,119114,89b87fe2,\Gallery 54\08 - Jenny\,{Shemale Yum Dvd03~G54~08~08 - Jenny}
jenny042.jpg,100713,fb9262bc,\Gallery 54\08 - Jenny\,{Shemale Yum Dvd03~G54~08~08 - Jenny}
jenny043.jpg,105747,4bcb5f99,\Gallery 54\08 - Jenny\,{Shemale Yum Dvd03~G54~08~08 - Jenny}
jenny044.jpg,102223,5faa41d2,\Gallery 54\08 - Jenny\,{Shemale Yum Dvd03~G54~08~08 - Jenny}
jenny045.jpg,102660,40773a84,\Gallery 54\08 - Jenny\,{Shemale Yum Dvd03~G54~08~08 - Jenny}
jenny046.jpg,101873,352880c9,\Gallery 54\08 - Jenny\,{Shemale Yum Dvd03~G54~08~08 - Jenny}
jenny047.jpg,133484,a4e1ed1e,\Gallery 54\08 - Jenny\,{Shemale Yum Dvd03~G54~08~08 - Jenny}
jenny048.jpg,126011,ab5776ba,\Gallery 54\08 - Jenny\,{Shemale Yum Dvd03~G54~08~08 - Jenny}
jenny049.jpg,136893,7ebe8c06,\Gallery 54\08 - Jenny\,{Shemale Yum Dvd03~G54~08~08 - Jenny}
jenny050.jpg,130590,939cca8a,\Gallery 54\08 - Jenny\,{Shemale Yum Dvd03~G54~08~08 - Jenny}
jenny051.jpg,112543,080f29d2,\Gallery 54\08 - Jenny\,{Shemale Yum Dvd03~G54~08~08 - Jenny}
jenny052.jpg,125868,fcce5f9f,\Gallery 54\08 - Jenny\,{Shemale Yum Dvd03~G54~08~08 - Jenny}
jenny053.jpg,121017,0b8574ac,\Gallery 54\08 - Jenny\,{Shemale Yum Dvd03~G54~08~08 - Jenny}
jenny054.jpg,123648,b7e08456,\Gallery 54\08 - Jenny\,{Shemale Yum Dvd03~G54~08~08 - Jenny}
jenny055.jpg,111343,5c1d2aea,\Gallery 54\08 - Jenny\,{Shemale Yum Dvd03~G54~08~08 - Jenny}
jenny056.jpg,112179,639c7469,\Gallery 54\08 - Jenny\,{Shemale Yum Dvd03~G54~08~08 - Jenny}
jenny057.jpg,132233,df4d226b,\Gallery 54\08 - Jenny\,{Shemale Yum Dvd03~G54~08~08 - Jenny}
jenny058.jpg,145679,f1069301,\Gallery 54\08 - Jenny\,{Shemale Yum Dvd03~G54~08~08 - Jenny}
jenny059.jpg,133137,b84b1aa6,\Gallery 54\08 - Jenny\,{Shemale Yum Dvd03~G54~08~08 - Jenny}
jenny060.jpg,141653,00ab74c0,\Gallery 54\08 - Jenny\,{Shemale Yum Dvd03~G54~08~08 - Jenny}
jenny061.jpg,136295,8456d63d,\Gallery 54\08 - Jenny\,{Shemale Yum Dvd03~G54~08~08 - Jenny}
jenny062.jpg,121664,0ceb326c,\Gallery 54\08 - Jenny\,{Shemale Yum Dvd03~G54~08~08 - Jenny}
jenny063.jpg,125737,b2ed2985,\Gallery 54\08 - Jenny\,{Shemale Yum Dvd03~G54~08~08 - Jenny}
jenny064.jpg,99999,c228e0fc,\Gallery 54\08 - Jenny\,{Shemale Yum Dvd03~G54~08~08 - Jenny}
jenny065.jpg,115255,747b0eb8,\Gallery 54\08 - Jenny\,{Shemale Yum Dvd03~G54~08~08 - Jenny}
jenny066.jpg,107560,0fcf6424,\Gallery 54\08 - Jenny\,{Shemale Yum Dvd03~G54~08~08 - Jenny}
jenny067.jpg,121894,a0ca84cd,\Gallery 54\08 - Jenny\,{Shemale Yum Dvd03~G54~08~08 - Jenny}
jenny068.jpg,106030,1dc0c752,\Gallery 54\08 - Jenny\,{Shemale Yum Dvd03~G54~08~08 - Jenny}
jenny069.jpg,100474,1f94a144,\Gallery 54\08 - Jenny\,{Shemale Yum Dvd03~G54~08~08 - Jenny}
jenny070.jpg,133684,f9ce3b79,\Gallery 54\08 - Jenny\,{Shemale Yum Dvd03~G54~08~08 - Jenny}
jenny071.jpg,119956,33beb7ac,\Gallery 54\08 - Jenny\,{Shemale Yum Dvd03~G54~08~08 - Jenny}
jenny072.jpg,127429,0bf2c200,\Gallery 54\08 - Jenny\,{Shemale Yum Dvd03~G54~08~08 - Jenny}
jenny073.jpg,100504,baf53700,\Gallery 54\08 - Jenny\,{Shemale Yum Dvd03~G54~08~08 - Jenny}
jenny074.jpg,107589,441cdd8b,\Gallery 54\08 - Jenny\,{Shemale Yum Dvd03~G54~08~08 - Jenny}
jenny075.jpg,117205,f6894382,\Gallery 54\08 - Jenny\,{Shemale Yum Dvd03~G54~08~08 - Jenny}
jenny076.jpg,137173,7dd721ae,\Gallery 54\08 - Jenny\,{Shemale Yum Dvd03~G54~08~08 - Jenny}
jenny077.jpg,117494,fe345a64,\Gallery 54\08 - Jenny\,{Shemale Yum Dvd03~G54~08~08 - Jenny}
jenny078.jpg,116469,04c0f53a,\Gallery 54\08 - Jenny\,{Shemale Yum Dvd03~G54~08~08 - Jenny}
jenny079.jpg,125951,fc0b5b87,\Gallery 54\08 - Jenny\,{Shemale Yum Dvd03~G54~08~08 - Jenny}
jenny080.jpg,141163,df693e07,\Gallery 54\08 - Jenny\,{Shemale Yum Dvd03~G54~08~08 - Jenny}
jenny081.jpg,127958,a455b9eb,\Gallery 54\08 - Jenny\,{Shemale Yum Dvd03~G54~08~08 - Jenny}
jenny082.jpg,117042,68047296,\Gallery 54\08 - Jenny\,{Shemale Yum Dvd03~G54~08~08 - Jenny}
jenny083.jpg,115998,e61f8464,\Gallery 54\08 - Jenny\,{Shemale Yum Dvd03~G54~08~08 - Jenny}
jenny084.jpg,134020,242c2ac9,\Gallery 54\08 - Jenny\,{Shemale Yum Dvd03~G54~08~08 - Jenny}
jenny085.jpg,131499,d521cd96,\Gallery 54\08 - Jenny\,{Shemale Yum Dvd03~G54~08~08 - Jenny}
jenny086.jpg,118574,4f7c6204,\Gallery 54\08 - Jenny\,{Shemale Yum Dvd03~G54~08~08 - Jenny}
jenny087.jpg,109188,cd3d99e3,\Gallery 54\08 - Jenny\,{Shemale Yum Dvd03~G54~08~08 - Jenny}
jenny088.jpg,127904,4b4f114c,\Gallery 54\08 - Jenny\,{Shemale Yum Dvd03~G54~08~08 - Jenny}
jenny089.jpg,111375,6cd9faa7,\Gallery 54\08 - Jenny\,{Shemale Yum Dvd03~G54~08~08 - Jenny}
jennyb0001.jpg,119327,265ef834,\Gallery 54\08 - Jenny (2)\,{Shemale Yum Dvd03~G54~08-2~08 - Jenny (2)}
jennyb0002.jpg,120940,a25cb467,\Gallery 54\08 - Jenny (2)\,{Shemale Yum Dvd03~G54~08-2~08 - Jenny (2)}
jennyb0003.jpg,116750,291c2fa3,\Gallery 54\08 - Jenny (2)\,{Shemale Yum Dvd03~G54~08-2~08 - Jenny (2)}
jennyb0004.jpg,139496,88baa733,\Gallery 54\08 - Jenny (2)\,{Shemale Yum Dvd03~G54~08-2~08 - Jenny (2)}
jennyb0005.jpg,111285,91cb15d0,\Gallery 54\08 - Jenny (2)\,{Shemale Yum Dvd03~G54~08-2~08 - Jenny (2)}
jennyb0006.jpg,156989,f717ba24,\Gallery 54\08 - Jenny (2)\,{Shemale Yum Dvd03~G54~08-2~08 - Jenny (2)}
jennyb0007.jpg,137184,ce8f0ecb,\Gallery 54\08 - Jenny (2)\,{Shemale Yum Dvd03~G54~08-2~08 - Jenny (2)}
jennyb0008.jpg,113076,5608ec3f,\Gallery 54\08 - Jenny (2)\,{Shemale Yum Dvd03~G54~08-2~08 - Jenny (2)}
jennyb0009.jpg,119576,e5863eab,\Gallery 54\08 - Jenny (2)\,{Shemale Yum Dvd03~G54~08-2~08 - Jenny (2)}
jennyb0010.jpg,108555,6a0b1ce0,\Gallery 54\08 - Jenny (2)\,{Shemale Yum Dvd03~G54~08-2~08 - Jenny (2)}
jennyb0011.jpg,118097,2bb523a2,\Gallery 54\08 - Jenny (2)\,{Shemale Yum Dvd03~G54~08-2~08 - Jenny (2)}
jennyb0012.jpg,128512,72ef9319,\Gallery 54\08 - Jenny (2)\,{Shemale Yum Dvd03~G54~08-2~08 - Jenny (2)}
jennyb0013.jpg,123208,c1eca562,\Gallery 54\08 - Jenny (2)\,{Shemale Yum Dvd03~G54~08-2~08 - Jenny (2)}
jennyb0014.jpg,128129,84772b2d,\Gallery 54\08 - Jenny (2)\,{Shemale Yum Dvd03~G54~08-2~08 - Jenny (2)}
jennyb0015.jpg,129429,5b6c3c4c,\Gallery 54\08 - Jenny (2)\,{Shemale Yum Dvd03~G54~08-2~08 - Jenny (2)}
jennyb0016.jpg,134368,7958cb46,\Gallery 54\08 - Jenny (2)\,{Shemale Yum Dvd03~G54~08-2~08 - Jenny (2)}
jennyb0017.jpg,147185,6a094c1e,\Gallery 54\08 - Jenny (2)\,{Shemale Yum Dvd03~G54~08-2~08 - Jenny (2)}
jennyb0018.jpg,139764,185b98b6,\Gallery 54\08 - Jenny (2)\,{Shemale Yum Dvd03~G54~08-2~08 - Jenny (2)}
jennyb0019.jpg,167653,12c3dc3d,\Gallery 54\08 - Jenny (2)\,{Shemale Yum Dvd03~G54~08-2~08 - Jenny (2)}
jennyb0020.jpg,174279,361224a2,\Gallery 54\08 - Jenny (2)\,{Shemale Yum Dvd03~G54~08-2~08 - Jenny (2)}
jennyb0021.jpg,134554,ce52f4f5,\Gallery 54\08 - Jenny (2)\,{Shemale Yum Dvd03~G54~08-2~08 - Jenny (2)}
jennyb0022.jpg,141801,c912386d,\Gallery 54\08 - Jenny (2)\,{Shemale Yum Dvd03~G54~08-2~08 - Jenny (2)}
jennyb0023.jpg,138044,0099ccae,\Gallery 54\08 - Jenny (2)\,{Shemale Yum Dvd03~G54~08-2~08 - Jenny (2)}
jennyb0024.jpg,158690,7def703a,\Gallery 54\08 - Jenny (2)\,{Shemale Yum Dvd03~G54~08-2~08 - Jenny (2)}
jennyb0025.jpg,135810,c33d9aec,\Gallery 54\08 - Jenny (2)\,{Shemale Yum Dvd03~G54~08-2~08 - Jenny (2)}
jennyb0026.jpg,160188,9464dc56,\Gallery 54\08 - Jenny (2)\,{Shemale Yum Dvd03~G54~08-2~08 - Jenny (2)}
jennyb0027.jpg,120256,ef2ad2e7,\Gallery 54\08 - Jenny (2)\,{Shemale Yum Dvd03~G54~08-2~08 - Jenny (2)}
jennyb0028.jpg,134217,17bc2140,\Gallery 54\08 - Jenny (2)\,{Shemale Yum Dvd03~G54~08-2~08 - Jenny (2)}
jennyb0029.jpg,126141,bc33f0d3,\Gallery 54\08 - Jenny (2)\,{Shemale Yum Dvd03~G54~08-2~08 - Jenny (2)}
jennyb0030.jpg,110271,eb5e865c,\Gallery 54\08 - Jenny (2)\,{Shemale Yum Dvd03~G54~08-2~08 - Jenny (2)}
jennyb0031.jpg,122499,39102c52,\Gallery 54\08 - Jenny (2)\,{Shemale Yum Dvd03~G54~08-2~08 - Jenny (2)}
jennyb0032.jpg,113709,e2d797cb,\Gallery 54\08 - Jenny (2)\,{Shemale Yum Dvd03~G54~08-2~08 - Jenny (2)}
jennyb0033.jpg,109136,40e477db,\Gallery 54\08 - Jenny (2)\,{Shemale Yum Dvd03~G54~08-2~08 - Jenny (2)}
jennyb0034.jpg,107550,1cdac796,\Gallery 54\08 - Jenny (2)\,{Shemale Yum Dvd03~G54~08-2~08 - Jenny (2)}
jennyb0035.jpg,113654,e683ba9a,\Gallery 54\08 - Jenny (2)\,{Shemale Yum Dvd03~G54~08-2~08 - Jenny (2)}
jennyb0036.jpg,120972,6c503125,\Gallery 54\08 - Jenny (2)\,{Shemale Yum Dvd03~G54~08-2~08 - Jenny (2)}
jennyb0037.jpg,120099,e6ebdda5,\Gallery 54\08 - Jenny (2)\,{Shemale Yum Dvd03~G54~08-2~08 - Jenny (2)}
jennyb0038.jpg,104457,637f161d,\Gallery 54\08 - Jenny (2)\,{Shemale Yum Dvd03~G54~08-2~08 - Jenny (2)}
jennyb0039.jpg,115105,ffbc0b9d,\Gallery 54\08 - Jenny (2)\,{Shemale Yum Dvd03~G54~08-2~08 - Jenny (2)}
jennyb0040.jpg,128595,a19c3006,\Gallery 54\08 - Jenny (2)\,{Shemale Yum Dvd03~G54~08-2~08 - Jenny (2)}
jennyb0041.jpg,123965,6f41c3b9,\Gallery 54\08 - Jenny (2)\,{Shemale Yum Dvd03~G54~08-2~08 - Jenny (2)}
jennyb0042.jpg,130362,51d9b46a,\Gallery 54\08 - Jenny (2)\,{Shemale Yum Dvd03~G54~08-2~08 - Jenny (2)}
jennyb0043.jpg,143348,3d9b228e,\Gallery 54\08 - Jenny (2)\,{Shemale Yum Dvd03~G54~08-2~08 - Jenny (2)}
jennyb0044.jpg,137850,28a6e98d,\Gallery 54\08 - Jenny (2)\,{Shemale Yum Dvd03~G54~08-2~08 - Jenny (2)}
jennyb0045.jpg,129257,b5bee98d,\Gallery 54\08 - Jenny (2)\,{Shemale Yum Dvd03~G54~08-2~08 - Jenny (2)}
jennyb0046.jpg,113969,d898ea0e,\Gallery 54\08 - Jenny (2)\,{Shemale Yum Dvd03~G54~08-2~08 - Jenny (2)}
jennyb0047.jpg,126422,c1179fde,\Gallery 54\08 - Jenny (2)\,{Shemale Yum Dvd03~G54~08-2~08 - Jenny (2)}
jennyb0048.jpg,155314,69ee5336,\Gallery 54\08 - Jenny (2)\,{Shemale Yum Dvd03~G54~08-2~08 - Jenny (2)}
jennyb0049.jpg,121540,d423617e,\Gallery 54\08 - Jenny (2)\,{Shemale Yum Dvd03~G54~08-2~08 - Jenny (2)}
jennyb0050.jpg,127120,2bebdce7,\Gallery 54\08 - Jenny (2)\,{Shemale Yum Dvd03~G54~08-2~08 - Jenny (2)}
jennyb0051.jpg,119537,e90cef6e,\Gallery 54\08 - Jenny (2)\,{Shemale Yum Dvd03~G54~08-2~08 - Jenny (2)}
jennyb0052.jpg,111967,0dd203cb,\Gallery 54\08 - Jenny (2)\,{Shemale Yum Dvd03~G54~08-2~08 - Jenny (2)}
jennyb0053.jpg,116611,6783b4d3,\Gallery 54\08 - Jenny (2)\,{Shemale Yum Dvd03~G54~08-2~08 - Jenny (2)}
jennyb0054.jpg,119736,bd39ee83,\Gallery 54\08 - Jenny (2)\,{Shemale Yum Dvd03~G54~08-2~08 - Jenny (2)}
jennyb0055.jpg,121525,1f8fc405,\Gallery 54\08 - Jenny (2)\,{Shemale Yum Dvd03~G54~08-2~08 - Jenny (2)}
jennyb0056.jpg,108684,98662f16,\Gallery 54\08 - Jenny (2)\,{Shemale Yum Dvd03~G54~08-2~08 - Jenny (2)}
jennyb0057.jpg,114284,05501d59,\Gallery 54\08 - Jenny (2)\,{Shemale Yum Dvd03~G54~08-2~08 - Jenny (2)}
jennyb0058.jpg,108564,c1735827,\Gallery 54\08 - Jenny (2)\,{Shemale Yum Dvd03~G54~08-2~08 - Jenny (2)}
jennyb0059.jpg,112737,860bf06e,\Gallery 54\08 - Jenny (2)\,{Shemale Yum Dvd03~G54~08-2~08 - Jenny (2)}
jennyb0060.jpg,130499,6213fb4f,\Gallery 54\08 - Jenny (2)\,{Shemale Yum Dvd03~G54~08-2~08 - Jenny (2)}
jennyb0061.jpg,126654,e342931c,\Gallery 54\08 - Jenny (2)\,{Shemale Yum Dvd03~G54~08-2~08 - Jenny (2)}
jennyb0062.jpg,133474,d55071ea,\Gallery 54\08 - Jenny (2)\,{Shemale Yum Dvd03~G54~08-2~08 - Jenny (2)}
jennyb0063.jpg,133867,e8c827f6,\Gallery 54\08 - Jenny (2)\,{Shemale Yum Dvd03~G54~08-2~08 - Jenny (2)}
jennyb0064.jpg,134222,9a33eb8e,\Gallery 54\08 - Jenny (2)\,{Shemale Yum Dvd03~G54~08-2~08 - Jenny (2)}
jennyb0065.jpg,161079,9548fe31,\Gallery 54\08 - Jenny (2)\,{Shemale Yum Dvd03~G54~08-2~08 - Jenny (2)}
jennyb0066.jpg,161876,23793530,\Gallery 54\08 - Jenny (2)\,{Shemale Yum Dvd03~G54~08-2~08 - Jenny (2)}
jennyb0067.jpg,141108,7e68e619,\Gallery 54\08 - Jenny (2)\,{Shemale Yum Dvd03~G54~08-2~08 - Jenny (2)}
jennyb0068.jpg,131735,a94eff06,\Gallery 54\08 - Jenny (2)\,{Shemale Yum Dvd03~G54~08-2~08 - Jenny (2)}
jennyb0069.jpg,143485,a29e76cb,\Gallery 54\08 - Jenny (2)\,{Shemale Yum Dvd03~G54~08-2~08 - Jenny (2)}
jennyb0070.jpg,134619,a341c4a9,\Gallery 54\08 - Jenny (2)\,{Shemale Yum Dvd03~G54~08-2~08 - Jenny (2)}
jennyb0071.jpg,165682,27553380,\Gallery 54\08 - Jenny (2)\,{Shemale Yum Dvd03~G54~08-2~08 - Jenny (2)}
jennyb0072.jpg,131856,d2489d44,\Gallery 54\08 - Jenny (2)\,{Shemale Yum Dvd03~G54~08-2~08 - Jenny (2)}
jennyb0073.jpg,157429,7325b292,\Gallery 54\08 - Jenny (2)\,{Shemale Yum Dvd03~G54~08-2~08 - Jenny (2)}
jennyb0074.jpg,147349,e9a61f78,\Gallery 54\08 - Jenny (2)\,{Shemale Yum Dvd03~G54~08-2~08 - Jenny (2)}
jennyb0075.jpg,161476,e051c36f,\Gallery 54\08 - Jenny (2)\,{Shemale Yum Dvd03~G54~08-2~08 - Jenny (2)}
jennyb0076.jpg,171966,f09b2c38,\Gallery 54\08 - Jenny (2)\,{Shemale Yum Dvd03~G54~08-2~08 - Jenny (2)}
jennyb0077.jpg,169076,5ce4e187,\Gallery 54\08 - Jenny (2)\,{Shemale Yum Dvd03~G54~08-2~08 - Jenny (2)}
jennyb0078.jpg,170315,ef06d418,\Gallery 54\08 - Jenny (2)\,{Shemale Yum Dvd03~G54~08-2~08 - Jenny (2)}
jennyb0079.jpg,181745,f6424e60,\Gallery 54\08 - Jenny (2)\,{Shemale Yum Dvd03~G54~08-2~08 - Jenny (2)}
jennyb0080.jpg,175001,d67bd89a,\Gallery 54\08 - Jenny (2)\,{Shemale Yum Dvd03~G54~08-2~08 - Jenny (2)}
jennyb0081.jpg,177933,25f322a6,\Gallery 54\08 - Jenny (2)\,{Shemale Yum Dvd03~G54~08-2~08 - Jenny (2)}
jennyb0082.jpg,181620,396979b8,\Gallery 54\08 - Jenny (2)\,{Shemale Yum Dvd03~G54~08-2~08 - Jenny (2)}
jennyb0083.jpg,188132,92c26936,\Gallery 54\08 - Jenny (2)\,{Shemale Yum Dvd03~G54~08-2~08 - Jenny (2)}
jennyb0084.jpg,187812,7d38250f,\Gallery 54\08 - Jenny (2)\,{Shemale Yum Dvd03~G54~08-2~08 - Jenny (2)}
jennyb0085.jpg,154544,fd41a7e3,\Gallery 54\08 - Jenny (2)\,{Shemale Yum Dvd03~G54~08-2~08 - Jenny (2)}
jennyb0086.jpg,151042,7178c576,\Gallery 54\08 - Jenny (2)\,{Shemale Yum Dvd03~G54~08-2~08 - Jenny (2)}
jennyb0087.jpg,132422,0940cefb,\Gallery 54\08 - Jenny (2)\,{Shemale Yum Dvd03~G54~08-2~08 - Jenny (2)}
jennyb0088.jpg,154851,e921e299,\Gallery 54\08 - Jenny (2)\,{Shemale Yum Dvd03~G54~08-2~08 - Jenny (2)}
jennyb0089.jpg,155088,f834fe50,\Gallery 54\08 - Jenny (2)\,{Shemale Yum Dvd03~G54~08-2~08 - Jenny (2)}
jennyb0090.jpg,125401,533e580c,\Gallery 54\08 - Jenny (2)\,{Shemale Yum Dvd03~G54~08-2~08 - Jenny (2)}
jennyb0091.jpg,129801,e285b871,\Gallery 54\08 - Jenny (2)\,{Shemale Yum Dvd03~G54~08-2~08 - Jenny (2)}
aiko001.jpg,121501,c5d8c374,\Gallery 54\09 - Aiko\,{Shemale Yum Dvd03~G54~09~09 - Aiko}
aiko002.jpg,134284,576a8ef4,\Gallery 54\09 - Aiko\,{Shemale Yum Dvd03~G54~09~09 - Aiko}
aiko003.jpg,121332,8253be6f,\Gallery 54\09 - Aiko\,{Shemale Yum Dvd03~G54~09~09 - Aiko}
aiko004.jpg,126835,d6301ddc,\Gallery 54\09 - Aiko\,{Shemale Yum Dvd03~G54~09~09 - Aiko}
aiko005.jpg,133372,335e1685,\Gallery 54\09 - Aiko\,{Shemale Yum Dvd03~G54~09~09 - Aiko}
aiko006.jpg,134456,5512377b,\Gallery 54\09 - Aiko\,{Shemale Yum Dvd03~G54~09~09 - Aiko}
aiko007.jpg,136551,0783bb9b,\Gallery 54\09 - Aiko\,{Shemale Yum Dvd03~G54~09~09 - Aiko}
aiko008.jpg,116690,ad3ed660,\Gallery 54\09 - Aiko\,{Shemale Yum Dvd03~G54~09~09 - Aiko}
aiko009.jpg,124352,50eeaa39,\Gallery 54\09 - Aiko\,{Shemale Yum Dvd03~G54~09~09 - Aiko}
aiko010.jpg,135690,34d0a3c2,\Gallery 54\09 - Aiko\,{Shemale Yum Dvd03~G54~09~09 - Aiko}
aiko011.jpg,126937,49d6ff7e,\Gallery 54\09 - Aiko\,{Shemale Yum Dvd03~G54~09~09 - Aiko}
aiko012.jpg,94208,cc010e59,\Gallery 54\09 - Aiko\,{Shemale Yum Dvd03~G54~09~09 - Aiko}
aiko013.jpg,104705,13e5a82c,\Gallery 54\09 - Aiko\,{Shemale Yum Dvd03~G54~09~09 - Aiko}
aiko014.jpg,107129,a2d40c98,\Gallery 54\09 - Aiko\,{Shemale Yum Dvd03~G54~09~09 - Aiko}
aiko015.jpg,106439,8ae60920,\Gallery 54\09 - Aiko\,{Shemale Yum Dvd03~G54~09~09 - Aiko}
aiko016.jpg,103926,5f9895c0,\Gallery 54\09 - Aiko\,{Shemale Yum Dvd03~G54~09~09 - Aiko}
aiko017.jpg,104561,443e7602,\Gallery 54\09 - Aiko\,{Shemale Yum Dvd03~G54~09~09 - Aiko}
aiko018.jpg,117389,0267789d,\Gallery 54\09 - Aiko\,{Shemale Yum Dvd03~G54~09~09 - Aiko}
aiko019.jpg,111625,dd7259ef,\Gallery 54\09 - Aiko\,{Shemale Yum Dvd03~G54~09~09 - Aiko}
aiko020.jpg,116431,afc62ccb,\Gallery 54\09 - Aiko\,{Shemale Yum Dvd03~G54~09~09 - Aiko}
aiko021.jpg,130173,b92a922f,\Gallery 54\09 - Aiko\,{Shemale Yum Dvd03~G54~09~09 - Aiko}
aiko022.jpg,133189,8b330286,\Gallery 54\09 - Aiko\,{Shemale Yum Dvd03~G54~09~09 - Aiko}
aiko023.jpg,128327,e76887f5,\Gallery 54\09 - Aiko\,{Shemale Yum Dvd03~G54~09~09 - Aiko}
aiko024.jpg,135293,e96f1c3a,\Gallery 54\09 - Aiko\,{Shemale Yum Dvd03~G54~09~09 - Aiko}
aiko025.jpg,129542,b74ffba1,\Gallery 54\09 - Aiko\,{Shemale Yum Dvd03~G54~09~09 - Aiko}
aiko026.jpg,135090,16d7561f,\Gallery 54\09 - Aiko\,{Shemale Yum Dvd03~G54~09~09 - Aiko}
aiko027.jpg,123731,885b67d2,\Gallery 54\09 - Aiko\,{Shemale Yum Dvd03~G54~09~09 - Aiko}
aiko028.jpg,122813,0970aa3b,\Gallery 54\09 - Aiko\,{Shemale Yum Dvd03~G54~09~09 - Aiko}
aiko029.jpg,135198,bcbbbfad,\Gallery 54\09 - Aiko\,{Shemale Yum Dvd03~G54~09~09 - Aiko}
aiko030.jpg,120193,d4ccfa1e,\Gallery 54\09 - Aiko\,{Shemale Yum Dvd03~G54~09~09 - Aiko}
aiko031.jpg,118211,5a7ef53c,\Gallery 54\09 - Aiko\,{Shemale Yum Dvd03~G54~09~09 - Aiko}
aiko032.jpg,124919,313ad1cf,\Gallery 54\09 - Aiko\,{Shemale Yum Dvd03~G54~09~09 - Aiko}
aiko033.jpg,96133,3d11cb37,\Gallery 54\09 - Aiko\,{Shemale Yum Dvd03~G54~09~09 - Aiko}
aiko034.jpg,99923,c0646082,\Gallery 54\09 - Aiko\,{Shemale Yum Dvd03~G54~09~09 - Aiko}
aiko035.jpg,119967,56793bd7,\Gallery 54\09 - Aiko\,{Shemale Yum Dvd03~G54~09~09 - Aiko}
aiko036.jpg,114099,f66fb976,\Gallery 54\09 - Aiko\,{Shemale Yum Dvd03~G54~09~09 - Aiko}
aiko037.jpg,110368,adca0fef,\Gallery 54\09 - Aiko\,{Shemale Yum Dvd03~G54~09~09 - Aiko}
aiko038.jpg,102682,e2e0784d,\Gallery 54\09 - Aiko\,{Shemale Yum Dvd03~G54~09~09 - Aiko}
aiko039.jpg,101710,4fc2baf2,\Gallery 54\09 - Aiko\,{Shemale Yum Dvd03~G54~09~09 - Aiko}
aiko040.jpg,115203,bf4d937e,\Gallery 54\09 - Aiko\,{Shemale Yum Dvd03~G54~09~09 - Aiko}
aiko041.jpg,112540,16f38c26,\Gallery 54\09 - Aiko\,{Shemale Yum Dvd03~G54~09~09 - Aiko}
aiko042.jpg,110810,21f1b901,\Gallery 54\09 - Aiko\,{Shemale Yum Dvd03~G54~09~09 - Aiko}
aiko043.jpg,90759,bba1425c,\Gallery 54\09 - Aiko\,{Shemale Yum Dvd03~G54~09~09 - Aiko}
aiko044.jpg,96497,3a3ce1c1,\Gallery 54\09 - Aiko\,{Shemale Yum Dvd03~G54~09~09 - Aiko}
aiko045.jpg,111616,675ccd01,\Gallery 54\09 - Aiko\,{Shemale Yum Dvd03~G54~09~09 - Aiko}
aiko046.jpg,107079,252f270a,\Gallery 54\09 - Aiko\,{Shemale Yum Dvd03~G54~09~09 - Aiko}
aiko047.jpg,108773,c1282bc6,\Gallery 54\09 - Aiko\,{Shemale Yum Dvd03~G54~09~09 - Aiko}
aiko048.jpg,128946,585628d5,\Gallery 54\09 - Aiko\,{Shemale Yum Dvd03~G54~09~09 - Aiko}
aiko049.jpg,109389,de533fde,\Gallery 54\09 - Aiko\,{Shemale Yum Dvd03~G54~09~09 - Aiko}
aiko050.jpg,127717,3fc3fd04,\Gallery 54\09 - Aiko\,{Shemale Yum Dvd03~G54~09~09 - Aiko}
aiko051.jpg,120692,06867f58,\Gallery 54\09 - Aiko\,{Shemale Yum Dvd03~G54~09~09 - Aiko}
aiko052.jpg,125430,6fd560cb,\Gallery 54\09 - Aiko\,{Shemale Yum Dvd03~G54~09~09 - Aiko}
aiko053.jpg,131246,220de39a,\Gallery 54\09 - Aiko\,{Shemale Yum Dvd03~G54~09~09 - Aiko}
aiko054.jpg,136901,6708a53e,\Gallery 54\09 - Aiko\,{Shemale Yum Dvd03~G54~09~09 - Aiko}
aiko055.jpg,139642,9f3abbc4,\Gallery 54\09 - Aiko\,{Shemale Yum Dvd03~G54~09~09 - Aiko}
aiko056.jpg,134813,48292004,\Gallery 54\09 - Aiko\,{Shemale Yum Dvd03~G54~09~09 - Aiko}
aiko057.jpg,121193,6ba62137,\Gallery 54\09 - Aiko\,{Shemale Yum Dvd03~G54~09~09 - Aiko}
aiko058.jpg,102221,c75aa2f3,\Gallery 54\09 - Aiko\,{Shemale Yum Dvd03~G54~09~09 - Aiko}
aiko059.jpg,102697,941647ae,\Gallery 54\09 - Aiko\,{Shemale Yum Dvd03~G54~09~09 - Aiko}
aiko060.jpg,109721,08f45a0c,\Gallery 54\09 - Aiko\,{Shemale Yum Dvd03~G54~09~09 - Aiko}
aiko061.jpg,147537,0000f792,\Gallery 54\09 - Aiko\,{Shemale Yum Dvd03~G54~09~09 - Aiko}
aiko062.jpg,139089,7c9b2f50,\Gallery 54\09 - Aiko\,{Shemale Yum Dvd03~G54~09~09 - Aiko}
aiko063.jpg,137607,5424a057,\Gallery 54\09 - Aiko\,{Shemale Yum Dvd03~G54~09~09 - Aiko}
aiko064.jpg,144181,d510a069,\Gallery 54\09 - Aiko\,{Shemale Yum Dvd03~G54~09~09 - Aiko}
aiko065.jpg,142052,a04eecd5,\Gallery 54\09 - Aiko\,{Shemale Yum Dvd03~G54~09~09 - Aiko}
aiko066.jpg,140190,1ab35d20,\Gallery 54\09 - Aiko\,{Shemale Yum Dvd03~G54~09~09 - Aiko}
aiko067.jpg,139808,5e09d771,\Gallery 54\09 - Aiko\,{Shemale Yum Dvd03~G54~09~09 - Aiko}
aiko068.jpg,136739,2f3f2d0b,\Gallery 54\09 - Aiko\,{Shemale Yum Dvd03~G54~09~09 - Aiko}
aiko069.jpg,142872,5578976d,\Gallery 54\09 - Aiko\,{Shemale Yum Dvd03~G54~09~09 - Aiko}
aiko070.jpg,155454,bbdbd94b,\Gallery 54\09 - Aiko\,{Shemale Yum Dvd03~G54~09~09 - Aiko}
aiko071.jpg,140507,7eb8cef9,\Gallery 54\09 - Aiko\,{Shemale Yum Dvd03~G54~09~09 - Aiko}
aiko072.jpg,141179,569aec41,\Gallery 54\09 - Aiko\,{Shemale Yum Dvd03~G54~09~09 - Aiko}
aiko073.jpg,138046,9f2fa539,\Gallery 54\09 - Aiko\,{Shemale Yum Dvd03~G54~09~09 - Aiko}
aiko074.jpg,146593,354475b9,\Gallery 54\09 - Aiko\,{Shemale Yum Dvd03~G54~09~09 - Aiko}
aiko075.jpg,143151,a900dc1f,\Gallery 54\09 - Aiko\,{Shemale Yum Dvd03~G54~09~09 - Aiko}
aiko076.jpg,143655,7de568f8,\Gallery 54\09 - Aiko\,{Shemale Yum Dvd03~G54~09~09 - Aiko}
aiko077.jpg,144586,e4d54aca,\Gallery 54\09 - Aiko\,{Shemale Yum Dvd03~G54~09~09 - Aiko}
aiko078.jpg,141852,9ba6c62a,\Gallery 54\09 - Aiko\,{Shemale Yum Dvd03~G54~09~09 - Aiko}
aiko079.jpg,148979,ebb01cb7,\Gallery 54\09 - Aiko\,{Shemale Yum Dvd03~G54~09~09 - Aiko}
aiko080.jpg,141775,3cdda96f,\Gallery 54\09 - Aiko\,{Shemale Yum Dvd03~G54~09~09 - Aiko}
aiko081.jpg,125875,536b25d1,\Gallery 54\09 - Aiko\,{Shemale Yum Dvd03~G54~09~09 - Aiko}
aiko082.jpg,143549,628ae702,\Gallery 54\09 - Aiko\,{Shemale Yum Dvd03~G54~09~09 - Aiko}
aiko083.jpg,138123,6906d352,\Gallery 54\09 - Aiko\,{Shemale Yum Dvd03~G54~09~09 - Aiko}
aiko084.jpg,130146,2ad79162,\Gallery 54\09 - Aiko\,{Shemale Yum Dvd03~G54~09~09 - Aiko}
aiko085.jpg,149975,9e47a48f,\Gallery 54\09 - Aiko\,{Shemale Yum Dvd03~G54~09~09 - Aiko}
aiko086.jpg,146912,20453d22,\Gallery 54\09 - Aiko\,{Shemale Yum Dvd03~G54~09~09 - Aiko}
aiko087.jpg,145115,c0685f47,\Gallery 54\09 - Aiko\,{Shemale Yum Dvd03~G54~09~09 - Aiko}
aiko088.jpg,127168,5eda3350,\Gallery 54\09 - Aiko\,{Shemale Yum Dvd03~G54~09~09 - Aiko}
aiko089.jpg,144120,80ff323f,\Gallery 54\09 - Aiko\,{Shemale Yum Dvd03~G54~09~09 - Aiko}
aiko090.jpg,141177,728f5dfd,\Gallery 54\09 - Aiko\,{Shemale Yum Dvd03~G54~09~09 - Aiko}
aiko091.jpg,140185,17dffec0,\Gallery 54\09 - Aiko\,{Shemale Yum Dvd03~G54~09~09 - Aiko}
aiko092.jpg,141437,9b9113af,\Gallery 54\09 - Aiko\,{Shemale Yum Dvd03~G54~09~09 - Aiko}
aiko093.jpg,150497,075ac97e,\Gallery 54\09 - Aiko\,{Shemale Yum Dvd03~G54~09~09 - Aiko}
aiko094.jpg,129560,4988d86f,\Gallery 54\09 - Aiko\,{Shemale Yum Dvd03~G54~09~09 - Aiko}
aiko095.jpg,150707,c5654bd9,\Gallery 54\09 - Aiko\,{Shemale Yum Dvd03~G54~09~09 - Aiko}
aiko096.jpg,128477,8bce3c92,\Gallery 54\09 - Aiko\,{Shemale Yum Dvd03~G54~09~09 - Aiko}
aiko097.jpg,148824,5a497fba,\Gallery 54\09 - Aiko\,{Shemale Yum Dvd03~G54~09~09 - Aiko}
aiko098.jpg,187668,81e3574a,\Gallery 54\09 - Aiko\,{Shemale Yum Dvd03~G54~09~09 - Aiko}
aiko099.jpg,187981,a738329c,\Gallery 54\09 - Aiko\,{Shemale Yum Dvd03~G54~09~09 - Aiko}
aiko100.jpg,148333,3db73652,\Gallery 54\09 - Aiko\,{Shemale Yum Dvd03~G54~09~09 - Aiko}
aiko101.jpg,146719,41592118,\Gallery 54\09 - Aiko\,{Shemale Yum Dvd03~G54~09~09 - Aiko}
aiko102.jpg,149506,3ab9fd9a,\Gallery 54\09 - Aiko\,{Shemale Yum Dvd03~G54~09~09 - Aiko}
aiko103.jpg,152682,a4ce55a4,\Gallery 54\09 - Aiko\,{Shemale Yum Dvd03~G54~09~09 - Aiko}
aiko104.jpg,128346,451a8e7b,\Gallery 54\09 - Aiko\,{Shemale Yum Dvd03~G54~09~09 - Aiko}
aiko105.jpg,128513,90a32a49,\Gallery 54\09 - Aiko\,{Shemale Yum Dvd03~G54~09~09 - Aiko}
aiko106.jpg,143437,dd146f3a,\Gallery 54\09 - Aiko\,{Shemale Yum Dvd03~G54~09~09 - Aiko}
aiko107.jpg,144745,bd68402b,\Gallery 54\09 - Aiko\,{Shemale Yum Dvd03~G54~09~09 - Aiko}
aiko108.jpg,144972,203f1e20,\Gallery 54\09 - Aiko\,{Shemale Yum Dvd03~G54~09~09 - Aiko}
aiko109.jpg,141603,e1b43b21,\Gallery 54\09 - Aiko\,{Shemale Yum Dvd03~G54~09~09 - Aiko}
aiko110.jpg,147055,27799a16,\Gallery 54\09 - Aiko\,{Shemale Yum Dvd03~G54~09~09 - Aiko}
aiko111.jpg,150998,2cdd3c99,\Gallery 54\09 - Aiko\,{Shemale Yum Dvd03~G54~09~09 - Aiko}
aiko112.jpg,123782,5a4f1052,\Gallery 54\09 - Aiko\,{Shemale Yum Dvd03~G54~09~09 - Aiko}
aiko113.jpg,142117,304edf5d,\Gallery 54\09 - Aiko\,{Shemale Yum Dvd03~G54~09~09 - Aiko}
aiko114.jpg,126357,c2b7ff10,\Gallery 54\09 - Aiko\,{Shemale Yum Dvd03~G54~09~09 - Aiko}
aiko115.jpg,140332,7c611386,\Gallery 54\09 - Aiko\,{Shemale Yum Dvd03~G54~09~09 - Aiko}
aiko116.jpg,140573,4258c5cb,\Gallery 54\09 - Aiko\,{Shemale Yum Dvd03~G54~09~09 - Aiko}
aiko117.jpg,141275,a87767e5,\Gallery 54\09 - Aiko\,{Shemale Yum Dvd03~G54~09~09 - Aiko}
aiko118.jpg,143053,9c48918f,\Gallery 54\09 - Aiko\,{Shemale Yum Dvd03~G54~09~09 - Aiko}
aiko119.jpg,140939,c690e5ff,\Gallery 54\09 - Aiko\,{Shemale Yum Dvd03~G54~09~09 - Aiko}
aiko120.jpg,142746,901bc964,\Gallery 54\09 - Aiko\,{Shemale Yum Dvd03~G54~09~09 - Aiko}
aiko121.jpg,137593,19ddbb02,\Gallery 54\09 - Aiko\,{Shemale Yum Dvd03~G54~09~09 - Aiko}
aiko122.jpg,135109,75945155,\Gallery 54\09 - Aiko\,{Shemale Yum Dvd03~G54~09~09 - Aiko}
aiko123.jpg,137448,e21f160d,\Gallery 54\09 - Aiko\,{Shemale Yum Dvd03~G54~09~09 - Aiko}
aiko124.jpg,137244,5f84dc81,\Gallery 54\09 - Aiko\,{Shemale Yum Dvd03~G54~09~09 - Aiko}
aiko125.jpg,137596,ec9a7268,\Gallery 54\09 - Aiko\,{Shemale Yum Dvd03~G54~09~09 - Aiko}
aiko126.jpg,134062,8ef04a94,\Gallery 54\09 - Aiko\,{Shemale Yum Dvd03~G54~09~09 - Aiko}
aiko127.jpg,139608,ae3e03c9,\Gallery 54\09 - Aiko\,{Shemale Yum Dvd03~G54~09~09 - Aiko}
aiko128.jpg,133795,314f97e7,\Gallery 54\09 - Aiko\,{Shemale Yum Dvd03~G54~09~09 - Aiko}
aiko129.jpg,160342,091a90d9,\Gallery 54\09 - Aiko\,{Shemale Yum Dvd03~G54~09~09 - Aiko}
aiko130.jpg,158506,c7924d79,\Gallery 54\09 - Aiko\,{Shemale Yum Dvd03~G54~09~09 - Aiko}
aiko131.jpg,161724,eb62b83c,\Gallery 54\09 - Aiko\,{Shemale Yum Dvd03~G54~09~09 - Aiko}
aiko132.jpg,159229,0f2cbe25,\Gallery 54\09 - Aiko\,{Shemale Yum Dvd03~G54~09~09 - Aiko}
aiko133.jpg,129775,694aa7f1,\Gallery 54\09 - Aiko\,{Shemale Yum Dvd03~G54~09~09 - Aiko}
aiko134.jpg,124865,51b4c773,\Gallery 54\09 - Aiko\,{Shemale Yum Dvd03~G54~09~09 - Aiko}
aiko135.jpg,122893,551db519,\Gallery 54\09 - Aiko\,{Shemale Yum Dvd03~G54~09~09 - Aiko}
aiko136.jpg,118246,9139b18f,\Gallery 54\09 - Aiko\,{Shemale Yum Dvd03~G54~09~09 - Aiko}
aiko137.jpg,145363,1b9b937b,\Gallery 54\09 - Aiko\,{Shemale Yum Dvd03~G54~09~09 - Aiko}
aiko138.jpg,130601,80076c30,\Gallery 54\09 - Aiko\,{Shemale Yum Dvd03~G54~09~09 - Aiko}
aiko139.jpg,151008,200a2ccf,\Gallery 54\09 - Aiko\,{Shemale Yum Dvd03~G54~09~09 - Aiko}
aiko140.jpg,147282,d7cf4aad,\Gallery 54\09 - Aiko\,{Shemale Yum Dvd03~G54~09~09 - Aiko}
aiko141.jpg,135690,8ff99223,\Gallery 54\09 - Aiko\,{Shemale Yum Dvd03~G54~09~09 - Aiko}
aiko142.jpg,158192,cfc83516,\Gallery 54\09 - Aiko\,{Shemale Yum Dvd03~G54~09~09 - Aiko}
aiko143.jpg,133042,7ca43139,\Gallery 54\09 - Aiko\,{Shemale Yum Dvd03~G54~09~09 - Aiko}
aiko144.jpg,153707,5fd34dda,\Gallery 54\09 - Aiko\,{Shemale Yum Dvd03~G54~09~09 - Aiko}
aiko145.jpg,156940,c5154f9b,\Gallery 54\09 - Aiko\,{Shemale Yum Dvd03~G54~09~09 - Aiko}
aiko146.jpg,138751,e7e003f5,\Gallery 54\09 - Aiko\,{Shemale Yum Dvd03~G54~09~09 - Aiko}
aiko147.jpg,147060,0b43be95,\Gallery 54\09 - Aiko\,{Shemale Yum Dvd03~G54~09~09 - Aiko}
aiko148.jpg,144029,52e2f56a,\Gallery 54\09 - Aiko\,{Shemale Yum Dvd03~G54~09~09 - Aiko}
aiko149.jpg,142290,d7b3c80a,\Gallery 54\09 - Aiko\,{Shemale Yum Dvd03~G54~09~09 - Aiko}
aiko150.jpg,151418,ff3ef4c5,\Gallery 54\09 - Aiko\,{Shemale Yum Dvd03~G54~09~09 - Aiko}
vanessa001.jpg,157277,ccc48a60,\Gallery 55\01 - Vanessa\,{Shemale Yum Dvd03~G55~01~01 - Vanessa}
vanessa002.jpg,155108,3beac497,\Gallery 55\01 - Vanessa\,{Shemale Yum Dvd03~G55~01~01 - Vanessa}
vanessa003.jpg,184375,0bcda8b0,\Gallery 55\01 - Vanessa\,{Shemale Yum Dvd03~G55~01~01 - Vanessa}
vanessa004.jpg,185708,99e1e3f4,\Gallery 55\01 - Vanessa\,{Shemale Yum Dvd03~G55~01~01 - Vanessa}
vanessa005.jpg,157188,5ce6de1c,\Gallery 55\01 - Vanessa\,{Shemale Yum Dvd03~G55~01~01 - Vanessa}
vanessa006.jpg,167011,ecc5a781,\Gallery 55\01 - Vanessa\,{Shemale Yum Dvd03~G55~01~01 - Vanessa}
vanessa007.jpg,148673,bae00677,\Gallery 55\01 - Vanessa\,{Shemale Yum Dvd03~G55~01~01 - Vanessa}
vanessa008.jpg,150706,b92a3a87,\Gallery 55\01 - Vanessa\,{Shemale Yum Dvd03~G55~01~01 - Vanessa}
vanessa009.jpg,150724,3894e9a8,\Gallery 55\01 - Vanessa\,{Shemale Yum Dvd03~G55~01~01 - Vanessa}
vanessa010.jpg,130427,3c750d4a,\Gallery 55\01 - Vanessa\,{Shemale Yum Dvd03~G55~01~01 - Vanessa}
vanessa011.jpg,143044,ee747842,\Gallery 55\01 - Vanessa\,{Shemale Yum Dvd03~G55~01~01 - Vanessa}
vanessa012.jpg,142698,2c689133,\Gallery 55\01 - Vanessa\,{Shemale Yum Dvd03~G55~01~01 - Vanessa}
vanessa013.jpg,139212,fb930ebd,\Gallery 55\01 - Vanessa\,{Shemale Yum Dvd03~G55~01~01 - Vanessa}
vanessa014.jpg,128444,bb1a3c54,\Gallery 55\01 - Vanessa\,{Shemale Yum Dvd03~G55~01~01 - Vanessa}
vanessa015.jpg,130196,946ec35e,\Gallery 55\01 - Vanessa\,{Shemale Yum Dvd03~G55~01~01 - Vanessa}
vanessa016.jpg,123076,4a0c86c7,\Gallery 55\01 - Vanessa\,{Shemale Yum Dvd03~G55~01~01 - Vanessa}
vanessa017.jpg,112726,3d867e65,\Gallery 55\01 - Vanessa\,{Shemale Yum Dvd03~G55~01~01 - Vanessa}
vanessa018.jpg,130929,da938890,\Gallery 55\01 - Vanessa\,{Shemale Yum Dvd03~G55~01~01 - Vanessa}
vanessa019.jpg,121210,c3e6e54f,\Gallery 55\01 - Vanessa\,{Shemale Yum Dvd03~G55~01~01 - Vanessa}
vanessa020.jpg,124614,be5cbdc9,\Gallery 55\01 - Vanessa\,{Shemale Yum Dvd03~G55~01~01 - Vanessa}
vanessa021.jpg,114473,967218db,\Gallery 55\01 - Vanessa\,{Shemale Yum Dvd03~G55~01~01 - Vanessa}
vanessa022.jpg,123842,81f6fc7f,\Gallery 55\01 - Vanessa\,{Shemale Yum Dvd03~G55~01~01 - Vanessa}
vanessa023.jpg,113882,50457c4d,\Gallery 55\01 - Vanessa\,{Shemale Yum Dvd03~G55~01~01 - Vanessa}
vanessa024.jpg,122277,a2364c41,\Gallery 55\01 - Vanessa\,{Shemale Yum Dvd03~G55~01~01 - Vanessa}
vanessa025.jpg,128125,9db7b00e,\Gallery 55\01 - Vanessa\,{Shemale Yum Dvd03~G55~01~01 - Vanessa}
vanessa026.jpg,119952,a2d23a58,\Gallery 55\01 - Vanessa\,{Shemale Yum Dvd03~G55~01~01 - Vanessa}
vanessa027.jpg,121967,e72f9ff0,\Gallery 55\01 - Vanessa\,{Shemale Yum Dvd03~G55~01~01 - Vanessa}
vanessa028.jpg,128517,2c14a5df,\Gallery 55\01 - Vanessa\,{Shemale Yum Dvd03~G55~01~01 - Vanessa}
vanessa029.jpg,123021,29a7ab55,\Gallery 55\01 - Vanessa\,{Shemale Yum Dvd03~G55~01~01 - Vanessa}
vanessa030.jpg,113363,0810f042,\Gallery 55\01 - Vanessa\,{Shemale Yum Dvd03~G55~01~01 - Vanessa}
vanessa031.jpg,115032,13ba0835,\Gallery 55\01 - Vanessa\,{Shemale Yum Dvd03~G55~01~01 - Vanessa}
vanessa032.jpg,114663,fbcaeeb4,\Gallery 55\01 - Vanessa\,{Shemale Yum Dvd03~G55~01~01 - Vanessa}
vanessa033.jpg,114598,afeeddc8,\Gallery 55\01 - Vanessa\,{Shemale Yum Dvd03~G55~01~01 - Vanessa}
vanessa034.jpg,121769,45f5282a,\Gallery 55\01 - Vanessa\,{Shemale Yum Dvd03~G55~01~01 - Vanessa}
vanessa035.jpg,111455,81f8a524,\Gallery 55\01 - Vanessa\,{Shemale Yum Dvd03~G55~01~01 - Vanessa}
vanessa036.jpg,143319,a44efc86,\Gallery 55\01 - Vanessa\,{Shemale Yum Dvd03~G55~01~01 - Vanessa}
vanessa037.jpg,128033,4450c486,\Gallery 55\01 - Vanessa\,{Shemale Yum Dvd03~G55~01~01 - Vanessa}
vanessa038.jpg,142221,cd632855,\Gallery 55\01 - Vanessa\,{Shemale Yum Dvd03~G55~01~01 - Vanessa}
vanessa039.jpg,154832,8bafab40,\Gallery 55\01 - Vanessa\,{Shemale Yum Dvd03~G55~01~01 - Vanessa}
vanessa040.jpg,161982,e2976485,\Gallery 55\01 - Vanessa\,{Shemale Yum Dvd03~G55~01~01 - Vanessa}
vanessa041.jpg,131419,6269409f,\Gallery 55\01 - Vanessa\,{Shemale Yum Dvd03~G55~01~01 - Vanessa}
vanessa042.jpg,135238,5063fbe3,\Gallery 55\01 - Vanessa\,{Shemale Yum Dvd03~G55~01~01 - Vanessa}
vanessa043.jpg,157500,cedfb6f9,\Gallery 55\01 - Vanessa\,{Shemale Yum Dvd03~G55~01~01 - Vanessa}
vanessa044.jpg,136996,8d083bd9,\Gallery 55\01 - Vanessa\,{Shemale Yum Dvd03~G55~01~01 - Vanessa}
vanessa045.jpg,136073,54af0610,\Gallery 55\01 - Vanessa\,{Shemale Yum Dvd03~G55~01~01 - Vanessa}
vanessa046.jpg,132896,c36520a2,\Gallery 55\01 - Vanessa\,{Shemale Yum Dvd03~G55~01~01 - Vanessa}
vanessa047.jpg,133309,caaee76c,\Gallery 55\01 - Vanessa\,{Shemale Yum Dvd03~G55~01~01 - Vanessa}
vanessa048.jpg,139091,ce1d5456,\Gallery 55\01 - Vanessa\,{Shemale Yum Dvd03~G55~01~01 - Vanessa}
vanessa049.jpg,152121,3cf6f506,\Gallery 55\01 - Vanessa\,{Shemale Yum Dvd03~G55~01~01 - Vanessa}
vanessa050.jpg,156091,1ab0502c,\Gallery 55\01 - Vanessa\,{Shemale Yum Dvd03~G55~01~01 - Vanessa}
vanessa051.jpg,135952,65331fe0,\Gallery 55\01 - Vanessa\,{Shemale Yum Dvd03~G55~01~01 - Vanessa}
vanessa052.jpg,138314,e8a9b744,\Gallery 55\01 - Vanessa\,{Shemale Yum Dvd03~G55~01~01 - Vanessa}
vanessa053.jpg,146951,7a765b7e,\Gallery 55\01 - Vanessa\,{Shemale Yum Dvd03~G55~01~01 - Vanessa}
vanessa054.jpg,142561,e137e099,\Gallery 55\01 - Vanessa\,{Shemale Yum Dvd03~G55~01~01 - Vanessa}
vanessa055.jpg,148215,736d4d68,\Gallery 55\01 - Vanessa\,{Shemale Yum Dvd03~G55~01~01 - Vanessa}
vanessa056.jpg,142517,885750f6,\Gallery 55\01 - Vanessa\,{Shemale Yum Dvd03~G55~01~01 - Vanessa}
vanessa057.jpg,137189,925462b7,\Gallery 55\01 - Vanessa\,{Shemale Yum Dvd03~G55~01~01 - Vanessa}
vanessa058.jpg,140824,7b62caea,\Gallery 55\01 - Vanessa\,{Shemale Yum Dvd03~G55~01~01 - Vanessa}
vanessa059.jpg,146560,43de5a13,\Gallery 55\01 - Vanessa\,{Shemale Yum Dvd03~G55~01~01 - Vanessa}
vanessa060.jpg,133052,11a2a810,\Gallery 55\01 - Vanessa\,{Shemale Yum Dvd03~G55~01~01 - Vanessa}
vanessa061.jpg,138823,0f1f8838,\Gallery 55\01 - Vanessa\,{Shemale Yum Dvd03~G55~01~01 - Vanessa}
vanessa062.jpg,133667,f5d1ff41,\Gallery 55\01 - Vanessa\,{Shemale Yum Dvd03~G55~01~01 - Vanessa}
vanessa063.jpg,146563,754d54ec,\Gallery 55\01 - Vanessa\,{Shemale Yum Dvd03~G55~01~01 - Vanessa}
vanessa064.jpg,139224,17d2a456,\Gallery 55\01 - Vanessa\,{Shemale Yum Dvd03~G55~01~01 - Vanessa}
vanessa065.jpg,126903,0bba4bc3,\Gallery 55\01 - Vanessa\,{Shemale Yum Dvd03~G55~01~01 - Vanessa}
vanessa066.jpg,130041,3247995c,\Gallery 55\01 - Vanessa\,{Shemale Yum Dvd03~G55~01~01 - Vanessa}
vanessa067.jpg,115388,9b1a3995,\Gallery 55\01 - Vanessa\,{Shemale Yum Dvd03~G55~01~01 - Vanessa}
vanessa068.jpg,116795,83ac1038,\Gallery 55\01 - Vanessa\,{Shemale Yum Dvd03~G55~01~01 - Vanessa}
vanessa069.jpg,135824,ad6a5456,\Gallery 55\01 - Vanessa\,{Shemale Yum Dvd03~G55~01~01 - Vanessa}
vanessa070.jpg,120770,764f4c5e,\Gallery 55\01 - Vanessa\,{Shemale Yum Dvd03~G55~01~01 - Vanessa}
vanessa071.jpg,135790,0b55c3d0,\Gallery 55\01 - Vanessa\,{Shemale Yum Dvd03~G55~01~01 - Vanessa}
vanessa072.jpg,114166,7384df7b,\Gallery 55\01 - Vanessa\,{Shemale Yum Dvd03~G55~01~01 - Vanessa}
vanessa073.jpg,122746,f2f6689b,\Gallery 55\01 - Vanessa\,{Shemale Yum Dvd03~G55~01~01 - Vanessa}
vanessa074.jpg,116103,f2ff9874,\Gallery 55\01 - Vanessa\,{Shemale Yum Dvd03~G55~01~01 - Vanessa}
vanessa075.jpg,126249,991c3f3a,\Gallery 55\01 - Vanessa\,{Shemale Yum Dvd03~G55~01~01 - Vanessa}
vanessa076.jpg,119605,d2490504,\Gallery 55\01 - Vanessa\,{Shemale Yum Dvd03~G55~01~01 - Vanessa}
vanessa077.jpg,129699,bdc912f0,\Gallery 55\01 - Vanessa\,{Shemale Yum Dvd03~G55~01~01 - Vanessa}
vanessa078.jpg,148117,dfa631a8,\Gallery 55\01 - Vanessa\,{Shemale Yum Dvd03~G55~01~01 - Vanessa}
vanessa079.jpg,144928,f886fb77,\Gallery 55\01 - Vanessa\,{Shemale Yum Dvd03~G55~01~01 - Vanessa}
vanessa080.jpg,143656,fef46c80,\Gallery 55\01 - Vanessa\,{Shemale Yum Dvd03~G55~01~01 - Vanessa}
vanessa081.jpg,141602,dc048758,\Gallery 55\01 - Vanessa\,{Shemale Yum Dvd03~G55~01~01 - Vanessa}
vanessa082.jpg,139504,5e844d3b,\Gallery 55\01 - Vanessa\,{Shemale Yum Dvd03~G55~01~01 - Vanessa}
vanessa083.jpg,144335,4bc935c3,\Gallery 55\01 - Vanessa\,{Shemale Yum Dvd03~G55~01~01 - Vanessa}
vanessa084.jpg,137289,895c59f1,\Gallery 55\01 - Vanessa\,{Shemale Yum Dvd03~G55~01~01 - Vanessa}
vanessa085.jpg,140898,e6a5d25d,\Gallery 55\01 - Vanessa\,{Shemale Yum Dvd03~G55~01~01 - Vanessa}
vanessa086.jpg,137355,8dbdd8de,\Gallery 55\01 - Vanessa\,{Shemale Yum Dvd03~G55~01~01 - Vanessa}
vanessa087.jpg,136877,65947fa4,\Gallery 55\01 - Vanessa\,{Shemale Yum Dvd03~G55~01~01 - Vanessa}
vanessa088.jpg,141734,8983bdf2,\Gallery 55\01 - Vanessa\,{Shemale Yum Dvd03~G55~01~01 - Vanessa}
vanessa089.jpg,136675,698db79d,\Gallery 55\01 - Vanessa\,{Shemale Yum Dvd03~G55~01~01 - Vanessa}
vanessa090.jpg,134646,1a6fdd4e,\Gallery 55\01 - Vanessa\,{Shemale Yum Dvd03~G55~01~01 - Vanessa}
vanessa091.jpg,179577,a1efaeed,\Gallery 55\01 - Vanessa\,{Shemale Yum Dvd03~G55~01~01 - Vanessa}
vanessa092.jpg,133236,8fef8fa7,\Gallery 55\01 - Vanessa\,{Shemale Yum Dvd03~G55~01~01 - Vanessa}
vanessa093.jpg,133529,7153c097,\Gallery 55\01 - Vanessa\,{Shemale Yum Dvd03~G55~01~01 - Vanessa}
vanessa094.jpg,129633,9db333c7,\Gallery 55\01 - Vanessa\,{Shemale Yum Dvd03~G55~01~01 - Vanessa}
vanessa095.jpg,142039,d49d44ae,\Gallery 55\01 - Vanessa\,{Shemale Yum Dvd03~G55~01~01 - Vanessa}
vanessa096.jpg,139129,ddc75ec3,\Gallery 55\01 - Vanessa\,{Shemale Yum Dvd03~G55~01~01 - Vanessa}
vanessa097.jpg,140557,06f57e82,\Gallery 55\01 - Vanessa\,{Shemale Yum Dvd03~G55~01~01 - Vanessa}
vanessa098.jpg,143165,f385c568,\Gallery 55\01 - Vanessa\,{Shemale Yum Dvd03~G55~01~01 - Vanessa}
vanessa099.jpg,131463,9787e00e,\Gallery 55\01 - Vanessa\,{Shemale Yum Dvd03~G55~01~01 - Vanessa}
vanessa100.jpg,131526,b9eb7eda,\Gallery 55\01 - Vanessa\,{Shemale Yum Dvd03~G55~01~01 - Vanessa}
vanessa101.jpg,137365,91062850,\Gallery 55\01 - Vanessa\,{Shemale Yum Dvd03~G55~01~01 - Vanessa}
vanessa102.jpg,142105,52cb5168,\Gallery 55\01 - Vanessa\,{Shemale Yum Dvd03~G55~01~01 - Vanessa}
vanessa103.jpg,130371,baab19ee,\Gallery 55\01 - Vanessa\,{Shemale Yum Dvd03~G55~01~01 - Vanessa}
vanessa104.jpg,133591,cc135c62,\Gallery 55\01 - Vanessa\,{Shemale Yum Dvd03~G55~01~01 - Vanessa}
vanessa105.jpg,129863,fddb8830,\Gallery 55\01 - Vanessa\,{Shemale Yum Dvd03~G55~01~01 - Vanessa}
vanessa106.jpg,135406,706b83e4,\Gallery 55\01 - Vanessa\,{Shemale Yum Dvd03~G55~01~01 - Vanessa}
vanessa107.jpg,135140,40d38859,\Gallery 55\01 - Vanessa\,{Shemale Yum Dvd03~G55~01~01 - Vanessa}
vanessa108.jpg,131429,7375d0c8,\Gallery 55\01 - Vanessa\,{Shemale Yum Dvd03~G55~01~01 - Vanessa}
vanessae2001.jpg,187815,9256bc2c,\Gallery 55\01 - Vanessa (2)\,{Shemale Yum Dvd03~G55~01-2~01 - Vanessa (2)}
vanessae2002.jpg,201039,acb604ee,\Gallery 55\01 - Vanessa (2)\,{Shemale Yum Dvd03~G55~01-2~01 - Vanessa (2)}
vanessae2003.jpg,196572,e04eefa0,\Gallery 55\01 - Vanessa (2)\,{Shemale Yum Dvd03~G55~01-2~01 - Vanessa (2)}
vanessae2004.jpg,193327,c6eb78f8,\Gallery 55\01 - Vanessa (2)\,{Shemale Yum Dvd03~G55~01-2~01 - Vanessa (2)}
vanessae2005.jpg,205498,c244dba2,\Gallery 55\01 - Vanessa (2)\,{Shemale Yum Dvd03~G55~01-2~01 - Vanessa (2)}
vanessae2006.jpg,211783,948c12b6,\Gallery 55\01 - Vanessa (2)\,{Shemale Yum Dvd03~G55~01-2~01 - Vanessa (2)}
vanessae2007.jpg,202468,46ec5dee,\Gallery 55\01 - Vanessa (2)\,{Shemale Yum Dvd03~G55~01-2~01 - Vanessa (2)}
vanessae2008.jpg,191781,b3c86bbc,\Gallery 55\01 - Vanessa (2)\,{Shemale Yum Dvd03~G55~01-2~01 - Vanessa (2)}
vanessae2009.jpg,212661,74c286c5,\Gallery 55\01 - Vanessa (2)\,{Shemale Yum Dvd03~G55~01-2~01 - Vanessa (2)}
vanessae2010.jpg,158268,21851e30,\Gallery 55\01 - Vanessa (2)\,{Shemale Yum Dvd03~G55~01-2~01 - Vanessa (2)}
vanessae2011.jpg,189655,8a012017,\Gallery 55\01 - Vanessa (2)\,{Shemale Yum Dvd03~G55~01-2~01 - Vanessa (2)}
vanessae2012.jpg,173865,40ea1d27,\Gallery 55\01 - Vanessa (2)\,{Shemale Yum Dvd03~G55~01-2~01 - Vanessa (2)}
vanessae2013.jpg,167484,7cb5fe88,\Gallery 55\01 - Vanessa (2)\,{Shemale Yum Dvd03~G55~01-2~01 - Vanessa (2)}
vanessae2014.jpg,192987,f6da766b,\Gallery 55\01 - Vanessa (2)\,{Shemale Yum Dvd03~G55~01-2~01 - Vanessa (2)}
vanessae2015.jpg,146155,4fe094f4,\Gallery 55\01 - Vanessa (2)\,{Shemale Yum Dvd03~G55~01-2~01 - Vanessa (2)}
vanessae2016.jpg,205750,ef02c70c,\Gallery 55\01 - Vanessa (2)\,{Shemale Yum Dvd03~G55~01-2~01 - Vanessa (2)}
vanessae2017.jpg,186638,e27a169f,\Gallery 55\01 - Vanessa (2)\,{Shemale Yum Dvd03~G55~01-2~01 - Vanessa (2)}
vanessae2018.jpg,189289,20d77434,\Gallery 55\01 - Vanessa (2)\,{Shemale Yum Dvd03~G55~01-2~01 - Vanessa (2)}
vanessae2019.jpg,201161,e23c8a6e,\Gallery 55\01 - Vanessa (2)\,{Shemale Yum Dvd03~G55~01-2~01 - Vanessa (2)}
vanessae2020.jpg,183689,414efbc4,\Gallery 55\01 - Vanessa (2)\,{Shemale Yum Dvd03~G55~01-2~01 - Vanessa (2)}
vanessae2021.jpg,176826,2715e1fa,\Gallery 55\01 - Vanessa (2)\,{Shemale Yum Dvd03~G55~01-2~01 - Vanessa (2)}
vanessae2022.jpg,186915,dcd39b22,\Gallery 55\01 - Vanessa (2)\,{Shemale Yum Dvd03~G55~01-2~01 - Vanessa (2)}
vanessae2023.jpg,188553,2e006ba9,\Gallery 55\01 - Vanessa (2)\,{Shemale Yum Dvd03~G55~01-2~01 - Vanessa (2)}
vanessae2024.jpg,199174,fbc67abc,\Gallery 55\01 - Vanessa (2)\,{Shemale Yum Dvd03~G55~01-2~01 - Vanessa (2)}
vanessae2025.jpg,203654,f5c015a9,\Gallery 55\01 - Vanessa (2)\,{Shemale Yum Dvd03~G55~01-2~01 - Vanessa (2)}
vanessae2026.jpg,178738,5dbb4a91,\Gallery 55\01 - Vanessa (2)\,{Shemale Yum Dvd03~G55~01-2~01 - Vanessa (2)}
vanessae2027.jpg,174558,65ed7fad,\Gallery 55\01 - Vanessa (2)\,{Shemale Yum Dvd03~G55~01-2~01 - Vanessa (2)}
vanessae2028.jpg,186526,66d85a55,\Gallery 55\01 - Vanessa (2)\,{Shemale Yum Dvd03~G55~01-2~01 - Vanessa (2)}
vanessae2029.jpg,181888,3763af24,\Gallery 55\01 - Vanessa (2)\,{Shemale Yum Dvd03~G55~01-2~01 - Vanessa (2)}
vanessae2030.jpg,207624,48e41fda,\Gallery 55\01 - Vanessa (2)\,{Shemale Yum Dvd03~G55~01-2~01 - Vanessa (2)}
vanessae2031.jpg,189813,dc5d95a3,\Gallery 55\01 - Vanessa (2)\,{Shemale Yum Dvd03~G55~01-2~01 - Vanessa (2)}
vanessae2032.jpg,180536,1722e06c,\Gallery 55\01 - Vanessa (2)\,{Shemale Yum Dvd03~G55~01-2~01 - Vanessa (2)}
vanessae2033.jpg,203186,353d1081,\Gallery 55\01 - Vanessa (2)\,{Shemale Yum Dvd03~G55~01-2~01 - Vanessa (2)}
vanessae2034.jpg,150092,54fb1b83,\Gallery 55\01 - Vanessa (2)\,{Shemale Yum Dvd03~G55~01-2~01 - Vanessa (2)}
vanessae2035.jpg,197016,c9ad22c5,\Gallery 55\01 - Vanessa (2)\,{Shemale Yum Dvd03~G55~01-2~01 - Vanessa (2)}
vanessae2036.jpg,197380,60c0d885,\Gallery 55\01 - Vanessa (2)\,{Shemale Yum Dvd03~G55~01-2~01 - Vanessa (2)}
vanessae2037.jpg,162661,fd6f1532,\Gallery 55\01 - Vanessa (2)\,{Shemale Yum Dvd03~G55~01-2~01 - Vanessa (2)}
vanessae2038.jpg,176043,ffb49f83,\Gallery 55\01 - Vanessa (2)\,{Shemale Yum Dvd03~G55~01-2~01 - Vanessa (2)}
vanessae2039.jpg,189193,0939035c,\Gallery 55\01 - Vanessa (2)\,{Shemale Yum Dvd03~G55~01-2~01 - Vanessa (2)}
vanessae2040.jpg,186941,4067529c,\Gallery 55\01 - Vanessa (2)\,{Shemale Yum Dvd03~G55~01-2~01 - Vanessa (2)}
vanessae2041.jpg,189292,5d20a03e,\Gallery 55\01 - Vanessa (2)\,{Shemale Yum Dvd03~G55~01-2~01 - Vanessa (2)}
vanessae2042.jpg,196513,0a11ac8a,\Gallery 55\01 - Vanessa (2)\,{Shemale Yum Dvd03~G55~01-2~01 - Vanessa (2)}
vanessae2043.jpg,180823,bf7b030a,\Gallery 55\01 - Vanessa (2)\,{Shemale Yum Dvd03~G55~01-2~01 - Vanessa (2)}
vanessae2044.jpg,210925,1b9e43f7,\Gallery 55\01 - Vanessa (2)\,{Shemale Yum Dvd03~G55~01-2~01 - Vanessa (2)}
vanessae2045.jpg,201828,0762dcc2,\Gallery 55\01 - Vanessa (2)\,{Shemale Yum Dvd03~G55~01-2~01 - Vanessa (2)}
vanessae2046.jpg,171714,b998a664,\Gallery 55\01 - Vanessa (2)\,{Shemale Yum Dvd03~G55~01-2~01 - Vanessa (2)}
vanessae2047.jpg,195448,ead8bf4b,\Gallery 55\01 - Vanessa (2)\,{Shemale Yum Dvd03~G55~01-2~01 - Vanessa (2)}
vanessae2048.jpg,190417,a7591e16,\Gallery 55\01 - Vanessa (2)\,{Shemale Yum Dvd03~G55~01-2~01 - Vanessa (2)}
vanessae2049.jpg,151123,35dc0ffd,\Gallery 55\01 - Vanessa (2)\,{Shemale Yum Dvd03~G55~01-2~01 - Vanessa (2)}
vanessae2050.jpg,184150,c368f346,\Gallery 55\01 - Vanessa (2)\,{Shemale Yum Dvd03~G55~01-2~01 - Vanessa (2)}
vanessae2051.jpg,210814,b4fc11e8,\Gallery 55\01 - Vanessa (2)\,{Shemale Yum Dvd03~G55~01-2~01 - Vanessa (2)}
vanessae2052.jpg,211353,1b91346b,\Gallery 55\01 - Vanessa (2)\,{Shemale Yum Dvd03~G55~01-2~01 - Vanessa (2)}
vanessae2053.jpg,181187,cb972aa1,\Gallery 55\01 - Vanessa (2)\,{Shemale Yum Dvd03~G55~01-2~01 - Vanessa (2)}
vanessae2054.jpg,212688,b6baed41,\Gallery 55\01 - Vanessa (2)\,{Shemale Yum Dvd03~G55~01-2~01 - Vanessa (2)}
vanessae2055.jpg,189996,4f66c74c,\Gallery 55\01 - Vanessa (2)\,{Shemale Yum Dvd03~G55~01-2~01 - Vanessa (2)}
vanessae2056.jpg,184446,c1eb5cfd,\Gallery 55\01 - Vanessa (2)\,{Shemale Yum Dvd03~G55~01-2~01 - Vanessa (2)}
vanessae2057.jpg,203116,238f985c,\Gallery 55\01 - Vanessa (2)\,{Shemale Yum Dvd03~G55~01-2~01 - Vanessa (2)}
vanessae2058.jpg,207023,377a4b9c,\Gallery 55\01 - Vanessa (2)\,{Shemale Yum Dvd03~G55~01-2~01 - Vanessa (2)}
vanessae2059.jpg,192800,e68a47af,\Gallery 55\01 - Vanessa (2)\,{Shemale Yum Dvd03~G55~01-2~01 - Vanessa (2)}
vanessae2060.jpg,168219,72579313,\Gallery 55\01 - Vanessa (2)\,{Shemale Yum Dvd03~G55~01-2~01 - Vanessa (2)}
vanessae2061.jpg,182146,c3f760d5,\Gallery 55\01 - Vanessa (2)\,{Shemale Yum Dvd03~G55~01-2~01 - Vanessa (2)}
vanessae2062.jpg,169240,64de1b94,\Gallery 55\01 - Vanessa (2)\,{Shemale Yum Dvd03~G55~01-2~01 - Vanessa (2)}
vanessae2063.jpg,171318,5e60a273,\Gallery 55\01 - Vanessa (2)\,{Shemale Yum Dvd03~G55~01-2~01 - Vanessa (2)}
vanessae2064.jpg,184693,613d9e10,\Gallery 55\01 - Vanessa (2)\,{Shemale Yum Dvd03~G55~01-2~01 - Vanessa (2)}
vanessae2065.jpg,181513,360e37ae,\Gallery 55\01 - Vanessa (2)\,{Shemale Yum Dvd03~G55~01-2~01 - Vanessa (2)}
vanessae2066.jpg,174566,adb5c177,\Gallery 55\01 - Vanessa (2)\,{Shemale Yum Dvd03~G55~01-2~01 - Vanessa (2)}
vanessae2067.jpg,181319,884ab7d1,\Gallery 55\01 - Vanessa (2)\,{Shemale Yum Dvd03~G55~01-2~01 - Vanessa (2)}
vanessae2068.jpg,185131,1b3a6610,\Gallery 55\01 - Vanessa (2)\,{Shemale Yum Dvd03~G55~01-2~01 - Vanessa (2)}
vanessae2069.jpg,186546,28557c0b,\Gallery 55\01 - Vanessa (2)\,{Shemale Yum Dvd03~G55~01-2~01 - Vanessa (2)}
vanessae2070.jpg,187910,d965370d,\Gallery 55\01 - Vanessa (2)\,{Shemale Yum Dvd03~G55~01-2~01 - Vanessa (2)}
vanessae2071.jpg,194324,828b0ba6,\Gallery 55\01 - Vanessa (2)\,{Shemale Yum Dvd03~G55~01-2~01 - Vanessa (2)}
vanessae2072.jpg,202345,e6502ea0,\Gallery 55\01 - Vanessa (2)\,{Shemale Yum Dvd03~G55~01-2~01 - Vanessa (2)}
vanessae2073.jpg,188805,3433c5b2,\Gallery 55\01 - Vanessa (2)\,{Shemale Yum Dvd03~G55~01-2~01 - Vanessa (2)}
vanessae2074.jpg,199678,db70509e,\Gallery 55\01 - Vanessa (2)\,{Shemale Yum Dvd03~G55~01-2~01 - Vanessa (2)}
vanessae2075.jpg,187533,c8c56169,\Gallery 55\01 - Vanessa (2)\,{Shemale Yum Dvd03~G55~01-2~01 - Vanessa (2)}
vanessae2076.jpg,171124,602d55e8,\Gallery 55\01 - Vanessa (2)\,{Shemale Yum Dvd03~G55~01-2~01 - Vanessa (2)}
vanessae2077.jpg,167949,f4cdf4c0,\Gallery 55\01 - Vanessa (2)\,{Shemale Yum Dvd03~G55~01-2~01 - Vanessa (2)}
vanessae2078.jpg,204484,5b76240f,\Gallery 55\01 - Vanessa (2)\,{Shemale Yum Dvd03~G55~01-2~01 - Vanessa (2)}
vanessae2079.jpg,208486,4c507a9f,\Gallery 55\01 - Vanessa (2)\,{Shemale Yum Dvd03~G55~01-2~01 - Vanessa (2)}
vanessae2080.jpg,182081,070e7b4c,\Gallery 55\01 - Vanessa (2)\,{Shemale Yum Dvd03~G55~01-2~01 - Vanessa (2)}
vanessae2081.jpg,181373,6df9c3af,\Gallery 55\01 - Vanessa (2)\,{Shemale Yum Dvd03~G55~01-2~01 - Vanessa (2)}
vanessae2082.jpg,190014,edbb4539,\Gallery 55\01 - Vanessa (2)\,{Shemale Yum Dvd03~G55~01-2~01 - Vanessa (2)}
vanessae3001.jpg,172016,60e6ae97,\Gallery 55\01 - Vanessa (3)\,{Shemale Yum Dvd03~G55~01-3~01 - Vanessa (3)}
vanessae3002.jpg,169473,4aa47a32,\Gallery 55\01 - Vanessa (3)\,{Shemale Yum Dvd03~G55~01-3~01 - Vanessa (3)}
vanessae3003.jpg,202114,2c3ea4df,\Gallery 55\01 - Vanessa (3)\,{Shemale Yum Dvd03~G55~01-3~01 - Vanessa (3)}
vanessae3004.jpg,152266,7eb60a2e,\Gallery 55\01 - Vanessa (3)\,{Shemale Yum Dvd03~G55~01-3~01 - Vanessa (3)}
vanessae3005.jpg,191075,9aa2df4d,\Gallery 55\01 - Vanessa (3)\,{Shemale Yum Dvd03~G55~01-3~01 - Vanessa (3)}
vanessae3006.jpg,173540,9658f8d3,\Gallery 55\01 - Vanessa (3)\,{Shemale Yum Dvd03~G55~01-3~01 - Vanessa (3)}
vanessae3007.jpg,154745,773a6c05,\Gallery 55\01 - Vanessa (3)\,{Shemale Yum Dvd03~G55~01-3~01 - Vanessa (3)}
vanessae3008.jpg,211993,69a8007c,\Gallery 55\01 - Vanessa (3)\,{Shemale Yum Dvd03~G55~01-3~01 - Vanessa (3)}
vanessae3009.jpg,211091,6e645a16,\Gallery 55\01 - Vanessa (3)\,{Shemale Yum Dvd03~G55~01-3~01 - Vanessa (3)}
vanessae3010.jpg,163307,0e8353ff,\Gallery 55\01 - Vanessa (3)\,{Shemale Yum Dvd03~G55~01-3~01 - Vanessa (3)}
vanessae3011.jpg,210864,0e530678,\Gallery 55\01 - Vanessa (3)\,{Shemale Yum Dvd03~G55~01-3~01 - Vanessa (3)}
vanessae3012.jpg,160845,298c9e21,\Gallery 55\01 - Vanessa (3)\,{Shemale Yum Dvd03~G55~01-3~01 - Vanessa (3)}
vanessae3013.jpg,202383,2657d7ab,\Gallery 55\01 - Vanessa (3)\,{Shemale Yum Dvd03~G55~01-3~01 - Vanessa (3)}
vanessae3014.jpg,199223,89d96d4a,\Gallery 55\01 - Vanessa (3)\,{Shemale Yum Dvd03~G55~01-3~01 - Vanessa (3)}
vanessae3015.jpg,186932,47879245,\Gallery 55\01 - Vanessa (3)\,{Shemale Yum Dvd03~G55~01-3~01 - Vanessa (3)}
vanessae3016.jpg,198841,2f32d4f4,\Gallery 55\01 - Vanessa (3)\,{Shemale Yum Dvd03~G55~01-3~01 - Vanessa (3)}
vanessae3017.jpg,183109,1339c341,\Gallery 55\01 - Vanessa (3)\,{Shemale Yum Dvd03~G55~01-3~01 - Vanessa (3)}
vanessae3018.jpg,177404,1cbc85a6,\Gallery 55\01 - Vanessa (3)\,{Shemale Yum Dvd03~G55~01-3~01 - Vanessa (3)}
vanessae3019.jpg,185511,c98e35dc,\Gallery 55\01 - Vanessa (3)\,{Shemale Yum Dvd03~G55~01-3~01 - Vanessa (3)}
vanessae3020.jpg,185254,93fa7be6,\Gallery 55\01 - Vanessa (3)\,{Shemale Yum Dvd03~G55~01-3~01 - Vanessa (3)}
vanessae3021.jpg,167506,dc49c364,\Gallery 55\01 - Vanessa (3)\,{Shemale Yum Dvd03~G55~01-3~01 - Vanessa (3)}
vanessae3022.jpg,172890,e9cbe2c6,\Gallery 55\01 - Vanessa (3)\,{Shemale Yum Dvd03~G55~01-3~01 - Vanessa (3)}
vanessae3023.jpg,171123,1bc42b9a,\Gallery 55\01 - Vanessa (3)\,{Shemale Yum Dvd03~G55~01-3~01 - Vanessa (3)}
vanessae3024.jpg,173336,e124b6df,\Gallery 55\01 - Vanessa (3)\,{Shemale Yum Dvd03~G55~01-3~01 - Vanessa (3)}
vanessae3025.jpg,174308,9af0235f,\Gallery 55\01 - Vanessa (3)\,{Shemale Yum Dvd03~G55~01-3~01 - Vanessa (3)}
vanessae3026.jpg,164536,9869b15a,\Gallery 55\01 - Vanessa (3)\,{Shemale Yum Dvd03~G55~01-3~01 - Vanessa (3)}
vanessae3027.jpg,175453,8945eb92,\Gallery 55\01 - Vanessa (3)\,{Shemale Yum Dvd03~G55~01-3~01 - Vanessa (3)}
vanessae3028.jpg,185262,8ffc092c,\Gallery 55\01 - Vanessa (3)\,{Shemale Yum Dvd03~G55~01-3~01 - Vanessa (3)}
vanessae3029.jpg,177090,ebbae59b,\Gallery 55\01 - Vanessa (3)\,{Shemale Yum Dvd03~G55~01-3~01 - Vanessa (3)}
vanessae3030.jpg,175686,321b70d8,\Gallery 55\01 - Vanessa (3)\,{Shemale Yum Dvd03~G55~01-3~01 - Vanessa (3)}
vanessae3031.jpg,203020,6de22bdc,\Gallery 55\01 - Vanessa (3)\,{Shemale Yum Dvd03~G55~01-3~01 - Vanessa (3)}
vanessae3032.jpg,203703,cf440bc2,\Gallery 55\01 - Vanessa (3)\,{Shemale Yum Dvd03~G55~01-3~01 - Vanessa (3)}
vanessae3033.jpg,160503,ae02a289,\Gallery 55\01 - Vanessa (3)\,{Shemale Yum Dvd03~G55~01-3~01 - Vanessa (3)}
vanessae3034.jpg,155004,c4beeb76,\Gallery 55\01 - Vanessa (3)\,{Shemale Yum Dvd03~G55~01-3~01 - Vanessa (3)}
vanessae3035.jpg,176902,652dd8cf,\Gallery 55\01 - Vanessa (3)\,{Shemale Yum Dvd03~G55~01-3~01 - Vanessa (3)}
vanessae3036.jpg,199967,c626e54d,\Gallery 55\01 - Vanessa (3)\,{Shemale Yum Dvd03~G55~01-3~01 - Vanessa (3)}
vanessae3037.jpg,197576,b5b1d7e5,\Gallery 55\01 - Vanessa (3)\,{Shemale Yum Dvd03~G55~01-3~01 - Vanessa (3)}
vanessae3038.jpg,196276,ce7339f1,\Gallery 55\01 - Vanessa (3)\,{Shemale Yum Dvd03~G55~01-3~01 - Vanessa (3)}
vanessae3039.jpg,166057,84dc8fcb,\Gallery 55\01 - Vanessa (3)\,{Shemale Yum Dvd03~G55~01-3~01 - Vanessa (3)}
vanessae3040.jpg,200658,c0916b1b,\Gallery 55\01 - Vanessa (3)\,{Shemale Yum Dvd03~G55~01-3~01 - Vanessa (3)}
vanessae3041.jpg,205117,8fec84c1,\Gallery 55\01 - Vanessa (3)\,{Shemale Yum Dvd03~G55~01-3~01 - Vanessa (3)}
vanessae3042.jpg,159885,05303fdf,\Gallery 55\01 - Vanessa (3)\,{Shemale Yum Dvd03~G55~01-3~01 - Vanessa (3)}
vanessae3043.jpg,160723,0891a476,\Gallery 55\01 - Vanessa (3)\,{Shemale Yum Dvd03~G55~01-3~01 - Vanessa (3)}
vanessae3044.jpg,202013,dc2e10bc,\Gallery 55\01 - Vanessa (3)\,{Shemale Yum Dvd03~G55~01-3~01 - Vanessa (3)}
vanessae3045.jpg,164230,12445b75,\Gallery 55\01 - Vanessa (3)\,{Shemale Yum Dvd03~G55~01-3~01 - Vanessa (3)}
vanessae3046.jpg,165159,3d69d331,\Gallery 55\01 - Vanessa (3)\,{Shemale Yum Dvd03~G55~01-3~01 - Vanessa (3)}
vanessae3047.jpg,179058,9fa109f3,\Gallery 55\01 - Vanessa (3)\,{Shemale Yum Dvd03~G55~01-3~01 - Vanessa (3)}
vanessae3048.jpg,188434,8cb11428,\Gallery 55\01 - Vanessa (3)\,{Shemale Yum Dvd03~G55~01-3~01 - Vanessa (3)}
vanessae3049.jpg,161900,b9935680,\Gallery 55\01 - Vanessa (3)\,{Shemale Yum Dvd03~G55~01-3~01 - Vanessa (3)}
vanessae3050.jpg,165286,e2b67def,\Gallery 55\01 - Vanessa (3)\,{Shemale Yum Dvd03~G55~01-3~01 - Vanessa (3)}
vanessae3051.jpg,196215,59265051,\Gallery 55\01 - Vanessa (3)\,{Shemale Yum Dvd03~G55~01-3~01 - Vanessa (3)}
vanessae3052.jpg,170043,7466fd35,\Gallery 55\01 - Vanessa (3)\,{Shemale Yum Dvd03~G55~01-3~01 - Vanessa (3)}
vanessae3053.jpg,163744,05476aaa,\Gallery 55\01 - Vanessa (3)\,{Shemale Yum Dvd03~G55~01-3~01 - Vanessa (3)}
vanessae3054.jpg,173630,c6db9cc0,\Gallery 55\01 - Vanessa (3)\,{Shemale Yum Dvd03~G55~01-3~01 - Vanessa (3)}
vanessae3055.jpg,198525,43c23faf,\Gallery 55\01 - Vanessa (3)\,{Shemale Yum Dvd03~G55~01-3~01 - Vanessa (3)}
vanessae3056.jpg,201123,85f807b8,\Gallery 55\01 - Vanessa (3)\,{Shemale Yum Dvd03~G55~01-3~01 - Vanessa (3)}
vanessae3057.jpg,182253,6284c51f,\Gallery 55\01 - Vanessa (3)\,{Shemale Yum Dvd03~G55~01-3~01 - Vanessa (3)}
vanessae3058.jpg,174193,2da42a0e,\Gallery 55\01 - Vanessa (3)\,{Shemale Yum Dvd03~G55~01-3~01 - Vanessa (3)}
vanessae3059.jpg,180207,1a6b87ac,\Gallery 55\01 - Vanessa (3)\,{Shemale Yum Dvd03~G55~01-3~01 - Vanessa (3)}
vanessae3060.jpg,153790,3281d85c,\Gallery 55\01 - Vanessa (3)\,{Shemale Yum Dvd03~G55~01-3~01 - Vanessa (3)}
vanessae3061.jpg,185523,b8100a65,\Gallery 55\01 - Vanessa (3)\,{Shemale Yum Dvd03~G55~01-3~01 - Vanessa (3)}
vanessae3062.jpg,197327,53f8c592,\Gallery 55\01 - Vanessa (3)\,{Shemale Yum Dvd03~G55~01-3~01 - Vanessa (3)}
vanessae3063.jpg,201750,b7cba941,\Gallery 55\01 - Vanessa (3)\,{Shemale Yum Dvd03~G55~01-3~01 - Vanessa (3)}
vanessae3064.jpg,198942,b3efe8ba,\Gallery 55\01 - Vanessa (3)\,{Shemale Yum Dvd03~G55~01-3~01 - Vanessa (3)}
vanessae3065.jpg,194355,7c9fa888,\Gallery 55\01 - Vanessa (3)\,{Shemale Yum Dvd03~G55~01-3~01 - Vanessa (3)}
vanessae3066.jpg,197597,78ed6c23,\Gallery 55\01 - Vanessa (3)\,{Shemale Yum Dvd03~G55~01-3~01 - Vanessa (3)}
vanessae3067.jpg,140501,04d01376,\Gallery 55\01 - Vanessa (3)\,{Shemale Yum Dvd03~G55~01-3~01 - Vanessa (3)}
vanessae3068.jpg,162478,071cdec7,\Gallery 55\01 - Vanessa (3)\,{Shemale Yum Dvd03~G55~01-3~01 - Vanessa (3)}
vanessae3069.jpg,171733,cb99c320,\Gallery 55\01 - Vanessa (3)\,{Shemale Yum Dvd03~G55~01-3~01 - Vanessa (3)}
vanessae3070.jpg,166778,af62fe45,\Gallery 55\01 - Vanessa (3)\,{Shemale Yum Dvd03~G55~01-3~01 - Vanessa (3)}
vanessae3071.jpg,165551,bd43bade,\Gallery 55\01 - Vanessa (3)\,{Shemale Yum Dvd03~G55~01-3~01 - Vanessa (3)}
vanessae3072.jpg,163878,75e4ca1f,\Gallery 55\01 - Vanessa (3)\,{Shemale Yum Dvd03~G55~01-3~01 - Vanessa (3)}
vanessae3073.jpg,176818,59e94b59,\Gallery 55\01 - Vanessa (3)\,{Shemale Yum Dvd03~G55~01-3~01 - Vanessa (3)}
vanessae3074.jpg,170441,0d70ed47,\Gallery 55\01 - Vanessa (3)\,{Shemale Yum Dvd03~G55~01-3~01 - Vanessa (3)}
vanessae3075.jpg,172642,62b39e9d,\Gallery 55\01 - Vanessa (3)\,{Shemale Yum Dvd03~G55~01-3~01 - Vanessa (3)}
vanessae3076.jpg,155530,deddedc0,\Gallery 55\01 - Vanessa (3)\,{Shemale Yum Dvd03~G55~01-3~01 - Vanessa (3)}
vanessae3077.jpg,171160,8a2635fd,\Gallery 55\01 - Vanessa (3)\,{Shemale Yum Dvd03~G55~01-3~01 - Vanessa (3)}
julia001.jpg,94429,fb055c00,\Gallery 55\02 - Julia\,{Shemale Yum Dvd03~G55~02~02 - Julia}
julia002.jpg,126660,275c0a05,\Gallery 55\02 - Julia\,{Shemale Yum Dvd03~G55~02~02 - Julia}
julia003.jpg,110729,12956e37,\Gallery 55\02 - Julia\,{Shemale Yum Dvd03~G55~02~02 - Julia}
julia004.jpg,105520,a8da8bf8,\Gallery 55\02 - Julia\,{Shemale Yum Dvd03~G55~02~02 - Julia}
julia005.jpg,116432,158ce51c,\Gallery 55\02 - Julia\,{Shemale Yum Dvd03~G55~02~02 - Julia}
julia006.jpg,111388,70fd3643,\Gallery 55\02 - Julia\,{Shemale Yum Dvd03~G55~02~02 - Julia}
julia007.jpg,113594,b8ca0421,\Gallery 55\02 - Julia\,{Shemale Yum Dvd03~G55~02~02 - Julia}
julia008.jpg,113622,915bba93,\Gallery 55\02 - Julia\,{Shemale Yum Dvd03~G55~02~02 - Julia}
julia009.jpg,93393,390c9341,\Gallery 55\02 - Julia\,{Shemale Yum Dvd03~G55~02~02 - Julia}
julia010.jpg,92117,2bb58b82,\Gallery 55\02 - Julia\,{Shemale Yum Dvd03~G55~02~02 - Julia}
julia011.jpg,83419,95aea296,\Gallery 55\02 - Julia\,{Shemale Yum Dvd03~G55~02~02 - Julia}
julia012.jpg,90477,f1e2a997,\Gallery 55\02 - Julia\,{Shemale Yum Dvd03~G55~02~02 - Julia}
julia013.jpg,90761,97c523ba,\Gallery 55\02 - Julia\,{Shemale Yum Dvd03~G55~02~02 - Julia}
julia014.jpg,89917,526fddd1,\Gallery 55\02 - Julia\,{Shemale Yum Dvd03~G55~02~02 - Julia}
julia015.jpg,92729,347e5aa1,\Gallery 55\02 - Julia\,{Shemale Yum Dvd03~G55~02~02 - Julia}
julia016.jpg,99440,5e4dfad2,\Gallery 55\02 - Julia\,{Shemale Yum Dvd03~G55~02~02 - Julia}
julia017.jpg,89425,51e70cb2,\Gallery 55\02 - Julia\,{Shemale Yum Dvd03~G55~02~02 - Julia}
julia018.jpg,98994,b486f997,\Gallery 55\02 - Julia\,{Shemale Yum Dvd03~G55~02~02 - Julia}
julia019.jpg,89849,518ef2cf,\Gallery 55\02 - Julia\,{Shemale Yum Dvd03~G55~02~02 - Julia}
julia020.jpg,110776,3ed28f92,\Gallery 55\02 - Julia\,{Shemale Yum Dvd03~G55~02~02 - Julia}
julia021.jpg,98991,977743b9,\Gallery 55\02 - Julia\,{Shemale Yum Dvd03~G55~02~02 - Julia}
julia022.jpg,83393,6421e3c0,\Gallery 55\02 - Julia\,{Shemale Yum Dvd03~G55~02~02 - Julia}
julia023.jpg,86141,5be86aa4,\Gallery 55\02 - Julia\,{Shemale Yum Dvd03~G55~02~02 - Julia}
julia024.jpg,93584,2bcdc461,\Gallery 55\02 - Julia\,{Shemale Yum Dvd03~G55~02~02 - Julia}
julia025.jpg,113824,021673ab,\Gallery 55\02 - Julia\,{Shemale Yum Dvd03~G55~02~02 - Julia}
julia026.jpg,93658,52b4f0f0,\Gallery 55\02 - Julia\,{Shemale Yum Dvd03~G55~02~02 - Julia}
julia027.jpg,107900,07d2ba5f,\Gallery 55\02 - Julia\,{Shemale Yum Dvd03~G55~02~02 - Julia}
julia028.jpg,112320,5aac7e14,\Gallery 55\02 - Julia\,{Shemale Yum Dvd03~G55~02~02 - Julia}
julia029.jpg,100479,de80ff66,\Gallery 55\02 - Julia\,{Shemale Yum Dvd03~G55~02~02 - Julia}
julia030.jpg,99614,a35da504,\Gallery 55\02 - Julia\,{Shemale Yum Dvd03~G55~02~02 - Julia}
julia031.jpg,101257,313999e0,\Gallery 55\02 - Julia\,{Shemale Yum Dvd03~G55~02~02 - Julia}
valeria001.jpg,116724,97d0450f,\Gallery 55\03 - Valeria\,{Shemale Yum Dvd03~G55~03~03 - Valeria}
valeria002.jpg,133325,2a596310,\Gallery 55\03 - Valeria\,{Shemale Yum Dvd03~G55~03~03 - Valeria}
valeria003.jpg,131491,458b4b4e,\Gallery 55\03 - Valeria\,{Shemale Yum Dvd03~G55~03~03 - Valeria}
valeria004.jpg,131616,f6f38bba,\Gallery 55\03 - Valeria\,{Shemale Yum Dvd03~G55~03~03 - Valeria}
valeria005.jpg,134553,e7ef4fbd,\Gallery 55\03 - Valeria\,{Shemale Yum Dvd03~G55~03~03 - Valeria}
valeria006.jpg,124999,aaaa0a89,\Gallery 55\03 - Valeria\,{Shemale Yum Dvd03~G55~03~03 - Valeria}
valeria007.jpg,110471,80f604bb,\Gallery 55\03 - Valeria\,{Shemale Yum Dvd03~G55~03~03 - Valeria}
valeria008.jpg,121441,2569baf8,\Gallery 55\03 - Valeria\,{Shemale Yum Dvd03~G55~03~03 - Valeria}
valeria009.jpg,128486,92f5d386,\Gallery 55\03 - Valeria\,{Shemale Yum Dvd03~G55~03~03 - Valeria}
valeria010.jpg,131052,e77fe4ac,\Gallery 55\03 - Valeria\,{Shemale Yum Dvd03~G55~03~03 - Valeria}
valeria011.jpg,136391,5b1952b7,\Gallery 55\03 - Valeria\,{Shemale Yum Dvd03~G55~03~03 - Valeria}
valeria012.jpg,132307,ef510927,\Gallery 55\03 - Valeria\,{Shemale Yum Dvd03~G55~03~03 - Valeria}
valeria013.jpg,115367,4d19993f,\Gallery 55\03 - Valeria\,{Shemale Yum Dvd03~G55~03~03 - Valeria}
valeria014.jpg,129056,82bb258f,\Gallery 55\03 - Valeria\,{Shemale Yum Dvd03~G55~03~03 - Valeria}
valeria015.jpg,116661,b19bed2f,\Gallery 55\03 - Valeria\,{Shemale Yum Dvd03~G55~03~03 - Valeria}
valeria016.jpg,115830,ff858b0c,\Gallery 55\03 - Valeria\,{Shemale Yum Dvd03~G55~03~03 - Valeria}
valeria017.jpg,127466,b3d91fa2,\Gallery 55\03 - Valeria\,{Shemale Yum Dvd03~G55~03~03 - Valeria}
valeria018.jpg,130586,bbbec373,\Gallery 55\03 - Valeria\,{Shemale Yum Dvd03~G55~03~03 - Valeria}
valeria019.jpg,113219,c2230517,\Gallery 55\03 - Valeria\,{Shemale Yum Dvd03~G55~03~03 - Valeria}
valeria020.jpg,132301,35b2e131,\Gallery 55\03 - Valeria\,{Shemale Yum Dvd03~G55~03~03 - Valeria}
valeria021.jpg,108015,af7f831e,\Gallery 55\03 - Valeria\,{Shemale Yum Dvd03~G55~03~03 - Valeria}
valeria022.jpg,99160,f2671c08,\Gallery 55\03 - Valeria\,{Shemale Yum Dvd03~G55~03~03 - Valeria}
valeria023.jpg,97286,7a75e19e,\Gallery 55\03 - Valeria\,{Shemale Yum Dvd03~G55~03~03 - Valeria}
valeria024.jpg,114888,a3fb20aa,\Gallery 55\03 - Valeria\,{Shemale Yum Dvd03~G55~03~03 - Valeria}
valeria025.jpg,96612,4be80fed,\Gallery 55\03 - Valeria\,{Shemale Yum Dvd03~G55~03~03 - Valeria}
valeria026.jpg,90275,1273c1a7,\Gallery 55\03 - Valeria\,{Shemale Yum Dvd03~G55~03~03 - Valeria}
valeria027.jpg,86077,2ccc76f9,\Gallery 55\03 - Valeria\,{Shemale Yum Dvd03~G55~03~03 - Valeria}
valeria028.jpg,92119,6dab1cca,\Gallery 55\03 - Valeria\,{Shemale Yum Dvd03~G55~03~03 - Valeria}
valeria029.jpg,92130,cf5c73d3,\Gallery 55\03 - Valeria\,{Shemale Yum Dvd03~G55~03~03 - Valeria}
valeria030.jpg,101838,fa142ead,\Gallery 55\03 - Valeria\,{Shemale Yum Dvd03~G55~03~03 - Valeria}
valeria031.jpg,104068,e26c5543,\Gallery 55\03 - Valeria\,{Shemale Yum Dvd03~G55~03~03 - Valeria}
valeria032.jpg,89021,e54c360b,\Gallery 55\03 - Valeria\,{Shemale Yum Dvd03~G55~03~03 - Valeria}
valeria033.jpg,90484,6d5137d3,\Gallery 55\03 - Valeria\,{Shemale Yum Dvd03~G55~03~03 - Valeria}
valeria034.jpg,94275,3fbbb210,\Gallery 55\03 - Valeria\,{Shemale Yum Dvd03~G55~03~03 - Valeria}
valeria035.jpg,93986,31cf89b7,\Gallery 55\03 - Valeria\,{Shemale Yum Dvd03~G55~03~03 - Valeria}
valeria036.jpg,89931,0937a1ac,\Gallery 55\03 - Valeria\,{Shemale Yum Dvd03~G55~03~03 - Valeria}
valeria037.jpg,99840,40c4214e,\Gallery 55\03 - Valeria\,{Shemale Yum Dvd03~G55~03~03 - Valeria}
valeria038.jpg,91934,3f309b9f,\Gallery 55\03 - Valeria\,{Shemale Yum Dvd03~G55~03~03 - Valeria}
valeria039.jpg,95666,99fa655d,\Gallery 55\03 - Valeria\,{Shemale Yum Dvd03~G55~03~03 - Valeria}
valeria040.jpg,112384,c816ce58,\Gallery 55\03 - Valeria\,{Shemale Yum Dvd03~G55~03~03 - Valeria}
valeria041.jpg,100053,874af21a,\Gallery 55\03 - Valeria\,{Shemale Yum Dvd03~G55~03~03 - Valeria}
valeria042.jpg,115168,a8fc5252,\Gallery 55\03 - Valeria\,{Shemale Yum Dvd03~G55~03~03 - Valeria}
valeria043.jpg,107741,358cd144,\Gallery 55\03 - Valeria\,{Shemale Yum Dvd03~G55~03~03 - Valeria}
valeria044.jpg,83616,4925c6d4,\Gallery 55\03 - Valeria\,{Shemale Yum Dvd03~G55~03~03 - Valeria}
valeria045.jpg,80260,d745a8a5,\Gallery 55\03 - Valeria\,{Shemale Yum Dvd03~G55~03~03 - Valeria}
valeria046.jpg,93914,7c91dc62,\Gallery 55\03 - Valeria\,{Shemale Yum Dvd03~G55~03~03 - Valeria}
amber001.jpg,179244,01df4cda,\Gallery 55\04 - Amber\,{Shemale Yum Dvd03~G55~04~04 - Amber}
amber002.jpg,156011,2af9b71b,\Gallery 55\04 - Amber\,{Shemale Yum Dvd03~G55~04~04 - Amber}
amber003.jpg,158015,2b9e9ca1,\Gallery 55\04 - Amber\,{Shemale Yum Dvd03~G55~04~04 - Amber}
amber004.jpg,167396,54cdd372,\Gallery 55\04 - Amber\,{Shemale Yum Dvd03~G55~04~04 - Amber}
amber005.jpg,166459,a10297ef,\Gallery 55\04 - Amber\,{Shemale Yum Dvd03~G55~04~04 - Amber}
amber006.jpg,161950,c365648a,\Gallery 55\04 - Amber\,{Shemale Yum Dvd03~G55~04~04 - Amber}
amber007.jpg,157612,0203cc9a,\Gallery 55\04 - Amber\,{Shemale Yum Dvd03~G55~04~04 - Amber}
amber008.jpg,141418,9fc8d3da,\Gallery 55\04 - Amber\,{Shemale Yum Dvd03~G55~04~04 - Amber}
amber009.jpg,143916,ce298278,\Gallery 55\04 - Amber\,{Shemale Yum Dvd03~G55~04~04 - Amber}
amber010.jpg,142446,f4e14cda,\Gallery 55\04 - Amber\,{Shemale Yum Dvd03~G55~04~04 - Amber}
amber011.jpg,130811,86274182,\Gallery 55\04 - Amber\,{Shemale Yum Dvd03~G55~04~04 - Amber}
amber012.jpg,156606,383ede23,\Gallery 55\04 - Amber\,{Shemale Yum Dvd03~G55~04~04 - Amber}
amber013.jpg,188275,a7f215a3,\Gallery 55\04 - Amber\,{Shemale Yum Dvd03~G55~04~04 - Amber}
amber014.jpg,147552,a4155640,\Gallery 55\04 - Amber\,{Shemale Yum Dvd03~G55~04~04 - Amber}
amber015.jpg,145214,8c27c020,\Gallery 55\04 - Amber\,{Shemale Yum Dvd03~G55~04~04 - Amber}
amber016.jpg,149641,e827ec31,\Gallery 55\04 - Amber\,{Shemale Yum Dvd03~G55~04~04 - Amber}
amber017.jpg,154983,0afd593b,\Gallery 55\04 - Amber\,{Shemale Yum Dvd03~G55~04~04 - Amber}
amber018.jpg,140095,7e945a74,\Gallery 55\04 - Amber\,{Shemale Yum Dvd03~G55~04~04 - Amber}
amber019.jpg,152145,ab4ce2f3,\Gallery 55\04 - Amber\,{Shemale Yum Dvd03~G55~04~04 - Amber}
amber020.jpg,129645,ca63aa1a,\Gallery 55\04 - Amber\,{Shemale Yum Dvd03~G55~04~04 - Amber}
amber021.jpg,124568,eb40e753,\Gallery 55\04 - Amber\,{Shemale Yum Dvd03~G55~04~04 - Amber}
amber022.jpg,150488,c8694548,\Gallery 55\04 - Amber\,{Shemale Yum Dvd03~G55~04~04 - Amber}
amber023.jpg,180222,19eeddab,\Gallery 55\04 - Amber\,{Shemale Yum Dvd03~G55~04~04 - Amber}
amber024.jpg,181665,f5f45dcd,\Gallery 55\04 - Amber\,{Shemale Yum Dvd03~G55~04~04 - Amber}
amber025.jpg,159372,514f95c0,\Gallery 55\04 - Amber\,{Shemale Yum Dvd03~G55~04~04 - Amber}
amber026.jpg,141317,5c2e86ee,\Gallery 55\04 - Amber\,{Shemale Yum Dvd03~G55~04~04 - Amber}
amber027.jpg,127083,04bdf914,\Gallery 55\04 - Amber\,{Shemale Yum Dvd03~G55~04~04 - Amber}
amber028.jpg,109265,0031610f,\Gallery 55\04 - Amber\,{Shemale Yum Dvd03~G55~04~04 - Amber}
amber029.jpg,111258,e8b2e71e,\Gallery 55\04 - Amber\,{Shemale Yum Dvd03~G55~04~04 - Amber}
amber030.jpg,108443,cdef2f1a,\Gallery 55\04 - Amber\,{Shemale Yum Dvd03~G55~04~04 - Amber}
amber031.jpg,114313,52b19e37,\Gallery 55\04 - Amber\,{Shemale Yum Dvd03~G55~04~04 - Amber}
amber032.jpg,107822,e4a99dfa,\Gallery 55\04 - Amber\,{Shemale Yum Dvd03~G55~04~04 - Amber}
amber033.jpg,113240,d9c8928e,\Gallery 55\04 - Amber\,{Shemale Yum Dvd03~G55~04~04 - Amber}
amber034.jpg,121008,12b6c11c,\Gallery 55\04 - Amber\,{Shemale Yum Dvd03~G55~04~04 - Amber}
amber035.jpg,117370,e6a413af,\Gallery 55\04 - Amber\,{Shemale Yum Dvd03~G55~04~04 - Amber}
amber036.jpg,111257,78df0acd,\Gallery 55\04 - Amber\,{Shemale Yum Dvd03~G55~04~04 - Amber}
amber037.jpg,98057,86b4d4f3,\Gallery 55\04 - Amber\,{Shemale Yum Dvd03~G55~04~04 - Amber}
amber038.jpg,116715,8f309db4,\Gallery 55\04 - Amber\,{Shemale Yum Dvd03~G55~04~04 - Amber}
amber039.jpg,109761,753a8a70,\Gallery 55\04 - Amber\,{Shemale Yum Dvd03~G55~04~04 - Amber}
amber040.jpg,116250,c57b755c,\Gallery 55\04 - Amber\,{Shemale Yum Dvd03~G55~04~04 - Amber}
amber041.jpg,117980,a1eb506a,\Gallery 55\04 - Amber\,{Shemale Yum Dvd03~G55~04~04 - Amber}
amber042.jpg,128722,bdd547cd,\Gallery 55\04 - Amber\,{Shemale Yum Dvd03~G55~04~04 - Amber}
amber043.jpg,116744,f9c4978a,\Gallery 55\04 - Amber\,{Shemale Yum Dvd03~G55~04~04 - Amber}
amber044.jpg,123493,c3dfd156,\Gallery 55\04 - Amber\,{Shemale Yum Dvd03~G55~04~04 - Amber}
amber045.jpg,132773,aeaa2494,\Gallery 55\04 - Amber\,{Shemale Yum Dvd03~G55~04~04 - Amber}
amber047.jpg,151789,83d9560a,\Gallery 55\04 - Amber\,{Shemale Yum Dvd03~G55~04~04 - Amber}
amber048.jpg,146786,b4707aa8,\Gallery 55\04 - Amber\,{Shemale Yum Dvd03~G55~04~04 - Amber}
amber049.jpg,145129,5bcfd8db,\Gallery 55\04 - Amber\,{Shemale Yum Dvd03~G55~04~04 - Amber}
amber050.jpg,139036,ccee5dc8,\Gallery 55\04 - Amber\,{Shemale Yum Dvd03~G55~04~04 - Amber}
amber051.jpg,143153,873bb45b,\Gallery 55\04 - Amber\,{Shemale Yum Dvd03~G55~04~04 - Amber}
amber052.jpg,142177,20790423,\Gallery 55\04 - Amber\,{Shemale Yum Dvd03~G55~04~04 - Amber}
amber053.jpg,147225,40ee57ff,\Gallery 55\04 - Amber\,{Shemale Yum Dvd03~G55~04~04 - Amber}
amber054.jpg,229969,caaf3cd1,\Gallery 55\04 - Amber\,{Shemale Yum Dvd03~G55~04~04 - Amber}
amber055.jpg,132767,5f1885af,\Gallery 55\04 - Amber\,{Shemale Yum Dvd03~G55~04~04 - Amber}
amber056.jpg,147146,3a76891a,\Gallery 55\04 - Amber\,{Shemale Yum Dvd03~G55~04~04 - Amber}
amber057.jpg,150349,29a559ad,\Gallery 55\04 - Amber\,{Shemale Yum Dvd03~G55~04~04 - Amber}
amber058.jpg,131101,89b42b13,\Gallery 55\04 - Amber\,{Shemale Yum Dvd03~G55~04~04 - Amber}
amber059.jpg,148663,c049f3aa,\Gallery 55\04 - Amber\,{Shemale Yum Dvd03~G55~04~04 - Amber}
amber060.jpg,167405,9949e85d,\Gallery 55\04 - Amber\,{Shemale Yum Dvd03~G55~04~04 - Amber}
amber061.jpg,155745,e1a974cb,\Gallery 55\04 - Amber\,{Shemale Yum Dvd03~G55~04~04 - Amber}
amber062.jpg,165757,dee8dba2,\Gallery 55\04 - Amber\,{Shemale Yum Dvd03~G55~04~04 - Amber}
amber063.jpg,193469,131ef666,\Gallery 55\04 - Amber\,{Shemale Yum Dvd03~G55~04~04 - Amber}
amber065.jpg,137662,bfb0a743,\Gallery 55\04 - Amber\,{Shemale Yum Dvd03~G55~04~04 - Amber}
amber066.jpg,150587,f0671fc6,\Gallery 55\04 - Amber\,{Shemale Yum Dvd03~G55~04~04 - Amber}
amber067.jpg,147973,69abfec9,\Gallery 55\04 - Amber\,{Shemale Yum Dvd03~G55~04~04 - Amber}
amber068.jpg,160190,08e10370,\Gallery 55\04 - Amber\,{Shemale Yum Dvd03~G55~04~04 - Amber}
amber069.jpg,148530,f347a78a,\Gallery 55\04 - Amber\,{Shemale Yum Dvd03~G55~04~04 - Amber}
amber070.jpg,157186,f534958f,\Gallery 55\04 - Amber\,{Shemale Yum Dvd03~G55~04~04 - Amber}
amber071.jpg,161969,166c1e55,\Gallery 55\04 - Amber\,{Shemale Yum Dvd03~G55~04~04 - Amber}
amber072.jpg,187155,c345068a,\Gallery 55\04 - Amber\,{Shemale Yum Dvd03~G55~04~04 - Amber}
amber073.jpg,188670,a30f3b38,\Gallery 55\04 - Amber\,{Shemale Yum Dvd03~G55~04~04 - Amber}
amber074.jpg,163175,efc26e38,\Gallery 55\04 - Amber\,{Shemale Yum Dvd03~G55~04~04 - Amber}
amber075.jpg,207951,9a416e30,\Gallery 55\04 - Amber\,{Shemale Yum Dvd03~G55~04~04 - Amber}
amber076.jpg,168522,6732d7e7,\Gallery 55\04 - Amber\,{Shemale Yum Dvd03~G55~04~04 - Amber}
amber077.jpg,163397,63d64baf,\Gallery 55\04 - Amber\,{Shemale Yum Dvd03~G55~04~04 - Amber}
amber078.jpg,156544,d85a9e5c,\Gallery 55\04 - Amber\,{Shemale Yum Dvd03~G55~04~04 - Amber}
amber079.jpg,191858,f4de8fc1,\Gallery 55\04 - Amber\,{Shemale Yum Dvd03~G55~04~04 - Amber}
amber080.jpg,155547,d5e6c411,\Gallery 55\04 - Amber\,{Shemale Yum Dvd03~G55~04~04 - Amber}
amber081.jpg,152829,9c7fe9a2,\Gallery 55\04 - Amber\,{Shemale Yum Dvd03~G55~04~04 - Amber}
amber082.jpg,166718,479223aa,\Gallery 55\04 - Amber\,{Shemale Yum Dvd03~G55~04~04 - Amber}
amber083.jpg,178231,37bd9f1c,\Gallery 55\04 - Amber\,{Shemale Yum Dvd03~G55~04~04 - Amber}
amber084.jpg,157412,e1ac1ec4,\Gallery 55\04 - Amber\,{Shemale Yum Dvd03~G55~04~04 - Amber}
amber085.jpg,167911,b4df549f,\Gallery 55\04 - Amber\,{Shemale Yum Dvd03~G55~04~04 - Amber}
amber086.jpg,176192,295decdf,\Gallery 55\04 - Amber\,{Shemale Yum Dvd03~G55~04~04 - Amber}
amber087.jpg,194483,6c60bfe9,\Gallery 55\04 - Amber\,{Shemale Yum Dvd03~G55~04~04 - Amber}
amber088.jpg,165240,4f959f2d,\Gallery 55\04 - Amber\,{Shemale Yum Dvd03~G55~04~04 - Amber}
amber089.jpg,159422,0e419fc4,\Gallery 55\04 - Amber\,{Shemale Yum Dvd03~G55~04~04 - Amber}
bianca1002.jpg,165921,6e7b91e9,\Gallery 55\05 - Bianca\,{Shemale Yum Dvd03~G55~05~05 - Bianca}
bianca1003.jpg,172797,5a409ac6,\Gallery 55\05 - Bianca\,{Shemale Yum Dvd03~G55~05~05 - Bianca}
bianca1004.jpg,161510,30c41dde,\Gallery 55\05 - Bianca\,{Shemale Yum Dvd03~G55~05~05 - Bianca}
bianca1005.jpg,172043,839f0658,\Gallery 55\05 - Bianca\,{Shemale Yum Dvd03~G55~05~05 - Bianca}
bianca1006.jpg,157585,75e7e3af,\Gallery 55\05 - Bianca\,{Shemale Yum Dvd03~G55~05~05 - Bianca}
bianca1007.jpg,150423,1303b4b1,\Gallery 55\05 - Bianca\,{Shemale Yum Dvd03~G55~05~05 - Bianca}
bianca1008.jpg,156382,45064280,\Gallery 55\05 - Bianca\,{Shemale Yum Dvd03~G55~05~05 - Bianca}
bianca1009.jpg,166944,563c12be,\Gallery 55\05 - Bianca\,{Shemale Yum Dvd03~G55~05~05 - Bianca}
bianca1010.jpg,160005,0647f8da,\Gallery 55\05 - Bianca\,{Shemale Yum Dvd03~G55~05~05 - Bianca}
bianca1011.jpg,169387,e1d7a686,\Gallery 55\05 - Bianca\,{Shemale Yum Dvd03~G55~05~05 - Bianca}
bianca1012.jpg,164764,eda3f824,\Gallery 55\05 - Bianca\,{Shemale Yum Dvd03~G55~05~05 - Bianca}
bianca1013.jpg,160770,a7cbe659,\Gallery 55\05 - Bianca\,{Shemale Yum Dvd03~G55~05~05 - Bianca}
bianca1014.jpg,170549,5525488e,\Gallery 55\05 - Bianca\,{Shemale Yum Dvd03~G55~05~05 - Bianca}
bianca1015.jpg,157821,14023833,\Gallery 55\05 - Bianca\,{Shemale Yum Dvd03~G55~05~05 - Bianca}
bianca1016.jpg,166213,a9c5345b,\Gallery 55\05 - Bianca\,{Shemale Yum Dvd03~G55~05~05 - Bianca}
bianca1017.jpg,165566,776dc568,\Gallery 55\05 - Bianca\,{Shemale Yum Dvd03~G55~05~05 - Bianca}
bianca1018.jpg,169788,cd7d1a38,\Gallery 55\05 - Bianca\,{Shemale Yum Dvd03~G55~05~05 - Bianca}
bianca1019.jpg,155869,3a441870,\Gallery 55\05 - Bianca\,{Shemale Yum Dvd03~G55~05~05 - Bianca}
bianca1020.jpg,155284,96b7d2ba,\Gallery 55\05 - Bianca\,{Shemale Yum Dvd03~G55~05~05 - Bianca}
bianca1021.jpg,162609,660e2f47,\Gallery 55\05 - Bianca\,{Shemale Yum Dvd03~G55~05~05 - Bianca}
bianca1022.jpg,155797,7d3d9b37,\Gallery 55\05 - Bianca\,{Shemale Yum Dvd03~G55~05~05 - Bianca}
bianca1023.jpg,175441,684d360a,\Gallery 55\05 - Bianca\,{Shemale Yum Dvd03~G55~05~05 - Bianca}
bianca1024.jpg,172393,345897d9,\Gallery 55\05 - Bianca\,{Shemale Yum Dvd03~G55~05~05 - Bianca}
bianca1025.jpg,156063,a4583641,\Gallery 55\05 - Bianca\,{Shemale Yum Dvd03~G55~05~05 - Bianca}
bianca1026.jpg,170038,76aa21ce,\Gallery 55\05 - Bianca\,{Shemale Yum Dvd03~G55~05~05 - Bianca}
bianca1027.jpg,175245,50076332,\Gallery 55\05 - Bianca\,{Shemale Yum Dvd03~G55~05~05 - Bianca}
bianca1028.jpg,152141,4d4c0828,\Gallery 55\05 - Bianca\,{Shemale Yum Dvd03~G55~05~05 - Bianca}
bianca1029.jpg,162337,55effb81,\Gallery 55\05 - Bianca\,{Shemale Yum Dvd03~G55~05~05 - Bianca}
bianca1030.jpg,169249,4dae3ef3,\Gallery 55\05 - Bianca\,{Shemale Yum Dvd03~G55~05~05 - Bianca}
bianca1031.jpg,156645,491a1776,\Gallery 55\05 - Bianca\,{Shemale Yum Dvd03~G55~05~05 - Bianca}
bianca1032.jpg,155724,1a574e85,\Gallery 55\05 - Bianca\,{Shemale Yum Dvd03~G55~05~05 - Bianca}
bianca1033.jpg,158550,8f9332f4,\Gallery 55\05 - Bianca\,{Shemale Yum Dvd03~G55~05~05 - Bianca}
bianca1034.jpg,165777,2fd3f0f9,\Gallery 55\05 - Bianca\,{Shemale Yum Dvd03~G55~05~05 - Bianca}
bianca1035.jpg,159845,33577776,\Gallery 55\05 - Bianca\,{Shemale Yum Dvd03~G55~05~05 - Bianca}
bianca1036.jpg,164873,551224eb,\Gallery 55\05 - Bianca\,{Shemale Yum Dvd03~G55~05~05 - Bianca}
bianca1037.jpg,164439,3f438757,\Gallery 55\05 - Bianca\,{Shemale Yum Dvd03~G55~05~05 - Bianca}
bianca1038.jpg,149028,22e1554d,\Gallery 55\05 - Bianca\,{Shemale Yum Dvd03~G55~05~05 - Bianca}
bianca1039.jpg,149699,d1ae7b1d,\Gallery 55\05 - Bianca\,{Shemale Yum Dvd03~G55~05~05 - Bianca}
bianca1040.jpg,156606,1d2f68cb,\Gallery 55\05 - Bianca\,{Shemale Yum Dvd03~G55~05~05 - Bianca}
bianca1041.jpg,152069,4c15a233,\Gallery 55\05 - Bianca\,{Shemale Yum Dvd03~G55~05~05 - Bianca}
bianca1042.jpg,152562,739a7043,\Gallery 55\05 - Bianca\,{Shemale Yum Dvd03~G55~05~05 - Bianca}
bianca1043.jpg,176893,1021e7f2,\Gallery 55\05 - Bianca\,{Shemale Yum Dvd03~G55~05~05 - Bianca}
bianca1044.jpg,140824,b37f50f8,\Gallery 55\05 - Bianca\,{Shemale Yum Dvd03~G55~05~05 - Bianca}
bianca1045.jpg,143086,7d3139d4,\Gallery 55\05 - Bianca\,{Shemale Yum Dvd03~G55~05~05 - Bianca}
bianca1046.jpg,134937,9e5d33b3,\Gallery 55\05 - Bianca\,{Shemale Yum Dvd03~G55~05~05 - Bianca}
bianca1047.jpg,140690,f87a5398,\Gallery 55\05 - Bianca\,{Shemale Yum Dvd03~G55~05~05 - Bianca}
bianca1048.jpg,150318,d637dec6,\Gallery 55\05 - Bianca\,{Shemale Yum Dvd03~G55~05~05 - Bianca}
bianca1049.jpg,157765,42bcaec2,\Gallery 55\05 - Bianca\,{Shemale Yum Dvd03~G55~05~05 - Bianca}
bianca1050.jpg,158429,340282ff,\Gallery 55\05 - Bianca\,{Shemale Yum Dvd03~G55~05~05 - Bianca}
bianca1051.jpg,157505,80fba0f9,\Gallery 55\05 - Bianca\,{Shemale Yum Dvd03~G55~05~05 - Bianca}
bianca1052.jpg,147346,2a1f3ba1,\Gallery 55\05 - Bianca\,{Shemale Yum Dvd03~G55~05~05 - Bianca}
bianca1053.jpg,141939,5ea86c36,\Gallery 55\05 - Bianca\,{Shemale Yum Dvd03~G55~05~05 - Bianca}
bianca1054.jpg,147481,3661b266,\Gallery 55\05 - Bianca\,{Shemale Yum Dvd03~G55~05~05 - Bianca}
bianca1055.jpg,143008,178d96a6,\Gallery 55\05 - Bianca\,{Shemale Yum Dvd03~G55~05~05 - Bianca}
bianca1056.jpg,150743,c6ff1b8b,\Gallery 55\05 - Bianca\,{Shemale Yum Dvd03~G55~05~05 - Bianca}
bianca1057.jpg,146905,73bc33b1,\Gallery 55\05 - Bianca\,{Shemale Yum Dvd03~G55~05~05 - Bianca}
bianca1058.jpg,179081,c947db42,\Gallery 55\05 - Bianca\,{Shemale Yum Dvd03~G55~05~05 - Bianca}
bianca1059.jpg,150826,8fa2df82,\Gallery 55\05 - Bianca\,{Shemale Yum Dvd03~G55~05~05 - Bianca}
bianca1060.jpg,158106,2bc4aec6,\Gallery 55\05 - Bianca\,{Shemale Yum Dvd03~G55~05~05 - Bianca}
bianca1061.jpg,156446,e616f5c2,\Gallery 55\05 - Bianca\,{Shemale Yum Dvd03~G55~05~05 - Bianca}
bianca1062.jpg,147140,84e6c815,\Gallery 55\05 - Bianca\,{Shemale Yum Dvd03~G55~05~05 - Bianca}
bianca1063.jpg,151229,b2bf5459,\Gallery 55\05 - Bianca\,{Shemale Yum Dvd03~G55~05~05 - Bianca}
bianca1064.jpg,179848,ecab2ee2,\Gallery 55\05 - Bianca\,{Shemale Yum Dvd03~G55~05~05 - Bianca}
bianca1065.jpg,146307,5634d9a5,\Gallery 55\05 - Bianca\,{Shemale Yum Dvd03~G55~05~05 - Bianca}
bianca1066.jpg,154096,28615ebd,\Gallery 55\05 - Bianca\,{Shemale Yum Dvd03~G55~05~05 - Bianca}
bianca1067.jpg,146509,0ef4fb69,\Gallery 55\05 - Bianca\,{Shemale Yum Dvd03~G55~05~05 - Bianca}
bianca1068.jpg,160191,e9373378,\Gallery 55\05 - Bianca\,{Shemale Yum Dvd03~G55~05~05 - Bianca}
bianca1069.jpg,180957,e0243de6,\Gallery 55\05 - Bianca\,{Shemale Yum Dvd03~G55~05~05 - Bianca}
bianca1070.jpg,143256,f273cd4f,\Gallery 55\05 - Bianca\,{Shemale Yum Dvd03~G55~05~05 - Bianca}
bianca1071.jpg,179547,6b7363b8,\Gallery 55\05 - Bianca\,{Shemale Yum Dvd03~G55~05~05 - Bianca}
bianca1072.jpg,182092,b413199b,\Gallery 55\05 - Bianca\,{Shemale Yum Dvd03~G55~05~05 - Bianca}
bianca1073.jpg,137649,21c94d11,\Gallery 55\05 - Bianca\,{Shemale Yum Dvd03~G55~05~05 - Bianca}
bianca1074.jpg,151420,78c25b39,\Gallery 55\05 - Bianca\,{Shemale Yum Dvd03~G55~05~05 - Bianca}
bianca1075.jpg,135084,8055b284,\Gallery 55\05 - Bianca\,{Shemale Yum Dvd03~G55~05~05 - Bianca}
bianca1076.jpg,137186,d196997a,\Gallery 55\05 - Bianca\,{Shemale Yum Dvd03~G55~05~05 - Bianca}
bianca1077.jpg,152789,b24dc6dc,\Gallery 55\05 - Bianca\,{Shemale Yum Dvd03~G55~05~05 - Bianca}
bianca1078.jpg,136968,6524265d,\Gallery 55\05 - Bianca\,{Shemale Yum Dvd03~G55~05~05 - Bianca}
bianca1079.jpg,167859,b86878a1,\Gallery 55\05 - Bianca\,{Shemale Yum Dvd03~G55~05~05 - Bianca}
bianca1080.jpg,156413,76ccc87c,\Gallery 55\05 - Bianca\,{Shemale Yum Dvd03~G55~05~05 - Bianca}
bianca1081.jpg,142649,e8d3cb6c,\Gallery 55\05 - Bianca\,{Shemale Yum Dvd03~G55~05~05 - Bianca}
bianca1082.jpg,144444,7d6a4c06,\Gallery 55\05 - Bianca\,{Shemale Yum Dvd03~G55~05~05 - Bianca}
bianca1083.jpg,146105,4d8c49bf,\Gallery 55\05 - Bianca\,{Shemale Yum Dvd03~G55~05~05 - Bianca}
bianca1084.jpg,113780,9c81bd79,\Gallery 55\05 - Bianca\,{Shemale Yum Dvd03~G55~05~05 - Bianca}
bianca1085.jpg,144792,0279bd5d,\Gallery 55\05 - Bianca\,{Shemale Yum Dvd03~G55~05~05 - Bianca}
bianca1086.jpg,156161,24e5f60c,\Gallery 55\05 - Bianca\,{Shemale Yum Dvd03~G55~05~05 - Bianca}
bianca1087.jpg,155541,35d12220,\Gallery 55\05 - Bianca\,{Shemale Yum Dvd03~G55~05~05 - Bianca}
bianca1088.jpg,160067,0e7b03bd,\Gallery 55\05 - Bianca\,{Shemale Yum Dvd03~G55~05~05 - Bianca}
bianca1089.jpg,143883,065ef56f,\Gallery 55\05 - Bianca\,{Shemale Yum Dvd03~G55~05~05 - Bianca}
bianca1090.jpg,147511,edff7596,\Gallery 55\05 - Bianca\,{Shemale Yum Dvd03~G55~05~05 - Bianca}
bianca1091.jpg,137698,5a06dd23,\Gallery 55\05 - Bianca\,{Shemale Yum Dvd03~G55~05~05 - Bianca}
bianca1092.jpg,134981,820d93d1,\Gallery 55\05 - Bianca\,{Shemale Yum Dvd03~G55~05~05 - Bianca}
bianca1093.jpg,134650,e21cb59f,\Gallery 55\05 - Bianca\,{Shemale Yum Dvd03~G55~05~05 - Bianca}
bianca1095.jpg,130520,b2a9053a,\Gallery 55\05 - Bianca\,{Shemale Yum Dvd03~G55~05~05 - Bianca}
bianca1096.jpg,137058,bacf0cc3,\Gallery 55\05 - Bianca\,{Shemale Yum Dvd03~G55~05~05 - Bianca}
bianca1097.jpg,182103,bc4e9b18,\Gallery 55\05 - Bianca\,{Shemale Yum Dvd03~G55~05~05 - Bianca}
bianca1098.jpg,157248,bbd9ac91,\Gallery 55\05 - Bianca\,{Shemale Yum Dvd03~G55~05~05 - Bianca}
bianca1099.jpg,176453,4d698d1d,\Gallery 55\05 - Bianca\,{Shemale Yum Dvd03~G55~05~05 - Bianca}
bianca1100.jpg,164927,916a6584,\Gallery 55\05 - Bianca\,{Shemale Yum Dvd03~G55~05~05 - Bianca}
bianca1101.jpg,138934,8762169d,\Gallery 55\05 - Bianca\,{Shemale Yum Dvd03~G55~05~05 - Bianca}
bianca1102.jpg,146869,81d1d19d,\Gallery 55\05 - Bianca\,{Shemale Yum Dvd03~G55~05~05 - Bianca}
bianca1103.jpg,167881,8e6e8a09,\Gallery 55\05 - Bianca\,{Shemale Yum Dvd03~G55~05~05 - Bianca}
bianca1104.jpg,161865,16f3c271,\Gallery 55\05 - Bianca\,{Shemale Yum Dvd03~G55~05~05 - Bianca}
bianca1105.jpg,187942,5cdbcacf,\Gallery 55\05 - Bianca\,{Shemale Yum Dvd03~G55~05~05 - Bianca}
bianca1106.jpg,151772,ab6d8d9a,\Gallery 55\05 - Bianca\,{Shemale Yum Dvd03~G55~05~05 - Bianca}
bianca1107.jpg,149628,8670724d,\Gallery 55\05 - Bianca\,{Shemale Yum Dvd03~G55~05~05 - Bianca}
bianca1108.jpg,150468,24cdc578,\Gallery 55\05 - Bianca\,{Shemale Yum Dvd03~G55~05~05 - Bianca}
bianca1109.jpg,147466,b4e64dc2,\Gallery 55\05 - Bianca\,{Shemale Yum Dvd03~G55~05~05 - Bianca}
bianca1110.jpg,153847,3fcaeefc,\Gallery 55\05 - Bianca\,{Shemale Yum Dvd03~G55~05~05 - Bianca}
bianca1111.jpg,154739,48daea16,\Gallery 55\05 - Bianca\,{Shemale Yum Dvd03~G55~05~05 - Bianca}
bianca2002.jpg,153350,8549c313,\Gallery 55\05 - Bianca (2)\,{Shemale Yum Dvd03~G55~05-2~05 - Bianca (2)}
bianca2003.jpg,146350,443fd9e3,\Gallery 55\05 - Bianca (2)\,{Shemale Yum Dvd03~G55~05-2~05 - Bianca (2)}
bianca2004.jpg,145870,529374f3,\Gallery 55\05 - Bianca (2)\,{Shemale Yum Dvd03~G55~05-2~05 - Bianca (2)}
bianca2006.jpg,151431,0c918a4c,\Gallery 55\05 - Bianca (2)\,{Shemale Yum Dvd03~G55~05-2~05 - Bianca (2)}
bianca2007.jpg,163306,8bdc8997,\Gallery 55\05 - Bianca (2)\,{Shemale Yum Dvd03~G55~05-2~05 - Bianca (2)}
bianca2008.jpg,114536,ad4c77b2,\Gallery 55\05 - Bianca (2)\,{Shemale Yum Dvd03~G55~05-2~05 - Bianca (2)}
bianca2009.jpg,148604,97699ec3,\Gallery 55\05 - Bianca (2)\,{Shemale Yum Dvd03~G55~05-2~05 - Bianca (2)}
bianca2011.jpg,140248,9520bac6,\Gallery 55\05 - Bianca (2)\,{Shemale Yum Dvd03~G55~05-2~05 - Bianca (2)}
bianca2012.jpg,122501,046c2858,\Gallery 55\05 - Bianca (2)\,{Shemale Yum Dvd03~G55~05-2~05 - Bianca (2)}
bianca2013.jpg,122819,ba5de2a1,\Gallery 55\05 - Bianca (2)\,{Shemale Yum Dvd03~G55~05-2~05 - Bianca (2)}
bianca2014.jpg,129552,d05d096f,\Gallery 55\05 - Bianca (2)\,{Shemale Yum Dvd03~G55~05-2~05 - Bianca (2)}
bianca2015.jpg,140327,7c7ba0e9,\Gallery 55\05 - Bianca (2)\,{Shemale Yum Dvd03~G55~05-2~05 - Bianca (2)}
bianca2016.jpg,147648,e09441b7,\Gallery 55\05 - Bianca (2)\,{Shemale Yum Dvd03~G55~05-2~05 - Bianca (2)}
bianca2017.jpg,144587,1e903b05,\Gallery 55\05 - Bianca (2)\,{Shemale Yum Dvd03~G55~05-2~05 - Bianca (2)}
bianca2018.jpg,136638,0175d9d8,\Gallery 55\05 - Bianca (2)\,{Shemale Yum Dvd03~G55~05-2~05 - Bianca (2)}
bianca2019.jpg,139635,b0d5b19f,\Gallery 55\05 - Bianca (2)\,{Shemale Yum Dvd03~G55~05-2~05 - Bianca (2)}
bianca2020.jpg,170795,f9dda36f,\Gallery 55\05 - Bianca (2)\,{Shemale Yum Dvd03~G55~05-2~05 - Bianca (2)}
bianca2021.jpg,139061,83acf30b,\Gallery 55\05 - Bianca (2)\,{Shemale Yum Dvd03~G55~05-2~05 - Bianca (2)}
bianca2022.jpg,159510,12d27baa,\Gallery 55\05 - Bianca (2)\,{Shemale Yum Dvd03~G55~05-2~05 - Bianca (2)}
bianca2023.jpg,144518,7f62de04,\Gallery 55\05 - Bianca (2)\,{Shemale Yum Dvd03~G55~05-2~05 - Bianca (2)}
bianca2024.jpg,162820,111574be,\Gallery 55\05 - Bianca (2)\,{Shemale Yum Dvd03~G55~05-2~05 - Bianca (2)}
bianca2025.jpg,129980,2d7b5655,\Gallery 55\05 - Bianca (2)\,{Shemale Yum Dvd03~G55~05-2~05 - Bianca (2)}
bianca2026.jpg,137829,795e9df0,\Gallery 55\05 - Bianca (2)\,{Shemale Yum Dvd03~G55~05-2~05 - Bianca (2)}
bianca2027.jpg,179264,e7c4a6fc,\Gallery 55\05 - Bianca (2)\,{Shemale Yum Dvd03~G55~05-2~05 - Bianca (2)}
bianca2028.jpg,158095,62c5ac4e,\Gallery 55\05 - Bianca (2)\,{Shemale Yum Dvd03~G55~05-2~05 - Bianca (2)}
bianca2029.jpg,152012,0a34f29f,\Gallery 55\05 - Bianca (2)\,{Shemale Yum Dvd03~G55~05-2~05 - Bianca (2)}
bianca2030.jpg,153040,6e2a4756,\Gallery 55\05 - Bianca (2)\,{Shemale Yum Dvd03~G55~05-2~05 - Bianca (2)}
bianca2031.jpg,155446,3ff9e01d,\Gallery 55\05 - Bianca (2)\,{Shemale Yum Dvd03~G55~05-2~05 - Bianca (2)}
bianca2032.jpg,157326,44547bd9,\Gallery 55\05 - Bianca (2)\,{Shemale Yum Dvd03~G55~05-2~05 - Bianca (2)}
bianca2033.jpg,152461,70d0d831,\Gallery 55\05 - Bianca (2)\,{Shemale Yum Dvd03~G55~05-2~05 - Bianca (2)}
bianca2034.jpg,152408,b10219bf,\Gallery 55\05 - Bianca (2)\,{Shemale Yum Dvd03~G55~05-2~05 - Bianca (2)}
bianca2035.jpg,155738,58fdc128,\Gallery 55\05 - Bianca (2)\,{Shemale Yum Dvd03~G55~05-2~05 - Bianca (2)}
bianca2036.jpg,162022,eead278f,\Gallery 55\05 - Bianca (2)\,{Shemale Yum Dvd03~G55~05-2~05 - Bianca (2)}
bianca2037.jpg,173944,9af482fc,\Gallery 55\05 - Bianca (2)\,{Shemale Yum Dvd03~G55~05-2~05 - Bianca (2)}
bianca2038.jpg,169768,b5eb2963,\Gallery 55\05 - Bianca (2)\,{Shemale Yum Dvd03~G55~05-2~05 - Bianca (2)}
bianca2039.jpg,163968,40c56d4c,\Gallery 55\05 - Bianca (2)\,{Shemale Yum Dvd03~G55~05-2~05 - Bianca (2)}
bianca2040.jpg,167587,24b22383,\Gallery 55\05 - Bianca (2)\,{Shemale Yum Dvd03~G55~05-2~05 - Bianca (2)}
bianca2041.jpg,177079,2c591a7c,\Gallery 55\05 - Bianca (2)\,{Shemale Yum Dvd03~G55~05-2~05 - Bianca (2)}
bianca2042.jpg,154786,a7b41df0,\Gallery 55\05 - Bianca (2)\,{Shemale Yum Dvd03~G55~05-2~05 - Bianca (2)}
bianca2044.jpg,156101,e6bd7270,\Gallery 55\05 - Bianca (2)\,{Shemale Yum Dvd03~G55~05-2~05 - Bianca (2)}
bianca2045.jpg,172685,9358cd1a,\Gallery 55\05 - Bianca (2)\,{Shemale Yum Dvd03~G55~05-2~05 - Bianca (2)}
bianca2047.jpg,157058,5ee2c0d8,\Gallery 55\05 - Bianca (2)\,{Shemale Yum Dvd03~G55~05-2~05 - Bianca (2)}
bianca2049.jpg,163789,27827e1b,\Gallery 55\05 - Bianca (2)\,{Shemale Yum Dvd03~G55~05-2~05 - Bianca (2)}
bianca2050.jpg,136888,e5ed5aae,\Gallery 55\05 - Bianca (2)\,{Shemale Yum Dvd03~G55~05-2~05 - Bianca (2)}
bianca2051.jpg,155278,d320f4bf,\Gallery 55\05 - Bianca (2)\,{Shemale Yum Dvd03~G55~05-2~05 - Bianca (2)}
bianca2052.jpg,168623,e99e9b19,\Gallery 55\05 - Bianca (2)\,{Shemale Yum Dvd03~G55~05-2~05 - Bianca (2)}
bianca2053.jpg,163931,770d4861,\Gallery 55\05 - Bianca (2)\,{Shemale Yum Dvd03~G55~05-2~05 - Bianca (2)}
bianca2054.jpg,164295,22c7113e,\Gallery 55\05 - Bianca (2)\,{Shemale Yum Dvd03~G55~05-2~05 - Bianca (2)}
bianca2055.jpg,159797,f4f4b442,\Gallery 55\05 - Bianca (2)\,{Shemale Yum Dvd03~G55~05-2~05 - Bianca (2)}
bianca2056.jpg,168087,d7c77421,\Gallery 55\05 - Bianca (2)\,{Shemale Yum Dvd03~G55~05-2~05 - Bianca (2)}
bianca2057.jpg,171599,d972f37d,\Gallery 55\05 - Bianca (2)\,{Shemale Yum Dvd03~G55~05-2~05 - Bianca (2)}
bianca2058.jpg,161395,47b6d914,\Gallery 55\05 - Bianca (2)\,{Shemale Yum Dvd03~G55~05-2~05 - Bianca (2)}
bianca2059.jpg,174508,73ee385a,\Gallery 55\05 - Bianca (2)\,{Shemale Yum Dvd03~G55~05-2~05 - Bianca (2)}
bianca2060.jpg,171454,53707085,\Gallery 55\05 - Bianca (2)\,{Shemale Yum Dvd03~G55~05-2~05 - Bianca (2)}
bianca2061.jpg,160152,77e8a25d,\Gallery 55\05 - Bianca (2)\,{Shemale Yum Dvd03~G55~05-2~05 - Bianca (2)}
bianca2062.jpg,159207,791506e8,\Gallery 55\05 - Bianca (2)\,{Shemale Yum Dvd03~G55~05-2~05 - Bianca (2)}
bianca2063.jpg,165826,1ff29f2f,\Gallery 55\05 - Bianca (2)\,{Shemale Yum Dvd03~G55~05-2~05 - Bianca (2)}
bianca2064.jpg,170081,2e52eaed,\Gallery 55\05 - Bianca (2)\,{Shemale Yum Dvd03~G55~05-2~05 - Bianca (2)}
bianca2065.jpg,164489,533ad564,\Gallery 55\05 - Bianca (2)\,{Shemale Yum Dvd03~G55~05-2~05 - Bianca (2)}
bianca2066.jpg,158491,14fa26be,\Gallery 55\05 - Bianca (2)\,{Shemale Yum Dvd03~G55~05-2~05 - Bianca (2)}
bianca2067.jpg,169909,85a3e012,\Gallery 55\05 - Bianca (2)\,{Shemale Yum Dvd03~G55~05-2~05 - Bianca (2)}
bianca2068.jpg,161481,5e001aa7,\Gallery 55\05 - Bianca (2)\,{Shemale Yum Dvd03~G55~05-2~05 - Bianca (2)}
bianca2069.jpg,156478,8ef352b6,\Gallery 55\05 - Bianca (2)\,{Shemale Yum Dvd03~G55~05-2~05 - Bianca (2)}
bianca2070.jpg,154612,b89aa011,\Gallery 55\05 - Bianca (2)\,{Shemale Yum Dvd03~G55~05-2~05 - Bianca (2)}
bianca2071.jpg,172107,d0954b19,\Gallery 55\05 - Bianca (2)\,{Shemale Yum Dvd03~G55~05-2~05 - Bianca (2)}
bianca2072.jpg,161037,cd610ebf,\Gallery 55\05 - Bianca (2)\,{Shemale Yum Dvd03~G55~05-2~05 - Bianca (2)}
bianca2074.jpg,162754,de3f7612,\Gallery 55\05 - Bianca (2)\,{Shemale Yum Dvd03~G55~05-2~05 - Bianca (2)}
bianca2075.jpg,165404,b5159c8a,\Gallery 55\05 - Bianca (2)\,{Shemale Yum Dvd03~G55~05-2~05 - Bianca (2)}
bianca2076.jpg,161243,5aebcfff,\Gallery 55\05 - Bianca (2)\,{Shemale Yum Dvd03~G55~05-2~05 - Bianca (2)}
bianca2077.jpg,168372,f03c37dc,\Gallery 55\05 - Bianca (2)\,{Shemale Yum Dvd03~G55~05-2~05 - Bianca (2)}
bianca2078.jpg,158634,59a83f12,\Gallery 55\05 - Bianca (2)\,{Shemale Yum Dvd03~G55~05-2~05 - Bianca (2)}
bianca2079.jpg,156607,9b2df5f9,\Gallery 55\05 - Bianca (2)\,{Shemale Yum Dvd03~G55~05-2~05 - Bianca (2)}
bianca2080.jpg,131660,76cf0d7b,\Gallery 55\05 - Bianca (2)\,{Shemale Yum Dvd03~G55~05-2~05 - Bianca (2)}
bianca2081.jpg,166377,5b837022,\Gallery 55\05 - Bianca (2)\,{Shemale Yum Dvd03~G55~05-2~05 - Bianca (2)}
bianca2082.jpg,163947,43a1a496,\Gallery 55\05 - Bianca (2)\,{Shemale Yum Dvd03~G55~05-2~05 - Bianca (2)}
bianca2083.jpg,156044,fe0d3a0d,\Gallery 55\05 - Bianca (2)\,{Shemale Yum Dvd03~G55~05-2~05 - Bianca (2)}
bianca2085.jpg,163865,36401e3d,\Gallery 55\05 - Bianca (2)\,{Shemale Yum Dvd03~G55~05-2~05 - Bianca (2)}
bianca2086.jpg,166596,54d4e0fc,\Gallery 55\05 - Bianca (2)\,{Shemale Yum Dvd03~G55~05-2~05 - Bianca (2)}
bianca2087.jpg,162187,f1b0cde1,\Gallery 55\05 - Bianca (2)\,{Shemale Yum Dvd03~G55~05-2~05 - Bianca (2)}
bianca2088.jpg,171195,ea3d2cbe,\Gallery 55\05 - Bianca (2)\,{Shemale Yum Dvd03~G55~05-2~05 - Bianca (2)}
bianca2089.jpg,165176,51b8b682,\Gallery 55\05 - Bianca (2)\,{Shemale Yum Dvd03~G55~05-2~05 - Bianca (2)}
bianca2090.jpg,166567,d3e46d34,\Gallery 55\05 - Bianca (2)\,{Shemale Yum Dvd03~G55~05-2~05 - Bianca (2)}
bianca2091.jpg,130619,f6fb08a8,\Gallery 55\05 - Bianca (2)\,{Shemale Yum Dvd03~G55~05-2~05 - Bianca (2)}
bianca2092.jpg,192116,ed87cef4,\Gallery 55\05 - Bianca (2)\,{Shemale Yum Dvd03~G55~05-2~05 - Bianca (2)}
bianca2093.jpg,160570,ce8db862,\Gallery 55\05 - Bianca (2)\,{Shemale Yum Dvd03~G55~05-2~05 - Bianca (2)}
bianca2094.jpg,165314,8dc2db75,\Gallery 55\05 - Bianca (2)\,{Shemale Yum Dvd03~G55~05-2~05 - Bianca (2)}
bianca2095.jpg,152862,7d6e20ce,\Gallery 55\05 - Bianca (2)\,{Shemale Yum Dvd03~G55~05-2~05 - Bianca (2)}
bianca2096.jpg,156839,17905bb2,\Gallery 55\05 - Bianca (2)\,{Shemale Yum Dvd03~G55~05-2~05 - Bianca (2)}
bianca2097.jpg,164852,52f99ec4,\Gallery 55\05 - Bianca (2)\,{Shemale Yum Dvd03~G55~05-2~05 - Bianca (2)}
bianca2098.jpg,167595,ddac60f9,\Gallery 55\05 - Bianca (2)\,{Shemale Yum Dvd03~G55~05-2~05 - Bianca (2)}
bianca2099.jpg,160518,438b4c8d,\Gallery 55\05 - Bianca (2)\,{Shemale Yum Dvd03~G55~05-2~05 - Bianca (2)}
bianca2100.jpg,132250,47eeb7db,\Gallery 55\05 - Bianca (2)\,{Shemale Yum Dvd03~G55~05-2~05 - Bianca (2)}
bianca2101.jpg,163102,187482ae,\Gallery 55\05 - Bianca (2)\,{Shemale Yum Dvd03~G55~05-2~05 - Bianca (2)}
bianca2102.jpg,157763,68196fdd,\Gallery 55\05 - Bianca (2)\,{Shemale Yum Dvd03~G55~05-2~05 - Bianca (2)}
bianca2103.jpg,161070,821f3e09,\Gallery 55\05 - Bianca (2)\,{Shemale Yum Dvd03~G55~05-2~05 - Bianca (2)}
bianca2104.jpg,150028,5907bbe3,\Gallery 55\05 - Bianca (2)\,{Shemale Yum Dvd03~G55~05-2~05 - Bianca (2)}
bianca2105.jpg,160849,9ba58aa3,\Gallery 55\05 - Bianca (2)\,{Shemale Yum Dvd03~G55~05-2~05 - Bianca (2)}
bianca2106.jpg,149886,2ef86e39,\Gallery 55\05 - Bianca (2)\,{Shemale Yum Dvd03~G55~05-2~05 - Bianca (2)}
bianca2107.jpg,165857,3982320c,\Gallery 55\05 - Bianca (2)\,{Shemale Yum Dvd03~G55~05-2~05 - Bianca (2)}
bianca2108.jpg,168066,6edb8ba2,\Gallery 55\05 - Bianca (2)\,{Shemale Yum Dvd03~G55~05-2~05 - Bianca (2)}
bianca2109.jpg,160631,0b411b37,\Gallery 55\05 - Bianca (2)\,{Shemale Yum Dvd03~G55~05-2~05 - Bianca (2)}
bianca2110.jpg,176066,b8830a90,\Gallery 55\05 - Bianca (2)\,{Shemale Yum Dvd03~G55~05-2~05 - Bianca (2)}
bianca2111.jpg,167281,d265e38d,\Gallery 55\05 - Bianca (2)\,{Shemale Yum Dvd03~G55~05-2~05 - Bianca (2)}
bianca2112.jpg,155117,01487a3a,\Gallery 55\05 - Bianca (2)\,{Shemale Yum Dvd03~G55~05-2~05 - Bianca (2)}
bianca2113.jpg,158748,3328bd86,\Gallery 55\05 - Bianca (2)\,{Shemale Yum Dvd03~G55~05-2~05 - Bianca (2)}
bianca2114.jpg,162041,6ee5f910,\Gallery 55\05 - Bianca (2)\,{Shemale Yum Dvd03~G55~05-2~05 - Bianca (2)}
cote001.jpg,112368,cf4add4d,\Gallery 55\06 - Cote\,{Shemale Yum Dvd03~G55~06~06 - Cote}
cote002.jpg,142347,08f8983b,\Gallery 55\06 - Cote\,{Shemale Yum Dvd03~G55~06~06 - Cote}
cote003.jpg,111823,d1098def,\Gallery 55\06 - Cote\,{Shemale Yum Dvd03~G55~06~06 - Cote}
cote004.jpg,116300,8e60625c,\Gallery 55\06 - Cote\,{Shemale Yum Dvd03~G55~06~06 - Cote}
cote005.jpg,127730,036f560f,\Gallery 55\06 - Cote\,{Shemale Yum Dvd03~G55~06~06 - Cote}
cote006.jpg,124250,45fbbd06,\Gallery 55\06 - Cote\,{Shemale Yum Dvd03~G55~06~06 - Cote}
cote007.jpg,113724,bb81fddd,\Gallery 55\06 - Cote\,{Shemale Yum Dvd03~G55~06~06 - Cote}
cote008.jpg,121175,eb9e5d69,\Gallery 55\06 - Cote\,{Shemale Yum Dvd03~G55~06~06 - Cote}
cote009.jpg,117651,33520ba5,\Gallery 55\06 - Cote\,{Shemale Yum Dvd03~G55~06~06 - Cote}
cote010.jpg,113135,858749d6,\Gallery 55\06 - Cote\,{Shemale Yum Dvd03~G55~06~06 - Cote}
cote011.jpg,183614,80e9a14f,\Gallery 55\06 - Cote\,{Shemale Yum Dvd03~G55~06~06 - Cote}
cote012.jpg,114476,cf0f886d,\Gallery 55\06 - Cote\,{Shemale Yum Dvd03~G55~06~06 - Cote}
cote013.jpg,124055,3058d1a5,\Gallery 55\06 - Cote\,{Shemale Yum Dvd03~G55~06~06 - Cote}
cote014.jpg,113629,bffa37d0,\Gallery 55\06 - Cote\,{Shemale Yum Dvd03~G55~06~06 - Cote}
cote015.jpg,123168,dfd36593,\Gallery 55\06 - Cote\,{Shemale Yum Dvd03~G55~06~06 - Cote}
cote016.jpg,120792,094e228b,\Gallery 55\06 - Cote\,{Shemale Yum Dvd03~G55~06~06 - Cote}
cote017.jpg,112550,5563b142,\Gallery 55\06 - Cote\,{Shemale Yum Dvd03~G55~06~06 - Cote}
cote018.jpg,114884,319fa6cd,\Gallery 55\06 - Cote\,{Shemale Yum Dvd03~G55~06~06 - Cote}
cote019.jpg,126038,196de133,\Gallery 55\06 - Cote\,{Shemale Yum Dvd03~G55~06~06 - Cote}
cote020.jpg,114603,8bf71e18,\Gallery 55\06 - Cote\,{Shemale Yum Dvd03~G55~06~06 - Cote}
cote021.jpg,116504,69056f6e,\Gallery 55\06 - Cote\,{Shemale Yum Dvd03~G55~06~06 - Cote}
cote022.jpg,113924,0b0915df,\Gallery 55\06 - Cote\,{Shemale Yum Dvd03~G55~06~06 - Cote}
cote023.jpg,163492,10df8aa2,\Gallery 55\06 - Cote\,{Shemale Yum Dvd03~G55~06~06 - Cote}
cote024.jpg,113517,0965312f,\Gallery 55\06 - Cote\,{Shemale Yum Dvd03~G55~06~06 - Cote}
cote025.jpg,126085,2a76a019,\Gallery 55\06 - Cote\,{Shemale Yum Dvd03~G55~06~06 - Cote}
cote026.jpg,123164,6cb05b56,\Gallery 55\06 - Cote\,{Shemale Yum Dvd03~G55~06~06 - Cote}
cote027.jpg,167947,4b49961a,\Gallery 55\06 - Cote\,{Shemale Yum Dvd03~G55~06~06 - Cote}
cote028.jpg,116384,a439c981,\Gallery 55\06 - Cote\,{Shemale Yum Dvd03~G55~06~06 - Cote}
cote029.jpg,99815,5776cdfb,\Gallery 55\06 - Cote\,{Shemale Yum Dvd03~G55~06~06 - Cote}
cote030.jpg,115199,4cb0b2ba,\Gallery 55\06 - Cote\,{Shemale Yum Dvd03~G55~06~06 - Cote}
cote031.jpg,126136,49ad8cda,\Gallery 55\06 - Cote\,{Shemale Yum Dvd03~G55~06~06 - Cote}
cote032.jpg,130320,56929a55,\Gallery 55\06 - Cote\,{Shemale Yum Dvd03~G55~06~06 - Cote}
cote033.jpg,111443,918ad9ba,\Gallery 55\06 - Cote\,{Shemale Yum Dvd03~G55~06~06 - Cote}
cote034.jpg,157886,82284bdd,\Gallery 55\06 - Cote\,{Shemale Yum Dvd03~G55~06~06 - Cote}
cote035.jpg,96425,211f9bc9,\Gallery 55\06 - Cote\,{Shemale Yum Dvd03~G55~06~06 - Cote}
cote036.jpg,90159,3b61877b,\Gallery 55\06 - Cote\,{Shemale Yum Dvd03~G55~06~06 - Cote}
cote037.jpg,112663,e3d7d520,\Gallery 55\06 - Cote\,{Shemale Yum Dvd03~G55~06~06 - Cote}
cote038.jpg,92842,fd0e9db5,\Gallery 55\06 - Cote\,{Shemale Yum Dvd03~G55~06~06 - Cote}
cote039.jpg,160157,29ffa39a,\Gallery 55\06 - Cote\,{Shemale Yum Dvd03~G55~06~06 - Cote}
cote040.jpg,112946,4ffe7cad,\Gallery 55\06 - Cote\,{Shemale Yum Dvd03~G55~06~06 - Cote}
cote041.jpg,124893,00f438e7,\Gallery 55\06 - Cote\,{Shemale Yum Dvd03~G55~06~06 - Cote}
cote042.jpg,109301,b803101e,\Gallery 55\06 - Cote\,{Shemale Yum Dvd03~G55~06~06 - Cote}
cote043.jpg,114364,ea2e3efc,\Gallery 55\06 - Cote\,{Shemale Yum Dvd03~G55~06~06 - Cote}
cote044.jpg,150506,c3320014,\Gallery 55\06 - Cote\,{Shemale Yum Dvd03~G55~06~06 - Cote}
cote045.jpg,108503,bb3eb395,\Gallery 55\06 - Cote\,{Shemale Yum Dvd03~G55~06~06 - Cote}
cote046.jpg,102108,02b6944e,\Gallery 55\06 - Cote\,{Shemale Yum Dvd03~G55~06~06 - Cote}
cotesex001.jpg,136178,1b969c89,\Gallery 55\06 - Cote (3)\,{Shemale Yum Dvd03~G55~06-3~06 - Cote (3)}
cotesex002.jpg,144445,fdbb6435,\Gallery 55\06 - Cote (3)\,{Shemale Yum Dvd03~G55~06-3~06 - Cote (3)}
cotesex003.jpg,117020,ae768cf0,\Gallery 55\06 - Cote (3)\,{Shemale Yum Dvd03~G55~06-3~06 - Cote (3)}
cotesex004.jpg,154126,89aa2d1a,\Gallery 55\06 - Cote (3)\,{Shemale Yum Dvd03~G55~06-3~06 - Cote (3)}
cotesex005.jpg,178483,573eca64,\Gallery 55\06 - Cote (3)\,{Shemale Yum Dvd03~G55~06-3~06 - Cote (3)}
cotesex006.jpg,160011,c5c2571e,\Gallery 55\06 - Cote (3)\,{Shemale Yum Dvd03~G55~06-3~06 - Cote (3)}
cotesex007.jpg,137755,7574beee,\Gallery 55\06 - Cote (3)\,{Shemale Yum Dvd03~G55~06-3~06 - Cote (3)}
cotesex008.jpg,140674,f465a980,\Gallery 55\06 - Cote (3)\,{Shemale Yum Dvd03~G55~06-3~06 - Cote (3)}
cotesex009.jpg,147303,b946b294,\Gallery 55\06 - Cote (3)\,{Shemale Yum Dvd03~G55~06-3~06 - Cote (3)}
cotesex010.jpg,145645,4966d936,\Gallery 55\06 - Cote (3)\,{Shemale Yum Dvd03~G55~06-3~06 - Cote (3)}
cotesex011.jpg,139641,55737ad6,\Gallery 55\06 - Cote (3)\,{Shemale Yum Dvd03~G55~06-3~06 - Cote (3)}
cotesex012.jpg,113826,a31274f9,\Gallery 55\06 - Cote (3)\,{Shemale Yum Dvd03~G55~06-3~06 - Cote (3)}
cotesex013.jpg,133185,984ecc93,\Gallery 55\06 - Cote (3)\,{Shemale Yum Dvd03~G55~06-3~06 - Cote (3)}
cotesex014.jpg,167805,1bcbeaa5,\Gallery 55\06 - Cote (3)\,{Shemale Yum Dvd03~G55~06-3~06 - Cote (3)}
cotesex015.jpg,193289,a61299d9,\Gallery 55\06 - Cote (3)\,{Shemale Yum Dvd03~G55~06-3~06 - Cote (3)}
cotesex016.jpg,152199,04e0e3c5,\Gallery 55\06 - Cote (3)\,{Shemale Yum Dvd03~G55~06-3~06 - Cote (3)}
cotesex017.jpg,167346,db0a759e,\Gallery 55\06 - Cote (3)\,{Shemale Yum Dvd03~G55~06-3~06 - Cote (3)}
cotesex018.jpg,166889,837de76d,\Gallery 55\06 - Cote (3)\,{Shemale Yum Dvd03~G55~06-3~06 - Cote (3)}
cotesex019.jpg,164027,268e7185,\Gallery 55\06 - Cote (3)\,{Shemale Yum Dvd03~G55~06-3~06 - Cote (3)}
cotesex020.jpg,97930,58182ac0,\Gallery 55\06 - Cote (3)\,{Shemale Yum Dvd03~G55~06-3~06 - Cote (3)}
cotesex021.jpg,102458,e9ee0769,\Gallery 55\06 - Cote (3)\,{Shemale Yum Dvd03~G55~06-3~06 - Cote (3)}
cotesex022.jpg,132522,799e4081,\Gallery 55\06 - Cote (3)\,{Shemale Yum Dvd03~G55~06-3~06 - Cote (3)}
cotesex023.jpg,161123,a0e03ed3,\Gallery 55\06 - Cote (3)\,{Shemale Yum Dvd03~G55~06-3~06 - Cote (3)}
cotesex024.jpg,106194,712b24ab,\Gallery 55\06 - Cote (3)\,{Shemale Yum Dvd03~G55~06-3~06 - Cote (3)}
cotesex025.jpg,89068,5712d238,\Gallery 55\06 - Cote (3)\,{Shemale Yum Dvd03~G55~06-3~06 - Cote (3)}
cotesex026.jpg,118323,006c3c34,\Gallery 55\06 - Cote (3)\,{Shemale Yum Dvd03~G55~06-3~06 - Cote (3)}
cotesex027.jpg,96932,6102d94d,\Gallery 55\06 - Cote (3)\,{Shemale Yum Dvd03~G55~06-3~06 - Cote (3)}
cotesex028.jpg,99153,6c13e379,\Gallery 55\06 - Cote (3)\,{Shemale Yum Dvd03~G55~06-3~06 - Cote (3)}
cotesex029.jpg,153855,0d5feb29,\Gallery 55\06 - Cote (3)\,{Shemale Yum Dvd03~G55~06-3~06 - Cote (3)}
cotesex030.jpg,170681,7879295e,\Gallery 55\06 - Cote (3)\,{Shemale Yum Dvd03~G55~06-3~06 - Cote (3)}
cotesex031.jpg,136800,8914658f,\Gallery 55\06 - Cote (3)\,{Shemale Yum Dvd03~G55~06-3~06 - Cote (3)}
cotesex032.jpg,175002,cacd2d99,\Gallery 55\06 - Cote (3)\,{Shemale Yum Dvd03~G55~06-3~06 - Cote (3)}
cotesex033.jpg,143498,735b8728,\Gallery 55\06 - Cote (3)\,{Shemale Yum Dvd03~G55~06-3~06 - Cote (3)}
cotesex034.jpg,176911,0b3bfb11,\Gallery 55\06 - Cote (3)\,{Shemale Yum Dvd03~G55~06-3~06 - Cote (3)}
cotesex035.jpg,148485,bc3a628e,\Gallery 55\06 - Cote (3)\,{Shemale Yum Dvd03~G55~06-3~06 - Cote (3)}
cotesex036.jpg,184037,60feb208,\Gallery 55\06 - Cote (3)\,{Shemale Yum Dvd03~G55~06-3~06 - Cote (3)}
cotesex037.jpg,179098,6073f5f6,\Gallery 55\06 - Cote (3)\,{Shemale Yum Dvd03~G55~06-3~06 - Cote (3)}
cotesex038.jpg,141156,923cd6f6,\Gallery 55\06 - Cote (3)\,{Shemale Yum Dvd03~G55~06-3~06 - Cote (3)}
cotesex039.jpg,133236,7cc7eb22,\Gallery 55\06 - Cote (3)\,{Shemale Yum Dvd03~G55~06-3~06 - Cote (3)}
cotesex040.jpg,149933,db5e00ef,\Gallery 55\06 - Cote (3)\,{Shemale Yum Dvd03~G55~06-3~06 - Cote (3)}
cotesex041.jpg,158999,4003fce4,\Gallery 55\06 - Cote (3)\,{Shemale Yum Dvd03~G55~06-3~06 - Cote (3)}
cotesex042.jpg,179035,74fa1b39,\Gallery 55\06 - Cote (3)\,{Shemale Yum Dvd03~G55~06-3~06 - Cote (3)}
cotesex043.jpg,135423,6f6a0622,\Gallery 55\06 - Cote (3)\,{Shemale Yum Dvd03~G55~06-3~06 - Cote (3)}
cotesex044.jpg,181299,30b6181e,\Gallery 55\06 - Cote (3)\,{Shemale Yum Dvd03~G55~06-3~06 - Cote (3)}
cotesex045.jpg,141406,b162aad4,\Gallery 55\06 - Cote (3)\,{Shemale Yum Dvd03~G55~06-3~06 - Cote (3)}
cotesex046.jpg,157759,f20faffd,\Gallery 55\06 - Cote (3)\,{Shemale Yum Dvd03~G55~06-3~06 - Cote (3)}
cotesex047.jpg,138024,9f9aa4f7,\Gallery 55\06 - Cote (3)\,{Shemale Yum Dvd03~G55~06-3~06 - Cote (3)}
cotesex048.jpg,152412,2bf8ed88,\Gallery 55\06 - Cote (3)\,{Shemale Yum Dvd03~G55~06-3~06 - Cote (3)}
cotesex049.jpg,90349,dbf34ed3,\Gallery 55\06 - Cote (3)\,{Shemale Yum Dvd03~G55~06-3~06 - Cote (3)}
cotesex050.jpg,93217,658a51b2,\Gallery 55\06 - Cote (3)\,{Shemale Yum Dvd03~G55~06-3~06 - Cote (3)}
cotesex051.jpg,105372,6c9475f2,\Gallery 55\06 - Cote (3)\,{Shemale Yum Dvd03~G55~06-3~06 - Cote (3)}
cotesex052.jpg,140785,d6419b94,\Gallery 55\06 - Cote (3)\,{Shemale Yum Dvd03~G55~06-3~06 - Cote (3)}
cotesex053.jpg,152460,af5ab916,\Gallery 55\06 - Cote (3)\,{Shemale Yum Dvd03~G55~06-3~06 - Cote (3)}
cotesex054.jpg,189856,270b7c5f,\Gallery 55\06 - Cote (3)\,{Shemale Yum Dvd03~G55~06-3~06 - Cote (3)}
cotesex055.jpg,149972,1fb60bb2,\Gallery 55\06 - Cote (3)\,{Shemale Yum Dvd03~G55~06-3~06 - Cote (3)}
cotesex056.jpg,190171,f73c4ad2,\Gallery 55\06 - Cote (3)\,{Shemale Yum Dvd03~G55~06-3~06 - Cote (3)}
cotesex057.jpg,117951,6c76150d,\Gallery 55\06 - Cote (3)\,{Shemale Yum Dvd03~G55~06-3~06 - Cote (3)}
cotesex058.jpg,122589,fd3da049,\Gallery 55\06 - Cote (3)\,{Shemale Yum Dvd03~G55~06-3~06 - Cote (3)}
cotesex059.jpg,162216,ffcf1204,\Gallery 55\06 - Cote (3)\,{Shemale Yum Dvd03~G55~06-3~06 - Cote (3)}
cotesex060.jpg,176329,34c95d86,\Gallery 55\06 - Cote (3)\,{Shemale Yum Dvd03~G55~06-3~06 - Cote (3)}
cotesex061.jpg,177707,1703e4d7,\Gallery 55\06 - Cote (3)\,{Shemale Yum Dvd03~G55~06-3~06 - Cote (3)}
cotesex062.jpg,139609,f7d5d1f3,\Gallery 55\06 - Cote (3)\,{Shemale Yum Dvd03~G55~06-3~06 - Cote (3)}
cotesex063.jpg,142362,a0362a59,\Gallery 55\06 - Cote (3)\,{Shemale Yum Dvd03~G55~06-3~06 - Cote (3)}
cotesex064.jpg,150783,b9942f28,\Gallery 55\06 - Cote (3)\,{Shemale Yum Dvd03~G55~06-3~06 - Cote (3)}
cotesex065.jpg,141424,e574c8c4,\Gallery 55\06 - Cote (3)\,{Shemale Yum Dvd03~G55~06-3~06 - Cote (3)}
cotesex066.jpg,174766,ac64216f,\Gallery 55\06 - Cote (3)\,{Shemale Yum Dvd03~G55~06-3~06 - Cote (3)}
cotesex067.jpg,160632,cf9f760c,\Gallery 55\06 - Cote (3)\,{Shemale Yum Dvd03~G55~06-3~06 - Cote (3)}
cotesex068.jpg,185130,43885791,\Gallery 55\06 - Cote (3)\,{Shemale Yum Dvd03~G55~06-3~06 - Cote (3)}
cotesex069.jpg,191710,a63357e7,\Gallery 55\06 - Cote (3)\,{Shemale Yum Dvd03~G55~06-3~06 - Cote (3)}
cotesex070.jpg,173802,90b6d588,\Gallery 55\06 - Cote (3)\,{Shemale Yum Dvd03~G55~06-3~06 - Cote (3)}
cotesex071.jpg,180965,e352eeb4,\Gallery 55\06 - Cote (3)\,{Shemale Yum Dvd03~G55~06-3~06 - Cote (3)}
cotesex072.jpg,168840,2fb8ba86,\Gallery 55\06 - Cote (3)\,{Shemale Yum Dvd03~G55~06-3~06 - Cote (3)}
cotesex073.jpg,171008,33cd03e2,\Gallery 55\06 - Cote (3)\,{Shemale Yum Dvd03~G55~06-3~06 - Cote (3)}
cotesex074.jpg,154862,ab960e97,\Gallery 55\06 - Cote (3)\,{Shemale Yum Dvd03~G55~06-3~06 - Cote (3)}
cotesex075.jpg,132870,ae424d0a,\Gallery 55\06 - Cote (3)\,{Shemale Yum Dvd03~G55~06-3~06 - Cote (3)}
cotesex076.jpg,179930,89288cd9,\Gallery 55\06 - Cote (3)\,{Shemale Yum Dvd03~G55~06-3~06 - Cote (3)}
cotesex077.jpg,118259,23801420,\Gallery 55\06 - Cote (3)\,{Shemale Yum Dvd03~G55~06-3~06 - Cote (3)}
cotesex078.jpg,87502,95920c6c,\Gallery 55\06 - Cote (3)\,{Shemale Yum Dvd03~G55~06-3~06 - Cote (3)}
cotesex079.jpg,121820,6cfad775,\Gallery 55\06 - Cote (3)\,{Shemale Yum Dvd03~G55~06-3~06 - Cote (3)}
cotesex080.jpg,115359,19f344d4,\Gallery 55\06 - Cote (3)\,{Shemale Yum Dvd03~G55~06-3~06 - Cote (3)}
cotesex081.jpg,182640,3e0c5c15,\Gallery 55\06 - Cote (3)\,{Shemale Yum Dvd03~G55~06-3~06 - Cote (3)}
cotesex082.jpg,175718,1d6a20e3,\Gallery 55\06 - Cote (3)\,{Shemale Yum Dvd03~G55~06-3~06 - Cote (3)}
cotesex083.jpg,162389,cb15a5c1,\Gallery 55\06 - Cote (3)\,{Shemale Yum Dvd03~G55~06-3~06 - Cote (3)}
cotesex084.jpg,153558,df53177d,\Gallery 55\06 - Cote (3)\,{Shemale Yum Dvd03~G55~06-3~06 - Cote (3)}
cotesex085.jpg,173996,fbaa64a5,\Gallery 55\06 - Cote (3)\,{Shemale Yum Dvd03~G55~06-3~06 - Cote (3)}
cotesex086.jpg,161292,9dff1758,\Gallery 55\06 - Cote (3)\,{Shemale Yum Dvd03~G55~06-3~06 - Cote (3)}
cotesex087.jpg,158487,7ce828d9,\Gallery 55\06 - Cote (3)\,{Shemale Yum Dvd03~G55~06-3~06 - Cote (3)}
cotesex088.jpg,150408,e8b830bf,\Gallery 55\06 - Cote (3)\,{Shemale Yum Dvd03~G55~06-3~06 - Cote (3)}
cotesex089.jpg,179157,6250902f,\Gallery 55\06 - Cote (3)\,{Shemale Yum Dvd03~G55~06-3~06 - Cote (3)}
cotesex090.jpg,164409,fe159b97,\Gallery 55\06 - Cote (3)\,{Shemale Yum Dvd03~G55~06-3~06 - Cote (3)}
cotesex091.jpg,185886,97006b0a,\Gallery 55\06 - Cote (3)\,{Shemale Yum Dvd03~G55~06-3~06 - Cote (3)}
cotesex092.jpg,165820,2c81cabd,\Gallery 55\06 - Cote (3)\,{Shemale Yum Dvd03~G55~06-3~06 - Cote (3)}
cotesex093.jpg,148267,c3ba8dc3,\Gallery 55\06 - Cote (3)\,{Shemale Yum Dvd03~G55~06-3~06 - Cote (3)}
cotesex094.jpg,132397,f05e2e5e,\Gallery 55\06 - Cote (3)\,{Shemale Yum Dvd03~G55~06-3~06 - Cote (3)}
cotesex095.jpg,136147,f93fe2c4,\Gallery 55\06 - Cote (3)\,{Shemale Yum Dvd03~G55~06-3~06 - Cote (3)}
cotesex096.jpg,142776,748ac37e,\Gallery 55\06 - Cote (3)\,{Shemale Yum Dvd03~G55~06-3~06 - Cote (3)}
cotesex097.jpg,144413,0816f7a5,\Gallery 55\06 - Cote (3)\,{Shemale Yum Dvd03~G55~06-3~06 - Cote (3)}
cotesex098.jpg,123739,6505dcf4,\Gallery 55\06 - Cote (3)\,{Shemale Yum Dvd03~G55~06-3~06 - Cote (3)}
cotesex099.jpg,153690,1e012b0f,\Gallery 55\06 - Cote (3)\,{Shemale Yum Dvd03~G55~06-3~06 - Cote (3)}
cotesex100.jpg,152455,c03ee4cc,\Gallery 55\06 - Cote (3)\,{Shemale Yum Dvd03~G55~06-3~06 - Cote (3)}
cotesex101.jpg,145872,4e4bba33,\Gallery 55\06 - Cote (3)\,{Shemale Yum Dvd03~G55~06-3~06 - Cote (3)}
cotesex102.jpg,173592,a3df5913,\Gallery 55\06 - Cote (3)\,{Shemale Yum Dvd03~G55~06-3~06 - Cote (3)}
cotesex103.jpg,148323,9f35db2e,\Gallery 55\06 - Cote (3)\,{Shemale Yum Dvd03~G55~06-3~06 - Cote (3)}
cotesex104.jpg,142387,5ca844db,\Gallery 55\06 - Cote (3)\,{Shemale Yum Dvd03~G55~06-3~06 - Cote (3)}
cotesex105.jpg,173683,59cefed6,\Gallery 55\06 - Cote (3)\,{Shemale Yum Dvd03~G55~06-3~06 - Cote (3)}
cotesex106.jpg,159696,1f30bba7,\Gallery 55\06 - Cote (3)\,{Shemale Yum Dvd03~G55~06-3~06 - Cote (3)}
cotesex107.jpg,133924,e433f1ae,\Gallery 55\06 - Cote (3)\,{Shemale Yum Dvd03~G55~06-3~06 - Cote (3)}
cotesex108.jpg,137335,d95bf40e,\Gallery 55\06 - Cote (3)\,{Shemale Yum Dvd03~G55~06-3~06 - Cote (3)}
cotesex109.jpg,147522,11255d37,\Gallery 55\06 - Cote (3)\,{Shemale Yum Dvd03~G55~06-3~06 - Cote (3)}
cotesex110.jpg,172157,0f41d106,\Gallery 55\06 - Cote (3)\,{Shemale Yum Dvd03~G55~06-3~06 - Cote (3)}
cotesex111.jpg,143075,4afc0705,\Gallery 55\06 - Cote (3)\,{Shemale Yum Dvd03~G55~06-3~06 - Cote (3)}
cotesex112.jpg,147586,97bc9641,\Gallery 55\06 - Cote (3)\,{Shemale Yum Dvd03~G55~06-3~06 - Cote (3)}
cotesex113.jpg,128356,d29918f8,\Gallery 55\06 - Cote (3)\,{Shemale Yum Dvd03~G55~06-3~06 - Cote (3)}
cotesex114.jpg,190714,cf74c5c8,\Gallery 55\06 - Cote (3)\,{Shemale Yum Dvd03~G55~06-3~06 - Cote (3)}
cotesex115.jpg,145515,ec8a51e2,\Gallery 55\06 - Cote (3)\,{Shemale Yum Dvd03~G55~06-3~06 - Cote (3)}
cotesex116.jpg,139483,465c8277,\Gallery 55\06 - Cote (3)\,{Shemale Yum Dvd03~G55~06-3~06 - Cote (3)}
cotesex117.jpg,135485,d245a62b,\Gallery 55\06 - Cote (3)\,{Shemale Yum Dvd03~G55~06-3~06 - Cote (3)}
cotesex118.jpg,139202,eea9e33a,\Gallery 55\06 - Cote (3)\,{Shemale Yum Dvd03~G55~06-3~06 - Cote (3)}
cotesex119.jpg,133204,6664b784,\Gallery 55\06 - Cote (3)\,{Shemale Yum Dvd03~G55~06-3~06 - Cote (3)}
cotesex120.jpg,140683,c4257871,\Gallery 55\06 - Cote (3)\,{Shemale Yum Dvd03~G55~06-3~06 - Cote (3)}
cotesex121.jpg,138605,c5a5c00f,\Gallery 55\06 - Cote (3)\,{Shemale Yum Dvd03~G55~06-3~06 - Cote (3)}
cotesex122.jpg,133508,6ae973b9,\Gallery 55\06 - Cote (3)\,{Shemale Yum Dvd03~G55~06-3~06 - Cote (3)}
cotesex123.jpg,148638,44e5eb89,\Gallery 55\06 - Cote (3)\,{Shemale Yum Dvd03~G55~06-3~06 - Cote (3)}
cotesex124.jpg,139851,e150b520,\Gallery 55\06 - Cote (3)\,{Shemale Yum Dvd03~G55~06-3~06 - Cote (3)}
cotesex125.jpg,152886,85ea3b53,\Gallery 55\06 - Cote (3)\,{Shemale Yum Dvd03~G55~06-3~06 - Cote (3)}
cotesex126.jpg,149736,021cc2a9,\Gallery 55\06 - Cote (3)\,{Shemale Yum Dvd03~G55~06-3~06 - Cote (3)}
cotesex127.jpg,168858,e2a4978c,\Gallery 55\06 - Cote (3)\,{Shemale Yum Dvd03~G55~06-3~06 - Cote (3)}
cotesex128.jpg,164405,e35bef46,\Gallery 55\06 - Cote (3)\,{Shemale Yum Dvd03~G55~06-3~06 - Cote (3)}
cotesex129.jpg,117432,b7678d42,\Gallery 55\06 - Cote (3)\,{Shemale Yum Dvd03~G55~06-3~06 - Cote (3)}
01010305.jpg,127279,dc144a69,\Gallery 55\06 - Cote (2)\,{Shemale Yum Dvd03~G55~06-2~06 - Cote (2)}
01010307.jpg,140275,4713c6c1,\Gallery 55\06 - Cote (2)\,{Shemale Yum Dvd03~G55~06-2~06 - Cote (2)}
01010308.jpg,148802,36cb25c4,\Gallery 55\06 - Cote (2)\,{Shemale Yum Dvd03~G55~06-2~06 - Cote (2)}
01010309.jpg,171731,66b5ba6a,\Gallery 55\06 - Cote (2)\,{Shemale Yum Dvd03~G55~06-2~06 - Cote (2)}
01010310.jpg,165292,b3a999dc,\Gallery 55\06 - Cote (2)\,{Shemale Yum Dvd03~G55~06-2~06 - Cote (2)}
01010311.jpg,171486,aee64213,\Gallery 55\06 - Cote (2)\,{Shemale Yum Dvd03~G55~06-2~06 - Cote (2)}
01010312.jpg,165273,74632921,\Gallery 55\06 - Cote (2)\,{Shemale Yum Dvd03~G55~06-2~06 - Cote (2)}
01010313.jpg,151399,9a671a98,\Gallery 55\06 - Cote (2)\,{Shemale Yum Dvd03~G55~06-2~06 - Cote (2)}
01010314.jpg,185716,0bf26869,\Gallery 55\06 - Cote (2)\,{Shemale Yum Dvd03~G55~06-2~06 - Cote (2)}
01010315.jpg,154723,a4b3c063,\Gallery 55\06 - Cote (2)\,{Shemale Yum Dvd03~G55~06-2~06 - Cote (2)}
01010316.jpg,192957,358082e8,\Gallery 55\06 - Cote (2)\,{Shemale Yum Dvd03~G55~06-2~06 - Cote (2)}
01010318.jpg,142567,bd3dbaa6,\Gallery 55\06 - Cote (2)\,{Shemale Yum Dvd03~G55~06-2~06 - Cote (2)}
01010319.jpg,150039,2c8e3b12,\Gallery 55\06 - Cote (2)\,{Shemale Yum Dvd03~G55~06-2~06 - Cote (2)}
01010320.jpg,168848,cd24b48d,\Gallery 55\06 - Cote (2)\,{Shemale Yum Dvd03~G55~06-2~06 - Cote (2)}
01010321.jpg,183045,58237840,\Gallery 55\06 - Cote (2)\,{Shemale Yum Dvd03~G55~06-2~06 - Cote (2)}
01010322.jpg,170426,110bf591,\Gallery 55\06 - Cote (2)\,{Shemale Yum Dvd03~G55~06-2~06 - Cote (2)}
01010323.jpg,181491,cad93d50,\Gallery 55\06 - Cote (2)\,{Shemale Yum Dvd03~G55~06-2~06 - Cote (2)}
01010324.jpg,137116,1832f18f,\Gallery 55\06 - Cote (2)\,{Shemale Yum Dvd03~G55~06-2~06 - Cote (2)}
01010325.jpg,147301,14a0c3ee,\Gallery 55\06 - Cote (2)\,{Shemale Yum Dvd03~G55~06-2~06 - Cote (2)}
01010326.jpg,191693,2b670de0,\Gallery 55\06 - Cote (2)\,{Shemale Yum Dvd03~G55~06-2~06 - Cote (2)}
01010327.jpg,136800,e4bd56d0,\Gallery 55\06 - Cote (2)\,{Shemale Yum Dvd03~G55~06-2~06 - Cote (2)}
01010328.jpg,184996,733b726c,\Gallery 55\06 - Cote (2)\,{Shemale Yum Dvd03~G55~06-2~06 - Cote (2)}
01010329.jpg,195204,2877d542,\Gallery 55\06 - Cote (2)\,{Shemale Yum Dvd03~G55~06-2~06 - Cote (2)}
01010330.jpg,145817,a45dc4f9,\Gallery 55\06 - Cote (2)\,{Shemale Yum Dvd03~G55~06-2~06 - Cote (2)}
01010331.jpg,193385,f29fb80d,\Gallery 55\06 - Cote (2)\,{Shemale Yum Dvd03~G55~06-2~06 - Cote (2)}
01010334.jpg,194955,187df877,\Gallery 55\06 - Cote (2)\,{Shemale Yum Dvd03~G55~06-2~06 - Cote (2)}
01010335.jpg,155511,7bf34300,\Gallery 55\06 - Cote (2)\,{Shemale Yum Dvd03~G55~06-2~06 - Cote (2)}
01010336.jpg,163349,94aabf87,\Gallery 55\06 - Cote (2)\,{Shemale Yum Dvd03~G55~06-2~06 - Cote (2)}
01010337.jpg,190487,ec15461c,\Gallery 55\06 - Cote (2)\,{Shemale Yum Dvd03~G55~06-2~06 - Cote (2)}
01010338.jpg,143349,30486f36,\Gallery 55\06 - Cote (2)\,{Shemale Yum Dvd03~G55~06-2~06 - Cote (2)}
01010340.jpg,172863,aff844a1,\Gallery 55\06 - Cote (2)\,{Shemale Yum Dvd03~G55~06-2~06 - Cote (2)}
01010341.jpg,146042,46ee1846,\Gallery 55\06 - Cote (2)\,{Shemale Yum Dvd03~G55~06-2~06 - Cote (2)}
01010342.jpg,190309,f3c9ac1a,\Gallery 55\06 - Cote (2)\,{Shemale Yum Dvd03~G55~06-2~06 - Cote (2)}
01010343.jpg,148163,4331d2d8,\Gallery 55\06 - Cote (2)\,{Shemale Yum Dvd03~G55~06-2~06 - Cote (2)}
01010344.jpg,182782,78f3d48a,\Gallery 55\06 - Cote (2)\,{Shemale Yum Dvd03~G55~06-2~06 - Cote (2)}
01010345.jpg,150313,85fa1e1e,\Gallery 55\06 - Cote (2)\,{Shemale Yum Dvd03~G55~06-2~06 - Cote (2)}
01010346.jpg,184979,20ef2906,\Gallery 55\06 - Cote (2)\,{Shemale Yum Dvd03~G55~06-2~06 - Cote (2)}
01010347.jpg,179390,fe448e87,\Gallery 55\06 - Cote (2)\,{Shemale Yum Dvd03~G55~06-2~06 - Cote (2)}
01010348.jpg,134099,adc5e8e4,\Gallery 55\06 - Cote (2)\,{Shemale Yum Dvd03~G55~06-2~06 - Cote (2)}
01010349.jpg,150518,5a9e9d7b,\Gallery 55\06 - Cote (2)\,{Shemale Yum Dvd03~G55~06-2~06 - Cote (2)}
01010350.jpg,150917,ff6c7d9e,\Gallery 55\06 - Cote (2)\,{Shemale Yum Dvd03~G55~06-2~06 - Cote (2)}
01010351.jpg,158666,7eb947ac,\Gallery 55\06 - Cote (2)\,{Shemale Yum Dvd03~G55~06-2~06 - Cote (2)}
01010352.jpg,152093,90a1a1a3,\Gallery 55\06 - Cote (2)\,{Shemale Yum Dvd03~G55~06-2~06 - Cote (2)}
01010353.jpg,146858,90d783ed,\Gallery 55\06 - Cote (2)\,{Shemale Yum Dvd03~G55~06-2~06 - Cote (2)}
01010354.jpg,187266,e81acd08,\Gallery 55\06 - Cote (2)\,{Shemale Yum Dvd03~G55~06-2~06 - Cote (2)}
01010355.jpg,146185,d33f033f,\Gallery 55\06 - Cote (2)\,{Shemale Yum Dvd03~G55~06-2~06 - Cote (2)}
01010357.jpg,190034,0b08f3ca,\Gallery 55\06 - Cote (2)\,{Shemale Yum Dvd03~G55~06-2~06 - Cote (2)}
01010358.jpg,142213,9f55c074,\Gallery 55\06 - Cote (2)\,{Shemale Yum Dvd03~G55~06-2~06 - Cote (2)}
01010359.jpg,189562,8f7bb2b0,\Gallery 55\06 - Cote (2)\,{Shemale Yum Dvd03~G55~06-2~06 - Cote (2)}
01010360.jpg,184625,1cf35765,\Gallery 55\06 - Cote (2)\,{Shemale Yum Dvd03~G55~06-2~06 - Cote (2)}
01010361.jpg,178802,d1af22db,\Gallery 55\06 - Cote (2)\,{Shemale Yum Dvd03~G55~06-2~06 - Cote (2)}
01010362.jpg,170749,9b60d694,\Gallery 55\06 - Cote (2)\,{Shemale Yum Dvd03~G55~06-2~06 - Cote (2)}
01010363.jpg,143539,42525809,\Gallery 55\06 - Cote (2)\,{Shemale Yum Dvd03~G55~06-2~06 - Cote (2)}
01010364.jpg,151409,e7014a2f,\Gallery 55\06 - Cote (2)\,{Shemale Yum Dvd03~G55~06-2~06 - Cote (2)}
01010365.jpg,143164,e7dded73,\Gallery 55\06 - Cote (2)\,{Shemale Yum Dvd03~G55~06-2~06 - Cote (2)}
01010366.jpg,186160,2f7b5975,\Gallery 55\06 - Cote (2)\,{Shemale Yum Dvd03~G55~06-2~06 - Cote (2)}
01010367.jpg,185306,d47c4017,\Gallery 55\06 - Cote (2)\,{Shemale Yum Dvd03~G55~06-2~06 - Cote (2)}
01010368.jpg,148999,1610deae,\Gallery 55\06 - Cote (2)\,{Shemale Yum Dvd03~G55~06-2~06 - Cote (2)}
01010370.jpg,185241,00db50cc,\Gallery 55\06 - Cote (2)\,{Shemale Yum Dvd03~G55~06-2~06 - Cote (2)}
01010371.jpg,144582,258cd0e3,\Gallery 55\06 - Cote (2)\,{Shemale Yum Dvd03~G55~06-2~06 - Cote (2)}
01010372.jpg,142101,45726862,\Gallery 55\06 - Cote (2)\,{Shemale Yum Dvd03~G55~06-2~06 - Cote (2)}
01010373.jpg,182557,e16976c9,\Gallery 55\06 - Cote (2)\,{Shemale Yum Dvd03~G55~06-2~06 - Cote (2)}
01010374.jpg,157746,d2d47521,\Gallery 55\06 - Cote (2)\,{Shemale Yum Dvd03~G55~06-2~06 - Cote (2)}
01010375.jpg,190204,9fbb7791,\Gallery 55\06 - Cote (2)\,{Shemale Yum Dvd03~G55~06-2~06 - Cote (2)}
01010377.jpg,182685,affe01cb,\Gallery 55\06 - Cote (2)\,{Shemale Yum Dvd03~G55~06-2~06 - Cote (2)}
01010378.jpg,181066,b6c63756,\Gallery 55\06 - Cote (2)\,{Shemale Yum Dvd03~G55~06-2~06 - Cote (2)}
01010379.jpg,177837,89730025,\Gallery 55\06 - Cote (2)\,{Shemale Yum Dvd03~G55~06-2~06 - Cote (2)}
01010380.jpg,181768,a6c4bf09,\Gallery 55\06 - Cote (2)\,{Shemale Yum Dvd03~G55~06-2~06 - Cote (2)}
01010381.jpg,147390,d702edaa,\Gallery 55\06 - Cote (2)\,{Shemale Yum Dvd03~G55~06-2~06 - Cote (2)}
01010382.jpg,176383,b6f2c3a0,\Gallery 55\06 - Cote (2)\,{Shemale Yum Dvd03~G55~06-2~06 - Cote (2)}
01010383.jpg,137840,2fe3aef0,\Gallery 55\06 - Cote (2)\,{Shemale Yum Dvd03~G55~06-2~06 - Cote (2)}
01010384.jpg,141474,0bea30f8,\Gallery 55\06 - Cote (2)\,{Shemale Yum Dvd03~G55~06-2~06 - Cote (2)}
01010385.jpg,176536,7b718c4f,\Gallery 55\06 - Cote (2)\,{Shemale Yum Dvd03~G55~06-2~06 - Cote (2)}
01010386.jpg,188449,85116fe9,\Gallery 55\06 - Cote (2)\,{Shemale Yum Dvd03~G55~06-2~06 - Cote (2)}
01010387.jpg,143475,3f3a7e35,\Gallery 55\06 - Cote (2)\,{Shemale Yum Dvd03~G55~06-2~06 - Cote (2)}
01010388.jpg,173112,3cbf1245,\Gallery 55\06 - Cote (2)\,{Shemale Yum Dvd03~G55~06-2~06 - Cote (2)}
01010389.jpg,137446,b723535a,\Gallery 55\06 - Cote (2)\,{Shemale Yum Dvd03~G55~06-2~06 - Cote (2)}
01010390.jpg,159554,2b13fc50,\Gallery 55\06 - Cote (2)\,{Shemale Yum Dvd03~G55~06-2~06 - Cote (2)}
01010391.jpg,180478,cddf48e9,\Gallery 55\06 - Cote (2)\,{Shemale Yum Dvd03~G55~06-2~06 - Cote (2)}
01010392.jpg,159137,465baac3,\Gallery 55\06 - Cote (2)\,{Shemale Yum Dvd03~G55~06-2~06 - Cote (2)}
01010394.jpg,189048,d2bcd848,\Gallery 55\06 - Cote (2)\,{Shemale Yum Dvd03~G55~06-2~06 - Cote (2)}
01010395.jpg,156557,4f2aa95a,\Gallery 55\06 - Cote (2)\,{Shemale Yum Dvd03~G55~06-2~06 - Cote (2)}
01010396.jpg,145810,a4e0bad7,\Gallery 55\06 - Cote (2)\,{Shemale Yum Dvd03~G55~06-2~06 - Cote (2)}
01010397.jpg,149110,b4d38681,\Gallery 55\06 - Cote (2)\,{Shemale Yum Dvd03~G55~06-2~06 - Cote (2)}
01010398.jpg,185607,1d00752f,\Gallery 55\06 - Cote (2)\,{Shemale Yum Dvd03~G55~06-2~06 - Cote (2)}
01010399.jpg,190826,222ae39c,\Gallery 55\06 - Cote (2)\,{Shemale Yum Dvd03~G55~06-2~06 - Cote (2)}
01010400.jpg,138134,37f48fba,\Gallery 55\06 - Cote (2)\,{Shemale Yum Dvd03~G55~06-2~06 - Cote (2)}
01010401.jpg,170993,40347359,\Gallery 55\06 - Cote (2)\,{Shemale Yum Dvd03~G55~06-2~06 - Cote (2)}
01010402.jpg,142850,21114996,\Gallery 55\06 - Cote (2)\,{Shemale Yum Dvd03~G55~06-2~06 - Cote (2)}
01010403.jpg,183381,49cda03b,\Gallery 55\06 - Cote (2)\,{Shemale Yum Dvd03~G55~06-2~06 - Cote (2)}
urischcote01010376.jpg,173208,0c41f7c5,\Gallery 55\06 - Cote (2)\,{Shemale Yum Dvd03~G55~06-2~06 - Cote (2)}
urishcote01010306.jpg,139507,7395c42b,\Gallery 55\06 - Cote (2)\,{Shemale Yum Dvd03~G55~06-2~06 - Cote (2)}
naesha001.jpg,152305,b99858a2,\Gallery 55\07 - Amber\,{Shemale Yum Dvd03~G55~07~07 - Amber}
naesha002.jpg,114243,ac5fbb80,\Gallery 55\07 - Amber\,{Shemale Yum Dvd03~G55~07~07 - Amber}
naesha003.jpg,161638,a45f2222,\Gallery 55\07 - Amber\,{Shemale Yum Dvd03~G55~07~07 - Amber}
naesha004.jpg,147563,556a20a2,\Gallery 55\07 - Amber\,{Shemale Yum Dvd03~G55~07~07 - Amber}
naesha005.jpg,159614,a66136ea,\Gallery 55\07 - Amber\,{Shemale Yum Dvd03~G55~07~07 - Amber}
naesha006.jpg,163282,a8ac95f9,\Gallery 55\07 - Amber\,{Shemale Yum Dvd03~G55~07~07 - Amber}
naesha007.jpg,156406,27ec4761,\Gallery 55\07 - Amber\,{Shemale Yum Dvd03~G55~07~07 - Amber}
naesha008.jpg,158362,d9e35952,\Gallery 55\07 - Amber\,{Shemale Yum Dvd03~G55~07~07 - Amber}
naesha009.jpg,151774,ecc00268,\Gallery 55\07 - Amber\,{Shemale Yum Dvd03~G55~07~07 - Amber}
naesha010.jpg,156074,a9550cb7,\Gallery 55\07 - Amber\,{Shemale Yum Dvd03~G55~07~07 - Amber}
naesha012.jpg,155136,b0bf4bfb,\Gallery 55\07 - Amber\,{Shemale Yum Dvd03~G55~07~07 - Amber}
naesha013.jpg,150460,9c1e3b23,\Gallery 55\07 - Amber\,{Shemale Yum Dvd03~G55~07~07 - Amber}
naesha014.jpg,157392,2cb155e6,\Gallery 55\07 - Amber\,{Shemale Yum Dvd03~G55~07~07 - Amber}
naesha015.jpg,153129,f624a457,\Gallery 55\07 - Amber\,{Shemale Yum Dvd03~G55~07~07 - Amber}
naesha016.jpg,157173,0bc24ae8,\Gallery 55\07 - Amber\,{Shemale Yum Dvd03~G55~07~07 - Amber}
naesha017.jpg,153395,c65832dc,\Gallery 55\07 - Amber\,{Shemale Yum Dvd03~G55~07~07 - Amber}
naesha018.jpg,145774,7a4ec04a,\Gallery 55\07 - Amber\,{Shemale Yum Dvd03~G55~07~07 - Amber}
naesha019.jpg,148731,20da4665,\Gallery 55\07 - Amber\,{Shemale Yum Dvd03~G55~07~07 - Amber}
naesha021.jpg,107526,e945be8a,\Gallery 55\07 - Amber\,{Shemale Yum Dvd03~G55~07~07 - Amber}
naesha022.jpg,153010,746a1127,\Gallery 55\07 - Amber\,{Shemale Yum Dvd03~G55~07~07 - Amber}
naesha023.jpg,162508,8e9d91f2,\Gallery 55\07 - Amber\,{Shemale Yum Dvd03~G55~07~07 - Amber}
naesha024.jpg,154712,c296da3b,\Gallery 55\07 - Amber\,{Shemale Yum Dvd03~G55~07~07 - Amber}
naesha025.jpg,160070,a8cee5aa,\Gallery 55\07 - Amber\,{Shemale Yum Dvd03~G55~07~07 - Amber}
naesha026.jpg,158299,a39b0685,\Gallery 55\07 - Amber\,{Shemale Yum Dvd03~G55~07~07 - Amber}
naesha027.jpg,149412,89d4857b,\Gallery 55\07 - Amber\,{Shemale Yum Dvd03~G55~07~07 - Amber}
naesha028.jpg,154601,b3ca205a,\Gallery 55\07 - Amber\,{Shemale Yum Dvd03~G55~07~07 - Amber}
naesha029.jpg,162989,a1db41e7,\Gallery 55\07 - Amber\,{Shemale Yum Dvd03~G55~07~07 - Amber}
naesha030.jpg,158034,2f5eb7d5,\Gallery 55\07 - Amber\,{Shemale Yum Dvd03~G55~07~07 - Amber}
naesha031.jpg,153960,b99e04b5,\Gallery 55\07 - Amber\,{Shemale Yum Dvd03~G55~07~07 - Amber}
naesha032.jpg,151401,1bbc3892,\Gallery 55\07 - Amber\,{Shemale Yum Dvd03~G55~07~07 - Amber}
naesha033.jpg,142065,335beddc,\Gallery 55\07 - Amber\,{Shemale Yum Dvd03~G55~07~07 - Amber}
naesha034.jpg,153235,acd140a8,\Gallery 55\07 - Amber\,{Shemale Yum Dvd03~G55~07~07 - Amber}
naesha035.jpg,161399,8d033f3f,\Gallery 55\07 - Amber\,{Shemale Yum Dvd03~G55~07~07 - Amber}
naesha036.jpg,161344,356ce999,\Gallery 55\07 - Amber\,{Shemale Yum Dvd03~G55~07~07 - Amber}
naesha037.jpg,153726,8f498f1a,\Gallery 55\07 - Amber\,{Shemale Yum Dvd03~G55~07~07 - Amber}
naesha038.jpg,147348,97aeffd1,\Gallery 55\07 - Amber\,{Shemale Yum Dvd03~G55~07~07 - Amber}
naesha039.jpg,155704,daa02e95,\Gallery 55\07 - Amber\,{Shemale Yum Dvd03~G55~07~07 - Amber}
naesha040.jpg,146980,b155d745,\Gallery 55\07 - Amber\,{Shemale Yum Dvd03~G55~07~07 - Amber}
naesha042.jpg,159071,83d01c0e,\Gallery 55\07 - Amber\,{Shemale Yum Dvd03~G55~07~07 - Amber}
naesha043.jpg,173159,eefa9a68,\Gallery 55\07 - Amber\,{Shemale Yum Dvd03~G55~07~07 - Amber}
naesha044.jpg,151439,bf45083e,\Gallery 55\07 - Amber\,{Shemale Yum Dvd03~G55~07~07 - Amber}
naesha045.jpg,167265,1d576f25,\Gallery 55\07 - Amber\,{Shemale Yum Dvd03~G55~07~07 - Amber}
naesha046.jpg,151609,c7dac0b8,\Gallery 55\07 - Amber\,{Shemale Yum Dvd03~G55~07~07 - Amber}
naesha047.jpg,154859,a920c607,\Gallery 55\07 - Amber\,{Shemale Yum Dvd03~G55~07~07 - Amber}
naesha048.jpg,144148,cb4af4a2,\Gallery 55\07 - Amber\,{Shemale Yum Dvd03~G55~07~07 - Amber}
naesha049.jpg,143102,edf3094e,\Gallery 55\07 - Amber\,{Shemale Yum Dvd03~G55~07~07 - Amber}
naesha051.jpg,154911,e7266f56,\Gallery 55\07 - Amber\,{Shemale Yum Dvd03~G55~07~07 - Amber}
naesha052.jpg,157140,8d6df019,\Gallery 55\07 - Amber\,{Shemale Yum Dvd03~G55~07~07 - Amber}
naesha053.jpg,164877,c7afb5da,\Gallery 55\07 - Amber\,{Shemale Yum Dvd03~G55~07~07 - Amber}
naesha054.jpg,159981,983a4b60,\Gallery 55\07 - Amber\,{Shemale Yum Dvd03~G55~07~07 - Amber}
naesha055.jpg,165352,45662b19,\Gallery 55\07 - Amber\,{Shemale Yum Dvd03~G55~07~07 - Amber}
naesha056.jpg,160234,277d3f4b,\Gallery 55\07 - Amber\,{Shemale Yum Dvd03~G55~07~07 - Amber}
naesha057.jpg,162337,1afca472,\Gallery 55\07 - Amber\,{Shemale Yum Dvd03~G55~07~07 - Amber}
naesha058.jpg,139494,f8727b1d,\Gallery 55\07 - Amber\,{Shemale Yum Dvd03~G55~07~07 - Amber}
naesha059.jpg,133375,425fb6bb,\Gallery 55\07 - Amber\,{Shemale Yum Dvd03~G55~07~07 - Amber}
naesha060.jpg,138299,842cf9c1,\Gallery 55\07 - Amber\,{Shemale Yum Dvd03~G55~07~07 - Amber}
naesha061.jpg,92169,9538f933,\Gallery 55\07 - Amber\,{Shemale Yum Dvd03~G55~07~07 - Amber}
naesha062.jpg,118456,0ab14c8f,\Gallery 55\07 - Amber\,{Shemale Yum Dvd03~G55~07~07 - Amber}
naesha063.jpg,141013,e60bbace,\Gallery 55\07 - Amber\,{Shemale Yum Dvd03~G55~07~07 - Amber}
naesha064.jpg,133350,4832cc0f,\Gallery 55\07 - Amber\,{Shemale Yum Dvd03~G55~07~07 - Amber}
naesha065.jpg,172028,5703c275,\Gallery 55\07 - Amber\,{Shemale Yum Dvd03~G55~07~07 - Amber}
naesha066.jpg,127422,b5c83b4a,\Gallery 55\07 - Amber\,{Shemale Yum Dvd03~G55~07~07 - Amber}
naesha067.jpg,136289,79475c10,\Gallery 55\07 - Amber\,{Shemale Yum Dvd03~G55~07~07 - Amber}
naesha068.jpg,137271,113b6a68,\Gallery 55\07 - Amber\,{Shemale Yum Dvd03~G55~07~07 - Amber}
naesha069.jpg,148905,e341d1bb,\Gallery 55\07 - Amber\,{Shemale Yum Dvd03~G55~07~07 - Amber}
naesha070.jpg,137663,20d5efee,\Gallery 55\07 - Amber\,{Shemale Yum Dvd03~G55~07~07 - Amber}
naesha071.jpg,131793,0483be53,\Gallery 55\07 - Amber\,{Shemale Yum Dvd03~G55~07~07 - Amber}
naesha072.jpg,118166,cab0279b,\Gallery 55\07 - Amber\,{Shemale Yum Dvd03~G55~07~07 - Amber}
naesha073.jpg,150557,8075244d,\Gallery 55\07 - Amber\,{Shemale Yum Dvd03~G55~07~07 - Amber}
naesha074.jpg,158009,6f39d230,\Gallery 55\07 - Amber\,{Shemale Yum Dvd03~G55~07~07 - Amber}
naesha075.jpg,144517,6a6b032a,\Gallery 55\07 - Amber\,{Shemale Yum Dvd03~G55~07~07 - Amber}
naesha076.jpg,154648,e154c598,\Gallery 55\07 - Amber\,{Shemale Yum Dvd03~G55~07~07 - Amber}
naesha077.jpg,145324,a41a4610,\Gallery 55\07 - Amber\,{Shemale Yum Dvd03~G55~07~07 - Amber}
naesha078.jpg,142977,4f62e909,\Gallery 55\07 - Amber\,{Shemale Yum Dvd03~G55~07~07 - Amber}
naesha079.jpg,132885,e7685699,\Gallery 55\07 - Amber\,{Shemale Yum Dvd03~G55~07~07 - Amber}
naesha080.jpg,151867,d5c046b2,\Gallery 55\07 - Amber\,{Shemale Yum Dvd03~G55~07~07 - Amber}
naesha081.jpg,119291,cf965e5c,\Gallery 55\07 - Amber\,{Shemale Yum Dvd03~G55~07~07 - Amber}
naesha082.jpg,127989,8f5e77bd,\Gallery 55\07 - Amber\,{Shemale Yum Dvd03~G55~07~07 - Amber}
naesha083.jpg,145979,d83ddd7e,\Gallery 55\07 - Amber\,{Shemale Yum Dvd03~G55~07~07 - Amber}
naesha084.jpg,134690,f0a03c06,\Gallery 55\07 - Amber\,{Shemale Yum Dvd03~G55~07~07 - Amber}
naesha085.jpg,150590,e1b0459e,\Gallery 55\07 - Amber\,{Shemale Yum Dvd03~G55~07~07 - Amber}
naesha086.jpg,133945,24329a56,\Gallery 55\07 - Amber\,{Shemale Yum Dvd03~G55~07~07 - Amber}
naesha087.jpg,168023,d4b3bc2a,\Gallery 55\07 - Amber\,{Shemale Yum Dvd03~G55~07~07 - Amber}
naesha088.jpg,129226,731cc916,\Gallery 55\07 - Amber\,{Shemale Yum Dvd03~G55~07~07 - Amber}
naesha089.jpg,139505,3fa47334,\Gallery 55\07 - Amber\,{Shemale Yum Dvd03~G55~07~07 - Amber}
naesha090.jpg,122641,85c3e942,\Gallery 55\07 - Amber\,{Shemale Yum Dvd03~G55~07~07 - Amber}
naesha091.jpg,124464,c6f4e2e4,\Gallery 55\07 - Amber\,{Shemale Yum Dvd03~G55~07~07 - Amber}
naesha092.jpg,117653,3181e32c,\Gallery 55\07 - Amber\,{Shemale Yum Dvd03~G55~07~07 - Amber}
naesha093.jpg,124131,ec44b3e2,\Gallery 55\07 - Amber\,{Shemale Yum Dvd03~G55~07~07 - Amber}
naesha094.jpg,124518,2ee7d177,\Gallery 55\07 - Amber\,{Shemale Yum Dvd03~G55~07~07 - Amber}
naesha095.jpg,126598,1768f50b,\Gallery 55\07 - Amber\,{Shemale Yum Dvd03~G55~07~07 - Amber}
naesha096.jpg,114057,1dfc16d6,\Gallery 55\07 - Amber\,{Shemale Yum Dvd03~G55~07~07 - Amber}
naesha097.jpg,129201,ff69d53c,\Gallery 55\07 - Amber\,{Shemale Yum Dvd03~G55~07~07 - Amber}
naesha098.jpg,133650,5fc87c99,\Gallery 55\07 - Amber\,{Shemale Yum Dvd03~G55~07~07 - Amber}
naesha100.jpg,132948,37b21b1d,\Gallery 55\07 - Amber\,{Shemale Yum Dvd03~G55~07~07 - Amber}
naesha101.jpg,129771,2acd433f,\Gallery 55\07 - Amber\,{Shemale Yum Dvd03~G55~07~07 - Amber}
naesha102.jpg,134295,7bf2d53e,\Gallery 55\07 - Amber\,{Shemale Yum Dvd03~G55~07~07 - Amber}
naesha103.jpg,142619,ceb6daa0,\Gallery 55\07 - Amber\,{Shemale Yum Dvd03~G55~07~07 - Amber}
naesha104.jpg,121382,3a1720c1,\Gallery 55\07 - Amber\,{Shemale Yum Dvd03~G55~07~07 - Amber}
naesha105.jpg,157702,cfe7d7af,\Gallery 55\07 - Amber\,{Shemale Yum Dvd03~G55~07~07 - Amber}
naesha106.jpg,150426,ff2e3505,\Gallery 55\07 - Amber\,{Shemale Yum Dvd03~G55~07~07 - Amber}
naesha107.jpg,140407,7b1b6513,\Gallery 55\07 - Amber\,{Shemale Yum Dvd03~G55~07~07 - Amber}
naesha108.jpg,130349,e68ac034,\Gallery 55\07 - Amber\,{Shemale Yum Dvd03~G55~07~07 - Amber}
naesha109.jpg,133570,cfdda2e2,\Gallery 55\07 - Amber\,{Shemale Yum Dvd03~G55~07~07 - Amber}
naesha110.jpg,130613,7f105e29,\Gallery 55\07 - Amber\,{Shemale Yum Dvd03~G55~07~07 - Amber}
naesha111.jpg,166490,9cbd19ba,\Gallery 55\07 - Amber\,{Shemale Yum Dvd03~G55~07~07 - Amber}
naeshab2001.jpg,156096,9b16812b,\Gallery 55\07 - Amber (2)\,{Shemale Yum Dvd03~G55~07-2~07 - Amber (2)}
naeshab2002.jpg,129456,ff686784,\Gallery 55\07 - Amber (2)\,{Shemale Yum Dvd03~G55~07-2~07 - Amber (2)}
naeshab2003.jpg,125973,69cd2faa,\Gallery 55\07 - Amber (2)\,{Shemale Yum Dvd03~G55~07-2~07 - Amber (2)}
naeshab2004.jpg,76609,b31be931,\Gallery 55\07 - Amber (2)\,{Shemale Yum Dvd03~G55~07-2~07 - Amber (2)}
naeshab2005.jpg,124073,605ae232,\Gallery 55\07 - Amber (2)\,{Shemale Yum Dvd03~G55~07-2~07 - Amber (2)}
naeshab2006.jpg,128364,78ed9bc0,\Gallery 55\07 - Amber (2)\,{Shemale Yum Dvd03~G55~07-2~07 - Amber (2)}
naeshab2007.jpg,176258,a9e06fa7,\Gallery 55\07 - Amber (2)\,{Shemale Yum Dvd03~G55~07-2~07 - Amber (2)}
naeshab2008.jpg,142764,2b107ddf,\Gallery 55\07 - Amber (2)\,{Shemale Yum Dvd03~G55~07-2~07 - Amber (2)}
naeshab2009.jpg,129012,dfade52d,\Gallery 55\07 - Amber (2)\,{Shemale Yum Dvd03~G55~07-2~07 - Amber (2)}
naeshab2010.jpg,124578,80532d27,\Gallery 55\07 - Amber (2)\,{Shemale Yum Dvd03~G55~07-2~07 - Amber (2)}
naeshab2011.jpg,117204,8a8e6979,\Gallery 55\07 - Amber (2)\,{Shemale Yum Dvd03~G55~07-2~07 - Amber (2)}
naeshab2012.jpg,126317,9bf5ff98,\Gallery 55\07 - Amber (2)\,{Shemale Yum Dvd03~G55~07-2~07 - Amber (2)}
naeshab2013.jpg,136831,0f044f17,\Gallery 55\07 - Amber (2)\,{Shemale Yum Dvd03~G55~07-2~07 - Amber (2)}
naeshab2014.jpg,153682,214f6cbe,\Gallery 55\07 - Amber (2)\,{Shemale Yum Dvd03~G55~07-2~07 - Amber (2)}
naeshab2015.jpg,115007,367abd3f,\Gallery 55\07 - Amber (2)\,{Shemale Yum Dvd03~G55~07-2~07 - Amber (2)}
naeshab2016.jpg,127796,b5fae004,\Gallery 55\07 - Amber (2)\,{Shemale Yum Dvd03~G55~07-2~07 - Amber (2)}
naeshab2017.jpg,142146,05e327e7,\Gallery 55\07 - Amber (2)\,{Shemale Yum Dvd03~G55~07-2~07 - Amber (2)}
naeshab2018.jpg,148342,610e523a,\Gallery 55\07 - Amber (2)\,{Shemale Yum Dvd03~G55~07-2~07 - Amber (2)}
naeshab2019.jpg,129884,f0489ee0,\Gallery 55\07 - Amber (2)\,{Shemale Yum Dvd03~G55~07-2~07 - Amber (2)}
naeshab2020.jpg,123955,86809302,\Gallery 55\07 - Amber (2)\,{Shemale Yum Dvd03~G55~07-2~07 - Amber (2)}
naeshab2021.jpg,130109,e5d6d7ce,\Gallery 55\07 - Amber (2)\,{Shemale Yum Dvd03~G55~07-2~07 - Amber (2)}
naeshab2022.jpg,129877,22d501dc,\Gallery 55\07 - Amber (2)\,{Shemale Yum Dvd03~G55~07-2~07 - Amber (2)}
naeshab2023.jpg,128493,1c9fd553,\Gallery 55\07 - Amber (2)\,{Shemale Yum Dvd03~G55~07-2~07 - Amber (2)}
naeshab2024.jpg,146967,be267ea3,\Gallery 55\07 - Amber (2)\,{Shemale Yum Dvd03~G55~07-2~07 - Amber (2)}
naeshab2025.jpg,145231,3fc96391,\Gallery 55\07 - Amber (2)\,{Shemale Yum Dvd03~G55~07-2~07 - Amber (2)}
naeshab2026.jpg,140077,636cc44a,\Gallery 55\07 - Amber (2)\,{Shemale Yum Dvd03~G55~07-2~07 - Amber (2)}
naeshab2027.jpg,171149,2e77f152,\Gallery 55\07 - Amber (2)\,{Shemale Yum Dvd03~G55~07-2~07 - Amber (2)}
naeshab2028.jpg,155603,ab4b612c,\Gallery 55\07 - Amber (2)\,{Shemale Yum Dvd03~G55~07-2~07 - Amber (2)}
naeshab2029.jpg,139262,89864d9d,\Gallery 55\07 - Amber (2)\,{Shemale Yum Dvd03~G55~07-2~07 - Amber (2)}
naeshab2030.jpg,174904,fb0a34c4,\Gallery 55\07 - Amber (2)\,{Shemale Yum Dvd03~G55~07-2~07 - Amber (2)}
naeshab2031.jpg,174452,100212a1,\Gallery 55\07 - Amber (2)\,{Shemale Yum Dvd03~G55~07-2~07 - Amber (2)}
naeshab2032.jpg,150528,2d40e251,\Gallery 55\07 - Amber (2)\,{Shemale Yum Dvd03~G55~07-2~07 - Amber (2)}
naeshab2033.jpg,134541,e00af430,\Gallery 55\07 - Amber (2)\,{Shemale Yum Dvd03~G55~07-2~07 - Amber (2)}
naeshab2034.jpg,143464,9fbb9c61,\Gallery 55\07 - Amber (2)\,{Shemale Yum Dvd03~G55~07-2~07 - Amber (2)}
naeshab2035.jpg,150294,c1fdafe9,\Gallery 55\07 - Amber (2)\,{Shemale Yum Dvd03~G55~07-2~07 - Amber (2)}
naeshab2036.jpg,148310,bd179b6b,\Gallery 55\07 - Amber (2)\,{Shemale Yum Dvd03~G55~07-2~07 - Amber (2)}
naeshab2037.jpg,138618,ca522b80,\Gallery 55\07 - Amber (2)\,{Shemale Yum Dvd03~G55~07-2~07 - Amber (2)}
naeshab2038.jpg,135766,60773447,\Gallery 55\07 - Amber (2)\,{Shemale Yum Dvd03~G55~07-2~07 - Amber (2)}
naeshab2039.jpg,145538,c99b3c0f,\Gallery 55\07 - Amber (2)\,{Shemale Yum Dvd03~G55~07-2~07 - Amber (2)}
naeshab2040.jpg,130298,6dbd1956,\Gallery 55\07 - Amber (2)\,{Shemale Yum Dvd03~G55~07-2~07 - Amber (2)}
naeshab2041.jpg,156478,c2409846,\Gallery 55\07 - Amber (2)\,{Shemale Yum Dvd03~G55~07-2~07 - Amber (2)}
naeshab2042.jpg,143574,0a3212dc,\Gallery 55\07 - Amber (2)\,{Shemale Yum Dvd03~G55~07-2~07 - Amber (2)}
naeshab2043.jpg,124153,e1a89c83,\Gallery 55\07 - Amber (2)\,{Shemale Yum Dvd03~G55~07-2~07 - Amber (2)}
naeshab2044.jpg,123165,b7729bd4,\Gallery 55\07 - Amber (2)\,{Shemale Yum Dvd03~G55~07-2~07 - Amber (2)}
naeshab2045.jpg,117693,97633453,\Gallery 55\07 - Amber (2)\,{Shemale Yum Dvd03~G55~07-2~07 - Amber (2)}
naeshab2046.jpg,107217,eae141d8,\Gallery 55\07 - Amber (2)\,{Shemale Yum Dvd03~G55~07-2~07 - Amber (2)}
naeshab2047.jpg,153326,4ab3ba44,\Gallery 55\07 - Amber (2)\,{Shemale Yum Dvd03~G55~07-2~07 - Amber (2)}
naeshab2048.jpg,156968,9931cac0,\Gallery 55\07 - Amber (2)\,{Shemale Yum Dvd03~G55~07-2~07 - Amber (2)}
naeshab2049.jpg,151296,5f626542,\Gallery 55\07 - Amber (2)\,{Shemale Yum Dvd03~G55~07-2~07 - Amber (2)}
naeshab2050.jpg,159068,d2614949,\Gallery 55\07 - Amber (2)\,{Shemale Yum Dvd03~G55~07-2~07 - Amber (2)}
naeshab2051.jpg,159682,c1e71eac,\Gallery 55\07 - Amber (2)\,{Shemale Yum Dvd03~G55~07-2~07 - Amber (2)}
naeshab2052.jpg,124082,13d10d87,\Gallery 55\07 - Amber (2)\,{Shemale Yum Dvd03~G55~07-2~07 - Amber (2)}
naeshab2053.jpg,124656,781aad24,\Gallery 55\07 - Amber (2)\,{Shemale Yum Dvd03~G55~07-2~07 - Amber (2)}
naeshab2054.jpg,168126,45e31245,\Gallery 55\07 - Amber (2)\,{Shemale Yum Dvd03~G55~07-2~07 - Amber (2)}
naeshab2055.jpg,166873,742b6137,\Gallery 55\07 - Amber (2)\,{Shemale Yum Dvd03~G55~07-2~07 - Amber (2)}
naeshab2056.jpg,155679,3c5f94b8,\Gallery 55\07 - Amber (2)\,{Shemale Yum Dvd03~G55~07-2~07 - Amber (2)}
naeshab2057.jpg,163113,05524c97,\Gallery 55\07 - Amber (2)\,{Shemale Yum Dvd03~G55~07-2~07 - Amber (2)}
naeshab2058.jpg,115901,a04bf86e,\Gallery 55\07 - Amber (2)\,{Shemale Yum Dvd03~G55~07-2~07 - Amber (2)}
naeshab2059.jpg,115493,54ad7810,\Gallery 55\07 - Amber (2)\,{Shemale Yum Dvd03~G55~07-2~07 - Amber (2)}
naeshab2060.jpg,143561,96babfd7,\Gallery 55\07 - Amber (2)\,{Shemale Yum Dvd03~G55~07-2~07 - Amber (2)}
naeshab2061.jpg,150343,7dc80b98,\Gallery 55\07 - Amber (2)\,{Shemale Yum Dvd03~G55~07-2~07 - Amber (2)}
naeshab2062.jpg,147429,75eb6d1f,\Gallery 55\07 - Amber (2)\,{Shemale Yum Dvd03~G55~07-2~07 - Amber (2)}
naeshab2063.jpg,136776,a0d21cb7,\Gallery 55\07 - Amber (2)\,{Shemale Yum Dvd03~G55~07-2~07 - Amber (2)}
naeshab2064.jpg,127589,55389c89,\Gallery 55\07 - Amber (2)\,{Shemale Yum Dvd03~G55~07-2~07 - Amber (2)}
naeshab2065.jpg,129026,e38b5ce3,\Gallery 55\07 - Amber (2)\,{Shemale Yum Dvd03~G55~07-2~07 - Amber (2)}
naeshab2066.jpg,127086,9ae7e25d,\Gallery 55\07 - Amber (2)\,{Shemale Yum Dvd03~G55~07-2~07 - Amber (2)}
naeshab2067.jpg,134897,cb5de1a0,\Gallery 55\07 - Amber (2)\,{Shemale Yum Dvd03~G55~07-2~07 - Amber (2)}
naeshab2068.jpg,140107,1709450e,\Gallery 55\07 - Amber (2)\,{Shemale Yum Dvd03~G55~07-2~07 - Amber (2)}
naeshab2069.jpg,107011,9bc4b5be,\Gallery 55\07 - Amber (2)\,{Shemale Yum Dvd03~G55~07-2~07 - Amber (2)}
naeshab2070.jpg,130031,39d04b45,\Gallery 55\07 - Amber (2)\,{Shemale Yum Dvd03~G55~07-2~07 - Amber (2)}
naeshab2071.jpg,118018,a5af153f,\Gallery 55\07 - Amber (2)\,{Shemale Yum Dvd03~G55~07-2~07 - Amber (2)}
naeshab2072.jpg,130825,9176db11,\Gallery 55\07 - Amber (2)\,{Shemale Yum Dvd03~G55~07-2~07 - Amber (2)}
naeshab2073.jpg,121568,6ba44eb9,\Gallery 55\07 - Amber (2)\,{Shemale Yum Dvd03~G55~07-2~07 - Amber (2)}
naeshab2074.jpg,119885,15bbd812,\Gallery 55\07 - Amber (2)\,{Shemale Yum Dvd03~G55~07-2~07 - Amber (2)}
naeshab2075.jpg,124740,7b507fd1,\Gallery 55\07 - Amber (2)\,{Shemale Yum Dvd03~G55~07-2~07 - Amber (2)}
naeshab2076.jpg,127484,5fc6d2a8,\Gallery 55\07 - Amber (2)\,{Shemale Yum Dvd03~G55~07-2~07 - Amber (2)}
naeshab2077.jpg,145204,f1fdfd0e,\Gallery 55\07 - Amber (2)\,{Shemale Yum Dvd03~G55~07-2~07 - Amber (2)}
naeshab2078.jpg,120515,96120bf6,\Gallery 55\07 - Amber (2)\,{Shemale Yum Dvd03~G55~07-2~07 - Amber (2)}
naeshab2079.jpg,131597,1ad83eb9,\Gallery 55\07 - Amber (2)\,{Shemale Yum Dvd03~G55~07-2~07 - Amber (2)}
naeshab2080.jpg,130573,b80d0d7a,\Gallery 55\07 - Amber (2)\,{Shemale Yum Dvd03~G55~07-2~07 - Amber (2)}
naeshab2081.jpg,120134,737f4d49,\Gallery 55\07 - Amber (2)\,{Shemale Yum Dvd03~G55~07-2~07 - Amber (2)}
naeshab2082.jpg,108610,08d27933,\Gallery 55\07 - Amber (2)\,{Shemale Yum Dvd03~G55~07-2~07 - Amber (2)}
naeshab2083.jpg,130689,64a288ed,\Gallery 55\07 - Amber (2)\,{Shemale Yum Dvd03~G55~07-2~07 - Amber (2)}
naeshab2084.jpg,79791,48c3026e,\Gallery 55\07 - Amber (2)\,{Shemale Yum Dvd03~G55~07-2~07 - Amber (2)}
naeshab2085.jpg,116188,2b4d4bf0,\Gallery 55\07 - Amber (2)\,{Shemale Yum Dvd03~G55~07-2~07 - Amber (2)}
naeshab2086.jpg,144702,d264fecb,\Gallery 55\07 - Amber (2)\,{Shemale Yum Dvd03~G55~07-2~07 - Amber (2)}
naeshab2087.jpg,146687,13d4b78b,\Gallery 55\07 - Amber (2)\,{Shemale Yum Dvd03~G55~07-2~07 - Amber (2)}
naeshab2088.jpg,149476,26621153,\Gallery 55\07 - Amber (2)\,{Shemale Yum Dvd03~G55~07-2~07 - Amber (2)}
naeshab2089.jpg,147704,e7fdb0f9,\Gallery 55\07 - Amber (2)\,{Shemale Yum Dvd03~G55~07-2~07 - Amber (2)}
amberc1001.jpg,126078,2a2198fa,\Gallery 55\07 - Amber (3)\,{Shemale Yum Dvd03~G55~07-3~07 - Amber (3)}
amberc1002.jpg,125280,f5d0f5ed,\Gallery 55\07 - Amber (3)\,{Shemale Yum Dvd03~G55~07-3~07 - Amber (3)}
amberc1003.jpg,120643,18dc4efd,\Gallery 55\07 - Amber (3)\,{Shemale Yum Dvd03~G55~07-3~07 - Amber (3)}
amberc1004.jpg,120873,739b24d6,\Gallery 55\07 - Amber (3)\,{Shemale Yum Dvd03~G55~07-3~07 - Amber (3)}
amberc1005.jpg,120666,04864c72,\Gallery 55\07 - Amber (3)\,{Shemale Yum Dvd03~G55~07-3~07 - Amber (3)}
amberc1006.jpg,124841,2da13c4c,\Gallery 55\07 - Amber (3)\,{Shemale Yum Dvd03~G55~07-3~07 - Amber (3)}
amberc1007.jpg,124016,33587aa2,\Gallery 55\07 - Amber (3)\,{Shemale Yum Dvd03~G55~07-3~07 - Amber (3)}
amberc1008.jpg,140686,6346cf53,\Gallery 55\07 - Amber (3)\,{Shemale Yum Dvd03~G55~07-3~07 - Amber (3)}
amberc1009.jpg,134846,85daf92e,\Gallery 55\07 - Amber (3)\,{Shemale Yum Dvd03~G55~07-3~07 - Amber (3)}
amberc1010.jpg,123404,fc569b4b,\Gallery 55\07 - Amber (3)\,{Shemale Yum Dvd03~G55~07-3~07 - Amber (3)}
amberc1011.jpg,124861,b1e78b52,\Gallery 55\07 - Amber (3)\,{Shemale Yum Dvd03~G55~07-3~07 - Amber (3)}
amberc1012.jpg,110240,24690a5e,\Gallery 55\07 - Amber (3)\,{Shemale Yum Dvd03~G55~07-3~07 - Amber (3)}
amberc1013.jpg,121349,a769e4b9,\Gallery 55\07 - Amber (3)\,{Shemale Yum Dvd03~G55~07-3~07 - Amber (3)}
amberc1014.jpg,135388,21876de8,\Gallery 55\07 - Amber (3)\,{Shemale Yum Dvd03~G55~07-3~07 - Amber (3)}
amberc1015.jpg,147231,a93b3942,\Gallery 55\07 - Amber (3)\,{Shemale Yum Dvd03~G55~07-3~07 - Amber (3)}
amberc1016.jpg,136390,45c4ea63,\Gallery 55\07 - Amber (3)\,{Shemale Yum Dvd03~G55~07-3~07 - Amber (3)}
amberc1017.jpg,135815,d1769d04,\Gallery 55\07 - Amber (3)\,{Shemale Yum Dvd03~G55~07-3~07 - Amber (3)}
amberc1018.jpg,143169,222fe7f2,\Gallery 55\07 - Amber (3)\,{Shemale Yum Dvd03~G55~07-3~07 - Amber (3)}
amberc1019.jpg,114868,1ed34697,\Gallery 55\07 - Amber (3)\,{Shemale Yum Dvd03~G55~07-3~07 - Amber (3)}
amberc1020.jpg,123685,5861112d,\Gallery 55\07 - Amber (3)\,{Shemale Yum Dvd03~G55~07-3~07 - Amber (3)}
amberc1021.jpg,140165,0417a0ef,\Gallery 55\07 - Amber (3)\,{Shemale Yum Dvd03~G55~07-3~07 - Amber (3)}
amberc1022.jpg,132307,ace718fe,\Gallery 55\07 - Amber (3)\,{Shemale Yum Dvd03~G55~07-3~07 - Amber (3)}
amberc1023.jpg,146232,0ee88ce9,\Gallery 55\07 - Amber (3)\,{Shemale Yum Dvd03~G55~07-3~07 - Amber (3)}
amberc1024.jpg,138318,1c7c4b26,\Gallery 55\07 - Amber (3)\,{Shemale Yum Dvd03~G55~07-3~07 - Amber (3)}
amberc1025.jpg,143249,74b3b7d3,\Gallery 55\07 - Amber (3)\,{Shemale Yum Dvd03~G55~07-3~07 - Amber (3)}
amberc1026.jpg,153205,32e83718,\Gallery 55\07 - Amber (3)\,{Shemale Yum Dvd03~G55~07-3~07 - Amber (3)}
amberc1027.jpg,147973,ada5d0d2,\Gallery 55\07 - Amber (3)\,{Shemale Yum Dvd03~G55~07-3~07 - Amber (3)}
amberc1028.jpg,144692,ef8a9066,\Gallery 55\07 - Amber (3)\,{Shemale Yum Dvd03~G55~07-3~07 - Amber (3)}
amberc1029.jpg,116188,04708d7d,\Gallery 55\07 - Amber (3)\,{Shemale Yum Dvd03~G55~07-3~07 - Amber (3)}
amberc1030.jpg,132800,96b0a9e7,\Gallery 55\07 - Amber (3)\,{Shemale Yum Dvd03~G55~07-3~07 - Amber (3)}
amberc1031.jpg,129729,3f981774,\Gallery 55\07 - Amber (3)\,{Shemale Yum Dvd03~G55~07-3~07 - Amber (3)}
amberc1032.jpg,148790,2a365c90,\Gallery 55\07 - Amber (3)\,{Shemale Yum Dvd03~G55~07-3~07 - Amber (3)}
amberc1033.jpg,144021,157c9285,\Gallery 55\07 - Amber (3)\,{Shemale Yum Dvd03~G55~07-3~07 - Amber (3)}
amberc1034.jpg,151029,8a3d340c,\Gallery 55\07 - Amber (3)\,{Shemale Yum Dvd03~G55~07-3~07 - Amber (3)}
amberc1035.jpg,145375,466370e5,\Gallery 55\07 - Amber (3)\,{Shemale Yum Dvd03~G55~07-3~07 - Amber (3)}
amberc1036.jpg,156456,6c9da5e0,\Gallery 55\07 - Amber (3)\,{Shemale Yum Dvd03~G55~07-3~07 - Amber (3)}
amberc1037.jpg,145605,415b9274,\Gallery 55\07 - Amber (3)\,{Shemale Yum Dvd03~G55~07-3~07 - Amber (3)}
amberc1038.jpg,140296,6d1ed4df,\Gallery 55\07 - Amber (3)\,{Shemale Yum Dvd03~G55~07-3~07 - Amber (3)}
amberc1039.jpg,145395,3c03ed29,\Gallery 55\07 - Amber (3)\,{Shemale Yum Dvd03~G55~07-3~07 - Amber (3)}
amberc1040.jpg,153522,74a49d98,\Gallery 55\07 - Amber (3)\,{Shemale Yum Dvd03~G55~07-3~07 - Amber (3)}
amberc1041.jpg,148784,c5547202,\Gallery 55\07 - Amber (3)\,{Shemale Yum Dvd03~G55~07-3~07 - Amber (3)}
amberc1042.jpg,141887,c380451c,\Gallery 55\07 - Amber (3)\,{Shemale Yum Dvd03~G55~07-3~07 - Amber (3)}
amberc1043.jpg,145369,712f9fa7,\Gallery 55\07 - Amber (3)\,{Shemale Yum Dvd03~G55~07-3~07 - Amber (3)}
amberc1044.jpg,153228,ca53a82b,\Gallery 55\07 - Amber (3)\,{Shemale Yum Dvd03~G55~07-3~07 - Amber (3)}
amberc1045.jpg,149132,504722eb,\Gallery 55\07 - Amber (3)\,{Shemale Yum Dvd03~G55~07-3~07 - Amber (3)}
amberc1046.jpg,153657,6ed7defd,\Gallery 55\07 - Amber (3)\,{Shemale Yum Dvd03~G55~07-3~07 - Amber (3)}
amberc1047.jpg,155684,7212a9ff,\Gallery 55\07 - Amber (3)\,{Shemale Yum Dvd03~G55~07-3~07 - Amber (3)}
amberc1048.jpg,125489,a8099047,\Gallery 55\07 - Amber (3)\,{Shemale Yum Dvd03~G55~07-3~07 - Amber (3)}
amberc1049.jpg,133012,29ff6e47,\Gallery 55\07 - Amber (3)\,{Shemale Yum Dvd03~G55~07-3~07 - Amber (3)}
amberc1050.jpg,121356,7cafe383,\Gallery 55\07 - Amber (3)\,{Shemale Yum Dvd03~G55~07-3~07 - Amber (3)}
amberc1051.jpg,143793,41e3c9e3,\Gallery 55\07 - Amber (3)\,{Shemale Yum Dvd03~G55~07-3~07 - Amber (3)}
amberc1052.jpg,164063,ac394680,\Gallery 55\07 - Amber (3)\,{Shemale Yum Dvd03~G55~07-3~07 - Amber (3)}
amberc1053.jpg,150985,7de27747,\Gallery 55\07 - Amber (3)\,{Shemale Yum Dvd03~G55~07-3~07 - Amber (3)}
amberc1054.jpg,131283,ae895e67,\Gallery 55\07 - Amber (3)\,{Shemale Yum Dvd03~G55~07-3~07 - Amber (3)}
amberc1055.jpg,152275,38876e26,\Gallery 55\07 - Amber (3)\,{Shemale Yum Dvd03~G55~07-3~07 - Amber (3)}
amberc1056.jpg,163587,e9112fb0,\Gallery 55\07 - Amber (3)\,{Shemale Yum Dvd03~G55~07-3~07 - Amber (3)}
amberc1057.jpg,116704,0509f2d6,\Gallery 55\07 - Amber (3)\,{Shemale Yum Dvd03~G55~07-3~07 - Amber (3)}
amberc1058.jpg,140916,4f9ad825,\Gallery 55\07 - Amber (3)\,{Shemale Yum Dvd03~G55~07-3~07 - Amber (3)}
amberc1059.jpg,154719,d1363106,\Gallery 55\07 - Amber (3)\,{Shemale Yum Dvd03~G55~07-3~07 - Amber (3)}
amberc1060.jpg,135104,3a4217c3,\Gallery 55\07 - Amber (3)\,{Shemale Yum Dvd03~G55~07-3~07 - Amber (3)}
amberc1061.jpg,145221,05f7cb84,\Gallery 55\07 - Amber (3)\,{Shemale Yum Dvd03~G55~07-3~07 - Amber (3)}
amberc1062.jpg,149199,feec75a9,\Gallery 55\07 - Amber (3)\,{Shemale Yum Dvd03~G55~07-3~07 - Amber (3)}
amberc1063.jpg,127347,77265f39,\Gallery 55\07 - Amber (3)\,{Shemale Yum Dvd03~G55~07-3~07 - Amber (3)}
amberc1064.jpg,145874,179b0234,\Gallery 55\07 - Amber (3)\,{Shemale Yum Dvd03~G55~07-3~07 - Amber (3)}
amberc1065.jpg,132804,5901be7d,\Gallery 55\07 - Amber (3)\,{Shemale Yum Dvd03~G55~07-3~07 - Amber (3)}
amberc1066.jpg,131025,41cd6f10,\Gallery 55\07 - Amber (3)\,{Shemale Yum Dvd03~G55~07-3~07 - Amber (3)}
amberc1067.jpg,141693,3547fb77,\Gallery 55\07 - Amber (3)\,{Shemale Yum Dvd03~G55~07-3~07 - Amber (3)}
amberc1068.jpg,126484,fe045de8,\Gallery 55\07 - Amber (3)\,{Shemale Yum Dvd03~G55~07-3~07 - Amber (3)}
amberc1069.jpg,142016,9d3e5b54,\Gallery 55\07 - Amber (3)\,{Shemale Yum Dvd03~G55~07-3~07 - Amber (3)}
amberc1070.jpg,146109,8d10b387,\Gallery 55\07 - Amber (3)\,{Shemale Yum Dvd03~G55~07-3~07 - Amber (3)}
amberc1071.jpg,132832,3f08a410,\Gallery 55\07 - Amber (3)\,{Shemale Yum Dvd03~G55~07-3~07 - Amber (3)}
amberc1072.jpg,135612,5382958b,\Gallery 55\07 - Amber (3)\,{Shemale Yum Dvd03~G55~07-3~07 - Amber (3)}
amberc1073.jpg,137136,a8702af8,\Gallery 55\07 - Amber (3)\,{Shemale Yum Dvd03~G55~07-3~07 - Amber (3)}
amberc1074.jpg,127150,350dbd72,\Gallery 55\07 - Amber (3)\,{Shemale Yum Dvd03~G55~07-3~07 - Amber (3)}
amberc1075.jpg,141248,fc28014b,\Gallery 55\07 - Amber (3)\,{Shemale Yum Dvd03~G55~07-3~07 - Amber (3)}
amberc1076.jpg,100948,b21ce787,\Gallery 55\07 - Amber (3)\,{Shemale Yum Dvd03~G55~07-3~07 - Amber (3)}
amberc1077.jpg,102922,98b76603,\Gallery 55\07 - Amber (3)\,{Shemale Yum Dvd03~G55~07-3~07 - Amber (3)}
amberc1078.jpg,121600,d2845c59,\Gallery 55\07 - Amber (3)\,{Shemale Yum Dvd03~G55~07-3~07 - Amber (3)}
amberc1079.jpg,110793,c8bdc0a0,\Gallery 55\07 - Amber (3)\,{Shemale Yum Dvd03~G55~07-3~07 - Amber (3)}
amberc1080.jpg,150432,14425e83,\Gallery 55\07 - Amber (3)\,{Shemale Yum Dvd03~G55~07-3~07 - Amber (3)}
amberc1081.jpg,129201,2d889cf3,\Gallery 55\07 - Amber (3)\,{Shemale Yum Dvd03~G55~07-3~07 - Amber (3)}
amberc1082.jpg,142555,fe32b8dd,\Gallery 55\07 - Amber (3)\,{Shemale Yum Dvd03~G55~07-3~07 - Amber (3)}
amberc1083.jpg,137442,aa410f3e,\Gallery 55\07 - Amber (3)\,{Shemale Yum Dvd03~G55~07-3~07 - Amber (3)}
amberc1084.jpg,113394,c43271fa,\Gallery 55\07 - Amber (3)\,{Shemale Yum Dvd03~G55~07-3~07 - Amber (3)}
amberc1085.jpg,129232,6b2ec4a4,\Gallery 55\07 - Amber (3)\,{Shemale Yum Dvd03~G55~07-3~07 - Amber (3)}
amberc1086.jpg,157248,6ee9d555,\Gallery 55\07 - Amber (3)\,{Shemale Yum Dvd03~G55~07-3~07 - Amber (3)}
amberc1087.jpg,127128,ac1fafd7,\Gallery 55\07 - Amber (3)\,{Shemale Yum Dvd03~G55~07-3~07 - Amber (3)}
amberc1088.jpg,146998,5e287f54,\Gallery 55\07 - Amber (3)\,{Shemale Yum Dvd03~G55~07-3~07 - Amber (3)}
amberc1089.jpg,90047,d0b57f6c,\Gallery 55\07 - Amber (3)\,{Shemale Yum Dvd03~G55~07-3~07 - Amber (3)}
amberc1090.jpg,165905,558969ab,\Gallery 55\07 - Amber (3)\,{Shemale Yum Dvd03~G55~07-3~07 - Amber (3)}
amberc1091.jpg,145630,22a2a03a,\Gallery 55\07 - Amber (3)\,{Shemale Yum Dvd03~G55~07-3~07 - Amber (3)}
amberc1092.jpg,123466,5602e646,\Gallery 55\07 - Amber (3)\,{Shemale Yum Dvd03~G55~07-3~07 - Amber (3)}
amberc1093.jpg,156951,6e80b242,\Gallery 55\07 - Amber (3)\,{Shemale Yum Dvd03~G55~07-3~07 - Amber (3)}
amberc1094.jpg,156046,97a08ecb,\Gallery 55\07 - Amber (3)\,{Shemale Yum Dvd03~G55~07-3~07 - Amber (3)}
amber4001.jpg,131346,52e0a597,\Gallery 55\07 - Amber (4)\,{Shemale Yum Dvd03~G55~07-4~07 - Amber (4)}
amber4002.jpg,135552,1b589b02,\Gallery 55\07 - Amber (4)\,{Shemale Yum Dvd03~G55~07-4~07 - Amber (4)}
amber4003.jpg,153703,c1313340,\Gallery 55\07 - Amber (4)\,{Shemale Yum Dvd03~G55~07-4~07 - Amber (4)}
amber4004.jpg,142518,c506886d,\Gallery 55\07 - Amber (4)\,{Shemale Yum Dvd03~G55~07-4~07 - Amber (4)}
amber4005.jpg,140957,342c5a8d,\Gallery 55\07 - Amber (4)\,{Shemale Yum Dvd03~G55~07-4~07 - Amber (4)}
amber4006.jpg,142468,0162a084,\Gallery 55\07 - Amber (4)\,{Shemale Yum Dvd03~G55~07-4~07 - Amber (4)}
amber4007.jpg,148801,980e6d11,\Gallery 55\07 - Amber (4)\,{Shemale Yum Dvd03~G55~07-4~07 - Amber (4)}
amber4008.jpg,145195,6bcd3cf8,\Gallery 55\07 - Amber (4)\,{Shemale Yum Dvd03~G55~07-4~07 - Amber (4)}
amber4009.jpg,158537,d425b157,\Gallery 55\07 - Amber (4)\,{Shemale Yum Dvd03~G55~07-4~07 - Amber (4)}
amber4010.jpg,132771,f7f1dea1,\Gallery 55\07 - Amber (4)\,{Shemale Yum Dvd03~G55~07-4~07 - Amber (4)}
amber4011.jpg,139469,ce5630df,\Gallery 55\07 - Amber (4)\,{Shemale Yum Dvd03~G55~07-4~07 - Amber (4)}
amber4012.jpg,136314,39e8e243,\Gallery 55\07 - Amber (4)\,{Shemale Yum Dvd03~G55~07-4~07 - Amber (4)}
amber4013.jpg,140643,c22077b3,\Gallery 55\07 - Amber (4)\,{Shemale Yum Dvd03~G55~07-4~07 - Amber (4)}
amber4014.jpg,105806,01da594a,\Gallery 55\07 - Amber (4)\,{Shemale Yum Dvd03~G55~07-4~07 - Amber (4)}
amber4015.jpg,131861,8c1f8acf,\Gallery 55\07 - Amber (4)\,{Shemale Yum Dvd03~G55~07-4~07 - Amber (4)}
amber4016.jpg,129115,2a9b17ad,\Gallery 55\07 - Amber (4)\,{Shemale Yum Dvd03~G55~07-4~07 - Amber (4)}
amber4017.jpg,124394,c5d25f03,\Gallery 55\07 - Amber (4)\,{Shemale Yum Dvd03~G55~07-4~07 - Amber (4)}
amber4018.jpg,127439,4c800b9b,\Gallery 55\07 - Amber (4)\,{Shemale Yum Dvd03~G55~07-4~07 - Amber (4)}
amber4019.jpg,113748,c6ea06d3,\Gallery 55\07 - Amber (4)\,{Shemale Yum Dvd03~G55~07-4~07 - Amber (4)}
amber4020.jpg,123122,dcd3d9ec,\Gallery 55\07 - Amber (4)\,{Shemale Yum Dvd03~G55~07-4~07 - Amber (4)}
amber4021.jpg,121611,cb5fa14b,\Gallery 55\07 - Amber (4)\,{Shemale Yum Dvd03~G55~07-4~07 - Amber (4)}
amber4022.jpg,107934,e9119ddb,\Gallery 55\07 - Amber (4)\,{Shemale Yum Dvd03~G55~07-4~07 - Amber (4)}
amber4023.jpg,112282,c968a810,\Gallery 55\07 - Amber (4)\,{Shemale Yum Dvd03~G55~07-4~07 - Amber (4)}
amber4024.jpg,129564,d32df6c7,\Gallery 55\07 - Amber (4)\,{Shemale Yum Dvd03~G55~07-4~07 - Amber (4)}
amber4025.jpg,136286,74986e0a,\Gallery 55\07 - Amber (4)\,{Shemale Yum Dvd03~G55~07-4~07 - Amber (4)}
amber4026.jpg,152126,3c3832f2,\Gallery 55\07 - Amber (4)\,{Shemale Yum Dvd03~G55~07-4~07 - Amber (4)}
amber4027.jpg,112241,a3f0a57a,\Gallery 55\07 - Amber (4)\,{Shemale Yum Dvd03~G55~07-4~07 - Amber (4)}
amber4028.jpg,115699,92949cd8,\Gallery 55\07 - Amber (4)\,{Shemale Yum Dvd03~G55~07-4~07 - Amber (4)}
amber4029.jpg,109928,92a27e5b,\Gallery 55\07 - Amber (4)\,{Shemale Yum Dvd03~G55~07-4~07 - Amber (4)}
amber4030.jpg,173105,d703e1f8,\Gallery 55\07 - Amber (4)\,{Shemale Yum Dvd03~G55~07-4~07 - Amber (4)}
amber4031.jpg,183452,a530e6e2,\Gallery 55\07 - Amber (4)\,{Shemale Yum Dvd03~G55~07-4~07 - Amber (4)}
amber4032.jpg,182940,5fcc4e4b,\Gallery 55\07 - Amber (4)\,{Shemale Yum Dvd03~G55~07-4~07 - Amber (4)}
amber4033.jpg,120632,c4f9e29a,\Gallery 55\07 - Amber (4)\,{Shemale Yum Dvd03~G55~07-4~07 - Amber (4)}
amber4034.jpg,159840,10647e71,\Gallery 55\07 - Amber (4)\,{Shemale Yum Dvd03~G55~07-4~07 - Amber (4)}
amber4035.jpg,132552,29c90ae9,\Gallery 55\07 - Amber (4)\,{Shemale Yum Dvd03~G55~07-4~07 - Amber (4)}
amber4036.jpg,178236,9afb45e8,\Gallery 55\07 - Amber (4)\,{Shemale Yum Dvd03~G55~07-4~07 - Amber (4)}
amber4037.jpg,149100,dd9fb54d,\Gallery 55\07 - Amber (4)\,{Shemale Yum Dvd03~G55~07-4~07 - Amber (4)}
amber4038.jpg,139979,1c2a16d3,\Gallery 55\07 - Amber (4)\,{Shemale Yum Dvd03~G55~07-4~07 - Amber (4)}
amber4039.jpg,116695,e4d5880a,\Gallery 55\07 - Amber (4)\,{Shemale Yum Dvd03~G55~07-4~07 - Amber (4)}
amber4040.jpg,136629,232372c8,\Gallery 55\07 - Amber (4)\,{Shemale Yum Dvd03~G55~07-4~07 - Amber (4)}
amber4041.jpg,141399,377dce2b,\Gallery 55\07 - Amber (4)\,{Shemale Yum Dvd03~G55~07-4~07 - Amber (4)}
amber4042.jpg,135094,ec8ece3e,\Gallery 55\07 - Amber (4)\,{Shemale Yum Dvd03~G55~07-4~07 - Amber (4)}
amber4043.jpg,124674,9c65a177,\Gallery 55\07 - Amber (4)\,{Shemale Yum Dvd03~G55~07-4~07 - Amber (4)}
amber4044.jpg,131888,9f38b377,\Gallery 55\07 - Amber (4)\,{Shemale Yum Dvd03~G55~07-4~07 - Amber (4)}
amber4045.jpg,121528,6f3c341e,\Gallery 55\07 - Amber (4)\,{Shemale Yum Dvd03~G55~07-4~07 - Amber (4)}
amber4046.jpg,122892,deeb97fa,\Gallery 55\07 - Amber (4)\,{Shemale Yum Dvd03~G55~07-4~07 - Amber (4)}
amber4047.jpg,111397,77048e3a,\Gallery 55\07 - Amber (4)\,{Shemale Yum Dvd03~G55~07-4~07 - Amber (4)}
amber4048.jpg,110294,b5c4995f,\Gallery 55\07 - Amber (4)\,{Shemale Yum Dvd03~G55~07-4~07 - Amber (4)}
amber4049.jpg,107859,051d09e2,\Gallery 55\07 - Amber (4)\,{Shemale Yum Dvd03~G55~07-4~07 - Amber (4)}
amber4050.jpg,111995,74f439f7,\Gallery 55\07 - Amber (4)\,{Shemale Yum Dvd03~G55~07-4~07 - Amber (4)}
amber4051.jpg,112373,5721c0d6,\Gallery 55\07 - Amber (4)\,{Shemale Yum Dvd03~G55~07-4~07 - Amber (4)}
amber4052.jpg,133229,6384b4e6,\Gallery 55\07 - Amber (4)\,{Shemale Yum Dvd03~G55~07-4~07 - Amber (4)}
amber4053.jpg,106036,a86b68c3,\Gallery 55\07 - Amber (4)\,{Shemale Yum Dvd03~G55~07-4~07 - Amber (4)}
amber4054.jpg,109660,7b96395c,\Gallery 55\07 - Amber (4)\,{Shemale Yum Dvd03~G55~07-4~07 - Amber (4)}
amber4055.jpg,108578,bb8932a5,\Gallery 55\07 - Amber (4)\,{Shemale Yum Dvd03~G55~07-4~07 - Amber (4)}
amber4056.jpg,171021,335bfb9b,\Gallery 55\07 - Amber (4)\,{Shemale Yum Dvd03~G55~07-4~07 - Amber (4)}
amber4057.jpg,167774,3b8875ea,\Gallery 55\07 - Amber (4)\,{Shemale Yum Dvd03~G55~07-4~07 - Amber (4)}
amber4058.jpg,179764,a4dd1f58,\Gallery 55\07 - Amber (4)\,{Shemale Yum Dvd03~G55~07-4~07 - Amber (4)}
amber4059.jpg,101364,66bf6546,\Gallery 55\07 - Amber (4)\,{Shemale Yum Dvd03~G55~07-4~07 - Amber (4)}
amber4060.jpg,101757,3000278c,\Gallery 55\07 - Amber (4)\,{Shemale Yum Dvd03~G55~07-4~07 - Amber (4)}
amber4061.jpg,115970,d542ec0e,\Gallery 55\07 - Amber (4)\,{Shemale Yum Dvd03~G55~07-4~07 - Amber (4)}
amber4062.jpg,108279,015ba096,\Gallery 55\07 - Amber (4)\,{Shemale Yum Dvd03~G55~07-4~07 - Amber (4)}
amber4063.jpg,144735,b32c2ecd,\Gallery 55\07 - Amber (4)\,{Shemale Yum Dvd03~G55~07-4~07 - Amber (4)}
amber4064.jpg,153336,5f5a5c87,\Gallery 55\07 - Amber (4)\,{Shemale Yum Dvd03~G55~07-4~07 - Amber (4)}
amber4065.jpg,131199,a15207cd,\Gallery 55\07 - Amber (4)\,{Shemale Yum Dvd03~G55~07-4~07 - Amber (4)}
amber4066.jpg,129920,b8f50f46,\Gallery 55\07 - Amber (4)\,{Shemale Yum Dvd03~G55~07-4~07 - Amber (4)}
amber4067.jpg,144021,909ccc4b,\Gallery 55\07 - Amber (4)\,{Shemale Yum Dvd03~G55~07-4~07 - Amber (4)}
amber4068.jpg,147401,a334435d,\Gallery 55\07 - Amber (4)\,{Shemale Yum Dvd03~G55~07-4~07 - Amber (4)}
amber4069.jpg,140300,f8e432d6,\Gallery 55\07 - Amber (4)\,{Shemale Yum Dvd03~G55~07-4~07 - Amber (4)}
amber4070.jpg,103127,8136ef7f,\Gallery 55\07 - Amber (4)\,{Shemale Yum Dvd03~G55~07-4~07 - Amber (4)}
amber4071.jpg,143315,8a56f3ee,\Gallery 55\07 - Amber (4)\,{Shemale Yum Dvd03~G55~07-4~07 - Amber (4)}
amber4072.jpg,161965,dd58b897,\Gallery 55\07 - Amber (4)\,{Shemale Yum Dvd03~G55~07-4~07 - Amber (4)}
amber4073.jpg,159105,9499eae7,\Gallery 55\07 - Amber (4)\,{Shemale Yum Dvd03~G55~07-4~07 - Amber (4)}
amber4074.jpg,147525,6b65b56f,\Gallery 55\07 - Amber (4)\,{Shemale Yum Dvd03~G55~07-4~07 - Amber (4)}
amber4075.jpg,153029,6cbaf5eb,\Gallery 55\07 - Amber (4)\,{Shemale Yum Dvd03~G55~07-4~07 - Amber (4)}
amber4076.jpg,108489,56fdb4a3,\Gallery 55\07 - Amber (4)\,{Shemale Yum Dvd03~G55~07-4~07 - Amber (4)}
amber4077.jpg,125951,4d8dac9d,\Gallery 55\07 - Amber (4)\,{Shemale Yum Dvd03~G55~07-4~07 - Amber (4)}
amber4078.jpg,110102,2e72057d,\Gallery 55\07 - Amber (4)\,{Shemale Yum Dvd03~G55~07-4~07 - Amber (4)}
naeshab5001.jpg,157636,b7a0e2e5,\Gallery 55\07 - Amber (5)\,{Shemale Yum Dvd03~G55~07-5~07 - Amber (5)}
naeshab5002.jpg,147584,d62dad2f,\Gallery 55\07 - Amber (5)\,{Shemale Yum Dvd03~G55~07-5~07 - Amber (5)}
naeshab5003.jpg,156785,7c4420a8,\Gallery 55\07 - Amber (5)\,{Shemale Yum Dvd03~G55~07-5~07 - Amber (5)}
naeshab5004.jpg,189752,c4eba0aa,\Gallery 55\07 - Amber (5)\,{Shemale Yum Dvd03~G55~07-5~07 - Amber (5)}
naeshab5005.jpg,151407,1768c241,\Gallery 55\07 - Amber (5)\,{Shemale Yum Dvd03~G55~07-5~07 - Amber (5)}
naeshab5006.jpg,155819,eafbc734,\Gallery 55\07 - Amber (5)\,{Shemale Yum Dvd03~G55~07-5~07 - Amber (5)}
naeshab5007.jpg,134858,351b0e96,\Gallery 55\07 - Amber (5)\,{Shemale Yum Dvd03~G55~07-5~07 - Amber (5)}
naeshab5008.jpg,155775,70a18a8d,\Gallery 55\07 - Amber (5)\,{Shemale Yum Dvd03~G55~07-5~07 - Amber (5)}
naeshab5009.jpg,141922,4c8a019f,\Gallery 55\07 - Amber (5)\,{Shemale Yum Dvd03~G55~07-5~07 - Amber (5)}
naeshab5010.jpg,168776,8b6d137e,\Gallery 55\07 - Amber (5)\,{Shemale Yum Dvd03~G55~07-5~07 - Amber (5)}
naeshab5011.jpg,139536,f284e4fd,\Gallery 55\07 - Amber (5)\,{Shemale Yum Dvd03~G55~07-5~07 - Amber (5)}
naeshab5012.jpg,143438,25c3ab9f,\Gallery 55\07 - Amber (5)\,{Shemale Yum Dvd03~G55~07-5~07 - Amber (5)}
naeshab5013.jpg,139931,5b80a772,\Gallery 55\07 - Amber (5)\,{Shemale Yum Dvd03~G55~07-5~07 - Amber (5)}
naeshab5014.jpg,134435,981fa0b2,\Gallery 55\07 - Amber (5)\,{Shemale Yum Dvd03~G55~07-5~07 - Amber (5)}
naeshab5015.jpg,132265,1992ba36,\Gallery 55\07 - Amber (5)\,{Shemale Yum Dvd03~G55~07-5~07 - Amber (5)}
naeshab5016.jpg,127102,47466db6,\Gallery 55\07 - Amber (5)\,{Shemale Yum Dvd03~G55~07-5~07 - Amber (5)}
naeshab5017.jpg,139968,9f4c144c,\Gallery 55\07 - Amber (5)\,{Shemale Yum Dvd03~G55~07-5~07 - Amber (5)}
naeshab5018.jpg,140020,1323a455,\Gallery 55\07 - Amber (5)\,{Shemale Yum Dvd03~G55~07-5~07 - Amber (5)}
naeshab5019.jpg,128009,c1488626,\Gallery 55\07 - Amber (5)\,{Shemale Yum Dvd03~G55~07-5~07 - Amber (5)}
naeshab5020.jpg,124488,10097a54,\Gallery 55\07 - Amber (5)\,{Shemale Yum Dvd03~G55~07-5~07 - Amber (5)}
naeshab5021.jpg,142361,fc62fd71,\Gallery 55\07 - Amber (5)\,{Shemale Yum Dvd03~G55~07-5~07 - Amber (5)}
naeshab5022.jpg,126675,978cce9e,\Gallery 55\07 - Amber (5)\,{Shemale Yum Dvd03~G55~07-5~07 - Amber (5)}
naeshab5023.jpg,141838,f0d8e254,\Gallery 55\07 - Amber (5)\,{Shemale Yum Dvd03~G55~07-5~07 - Amber (5)}
naeshab5024.jpg,136832,394a084a,\Gallery 55\07 - Amber (5)\,{Shemale Yum Dvd03~G55~07-5~07 - Amber (5)}
naeshab5025.jpg,143139,f7dc049c,\Gallery 55\07 - Amber (5)\,{Shemale Yum Dvd03~G55~07-5~07 - Amber (5)}
naeshab5026.jpg,112415,30c76762,\Gallery 55\07 - Amber (5)\,{Shemale Yum Dvd03~G55~07-5~07 - Amber (5)}
naeshab5027.jpg,121437,26978ac0,\Gallery 55\07 - Amber (5)\,{Shemale Yum Dvd03~G55~07-5~07 - Amber (5)}
naeshab5028.jpg,122898,371b2231,\Gallery 55\07 - Amber (5)\,{Shemale Yum Dvd03~G55~07-5~07 - Amber (5)}
naeshab5029.jpg,125034,510f26d5,\Gallery 55\07 - Amber (5)\,{Shemale Yum Dvd03~G55~07-5~07 - Amber (5)}
naeshab5030.jpg,121283,488d6a93,\Gallery 55\07 - Amber (5)\,{Shemale Yum Dvd03~G55~07-5~07 - Amber (5)}
naeshab5031.jpg,132384,e71eb95d,\Gallery 55\07 - Amber (5)\,{Shemale Yum Dvd03~G55~07-5~07 - Amber (5)}
naeshab5032.jpg,129995,66f825f4,\Gallery 55\07 - Amber (5)\,{Shemale Yum Dvd03~G55~07-5~07 - Amber (5)}
naeshab5033.jpg,143247,6bffdb9a,\Gallery 55\07 - Amber (5)\,{Shemale Yum Dvd03~G55~07-5~07 - Amber (5)}
naeshab5034.jpg,120252,badf89f4,\Gallery 55\07 - Amber (5)\,{Shemale Yum Dvd03~G55~07-5~07 - Amber (5)}
naeshab5035.jpg,137488,39f4aa6d,\Gallery 55\07 - Amber (5)\,{Shemale Yum Dvd03~G55~07-5~07 - Amber (5)}
naeshab5036.jpg,139197,7481504e,\Gallery 55\07 - Amber (5)\,{Shemale Yum Dvd03~G55~07-5~07 - Amber (5)}
naeshab5037.jpg,105542,14d2aaa0,\Gallery 55\07 - Amber (5)\,{Shemale Yum Dvd03~G55~07-5~07 - Amber (5)}
naeshab5038.jpg,132270,38413775,\Gallery 55\07 - Amber (5)\,{Shemale Yum Dvd03~G55~07-5~07 - Amber (5)}
naeshab5039.jpg,156932,22f623e4,\Gallery 55\07 - Amber (5)\,{Shemale Yum Dvd03~G55~07-5~07 - Amber (5)}
naeshab5040.jpg,108744,ab59821b,\Gallery 55\07 - Amber (5)\,{Shemale Yum Dvd03~G55~07-5~07 - Amber (5)}
naeshab5041.jpg,129047,0bfbf0ff,\Gallery 55\07 - Amber (5)\,{Shemale Yum Dvd03~G55~07-5~07 - Amber (5)}
naeshab5042.jpg,122951,5971b246,\Gallery 55\07 - Amber (5)\,{Shemale Yum Dvd03~G55~07-5~07 - Amber (5)}
naeshab5043.jpg,134578,85cbfd97,\Gallery 55\07 - Amber (5)\,{Shemale Yum Dvd03~G55~07-5~07 - Amber (5)}
naeshab5044.jpg,174214,6fe49fdd,\Gallery 55\07 - Amber (5)\,{Shemale Yum Dvd03~G55~07-5~07 - Amber (5)}
naeshab5045.jpg,146415,580e546e,\Gallery 55\07 - Amber (5)\,{Shemale Yum Dvd03~G55~07-5~07 - Amber (5)}
naeshab5046.jpg,184554,a1309522,\Gallery 55\07 - Amber (5)\,{Shemale Yum Dvd03~G55~07-5~07 - Amber (5)}
naeshab5047.jpg,160905,d7e01af0,\Gallery 55\07 - Amber (5)\,{Shemale Yum Dvd03~G55~07-5~07 - Amber (5)}
naeshab5048.jpg,138924,b75eed2c,\Gallery 55\07 - Amber (5)\,{Shemale Yum Dvd03~G55~07-5~07 - Amber (5)}
naeshab5049.jpg,130888,2887f8c1,\Gallery 55\07 - Amber (5)\,{Shemale Yum Dvd03~G55~07-5~07 - Amber (5)}
naeshab5050.jpg,132869,cc791d21,\Gallery 55\07 - Amber (5)\,{Shemale Yum Dvd03~G55~07-5~07 - Amber (5)}
naeshab5051.jpg,142005,96bb1f37,\Gallery 55\07 - Amber (5)\,{Shemale Yum Dvd03~G55~07-5~07 - Amber (5)}
naeshab5052.jpg,142752,e4e7453c,\Gallery 55\07 - Amber (5)\,{Shemale Yum Dvd03~G55~07-5~07 - Amber (5)}
naeshab5053.jpg,146576,4de5c18a,\Gallery 55\07 - Amber (5)\,{Shemale Yum Dvd03~G55~07-5~07 - Amber (5)}
naeshab5054.jpg,124790,c18ae362,\Gallery 55\07 - Amber (5)\,{Shemale Yum Dvd03~G55~07-5~07 - Amber (5)}
naeshab5055.jpg,136301,47443cd6,\Gallery 55\07 - Amber (5)\,{Shemale Yum Dvd03~G55~07-5~07 - Amber (5)}
naeshab5056.jpg,145294,98387547,\Gallery 55\07 - Amber (5)\,{Shemale Yum Dvd03~G55~07-5~07 - Amber (5)}
naeshab5057.jpg,138635,672e513d,\Gallery 55\07 - Amber (5)\,{Shemale Yum Dvd03~G55~07-5~07 - Amber (5)}
naeshab5058.jpg,140034,9a35f6a7,\Gallery 55\07 - Amber (5)\,{Shemale Yum Dvd03~G55~07-5~07 - Amber (5)}
naeshab5059.jpg,147064,52fa0c86,\Gallery 55\07 - Amber (5)\,{Shemale Yum Dvd03~G55~07-5~07 - Amber (5)}
naeshab5060.jpg,143237,96693f12,\Gallery 55\07 - Amber (5)\,{Shemale Yum Dvd03~G55~07-5~07 - Amber (5)}
naeshab5061.jpg,146194,33c8d2d7,\Gallery 55\07 - Amber (5)\,{Shemale Yum Dvd03~G55~07-5~07 - Amber (5)}
naeshab5062.jpg,142048,e9fe4dd5,\Gallery 55\07 - Amber (5)\,{Shemale Yum Dvd03~G55~07-5~07 - Amber (5)}
naeshab5063.jpg,133137,9927475a,\Gallery 55\07 - Amber (5)\,{Shemale Yum Dvd03~G55~07-5~07 - Amber (5)}
naeshab5064.jpg,112046,cf71287f,\Gallery 55\07 - Amber (5)\,{Shemale Yum Dvd03~G55~07-5~07 - Amber (5)}
naeshab5065.jpg,127949,f106d008,\Gallery 55\07 - Amber (5)\,{Shemale Yum Dvd03~G55~07-5~07 - Amber (5)}
naeshab5066.jpg,96928,ebe2f49e,\Gallery 55\07 - Amber (5)\,{Shemale Yum Dvd03~G55~07-5~07 - Amber (5)}
naeshab5067.jpg,117454,bf1787f7,\Gallery 55\07 - Amber (5)\,{Shemale Yum Dvd03~G55~07-5~07 - Amber (5)}
naeshab5068.jpg,109589,3513cb46,\Gallery 55\07 - Amber (5)\,{Shemale Yum Dvd03~G55~07-5~07 - Amber (5)}
naeshab5069.jpg,129031,d491fc58,\Gallery 55\07 - Amber (5)\,{Shemale Yum Dvd03~G55~07-5~07 - Amber (5)}
naeshab5070.jpg,144346,0ec507a4,\Gallery 55\07 - Amber (5)\,{Shemale Yum Dvd03~G55~07-5~07 - Amber (5)}
naeshab5071.jpg,119037,e482175d,\Gallery 55\07 - Amber (5)\,{Shemale Yum Dvd03~G55~07-5~07 - Amber (5)}
naeshab5072.jpg,125439,e3d6b69f,\Gallery 55\07 - Amber (5)\,{Shemale Yum Dvd03~G55~07-5~07 - Amber (5)}
raquel001.jpg,154776,2805d5c2,\Gallery 55\08 - Raquel\,{Shemale Yum Dvd03~G55~08~08 - Raquel}
raquel002.jpg,158780,bb7477bd,\Gallery 55\08 - Raquel\,{Shemale Yum Dvd03~G55~08~08 - Raquel}
raquel003.jpg,135897,cd5e2744,\Gallery 55\08 - Raquel\,{Shemale Yum Dvd03~G55~08~08 - Raquel}
raquel004.jpg,163266,e1b1bf19,\Gallery 55\08 - Raquel\,{Shemale Yum Dvd03~G55~08~08 - Raquel}
raquel005.jpg,179975,c213f240,\Gallery 55\08 - Raquel\,{Shemale Yum Dvd03~G55~08~08 - Raquel}
raquel006.jpg,188878,4edc28a4,\Gallery 55\08 - Raquel\,{Shemale Yum Dvd03~G55~08~08 - Raquel}
raquel007.jpg,182902,72744e1d,\Gallery 55\08 - Raquel\,{Shemale Yum Dvd03~G55~08~08 - Raquel}
raquel008.jpg,155114,bd2c87e2,\Gallery 55\08 - Raquel\,{Shemale Yum Dvd03~G55~08~08 - Raquel}
raquel009.jpg,177818,8056db3d,\Gallery 55\08 - Raquel\,{Shemale Yum Dvd03~G55~08~08 - Raquel}
raquel010.jpg,167104,f47edca5,\Gallery 55\08 - Raquel\,{Shemale Yum Dvd03~G55~08~08 - Raquel}
raquel011.jpg,161259,62196b27,\Gallery 55\08 - Raquel\,{Shemale Yum Dvd03~G55~08~08 - Raquel}
raquel012.jpg,170860,c7cfc707,\Gallery 55\08 - Raquel\,{Shemale Yum Dvd03~G55~08~08 - Raquel}
raquel013.jpg,173089,bdc59814,\Gallery 55\08 - Raquel\,{Shemale Yum Dvd03~G55~08~08 - Raquel}
raquel014.jpg,184330,3747165a,\Gallery 55\08 - Raquel\,{Shemale Yum Dvd03~G55~08~08 - Raquel}
raquel015.jpg,168391,5c1b9df7,\Gallery 55\08 - Raquel\,{Shemale Yum Dvd03~G55~08~08 - Raquel}
raquel016.jpg,160224,093c19ef,\Gallery 55\08 - Raquel\,{Shemale Yum Dvd03~G55~08~08 - Raquel}
raquel017.jpg,171135,6118cb7a,\Gallery 55\08 - Raquel\,{Shemale Yum Dvd03~G55~08~08 - Raquel}
raquel018.jpg,161859,d761dfb2,\Gallery 55\08 - Raquel\,{Shemale Yum Dvd03~G55~08~08 - Raquel}
raquel019.jpg,151625,65d1f401,\Gallery 55\08 - Raquel\,{Shemale Yum Dvd03~G55~08~08 - Raquel}
raquel020.jpg,165226,52ecea20,\Gallery 55\08 - Raquel\,{Shemale Yum Dvd03~G55~08~08 - Raquel}
raquel023.jpg,171815,f134241e,\Gallery 55\08 - Raquel\,{Shemale Yum Dvd03~G55~08~08 - Raquel}
raquel024.jpg,165147,db51f810,\Gallery 55\08 - Raquel\,{Shemale Yum Dvd03~G55~08~08 - Raquel}
raquel025.jpg,158495,efc208e9,\Gallery 55\08 - Raquel\,{Shemale Yum Dvd03~G55~08~08 - Raquel}
raquel026.jpg,157293,469c7ef6,\Gallery 55\08 - Raquel\,{Shemale Yum Dvd03~G55~08~08 - Raquel}
raquel027.jpg,162415,11e9ce4d,\Gallery 55\08 - Raquel\,{Shemale Yum Dvd03~G55~08~08 - Raquel}
raquel028.jpg,171384,1877dfdb,\Gallery 55\08 - Raquel\,{Shemale Yum Dvd03~G55~08~08 - Raquel}
raquel029.jpg,165132,d8aef3c3,\Gallery 55\08 - Raquel\,{Shemale Yum Dvd03~G55~08~08 - Raquel}
raquel030.jpg,168178,7faafe21,\Gallery 55\08 - Raquel\,{Shemale Yum Dvd03~G55~08~08 - Raquel}
raquel031.jpg,167766,af1b5537,\Gallery 55\08 - Raquel\,{Shemale Yum Dvd03~G55~08~08 - Raquel}
raquel032.jpg,153319,634baa87,\Gallery 55\08 - Raquel\,{Shemale Yum Dvd03~G55~08~08 - Raquel}
raquel033.jpg,156234,36689db4,\Gallery 55\08 - Raquel\,{Shemale Yum Dvd03~G55~08~08 - Raquel}
raquel034.jpg,172159,5e204223,\Gallery 55\08 - Raquel\,{Shemale Yum Dvd03~G55~08~08 - Raquel}
raquel035.jpg,144145,08c936ce,\Gallery 55\08 - Raquel\,{Shemale Yum Dvd03~G55~08~08 - Raquel}
raquel036.jpg,165167,979dceeb,\Gallery 55\08 - Raquel\,{Shemale Yum Dvd03~G55~08~08 - Raquel}
raquel037.jpg,146598,74a64932,\Gallery 55\08 - Raquel\,{Shemale Yum Dvd03~G55~08~08 - Raquel}
raquel038.jpg,156737,48b895fe,\Gallery 55\08 - Raquel\,{Shemale Yum Dvd03~G55~08~08 - Raquel}
raquel039.jpg,164744,bb484e2c,\Gallery 55\08 - Raquel\,{Shemale Yum Dvd03~G55~08~08 - Raquel}
raquel040.jpg,168726,41b8c761,\Gallery 55\08 - Raquel\,{Shemale Yum Dvd03~G55~08~08 - Raquel}
raquel041.jpg,163411,35f8abc1,\Gallery 55\08 - Raquel\,{Shemale Yum Dvd03~G55~08~08 - Raquel}
raquel042.jpg,167700,da26b8bc,\Gallery 55\08 - Raquel\,{Shemale Yum Dvd03~G55~08~08 - Raquel}
raquel043.jpg,163772,f6e96ed5,\Gallery 55\08 - Raquel\,{Shemale Yum Dvd03~G55~08~08 - Raquel}
raquel044.jpg,149550,857deeb8,\Gallery 55\08 - Raquel\,{Shemale Yum Dvd03~G55~08~08 - Raquel}
raquel045.jpg,168123,37b93ed6,\Gallery 55\08 - Raquel\,{Shemale Yum Dvd03~G55~08~08 - Raquel}
raquel046.jpg,166842,aa329658,\Gallery 55\08 - Raquel\,{Shemale Yum Dvd03~G55~08~08 - Raquel}
raquel047.jpg,159747,ed66d549,\Gallery 55\08 - Raquel\,{Shemale Yum Dvd03~G55~08~08 - Raquel}
raquel048.jpg,168280,1ab287eb,\Gallery 55\08 - Raquel\,{Shemale Yum Dvd03~G55~08~08 - Raquel}
raquel049.jpg,169823,2e03881b,\Gallery 55\08 - Raquel\,{Shemale Yum Dvd03~G55~08~08 - Raquel}
raquel051.jpg,199916,224b7573,\Gallery 55\08 - Raquel\,{Shemale Yum Dvd03~G55~08~08 - Raquel}
raquel052.jpg,190981,34415b57,\Gallery 55\08 - Raquel\,{Shemale Yum Dvd03~G55~08~08 - Raquel}
raquel053.jpg,225662,2aa77e79,\Gallery 55\08 - Raquel\,{Shemale Yum Dvd03~G55~08~08 - Raquel}
raquel054.jpg,216139,9be18fb9,\Gallery 55\08 - Raquel\,{Shemale Yum Dvd03~G55~08~08 - Raquel}
raquel055.jpg,209712,8177f649,\Gallery 55\08 - Raquel\,{Shemale Yum Dvd03~G55~08~08 - Raquel}
raquel057.jpg,212321,059cda16,\Gallery 55\08 - Raquel\,{Shemale Yum Dvd03~G55~08~08 - Raquel}
raquel058.jpg,190293,12922e15,\Gallery 55\08 - Raquel\,{Shemale Yum Dvd03~G55~08~08 - Raquel}
raquel059.jpg,165105,fb026161,\Gallery 55\08 - Raquel\,{Shemale Yum Dvd03~G55~08~08 - Raquel}
raquel060.jpg,163844,bb478a1a,\Gallery 55\08 - Raquel\,{Shemale Yum Dvd03~G55~08~08 - Raquel}
raquel061.jpg,173020,6991ae7b,\Gallery 55\08 - Raquel\,{Shemale Yum Dvd03~G55~08~08 - Raquel}
raquel065.jpg,152727,3512b1e2,\Gallery 55\08 - Raquel\,{Shemale Yum Dvd03~G55~08~08 - Raquel}
raquel066.jpg,163227,d190fb8b,\Gallery 55\08 - Raquel\,{Shemale Yum Dvd03~G55~08~08 - Raquel}
raquel067.jpg,160661,e1a54b90,\Gallery 55\08 - Raquel\,{Shemale Yum Dvd03~G55~08~08 - Raquel}
raquel068.jpg,192752,eb407537,\Gallery 55\08 - Raquel\,{Shemale Yum Dvd03~G55~08~08 - Raquel}
raquel069.jpg,170141,2ba23723,\Gallery 55\08 - Raquel\,{Shemale Yum Dvd03~G55~08~08 - Raquel}
raquel070.jpg,152853,a1063a2d,\Gallery 55\08 - Raquel\,{Shemale Yum Dvd03~G55~08~08 - Raquel}
raquel071.jpg,155318,cf82b10c,\Gallery 55\08 - Raquel\,{Shemale Yum Dvd03~G55~08~08 - Raquel}
raquel072.jpg,148889,82b9a922,\Gallery 55\08 - Raquel\,{Shemale Yum Dvd03~G55~08~08 - Raquel}
raquel073.jpg,142567,d9e63dad,\Gallery 55\08 - Raquel\,{Shemale Yum Dvd03~G55~08~08 - Raquel}
raquel074.jpg,142607,37515be3,\Gallery 55\08 - Raquel\,{Shemale Yum Dvd03~G55~08~08 - Raquel}
raquel075.jpg,124777,72dc3e01,\Gallery 55\08 - Raquel\,{Shemale Yum Dvd03~G55~08~08 - Raquel}
raquel076.jpg,119974,f9149395,\Gallery 55\08 - Raquel\,{Shemale Yum Dvd03~G55~08~08 - Raquel}
raquel077.jpg,124767,41c995e1,\Gallery 55\08 - Raquel\,{Shemale Yum Dvd03~G55~08~08 - Raquel}
raquel078.jpg,176746,93b0774a,\Gallery 55\08 - Raquel\,{Shemale Yum Dvd03~G55~08~08 - Raquel}
raquel079.jpg,141311,c9dceacb,\Gallery 55\08 - Raquel\,{Shemale Yum Dvd03~G55~08~08 - Raquel}
raquel080.jpg,151888,0f3f05a3,\Gallery 55\08 - Raquel\,{Shemale Yum Dvd03~G55~08~08 - Raquel}
raquel081.jpg,150684,5724e13f,\Gallery 55\08 - Raquel\,{Shemale Yum Dvd03~G55~08~08 - Raquel}
raquel082.jpg,112619,8836fd8c,\Gallery 55\08 - Raquel\,{Shemale Yum Dvd03~G55~08~08 - Raquel}
raquel083.jpg,133379,c1e2c145,\Gallery 55\08 - Raquel\,{Shemale Yum Dvd03~G55~08~08 - Raquel}
raquel084.jpg,147205,176778ef,\Gallery 55\08 - Raquel\,{Shemale Yum Dvd03~G55~08~08 - Raquel}
raquel085.jpg,154806,77f6d536,\Gallery 55\08 - Raquel\,{Shemale Yum Dvd03~G55~08~08 - Raquel}
raquel086.jpg,182053,63162b60,\Gallery 55\08 - Raquel\,{Shemale Yum Dvd03~G55~08~08 - Raquel}
raquel087.jpg,175225,be8ae0df,\Gallery 55\08 - Raquel\,{Shemale Yum Dvd03~G55~08~08 - Raquel}
raquel088.jpg,188273,87ae3402,\Gallery 55\08 - Raquel\,{Shemale Yum Dvd03~G55~08~08 - Raquel}
raquel089.jpg,217787,48b20862,\Gallery 55\08 - Raquel\,{Shemale Yum Dvd03~G55~08~08 - Raquel}
raquel090.jpg,149269,e2bc26d3,\Gallery 55\08 - Raquel\,{Shemale Yum Dvd03~G55~08~08 - Raquel}
raquel091.jpg,164244,1b247800,\Gallery 55\08 - Raquel\,{Shemale Yum Dvd03~G55~08~08 - Raquel}
raquel092.jpg,165738,1f6b18b1,\Gallery 55\08 - Raquel\,{Shemale Yum Dvd03~G55~08~08 - Raquel}
raquel093.jpg,147377,e1de4813,\Gallery 55\08 - Raquel\,{Shemale Yum Dvd03~G55~08~08 - Raquel}
raquel094.jpg,146777,93d31f66,\Gallery 55\08 - Raquel\,{Shemale Yum Dvd03~G55~08~08 - Raquel}
raquel095.jpg,131045,bc295831,\Gallery 55\08 - Raquel\,{Shemale Yum Dvd03~G55~08~08 - Raquel}
raquel096.jpg,146136,28af234b,\Gallery 55\08 - Raquel\,{Shemale Yum Dvd03~G55~08~08 - Raquel}
raquel097.jpg,167806,bdb61529,\Gallery 55\08 - Raquel\,{Shemale Yum Dvd03~G55~08~08 - Raquel}
raquel098.jpg,143441,f6b6be77,\Gallery 55\08 - Raquel\,{Shemale Yum Dvd03~G55~08~08 - Raquel}
raquel099.jpg,156262,78101ec4,\Gallery 55\08 - Raquel\,{Shemale Yum Dvd03~G55~08~08 - Raquel}
raquel100.jpg,157511,0f916717,\Gallery 55\08 - Raquel\,{Shemale Yum Dvd03~G55~08~08 - Raquel}
raquel101.jpg,149234,a6f38ebb,\Gallery 55\08 - Raquel\,{Shemale Yum Dvd03~G55~08~08 - Raquel}
raquel102.jpg,167861,5bfa568c,\Gallery 55\08 - Raquel\,{Shemale Yum Dvd03~G55~08~08 - Raquel}
raquel103.jpg,155722,eb330272,\Gallery 55\08 - Raquel\,{Shemale Yum Dvd03~G55~08~08 - Raquel}
raquel104.jpg,144819,1daacd43,\Gallery 55\08 - Raquel\,{Shemale Yum Dvd03~G55~08~08 - Raquel}
raquel105.jpg,157666,4391a165,\Gallery 55\08 - Raquel\,{Shemale Yum Dvd03~G55~08~08 - Raquel}
raquel106.jpg,124169,52fb1481,\Gallery 55\08 - Raquel\,{Shemale Yum Dvd03~G55~08~08 - Raquel}
raquel107.jpg,131923,2cf6c73d,\Gallery 55\08 - Raquel\,{Shemale Yum Dvd03~G55~08~08 - Raquel}
raquel108.jpg,137825,7c3a77b2,\Gallery 55\08 - Raquel\,{Shemale Yum Dvd03~G55~08~08 - Raquel}
raquel109.jpg,133046,5993a2b5,\Gallery 55\08 - Raquel\,{Shemale Yum Dvd03~G55~08~08 - Raquel}
raquel112.jpg,148552,fa20b973,\Gallery 55\08 - Raquel\,{Shemale Yum Dvd03~G55~08~08 - Raquel}
raquel113.jpg,137659,aabf276e,\Gallery 55\08 - Raquel\,{Shemale Yum Dvd03~G55~08~08 - Raquel}
shawna001.jpg,120012,0f04b342,\Gallery 55\09 - Shawna\,{Shemale Yum Dvd03~G55~09~09 - Shawna}
shawna002.jpg,144165,dacecb7f,\Gallery 55\09 - Shawna\,{Shemale Yum Dvd03~G55~09~09 - Shawna}
shawna003.jpg,159739,5915cae8,\Gallery 55\09 - Shawna\,{Shemale Yum Dvd03~G55~09~09 - Shawna}
shawna004.jpg,162386,d87d1e4b,\Gallery 55\09 - Shawna\,{Shemale Yum Dvd03~G55~09~09 - Shawna}
shawna005.jpg,161903,4cb202c0,\Gallery 55\09 - Shawna\,{Shemale Yum Dvd03~G55~09~09 - Shawna}
shawna006.jpg,181737,1ae7e500,\Gallery 55\09 - Shawna\,{Shemale Yum Dvd03~G55~09~09 - Shawna}
shawna007.jpg,185925,1642f1b7,\Gallery 55\09 - Shawna\,{Shemale Yum Dvd03~G55~09~09 - Shawna}
shawna008.jpg,134136,6dc8226e,\Gallery 55\09 - Shawna\,{Shemale Yum Dvd03~G55~09~09 - Shawna}
shawna009.jpg,156503,be1d2c23,\Gallery 55\09 - Shawna\,{Shemale Yum Dvd03~G55~09~09 - Shawna}
shawna010.jpg,147802,41bec56b,\Gallery 55\09 - Shawna\,{Shemale Yum Dvd03~G55~09~09 - Shawna}
shawna011.jpg,154179,bd3e42ff,\Gallery 55\09 - Shawna\,{Shemale Yum Dvd03~G55~09~09 - Shawna}
shawna012.jpg,139350,1130adde,\Gallery 55\09 - Shawna\,{Shemale Yum Dvd03~G55~09~09 - Shawna}
shawna013.jpg,128701,2849c3de,\Gallery 55\09 - Shawna\,{Shemale Yum Dvd03~G55~09~09 - Shawna}
shawna014.jpg,130644,95b5356f,\Gallery 55\09 - Shawna\,{Shemale Yum Dvd03~G55~09~09 - Shawna}
shawna015.jpg,127587,72ae9b3d,\Gallery 55\09 - Shawna\,{Shemale Yum Dvd03~G55~09~09 - Shawna}
shawna016.jpg,145950,0319e53d,\Gallery 55\09 - Shawna\,{Shemale Yum Dvd03~G55~09~09 - Shawna}
shawna017.jpg,123794,2c334393,\Gallery 55\09 - Shawna\,{Shemale Yum Dvd03~G55~09~09 - Shawna}
shawna018.jpg,124404,a6368a53,\Gallery 55\09 - Shawna\,{Shemale Yum Dvd03~G55~09~09 - Shawna}
shawna019.jpg,138642,45003955,\Gallery 55\09 - Shawna\,{Shemale Yum Dvd03~G55~09~09 - Shawna}
shawna020.jpg,120717,7e430912,\Gallery 55\09 - Shawna\,{Shemale Yum Dvd03~G55~09~09 - Shawna}
shawna021.jpg,116335,af54cd6e,\Gallery 55\09 - Shawna\,{Shemale Yum Dvd03~G55~09~09 - Shawna}
shawna022.jpg,140383,54e75ed8,\Gallery 55\09 - Shawna\,{Shemale Yum Dvd03~G55~09~09 - Shawna}
shawna023.jpg,127459,a8636249,\Gallery 55\09 - Shawna\,{Shemale Yum Dvd03~G55~09~09 - Shawna}
shawna024.jpg,121781,afa41834,\Gallery 55\09 - Shawna\,{Shemale Yum Dvd03~G55~09~09 - Shawna}
shawna025.jpg,125534,73dcc536,\Gallery 55\09 - Shawna\,{Shemale Yum Dvd03~G55~09~09 - Shawna}
shawna026.jpg,131957,d9e1a503,\Gallery 55\09 - Shawna\,{Shemale Yum Dvd03~G55~09~09 - Shawna}
shawna027.jpg,127847,0c8660c7,\Gallery 55\09 - Shawna\,{Shemale Yum Dvd03~G55~09~09 - Shawna}
shawna028.jpg,118509,4a169ddf,\Gallery 55\09 - Shawna\,{Shemale Yum Dvd03~G55~09~09 - Shawna}
shawna029.jpg,113132,f8923580,\Gallery 55\09 - Shawna\,{Shemale Yum Dvd03~G55~09~09 - Shawna}
shawna030.jpg,116072,68de978b,\Gallery 55\09 - Shawna\,{Shemale Yum Dvd03~G55~09~09 - Shawna}
shawna031.jpg,113873,a2e42fee,\Gallery 55\09 - Shawna\,{Shemale Yum Dvd03~G55~09~09 - Shawna}
shawna032.jpg,124036,8edb08d0,\Gallery 55\09 - Shawna\,{Shemale Yum Dvd03~G55~09~09 - Shawna}
shawna033.jpg,118813,1f50ba31,\Gallery 55\09 - Shawna\,{Shemale Yum Dvd03~G55~09~09 - Shawna}
shawna034.jpg,119016,eea920db,\Gallery 55\09 - Shawna\,{Shemale Yum Dvd03~G55~09~09 - Shawna}
shawna035.jpg,112287,2eb4e451,\Gallery 55\09 - Shawna\,{Shemale Yum Dvd03~G55~09~09 - Shawna}
shawna036.jpg,122382,e74afca7,\Gallery 55\09 - Shawna\,{Shemale Yum Dvd03~G55~09~09 - Shawna}
shawna037.jpg,124244,bf219d05,\Gallery 55\09 - Shawna\,{Shemale Yum Dvd03~G55~09~09 - Shawna}
shawna038.jpg,111645,0d6dd80a,\Gallery 55\09 - Shawna\,{Shemale Yum Dvd03~G55~09~09 - Shawna}
shawna039.jpg,120948,cac43590,\Gallery 55\09 - Shawna\,{Shemale Yum Dvd03~G55~09~09 - Shawna}
shawna040.jpg,122665,66905c00,\Gallery 55\09 - Shawna\,{Shemale Yum Dvd03~G55~09~09 - Shawna}
shawna041.jpg,108901,a22efa66,\Gallery 55\09 - Shawna\,{Shemale Yum Dvd03~G55~09~09 - Shawna}
shawna042.jpg,109172,b0c35eea,\Gallery 55\09 - Shawna\,{Shemale Yum Dvd03~G55~09~09 - Shawna}
shawna043.jpg,125580,a44a9794,\Gallery 55\09 - Shawna\,{Shemale Yum Dvd03~G55~09~09 - Shawna}
shawna044.jpg,116456,5330ad4e,\Gallery 55\09 - Shawna\,{Shemale Yum Dvd03~G55~09~09 - Shawna}
shawna045.jpg,109764,7d4c817a,\Gallery 55\09 - Shawna\,{Shemale Yum Dvd03~G55~09~09 - Shawna}
shawna046.jpg,112251,354820e2,\Gallery 55\09 - Shawna\,{Shemale Yum Dvd03~G55~09~09 - Shawna}
shawna047.jpg,123060,a53ad65d,\Gallery 55\09 - Shawna\,{Shemale Yum Dvd03~G55~09~09 - Shawna}
shawna048.jpg,106871,b6833a51,\Gallery 55\09 - Shawna\,{Shemale Yum Dvd03~G55~09~09 - Shawna}
shawna049.jpg,163525,1e500700,\Gallery 55\09 - Shawna\,{Shemale Yum Dvd03~G55~09~09 - Shawna}
shawna050.jpg,118961,15046fd2,\Gallery 55\09 - Shawna\,{Shemale Yum Dvd03~G55~09~09 - Shawna}
shawna051.jpg,105411,6e0637f9,\Gallery 55\09 - Shawna\,{Shemale Yum Dvd03~G55~09~09 - Shawna}
shawna052.jpg,103487,c9f7b0d3,\Gallery 55\09 - Shawna\,{Shemale Yum Dvd03~G55~09~09 - Shawna}
shawna053.jpg,113191,837a2072,\Gallery 55\09 - Shawna\,{Shemale Yum Dvd03~G55~09~09 - Shawna}
shawna054.jpg,112761,725355d5,\Gallery 55\09 - Shawna\,{Shemale Yum Dvd03~G55~09~09 - Shawna}
shawna056.jpg,140964,aea79741,\Gallery 55\09 - Shawna\,{Shemale Yum Dvd03~G55~09~09 - Shawna}
shawna057.jpg,127681,a14db2c9,\Gallery 55\09 - Shawna\,{Shemale Yum Dvd03~G55~09~09 - Shawna}
shawna058.jpg,150659,77405b18,\Gallery 55\09 - Shawna\,{Shemale Yum Dvd03~G55~09~09 - Shawna}
shawna059.jpg,130538,911a0b24,\Gallery 55\09 - Shawna\,{Shemale Yum Dvd03~G55~09~09 - Shawna}
shawna060.jpg,147456,b9e87857,\Gallery 55\09 - Shawna\,{Shemale Yum Dvd03~G55~09~09 - Shawna}
shawna061.jpg,135186,3c5cda67,\Gallery 55\09 - Shawna\,{Shemale Yum Dvd03~G55~09~09 - Shawna}
shawna062.jpg,124748,189af0de,\Gallery 55\09 - Shawna\,{Shemale Yum Dvd03~G55~09~09 - Shawna}
shawna063.jpg,120662,6c8b95ad,\Gallery 55\09 - Shawna\,{Shemale Yum Dvd03~G55~09~09 - Shawna}
shawna064.jpg,106839,6654bc71,\Gallery 55\09 - Shawna\,{Shemale Yum Dvd03~G55~09~09 - Shawna}
shawna065.jpg,111905,cdf4f67f,\Gallery 55\09 - Shawna\,{Shemale Yum Dvd03~G55~09~09 - Shawna}
shawna066.jpg,96523,060524be,\Gallery 55\09 - Shawna\,{Shemale Yum Dvd03~G55~09~09 - Shawna}
shawna067.jpg,99368,330444d4,\Gallery 55\09 - Shawna\,{Shemale Yum Dvd03~G55~09~09 - Shawna}
shawna068.jpg,99616,5bb85b58,\Gallery 55\09 - Shawna\,{Shemale Yum Dvd03~G55~09~09 - Shawna}
shawna069.jpg,123488,0c1e2b23,\Gallery 55\09 - Shawna\,{Shemale Yum Dvd03~G55~09~09 - Shawna}
shawna070.jpg,112718,19d1eb5c,\Gallery 55\09 - Shawna\,{Shemale Yum Dvd03~G55~09~09 - Shawna}
shawna071.jpg,140490,31c69472,\Gallery 55\09 - Shawna\,{Shemale Yum Dvd03~G55~09~09 - Shawna}
shawna072.jpg,118537,fb02b1ef,\Gallery 55\09 - Shawna\,{Shemale Yum Dvd03~G55~09~09 - Shawna}
shawna073.jpg,112981,1086cc5d,\Gallery 55\09 - Shawna\,{Shemale Yum Dvd03~G55~09~09 - Shawna}
shawna074.jpg,118931,fcf65344,\Gallery 55\09 - Shawna\,{Shemale Yum Dvd03~G55~09~09 - Shawna}
shawna075.jpg,129574,4edc4e0d,\Gallery 55\09 - Shawna\,{Shemale Yum Dvd03~G55~09~09 - Shawna}
shawna076.jpg,114245,20058d16,\Gallery 55\09 - Shawna\,{Shemale Yum Dvd03~G55~09~09 - Shawna}
shawna077.jpg,119807,7b82644f,\Gallery 55\09 - Shawna\,{Shemale Yum Dvd03~G55~09~09 - Shawna}
shawna078.jpg,113090,2aa7182e,\Gallery 55\09 - Shawna\,{Shemale Yum Dvd03~G55~09~09 - Shawna}
shawna080.jpg,108897,7b95c3ce,\Gallery 55\09 - Shawna\,{Shemale Yum Dvd03~G55~09~09 - Shawna}
shawna081.jpg,99641,a6a907ee,\Gallery 55\09 - Shawna\,{Shemale Yum Dvd03~G55~09~09 - Shawna}
shawna082.jpg,123490,d980757e,\Gallery 55\09 - Shawna\,{Shemale Yum Dvd03~G55~09~09 - Shawna}
shawna083.jpg,141097,ef1fb94d,\Gallery 55\09 - Shawna\,{Shemale Yum Dvd03~G55~09~09 - Shawna}
shawna084.jpg,103812,f5931f27,\Gallery 55\09 - Shawna\,{Shemale Yum Dvd03~G55~09~09 - Shawna}
shawna085.jpg,127659,e07b3610,\Gallery 55\09 - Shawna\,{Shemale Yum Dvd03~G55~09~09 - Shawna}
shawna086.jpg,119920,d198491a,\Gallery 55\09 - Shawna\,{Shemale Yum Dvd03~G55~09~09 - Shawna}
shawna088.jpg,117451,a2d0e494,\Gallery 55\09 - Shawna\,{Shemale Yum Dvd03~G55~09~09 - Shawna}
shawna089.jpg,128139,877f293c,\Gallery 55\09 - Shawna\,{Shemale Yum Dvd03~G55~09~09 - Shawna}
shawna090.jpg,134146,e04334d1,\Gallery 55\09 - Shawna\,{Shemale Yum Dvd03~G55~09~09 - Shawna}
shawna091.jpg,116930,560c4647,\Gallery 55\09 - Shawna\,{Shemale Yum Dvd03~G55~09~09 - Shawna}
shawna092.jpg,167136,e7fab554,\Gallery 55\09 - Shawna\,{Shemale Yum Dvd03~G55~09~09 - Shawna}
shawna093.jpg,130931,180792bd,\Gallery 55\09 - Shawna\,{Shemale Yum Dvd03~G55~09~09 - Shawna}
shawna094.jpg,137120,ab5671fe,\Gallery 55\09 - Shawna\,{Shemale Yum Dvd03~G55~09~09 - Shawna}
shawna095.jpg,133000,a6efc2d8,\Gallery 55\09 - Shawna\,{Shemale Yum Dvd03~G55~09~09 - Shawna}
shawna096.jpg,129542,c3a250e8,\Gallery 55\09 - Shawna\,{Shemale Yum Dvd03~G55~09~09 - Shawna}
shawna097.jpg,108523,01cc4237,\Gallery 55\09 - Shawna\,{Shemale Yum Dvd03~G55~09~09 - Shawna}
shawna098.jpg,118897,54fbf9db,\Gallery 55\09 - Shawna\,{Shemale Yum Dvd03~G55~09~09 - Shawna}
shawna099.jpg,104135,295bcc3c,\Gallery 55\09 - Shawna\,{Shemale Yum Dvd03~G55~09~09 - Shawna}
shawna100.jpg,123493,6fe07197,\Gallery 55\09 - Shawna\,{Shemale Yum Dvd03~G55~09~09 - Shawna}
shawna101.jpg,126886,d89306d1,\Gallery 55\09 - Shawna\,{Shemale Yum Dvd03~G55~09~09 - Shawna}
shawna102.jpg,118674,07151dbf,\Gallery 55\09 - Shawna\,{Shemale Yum Dvd03~G55~09~09 - Shawna}
shawna103.jpg,111883,34b7865a,\Gallery 55\09 - Shawna\,{Shemale Yum Dvd03~G55~09~09 - Shawna}
shawna104.jpg,107323,0afa14f7,\Gallery 55\09 - Shawna\,{Shemale Yum Dvd03~G55~09~09 - Shawna}
shawna105.jpg,119532,0c49be49,\Gallery 55\09 - Shawna\,{Shemale Yum Dvd03~G55~09~09 - Shawna}
shawnab001.jpg,154649,b1039b7b,\Gallery 55\09 - Shawna (2)\,{Shemale Yum Dvd03~G55~09-2~09 - Shawna (2)}
shawnab002.jpg,152927,a7fbecba,\Gallery 55\09 - Shawna (2)\,{Shemale Yum Dvd03~G55~09-2~09 - Shawna (2)}
shawnab003.jpg,157151,deb3fbff,\Gallery 55\09 - Shawna (2)\,{Shemale Yum Dvd03~G55~09-2~09 - Shawna (2)}
shawnab004.jpg,128418,48b38ff4,\Gallery 55\09 - Shawna (2)\,{Shemale Yum Dvd03~G55~09-2~09 - Shawna (2)}
shawnab005.jpg,139684,40bf3fd3,\Gallery 55\09 - Shawna (2)\,{Shemale Yum Dvd03~G55~09-2~09 - Shawna (2)}
shawnab006.jpg,138818,41a0170c,\Gallery 55\09 - Shawna (2)\,{Shemale Yum Dvd03~G55~09-2~09 - Shawna (2)}
shawnab007.jpg,144904,270c8bc3,\Gallery 55\09 - Shawna (2)\,{Shemale Yum Dvd03~G55~09-2~09 - Shawna (2)}
shawnab008.jpg,133803,f99e8027,\Gallery 55\09 - Shawna (2)\,{Shemale Yum Dvd03~G55~09-2~09 - Shawna (2)}
shawnab009.jpg,139407,8f6ce27b,\Gallery 55\09 - Shawna (2)\,{Shemale Yum Dvd03~G55~09-2~09 - Shawna (2)}
shawnab010.jpg,128898,6bd53526,\Gallery 55\09 - Shawna (2)\,{Shemale Yum Dvd03~G55~09-2~09 - Shawna (2)}
shawnab011.jpg,133208,023ca55a,\Gallery 55\09 - Shawna (2)\,{Shemale Yum Dvd03~G55~09-2~09 - Shawna (2)}
shawnab012.jpg,146564,3819612c,\Gallery 55\09 - Shawna (2)\,{Shemale Yum Dvd03~G55~09-2~09 - Shawna (2)}
shawnab013.jpg,145796,82422e80,\Gallery 55\09 - Shawna (2)\,{Shemale Yum Dvd03~G55~09-2~09 - Shawna (2)}
shawnab014.jpg,137062,3023ba40,\Gallery 55\09 - Shawna (2)\,{Shemale Yum Dvd03~G55~09-2~09 - Shawna (2)}
shawnab015.jpg,153289,54b305a1,\Gallery 55\09 - Shawna (2)\,{Shemale Yum Dvd03~G55~09-2~09 - Shawna (2)}
shawnab016.jpg,148450,44dcf1b0,\Gallery 55\09 - Shawna (2)\,{Shemale Yum Dvd03~G55~09-2~09 - Shawna (2)}
shawnab017.jpg,131865,1cedee32,\Gallery 55\09 - Shawna (2)\,{Shemale Yum Dvd03~G55~09-2~09 - Shawna (2)}
shawnab018.jpg,147862,3e077f80,\Gallery 55\09 - Shawna (2)\,{Shemale Yum Dvd03~G55~09-2~09 - Shawna (2)}
shawnab019.jpg,147507,e8b43466,\Gallery 55\09 - Shawna (2)\,{Shemale Yum Dvd03~G55~09-2~09 - Shawna (2)}
shawnab020.jpg,126791,4d23750f,\Gallery 55\09 - Shawna (2)\,{Shemale Yum Dvd03~G55~09-2~09 - Shawna (2)}
shawnab021.jpg,137374,786799e4,\Gallery 55\09 - Shawna (2)\,{Shemale Yum Dvd03~G55~09-2~09 - Shawna (2)}
shawnab022.jpg,133664,1046547a,\Gallery 55\09 - Shawna (2)\,{Shemale Yum Dvd03~G55~09-2~09 - Shawna (2)}
shawnab023.jpg,136780,4eadb7d2,\Gallery 55\09 - Shawna (2)\,{Shemale Yum Dvd03~G55~09-2~09 - Shawna (2)}
shawnab024.jpg,141402,5570c2a3,\Gallery 55\09 - Shawna (2)\,{Shemale Yum Dvd03~G55~09-2~09 - Shawna (2)}
shawnab025.jpg,139968,de628ab0,\Gallery 55\09 - Shawna (2)\,{Shemale Yum Dvd03~G55~09-2~09 - Shawna (2)}
shawnab026.jpg,131345,c400d426,\Gallery 55\09 - Shawna (2)\,{Shemale Yum Dvd03~G55~09-2~09 - Shawna (2)}
shawnab027.jpg,136358,8f8ac4c6,\Gallery 55\09 - Shawna (2)\,{Shemale Yum Dvd03~G55~09-2~09 - Shawna (2)}
shawnab028.jpg,132139,00903b0f,\Gallery 55\09 - Shawna (2)\,{Shemale Yum Dvd03~G55~09-2~09 - Shawna (2)}
shawnab029.jpg,121292,a354bbb3,\Gallery 55\09 - Shawna (2)\,{Shemale Yum Dvd03~G55~09-2~09 - Shawna (2)}
shawnab030.jpg,118635,64361473,\Gallery 55\09 - Shawna (2)\,{Shemale Yum Dvd03~G55~09-2~09 - Shawna (2)}
shawnab031.jpg,117622,ae8b6dd4,\Gallery 55\09 - Shawna (2)\,{Shemale Yum Dvd03~G55~09-2~09 - Shawna (2)}
shawnab032.jpg,128812,585293c2,\Gallery 55\09 - Shawna (2)\,{Shemale Yum Dvd03~G55~09-2~09 - Shawna (2)}
shawnab033.jpg,105411,63374d6e,\Gallery 55\09 - Shawna (2)\,{Shemale Yum Dvd03~G55~09-2~09 - Shawna (2)}
shawnab034.jpg,102578,e99c8d2c,\Gallery 55\09 - Shawna (2)\,{Shemale Yum Dvd03~G55~09-2~09 - Shawna (2)}
shawnab035.jpg,125216,3dbe9522,\Gallery 55\09 - Shawna (2)\,{Shemale Yum Dvd03~G55~09-2~09 - Shawna (2)}
shawnab036.jpg,143759,9b08fcd7,\Gallery 55\09 - Shawna (2)\,{Shemale Yum Dvd03~G55~09-2~09 - Shawna (2)}
shawnab037.jpg,140015,966d5f08,\Gallery 55\09 - Shawna (2)\,{Shemale Yum Dvd03~G55~09-2~09 - Shawna (2)}
shawnab038.jpg,130507,f64374d4,\Gallery 55\09 - Shawna (2)\,{Shemale Yum Dvd03~G55~09-2~09 - Shawna (2)}
shawnab039.jpg,132949,26091844,\Gallery 55\09 - Shawna (2)\,{Shemale Yum Dvd03~G55~09-2~09 - Shawna (2)}
shawnab040.jpg,106321,98f78705,\Gallery 55\09 - Shawna (2)\,{Shemale Yum Dvd03~G55~09-2~09 - Shawna (2)}
shawnab041.jpg,135775,3d92c32f,\Gallery 55\09 - Shawna (2)\,{Shemale Yum Dvd03~G55~09-2~09 - Shawna (2)}
shawnab042.jpg,125831,30f66883,\Gallery 55\09 - Shawna (2)\,{Shemale Yum Dvd03~G55~09-2~09 - Shawna (2)}
shawnab043.jpg,113738,6a08be62,\Gallery 55\09 - Shawna (2)\,{Shemale Yum Dvd03~G55~09-2~09 - Shawna (2)}
shawnab044.jpg,138833,2c2df8e3,\Gallery 55\09 - Shawna (2)\,{Shemale Yum Dvd03~G55~09-2~09 - Shawna (2)}
shawnab045.jpg,119178,a105dac3,\Gallery 55\09 - Shawna (2)\,{Shemale Yum Dvd03~G55~09-2~09 - Shawna (2)}
shawnab046.jpg,140229,783dc980,\Gallery 55\09 - Shawna (2)\,{Shemale Yum Dvd03~G55~09-2~09 - Shawna (2)}
shawnab047.jpg,120001,cc636435,\Gallery 55\09 - Shawna (2)\,{Shemale Yum Dvd03~G55~09-2~09 - Shawna (2)}
shawnab048.jpg,127212,d441ae9e,\Gallery 55\09 - Shawna (2)\,{Shemale Yum Dvd03~G55~09-2~09 - Shawna (2)}
shawnab049.jpg,125086,d10eafaf,\Gallery 55\09 - Shawna (2)\,{Shemale Yum Dvd03~G55~09-2~09 - Shawna (2)}
shawnab050.jpg,127484,961315ac,\Gallery 55\09 - Shawna (2)\,{Shemale Yum Dvd03~G55~09-2~09 - Shawna (2)}
shawnab051.jpg,119034,76de8544,\Gallery 55\09 - Shawna (2)\,{Shemale Yum Dvd03~G55~09-2~09 - Shawna (2)}
shawnab052.jpg,119177,d935c298,\Gallery 55\09 - Shawna (2)\,{Shemale Yum Dvd03~G55~09-2~09 - Shawna (2)}
shawnab053.jpg,89567,7254ac0b,\Gallery 55\09 - Shawna (2)\,{Shemale Yum Dvd03~G55~09-2~09 - Shawna (2)}
shawnab054.jpg,132155,10b86b60,\Gallery 55\09 - Shawna (2)\,{Shemale Yum Dvd03~G55~09-2~09 - Shawna (2)}
shawnab055.jpg,107216,b76cc354,\Gallery 55\09 - Shawna (2)\,{Shemale Yum Dvd03~G55~09-2~09 - Shawna (2)}
shawnab056.jpg,116943,2b2de836,\Gallery 55\09 - Shawna (2)\,{Shemale Yum Dvd03~G55~09-2~09 - Shawna (2)}
shawnab057.jpg,104793,e31b31b0,\Gallery 55\09 - Shawna (2)\,{Shemale Yum Dvd03~G55~09-2~09 - Shawna (2)}
shawnab058.jpg,110913,89e0df4d,\Gallery 55\09 - Shawna (2)\,{Shemale Yum Dvd03~G55~09-2~09 - Shawna (2)}
shawnab059.jpg,104480,30d4dddd,\Gallery 55\09 - Shawna (2)\,{Shemale Yum Dvd03~G55~09-2~09 - Shawna (2)}
shawnab060.jpg,122199,28f85a75,\Gallery 55\09 - Shawna (2)\,{Shemale Yum Dvd03~G55~09-2~09 - Shawna (2)}
shawnab061.jpg,128026,df57425e,\Gallery 55\09 - Shawna (2)\,{Shemale Yum Dvd03~G55~09-2~09 - Shawna (2)}
shawnab062.jpg,156027,2ab1b238,\Gallery 55\09 - Shawna (2)\,{Shemale Yum Dvd03~G55~09-2~09 - Shawna (2)}
shawnab063.jpg,162546,500048bd,\Gallery 55\09 - Shawna (2)\,{Shemale Yum Dvd03~G55~09-2~09 - Shawna (2)}
shawnab064.jpg,166881,4221ffa2,\Gallery 55\09 - Shawna (2)\,{Shemale Yum Dvd03~G55~09-2~09 - Shawna (2)}
shawnab065.jpg,118321,71836018,\Gallery 55\09 - Shawna (2)\,{Shemale Yum Dvd03~G55~09-2~09 - Shawna (2)}
shawnab066.jpg,116128,382372d7,\Gallery 55\09 - Shawna (2)\,{Shemale Yum Dvd03~G55~09-2~09 - Shawna (2)}
shawnab067.jpg,111572,01c44b82,\Gallery 55\09 - Shawna (2)\,{Shemale Yum Dvd03~G55~09-2~09 - Shawna (2)}
shawnab068.jpg,103727,0790c774,\Gallery 55\09 - Shawna (2)\,{Shemale Yum Dvd03~G55~09-2~09 - Shawna (2)}
shawnab069.jpg,104621,5626983b,\Gallery 55\09 - Shawna (2)\,{Shemale Yum Dvd03~G55~09-2~09 - Shawna (2)}
shawnab070.jpg,115486,193ffe0a,\Gallery 55\09 - Shawna (2)\,{Shemale Yum Dvd03~G55~09-2~09 - Shawna (2)}
shawnab071.jpg,111694,7bc21b74,\Gallery 55\09 - Shawna (2)\,{Shemale Yum Dvd03~G55~09-2~09 - Shawna (2)}
shawnab072.jpg,124770,050113b8,\Gallery 55\09 - Shawna (2)\,{Shemale Yum Dvd03~G55~09-2~09 - Shawna (2)}
shawnab073.jpg,121120,f8cd277d,\Gallery 55\09 - Shawna (2)\,{Shemale Yum Dvd03~G55~09-2~09 - Shawna (2)}
shawnab074.jpg,140554,a54c135e,\Gallery 55\09 - Shawna (2)\,{Shemale Yum Dvd03~G55~09-2~09 - Shawna (2)}
shawnab075.jpg,123778,f35e5da3,\Gallery 55\09 - Shawna (2)\,{Shemale Yum Dvd03~G55~09-2~09 - Shawna (2)}
shawnab076.jpg,108412,876c1891,\Gallery 55\09 - Shawna (2)\,{Shemale Yum Dvd03~G55~09-2~09 - Shawna (2)}
shawnab077.jpg,101640,5da1b471,\Gallery 55\09 - Shawna (2)\,{Shemale Yum Dvd03~G55~09-2~09 - Shawna (2)}
shawnab078.jpg,114053,0aedea66,\Gallery 55\09 - Shawna (2)\,{Shemale Yum Dvd03~G55~09-2~09 - Shawna (2)}
shawnab079.jpg,110577,79dd831f,\Gallery 55\09 - Shawna (2)\,{Shemale Yum Dvd03~G55~09-2~09 - Shawna (2)}
shawnab080.jpg,83119,8efaa84a,\Gallery 55\09 - Shawna (2)\,{Shemale Yum Dvd03~G55~09-2~09 - Shawna (2)}
shawnab081.jpg,111742,229df60a,\Gallery 55\09 - Shawna (2)\,{Shemale Yum Dvd03~G55~09-2~09 - Shawna (2)}
shawnab082.jpg,97576,44e68e5c,\Gallery 55\09 - Shawna (2)\,{Shemale Yum Dvd03~G55~09-2~09 - Shawna (2)}
shawnab083.jpg,96784,5506a903,\Gallery 55\09 - Shawna (2)\,{Shemale Yum Dvd03~G55~09-2~09 - Shawna (2)}
shawnab084.jpg,130359,5caec536,\Gallery 55\09 - Shawna (2)\,{Shemale Yum Dvd03~G55~09-2~09 - Shawna (2)}
shawnab085.jpg,140053,4014806a,\Gallery 55\09 - Shawna (2)\,{Shemale Yum Dvd03~G55~09-2~09 - Shawna (2)}
shawnab086.jpg,129869,fa5ff7ed,\Gallery 55\09 - Shawna (2)\,{Shemale Yum Dvd03~G55~09-2~09 - Shawna (2)}
shawnab087.jpg,121674,cb643136,\Gallery 55\09 - Shawna (2)\,{Shemale Yum Dvd03~G55~09-2~09 - Shawna (2)}
shawnab088.jpg,118562,f1271569,\Gallery 55\09 - Shawna (2)\,{Shemale Yum Dvd03~G55~09-2~09 - Shawna (2)}
shawnab089.jpg,131924,a5a7c5b3,\Gallery 55\09 - Shawna (2)\,{Shemale Yum Dvd03~G55~09-2~09 - Shawna (2)}
shawnab090.jpg,209195,d6807620,\Gallery 55\09 - Shawna (2)\,{Shemale Yum Dvd03~G55~09-2~09 - Shawna (2)}
sunshine001.jpg,145144,5002b29a,\Gallery 55\10 - Sunshine\,{Shemale Yum Dvd03~G55~10~10 - Sunshine}
sunshine002.jpg,124186,caafde66,\Gallery 55\10 - Sunshine\,{Shemale Yum Dvd03~G55~10~10 - Sunshine}
sunshine003.jpg,138299,f66f4eb4,\Gallery 55\10 - Sunshine\,{Shemale Yum Dvd03~G55~10~10 - Sunshine}
sunshine004.jpg,128906,e392d004,\Gallery 55\10 - Sunshine\,{Shemale Yum Dvd03~G55~10~10 - Sunshine}
sunshine005.jpg,148105,ffc8b9b8,\Gallery 55\10 - Sunshine\,{Shemale Yum Dvd03~G55~10~10 - Sunshine}
sunshine006.jpg,150117,7f137c0b,\Gallery 55\10 - Sunshine\,{Shemale Yum Dvd03~G55~10~10 - Sunshine}
sunshine007.jpg,149517,2597f6cf,\Gallery 55\10 - Sunshine\,{Shemale Yum Dvd03~G55~10~10 - Sunshine}
sunshine008.jpg,156106,bcd93c26,\Gallery 55\10 - Sunshine\,{Shemale Yum Dvd03~G55~10~10 - Sunshine}
sunshine009.jpg,144930,0e984c72,\Gallery 55\10 - Sunshine\,{Shemale Yum Dvd03~G55~10~10 - Sunshine}
sunshine010.jpg,143872,c642c64d,\Gallery 55\10 - Sunshine\,{Shemale Yum Dvd03~G55~10~10 - Sunshine}
sunshine011.jpg,161828,66a7106d,\Gallery 55\10 - Sunshine\,{Shemale Yum Dvd03~G55~10~10 - Sunshine}
sunshine012.jpg,155192,785e10d7,\Gallery 55\10 - Sunshine\,{Shemale Yum Dvd03~G55~10~10 - Sunshine}
sunshine013.jpg,163758,88b2573e,\Gallery 55\10 - Sunshine\,{Shemale Yum Dvd03~G55~10~10 - Sunshine}
sunshine014.jpg,161050,4dbb44d2,\Gallery 55\10 - Sunshine\,{Shemale Yum Dvd03~G55~10~10 - Sunshine}
sunshine015.jpg,173656,efc3cd85,\Gallery 55\10 - Sunshine\,{Shemale Yum Dvd03~G55~10~10 - Sunshine}
sunshine016.jpg,162774,b983c7f0,\Gallery 55\10 - Sunshine\,{Shemale Yum Dvd03~G55~10~10 - Sunshine}
sunshine017.jpg,141301,b50c3e31,\Gallery 55\10 - Sunshine\,{Shemale Yum Dvd03~G55~10~10 - Sunshine}
sunshine018.jpg,172708,f575667f,\Gallery 55\10 - Sunshine\,{Shemale Yum Dvd03~G55~10~10 - Sunshine}
sunshine019.jpg,163233,f64c7afc,\Gallery 55\10 - Sunshine\,{Shemale Yum Dvd03~G55~10~10 - Sunshine}
sunshine020.jpg,154321,e51fc838,\Gallery 55\10 - Sunshine\,{Shemale Yum Dvd03~G55~10~10 - Sunshine}
sunshine021.jpg,152617,cf6d175b,\Gallery 55\10 - Sunshine\,{Shemale Yum Dvd03~G55~10~10 - Sunshine}
sunshine022.jpg,156776,ce544711,\Gallery 55\10 - Sunshine\,{Shemale Yum Dvd03~G55~10~10 - Sunshine}
sunshine023.jpg,152778,a546cb70,\Gallery 55\10 - Sunshine\,{Shemale Yum Dvd03~G55~10~10 - Sunshine}
sunshine024.jpg,149986,6d6111e9,\Gallery 55\10 - Sunshine\,{Shemale Yum Dvd03~G55~10~10 - Sunshine}
sunshine025.jpg,164792,6e4cc28d,\Gallery 55\10 - Sunshine\,{Shemale Yum Dvd03~G55~10~10 - Sunshine}
sunshine026.jpg,154632,57377142,\Gallery 55\10 - Sunshine\,{Shemale Yum Dvd03~G55~10~10 - Sunshine}
sunshine027.jpg,159021,51cb0918,\Gallery 55\10 - Sunshine\,{Shemale Yum Dvd03~G55~10~10 - Sunshine}
sunshine028.jpg,167318,d1f27fd6,\Gallery 55\10 - Sunshine\,{Shemale Yum Dvd03~G55~10~10 - Sunshine}
sunshine029.jpg,165306,c325af1e,\Gallery 55\10 - Sunshine\,{Shemale Yum Dvd03~G55~10~10 - Sunshine}
sunshine030.jpg,145964,74268e64,\Gallery 55\10 - Sunshine\,{Shemale Yum Dvd03~G55~10~10 - Sunshine}
sunshine031.jpg,147146,f35f5c78,\Gallery 55\10 - Sunshine\,{Shemale Yum Dvd03~G55~10~10 - Sunshine}
sunshine032.jpg,143958,bd555497,\Gallery 55\10 - Sunshine\,{Shemale Yum Dvd03~G55~10~10 - Sunshine}
sunshine033.jpg,140634,24eeb795,\Gallery 55\10 - Sunshine\,{Shemale Yum Dvd03~G55~10~10 - Sunshine}
sunshine034.jpg,147416,5d1611f8,\Gallery 55\10 - Sunshine\,{Shemale Yum Dvd03~G55~10~10 - Sunshine}
sunshine035.jpg,197804,b92671c1,\Gallery 55\10 - Sunshine\,{Shemale Yum Dvd03~G55~10~10 - Sunshine}
sunshine036.jpg,162462,7e64c260,\Gallery 55\10 - Sunshine\,{Shemale Yum Dvd03~G55~10~10 - Sunshine}
sunshine037.jpg,162845,60acd772,\Gallery 55\10 - Sunshine\,{Shemale Yum Dvd03~G55~10~10 - Sunshine}
sunshine038.jpg,148245,cd97e6ac,\Gallery 55\10 - Sunshine\,{Shemale Yum Dvd03~G55~10~10 - Sunshine}
sunshine039.jpg,159701,8d6a8479,\Gallery 55\10 - Sunshine\,{Shemale Yum Dvd03~G55~10~10 - Sunshine}
sunshine040.jpg,156592,752136b6,\Gallery 55\10 - Sunshine\,{Shemale Yum Dvd03~G55~10~10 - Sunshine}
sunshine041.jpg,165013,8978c09f,\Gallery 55\10 - Sunshine\,{Shemale Yum Dvd03~G55~10~10 - Sunshine}
sunshine042.jpg,167746,0c251a87,\Gallery 55\10 - Sunshine\,{Shemale Yum Dvd03~G55~10~10 - Sunshine}
sunshine043.jpg,180216,672f313e,\Gallery 55\10 - Sunshine\,{Shemale Yum Dvd03~G55~10~10 - Sunshine}
sunshine044.jpg,155689,c3279e56,\Gallery 55\10 - Sunshine\,{Shemale Yum Dvd03~G55~10~10 - Sunshine}
sunshine045.jpg,176989,7ea4639a,\Gallery 55\10 - Sunshine\,{Shemale Yum Dvd03~G55~10~10 - Sunshine}
sunshine046.jpg,169747,7700b404,\Gallery 55\10 - Sunshine\,{Shemale Yum Dvd03~G55~10~10 - Sunshine}
sunshine047.jpg,166747,b0524ba7,\Gallery 55\10 - Sunshine\,{Shemale Yum Dvd03~G55~10~10 - Sunshine}
sunshine048.jpg,164094,fe423085,\Gallery 55\10 - Sunshine\,{Shemale Yum Dvd03~G55~10~10 - Sunshine}
sunshine049.jpg,157537,718777ea,\Gallery 55\10 - Sunshine\,{Shemale Yum Dvd03~G55~10~10 - Sunshine}
sunshine050.jpg,159836,789ecc14,\Gallery 55\10 - Sunshine\,{Shemale Yum Dvd03~G55~10~10 - Sunshine}
sunshine051.jpg,158401,2b9917ab,\Gallery 55\10 - Sunshine\,{Shemale Yum Dvd03~G55~10~10 - Sunshine}
sunshine052.jpg,156525,51bd169e,\Gallery 55\10 - Sunshine\,{Shemale Yum Dvd03~G55~10~10 - Sunshine}
sunshine053.jpg,140950,9d6f5ee8,\Gallery 55\10 - Sunshine\,{Shemale Yum Dvd03~G55~10~10 - Sunshine}
sunshine054.jpg,149532,71a1e5f7,\Gallery 55\10 - Sunshine\,{Shemale Yum Dvd03~G55~10~10 - Sunshine}
sunshine055.jpg,149282,2da0364b,\Gallery 55\10 - Sunshine\,{Shemale Yum Dvd03~G55~10~10 - Sunshine}
sunshine056.jpg,166740,b71819f4,\Gallery 55\10 - Sunshine\,{Shemale Yum Dvd03~G55~10~10 - Sunshine}
sunshine057.jpg,161165,d403ebc1,\Gallery 55\10 - Sunshine\,{Shemale Yum Dvd03~G55~10~10 - Sunshine}
sunshine058.jpg,164746,38b90929,\Gallery 55\10 - Sunshine\,{Shemale Yum Dvd03~G55~10~10 - Sunshine}
sunshine059.jpg,180937,b39193e9,\Gallery 55\10 - Sunshine\,{Shemale Yum Dvd03~G55~10~10 - Sunshine}
sunshine060.jpg,154373,007fe9a7,\Gallery 55\10 - Sunshine\,{Shemale Yum Dvd03~G55~10~10 - Sunshine}
sunshine061.jpg,149049,62e2e471,\Gallery 55\10 - Sunshine\,{Shemale Yum Dvd03~G55~10~10 - Sunshine}
sunshine062.jpg,171421,15b29a1c,\Gallery 55\10 - Sunshine\,{Shemale Yum Dvd03~G55~10~10 - Sunshine}
sunshine063.jpg,150436,bd130399,\Gallery 55\10 - Sunshine\,{Shemale Yum Dvd03~G55~10~10 - Sunshine}
sunshine064.jpg,185634,7d548d85,\Gallery 55\10 - Sunshine\,{Shemale Yum Dvd03~G55~10~10 - Sunshine}
sunshine065.jpg,163067,f7a52185,\Gallery 55\10 - Sunshine\,{Shemale Yum Dvd03~G55~10~10 - Sunshine}
sunshine066.jpg,173242,2d3847ae,\Gallery 55\10 - Sunshine\,{Shemale Yum Dvd03~G55~10~10 - Sunshine}
sunshine067.jpg,170120,b52a3f0d,\Gallery 55\10 - Sunshine\,{Shemale Yum Dvd03~G55~10~10 - Sunshine}
sunshine068.jpg,168605,6149d21d,\Gallery 55\10 - Sunshine\,{Shemale Yum Dvd03~G55~10~10 - Sunshine}
sunshine069.jpg,140667,d1e3166b,\Gallery 55\10 - Sunshine\,{Shemale Yum Dvd03~G55~10~10 - Sunshine}
sunshine070.jpg,161194,01434c9f,\Gallery 55\10 - Sunshine\,{Shemale Yum Dvd03~G55~10~10 - Sunshine}
sunshine071.jpg,153159,5673b250,\Gallery 55\10 - Sunshine\,{Shemale Yum Dvd03~G55~10~10 - Sunshine}
sunshine072.jpg,149786,7612d781,\Gallery 55\10 - Sunshine\,{Shemale Yum Dvd03~G55~10~10 - Sunshine}
sunshine073.jpg,157337,1c1481a4,\Gallery 55\10 - Sunshine\,{Shemale Yum Dvd03~G55~10~10 - Sunshine}
sunshine074.jpg,159798,38b3ea5f,\Gallery 55\10 - Sunshine\,{Shemale Yum Dvd03~G55~10~10 - Sunshine}
sunshine075.jpg,167263,18a23d08,\Gallery 55\10 - Sunshine\,{Shemale Yum Dvd03~G55~10~10 - Sunshine}
sunshine076.jpg,154282,b7a337d6,\Gallery 55\10 - Sunshine\,{Shemale Yum Dvd03~G55~10~10 - Sunshine}
sunshine077.jpg,147320,287113ca,\Gallery 55\10 - Sunshine\,{Shemale Yum Dvd03~G55~10~10 - Sunshine}
sunshine078.jpg,155178,45624508,\Gallery 55\10 - Sunshine\,{Shemale Yum Dvd03~G55~10~10 - Sunshine}
sunshine079.jpg,130533,34206aea,\Gallery 55\10 - Sunshine\,{Shemale Yum Dvd03~G55~10~10 - Sunshine}
sunshine080.jpg,129357,33da4448,\Gallery 55\10 - Sunshine\,{Shemale Yum Dvd03~G55~10~10 - Sunshine}
sunshine081.jpg,121583,73897cd4,\Gallery 55\10 - Sunshine\,{Shemale Yum Dvd03~G55~10~10 - Sunshine}
sunshine082.jpg,116719,c083e353,\Gallery 55\10 - Sunshine\,{Shemale Yum Dvd03~G55~10~10 - Sunshine}
sunshine083.jpg,130463,dae3a133,\Gallery 55\10 - Sunshine\,{Shemale Yum Dvd03~G55~10~10 - Sunshine}
sunshine084.jpg,132813,ce6857dc,\Gallery 55\10 - Sunshine\,{Shemale Yum Dvd03~G55~10~10 - Sunshine}
sunshine085.jpg,138102,2ada65f7,\Gallery 55\10 - Sunshine\,{Shemale Yum Dvd03~G55~10~10 - Sunshine}
sunshine086.jpg,131202,de92fde0,\Gallery 55\10 - Sunshine\,{Shemale Yum Dvd03~G55~10~10 - Sunshine}
sunshine087.jpg,148525,50ccf215,\Gallery 55\10 - Sunshine\,{Shemale Yum Dvd03~G55~10~10 - Sunshine}
sunshine088.jpg,151941,01775301,\Gallery 55\10 - Sunshine\,{Shemale Yum Dvd03~G55~10~10 - Sunshine}
sunshine089.jpg,137188,85a19d3a,\Gallery 55\10 - Sunshine\,{Shemale Yum Dvd03~G55~10~10 - Sunshine}
sunshine090.jpg,139456,057a0748,\Gallery 55\10 - Sunshine\,{Shemale Yum Dvd03~G55~10~10 - Sunshine}
sunshine091.jpg,140645,51f1d8db,\Gallery 55\10 - Sunshine\,{Shemale Yum Dvd03~G55~10~10 - Sunshine}
sunshine092.jpg,137093,8bff3605,\Gallery 55\10 - Sunshine\,{Shemale Yum Dvd03~G55~10~10 - Sunshine}
sunshine093.jpg,133090,6ce446dc,\Gallery 55\10 - Sunshine\,{Shemale Yum Dvd03~G55~10~10 - Sunshine}
sunshine094.jpg,141239,bc74766e,\Gallery 55\10 - Sunshine\,{Shemale Yum Dvd03~G55~10~10 - Sunshine}
sunshine095.jpg,140205,6ce9aca4,\Gallery 55\10 - Sunshine\,{Shemale Yum Dvd03~G55~10~10 - Sunshine}
sunshine096.jpg,177448,3881bdb6,\Gallery 55\10 - Sunshine\,{Shemale Yum Dvd03~G55~10~10 - Sunshine}
sunshine097.jpg,142087,503979a7,\Gallery 55\10 - Sunshine\,{Shemale Yum Dvd03~G55~10~10 - Sunshine}
sunshine098.jpg,94758,fa6b54a7,\Gallery 55\10 - Sunshine\,{Shemale Yum Dvd03~G55~10~10 - Sunshine}
sunshine099.jpg,159947,c63f7030,\Gallery 55\10 - Sunshine\,{Shemale Yum Dvd03~G55~10~10 - Sunshine}
sunshine100.jpg,147857,03e5420a,\Gallery 55\10 - Sunshine\,{Shemale Yum Dvd03~G55~10~10 - Sunshine}
sunshine101.jpg,149923,33a59acc,\Gallery 55\10 - Sunshine\,{Shemale Yum Dvd03~G55~10~10 - Sunshine}
sunshine102.jpg,133945,a3085704,\Gallery 55\10 - Sunshine\,{Shemale Yum Dvd03~G55~10~10 - Sunshine}
sunshine103.jpg,122198,3a3a0d22,\Gallery 55\10 - Sunshine\,{Shemale Yum Dvd03~G55~10~10 - Sunshine}
sunshine104.jpg,121578,6b3fe4cb,\Gallery 55\10 - Sunshine\,{Shemale Yum Dvd03~G55~10~10 - Sunshine}
sunshine105.jpg,124097,4f848168,\Gallery 55\10 - Sunshine\,{Shemale Yum Dvd03~G55~10~10 - Sunshine}
sunshine106.jpg,131501,bcfed9c9,\Gallery 55\10 - Sunshine\,{Shemale Yum Dvd03~G55~10~10 - Sunshine}
sunshine107.jpg,125867,96ccab0f,\Gallery 55\10 - Sunshine\,{Shemale Yum Dvd03~G55~10~10 - Sunshine}
sunshine108.jpg,124550,82801ff8,\Gallery 55\10 - Sunshine\,{Shemale Yum Dvd03~G55~10~10 - Sunshine}
sunshine109.jpg,129571,5b774743,\Gallery 55\10 - Sunshine\,{Shemale Yum Dvd03~G55~10~10 - Sunshine}
sunshine110.jpg,121172,fe87b19e,\Gallery 55\10 - Sunshine\,{Shemale Yum Dvd03~G55~10~10 - Sunshine}
sunshine111.jpg,134795,843eaa2d,\Gallery 55\10 - Sunshine\,{Shemale Yum Dvd03~G55~10~10 - Sunshine}
sunshine112.jpg,131361,f6b74b74,\Gallery 55\10 - Sunshine\,{Shemale Yum Dvd03~G55~10~10 - Sunshine}
sunshine113.jpg,136789,bd9c2229,\Gallery 55\10 - Sunshine\,{Shemale Yum Dvd03~G55~10~10 - Sunshine}
sunshine114.jpg,116253,a959c8f8,\Gallery 55\10 - Sunshine\,{Shemale Yum Dvd03~G55~10~10 - Sunshine}
sunshine115.jpg,115256,0d4fa838,\Gallery 55\10 - Sunshine\,{Shemale Yum Dvd03~G55~10~10 - Sunshine}
sunshine116.jpg,106008,22b80586,\Gallery 55\10 - Sunshine\,{Shemale Yum Dvd03~G55~10~10 - Sunshine}
judith001.jpg,128481,4bd61571,\Gallery 53\01 - Judith\,{Shemale Yum Dvd03~G53~01~01 - Judith}
judith003.jpg,120928,4a249452,\Gallery 53\01 - Judith\,{Shemale Yum Dvd03~G53~01~01 - Judith}
judith004.jpg,124702,15433823,\Gallery 53\01 - Judith\,{Shemale Yum Dvd03~G53~01~01 - Judith}
judith005.jpg,133321,a3540d4f,\Gallery 53\01 - Judith\,{Shemale Yum Dvd03~G53~01~01 - Judith}
judith006.jpg,122827,1c27a71d,\Gallery 53\01 - Judith\,{Shemale Yum Dvd03~G53~01~01 - Judith}
judith008.jpg,116811,0a2575f1,\Gallery 53\01 - Judith\,{Shemale Yum Dvd03~G53~01~01 - Judith}
judith009.jpg,121937,8ed06265,\Gallery 53\01 - Judith\,{Shemale Yum Dvd03~G53~01~01 - Judith}
judith010.jpg,112253,c86f4c1d,\Gallery 53\01 - Judith\,{Shemale Yum Dvd03~G53~01~01 - Judith}
judith011.jpg,119524,cc5f8d65,\Gallery 53\01 - Judith\,{Shemale Yum Dvd03~G53~01~01 - Judith}
judith012.jpg,114136,9c4c7299,\Gallery 53\01 - Judith\,{Shemale Yum Dvd03~G53~01~01 - Judith}
judith013.jpg,121745,bf872e66,\Gallery 53\01 - Judith\,{Shemale Yum Dvd03~G53~01~01 - Judith}
judith014.jpg,140324,743f2ebf,\Gallery 53\01 - Judith\,{Shemale Yum Dvd03~G53~01~01 - Judith}
judith015.jpg,130881,711c7042,\Gallery 53\01 - Judith\,{Shemale Yum Dvd03~G53~01~01 - Judith}
judith016.jpg,140729,7620236d,\Gallery 53\01 - Judith\,{Shemale Yum Dvd03~G53~01~01 - Judith}
judith017.jpg,138613,eb66447e,\Gallery 53\01 - Judith\,{Shemale Yum Dvd03~G53~01~01 - Judith}
judith018.jpg,138835,aa9607d3,\Gallery 53\01 - Judith\,{Shemale Yum Dvd03~G53~01~01 - Judith}
judith019.jpg,140191,181b9499,\Gallery 53\01 - Judith\,{Shemale Yum Dvd03~G53~01~01 - Judith}
judith020.jpg,107511,108abd26,\Gallery 53\01 - Judith\,{Shemale Yum Dvd03~G53~01~01 - Judith}
judith021.jpg,124291,90522764,\Gallery 53\01 - Judith\,{Shemale Yum Dvd03~G53~01~01 - Judith}
judith022.jpg,139755,675f887e,\Gallery 53\01 - Judith\,{Shemale Yum Dvd03~G53~01~01 - Judith}
judith023.jpg,143308,95bc6f77,\Gallery 53\01 - Judith\,{Shemale Yum Dvd03~G53~01~01 - Judith}
judith024.jpg,123946,d7074169,\Gallery 53\01 - Judith\,{Shemale Yum Dvd03~G53~01~01 - Judith}
judith025.jpg,126132,06118e40,\Gallery 53\01 - Judith\,{Shemale Yum Dvd03~G53~01~01 - Judith}
judith026.jpg,131004,b22eb1c5,\Gallery 53\01 - Judith\,{Shemale Yum Dvd03~G53~01~01 - Judith}
judith027.jpg,131961,38e97ef5,\Gallery 53\01 - Judith\,{Shemale Yum Dvd03~G53~01~01 - Judith}
judith028.jpg,134912,8e034636,\Gallery 53\01 - Judith\,{Shemale Yum Dvd03~G53~01~01 - Judith}
judith029.jpg,134453,2f539282,\Gallery 53\01 - Judith\,{Shemale Yum Dvd03~G53~01~01 - Judith}
judith030.jpg,139708,3cced0fd,\Gallery 53\01 - Judith\,{Shemale Yum Dvd03~G53~01~01 - Judith}
judith031.jpg,132945,3b80ecff,\Gallery 53\01 - Judith\,{Shemale Yum Dvd03~G53~01~01 - Judith}
judith032.jpg,142436,0f1e150d,\Gallery 53\01 - Judith\,{Shemale Yum Dvd03~G53~01~01 - Judith}
judith033.jpg,120782,b9a18a4f,\Gallery 53\01 - Judith\,{Shemale Yum Dvd03~G53~01~01 - Judith}
judith034.jpg,110842,d4c250da,\Gallery 53\01 - Judith\,{Shemale Yum Dvd03~G53~01~01 - Judith}
judith035.jpg,106572,c034f902,\Gallery 53\01 - Judith\,{Shemale Yum Dvd03~G53~01~01 - Judith}
judith036.jpg,104473,e81f59ed,\Gallery 53\01 - Judith\,{Shemale Yum Dvd03~G53~01~01 - Judith}
judith037.jpg,105404,3b021623,\Gallery 53\01 - Judith\,{Shemale Yum Dvd03~G53~01~01 - Judith}
judith038.jpg,117465,68f8a031,\Gallery 53\01 - Judith\,{Shemale Yum Dvd03~G53~01~01 - Judith}
judith039.jpg,121625,cb885070,\Gallery 53\01 - Judith\,{Shemale Yum Dvd03~G53~01~01 - Judith}
judith040.jpg,131406,df042ce0,\Gallery 53\01 - Judith\,{Shemale Yum Dvd03~G53~01~01 - Judith}
judith041.jpg,132150,8d4b802c,\Gallery 53\01 - Judith\,{Shemale Yum Dvd03~G53~01~01 - Judith}
judith042.jpg,139620,1a0e0b09,\Gallery 53\01 - Judith\,{Shemale Yum Dvd03~G53~01~01 - Judith}
judith043.jpg,107074,23fb34e0,\Gallery 53\01 - Judith\,{Shemale Yum Dvd03~G53~01~01 - Judith}
judith044.jpg,109390,1bbab84b,\Gallery 53\01 - Judith\,{Shemale Yum Dvd03~G53~01~01 - Judith}
judith045.jpg,111475,27ace831,\Gallery 53\01 - Judith\,{Shemale Yum Dvd03~G53~01~01 - Judith}
judith046.jpg,129175,f45d237d,\Gallery 53\01 - Judith\,{Shemale Yum Dvd03~G53~01~01 - Judith}
judith047.jpg,133657,e0ca69e2,\Gallery 53\01 - Judith\,{Shemale Yum Dvd03~G53~01~01 - Judith}
judith048.jpg,117441,55cdab63,\Gallery 53\01 - Judith\,{Shemale Yum Dvd03~G53~01~01 - Judith}
judith049.jpg,139439,81b7c9ca,\Gallery 53\01 - Judith\,{Shemale Yum Dvd03~G53~01~01 - Judith}
judith050.jpg,157787,78cbd851,\Gallery 53\01 - Judith\,{Shemale Yum Dvd03~G53~01~01 - Judith}
judith051.jpg,146936,880a1d14,\Gallery 53\01 - Judith\,{Shemale Yum Dvd03~G53~01~01 - Judith}
judith052.jpg,119271,51dac9f9,\Gallery 53\01 - Judith\,{Shemale Yum Dvd03~G53~01~01 - Judith}
judith055.jpg,118564,d3f54f13,\Gallery 53\01 - Judith\,{Shemale Yum Dvd03~G53~01~01 - Judith}
judith056.jpg,120261,517d5e2d,\Gallery 53\01 - Judith\,{Shemale Yum Dvd03~G53~01~01 - Judith}
judith058.jpg,109940,2086a970,\Gallery 53\01 - Judith\,{Shemale Yum Dvd03~G53~01~01 - Judith}
judith059.jpg,96672,360a97e8,\Gallery 53\01 - Judith\,{Shemale Yum Dvd03~G53~01~01 - Judith}
judith060.jpg,107772,6c4f02e9,\Gallery 53\01 - Judith\,{Shemale Yum Dvd03~G53~01~01 - Judith}
judith061.jpg,103961,9d9dacbd,\Gallery 53\01 - Judith\,{Shemale Yum Dvd03~G53~01~01 - Judith}
judith062.jpg,101133,22b392e3,\Gallery 53\01 - Judith\,{Shemale Yum Dvd03~G53~01~01 - Judith}
judith063.jpg,104656,117c743a,\Gallery 53\01 - Judith\,{Shemale Yum Dvd03~G53~01~01 - Judith}
judith064.jpg,124109,f88f8241,\Gallery 53\01 - Judith\,{Shemale Yum Dvd03~G53~01~01 - Judith}
judith065.jpg,124601,52e8fa9b,\Gallery 53\01 - Judith\,{Shemale Yum Dvd03~G53~01~01 - Judith}
judith066.jpg,126047,0bbb927f,\Gallery 53\01 - Judith\,{Shemale Yum Dvd03~G53~01~01 - Judith}
judith067.jpg,137646,4d2ef9b3,\Gallery 53\01 - Judith\,{Shemale Yum Dvd03~G53~01~01 - Judith}
judith068.jpg,137101,81384436,\Gallery 53\01 - Judith\,{Shemale Yum Dvd03~G53~01~01 - Judith}
judith069.jpg,125889,d9d870fc,\Gallery 53\01 - Judith\,{Shemale Yum Dvd03~G53~01~01 - Judith}
judith070.jpg,130814,ef429e26,\Gallery 53\01 - Judith\,{Shemale Yum Dvd03~G53~01~01 - Judith}
judith071.jpg,126672,a6a48d81,\Gallery 53\01 - Judith\,{Shemale Yum Dvd03~G53~01~01 - Judith}
judith073.jpg,139692,e0c8c18f,\Gallery 53\01 - Judith\,{Shemale Yum Dvd03~G53~01~01 - Judith}
judith074.jpg,98788,d81771bb,\Gallery 53\01 - Judith\,{Shemale Yum Dvd03~G53~01~01 - Judith}
judith075.jpg,121545,95e519b4,\Gallery 53\01 - Judith\,{Shemale Yum Dvd03~G53~01~01 - Judith}
judith077.jpg,134036,329c53b0,\Gallery 53\01 - Judith\,{Shemale Yum Dvd03~G53~01~01 - Judith}
judith078.jpg,133344,02ca46d9,\Gallery 53\01 - Judith\,{Shemale Yum Dvd03~G53~01~01 - Judith}
judith079.jpg,135219,ab8f1403,\Gallery 53\01 - Judith\,{Shemale Yum Dvd03~G53~01~01 - Judith}
judith080.jpg,124707,f137a422,\Gallery 53\01 - Judith\,{Shemale Yum Dvd03~G53~01~01 - Judith}
judith081.jpg,133970,3d5f6ffd,\Gallery 53\01 - Judith\,{Shemale Yum Dvd03~G53~01~01 - Judith}
judith082.jpg,106119,20b74cda,\Gallery 53\01 - Judith\,{Shemale Yum Dvd03~G53~01~01 - Judith}
judith083.jpg,125994,10985c4a,\Gallery 53\01 - Judith\,{Shemale Yum Dvd03~G53~01~01 - Judith}
judith084.jpg,126378,cde25c35,\Gallery 53\01 - Judith\,{Shemale Yum Dvd03~G53~01~01 - Judith}
judith085.jpg,104807,f8605ad7,\Gallery 53\01 - Judith\,{Shemale Yum Dvd03~G53~01~01 - Judith}
judith086.jpg,115897,e3a406fb,\Gallery 53\01 - Judith\,{Shemale Yum Dvd03~G53~01~01 - Judith}
judith087.jpg,129703,01e1158e,\Gallery 53\01 - Judith\,{Shemale Yum Dvd03~G53~01~01 - Judith}
judith088.jpg,136806,d43584bd,\Gallery 53\01 - Judith\,{Shemale Yum Dvd03~G53~01~01 - Judith}
judith090.jpg,96571,2dc75fcd,\Gallery 53\01 - Judith\,{Shemale Yum Dvd03~G53~01~01 - Judith}
judith094.jpg,136196,db0ee00f,\Gallery 53\01 - Judith\,{Shemale Yum Dvd03~G53~01~01 - Judith}
judith095.jpg,133718,c547f29e,\Gallery 53\01 - Judith\,{Shemale Yum Dvd03~G53~01~01 - Judith}
judith096.jpg,112415,51ddcc93,\Gallery 53\01 - Judith\,{Shemale Yum Dvd03~G53~01~01 - Judith}
judith098.jpg,134333,91694936,\Gallery 53\01 - Judith\,{Shemale Yum Dvd03~G53~01~01 - Judith}
judith099.jpg,133794,38964e21,\Gallery 53\01 - Judith\,{Shemale Yum Dvd03~G53~01~01 - Judith}
judith100.jpg,109222,6e98e76a,\Gallery 53\01 - Judith\,{Shemale Yum Dvd03~G53~01~01 - Judith}
judith101.jpg,109351,239b1b70,\Gallery 53\01 - Judith\,{Shemale Yum Dvd03~G53~01~01 - Judith}
judith102.jpg,98582,6290473e,\Gallery 53\01 - Judith\,{Shemale Yum Dvd03~G53~01~01 - Judith}
judith103.jpg,105287,0ef51145,\Gallery 53\01 - Judith\,{Shemale Yum Dvd03~G53~01~01 - Judith}
judith104.jpg,126036,584a33ad,\Gallery 53\01 - Judith\,{Shemale Yum Dvd03~G53~01~01 - Judith}
judithblack002.jpg,127550,60250348,\Gallery 53\01 - Judith\,{Shemale Yum Dvd03~G53~01~01 - Judith}
judithblack057.jpg,88872,d6991200,\Gallery 53\01 - Judith\,{Shemale Yum Dvd03~G53~01~01 - Judith}
judithb001.jpg,118076,ad4978c3,\Gallery 53\01 - Judith (2)\,{Shemale Yum Dvd03~G53~01-2~01 - Judith (2)}
judithb002.jpg,119401,9e38948f,\Gallery 53\01 - Judith (2)\,{Shemale Yum Dvd03~G53~01-2~01 - Judith (2)}
judithb003.jpg,114562,7566f037,\Gallery 53\01 - Judith (2)\,{Shemale Yum Dvd03~G53~01-2~01 - Judith (2)}
judithb004.jpg,105618,ba51109b,\Gallery 53\01 - Judith (2)\,{Shemale Yum Dvd03~G53~01-2~01 - Judith (2)}
judithb005.jpg,115313,955f0a74,\Gallery 53\01 - Judith (2)\,{Shemale Yum Dvd03~G53~01-2~01 - Judith (2)}
judithb006.jpg,134500,c0fca3a3,\Gallery 53\01 - Judith (2)\,{Shemale Yum Dvd03~G53~01-2~01 - Judith (2)}
judithb007.jpg,134933,d7bd0878,\Gallery 53\01 - Judith (2)\,{Shemale Yum Dvd03~G53~01-2~01 - Judith (2)}
judithb008.jpg,122641,5cdbe26c,\Gallery 53\01 - Judith (2)\,{Shemale Yum Dvd03~G53~01-2~01 - Judith (2)}
judithb009.jpg,125950,9a0f0fc1,\Gallery 53\01 - Judith (2)\,{Shemale Yum Dvd03~G53~01-2~01 - Judith (2)}
judithb010.jpg,113651,b6ec9b80,\Gallery 53\01 - Judith (2)\,{Shemale Yum Dvd03~G53~01-2~01 - Judith (2)}
judithb011.jpg,119549,189fd64d,\Gallery 53\01 - Judith (2)\,{Shemale Yum Dvd03~G53~01-2~01 - Judith (2)}
judithb012.jpg,140789,234de488,\Gallery 53\01 - Judith (2)\,{Shemale Yum Dvd03~G53~01-2~01 - Judith (2)}
judithb013.jpg,129753,9454edae,\Gallery 53\01 - Judith (2)\,{Shemale Yum Dvd03~G53~01-2~01 - Judith (2)}
judithb014.jpg,138372,70e31738,\Gallery 53\01 - Judith (2)\,{Shemale Yum Dvd03~G53~01-2~01 - Judith (2)}
judithb015.jpg,135291,b7557cfd,\Gallery 53\01 - Judith (2)\,{Shemale Yum Dvd03~G53~01-2~01 - Judith (2)}
judithb016.jpg,131638,3e346ae9,\Gallery 53\01 - Judith (2)\,{Shemale Yum Dvd03~G53~01-2~01 - Judith (2)}
judithb017.jpg,133297,ae80e54c,\Gallery 53\01 - Judith (2)\,{Shemale Yum Dvd03~G53~01-2~01 - Judith (2)}
judithb018.jpg,126796,bf64fb18,\Gallery 53\01 - Judith (2)\,{Shemale Yum Dvd03~G53~01-2~01 - Judith (2)}
judithb019.jpg,141368,084ea23a,\Gallery 53\01 - Judith (2)\,{Shemale Yum Dvd03~G53~01-2~01 - Judith (2)}
judithb020.jpg,135093,1188e040,\Gallery 53\01 - Judith (2)\,{Shemale Yum Dvd03~G53~01-2~01 - Judith (2)}
judithb021.jpg,137907,da25d952,\Gallery 53\01 - Judith (2)\,{Shemale Yum Dvd03~G53~01-2~01 - Judith (2)}
judithb022.jpg,137538,5d4dc455,\Gallery 53\01 - Judith (2)\,{Shemale Yum Dvd03~G53~01-2~01 - Judith (2)}
judithb023.jpg,139591,8af746f4,\Gallery 53\01 - Judith (2)\,{Shemale Yum Dvd03~G53~01-2~01 - Judith (2)}
judithb024.jpg,148882,63681f23,\Gallery 53\01 - Judith (2)\,{Shemale Yum Dvd03~G53~01-2~01 - Judith (2)}
judithb025.jpg,130943,4007d3dd,\Gallery 53\01 - Judith (2)\,{Shemale Yum Dvd03~G53~01-2~01 - Judith (2)}
judithb026.jpg,155263,94b2e1a9,\Gallery 53\01 - Judith (2)\,{Shemale Yum Dvd03~G53~01-2~01 - Judith (2)}
judithb027.jpg,149298,d3cdb446,\Gallery 53\01 - Judith (2)\,{Shemale Yum Dvd03~G53~01-2~01 - Judith (2)}
judithb028.jpg,156320,fc476d01,\Gallery 53\01 - Judith (2)\,{Shemale Yum Dvd03~G53~01-2~01 - Judith (2)}
judithb029.jpg,134763,04df4ef4,\Gallery 53\01 - Judith (2)\,{Shemale Yum Dvd03~G53~01-2~01 - Judith (2)}
judithb030.jpg,138433,f18dfee0,\Gallery 53\01 - Judith (2)\,{Shemale Yum Dvd03~G53~01-2~01 - Judith (2)}
judithb031.jpg,137235,a27e0827,\Gallery 53\01 - Judith (2)\,{Shemale Yum Dvd03~G53~01-2~01 - Judith (2)}
judithb032.jpg,140363,0d8db415,\Gallery 53\01 - Judith (2)\,{Shemale Yum Dvd03~G53~01-2~01 - Judith (2)}
judithb033.jpg,137340,dc245a19,\Gallery 53\01 - Judith (2)\,{Shemale Yum Dvd03~G53~01-2~01 - Judith (2)}
judithb034.jpg,131808,8f926f61,\Gallery 53\01 - Judith (2)\,{Shemale Yum Dvd03~G53~01-2~01 - Judith (2)}
judithb035.jpg,133981,8789b9bd,\Gallery 53\01 - Judith (2)\,{Shemale Yum Dvd03~G53~01-2~01 - Judith (2)}
judithb036.jpg,136721,465539bd,\Gallery 53\01 - Judith (2)\,{Shemale Yum Dvd03~G53~01-2~01 - Judith (2)}
judithb037.jpg,129946,d5f74ee4,\Gallery 53\01 - Judith (2)\,{Shemale Yum Dvd03~G53~01-2~01 - Judith (2)}
judithb038.jpg,148370,a1066888,\Gallery 53\01 - Judith (2)\,{Shemale Yum Dvd03~G53~01-2~01 - Judith (2)}
judithb039.jpg,140752,46673ac1,\Gallery 53\01 - Judith (2)\,{Shemale Yum Dvd03~G53~01-2~01 - Judith (2)}
judithb040.jpg,144645,41283468,\Gallery 53\01 - Judith (2)\,{Shemale Yum Dvd03~G53~01-2~01 - Judith (2)}
judithb041.jpg,147334,99627279,\Gallery 53\01 - Judith (2)\,{Shemale Yum Dvd03~G53~01-2~01 - Judith (2)}
judithb042.jpg,143009,1d3af39b,\Gallery 53\01 - Judith (2)\,{Shemale Yum Dvd03~G53~01-2~01 - Judith (2)}
judithb043.jpg,140654,1b1fcead,\Gallery 53\01 - Judith (2)\,{Shemale Yum Dvd03~G53~01-2~01 - Judith (2)}
judithb044.jpg,130706,c2be377a,\Gallery 53\01 - Judith (2)\,{Shemale Yum Dvd03~G53~01-2~01 - Judith (2)}
judithb045.jpg,145418,97f561c6,\Gallery 53\01 - Judith (2)\,{Shemale Yum Dvd03~G53~01-2~01 - Judith (2)}
judithb046.jpg,144915,e5858ca9,\Gallery 53\01 - Judith (2)\,{Shemale Yum Dvd03~G53~01-2~01 - Judith (2)}
judithb047.jpg,135307,bb355beb,\Gallery 53\01 - Judith (2)\,{Shemale Yum Dvd03~G53~01-2~01 - Judith (2)}
judithb048.jpg,137408,40dae91f,\Gallery 53\01 - Judith (2)\,{Shemale Yum Dvd03~G53~01-2~01 - Judith (2)}
judithb049.jpg,140696,a2775f4a,\Gallery 53\01 - Judith (2)\,{Shemale Yum Dvd03~G53~01-2~01 - Judith (2)}
judithb050.jpg,138665,da364674,\Gallery 53\01 - Judith (2)\,{Shemale Yum Dvd03~G53~01-2~01 - Judith (2)}
judithb051.jpg,144384,4ff536a4,\Gallery 53\01 - Judith (2)\,{Shemale Yum Dvd03~G53~01-2~01 - Judith (2)}
judithb052.jpg,139023,23371560,\Gallery 53\01 - Judith (2)\,{Shemale Yum Dvd03~G53~01-2~01 - Judith (2)}
judithb053.jpg,137952,50723f52,\Gallery 53\01 - Judith (2)\,{Shemale Yum Dvd03~G53~01-2~01 - Judith (2)}
judithb054.jpg,132492,53657118,\Gallery 53\01 - Judith (2)\,{Shemale Yum Dvd03~G53~01-2~01 - Judith (2)}
judithb055.jpg,141392,8426807b,\Gallery 53\01 - Judith (2)\,{Shemale Yum Dvd03~G53~01-2~01 - Judith (2)}
judithb056.jpg,133481,57a774bf,\Gallery 53\01 - Judith (2)\,{Shemale Yum Dvd03~G53~01-2~01 - Judith (2)}
judithb057.jpg,130068,cb493171,\Gallery 53\01 - Judith (2)\,{Shemale Yum Dvd03~G53~01-2~01 - Judith (2)}
judithb058.jpg,133920,4c8325f3,\Gallery 53\01 - Judith (2)\,{Shemale Yum Dvd03~G53~01-2~01 - Judith (2)}
judithb059.jpg,133911,a490e1af,\Gallery 53\01 - Judith (2)\,{Shemale Yum Dvd03~G53~01-2~01 - Judith (2)}
judithb060.jpg,139614,ef1688bc,\Gallery 53\01 - Judith (2)\,{Shemale Yum Dvd03~G53~01-2~01 - Judith (2)}
judithb061.jpg,143004,3ed18d20,\Gallery 53\01 - Judith (2)\,{Shemale Yum Dvd03~G53~01-2~01 - Judith (2)}
judithb062.jpg,137579,a6d843e6,\Gallery 53\01 - Judith (2)\,{Shemale Yum Dvd03~G53~01-2~01 - Judith (2)}
judithb063.jpg,153568,99a26959,\Gallery 53\01 - Judith (2)\,{Shemale Yum Dvd03~G53~01-2~01 - Judith (2)}
judithb064.jpg,128054,8e26dda9,\Gallery 53\01 - Judith (2)\,{Shemale Yum Dvd03~G53~01-2~01 - Judith (2)}
judithb065.jpg,140363,1738293d,\Gallery 53\01 - Judith (2)\,{Shemale Yum Dvd03~G53~01-2~01 - Judith (2)}
judithb066.jpg,134183,5c810a03,\Gallery 53\01 - Judith (2)\,{Shemale Yum Dvd03~G53~01-2~01 - Judith (2)}
judithb067.jpg,146053,cbb57cbd,\Gallery 53\01 - Judith (2)\,{Shemale Yum Dvd03~G53~01-2~01 - Judith (2)}
judithb068.jpg,137356,7988f7d3,\Gallery 53\01 - Judith (2)\,{Shemale Yum Dvd03~G53~01-2~01 - Judith (2)}
judithb069.jpg,140846,4a32fe6d,\Gallery 53\01 - Judith (2)\,{Shemale Yum Dvd03~G53~01-2~01 - Judith (2)}
judithb070.jpg,132957,1a579eea,\Gallery 53\01 - Judith (2)\,{Shemale Yum Dvd03~G53~01-2~01 - Judith (2)}
judithb071.jpg,153774,7e80fd27,\Gallery 53\01 - Judith (2)\,{Shemale Yum Dvd03~G53~01-2~01 - Judith (2)}
judithb072.jpg,128936,abcd1715,\Gallery 53\01 - Judith (2)\,{Shemale Yum Dvd03~G53~01-2~01 - Judith (2)}
judithb073.jpg,131343,2c1b1506,\Gallery 53\01 - Judith (2)\,{Shemale Yum Dvd03~G53~01-2~01 - Judith (2)}
judithb074.jpg,129816,761a4f58,\Gallery 53\01 - Judith (2)\,{Shemale Yum Dvd03~G53~01-2~01 - Judith (2)}
judithb075.jpg,135270,ad2f36dd,\Gallery 53\01 - Judith (2)\,{Shemale Yum Dvd03~G53~01-2~01 - Judith (2)}
judithb076.jpg,140002,2fdcf9ce,\Gallery 53\01 - Judith (2)\,{Shemale Yum Dvd03~G53~01-2~01 - Judith (2)}
judithb077.jpg,131824,5ff58051,\Gallery 53\01 - Judith (2)\,{Shemale Yum Dvd03~G53~01-2~01 - Judith (2)}
judithb078.jpg,145314,31905c08,\Gallery 53\01 - Judith (2)\,{Shemale Yum Dvd03~G53~01-2~01 - Judith (2)}
judithb079.jpg,141138,351842c9,\Gallery 53\01 - Judith (2)\,{Shemale Yum Dvd03~G53~01-2~01 - Judith (2)}
judithb080.jpg,132208,bd1942fa,\Gallery 53\01 - Judith (2)\,{Shemale Yum Dvd03~G53~01-2~01 - Judith (2)}
judithb081.jpg,132930,3e2d475c,\Gallery 53\01 - Judith (2)\,{Shemale Yum Dvd03~G53~01-2~01 - Judith (2)}
judithb082.jpg,136603,8be3b7c3,\Gallery 53\01 - Judith (2)\,{Shemale Yum Dvd03~G53~01-2~01 - Judith (2)}
judithb083.jpg,138183,fde58dd8,\Gallery 53\01 - Judith (2)\,{Shemale Yum Dvd03~G53~01-2~01 - Judith (2)}
judithb084.jpg,138509,2538b5ba,\Gallery 53\01 - Judith (2)\,{Shemale Yum Dvd03~G53~01-2~01 - Judith (2)}
judithb085.jpg,134097,ba74f3e0,\Gallery 53\01 - Judith (2)\,{Shemale Yum Dvd03~G53~01-2~01 - Judith (2)}
judithb086.jpg,139301,978a536a,\Gallery 53\01 - Judith (2)\,{Shemale Yum Dvd03~G53~01-2~01 - Judith (2)}
judithb087.jpg,143623,74cc347b,\Gallery 53\01 - Judith (2)\,{Shemale Yum Dvd03~G53~01-2~01 - Judith (2)}
judithb088.jpg,140932,2d84f39d,\Gallery 53\01 - Judith (2)\,{Shemale Yum Dvd03~G53~01-2~01 - Judith (2)}
linda001.jpg,108745,581ea52c,\Gallery 53\02 - Linda\,{Shemale Yum Dvd03~G53~02~02 - Linda}
linda002.jpg,122041,a2d19b91,\Gallery 53\02 - Linda\,{Shemale Yum Dvd03~G53~02~02 - Linda}
linda003.jpg,104209,bd4ec1b2,\Gallery 53\02 - Linda\,{Shemale Yum Dvd03~G53~02~02 - Linda}
linda004.jpg,133473,0b54cb9f,\Gallery 53\02 - Linda\,{Shemale Yum Dvd03~G53~02~02 - Linda}
linda006.jpg,130843,c7e84c6e,\Gallery 53\02 - Linda\,{Shemale Yum Dvd03~G53~02~02 - Linda}
linda007.jpg,138195,ea420cdd,\Gallery 53\02 - Linda\,{Shemale Yum Dvd03~G53~02~02 - Linda}
linda008.jpg,113862,864f02e1,\Gallery 53\02 - Linda\,{Shemale Yum Dvd03~G53~02~02 - Linda}
linda009.jpg,121015,4982144e,\Gallery 53\02 - Linda\,{Shemale Yum Dvd03~G53~02~02 - Linda}
linda010.jpg,112821,654f9926,\Gallery 53\02 - Linda\,{Shemale Yum Dvd03~G53~02~02 - Linda}
linda012.jpg,115935,adf894b7,\Gallery 53\02 - Linda\,{Shemale Yum Dvd03~G53~02~02 - Linda}
linda013.jpg,126702,c6463628,\Gallery 53\02 - Linda\,{Shemale Yum Dvd03~G53~02~02 - Linda}
linda015.jpg,97537,9c1ac8f7,\Gallery 53\02 - Linda\,{Shemale Yum Dvd03~G53~02~02 - Linda}
linda016.jpg,105123,05fad036,\Gallery 53\02 - Linda\,{Shemale Yum Dvd03~G53~02~02 - Linda}
linda017.jpg,118575,8e004477,\Gallery 53\02 - Linda\,{Shemale Yum Dvd03~G53~02~02 - Linda}
linda018.jpg,99677,0e9eca47,\Gallery 53\02 - Linda\,{Shemale Yum Dvd03~G53~02~02 - Linda}
linda019.jpg,114613,b5222fa6,\Gallery 53\02 - Linda\,{Shemale Yum Dvd03~G53~02~02 - Linda}
linda020.jpg,121780,9b1c5d43,\Gallery 53\02 - Linda\,{Shemale Yum Dvd03~G53~02~02 - Linda}
linda021.jpg,114098,d9f2b886,\Gallery 53\02 - Linda\,{Shemale Yum Dvd03~G53~02~02 - Linda}
linda025.jpg,132181,08626ff5,\Gallery 53\02 - Linda\,{Shemale Yum Dvd03~G53~02~02 - Linda}
linda026.jpg,128369,808ab662,\Gallery 53\02 - Linda\,{Shemale Yum Dvd03~G53~02~02 - Linda}
linda027.jpg,109992,268e68f8,\Gallery 53\02 - Linda\,{Shemale Yum Dvd03~G53~02~02 - Linda}
linda028.jpg,123329,24224602,\Gallery 53\02 - Linda\,{Shemale Yum Dvd03~G53~02~02 - Linda}
linda029.jpg,96148,34bc0852,\Gallery 53\02 - Linda\,{Shemale Yum Dvd03~G53~02~02 - Linda}
linda030.jpg,133234,72e9cecf,\Gallery 53\02 - Linda\,{Shemale Yum Dvd03~G53~02~02 - Linda}
linda031.jpg,127423,a0b8d207,\Gallery 53\02 - Linda\,{Shemale Yum Dvd03~G53~02~02 - Linda}
linda032.jpg,129857,2659dba7,\Gallery 53\02 - Linda\,{Shemale Yum Dvd03~G53~02~02 - Linda}
linda034.jpg,139703,e68f1363,\Gallery 53\02 - Linda\,{Shemale Yum Dvd03~G53~02~02 - Linda}
linda035.jpg,137073,9b777ac9,\Gallery 53\02 - Linda\,{Shemale Yum Dvd03~G53~02~02 - Linda}
linda036.jpg,128036,4fa20d26,\Gallery 53\02 - Linda\,{Shemale Yum Dvd03~G53~02~02 - Linda}
linda037.jpg,148891,2c242d17,\Gallery 53\02 - Linda\,{Shemale Yum Dvd03~G53~02~02 - Linda}
linda038.jpg,146346,82784649,\Gallery 53\02 - Linda\,{Shemale Yum Dvd03~G53~02~02 - Linda}
linda039.jpg,136235,8cc0e65d,\Gallery 53\02 - Linda\,{Shemale Yum Dvd03~G53~02~02 - Linda}
linda040.jpg,134540,1ece8ee9,\Gallery 53\02 - Linda\,{Shemale Yum Dvd03~G53~02~02 - Linda}
linda041.jpg,133058,fa5772c2,\Gallery 53\02 - Linda\,{Shemale Yum Dvd03~G53~02~02 - Linda}
linda042.jpg,129754,4653f90c,\Gallery 53\02 - Linda\,{Shemale Yum Dvd03~G53~02~02 - Linda}
linda043.jpg,118238,4a9a7a43,\Gallery 53\02 - Linda\,{Shemale Yum Dvd03~G53~02~02 - Linda}
linda044.jpg,125341,5882bf29,\Gallery 53\02 - Linda\,{Shemale Yum Dvd03~G53~02~02 - Linda}
linda045.jpg,126277,5366e948,\Gallery 53\02 - Linda\,{Shemale Yum Dvd03~G53~02~02 - Linda}
linda046.jpg,138764,b995d7bb,\Gallery 53\02 - Linda\,{Shemale Yum Dvd03~G53~02~02 - Linda}
linda047.jpg,120025,49274ff3,\Gallery 53\02 - Linda\,{Shemale Yum Dvd03~G53~02~02 - Linda}
linda048.jpg,145683,2890ba2e,\Gallery 53\02 - Linda\,{Shemale Yum Dvd03~G53~02~02 - Linda}
linda049.jpg,143834,bc3374a3,\Gallery 53\02 - Linda\,{Shemale Yum Dvd03~G53~02~02 - Linda}
linda050.jpg,127313,ad955aaf,\Gallery 53\02 - Linda\,{Shemale Yum Dvd03~G53~02~02 - Linda}
linda051.jpg,140781,f2f46dcc,\Gallery 53\02 - Linda\,{Shemale Yum Dvd03~G53~02~02 - Linda}
linda052.jpg,140157,ded8e42a,\Gallery 53\02 - Linda\,{Shemale Yum Dvd03~G53~02~02 - Linda}
linda053.jpg,158573,8b027888,\Gallery 53\02 - Linda\,{Shemale Yum Dvd03~G53~02~02 - Linda}
linda054.jpg,131194,789c881e,\Gallery 53\02 - Linda\,{Shemale Yum Dvd03~G53~02~02 - Linda}
linda055.jpg,130085,22dc0070,\Gallery 53\02 - Linda\,{Shemale Yum Dvd03~G53~02~02 - Linda}
linda059.jpg,116100,6101cbfc,\Gallery 53\02 - Linda\,{Shemale Yum Dvd03~G53~02~02 - Linda}
linda060.jpg,128833,f3f170b7,\Gallery 53\02 - Linda\,{Shemale Yum Dvd03~G53~02~02 - Linda}
linda061.jpg,122209,daaac27c,\Gallery 53\02 - Linda\,{Shemale Yum Dvd03~G53~02~02 - Linda}
linda062.jpg,114600,b2ee7005,\Gallery 53\02 - Linda\,{Shemale Yum Dvd03~G53~02~02 - Linda}
linda063.jpg,115783,14320f6f,\Gallery 53\02 - Linda\,{Shemale Yum Dvd03~G53~02~02 - Linda}
linda064.jpg,144585,20d66971,\Gallery 53\02 - Linda\,{Shemale Yum Dvd03~G53~02~02 - Linda}
linda065.jpg,136357,b2f03c31,\Gallery 53\02 - Linda\,{Shemale Yum Dvd03~G53~02~02 - Linda}
linda066.jpg,138664,b21b6188,\Gallery 53\02 - Linda\,{Shemale Yum Dvd03~G53~02~02 - Linda}
linda067.jpg,138436,8b92f66a,\Gallery 53\02 - Linda\,{Shemale Yum Dvd03~G53~02~02 - Linda}
linda068.jpg,138592,46e70a95,\Gallery 53\02 - Linda\,{Shemale Yum Dvd03~G53~02~02 - Linda}
linda069.jpg,132125,bf99bb7b,\Gallery 53\02 - Linda\,{Shemale Yum Dvd03~G53~02~02 - Linda}
linda070.jpg,153814,2b8ed868,\Gallery 53\02 - Linda\,{Shemale Yum Dvd03~G53~02~02 - Linda}
linda071.jpg,144642,77df6dd4,\Gallery 53\02 - Linda\,{Shemale Yum Dvd03~G53~02~02 - Linda}
linda072.jpg,131099,9e2b6f20,\Gallery 53\02 - Linda\,{Shemale Yum Dvd03~G53~02~02 - Linda}
linda073.jpg,130944,a9a56d9f,\Gallery 53\02 - Linda\,{Shemale Yum Dvd03~G53~02~02 - Linda}
linda074.jpg,123021,ed8d76ec,\Gallery 53\02 - Linda\,{Shemale Yum Dvd03~G53~02~02 - Linda}
linda075.jpg,138806,d3a46316,\Gallery 53\02 - Linda\,{Shemale Yum Dvd03~G53~02~02 - Linda}
linda076.jpg,110927,712cdd47,\Gallery 53\02 - Linda\,{Shemale Yum Dvd03~G53~02~02 - Linda}
linda077.jpg,111388,dab99b4a,\Gallery 53\02 - Linda\,{Shemale Yum Dvd03~G53~02~02 - Linda}
linda079.jpg,100602,1445bab2,\Gallery 53\02 - Linda\,{Shemale Yum Dvd03~G53~02~02 - Linda}
linda080.jpg,119411,e6e3a454,\Gallery 53\02 - Linda\,{Shemale Yum Dvd03~G53~02~02 - Linda}
linda081.jpg,119952,0c757197,\Gallery 53\02 - Linda\,{Shemale Yum Dvd03~G53~02~02 - Linda}
linda082.jpg,124189,e69cba88,\Gallery 53\02 - Linda\,{Shemale Yum Dvd03~G53~02~02 - Linda}
linda083.jpg,144174,4ffcc8f4,\Gallery 53\02 - Linda\,{Shemale Yum Dvd03~G53~02~02 - Linda}
linda084.jpg,132460,19adbc88,\Gallery 53\02 - Linda\,{Shemale Yum Dvd03~G53~02~02 - Linda}
linda085.jpg,138557,2dd28405,\Gallery 53\02 - Linda\,{Shemale Yum Dvd03~G53~02~02 - Linda}
linda086.jpg,113998,b38750f6,\Gallery 53\02 - Linda\,{Shemale Yum Dvd03~G53~02~02 - Linda}
linda089.jpg,119670,35fe545b,\Gallery 53\02 - Linda\,{Shemale Yum Dvd03~G53~02~02 - Linda}
linda090.jpg,138112,9c7ce804,\Gallery 53\02 - Linda\,{Shemale Yum Dvd03~G53~02~02 - Linda}
linda091.jpg,140036,cf01d154,\Gallery 53\02 - Linda\,{Shemale Yum Dvd03~G53~02~02 - Linda}
linda092.jpg,109014,7665cd90,\Gallery 53\02 - Linda\,{Shemale Yum Dvd03~G53~02~02 - Linda}
linda093.jpg,136337,8a94bab7,\Gallery 53\02 - Linda\,{Shemale Yum Dvd03~G53~02~02 - Linda}
linda095.jpg,107004,782d1340,\Gallery 53\02 - Linda\,{Shemale Yum Dvd03~G53~02~02 - Linda}
linda096.jpg,110841,005c37d4,\Gallery 53\02 - Linda\,{Shemale Yum Dvd03~G53~02~02 - Linda}
linda097.jpg,94816,592da661,\Gallery 53\02 - Linda\,{Shemale Yum Dvd03~G53~02~02 - Linda}
linda098.jpg,125878,9799ae39,\Gallery 53\02 - Linda\,{Shemale Yum Dvd03~G53~02~02 - Linda}
linda099.jpg,110708,99ef7b12,\Gallery 53\02 - Linda\,{Shemale Yum Dvd03~G53~02~02 - Linda}
linda100.jpg,125594,551bb7eb,\Gallery 53\02 - Linda\,{Shemale Yum Dvd03~G53~02~02 - Linda}
linda101.jpg,136010,938ed339,\Gallery 53\02 - Linda\,{Shemale Yum Dvd03~G53~02~02 - Linda}
linda102.jpg,128940,9e10293c,\Gallery 53\02 - Linda\,{Shemale Yum Dvd03~G53~02~02 - Linda}
linda105.jpg,123432,5a0aa84c,\Gallery 53\02 - Linda\,{Shemale Yum Dvd03~G53~02~02 - Linda}
linda106.jpg,121793,dd94cbf8,\Gallery 53\02 - Linda\,{Shemale Yum Dvd03~G53~02~02 - Linda}
linda107.jpg,94667,f40309db,\Gallery 53\02 - Linda\,{Shemale Yum Dvd03~G53~02~02 - Linda}
linda108.jpg,125585,b7dfa12b,\Gallery 53\02 - Linda\,{Shemale Yum Dvd03~G53~02~02 - Linda}
linda109.jpg,125359,216b5c70,\Gallery 53\02 - Linda\,{Shemale Yum Dvd03~G53~02~02 - Linda}
linda110.jpg,136815,530a5c29,\Gallery 53\02 - Linda\,{Shemale Yum Dvd03~G53~02~02 - Linda}
linda111.jpg,143180,965f88a0,\Gallery 53\02 - Linda\,{Shemale Yum Dvd03~G53~02~02 - Linda}
linda112.jpg,139739,8bf4b392,\Gallery 53\02 - Linda\,{Shemale Yum Dvd03~G53~02~02 - Linda}
linda113.jpg,106522,d9e0d48c,\Gallery 53\02 - Linda\,{Shemale Yum Dvd03~G53~02~02 - Linda}
linda115.jpg,133144,1430a54c,\Gallery 53\02 - Linda\,{Shemale Yum Dvd03~G53~02~02 - Linda}
linda116.jpg,140813,c7adbe29,\Gallery 53\02 - Linda\,{Shemale Yum Dvd03~G53~02~02 - Linda}
linda117.jpg,107923,09815cd7,\Gallery 53\02 - Linda\,{Shemale Yum Dvd03~G53~02~02 - Linda}
linda118.jpg,123604,b2613824,\Gallery 53\02 - Linda\,{Shemale Yum Dvd03~G53~02~02 - Linda}
linda119.jpg,124926,f141b02e,\Gallery 53\02 - Linda\,{Shemale Yum Dvd03~G53~02~02 - Linda}
linda120.jpg,137014,db40204a,\Gallery 53\02 - Linda\,{Shemale Yum Dvd03~G53~02~02 - Linda}
linda121.jpg,131009,c74672c4,\Gallery 53\02 - Linda\,{Shemale Yum Dvd03~G53~02~02 - Linda}
linda122.jpg,123675,9ac77d30,\Gallery 53\02 - Linda\,{Shemale Yum Dvd03~G53~02~02 - Linda}
linda123.jpg,122596,32e356d7,\Gallery 53\02 - Linda\,{Shemale Yum Dvd03~G53~02~02 - Linda}
linda124.jpg,89732,8a64bcf7,\Gallery 53\02 - Linda\,{Shemale Yum Dvd03~G53~02~02 - Linda}
linda125.jpg,115504,37758031,\Gallery 53\02 - Linda\,{Shemale Yum Dvd03~G53~02~02 - Linda}
linda126.jpg,107270,bfa90fb1,\Gallery 53\02 - Linda\,{Shemale Yum Dvd03~G53~02~02 - Linda}
linda127.jpg,115254,e382328c,\Gallery 53\02 - Linda\,{Shemale Yum Dvd03~G53~02~02 - Linda}
linda128.jpg,94597,e8cd25cf,\Gallery 53\02 - Linda\,{Shemale Yum Dvd03~G53~02~02 - Linda}
linda129.jpg,92685,3ecc8839,\Gallery 53\02 - Linda\,{Shemale Yum Dvd03~G53~02~02 - Linda}
linda130.jpg,105519,835b887a,\Gallery 53\02 - Linda\,{Shemale Yum Dvd03~G53~02~02 - Linda}
linda131.jpg,96965,c82b7b22,\Gallery 53\02 - Linda\,{Shemale Yum Dvd03~G53~02~02 - Linda}
linda132.jpg,102167,f3d7ea17,\Gallery 53\02 - Linda\,{Shemale Yum Dvd03~G53~02~02 - Linda}
linda133.jpg,93838,4f897f9a,\Gallery 53\02 - Linda\,{Shemale Yum Dvd03~G53~02~02 - Linda}
linda134.jpg,105039,53b56727,\Gallery 53\02 - Linda\,{Shemale Yum Dvd03~G53~02~02 - Linda}
1monica001.jpg,122516,a7c1b82d,\Gallery 53\03 - Monica\,{Shemale Yum Dvd03~G53~03~03 - Monica}
1monica002.jpg,150656,d13fe8ce,\Gallery 53\03 - Monica\,{Shemale Yum Dvd03~G53~03~03 - Monica}
1monica003.jpg,137432,fba84315,\Gallery 53\03 - Monica\,{Shemale Yum Dvd03~G53~03~03 - Monica}
1monica004.jpg,127207,ad93ff42,\Gallery 53\03 - Monica\,{Shemale Yum Dvd03~G53~03~03 - Monica}
1monica005.jpg,133592,d462bfe3,\Gallery 53\03 - Monica\,{Shemale Yum Dvd03~G53~03~03 - Monica}
1monica006.jpg,165726,459279af,\Gallery 53\03 - Monica\,{Shemale Yum Dvd03~G53~03~03 - Monica}
1monica007.jpg,132050,f9a99ea4,\Gallery 53\03 - Monica\,{Shemale Yum Dvd03~G53~03~03 - Monica}
1monica008.jpg,142622,6e508e32,\Gallery 53\03 - Monica\,{Shemale Yum Dvd03~G53~03~03 - Monica}
1monica009.jpg,127409,52c8fb78,\Gallery 53\03 - Monica\,{Shemale Yum Dvd03~G53~03~03 - Monica}
1monica010.jpg,184235,363305dd,\Gallery 53\03 - Monica\,{Shemale Yum Dvd03~G53~03~03 - Monica}
1monica011.jpg,128684,cc6b6dff,\Gallery 53\03 - Monica\,{Shemale Yum Dvd03~G53~03~03 - Monica}
1monica012.jpg,127612,6b6f6533,\Gallery 53\03 - Monica\,{Shemale Yum Dvd03~G53~03~03 - Monica}
1monica013.jpg,130525,abe7a705,\Gallery 53\03 - Monica\,{Shemale Yum Dvd03~G53~03~03 - Monica}
1monica014.jpg,148416,8d4ea921,\Gallery 53\03 - Monica\,{Shemale Yum Dvd03~G53~03~03 - Monica}
1monica015.jpg,145352,25af371f,\Gallery 53\03 - Monica\,{Shemale Yum Dvd03~G53~03~03 - Monica}
1monica016.jpg,139056,f446453e,\Gallery 53\03 - Monica\,{Shemale Yum Dvd03~G53~03~03 - Monica}
1monica017.jpg,135523,3f55a0ab,\Gallery 53\03 - Monica\,{Shemale Yum Dvd03~G53~03~03 - Monica}
1monica018.jpg,139592,9e945b66,\Gallery 53\03 - Monica\,{Shemale Yum Dvd03~G53~03~03 - Monica}
1monica019.jpg,141732,eb88957d,\Gallery 53\03 - Monica\,{Shemale Yum Dvd03~G53~03~03 - Monica}
1monica020.jpg,120157,43c6defe,\Gallery 53\03 - Monica\,{Shemale Yum Dvd03~G53~03~03 - Monica}
1monica021.jpg,137491,bb86eb7f,\Gallery 53\03 - Monica\,{Shemale Yum Dvd03~G53~03~03 - Monica}
1monica025.jpg,136322,5015eecc,\Gallery 53\03 - Monica\,{Shemale Yum Dvd03~G53~03~03 - Monica}
1monica026.jpg,123682,22e8e188,\Gallery 53\03 - Monica\,{Shemale Yum Dvd03~G53~03~03 - Monica}
1monica027.jpg,127408,2155e231,\Gallery 53\03 - Monica\,{Shemale Yum Dvd03~G53~03~03 - Monica}
1monica028.jpg,131009,3bf2a666,\Gallery 53\03 - Monica\,{Shemale Yum Dvd03~G53~03~03 - Monica}
1monica029.jpg,130121,175ccdbd,\Gallery 53\03 - Monica\,{Shemale Yum Dvd03~G53~03~03 - Monica}
1monica030.jpg,149172,9b685a93,\Gallery 53\03 - Monica\,{Shemale Yum Dvd03~G53~03~03 - Monica}
1monica031.jpg,135859,6f115d77,\Gallery 53\03 - Monica\,{Shemale Yum Dvd03~G53~03~03 - Monica}
1monica032.jpg,138451,8e6deff2,\Gallery 53\03 - Monica\,{Shemale Yum Dvd03~G53~03~03 - Monica}
1monica033.jpg,136774,e2a154cd,\Gallery 53\03 - Monica\,{Shemale Yum Dvd03~G53~03~03 - Monica}
1monica034.jpg,136132,107f78de,\Gallery 53\03 - Monica\,{Shemale Yum Dvd03~G53~03~03 - Monica}
1monica035.jpg,147355,0af9327a,\Gallery 53\03 - Monica\,{Shemale Yum Dvd03~G53~03~03 - Monica}
1monica036.jpg,157137,d3739f23,\Gallery 53\03 - Monica\,{Shemale Yum Dvd03~G53~03~03 - Monica}
1monica037.jpg,150026,c6563194,\Gallery 53\03 - Monica\,{Shemale Yum Dvd03~G53~03~03 - Monica}
1monica038.jpg,127598,f17eabdc,\Gallery 53\03 - Monica\,{Shemale Yum Dvd03~G53~03~03 - Monica}
1monica039.jpg,143443,cde0acbd,\Gallery 53\03 - Monica\,{Shemale Yum Dvd03~G53~03~03 - Monica}
1monica040.jpg,150619,5c1e10b8,\Gallery 53\03 - Monica\,{Shemale Yum Dvd03~G53~03~03 - Monica}
1monica041.jpg,188303,eeb71024,\Gallery 53\03 - Monica\,{Shemale Yum Dvd03~G53~03~03 - Monica}
1monica042.jpg,190395,287667bd,\Gallery 53\03 - Monica\,{Shemale Yum Dvd03~G53~03~03 - Monica}
1monica043.jpg,151277,5023e230,\Gallery 53\03 - Monica\,{Shemale Yum Dvd03~G53~03~03 - Monica}
1monica044.jpg,147257,5afc3941,\Gallery 53\03 - Monica\,{Shemale Yum Dvd03~G53~03~03 - Monica}
1monica045.jpg,152093,11646ddb,\Gallery 53\03 - Monica\,{Shemale Yum Dvd03~G53~03~03 - Monica}
1monica046.jpg,138980,4c8966d4,\Gallery 53\03 - Monica\,{Shemale Yum Dvd03~G53~03~03 - Monica}
1monica047.jpg,128852,06fc24e8,\Gallery 53\03 - Monica\,{Shemale Yum Dvd03~G53~03~03 - Monica}
1monica048.jpg,136590,5f9bcd56,\Gallery 53\03 - Monica\,{Shemale Yum Dvd03~G53~03~03 - Monica}
1monica049.jpg,133556,a42bcdc6,\Gallery 53\03 - Monica\,{Shemale Yum Dvd03~G53~03~03 - Monica}
1monica050.jpg,128555,2fbc49b7,\Gallery 53\03 - Monica\,{Shemale Yum Dvd03~G53~03~03 - Monica}
1monica051.jpg,124552,e029b3d5,\Gallery 53\03 - Monica\,{Shemale Yum Dvd03~G53~03~03 - Monica}
1monica052.jpg,120904,07723b07,\Gallery 53\03 - Monica\,{Shemale Yum Dvd03~G53~03~03 - Monica}
1monica053.jpg,136054,1d140f5f,\Gallery 53\03 - Monica\,{Shemale Yum Dvd03~G53~03~03 - Monica}
1monica054.jpg,135571,7be97bb8,\Gallery 53\03 - Monica\,{Shemale Yum Dvd03~G53~03~03 - Monica}
1monica055.jpg,133301,c2b51c3a,\Gallery 53\03 - Monica\,{Shemale Yum Dvd03~G53~03~03 - Monica}
1monica056.jpg,135581,a23882d7,\Gallery 53\03 - Monica\,{Shemale Yum Dvd03~G53~03~03 - Monica}
1monica057.jpg,130326,696f7a84,\Gallery 53\03 - Monica\,{Shemale Yum Dvd03~G53~03~03 - Monica}
1monica058.jpg,138470,77a083f8,\Gallery 53\03 - Monica\,{Shemale Yum Dvd03~G53~03~03 - Monica}
1monica059.jpg,120769,942b562a,\Gallery 53\03 - Monica\,{Shemale Yum Dvd03~G53~03~03 - Monica}
1monica060.jpg,137371,f54417be,\Gallery 53\03 - Monica\,{Shemale Yum Dvd03~G53~03~03 - Monica}
1monica061.jpg,150061,859e9b29,\Gallery 53\03 - Monica\,{Shemale Yum Dvd03~G53~03~03 - Monica}
1monica062.jpg,119121,a37c8ca6,\Gallery 53\03 - Monica\,{Shemale Yum Dvd03~G53~03~03 - Monica}
1monica063.jpg,134437,d68a7084,\Gallery 53\03 - Monica\,{Shemale Yum Dvd03~G53~03~03 - Monica}
1monica064.jpg,131730,a40451a7,\Gallery 53\03 - Monica\,{Shemale Yum Dvd03~G53~03~03 - Monica}
1monica065.jpg,125027,82fde52d,\Gallery 53\03 - Monica\,{Shemale Yum Dvd03~G53~03~03 - Monica}
1monica066.jpg,122679,01464609,\Gallery 53\03 - Monica\,{Shemale Yum Dvd03~G53~03~03 - Monica}
1monica067.jpg,127420,ecb82d51,\Gallery 53\03 - Monica\,{Shemale Yum Dvd03~G53~03~03 - Monica}
1monica068.jpg,128818,f8214c15,\Gallery 53\03 - Monica\,{Shemale Yum Dvd03~G53~03~03 - Monica}
1monica069.jpg,130050,3963f2e8,\Gallery 53\03 - Monica\,{Shemale Yum Dvd03~G53~03~03 - Monica}
1monica070.jpg,117776,707e9033,\Gallery 53\03 - Monica\,{Shemale Yum Dvd03~G53~03~03 - Monica}
1monica071.jpg,137577,0534fee6,\Gallery 53\03 - Monica\,{Shemale Yum Dvd03~G53~03~03 - Monica}
1monica072.jpg,137520,15af4085,\Gallery 53\03 - Monica\,{Shemale Yum Dvd03~G53~03~03 - Monica}
1monica073.jpg,129906,1b52a1c0,\Gallery 53\03 - Monica\,{Shemale Yum Dvd03~G53~03~03 - Monica}
1monica074.jpg,103478,8f3f534e,\Gallery 53\03 - Monica\,{Shemale Yum Dvd03~G53~03~03 - Monica}
1monica075.jpg,109324,a6cb1dd6,\Gallery 53\03 - Monica\,{Shemale Yum Dvd03~G53~03~03 - Monica}
1monica076.jpg,135792,41f6df6a,\Gallery 53\03 - Monica\,{Shemale Yum Dvd03~G53~03~03 - Monica}
1monica077.jpg,134147,302c0db9,\Gallery 53\03 - Monica\,{Shemale Yum Dvd03~G53~03~03 - Monica}
1monica078.jpg,131911,44b7655a,\Gallery 53\03 - Monica\,{Shemale Yum Dvd03~G53~03~03 - Monica}
1monica079.jpg,105658,5ce542a1,\Gallery 53\03 - Monica\,{Shemale Yum Dvd03~G53~03~03 - Monica}
1monica080.jpg,103369,beeb56d6,\Gallery 53\03 - Monica\,{Shemale Yum Dvd03~G53~03~03 - Monica}
1monica081.jpg,112870,a02b0123,\Gallery 53\03 - Monica\,{Shemale Yum Dvd03~G53~03~03 - Monica}
1monica082.jpg,91148,122a4259,\Gallery 53\03 - Monica\,{Shemale Yum Dvd03~G53~03~03 - Monica}
1monica083.jpg,130962,2e363396,\Gallery 53\03 - Monica\,{Shemale Yum Dvd03~G53~03~03 - Monica}
1monica087.jpg,126083,f90f1314,\Gallery 53\03 - Monica\,{Shemale Yum Dvd03~G53~03~03 - Monica}
1monica088.jpg,120875,32432dc1,\Gallery 53\03 - Monica\,{Shemale Yum Dvd03~G53~03~03 - Monica}
1monica089.jpg,154034,b873817c,\Gallery 53\03 - Monica\,{Shemale Yum Dvd03~G53~03~03 - Monica}
1monica090.jpg,160477,ce0ec672,\Gallery 53\03 - Monica\,{Shemale Yum Dvd03~G53~03~03 - Monica}
1monica091.jpg,125189,3664d68d,\Gallery 53\03 - Monica\,{Shemale Yum Dvd03~G53~03~03 - Monica}
1monica092.jpg,139148,810dd0b1,\Gallery 53\03 - Monica\,{Shemale Yum Dvd03~G53~03~03 - Monica}
1monica093.jpg,140393,43e113c2,\Gallery 53\03 - Monica\,{Shemale Yum Dvd03~G53~03~03 - Monica}
1monica094.jpg,134411,72d4aae8,\Gallery 53\03 - Monica\,{Shemale Yum Dvd03~G53~03~03 - Monica}
1monica095.jpg,148058,22cbcb7a,\Gallery 53\03 - Monica\,{Shemale Yum Dvd03~G53~03~03 - Monica}
1monica096.jpg,146755,0cdf1b55,\Gallery 53\03 - Monica\,{Shemale Yum Dvd03~G53~03~03 - Monica}
1monica097.jpg,122534,13190ca0,\Gallery 53\03 - Monica\,{Shemale Yum Dvd03~G53~03~03 - Monica}
1monica098.jpg,125359,302bc2d1,\Gallery 53\03 - Monica\,{Shemale Yum Dvd03~G53~03~03 - Monica}
1monica099.jpg,138505,65e4b3af,\Gallery 53\03 - Monica\,{Shemale Yum Dvd03~G53~03~03 - Monica}
1monica100.jpg,151880,31c42c0b,\Gallery 53\03 - Monica\,{Shemale Yum Dvd03~G53~03~03 - Monica}
1monica101.jpg,152004,f33247b4,\Gallery 53\03 - Monica\,{Shemale Yum Dvd03~G53~03~03 - Monica}
1monica103.jpg,153420,3e4eb898,\Gallery 53\03 - Monica\,{Shemale Yum Dvd03~G53~03~03 - Monica}
1monica104.jpg,158966,268ee070,\Gallery 53\03 - Monica\,{Shemale Yum Dvd03~G53~03~03 - Monica}
1monica105.jpg,135128,9d60363e,\Gallery 53\03 - Monica\,{Shemale Yum Dvd03~G53~03~03 - Monica}
1monica106.jpg,137776,da620b6d,\Gallery 53\03 - Monica\,{Shemale Yum Dvd03~G53~03~03 - Monica}
1monica107.jpg,133470,8ec332bb,\Gallery 53\03 - Monica\,{Shemale Yum Dvd03~G53~03~03 - Monica}
1monica108.jpg,140279,d5d32c7a,\Gallery 53\03 - Monica\,{Shemale Yum Dvd03~G53~03~03 - Monica}
1monica109.jpg,144862,2421c519,\Gallery 53\03 - Monica\,{Shemale Yum Dvd03~G53~03~03 - Monica}
1monica110.jpg,118493,dfc341dc,\Gallery 53\03 - Monica\,{Shemale Yum Dvd03~G53~03~03 - Monica}
poca3001.jpg,175366,68c7dd03,\Gallery 53\04 - Pocahontas\,{Shemale Yum Dvd03~G53~04~04 - Pocahontas}
poca3002.jpg,170209,0bf7e46d,\Gallery 53\04 - Pocahontas\,{Shemale Yum Dvd03~G53~04~04 - Pocahontas}
poca3004.jpg,163300,a012a043,\Gallery 53\04 - Pocahontas\,{Shemale Yum Dvd03~G53~04~04 - Pocahontas}
poca3005.jpg,166067,a5a8ac31,\Gallery 53\04 - Pocahontas\,{Shemale Yum Dvd03~G53~04~04 - Pocahontas}
poca3006.jpg,134893,877d4622,\Gallery 53\04 - Pocahontas\,{Shemale Yum Dvd03~G53~04~04 - Pocahontas}
poca3007.jpg,136637,1c6d6d4b,\Gallery 53\04 - Pocahontas\,{Shemale Yum Dvd03~G53~04~04 - Pocahontas}
poca3008.jpg,163546,1191b0d9,\Gallery 53\04 - Pocahontas\,{Shemale Yum Dvd03~G53~04~04 - Pocahontas}
poca3009.jpg,169447,94a01243,\Gallery 53\04 - Pocahontas\,{Shemale Yum Dvd03~G53~04~04 - Pocahontas}
poca3010.jpg,169522,34ce8e0b,\Gallery 53\04 - Pocahontas\,{Shemale Yum Dvd03~G53~04~04 - Pocahontas}
poca3011.jpg,172338,ab2b7ff8,\Gallery 53\04 - Pocahontas\,{Shemale Yum Dvd03~G53~04~04 - Pocahontas}
poca3012.jpg,118131,1198f99c,\Gallery 53\04 - Pocahontas\,{Shemale Yum Dvd03~G53~04~04 - Pocahontas}
poca3013.jpg,123957,7c1882f8,\Gallery 53\04 - Pocahontas\,{Shemale Yum Dvd03~G53~04~04 - Pocahontas}
poca3014.jpg,117362,f7978885,\Gallery 53\04 - Pocahontas\,{Shemale Yum Dvd03~G53~04~04 - Pocahontas}
poca3015.jpg,113152,5ce54ae9,\Gallery 53\04 - Pocahontas\,{Shemale Yum Dvd03~G53~04~04 - Pocahontas}
poca3016.jpg,142576,b015db30,\Gallery 53\04 - Pocahontas\,{Shemale Yum Dvd03~G53~04~04 - Pocahontas}
poca3017.jpg,138019,059eb032,\Gallery 53\04 - Pocahontas\,{Shemale Yum Dvd03~G53~04~04 - Pocahontas}
poca3018.jpg,136665,3f112fcd,\Gallery 53\04 - Pocahontas\,{Shemale Yum Dvd03~G53~04~04 - Pocahontas}
poca3019.jpg,113865,c5e0df74,\Gallery 53\04 - Pocahontas\,{Shemale Yum Dvd03~G53~04~04 - Pocahontas}
poca3020.jpg,119212,a55d1145,\Gallery 53\04 - Pocahontas\,{Shemale Yum Dvd03~G53~04~04 - Pocahontas}
poca3021.jpg,118730,d67710d8,\Gallery 53\04 - Pocahontas\,{Shemale Yum Dvd03~G53~04~04 - Pocahontas}
poca3022.jpg,141995,4c315c3f,\Gallery 53\04 - Pocahontas\,{Shemale Yum Dvd03~G53~04~04 - Pocahontas}
poca3023.jpg,143284,669f1fe4,\Gallery 53\04 - Pocahontas\,{Shemale Yum Dvd03~G53~04~04 - Pocahontas}
poca3024.jpg,140992,61cbf2ee,\Gallery 53\04 - Pocahontas\,{Shemale Yum Dvd03~G53~04~04 - Pocahontas}
poca3025.jpg,142173,65e74cb5,\Gallery 53\04 - Pocahontas\,{Shemale Yum Dvd03~G53~04~04 - Pocahontas}
poca3026.jpg,119266,a8481d98,\Gallery 53\04 - Pocahontas\,{Shemale Yum Dvd03~G53~04~04 - Pocahontas}
poca3027.jpg,129041,fa920d36,\Gallery 53\04 - Pocahontas\,{Shemale Yum Dvd03~G53~04~04 - Pocahontas}
poca3028.jpg,117526,e0c4c5ac,\Gallery 53\04 - Pocahontas\,{Shemale Yum Dvd03~G53~04~04 - Pocahontas}
poca3029.jpg,135596,0608a86e,\Gallery 53\04 - Pocahontas\,{Shemale Yum Dvd03~G53~04~04 - Pocahontas}
poca3030.jpg,128540,a7c7b179,\Gallery 53\04 - Pocahontas\,{Shemale Yum Dvd03~G53~04~04 - Pocahontas}
poca3031.jpg,125592,430213ad,\Gallery 53\04 - Pocahontas\,{Shemale Yum Dvd03~G53~04~04 - Pocahontas}
poca3032.jpg,116036,ebfdeaf7,\Gallery 53\04 - Pocahontas\,{Shemale Yum Dvd03~G53~04~04 - Pocahontas}
poca3033.jpg,116303,dfb9e298,\Gallery 53\04 - Pocahontas\,{Shemale Yum Dvd03~G53~04~04 - Pocahontas}
poca3034.jpg,110874,4b3b577f,\Gallery 53\04 - Pocahontas\,{Shemale Yum Dvd03~G53~04~04 - Pocahontas}
poca3035.jpg,115066,17841e5b,\Gallery 53\04 - Pocahontas\,{Shemale Yum Dvd03~G53~04~04 - Pocahontas}
poca3036.jpg,129915,70296d64,\Gallery 53\04 - Pocahontas\,{Shemale Yum Dvd03~G53~04~04 - Pocahontas}
poca3037.jpg,118938,c9e32e14,\Gallery 53\04 - Pocahontas\,{Shemale Yum Dvd03~G53~04~04 - Pocahontas}
poca3038.jpg,136003,07325116,\Gallery 53\04 - Pocahontas\,{Shemale Yum Dvd03~G53~04~04 - Pocahontas}
poca3039.jpg,112904,b4d7eae2,\Gallery 53\04 - Pocahontas\,{Shemale Yum Dvd03~G53~04~04 - Pocahontas}
poca3040.jpg,115330,2c6cf4e3,\Gallery 53\04 - Pocahontas\,{Shemale Yum Dvd03~G53~04~04 - Pocahontas}
poca3041.jpg,114316,52612a32,\Gallery 53\04 - Pocahontas\,{Shemale Yum Dvd03~G53~04~04 - Pocahontas}
poca3042.jpg,127263,6dec1473,\Gallery 53\04 - Pocahontas\,{Shemale Yum Dvd03~G53~04~04 - Pocahontas}
poca3043.jpg,124338,221ff377,\Gallery 53\04 - Pocahontas\,{Shemale Yum Dvd03~G53~04~04 - Pocahontas}
poca3044.jpg,129964,60f90883,\Gallery 53\04 - Pocahontas\,{Shemale Yum Dvd03~G53~04~04 - Pocahontas}
poca3045.jpg,114920,e096e90c,\Gallery 53\04 - Pocahontas\,{Shemale Yum Dvd03~G53~04~04 - Pocahontas}
poca3046.jpg,118785,618f730e,\Gallery 53\04 - Pocahontas\,{Shemale Yum Dvd03~G53~04~04 - Pocahontas}
poca3047.jpg,116796,f9d01517,\Gallery 53\04 - Pocahontas\,{Shemale Yum Dvd03~G53~04~04 - Pocahontas}
poca3048.jpg,85574,f911edba,\Gallery 53\04 - Pocahontas\,{Shemale Yum Dvd03~G53~04~04 - Pocahontas}
poca3049.jpg,135427,4fc09ec1,\Gallery 53\04 - Pocahontas\,{Shemale Yum Dvd03~G53~04~04 - Pocahontas}
poca3050.jpg,111935,d9837269,\Gallery 53\04 - Pocahontas\,{Shemale Yum Dvd03~G53~04~04 - Pocahontas}
poca3051.jpg,123590,75e902fb,\Gallery 53\04 - Pocahontas\,{Shemale Yum Dvd03~G53~04~04 - Pocahontas}
poca3052.jpg,110780,858a0bc7,\Gallery 53\04 - Pocahontas\,{Shemale Yum Dvd03~G53~04~04 - Pocahontas}
poca3053.jpg,111967,48379fdd,\Gallery 53\04 - Pocahontas\,{Shemale Yum Dvd03~G53~04~04 - Pocahontas}
poca3054.jpg,131060,a99709a8,\Gallery 53\04 - Pocahontas\,{Shemale Yum Dvd03~G53~04~04 - Pocahontas}
poca3055.jpg,124230,5853ee48,\Gallery 53\04 - Pocahontas\,{Shemale Yum Dvd03~G53~04~04 - Pocahontas}
poca3056.jpg,119517,0f2a8518,\Gallery 53\04 - Pocahontas\,{Shemale Yum Dvd03~G53~04~04 - Pocahontas}
poca3057.jpg,135735,659e30e7,\Gallery 53\04 - Pocahontas\,{Shemale Yum Dvd03~G53~04~04 - Pocahontas}
poca3058.jpg,126907,7881cf79,\Gallery 53\04 - Pocahontas\,{Shemale Yum Dvd03~G53~04~04 - Pocahontas}
poca3059.jpg,124404,7034fd83,\Gallery 53\04 - Pocahontas\,{Shemale Yum Dvd03~G53~04~04 - Pocahontas}
poca3060.jpg,128910,b20147bc,\Gallery 53\04 - Pocahontas\,{Shemale Yum Dvd03~G53~04~04 - Pocahontas}
poca3061.jpg,121309,88f45372,\Gallery 53\04 - Pocahontas\,{Shemale Yum Dvd03~G53~04~04 - Pocahontas}
poca3062.jpg,128028,b62202d3,\Gallery 53\04 - Pocahontas\,{Shemale Yum Dvd03~G53~04~04 - Pocahontas}
poca3063.jpg,117481,ba9f8d3c,\Gallery 53\04 - Pocahontas\,{Shemale Yum Dvd03~G53~04~04 - Pocahontas}
poca3064.jpg,116510,7d013e4a,\Gallery 53\04 - Pocahontas\,{Shemale Yum Dvd03~G53~04~04 - Pocahontas}
poca3065.jpg,121162,b3277680,\Gallery 53\04 - Pocahontas\,{Shemale Yum Dvd03~G53~04~04 - Pocahontas}
poca3066.jpg,115988,dbbb3174,\Gallery 53\04 - Pocahontas\,{Shemale Yum Dvd03~G53~04~04 - Pocahontas}
poca3067.jpg,116726,8c7f0139,\Gallery 53\04 - Pocahontas\,{Shemale Yum Dvd03~G53~04~04 - Pocahontas}
poca3068.jpg,121436,ee8efabf,\Gallery 53\04 - Pocahontas\,{Shemale Yum Dvd03~G53~04~04 - Pocahontas}
poca3069.jpg,118944,faf5b74e,\Gallery 53\04 - Pocahontas\,{Shemale Yum Dvd03~G53~04~04 - Pocahontas}
poca3070.jpg,104222,2a1813ca,\Gallery 53\04 - Pocahontas\,{Shemale Yum Dvd03~G53~04~04 - Pocahontas}
poca3071.jpg,111750,c1789a64,\Gallery 53\04 - Pocahontas\,{Shemale Yum Dvd03~G53~04~04 - Pocahontas}
poca3072.jpg,110974,5f3622a2,\Gallery 53\04 - Pocahontas\,{Shemale Yum Dvd03~G53~04~04 - Pocahontas}
poca3073.jpg,110121,c40b2e2b,\Gallery 53\04 - Pocahontas\,{Shemale Yum Dvd03~G53~04~04 - Pocahontas}
poca3074.jpg,138290,57f23061,\Gallery 53\04 - Pocahontas\,{Shemale Yum Dvd03~G53~04~04 - Pocahontas}
poca3075.jpg,129673,254c6e66,\Gallery 53\04 - Pocahontas\,{Shemale Yum Dvd03~G53~04~04 - Pocahontas}
poca3076.jpg,134280,69b959e7,\Gallery 53\04 - Pocahontas\,{Shemale Yum Dvd03~G53~04~04 - Pocahontas}
poca3077.jpg,111647,e6a3a263,\Gallery 53\04 - Pocahontas\,{Shemale Yum Dvd03~G53~04~04 - Pocahontas}
poca3078.jpg,130342,a2b93675,\Gallery 53\04 - Pocahontas\,{Shemale Yum Dvd03~G53~04~04 - Pocahontas}
poca3079.jpg,110177,bed79023,\Gallery 53\04 - Pocahontas\,{Shemale Yum Dvd03~G53~04~04 - Pocahontas}
poca3080.jpg,118526,a4f6e500,\Gallery 53\04 - Pocahontas\,{Shemale Yum Dvd03~G53~04~04 - Pocahontas}
poca3081.jpg,137576,ba23bba6,\Gallery 53\04 - Pocahontas\,{Shemale Yum Dvd03~G53~04~04 - Pocahontas}
poca3082.jpg,120024,cb5c6d1d,\Gallery 53\04 - Pocahontas\,{Shemale Yum Dvd03~G53~04~04 - Pocahontas}
poca3083.jpg,118068,e401d6c0,\Gallery 53\04 - Pocahontas\,{Shemale Yum Dvd03~G53~04~04 - Pocahontas}
poca3084.jpg,123015,31b35e20,\Gallery 53\04 - Pocahontas\,{Shemale Yum Dvd03~G53~04~04 - Pocahontas}
poca3085.jpg,113176,31b0daad,\Gallery 53\04 - Pocahontas\,{Shemale Yum Dvd03~G53~04~04 - Pocahontas}
poca3086.jpg,124188,36d09d26,\Gallery 53\04 - Pocahontas\,{Shemale Yum Dvd03~G53~04~04 - Pocahontas}
poca3087.jpg,119989,a339ea9b,\Gallery 53\04 - Pocahontas\,{Shemale Yum Dvd03~G53~04~04 - Pocahontas}
poca3088.jpg,129897,0eb7d6a4,\Gallery 53\04 - Pocahontas\,{Shemale Yum Dvd03~G53~04~04 - Pocahontas}
poca3089.jpg,123013,7f82d6a2,\Gallery 53\04 - Pocahontas\,{Shemale Yum Dvd03~G53~04~04 - Pocahontas}
poca3090.jpg,111183,922020af,\Gallery 53\04 - Pocahontas\,{Shemale Yum Dvd03~G53~04~04 - Pocahontas}
poca3091.jpg,122289,54035894,\Gallery 53\04 - Pocahontas\,{Shemale Yum Dvd03~G53~04~04 - Pocahontas}
poca3092.jpg,115697,e726d1bd,\Gallery 53\04 - Pocahontas\,{Shemale Yum Dvd03~G53~04~04 - Pocahontas}
poca3093.jpg,111147,8332f9c1,\Gallery 53\04 - Pocahontas\,{Shemale Yum Dvd03~G53~04~04 - Pocahontas}
poca3094.jpg,134873,9774b745,\Gallery 53\04 - Pocahontas\,{Shemale Yum Dvd03~G53~04~04 - Pocahontas}
poca3095.jpg,113434,5619e917,\Gallery 53\04 - Pocahontas\,{Shemale Yum Dvd03~G53~04~04 - Pocahontas}
poca3096.jpg,120902,02029202,\Gallery 53\04 - Pocahontas\,{Shemale Yum Dvd03~G53~04~04 - Pocahontas}
poca3097.jpg,111853,28e0c3d2,\Gallery 53\04 - Pocahontas\,{Shemale Yum Dvd03~G53~04~04 - Pocahontas}
poca3098.jpg,131041,c736a7e0,\Gallery 53\04 - Pocahontas\,{Shemale Yum Dvd03~G53~04~04 - Pocahontas}
poca3099.jpg,141101,729c3eef,\Gallery 53\04 - Pocahontas\,{Shemale Yum Dvd03~G53~04~04 - Pocahontas}
poca3100.jpg,123116,4c7c7ad0,\Gallery 53\04 - Pocahontas\,{Shemale Yum Dvd03~G53~04~04 - Pocahontas}
poca3101.jpg,121677,9a03d9ae,\Gallery 53\04 - Pocahontas\,{Shemale Yum Dvd03~G53~04~04 - Pocahontas}
poca3102.jpg,128091,a8cdaa33,\Gallery 53\04 - Pocahontas\,{Shemale Yum Dvd03~G53~04~04 - Pocahontas}
poca3103.jpg,121677,4ce979ee,\Gallery 53\04 - Pocahontas\,{Shemale Yum Dvd03~G53~04~04 - Pocahontas}
poca3104.jpg,107576,7f3be8cd,\Gallery 53\04 - Pocahontas\,{Shemale Yum Dvd03~G53~04~04 - Pocahontas}
poca3105.jpg,119192,4c77f032,\Gallery 53\04 - Pocahontas\,{Shemale Yum Dvd03~G53~04~04 - Pocahontas}
poca3106.jpg,135108,8ae50775,\Gallery 53\04 - Pocahontas\,{Shemale Yum Dvd03~G53~04~04 - Pocahontas}
poca3107.jpg,120091,0cf7a53c,\Gallery 53\04 - Pocahontas\,{Shemale Yum Dvd03~G53~04~04 - Pocahontas}
poca3108.jpg,114429,f608f411,\Gallery 53\04 - Pocahontas\,{Shemale Yum Dvd03~G53~04~04 - Pocahontas}
poca3109.jpg,126174,340c5ae3,\Gallery 53\04 - Pocahontas\,{Shemale Yum Dvd03~G53~04~04 - Pocahontas}
poca3110.jpg,136648,3ec060c7,\Gallery 53\04 - Pocahontas\,{Shemale Yum Dvd03~G53~04~04 - Pocahontas}
poca3111.jpg,128854,adb540c2,\Gallery 53\04 - Pocahontas\,{Shemale Yum Dvd03~G53~04~04 - Pocahontas}
poca3112.jpg,133577,9731c917,\Gallery 53\04 - Pocahontas\,{Shemale Yum Dvd03~G53~04~04 - Pocahontas}
poca3113.jpg,134456,fe9a546e,\Gallery 53\04 - Pocahontas\,{Shemale Yum Dvd03~G53~04~04 - Pocahontas}
poca3114.jpg,135896,e49684b7,\Gallery 53\04 - Pocahontas\,{Shemale Yum Dvd03~G53~04~04 - Pocahontas}
poca3115.jpg,136751,d3bd64b6,\Gallery 53\04 - Pocahontas\,{Shemale Yum Dvd03~G53~04~04 - Pocahontas}
poca3116.jpg,144186,c936893f,\Gallery 53\04 - Pocahontas\,{Shemale Yum Dvd03~G53~04~04 - Pocahontas}
poca3117.jpg,133300,67d50fbb,\Gallery 53\04 - Pocahontas\,{Shemale Yum Dvd03~G53~04~04 - Pocahontas}
poca3118.jpg,162808,04e2c35a,\Gallery 53\04 - Pocahontas\,{Shemale Yum Dvd03~G53~04~04 - Pocahontas}
poca3119.jpg,137139,c388e97c,\Gallery 53\04 - Pocahontas\,{Shemale Yum Dvd03~G53~04~04 - Pocahontas}
poca3120.jpg,136232,1b6b30f5,\Gallery 53\04 - Pocahontas\,{Shemale Yum Dvd03~G53~04~04 - Pocahontas}
poca3121.jpg,135643,3b71ac32,\Gallery 53\04 - Pocahontas\,{Shemale Yum Dvd03~G53~04~04 - Pocahontas}
poca3122.jpg,134845,7a433f86,\Gallery 53\04 - Pocahontas\,{Shemale Yum Dvd03~G53~04~04 - Pocahontas}
poca3123.jpg,143473,2518a450,\Gallery 53\04 - Pocahontas\,{Shemale Yum Dvd03~G53~04~04 - Pocahontas}
poca3124.jpg,137844,22c9e9fa,\Gallery 53\04 - Pocahontas\,{Shemale Yum Dvd03~G53~04~04 - Pocahontas}
sapphire003.jpg,134980,48e8b9fb,\Gallery 53\05 - Sapphire\,{Shemale Yum Dvd03~G53~05~05 - Sapphire}
sapphire1002.jpg,128907,7403e471,\Gallery 53\05 - Sapphire\,{Shemale Yum Dvd03~G53~05~05 - Sapphire}
sapphire1004.jpg,143969,afb024d0,\Gallery 53\05 - Sapphire\,{Shemale Yum Dvd03~G53~05~05 - Sapphire}
sapphire1005.jpg,130645,c78d82d8,\Gallery 53\05 - Sapphire\,{Shemale Yum Dvd03~G53~05~05 - Sapphire}
sapphire1006.jpg,129575,15d1449c,\Gallery 53\05 - Sapphire\,{Shemale Yum Dvd03~G53~05~05 - Sapphire}
sapphire1007.jpg,131884,e8a43527,\Gallery 53\05 - Sapphire\,{Shemale Yum Dvd03~G53~05~05 - Sapphire}
sapphire1012.jpg,134672,53fa5b32,\Gallery 53\05 - Sapphire\,{Shemale Yum Dvd03~G53~05~05 - Sapphire}
sapphire1014.jpg,140438,e7030a4a,\Gallery 53\05 - Sapphire\,{Shemale Yum Dvd03~G53~05~05 - Sapphire}
sapphire1015.jpg,119782,c2b22e34,\Gallery 53\05 - Sapphire\,{Shemale Yum Dvd03~G53~05~05 - Sapphire}
sapphire1016.jpg,116075,c3d981a4,\Gallery 53\05 - Sapphire\,{Shemale Yum Dvd03~G53~05~05 - Sapphire}
sapphire1017.jpg,107354,a3874c55,\Gallery 53\05 - Sapphire\,{Shemale Yum Dvd03~G53~05~05 - Sapphire}
sapphire1018.jpg,123739,2c1e3cfc,\Gallery 53\05 - Sapphire\,{Shemale Yum Dvd03~G53~05~05 - Sapphire}
sapphire1019.jpg,121497,534e1f5b,\Gallery 53\05 - Sapphire\,{Shemale Yum Dvd03~G53~05~05 - Sapphire}
sapphire1020.jpg,121103,e2d30691,\Gallery 53\05 - Sapphire\,{Shemale Yum Dvd03~G53~05~05 - Sapphire}
sapphire1021.jpg,131582,43174b1f,\Gallery 53\05 - Sapphire\,{Shemale Yum Dvd03~G53~05~05 - Sapphire}
sapphire1022.jpg,123047,215c607e,\Gallery 53\05 - Sapphire\,{Shemale Yum Dvd03~G53~05~05 - Sapphire}
sapphire1023.jpg,121808,3a64af63,\Gallery 53\05 - Sapphire\,{Shemale Yum Dvd03~G53~05~05 - Sapphire}
sapphire1024.jpg,137515,4f2e21f9,\Gallery 53\05 - Sapphire\,{Shemale Yum Dvd03~G53~05~05 - Sapphire}
sapphire1025.jpg,127743,fb5ca02d,\Gallery 53\05 - Sapphire\,{Shemale Yum Dvd03~G53~05~05 - Sapphire}
sapphire1026.jpg,105154,fa22055b,\Gallery 53\05 - Sapphire\,{Shemale Yum Dvd03~G53~05~05 - Sapphire}
sapphire1027.jpg,113609,4afb1e7a,\Gallery 53\05 - Sapphire\,{Shemale Yum Dvd03~G53~05~05 - Sapphire}
sapphire1028.jpg,122221,58e39c19,\Gallery 53\05 - Sapphire\,{Shemale Yum Dvd03~G53~05~05 - Sapphire}
sapphire1029.jpg,125939,de4cdee7,\Gallery 53\05 - Sapphire\,{Shemale Yum Dvd03~G53~05~05 - Sapphire}
sapphire1030.jpg,108790,b65470fb,\Gallery 53\05 - Sapphire\,{Shemale Yum Dvd03~G53~05~05 - Sapphire}
sapphire1031.jpg,118044,c3b56c04,\Gallery 53\05 - Sapphire\,{Shemale Yum Dvd03~G53~05~05 - Sapphire}
sapphire1032.jpg,103271,3a6178e1,\Gallery 53\05 - Sapphire\,{Shemale Yum Dvd03~G53~05~05 - Sapphire}
sapphire1033.jpg,125851,c774f123,\Gallery 53\05 - Sapphire\,{Shemale Yum Dvd03~G53~05~05 - Sapphire}
sapphire1034.jpg,116067,dca47b02,\Gallery 53\05 - Sapphire\,{Shemale Yum Dvd03~G53~05~05 - Sapphire}
sapphire1035.jpg,112772,71d75bc9,\Gallery 53\05 - Sapphire\,{Shemale Yum Dvd03~G53~05~05 - Sapphire}
sapphire1036.jpg,125236,478ae362,\Gallery 53\05 - Sapphire\,{Shemale Yum Dvd03~G53~05~05 - Sapphire}
sapphire1037.jpg,113100,4c3d2fea,\Gallery 53\05 - Sapphire\,{Shemale Yum Dvd03~G53~05~05 - Sapphire}
sapphire1038.jpg,124807,0733c182,\Gallery 53\05 - Sapphire\,{Shemale Yum Dvd03~G53~05~05 - Sapphire}
sapphire1039.jpg,119229,4263ed15,\Gallery 53\05 - Sapphire\,{Shemale Yum Dvd03~G53~05~05 - Sapphire}
sapphire1040.jpg,120816,8c8cf8bf,\Gallery 53\05 - Sapphire\,{Shemale Yum Dvd03~G53~05~05 - Sapphire}
sapphire1041.jpg,116518,1562db5f,\Gallery 53\05 - Sapphire\,{Shemale Yum Dvd03~G53~05~05 - Sapphire}
sapphire1042.jpg,134274,e90e7aa6,\Gallery 53\05 - Sapphire\,{Shemale Yum Dvd03~G53~05~05 - Sapphire}
sapphire1043.jpg,126297,92c081d5,\Gallery 53\05 - Sapphire\,{Shemale Yum Dvd03~G53~05~05 - Sapphire}
sapphire1044.jpg,121376,14702735,\Gallery 53\05 - Sapphire\,{Shemale Yum Dvd03~G53~05~05 - Sapphire}
sapphire1045.jpg,105168,6640add8,\Gallery 53\05 - Sapphire\,{Shemale Yum Dvd03~G53~05~05 - Sapphire}
sapphire1046.jpg,120107,cd7e1980,\Gallery 53\05 - Sapphire\,{Shemale Yum Dvd03~G53~05~05 - Sapphire}
sapphire1047.jpg,120175,0b67c577,\Gallery 53\05 - Sapphire\,{Shemale Yum Dvd03~G53~05~05 - Sapphire}
sapphire1048.jpg,115986,501c5a39,\Gallery 53\05 - Sapphire\,{Shemale Yum Dvd03~G53~05~05 - Sapphire}
sapphire1049.jpg,118035,fad24127,\Gallery 53\05 - Sapphire\,{Shemale Yum Dvd03~G53~05~05 - Sapphire}
sapphire1050.jpg,112896,3976abe8,\Gallery 53\05 - Sapphire\,{Shemale Yum Dvd03~G53~05~05 - Sapphire}
sapphire1051.jpg,98009,b284a45a,\Gallery 53\05 - Sapphire\,{Shemale Yum Dvd03~G53~05~05 - Sapphire}
sapphire1052.jpg,105249,663c5bf3,\Gallery 53\05 - Sapphire\,{Shemale Yum Dvd03~G53~05~05 - Sapphire}
sapphire1053.jpg,101532,836869b4,\Gallery 53\05 - Sapphire\,{Shemale Yum Dvd03~G53~05~05 - Sapphire}
sapphire1054.jpg,115869,34ca1063,\Gallery 53\05 - Sapphire\,{Shemale Yum Dvd03~G53~05~05 - Sapphire}
sapphire1055.jpg,139597,d16b0022,\Gallery 53\05 - Sapphire\,{Shemale Yum Dvd03~G53~05~05 - Sapphire}
sapphire1056.jpg,104476,5a7acae5,\Gallery 53\05 - Sapphire\,{Shemale Yum Dvd03~G53~05~05 - Sapphire}
sapphire1057.jpg,99360,1cf29e35,\Gallery 53\05 - Sapphire\,{Shemale Yum Dvd03~G53~05~05 - Sapphire}
sapphire1058.jpg,99878,0dc530cf,\Gallery 53\05 - Sapphire\,{Shemale Yum Dvd03~G53~05~05 - Sapphire}
sapphire1059.jpg,105243,f5141649,\Gallery 53\05 - Sapphire\,{Shemale Yum Dvd03~G53~05~05 - Sapphire}
sapphire1060.jpg,95061,e8525418,\Gallery 53\05 - Sapphire\,{Shemale Yum Dvd03~G53~05~05 - Sapphire}
sapphire1061.jpg,100623,dce57887,\Gallery 53\05 - Sapphire\,{Shemale Yum Dvd03~G53~05~05 - Sapphire}
sapphire1062.jpg,110257,eefd6615,\Gallery 53\05 - Sapphire\,{Shemale Yum Dvd03~G53~05~05 - Sapphire}
sapphire1063.jpg,107212,d33b34b7,\Gallery 53\05 - Sapphire\,{Shemale Yum Dvd03~G53~05~05 - Sapphire}
sapphire1064.jpg,109777,f0c67c01,\Gallery 53\05 - Sapphire\,{Shemale Yum Dvd03~G53~05~05 - Sapphire}
sapphire1065.jpg,99569,83ac0f9e,\Gallery 53\05 - Sapphire\,{Shemale Yum Dvd03~G53~05~05 - Sapphire}
sapphire1066.jpg,111534,e7a81118,\Gallery 53\05 - Sapphire\,{Shemale Yum Dvd03~G53~05~05 - Sapphire}
sapphire1067.jpg,99446,f113953c,\Gallery 53\05 - Sapphire\,{Shemale Yum Dvd03~G53~05~05 - Sapphire}
sapphire1068.jpg,103412,b6132970,\Gallery 53\05 - Sapphire\,{Shemale Yum Dvd03~G53~05~05 - Sapphire}
sapphire1069.jpg,119958,4adbc2b4,\Gallery 53\05 - Sapphire\,{Shemale Yum Dvd03~G53~05~05 - Sapphire}
sapphire1071.jpg,105182,3f36027d,\Gallery 53\05 - Sapphire\,{Shemale Yum Dvd03~G53~05~05 - Sapphire}
sapphire1072.jpg,111965,369636e6,\Gallery 53\05 - Sapphire\,{Shemale Yum Dvd03~G53~05~05 - Sapphire}
sapphire1073.jpg,101790,888552f7,\Gallery 53\05 - Sapphire\,{Shemale Yum Dvd03~G53~05~05 - Sapphire}
sapphire1074.jpg,98770,8ee7f556,\Gallery 53\05 - Sapphire\,{Shemale Yum Dvd03~G53~05~05 - Sapphire}
sapphire1075.jpg,104893,ead76f86,\Gallery 53\05 - Sapphire\,{Shemale Yum Dvd03~G53~05~05 - Sapphire}
sapphire1076.jpg,101278,958864bd,\Gallery 53\05 - Sapphire\,{Shemale Yum Dvd03~G53~05~05 - Sapphire}
sapphire1077.jpg,103521,76bff2e9,\Gallery 53\05 - Sapphire\,{Shemale Yum Dvd03~G53~05~05 - Sapphire}
sapphire1078.jpg,102578,04e1cb97,\Gallery 53\05 - Sapphire\,{Shemale Yum Dvd03~G53~05~05 - Sapphire}
sapphire1079.jpg,110984,3f37c9de,\Gallery 53\05 - Sapphire\,{Shemale Yum Dvd03~G53~05~05 - Sapphire}
sapphire1080.jpg,112159,449b7fc2,\Gallery 53\05 - Sapphire\,{Shemale Yum Dvd03~G53~05~05 - Sapphire}
sapphire1081.jpg,111252,45442afc,\Gallery 53\05 - Sapphire\,{Shemale Yum Dvd03~G53~05~05 - Sapphire}
sapphire1082.jpg,101612,07de47d8,\Gallery 53\05 - Sapphire\,{Shemale Yum Dvd03~G53~05~05 - Sapphire}
sapphire1083.jpg,111903,7bfcc633,\Gallery 53\05 - Sapphire\,{Shemale Yum Dvd03~G53~05~05 - Sapphire}
sapphire1084.jpg,114364,4da4784f,\Gallery 53\05 - Sapphire\,{Shemale Yum Dvd03~G53~05~05 - Sapphire}
sapphire1085.jpg,115967,679c18c0,\Gallery 53\05 - Sapphire\,{Shemale Yum Dvd03~G53~05~05 - Sapphire}
sapphire1086.jpg,105545,045138f4,\Gallery 53\05 - Sapphire\,{Shemale Yum Dvd03~G53~05~05 - Sapphire}
sapphire1087.jpg,105267,ebe91dca,\Gallery 53\05 - Sapphire\,{Shemale Yum Dvd03~G53~05~05 - Sapphire}
sapphire1088.jpg,119253,a1e23e0f,\Gallery 53\05 - Sapphire\,{Shemale Yum Dvd03~G53~05~05 - Sapphire}
sapphire1089.jpg,113072,b4eb86fc,\Gallery 53\05 - Sapphire\,{Shemale Yum Dvd03~G53~05~05 - Sapphire}
sapphire1090.jpg,124197,f646c876,\Gallery 53\05 - Sapphire\,{Shemale Yum Dvd03~G53~05~05 - Sapphire}
sapphire1091.jpg,122538,023e9f61,\Gallery 53\05 - Sapphire\,{Shemale Yum Dvd03~G53~05~05 - Sapphire}
sapphire1092.jpg,113581,dd621039,\Gallery 53\05 - Sapphire\,{Shemale Yum Dvd03~G53~05~05 - Sapphire}
sapphire1093.jpg,116589,f1cc0599,\Gallery 53\05 - Sapphire\,{Shemale Yum Dvd03~G53~05~05 - Sapphire}
sapphire1094.jpg,120636,cf374439,\Gallery 53\05 - Sapphire\,{Shemale Yum Dvd03~G53~05~05 - Sapphire}
sapphire1095.jpg,107009,73b687dd,\Gallery 53\05 - Sapphire\,{Shemale Yum Dvd03~G53~05~05 - Sapphire}
sapphire1096.jpg,120925,3d853208,\Gallery 53\05 - Sapphire\,{Shemale Yum Dvd03~G53~05~05 - Sapphire}
sapphire1097.jpg,124403,646644c2,\Gallery 53\05 - Sapphire\,{Shemale Yum Dvd03~G53~05~05 - Sapphire}
sapphire1098.jpg,129403,048a805f,\Gallery 53\05 - Sapphire\,{Shemale Yum Dvd03~G53~05~05 - Sapphire}
sapphire1099.jpg,114290,ebb7a00b,\Gallery 53\05 - Sapphire\,{Shemale Yum Dvd03~G53~05~05 - Sapphire}
sapphire1100.jpg,116170,9dfdcd81,\Gallery 53\05 - Sapphire\,{Shemale Yum Dvd03~G53~05~05 - Sapphire}
sapphire1101.jpg,130515,579107dd,\Gallery 53\05 - Sapphire\,{Shemale Yum Dvd03~G53~05~05 - Sapphire}
sapphire1102.jpg,119176,4707242a,\Gallery 53\05 - Sapphire\,{Shemale Yum Dvd03~G53~05~05 - Sapphire}
sapphire1103.jpg,118457,b2a25dc2,\Gallery 53\05 - Sapphire\,{Shemale Yum Dvd03~G53~05~05 - Sapphire}
sapphire1104.jpg,113868,07702e1c,\Gallery 53\05 - Sapphire\,{Shemale Yum Dvd03~G53~05~05 - Sapphire}
sapphire1105.jpg,118573,b1b4db3f,\Gallery 53\05 - Sapphire\,{Shemale Yum Dvd03~G53~05~05 - Sapphire}
sapphire1106.jpg,118391,84b04b53,\Gallery 53\05 - Sapphire\,{Shemale Yum Dvd03~G53~05~05 - Sapphire}
sapphire1107.jpg,121770,4883d2b8,\Gallery 53\05 - Sapphire\,{Shemale Yum Dvd03~G53~05~05 - Sapphire}
sapphire1108.jpg,106382,c73c2001,\Gallery 53\05 - Sapphire\,{Shemale Yum Dvd03~G53~05~05 - Sapphire}
sapphire1109.jpg,116012,eb104c52,\Gallery 53\05 - Sapphire\,{Shemale Yum Dvd03~G53~05~05 - Sapphire}
sapphire1110.jpg,118893,65b230e4,\Gallery 53\05 - Sapphire\,{Shemale Yum Dvd03~G53~05~05 - Sapphire}
sapphire1111.jpg,123830,afe63172,\Gallery 53\05 - Sapphire\,{Shemale Yum Dvd03~G53~05~05 - Sapphire}
sapphire1112.jpg,116461,d4052702,\Gallery 53\05 - Sapphire\,{Shemale Yum Dvd03~G53~05~05 - Sapphire}
sapphire1113.jpg,124539,a6ffa723,\Gallery 53\05 - Sapphire\,{Shemale Yum Dvd03~G53~05~05 - Sapphire}
sapphire1114.jpg,141962,b9c93d6f,\Gallery 53\05 - Sapphire\,{Shemale Yum Dvd03~G53~05~05 - Sapphire}
sapphire1115.jpg,111572,3783ab27,\Gallery 53\05 - Sapphire\,{Shemale Yum Dvd03~G53~05~05 - Sapphire}
sapphire1116.jpg,127416,a8d826c0,\Gallery 53\05 - Sapphire\,{Shemale Yum Dvd03~G53~05~05 - Sapphire}
sapphire1117.jpg,126671,03f6645a,\Gallery 53\05 - Sapphire\,{Shemale Yum Dvd03~G53~05~05 - Sapphire}
sapphire1118.jpg,117080,69a86734,\Gallery 53\05 - Sapphire\,{Shemale Yum Dvd03~G53~05~05 - Sapphire}
sapphire1119.jpg,125051,d043944d,\Gallery 53\05 - Sapphire\,{Shemale Yum Dvd03~G53~05~05 - Sapphire}
sapphire1120.jpg,126344,87ef172c,\Gallery 53\05 - Sapphire\,{Shemale Yum Dvd03~G53~05~05 - Sapphire}
sapphire1121.jpg,117501,c67d6cdd,\Gallery 53\05 - Sapphire\,{Shemale Yum Dvd03~G53~05~05 - Sapphire}
sapphire1122.jpg,117120,9ce71886,\Gallery 53\05 - Sapphire\,{Shemale Yum Dvd03~G53~05~05 - Sapphire}
sapphire1123.jpg,132853,12b938b6,\Gallery 53\05 - Sapphire\,{Shemale Yum Dvd03~G53~05~05 - Sapphire}
sapphire1124.jpg,131043,de4bbcd7,\Gallery 53\05 - Sapphire\,{Shemale Yum Dvd03~G53~05~05 - Sapphire}
sapphire1125.jpg,123980,2f93d622,\Gallery 53\05 - Sapphire\,{Shemale Yum Dvd03~G53~05~05 - Sapphire}
sapphire1126.jpg,138934,305e3415,\Gallery 53\05 - Sapphire\,{Shemale Yum Dvd03~G53~05~05 - Sapphire}
sapphire1127.jpg,139042,13d32b3e,\Gallery 53\05 - Sapphire\,{Shemale Yum Dvd03~G53~05~05 - Sapphire}
sapphire1128.jpg,130791,44344a49,\Gallery 53\05 - Sapphire\,{Shemale Yum Dvd03~G53~05~05 - Sapphire}
sapphire1129.jpg,129733,c9b370a3,\Gallery 53\05 - Sapphire\,{Shemale Yum Dvd03~G53~05~05 - Sapphire}
sapphire1130.jpg,123343,69bdb83a,\Gallery 53\05 - Sapphire\,{Shemale Yum Dvd03~G53~05~05 - Sapphire}
sapphire1131.jpg,126825,a980395a,\Gallery 53\05 - Sapphire\,{Shemale Yum Dvd03~G53~05~05 - Sapphire}
sapphire1132.jpg,123948,61457d9a,\Gallery 53\05 - Sapphire\,{Shemale Yum Dvd03~G53~05~05 - Sapphire}
sapphire1133.jpg,125283,5ef1e322,\Gallery 53\05 - Sapphire\,{Shemale Yum Dvd03~G53~05~05 - Sapphire}
sapphire1134.jpg,92246,8d0e9e45,\Gallery 53\05 - Sapphire\,{Shemale Yum Dvd03~G53~05~05 - Sapphire}
sapphire1135.jpg,124442,609cd46c,\Gallery 53\05 - Sapphire\,{Shemale Yum Dvd03~G53~05~05 - Sapphire}
sapphire1136.jpg,124993,8179ec3b,\Gallery 53\05 - Sapphire\,{Shemale Yum Dvd03~G53~05~05 - Sapphire}
sapphire1137.jpg,130262,a308d57b,\Gallery 53\05 - Sapphire\,{Shemale Yum Dvd03~G53~05~05 - Sapphire}
sapphire1138.jpg,100269,d54c9187,\Gallery 53\05 - Sapphire\,{Shemale Yum Dvd03~G53~05~05 - Sapphire}
sapphire1139.jpg,126098,4fdb4d70,\Gallery 53\05 - Sapphire\,{Shemale Yum Dvd03~G53~05~05 - Sapphire}
sapphire1140.jpg,123992,edc97265,\Gallery 53\05 - Sapphire\,{Shemale Yum Dvd03~G53~05~05 - Sapphire}
sapphire1141.jpg,119125,f128e2ef,\Gallery 53\05 - Sapphire\,{Shemale Yum Dvd03~G53~05~05 - Sapphire}
sapphire1142.jpg,118989,433256b5,\Gallery 53\05 - Sapphire\,{Shemale Yum Dvd03~G53~05~05 - Sapphire}
sapphire1143.jpg,123452,43741327,\Gallery 53\05 - Sapphire\,{Shemale Yum Dvd03~G53~05~05 - Sapphire}
sapphire1144.jpg,123275,ead5242b,\Gallery 53\05 - Sapphire\,{Shemale Yum Dvd03~G53~05~05 - Sapphire}
sapphire2001.jpg,175610,57add885,\Gallery 53\05 - Sapphire (2)\,{Shemale Yum Dvd03~G53~05-2~05 - Sapphire (2)}
sapphire2002.jpg,180725,3a6a24d1,\Gallery 53\05 - Sapphire (2)\,{Shemale Yum Dvd03~G53~05-2~05 - Sapphire (2)}
sapphire2003.jpg,143488,f7b7021f,\Gallery 53\05 - Sapphire (2)\,{Shemale Yum Dvd03~G53~05-2~05 - Sapphire (2)}
sapphire2004.jpg,181030,5e48561f,\Gallery 53\05 - Sapphire (2)\,{Shemale Yum Dvd03~G53~05-2~05 - Sapphire (2)}
sapphire2006.jpg,170600,386164c5,\Gallery 53\05 - Sapphire (2)\,{Shemale Yum Dvd03~G53~05-2~05 - Sapphire (2)}
sapphire2007.jpg,164252,8446f5e0,\Gallery 53\05 - Sapphire (2)\,{Shemale Yum Dvd03~G53~05-2~05 - Sapphire (2)}
sapphire2008.jpg,214963,f980300c,\Gallery 53\05 - Sapphire (2)\,{Shemale Yum Dvd03~G53~05-2~05 - Sapphire (2)}
sapphire2009.jpg,158308,deae5340,\Gallery 53\05 - Sapphire (2)\,{Shemale Yum Dvd03~G53~05-2~05 - Sapphire (2)}
sapphire2010.jpg,164788,d4c53ed5,\Gallery 53\05 - Sapphire (2)\,{Shemale Yum Dvd03~G53~05-2~05 - Sapphire (2)}
sapphire2011.jpg,164079,ec8112fa,\Gallery 53\05 - Sapphire (2)\,{Shemale Yum Dvd03~G53~05-2~05 - Sapphire (2)}
sapphire2013.jpg,150643,16e6d661,\Gallery 53\05 - Sapphire (2)\,{Shemale Yum Dvd03~G53~05-2~05 - Sapphire (2)}
sapphire2015.jpg,159177,088da873,\Gallery 53\05 - Sapphire (2)\,{Shemale Yum Dvd03~G53~05-2~05 - Sapphire (2)}
sapphire2016.jpg,150430,7ef04b56,\Gallery 53\05 - Sapphire (2)\,{Shemale Yum Dvd03~G53~05-2~05 - Sapphire (2)}
sapphire2017.jpg,156163,e2ee2510,\Gallery 53\05 - Sapphire (2)\,{Shemale Yum Dvd03~G53~05-2~05 - Sapphire (2)}
sapphire2018.jpg,154011,3a17a1d1,\Gallery 53\05 - Sapphire (2)\,{Shemale Yum Dvd03~G53~05-2~05 - Sapphire (2)}
sapphire2019.jpg,159290,849229db,\Gallery 53\05 - Sapphire (2)\,{Shemale Yum Dvd03~G53~05-2~05 - Sapphire (2)}
sapphire2020.jpg,136148,2dfb1597,\Gallery 53\05 - Sapphire (2)\,{Shemale Yum Dvd03~G53~05-2~05 - Sapphire (2)}
sapphire2021.jpg,143139,5210ec26,\Gallery 53\05 - Sapphire (2)\,{Shemale Yum Dvd03~G53~05-2~05 - Sapphire (2)}
sapphire2022.jpg,144699,5b0dc1bc,\Gallery 53\05 - Sapphire (2)\,{Shemale Yum Dvd03~G53~05-2~05 - Sapphire (2)}
sapphire2023.jpg,139167,98087685,\Gallery 53\05 - Sapphire (2)\,{Shemale Yum Dvd03~G53~05-2~05 - Sapphire (2)}
sapphire2024.jpg,145819,4b7cadcd,\Gallery 53\05 - Sapphire (2)\,{Shemale Yum Dvd03~G53~05-2~05 - Sapphire (2)}
sapphire2025.jpg,141446,43abc553,\Gallery 53\05 - Sapphire (2)\,{Shemale Yum Dvd03~G53~05-2~05 - Sapphire (2)}
sapphire2027.jpg,139437,5b1f5f58,\Gallery 53\05 - Sapphire (2)\,{Shemale Yum Dvd03~G53~05-2~05 - Sapphire (2)}
sapphire2029.jpg,126092,8d9a44e0,\Gallery 53\05 - Sapphire (2)\,{Shemale Yum Dvd03~G53~05-2~05 - Sapphire (2)}
sapphire2030.jpg,133456,3b77a497,\Gallery 53\05 - Sapphire (2)\,{Shemale Yum Dvd03~G53~05-2~05 - Sapphire (2)}
sapphire2031.jpg,124857,f3434656,\Gallery 53\05 - Sapphire (2)\,{Shemale Yum Dvd03~G53~05-2~05 - Sapphire (2)}
sapphire2032.jpg,118985,d6d0ca35,\Gallery 53\05 - Sapphire (2)\,{Shemale Yum Dvd03~G53~05-2~05 - Sapphire (2)}
sapphire2033.jpg,119504,90e32fd2,\Gallery 53\05 - Sapphire (2)\,{Shemale Yum Dvd03~G53~05-2~05 - Sapphire (2)}
sapphire2034.jpg,124826,7f054c56,\Gallery 53\05 - Sapphire (2)\,{Shemale Yum Dvd03~G53~05-2~05 - Sapphire (2)}
sapphire2035.jpg,138391,fea08935,\Gallery 53\05 - Sapphire (2)\,{Shemale Yum Dvd03~G53~05-2~05 - Sapphire (2)}
sapphire2036.jpg,155964,3daa35c9,\Gallery 53\05 - Sapphire (2)\,{Shemale Yum Dvd03~G53~05-2~05 - Sapphire (2)}
sapphire2037.jpg,161940,6bcb114a,\Gallery 53\05 - Sapphire (2)\,{Shemale Yum Dvd03~G53~05-2~05 - Sapphire (2)}
sapphire2038.jpg,157773,d90ab041,\Gallery 53\05 - Sapphire (2)\,{Shemale Yum Dvd03~G53~05-2~05 - Sapphire (2)}
sapphire2039.jpg,197667,83cac731,\Gallery 53\05 - Sapphire (2)\,{Shemale Yum Dvd03~G53~05-2~05 - Sapphire (2)}
sapphire2040.jpg,195811,a2030e4f,\Gallery 53\05 - Sapphire (2)\,{Shemale Yum Dvd03~G53~05-2~05 - Sapphire (2)}
sapphire2042.jpg,122918,8837099f,\Gallery 53\05 - Sapphire (2)\,{Shemale Yum Dvd03~G53~05-2~05 - Sapphire (2)}
sapphire2043.jpg,170698,76dfbab1,\Gallery 53\05 - Sapphire (2)\,{Shemale Yum Dvd03~G53~05-2~05 - Sapphire (2)}
sapphire2044.jpg,201552,ba1b51e3,\Gallery 53\05 - Sapphire (2)\,{Shemale Yum Dvd03~G53~05-2~05 - Sapphire (2)}
sapphire2045.jpg,207492,8567bfcf,\Gallery 53\05 - Sapphire (2)\,{Shemale Yum Dvd03~G53~05-2~05 - Sapphire (2)}
sapphire2048.jpg,192531,0be57134,\Gallery 53\05 - Sapphire (2)\,{Shemale Yum Dvd03~G53~05-2~05 - Sapphire (2)}
sapphire2049.jpg,129285,1d014b35,\Gallery 53\05 - Sapphire (2)\,{Shemale Yum Dvd03~G53~05-2~05 - Sapphire (2)}
sapphire2052.jpg,124032,892a3bf9,\Gallery 53\05 - Sapphire (2)\,{Shemale Yum Dvd03~G53~05-2~05 - Sapphire (2)}
sapphire2053.jpg,163961,e0987c8c,\Gallery 53\05 - Sapphire (2)\,{Shemale Yum Dvd03~G53~05-2~05 - Sapphire (2)}
sapphire2054.jpg,154524,0fc70242,\Gallery 53\05 - Sapphire (2)\,{Shemale Yum Dvd03~G53~05-2~05 - Sapphire (2)}
sapphire2055.jpg,166362,af4309b5,\Gallery 53\05 - Sapphire (2)\,{Shemale Yum Dvd03~G53~05-2~05 - Sapphire (2)}
sapphire2056.jpg,189308,12544afc,\Gallery 53\05 - Sapphire (2)\,{Shemale Yum Dvd03~G53~05-2~05 - Sapphire (2)}
sapphire2057.jpg,161101,e18a2993,\Gallery 53\05 - Sapphire (2)\,{Shemale Yum Dvd03~G53~05-2~05 - Sapphire (2)}
sapphire2058.jpg,165721,7a3787e1,\Gallery 53\05 - Sapphire (2)\,{Shemale Yum Dvd03~G53~05-2~05 - Sapphire (2)}
sapphire2059.jpg,149003,6ac1e3cf,\Gallery 53\05 - Sapphire (2)\,{Shemale Yum Dvd03~G53~05-2~05 - Sapphire (2)}
sapphire2060.jpg,145319,6dcae806,\Gallery 53\05 - Sapphire (2)\,{Shemale Yum Dvd03~G53~05-2~05 - Sapphire (2)}
sapphire2061.jpg,152013,e4606fdb,\Gallery 53\05 - Sapphire (2)\,{Shemale Yum Dvd03~G53~05-2~05 - Sapphire (2)}
sapphire2062.jpg,181892,4b3cecda,\Gallery 53\05 - Sapphire (2)\,{Shemale Yum Dvd03~G53~05-2~05 - Sapphire (2)}
sapphire2063.jpg,177320,b6536b48,\Gallery 53\05 - Sapphire (2)\,{Shemale Yum Dvd03~G53~05-2~05 - Sapphire (2)}
sapphire2064.jpg,180028,4c04b3ba,\Gallery 53\05 - Sapphire (2)\,{Shemale Yum Dvd03~G53~05-2~05 - Sapphire (2)}
sapphire2065.jpg,181774,02317d89,\Gallery 53\05 - Sapphire (2)\,{Shemale Yum Dvd03~G53~05-2~05 - Sapphire (2)}
sapphire2066.jpg,144756,4daff6dd,\Gallery 53\05 - Sapphire (2)\,{Shemale Yum Dvd03~G53~05-2~05 - Sapphire (2)}
sapphire2067.jpg,135312,436d846b,\Gallery 53\05 - Sapphire (2)\,{Shemale Yum Dvd03~G53~05-2~05 - Sapphire (2)}
sapphire2068.jpg,131917,2e342641,\Gallery 53\05 - Sapphire (2)\,{Shemale Yum Dvd03~G53~05-2~05 - Sapphire (2)}
sapphire2069.jpg,154121,26d23582,\Gallery 53\05 - Sapphire (2)\,{Shemale Yum Dvd03~G53~05-2~05 - Sapphire (2)}
sapphire2070.jpg,160129,e7cef9b5,\Gallery 53\05 - Sapphire (2)\,{Shemale Yum Dvd03~G53~05-2~05 - Sapphire (2)}
sapphire2071.jpg,157530,31306b19,\Gallery 53\05 - Sapphire (2)\,{Shemale Yum Dvd03~G53~05-2~05 - Sapphire (2)}
sapphire2072.jpg,153718,9f794654,\Gallery 53\05 - Sapphire (2)\,{Shemale Yum Dvd03~G53~05-2~05 - Sapphire (2)}
sapphire2073.jpg,150024,c7ef18a7,\Gallery 53\05 - Sapphire (2)\,{Shemale Yum Dvd03~G53~05-2~05 - Sapphire (2)}
sapphire2074.jpg,165316,24c15551,\Gallery 53\05 - Sapphire (2)\,{Shemale Yum Dvd03~G53~05-2~05 - Sapphire (2)}
sapphire2075.jpg,153168,a4b5c94f,\Gallery 53\05 - Sapphire (2)\,{Shemale Yum Dvd03~G53~05-2~05 - Sapphire (2)}
sapphire2076.jpg,144181,218db3c5,\Gallery 53\05 - Sapphire (2)\,{Shemale Yum Dvd03~G53~05-2~05 - Sapphire (2)}
sapphire2077.jpg,117785,bc45f9df,\Gallery 53\05 - Sapphire (2)\,{Shemale Yum Dvd03~G53~05-2~05 - Sapphire (2)}
sapphire2078.jpg,159398,d16c13ea,\Gallery 53\05 - Sapphire (2)\,{Shemale Yum Dvd03~G53~05-2~05 - Sapphire (2)}
sapphire2079.jpg,146276,2ea1dd89,\Gallery 53\05 - Sapphire (2)\,{Shemale Yum Dvd03~G53~05-2~05 - Sapphire (2)}
sapphire2080.jpg,131674,9c03b527,\Gallery 53\05 - Sapphire (2)\,{Shemale Yum Dvd03~G53~05-2~05 - Sapphire (2)}
sapphire2081.jpg,117696,8339cdef,\Gallery 53\05 - Sapphire (2)\,{Shemale Yum Dvd03~G53~05-2~05 - Sapphire (2)}
sapphire2082.jpg,135784,ec70a8c2,\Gallery 53\05 - Sapphire (2)\,{Shemale Yum Dvd03~G53~05-2~05 - Sapphire (2)}
sapphire2083.jpg,151262,3c46c9b9,\Gallery 53\05 - Sapphire (2)\,{Shemale Yum Dvd03~G53~05-2~05 - Sapphire (2)}
sapphire2084.jpg,154517,bba538d5,\Gallery 53\05 - Sapphire (2)\,{Shemale Yum Dvd03~G53~05-2~05 - Sapphire (2)}
sapphire2085.jpg,163899,cbac6460,\Gallery 53\05 - Sapphire (2)\,{Shemale Yum Dvd03~G53~05-2~05 - Sapphire (2)}
sapphire2086.jpg,161826,1e60394e,\Gallery 53\05 - Sapphire (2)\,{Shemale Yum Dvd03~G53~05-2~05 - Sapphire (2)}
sapphire2087.jpg,151180,9b7ad479,\Gallery 53\05 - Sapphire (2)\,{Shemale Yum Dvd03~G53~05-2~05 - Sapphire (2)}
sapphire2088.jpg,155646,0b81b6bf,\Gallery 53\05 - Sapphire (2)\,{Shemale Yum Dvd03~G53~05-2~05 - Sapphire (2)}
sapphire2089.jpg,155945,0a36a695,\Gallery 53\05 - Sapphire (2)\,{Shemale Yum Dvd03~G53~05-2~05 - Sapphire (2)}
sapphire2090.jpg,157271,ae03b77e,\Gallery 53\05 - Sapphire (2)\,{Shemale Yum Dvd03~G53~05-2~05 - Sapphire (2)}
sapphire2091.jpg,157617,4d5635c4,\Gallery 53\05 - Sapphire (2)\,{Shemale Yum Dvd03~G53~05-2~05 - Sapphire (2)}
sapphire2092.jpg,162247,70b4118e,\Gallery 53\05 - Sapphire (2)\,{Shemale Yum Dvd03~G53~05-2~05 - Sapphire (2)}
sapphire2093.jpg,151650,db3acae6,\Gallery 53\05 - Sapphire (2)\,{Shemale Yum Dvd03~G53~05-2~05 - Sapphire (2)}
sapphire2094.jpg,147767,16e920b6,\Gallery 53\05 - Sapphire (2)\,{Shemale Yum Dvd03~G53~05-2~05 - Sapphire (2)}
sapphire2095.jpg,148598,d396e6f9,\Gallery 53\05 - Sapphire (2)\,{Shemale Yum Dvd03~G53~05-2~05 - Sapphire (2)}
sapphire2096.jpg,152618,5a62a159,\Gallery 53\05 - Sapphire (2)\,{Shemale Yum Dvd03~G53~05-2~05 - Sapphire (2)}
sapphire2097.jpg,161641,6b17dba2,\Gallery 53\05 - Sapphire (2)\,{Shemale Yum Dvd03~G53~05-2~05 - Sapphire (2)}
sapphire2098.jpg,152527,8ddacda0,\Gallery 53\05 - Sapphire (2)\,{Shemale Yum Dvd03~G53~05-2~05 - Sapphire (2)}
sapphire2099.jpg,150820,1a2c4b59,\Gallery 53\05 - Sapphire (2)\,{Shemale Yum Dvd03~G53~05-2~05 - Sapphire (2)}
sapphire2100.jpg,150262,b5ccd3a1,\Gallery 53\05 - Sapphire (2)\,{Shemale Yum Dvd03~G53~05-2~05 - Sapphire (2)}
sapphire2101.jpg,148304,babbc5cb,\Gallery 53\05 - Sapphire (2)\,{Shemale Yum Dvd03~G53~05-2~05 - Sapphire (2)}
sapphire2102.jpg,149822,11f522a1,\Gallery 53\05 - Sapphire (2)\,{Shemale Yum Dvd03~G53~05-2~05 - Sapphire (2)}
sapphire2103.jpg,157187,b8e42f36,\Gallery 53\05 - Sapphire (2)\,{Shemale Yum Dvd03~G53~05-2~05 - Sapphire (2)}
sapphire2104.jpg,161812,46bb12db,\Gallery 53\05 - Sapphire (2)\,{Shemale Yum Dvd03~G53~05-2~05 - Sapphire (2)}
sapphire2105.jpg,158566,37d9d138,\Gallery 53\05 - Sapphire (2)\,{Shemale Yum Dvd03~G53~05-2~05 - Sapphire (2)}
sapphire2106.jpg,156470,3c3f225c,\Gallery 53\05 - Sapphire (2)\,{Shemale Yum Dvd03~G53~05-2~05 - Sapphire (2)}
sapphire2107.jpg,159016,0776a0e2,\Gallery 53\05 - Sapphire (2)\,{Shemale Yum Dvd03~G53~05-2~05 - Sapphire (2)}
sapphire2108.jpg,155540,87f6a2a9,\Gallery 53\05 - Sapphire (2)\,{Shemale Yum Dvd03~G53~05-2~05 - Sapphire (2)}
sapphire2109.jpg,150906,6ee7e0a9,\Gallery 53\05 - Sapphire (2)\,{Shemale Yum Dvd03~G53~05-2~05 - Sapphire (2)}
sapphire2110.jpg,162171,f145c0c9,\Gallery 53\05 - Sapphire (2)\,{Shemale Yum Dvd03~G53~05-2~05 - Sapphire (2)}
sapphire2111.jpg,153169,89efdefc,\Gallery 53\05 - Sapphire (2)\,{Shemale Yum Dvd03~G53~05-2~05 - Sapphire (2)}
sapphire2112.jpg,156200,dba7a552,\Gallery 53\05 - Sapphire (2)\,{Shemale Yum Dvd03~G53~05-2~05 - Sapphire (2)}
sapphire2114.jpg,166544,b94638eb,\Gallery 53\05 - Sapphire (2)\,{Shemale Yum Dvd03~G53~05-2~05 - Sapphire (2)}
sapphire2115.jpg,151787,474848bf,\Gallery 53\05 - Sapphire (2)\,{Shemale Yum Dvd03~G53~05-2~05 - Sapphire (2)}
sapphire2117.jpg,152866,0b9f0f4b,\Gallery 53\05 - Sapphire (2)\,{Shemale Yum Dvd03~G53~05-2~05 - Sapphire (2)}
sapphire2118.jpg,209060,5255cbaa,\Gallery 53\05 - Sapphire (2)\,{Shemale Yum Dvd03~G53~05-2~05 - Sapphire (2)}
sapphire2119.jpg,215864,5c356b14,\Gallery 53\05 - Sapphire (2)\,{Shemale Yum Dvd03~G53~05-2~05 - Sapphire (2)}
sapphire2120.jpg,209408,e5269e3d,\Gallery 53\05 - Sapphire (2)\,{Shemale Yum Dvd03~G53~05-2~05 - Sapphire (2)}
sapphire2121.jpg,194903,47279f2e,\Gallery 53\05 - Sapphire (2)\,{Shemale Yum Dvd03~G53~05-2~05 - Sapphire (2)}
sapphire2122.jpg,206169,93f7f8fc,\Gallery 53\05 - Sapphire (2)\,{Shemale Yum Dvd03~G53~05-2~05 - Sapphire (2)}
sapphire2123.jpg,205351,c00da00a,\Gallery 53\05 - Sapphire (2)\,{Shemale Yum Dvd03~G53~05-2~05 - Sapphire (2)}
sapphire2124.jpg,204645,e16702fa,\Gallery 53\05 - Sapphire (2)\,{Shemale Yum Dvd03~G53~05-2~05 - Sapphire (2)}
alex001.jpg,116403,6274bd2b,\Gallery 53\06 - Alex\,{Shemale Yum Dvd03~G53~06~06 - Alex}
alex002.jpg,113781,7a07848f,\Gallery 53\06 - Alex\,{Shemale Yum Dvd03~G53~06~06 - Alex}
alex003.jpg,135940,d02808ae,\Gallery 53\06 - Alex\,{Shemale Yum Dvd03~G53~06~06 - Alex}
alex004.jpg,135289,9a6867e0,\Gallery 53\06 - Alex\,{Shemale Yum Dvd03~G53~06~06 - Alex}
alex005.jpg,126574,27b539ad,\Gallery 53\06 - Alex\,{Shemale Yum Dvd03~G53~06~06 - Alex}
alex006.jpg,125280,bf656d74,\Gallery 53\06 - Alex\,{Shemale Yum Dvd03~G53~06~06 - Alex}
alex007.jpg,143278,25d1bb98,\Gallery 53\06 - Alex\,{Shemale Yum Dvd03~G53~06~06 - Alex}
alex008.jpg,129207,23ac341f,\Gallery 53\06 - Alex\,{Shemale Yum Dvd03~G53~06~06 - Alex}
alex009.jpg,128957,28deeb2a,\Gallery 53\06 - Alex\,{Shemale Yum Dvd03~G53~06~06 - Alex}
alex010.jpg,121636,d73ee6df,\Gallery 53\06 - Alex\,{Shemale Yum Dvd03~G53~06~06 - Alex}
alex011.jpg,127988,147d638c,\Gallery 53\06 - Alex\,{Shemale Yum Dvd03~G53~06~06 - Alex}
alex014.jpg,85299,0d379e8d,\Gallery 53\06 - Alex\,{Shemale Yum Dvd03~G53~06~06 - Alex}
alex015.jpg,131859,f497e371,\Gallery 53\06 - Alex\,{Shemale Yum Dvd03~G53~06~06 - Alex}
alex016.jpg,136876,e60582d3,\Gallery 53\06 - Alex\,{Shemale Yum Dvd03~G53~06~06 - Alex}
alex017.jpg,104389,15bb2550,\Gallery 53\06 - Alex\,{Shemale Yum Dvd03~G53~06~06 - Alex}
alex018.jpg,109484,0094b7d6,\Gallery 53\06 - Alex\,{Shemale Yum Dvd03~G53~06~06 - Alex}
alex019.jpg,120474,5392daaf,\Gallery 53\06 - Alex\,{Shemale Yum Dvd03~G53~06~06 - Alex}
alex020.jpg,119248,eda8a273,\Gallery 53\06 - Alex\,{Shemale Yum Dvd03~G53~06~06 - Alex}
alex021.jpg,120900,6c7c1f7a,\Gallery 53\06 - Alex\,{Shemale Yum Dvd03~G53~06~06 - Alex}
alex022.jpg,113529,87ec25c3,\Gallery 53\06 - Alex\,{Shemale Yum Dvd03~G53~06~06 - Alex}
alex023.jpg,107334,1930a311,\Gallery 53\06 - Alex\,{Shemale Yum Dvd03~G53~06~06 - Alex}
alex024.jpg,117497,fc3c28c1,\Gallery 53\06 - Alex\,{Shemale Yum Dvd03~G53~06~06 - Alex}
alex025.jpg,110825,23c750b8,\Gallery 53\06 - Alex\,{Shemale Yum Dvd03~G53~06~06 - Alex}
alex026.jpg,111741,17cd753c,\Gallery 53\06 - Alex\,{Shemale Yum Dvd03~G53~06~06 - Alex}
alex027.jpg,113185,83677999,\Gallery 53\06 - Alex\,{Shemale Yum Dvd03~G53~06~06 - Alex}
alex028.jpg,108368,5e4149f9,\Gallery 53\06 - Alex\,{Shemale Yum Dvd03~G53~06~06 - Alex}
alex029.jpg,126273,71615b59,\Gallery 53\06 - Alex\,{Shemale Yum Dvd03~G53~06~06 - Alex}
alex030.jpg,129625,28fb71d9,\Gallery 53\06 - Alex\,{Shemale Yum Dvd03~G53~06~06 - Alex}
alex031.jpg,133835,d5905ec8,\Gallery 53\06 - Alex\,{Shemale Yum Dvd03~G53~06~06 - Alex}
alex032.jpg,142729,1a384e40,\Gallery 53\06 - Alex\,{Shemale Yum Dvd03~G53~06~06 - Alex}
alex034.jpg,128785,160aec1c,\Gallery 53\06 - Alex\,{Shemale Yum Dvd03~G53~06~06 - Alex}
alex035.jpg,130591,91da9ef5,\Gallery 53\06 - Alex\,{Shemale Yum Dvd03~G53~06~06 - Alex}
alex036.jpg,142116,21d0e228,\Gallery 53\06 - Alex\,{Shemale Yum Dvd03~G53~06~06 - Alex}
alex037.jpg,142332,3ae0088a,\Gallery 53\06 - Alex\,{Shemale Yum Dvd03~G53~06~06 - Alex}
alex038.jpg,137359,6e52e8f7,\Gallery 53\06 - Alex\,{Shemale Yum Dvd03~G53~06~06 - Alex}
alex039.jpg,142004,722a3f28,\Gallery 53\06 - Alex\,{Shemale Yum Dvd03~G53~06~06 - Alex}
alex040.jpg,147576,ca88a8c1,\Gallery 53\06 - Alex\,{Shemale Yum Dvd03~G53~06~06 - Alex}
alex041.jpg,136847,c1f20fb8,\Gallery 53\06 - Alex\,{Shemale Yum Dvd03~G53~06~06 - Alex}
alex042.jpg,137572,49aa4bb8,\Gallery 53\06 - Alex\,{Shemale Yum Dvd03~G53~06~06 - Alex}
alex043.jpg,130297,ffa4d51f,\Gallery 53\06 - Alex\,{Shemale Yum Dvd03~G53~06~06 - Alex}
alex045.jpg,134746,c4193e50,\Gallery 53\06 - Alex\,{Shemale Yum Dvd03~G53~06~06 - Alex}
alex046.jpg,128220,7d36e2d0,\Gallery 53\06 - Alex\,{Shemale Yum Dvd03~G53~06~06 - Alex}
alex048.jpg,120410,61296421,\Gallery 53\06 - Alex\,{Shemale Yum Dvd03~G53~06~06 - Alex}
alex049.jpg,123923,bf243ecb,\Gallery 53\06 - Alex\,{Shemale Yum Dvd03~G53~06~06 - Alex}
alex050.jpg,122129,adfc5826,\Gallery 53\06 - Alex\,{Shemale Yum Dvd03~G53~06~06 - Alex}
alex051.jpg,124916,761d3c52,\Gallery 53\06 - Alex\,{Shemale Yum Dvd03~G53~06~06 - Alex}
alex052.jpg,131925,3ec00087,\Gallery 53\06 - Alex\,{Shemale Yum Dvd03~G53~06~06 - Alex}
alex053.jpg,128981,736ea61d,\Gallery 53\06 - Alex\,{Shemale Yum Dvd03~G53~06~06 - Alex}
alex054.jpg,135527,2111149b,\Gallery 53\06 - Alex\,{Shemale Yum Dvd03~G53~06~06 - Alex}
alex055.jpg,139092,671b786a,\Gallery 53\06 - Alex\,{Shemale Yum Dvd03~G53~06~06 - Alex}
alex056.jpg,137542,ba255eb1,\Gallery 53\06 - Alex\,{Shemale Yum Dvd03~G53~06~06 - Alex}
alex057.jpg,137549,10891276,\Gallery 53\06 - Alex\,{Shemale Yum Dvd03~G53~06~06 - Alex}
alex058.jpg,134643,69fa77c3,\Gallery 53\06 - Alex\,{Shemale Yum Dvd03~G53~06~06 - Alex}
alex059.jpg,131518,30e9873e,\Gallery 53\06 - Alex\,{Shemale Yum Dvd03~G53~06~06 - Alex}
alex060.jpg,114684,5189beb0,\Gallery 53\06 - Alex\,{Shemale Yum Dvd03~G53~06~06 - Alex}
alex061.jpg,128097,7b756855,\Gallery 53\06 - Alex\,{Shemale Yum Dvd03~G53~06~06 - Alex}
alex062.jpg,118100,532a734e,\Gallery 53\06 - Alex\,{Shemale Yum Dvd03~G53~06~06 - Alex}
alex063.jpg,118287,2da6bb93,\Gallery 53\06 - Alex\,{Shemale Yum Dvd03~G53~06~06 - Alex}
alex064.jpg,133612,be059a81,\Gallery 53\06 - Alex\,{Shemale Yum Dvd03~G53~06~06 - Alex}
alex065.jpg,131169,4d31b986,\Gallery 53\06 - Alex\,{Shemale Yum Dvd03~G53~06~06 - Alex}
alex066.jpg,131939,6825aecb,\Gallery 53\06 - Alex\,{Shemale Yum Dvd03~G53~06~06 - Alex}
alex067.jpg,135006,d4393e4d,\Gallery 53\06 - Alex\,{Shemale Yum Dvd03~G53~06~06 - Alex}
alex068.jpg,136736,9b214aea,\Gallery 53\06 - Alex\,{Shemale Yum Dvd03~G53~06~06 - Alex}
alex069.jpg,136649,73b5d2cc,\Gallery 53\06 - Alex\,{Shemale Yum Dvd03~G53~06~06 - Alex}
alex070.jpg,141906,433546fa,\Gallery 53\06 - Alex\,{Shemale Yum Dvd03~G53~06~06 - Alex}
alex071.jpg,131090,7431f5b1,\Gallery 53\06 - Alex\,{Shemale Yum Dvd03~G53~06~06 - Alex}
alex072.jpg,138450,2898a061,\Gallery 53\06 - Alex\,{Shemale Yum Dvd03~G53~06~06 - Alex}
alex073.jpg,140770,dde240de,\Gallery 53\06 - Alex\,{Shemale Yum Dvd03~G53~06~06 - Alex}
alex074.jpg,148025,1bafb5c2,\Gallery 53\06 - Alex\,{Shemale Yum Dvd03~G53~06~06 - Alex}
alex075.jpg,133497,0a4cae1e,\Gallery 53\06 - Alex\,{Shemale Yum Dvd03~G53~06~06 - Alex}
alex076.jpg,138760,640d37c7,\Gallery 53\06 - Alex\,{Shemale Yum Dvd03~G53~06~06 - Alex}
alex077.jpg,127951,ab7ca88c,\Gallery 53\06 - Alex\,{Shemale Yum Dvd03~G53~06~06 - Alex}
alex078.jpg,141060,d3c5efd5,\Gallery 53\06 - Alex\,{Shemale Yum Dvd03~G53~06~06 - Alex}
alex079.jpg,128569,700ab5e7,\Gallery 53\06 - Alex\,{Shemale Yum Dvd03~G53~06~06 - Alex}
alex080.jpg,143026,75a0095f,\Gallery 53\06 - Alex\,{Shemale Yum Dvd03~G53~06~06 - Alex}
alex082.jpg,134743,ec4b1c71,\Gallery 53\06 - Alex\,{Shemale Yum Dvd03~G53~06~06 - Alex}
alex083.jpg,128659,8c5826a7,\Gallery 53\06 - Alex\,{Shemale Yum Dvd03~G53~06~06 - Alex}
alex084.jpg,137244,f04e8e81,\Gallery 53\06 - Alex\,{Shemale Yum Dvd03~G53~06~06 - Alex}
alex085.jpg,125287,85c62da0,\Gallery 53\06 - Alex\,{Shemale Yum Dvd03~G53~06~06 - Alex}
alex086.jpg,135847,efaea4d6,\Gallery 53\06 - Alex\,{Shemale Yum Dvd03~G53~06~06 - Alex}
alex087.jpg,136828,0f4eebd3,\Gallery 53\06 - Alex\,{Shemale Yum Dvd03~G53~06~06 - Alex}
alex088.jpg,130855,68028b66,\Gallery 53\06 - Alex\,{Shemale Yum Dvd03~G53~06~06 - Alex}
alex089.jpg,140778,ad999b58,\Gallery 53\06 - Alex\,{Shemale Yum Dvd03~G53~06~06 - Alex}
alex090.jpg,139616,e025063f,\Gallery 53\06 - Alex\,{Shemale Yum Dvd03~G53~06~06 - Alex}
alex091.jpg,133922,e053b3ef,\Gallery 53\06 - Alex\,{Shemale Yum Dvd03~G53~06~06 - Alex}
alex092.jpg,140863,f38f5470,\Gallery 53\06 - Alex\,{Shemale Yum Dvd03~G53~06~06 - Alex}
alex093.jpg,142884,3eb99b5c,\Gallery 53\06 - Alex\,{Shemale Yum Dvd03~G53~06~06 - Alex}
alex094.jpg,128861,424f859e,\Gallery 53\06 - Alex\,{Shemale Yum Dvd03~G53~06~06 - Alex}
alex095.jpg,132293,701080d5,\Gallery 53\06 - Alex\,{Shemale Yum Dvd03~G53~06~06 - Alex}
alex096.jpg,129742,02c681d2,\Gallery 53\06 - Alex\,{Shemale Yum Dvd03~G53~06~06 - Alex}
alex097.jpg,130321,29152cef,\Gallery 53\06 - Alex\,{Shemale Yum Dvd03~G53~06~06 - Alex}
alex098.jpg,140320,aa902520,\Gallery 53\06 - Alex\,{Shemale Yum Dvd03~G53~06~06 - Alex}
alex099.jpg,131371,ce00f353,\Gallery 53\06 - Alex\,{Shemale Yum Dvd03~G53~06~06 - Alex}
alex100.jpg,132954,95486187,\Gallery 53\06 - Alex\,{Shemale Yum Dvd03~G53~06~06 - Alex}
alex101.jpg,135143,27e0850c,\Gallery 53\06 - Alex\,{Shemale Yum Dvd03~G53~06~06 - Alex}
alex102.jpg,134779,47ff7aff,\Gallery 53\06 - Alex\,{Shemale Yum Dvd03~G53~06~06 - Alex}
alex103.jpg,136471,99c322f8,\Gallery 53\06 - Alex\,{Shemale Yum Dvd03~G53~06~06 - Alex}
alex104.jpg,141030,df21e3e7,\Gallery 53\06 - Alex\,{Shemale Yum Dvd03~G53~06~06 - Alex}
alex106.jpg,134669,4b35044e,\Gallery 53\06 - Alex\,{Shemale Yum Dvd03~G53~06~06 - Alex}
alma002.jpg,123050,e9e1eafb,\Gallery 53\07 - Alma\,{Shemale Yum Dvd03~G53~07~07 - Alma}
alma003.jpg,137721,ad0d1329,\Gallery 53\07 - Alma\,{Shemale Yum Dvd03~G53~07~07 - Alma}
alma004.jpg,99580,27942c6b,\Gallery 53\07 - Alma\,{Shemale Yum Dvd03~G53~07~07 - Alma}
alma005.jpg,106189,2cbfe673,\Gallery 53\07 - Alma\,{Shemale Yum Dvd03~G53~07~07 - Alma}
alma006.jpg,102357,db3412b0,\Gallery 53\07 - Alma\,{Shemale Yum Dvd03~G53~07~07 - Alma}
alma007.jpg,111326,457a3cbd,\Gallery 53\07 - Alma\,{Shemale Yum Dvd03~G53~07~07 - Alma}
alma008.jpg,101804,26ed11f5,\Gallery 53\07 - Alma\,{Shemale Yum Dvd03~G53~07~07 - Alma}
alma009.jpg,112398,edd81cf6,\Gallery 53\07 - Alma\,{Shemale Yum Dvd03~G53~07~07 - Alma}
alma010.jpg,117716,7714be96,\Gallery 53\07 - Alma\,{Shemale Yum Dvd03~G53~07~07 - Alma}
alma011.jpg,101484,e22002a9,\Gallery 53\07 - Alma\,{Shemale Yum Dvd03~G53~07~07 - Alma}
alma013.jpg,93487,1cc4e151,\Gallery 53\07 - Alma\,{Shemale Yum Dvd03~G53~07~07 - Alma}
alma014.jpg,94675,f84d0434,\Gallery 53\07 - Alma\,{Shemale Yum Dvd03~G53~07~07 - Alma}
alma015.jpg,98801,f0505770,\Gallery 53\07 - Alma\,{Shemale Yum Dvd03~G53~07~07 - Alma}
alma016.jpg,97950,86e44c28,\Gallery 53\07 - Alma\,{Shemale Yum Dvd03~G53~07~07 - Alma}
alma017.jpg,84429,cdf3ccf1,\Gallery 53\07 - Alma\,{Shemale Yum Dvd03~G53~07~07 - Alma}
alma018.jpg,78629,a77cb2ca,\Gallery 53\07 - Alma\,{Shemale Yum Dvd03~G53~07~07 - Alma}
alma019.jpg,122196,a2a32df1,\Gallery 53\07 - Alma\,{Shemale Yum Dvd03~G53~07~07 - Alma}
alma020.jpg,100394,d32215c5,\Gallery 53\07 - Alma\,{Shemale Yum Dvd03~G53~07~07 - Alma}
alma021.jpg,103683,654a22f1,\Gallery 53\07 - Alma\,{Shemale Yum Dvd03~G53~07~07 - Alma}
alma022.jpg,103947,a4846d6f,\Gallery 53\07 - Alma\,{Shemale Yum Dvd03~G53~07~07 - Alma}
alma023.jpg,107717,88fa747c,\Gallery 53\07 - Alma\,{Shemale Yum Dvd03~G53~07~07 - Alma}
alma024.jpg,92921,9e09139e,\Gallery 53\07 - Alma\,{Shemale Yum Dvd03~G53~07~07 - Alma}
alma025.jpg,95813,d39a766b,\Gallery 53\07 - Alma\,{Shemale Yum Dvd03~G53~07~07 - Alma}
alma026.jpg,78070,aa62e70b,\Gallery 53\07 - Alma\,{Shemale Yum Dvd03~G53~07~07 - Alma}
alma027.jpg,70577,92f7d338,\Gallery 53\07 - Alma\,{Shemale Yum Dvd03~G53~07~07 - Alma}
alma028.jpg,71795,30a747fe,\Gallery 53\07 - Alma\,{Shemale Yum Dvd03~G53~07~07 - Alma}
alma029.jpg,76762,1a44528a,\Gallery 53\07 - Alma\,{Shemale Yum Dvd03~G53~07~07 - Alma}
alma030.jpg,74013,461e1dc9,\Gallery 53\07 - Alma\,{Shemale Yum Dvd03~G53~07~07 - Alma}
alma031.jpg,76331,417854ae,\Gallery 53\07 - Alma\,{Shemale Yum Dvd03~G53~07~07 - Alma}
alma032.jpg,92346,8c9d9c8c,\Gallery 53\07 - Alma\,{Shemale Yum Dvd03~G53~07~07 - Alma}
alma033.jpg,76049,a4558bfb,\Gallery 53\07 - Alma\,{Shemale Yum Dvd03~G53~07~07 - Alma}
alma034.jpg,79476,819b04b1,\Gallery 53\07 - Alma\,{Shemale Yum Dvd03~G53~07~07 - Alma}
alma035.jpg,74198,6df9b3df,\Gallery 53\07 - Alma\,{Shemale Yum Dvd03~G53~07~07 - Alma}
alma036.jpg,76250,9143252e,\Gallery 53\07 - Alma\,{Shemale Yum Dvd03~G53~07~07 - Alma}
alma037.jpg,87256,70202395,\Gallery 53\07 - Alma\,{Shemale Yum Dvd03~G53~07~07 - Alma}
alma038.jpg,71251,c2c5bbb2,\Gallery 53\07 - Alma\,{Shemale Yum Dvd03~G53~07~07 - Alma}
alma039.jpg,75034,54c9139a,\Gallery 53\07 - Alma\,{Shemale Yum Dvd03~G53~07~07 - Alma}
alma040.jpg,74440,53160007,\Gallery 53\07 - Alma\,{Shemale Yum Dvd03~G53~07~07 - Alma}
alma041.jpg,84239,a951d06a,\Gallery 53\07 - Alma\,{Shemale Yum Dvd03~G53~07~07 - Alma}
alma042.jpg,82113,be730f26,\Gallery 53\07 - Alma\,{Shemale Yum Dvd03~G53~07~07 - Alma}
alma043.jpg,81229,da95b93d,\Gallery 53\07 - Alma\,{Shemale Yum Dvd03~G53~07~07 - Alma}
alma044.jpg,95296,24e9ab5d,\Gallery 53\07 - Alma\,{Shemale Yum Dvd03~G53~07~07 - Alma}
alma045.jpg,94059,0249dc69,\Gallery 53\07 - Alma\,{Shemale Yum Dvd03~G53~07~07 - Alma}
alma046.jpg,105341,5d37336e,\Gallery 53\07 - Alma\,{Shemale Yum Dvd03~G53~07~07 - Alma}
alma047.jpg,90035,a442bbfe,\Gallery 53\07 - Alma\,{Shemale Yum Dvd03~G53~07~07 - Alma}
alma048.jpg,100138,2f30a41d,\Gallery 53\07 - Alma\,{Shemale Yum Dvd03~G53~07~07 - Alma}
alma049.jpg,79508,fa51b007,\Gallery 53\07 - Alma\,{Shemale Yum Dvd03~G53~07~07 - Alma}
alma050.jpg,77279,df429a40,\Gallery 53\07 - Alma\,{Shemale Yum Dvd03~G53~07~07 - Alma}
alma051.jpg,85358,ec9e7d08,\Gallery 53\07 - Alma\,{Shemale Yum Dvd03~G53~07~07 - Alma}
alma052.jpg,84733,2dea916f,\Gallery 53\07 - Alma\,{Shemale Yum Dvd03~G53~07~07 - Alma}
alma053.jpg,83332,9c676a61,\Gallery 53\07 - Alma\,{Shemale Yum Dvd03~G53~07~07 - Alma}
alma054.jpg,97406,e8dc750c,\Gallery 53\07 - Alma\,{Shemale Yum Dvd03~G53~07~07 - Alma}
alma055.jpg,105706,e96d7f04,\Gallery 53\07 - Alma\,{Shemale Yum Dvd03~G53~07~07 - Alma}
alma056.jpg,107014,ea62e500,\Gallery 53\07 - Alma\,{Shemale Yum Dvd03~G53~07~07 - Alma}
alma057.jpg,90768,9c1c02f7,\Gallery 53\07 - Alma\,{Shemale Yum Dvd03~G53~07~07 - Alma}
alma058.jpg,100289,e4a613c5,\Gallery 53\07 - Alma\,{Shemale Yum Dvd03~G53~07~07 - Alma}
alma059.jpg,97269,08066c43,\Gallery 53\07 - Alma\,{Shemale Yum Dvd03~G53~07~07 - Alma}
alma060.jpg,108855,074d1953,\Gallery 53\07 - Alma\,{Shemale Yum Dvd03~G53~07~07 - Alma}
alma061.jpg,97999,b8e0273a,\Gallery 53\07 - Alma\,{Shemale Yum Dvd03~G53~07~07 - Alma}
alma062.jpg,112018,6847c07a,\Gallery 53\07 - Alma\,{Shemale Yum Dvd03~G53~07~07 - Alma}
alma063.jpg,98779,825e322e,\Gallery 53\07 - Alma\,{Shemale Yum Dvd03~G53~07~07 - Alma}
alma064.jpg,106953,90b71abc,\Gallery 53\07 - Alma\,{Shemale Yum Dvd03~G53~07~07 - Alma}
alma065.jpg,101739,ee7584e2,\Gallery 53\07 - Alma\,{Shemale Yum Dvd03~G53~07~07 - Alma}
alma066.jpg,111237,dbfb4a55,\Gallery 53\07 - Alma\,{Shemale Yum Dvd03~G53~07~07 - Alma}
alma067.jpg,99336,48797c6c,\Gallery 53\07 - Alma\,{Shemale Yum Dvd03~G53~07~07 - Alma}
alma069.jpg,100453,09734d94,\Gallery 53\07 - Alma\,{Shemale Yum Dvd03~G53~07~07 - Alma}
alma070.jpg,103789,6b672e79,\Gallery 53\07 - Alma\,{Shemale Yum Dvd03~G53~07~07 - Alma}
alma071.jpg,104918,0a18b83b,\Gallery 53\07 - Alma\,{Shemale Yum Dvd03~G53~07~07 - Alma}
alma072.jpg,111433,ac7f6dea,\Gallery 53\07 - Alma\,{Shemale Yum Dvd03~G53~07~07 - Alma}
alma073.jpg,111744,fa6c2ce3,\Gallery 53\07 - Alma\,{Shemale Yum Dvd03~G53~07~07 - Alma}
alma074.jpg,81316,17901849,\Gallery 53\07 - Alma\,{Shemale Yum Dvd03~G53~07~07 - Alma}
alma075.jpg,90879,3b9c8ed9,\Gallery 53\07 - Alma\,{Shemale Yum Dvd03~G53~07~07 - Alma}
alma076.jpg,82547,c9003b7c,\Gallery 53\07 - Alma\,{Shemale Yum Dvd03~G53~07~07 - Alma}
alma077.jpg,79722,78dbe773,\Gallery 53\07 - Alma\,{Shemale Yum Dvd03~G53~07~07 - Alma}
alma078.jpg,101139,aab20cdc,\Gallery 53\07 - Alma\,{Shemale Yum Dvd03~G53~07~07 - Alma}
alma079.jpg,81937,631a5cd8,\Gallery 53\07 - Alma\,{Shemale Yum Dvd03~G53~07~07 - Alma}
alma081.jpg,94324,038e2998,\Gallery 53\07 - Alma\,{Shemale Yum Dvd03~G53~07~07 - Alma}
alma082.jpg,74030,bba18f22,\Gallery 53\07 - Alma\,{Shemale Yum Dvd03~G53~07~07 - Alma}
alma083.jpg,85033,466ebd83,\Gallery 53\07 - Alma\,{Shemale Yum Dvd03~G53~07~07 - Alma}
alma084.jpg,84205,7311f444,\Gallery 53\07 - Alma\,{Shemale Yum Dvd03~G53~07~07 - Alma}
alma085.jpg,97176,ad773db3,\Gallery 53\07 - Alma\,{Shemale Yum Dvd03~G53~07~07 - Alma}
alma086.jpg,99350,0552d7a5,\Gallery 53\07 - Alma\,{Shemale Yum Dvd03~G53~07~07 - Alma}
alma087.jpg,92537,d42c6c96,\Gallery 53\07 - Alma\,{Shemale Yum Dvd03~G53~07~07 - Alma}
alma088.jpg,88910,0edae47c,\Gallery 53\07 - Alma\,{Shemale Yum Dvd03~G53~07~07 - Alma}
alma089.jpg,90603,c59809a8,\Gallery 53\07 - Alma\,{Shemale Yum Dvd03~G53~07~07 - Alma}
alma090.jpg,79747,6141f2d9,\Gallery 53\07 - Alma\,{Shemale Yum Dvd03~G53~07~07 - Alma}
alma091.jpg,86787,3f14098e,\Gallery 53\07 - Alma\,{Shemale Yum Dvd03~G53~07~07 - Alma}
alma092.jpg,90097,be5a4b9f,\Gallery 53\07 - Alma\,{Shemale Yum Dvd03~G53~07~07 - Alma}
alma093.jpg,79090,4097abfa,\Gallery 53\07 - Alma\,{Shemale Yum Dvd03~G53~07~07 - Alma}
alma094.jpg,82128,9fec43c8,\Gallery 53\07 - Alma\,{Shemale Yum Dvd03~G53~07~07 - Alma}
alma095.jpg,72597,544ef127,\Gallery 53\07 - Alma\,{Shemale Yum Dvd03~G53~07~07 - Alma}
alma096.jpg,88349,1dc03278,\Gallery 53\07 - Alma\,{Shemale Yum Dvd03~G53~07~07 - Alma}
alma097.jpg,82198,f08d376b,\Gallery 53\07 - Alma\,{Shemale Yum Dvd03~G53~07~07 - Alma}
alma098.jpg,79296,92cb7892,\Gallery 53\07 - Alma\,{Shemale Yum Dvd03~G53~07~07 - Alma}
alma099.jpg,112391,b6c3d3e7,\Gallery 53\07 - Alma\,{Shemale Yum Dvd03~G53~07~07 - Alma}
alma100.jpg,84333,9ac2a7dc,\Gallery 53\07 - Alma\,{Shemale Yum Dvd03~G53~07~07 - Alma}
alma101.jpg,86012,965e24ae,\Gallery 53\07 - Alma\,{Shemale Yum Dvd03~G53~07~07 - Alma}
alma102.jpg,94225,064f74f1,\Gallery 53\07 - Alma\,{Shemale Yum Dvd03~G53~07~07 - Alma}
alma103.jpg,99393,ccbd93f8,\Gallery 53\07 - Alma\,{Shemale Yum Dvd03~G53~07~07 - Alma}
alma105.jpg,88180,4ae9e49e,\Gallery 53\07 - Alma\,{Shemale Yum Dvd03~G53~07~07 - Alma}
alma106.jpg,90423,9bf1701b,\Gallery 53\07 - Alma\,{Shemale Yum Dvd03~G53~07~07 - Alma}
alma108.jpg,80091,bc49ec20,\Gallery 53\07 - Alma\,{Shemale Yum Dvd03~G53~07~07 - Alma}
alma109.jpg,77058,393655d0,\Gallery 53\07 - Alma\,{Shemale Yum Dvd03~G53~07~07 - Alma}
alma110.jpg,86055,ff6cb962,\Gallery 53\07 - Alma\,{Shemale Yum Dvd03~G53~07~07 - Alma}
alma111.jpg,84906,c84fa96c,\Gallery 53\07 - Alma\,{Shemale Yum Dvd03~G53~07~07 - Alma}
alma112.jpg,93257,18656127,\Gallery 53\07 - Alma\,{Shemale Yum Dvd03~G53~07~07 - Alma}
alma113.jpg,88924,6cf97a2b,\Gallery 53\07 - Alma\,{Shemale Yum Dvd03~G53~07~07 - Alma}
alma114.jpg,92545,a0e5a4e1,\Gallery 53\07 - Alma\,{Shemale Yum Dvd03~G53~07~07 - Alma}
alma115.jpg,92894,4767ac8d,\Gallery 53\07 - Alma\,{Shemale Yum Dvd03~G53~07~07 - Alma}
alma116.jpg,92843,9193be6f,\Gallery 53\07 - Alma\,{Shemale Yum Dvd03~G53~07~07 - Alma}
alma117.jpg,93601,25d2aa28,\Gallery 53\07 - Alma\,{Shemale Yum Dvd03~G53~07~07 - Alma}
alma118.jpg,92687,b6060f33,\Gallery 53\07 - Alma\,{Shemale Yum Dvd03~G53~07~07 - Alma}
alma119.jpg,98430,ee307c8f,\Gallery 53\07 - Alma\,{Shemale Yum Dvd03~G53~07~07 - Alma}
alma120.jpg,85990,b5087e0d,\Gallery 53\07 - Alma\,{Shemale Yum Dvd03~G53~07~07 - Alma}
alma121.jpg,90214,e9bfb1dc,\Gallery 53\07 - Alma\,{Shemale Yum Dvd03~G53~07~07 - Alma}
alma122.jpg,91353,69e70e19,\Gallery 53\07 - Alma\,{Shemale Yum Dvd03~G53~07~07 - Alma}
alma123.jpg,97509,f1f90937,\Gallery 53\07 - Alma\,{Shemale Yum Dvd03~G53~07~07 - Alma}
alma124.jpg,97532,811dd3e7,\Gallery 53\07 - Alma\,{Shemale Yum Dvd03~G53~07~07 - Alma}
alma125.jpg,97503,b8e900c8,\Gallery 53\07 - Alma\,{Shemale Yum Dvd03~G53~07~07 - Alma}
alma126.jpg,106770,a722a396,\Gallery 53\07 - Alma\,{Shemale Yum Dvd03~G53~07~07 - Alma}
alma127.jpg,103927,5702e35f,\Gallery 53\07 - Alma\,{Shemale Yum Dvd03~G53~07~07 - Alma}
alma128.jpg,102284,46b5e1e6,\Gallery 53\07 - Alma\,{Shemale Yum Dvd03~G53~07~07 - Alma}
alma129.jpg,110277,7184841f,\Gallery 53\07 - Alma\,{Shemale Yum Dvd03~G53~07~07 - Alma}
alma130.jpg,111979,df876b9d,\Gallery 53\07 - Alma\,{Shemale Yum Dvd03~G53~07~07 - Alma}
alma131.jpg,92878,6d8763b1,\Gallery 53\07 - Alma\,{Shemale Yum Dvd03~G53~07~07 - Alma}
alma132.jpg,83096,6e97559e,\Gallery 53\07 - Alma\,{Shemale Yum Dvd03~G53~07~07 - Alma}
alma133.jpg,91707,a848fad4,\Gallery 53\07 - Alma\,{Shemale Yum Dvd03~G53~07~07 - Alma}
alma134.jpg,83330,d9e35665,\Gallery 53\07 - Alma\,{Shemale Yum Dvd03~G53~07~07 - Alma}
alma135.jpg,91404,3e79171b,\Gallery 53\07 - Alma\,{Shemale Yum Dvd03~G53~07~07 - Alma}
alma136.jpg,108642,5480d157,\Gallery 53\07 - Alma\,{Shemale Yum Dvd03~G53~07~07 - Alma}
alma137.jpg,107253,be13a95e,\Gallery 53\07 - Alma\,{Shemale Yum Dvd03~G53~07~07 - Alma}
alma138.jpg,95095,ee2fd772,\Gallery 53\07 - Alma\,{Shemale Yum Dvd03~G53~07~07 - Alma}
alma139.jpg,86970,e999a4f5,\Gallery 53\07 - Alma\,{Shemale Yum Dvd03~G53~07~07 - Alma}
alma140.jpg,102512,708b33dd,\Gallery 53\07 - Alma\,{Shemale Yum Dvd03~G53~07~07 - Alma}
alma141.jpg,101833,051d536e,\Gallery 53\07 - Alma\,{Shemale Yum Dvd03~G53~07~07 - Alma}
gia001.jpg,149347,f53ac0b9,\Gallery 53\08 - Gia\,{Shemale Yum Dvd03~G53~08~08 - Gia}
gia003.jpg,163099,20d75a94,\Gallery 53\08 - Gia\,{Shemale Yum Dvd03~G53~08~08 - Gia}
gia004.jpg,178150,cb12f5f5,\Gallery 53\08 - Gia\,{Shemale Yum Dvd03~G53~08~08 - Gia}
gia005.jpg,153564,d1b69377,\Gallery 53\08 - Gia\,{Shemale Yum Dvd03~G53~08~08 - Gia}
gia006.jpg,147774,a7757893,\Gallery 53\08 - Gia\,{Shemale Yum Dvd03~G53~08~08 - Gia}
gia007.jpg,158827,15b74133,\Gallery 53\08 - Gia\,{Shemale Yum Dvd03~G53~08~08 - Gia}
gia008.jpg,213163,cd135588,\Gallery 53\08 - Gia\,{Shemale Yum Dvd03~G53~08~08 - Gia}
gia009.jpg,197013,624835e2,\Gallery 53\08 - Gia\,{Shemale Yum Dvd03~G53~08~08 - Gia}
gia010.jpg,173823,c9fca54d,\Gallery 53\08 - Gia\,{Shemale Yum Dvd03~G53~08~08 - Gia}
gia011.jpg,209270,0e804d35,\Gallery 53\08 - Gia\,{Shemale Yum Dvd03~G53~08~08 - Gia}
gia012.jpg,153094,0a7b05ae,\Gallery 53\08 - Gia\,{Shemale Yum Dvd03~G53~08~08 - Gia}
gia013.jpg,139450,2f3e1bc1,\Gallery 53\08 - Gia\,{Shemale Yum Dvd03~G53~08~08 - Gia}
gia014.jpg,149759,930b4b7c,\Gallery 53\08 - Gia\,{Shemale Yum Dvd03~G53~08~08 - Gia}
gia015.jpg,140983,4c143631,\Gallery 53\08 - Gia\,{Shemale Yum Dvd03~G53~08~08 - Gia}
gia016.jpg,137152,b084f9c7,\Gallery 53\08 - Gia\,{Shemale Yum Dvd03~G53~08~08 - Gia}
gia017.jpg,151598,cab04c2d,\Gallery 53\08 - Gia\,{Shemale Yum Dvd03~G53~08~08 - Gia}
gia018.jpg,147362,ce3ba872,\Gallery 53\08 - Gia\,{Shemale Yum Dvd03~G53~08~08 - Gia}
gia019.jpg,144749,b037aa12,\Gallery 53\08 - Gia\,{Shemale Yum Dvd03~G53~08~08 - Gia}
gia020.jpg,130006,77d1b3c3,\Gallery 53\08 - Gia\,{Shemale Yum Dvd03~G53~08~08 - Gia}
gia021.jpg,143100,7efe0d7e,\Gallery 53\08 - Gia\,{Shemale Yum Dvd03~G53~08~08 - Gia}
gia022.jpg,153375,409c7ccc,\Gallery 53\08 - Gia\,{Shemale Yum Dvd03~G53~08~08 - Gia}
gia024.jpg,177012,bae8da0a,\Gallery 53\08 - Gia\,{Shemale Yum Dvd03~G53~08~08 - Gia}
gia025.jpg,170518,c88778ea,\Gallery 53\08 - Gia\,{Shemale Yum Dvd03~G53~08~08 - Gia}
gia026.jpg,167027,ec0677da,\Gallery 53\08 - Gia\,{Shemale Yum Dvd03~G53~08~08 - Gia}
gia027.jpg,172764,3d5a2c90,\Gallery 53\08 - Gia\,{Shemale Yum Dvd03~G53~08~08 - Gia}
gia028.jpg,162536,2da3295a,\Gallery 53\08 - Gia\,{Shemale Yum Dvd03~G53~08~08 - Gia}
gia029.jpg,142556,eaf7efba,\Gallery 53\08 - Gia\,{Shemale Yum Dvd03~G53~08~08 - Gia}
gia030.jpg,125703,77588d45,\Gallery 53\08 - Gia\,{Shemale Yum Dvd03~G53~08~08 - Gia}
gia031.jpg,135736,752ab131,\Gallery 53\08 - Gia\,{Shemale Yum Dvd03~G53~08~08 - Gia}
gia032.jpg,135620,100d20ea,\Gallery 53\08 - Gia\,{Shemale Yum Dvd03~G53~08~08 - Gia}
gia033.jpg,136628,43f93e3b,\Gallery 53\08 - Gia\,{Shemale Yum Dvd03~G53~08~08 - Gia}
gia034.jpg,139112,131a069b,\Gallery 53\08 - Gia\,{Shemale Yum Dvd03~G53~08~08 - Gia}
gia035.jpg,139971,a7b53e78,\Gallery 53\08 - Gia\,{Shemale Yum Dvd03~G53~08~08 - Gia}
gia036.jpg,137781,44e94e27,\Gallery 53\08 - Gia\,{Shemale Yum Dvd03~G53~08~08 - Gia}
gia037.jpg,138536,26422650,\Gallery 53\08 - Gia\,{Shemale Yum Dvd03~G53~08~08 - Gia}
gia038.jpg,221749,9689d0f3,\Gallery 53\08 - Gia\,{Shemale Yum Dvd03~G53~08~08 - Gia}
gia039.jpg,141336,c8820f8a,\Gallery 53\08 - Gia\,{Shemale Yum Dvd03~G53~08~08 - Gia}
gia040.jpg,174101,937079a7,\Gallery 53\08 - Gia\,{Shemale Yum Dvd03~G53~08~08 - Gia}
gia041.jpg,196255,be9711af,\Gallery 53\08 - Gia\,{Shemale Yum Dvd03~G53~08~08 - Gia}
gia042.jpg,190747,7f979b57,\Gallery 53\08 - Gia\,{Shemale Yum Dvd03~G53~08~08 - Gia}
gia043.jpg,183560,ac40868b,\Gallery 53\08 - Gia\,{Shemale Yum Dvd03~G53~08~08 - Gia}
gia044.jpg,162838,f13c7872,\Gallery 53\08 - Gia\,{Shemale Yum Dvd03~G53~08~08 - Gia}
gia046.jpg,162455,8a64db07,\Gallery 53\08 - Gia\,{Shemale Yum Dvd03~G53~08~08 - Gia}
gia047.jpg,137721,e308bfaa,\Gallery 53\08 - Gia\,{Shemale Yum Dvd03~G53~08~08 - Gia}
gia048.jpg,150040,fef53da0,\Gallery 53\08 - Gia\,{Shemale Yum Dvd03~G53~08~08 - Gia}
gia049.jpg,152416,8e063c82,\Gallery 53\08 - Gia\,{Shemale Yum Dvd03~G53~08~08 - Gia}
gia050.jpg,149132,7a5c2e40,\Gallery 53\08 - Gia\,{Shemale Yum Dvd03~G53~08~08 - Gia}
gia051.jpg,140375,d6805f58,\Gallery 53\08 - Gia\,{Shemale Yum Dvd03~G53~08~08 - Gia}
gia052.jpg,140813,f476fcc8,\Gallery 53\08 - Gia\,{Shemale Yum Dvd03~G53~08~08 - Gia}
gia053.jpg,145701,cf27dcf8,\Gallery 53\08 - Gia\,{Shemale Yum Dvd03~G53~08~08 - Gia}
gia054.jpg,164801,aa6caa14,\Gallery 53\08 - Gia\,{Shemale Yum Dvd03~G53~08~08 - Gia}
gia055.jpg,167711,3bdccb65,\Gallery 53\08 - Gia\,{Shemale Yum Dvd03~G53~08~08 - Gia}
gia056.jpg,144915,30ecaec2,\Gallery 53\08 - Gia\,{Shemale Yum Dvd03~G53~08~08 - Gia}
gia057.jpg,167336,63d0973a,\Gallery 53\08 - Gia\,{Shemale Yum Dvd03~G53~08~08 - Gia}
gia058.jpg,150473,13fe3abb,\Gallery 53\08 - Gia\,{Shemale Yum Dvd03~G53~08~08 - Gia}
gia059.jpg,145993,c4701043,\Gallery 53\08 - Gia\,{Shemale Yum Dvd03~G53~08~08 - Gia}
gia060.jpg,164867,d8edf211,\Gallery 53\08 - Gia\,{Shemale Yum Dvd03~G53~08~08 - Gia}
gia061.jpg,161935,b80ea2f3,\Gallery 53\08 - Gia\,{Shemale Yum Dvd03~G53~08~08 - Gia}
gia062.jpg,150653,fdb4bbff,\Gallery 53\08 - Gia\,{Shemale Yum Dvd03~G53~08~08 - Gia}
gia063.jpg,159080,5349b72e,\Gallery 53\08 - Gia\,{Shemale Yum Dvd03~G53~08~08 - Gia}
gia064.jpg,160792,527fda65,\Gallery 53\08 - Gia\,{Shemale Yum Dvd03~G53~08~08 - Gia}
gia065.jpg,143946,f08705f6,\Gallery 53\08 - Gia\,{Shemale Yum Dvd03~G53~08~08 - Gia}
gia066.jpg,148872,f6016789,\Gallery 53\08 - Gia\,{Shemale Yum Dvd03~G53~08~08 - Gia}
gia067.jpg,140105,c36bbeca,\Gallery 53\08 - Gia\,{Shemale Yum Dvd03~G53~08~08 - Gia}
gia068.jpg,162258,08cf7475,\Gallery 53\08 - Gia\,{Shemale Yum Dvd03~G53~08~08 - Gia}
gia069.jpg,165024,a38ef496,\Gallery 53\08 - Gia\,{Shemale Yum Dvd03~G53~08~08 - Gia}
gia070.jpg,149161,30cf7168,\Gallery 53\08 - Gia\,{Shemale Yum Dvd03~G53~08~08 - Gia}
gia071.jpg,150880,a04c0df7,\Gallery 53\08 - Gia\,{Shemale Yum Dvd03~G53~08~08 - Gia}
gia072.jpg,145198,594a3435,\Gallery 53\08 - Gia\,{Shemale Yum Dvd03~G53~08~08 - Gia}
gia073.jpg,146767,09e8ff0b,\Gallery 53\08 - Gia\,{Shemale Yum Dvd03~G53~08~08 - Gia}
gia074.jpg,142795,bf0907fb,\Gallery 53\08 - Gia\,{Shemale Yum Dvd03~G53~08~08 - Gia}
gia075.jpg,178072,93d2ad19,\Gallery 53\08 - Gia\,{Shemale Yum Dvd03~G53~08~08 - Gia}
gia076.jpg,159950,bd45acf2,\Gallery 53\08 - Gia\,{Shemale Yum Dvd03~G53~08~08 - Gia}
gia077.jpg,150658,40dc5f50,\Gallery 53\08 - Gia\,{Shemale Yum Dvd03~G53~08~08 - Gia}
gia078.jpg,143367,4d783a7f,\Gallery 53\08 - Gia\,{Shemale Yum Dvd03~G53~08~08 - Gia}
gia079.jpg,175016,19117592,\Gallery 53\08 - Gia\,{Shemale Yum Dvd03~G53~08~08 - Gia}
gia080.jpg,168483,bbbaddbe,\Gallery 53\08 - Gia\,{Shemale Yum Dvd03~G53~08~08 - Gia}
gia081.jpg,215277,4d8249c6,\Gallery 53\08 - Gia\,{Shemale Yum Dvd03~G53~08~08 - Gia}
gia2001.jpg,163316,a9e39db8,\Gallery 53\08 - Gia (2)\,{Shemale Yum Dvd03~G53~08-2~08 - Gia (2)}
gia2002.jpg,157257,a350f14f,\Gallery 53\08 - Gia (2)\,{Shemale Yum Dvd03~G53~08-2~08 - Gia (2)}
gia2003.jpg,154003,81286e14,\Gallery 53\08 - Gia (2)\,{Shemale Yum Dvd03~G53~08-2~08 - Gia (2)}
gia2004.jpg,144657,e396ff6f,\Gallery 53\08 - Gia (2)\,{Shemale Yum Dvd03~G53~08-2~08 - Gia (2)}
gia2005.jpg,166960,faad2c57,\Gallery 53\08 - Gia (2)\,{Shemale Yum Dvd03~G53~08-2~08 - Gia (2)}
gia2006.jpg,205976,cb077bf9,\Gallery 53\08 - Gia (2)\,{Shemale Yum Dvd03~G53~08-2~08 - Gia (2)}
gia2007.jpg,154567,5302ee9f,\Gallery 53\08 - Gia (2)\,{Shemale Yum Dvd03~G53~08-2~08 - Gia (2)}
gia2008.jpg,205310,5acf7a7e,\Gallery 53\08 - Gia (2)\,{Shemale Yum Dvd03~G53~08-2~08 - Gia (2)}
gia2009.jpg,195430,9953399a,\Gallery 53\08 - Gia (2)\,{Shemale Yum Dvd03~G53~08-2~08 - Gia (2)}
gia2010.jpg,177301,a9771a4d,\Gallery 53\08 - Gia (2)\,{Shemale Yum Dvd03~G53~08-2~08 - Gia (2)}
gia2011.jpg,179173,c6e7809b,\Gallery 53\08 - Gia (2)\,{Shemale Yum Dvd03~G53~08-2~08 - Gia (2)}
gia2012.jpg,199900,27626bd8,\Gallery 53\08 - Gia (2)\,{Shemale Yum Dvd03~G53~08-2~08 - Gia (2)}
gia2013.jpg,144648,ab29a99f,\Gallery 53\08 - Gia (2)\,{Shemale Yum Dvd03~G53~08-2~08 - Gia (2)}
gia2014.jpg,206434,2a902e06,\Gallery 53\08 - Gia (2)\,{Shemale Yum Dvd03~G53~08-2~08 - Gia (2)}
gia2015.jpg,206912,12bec819,\Gallery 53\08 - Gia (2)\,{Shemale Yum Dvd03~G53~08-2~08 - Gia (2)}
gia2016.jpg,191669,e88789d5,\Gallery 53\08 - Gia (2)\,{Shemale Yum Dvd03~G53~08-2~08 - Gia (2)}
gia2017.jpg,166625,c07c82ac,\Gallery 53\08 - Gia (2)\,{Shemale Yum Dvd03~G53~08-2~08 - Gia (2)}
gia2018.jpg,184886,53413f2d,\Gallery 53\08 - Gia (2)\,{Shemale Yum Dvd03~G53~08-2~08 - Gia (2)}
gia2019.jpg,178156,1f5ac671,\Gallery 53\08 - Gia (2)\,{Shemale Yum Dvd03~G53~08-2~08 - Gia (2)}
gia2020.jpg,179831,e1f4bc28,\Gallery 53\08 - Gia (2)\,{Shemale Yum Dvd03~G53~08-2~08 - Gia (2)}
gia2021.jpg,168559,daae9b86,\Gallery 53\08 - Gia (2)\,{Shemale Yum Dvd03~G53~08-2~08 - Gia (2)}
gia2022.jpg,165782,55dae3f1,\Gallery 53\08 - Gia (2)\,{Shemale Yum Dvd03~G53~08-2~08 - Gia (2)}
gia2023.jpg,132508,e71b1349,\Gallery 53\08 - Gia (2)\,{Shemale Yum Dvd03~G53~08-2~08 - Gia (2)}
gia2024.jpg,135720,c81a5f7d,\Gallery 53\08 - Gia (2)\,{Shemale Yum Dvd03~G53~08-2~08 - Gia (2)}
gia2026.jpg,157820,2792f0fd,\Gallery 53\08 - Gia (2)\,{Shemale Yum Dvd03~G53~08-2~08 - Gia (2)}
gia2027.jpg,175132,c1a88109,\Gallery 53\08 - Gia (2)\,{Shemale Yum Dvd03~G53~08-2~08 - Gia (2)}
gia2028.jpg,125279,3ee7c631,\Gallery 53\08 - Gia (2)\,{Shemale Yum Dvd03~G53~08-2~08 - Gia (2)}
gia2029.jpg,120653,957dee44,\Gallery 53\08 - Gia (2)\,{Shemale Yum Dvd03~G53~08-2~08 - Gia (2)}
gia2031.jpg,163387,de72939d,\Gallery 53\08 - Gia (2)\,{Shemale Yum Dvd03~G53~08-2~08 - Gia (2)}
gia2032.jpg,139653,1faac971,\Gallery 53\08 - Gia (2)\,{Shemale Yum Dvd03~G53~08-2~08 - Gia (2)}
gia2033.jpg,150790,bbb14ca3,\Gallery 53\08 - Gia (2)\,{Shemale Yum Dvd03~G53~08-2~08 - Gia (2)}
gia2034.jpg,144950,fb1dd655,\Gallery 53\08 - Gia (2)\,{Shemale Yum Dvd03~G53~08-2~08 - Gia (2)}
gia2035.jpg,143563,9818912a,\Gallery 53\08 - Gia (2)\,{Shemale Yum Dvd03~G53~08-2~08 - Gia (2)}
gia2036.jpg,119487,7b5ccabf,\Gallery 53\08 - Gia (2)\,{Shemale Yum Dvd03~G53~08-2~08 - Gia (2)}
gia2037.jpg,146640,6fac832f,\Gallery 53\08 - Gia (2)\,{Shemale Yum Dvd03~G53~08-2~08 - Gia (2)}
gia2038.jpg,149026,fa53c374,\Gallery 53\08 - Gia (2)\,{Shemale Yum Dvd03~G53~08-2~08 - Gia (2)}
gia2040.jpg,140962,1a28faf0,\Gallery 53\08 - Gia (2)\,{Shemale Yum Dvd03~G53~08-2~08 - Gia (2)}
gia2041.jpg,133872,ab78abb1,\Gallery 53\08 - Gia (2)\,{Shemale Yum Dvd03~G53~08-2~08 - Gia (2)}
gia2042.jpg,154265,8b2511b8,\Gallery 53\08 - Gia (2)\,{Shemale Yum Dvd03~G53~08-2~08 - Gia (2)}
gia2043.jpg,145388,585b75c9,\Gallery 53\08 - Gia (2)\,{Shemale Yum Dvd03~G53~08-2~08 - Gia (2)}
gia2044.jpg,138421,230af42b,\Gallery 53\08 - Gia (2)\,{Shemale Yum Dvd03~G53~08-2~08 - Gia (2)}
gia2045.jpg,130561,46553cea,\Gallery 53\08 - Gia (2)\,{Shemale Yum Dvd03~G53~08-2~08 - Gia (2)}
gia2046.jpg,136788,35e4dab4,\Gallery 53\08 - Gia (2)\,{Shemale Yum Dvd03~G53~08-2~08 - Gia (2)}
gia2047.jpg,143912,f76d5dff,\Gallery 53\08 - Gia (2)\,{Shemale Yum Dvd03~G53~08-2~08 - Gia (2)}
gia2048.jpg,154637,954cfd68,\Gallery 53\08 - Gia (2)\,{Shemale Yum Dvd03~G53~08-2~08 - Gia (2)}
gia2049.jpg,145826,7d760258,\Gallery 53\08 - Gia (2)\,{Shemale Yum Dvd03~G53~08-2~08 - Gia (2)}
gia2050.jpg,144256,ec9eeb0f,\Gallery 53\08 - Gia (2)\,{Shemale Yum Dvd03~G53~08-2~08 - Gia (2)}
gia2051.jpg,135625,3bdfad95,\Gallery 53\08 - Gia (2)\,{Shemale Yum Dvd03~G53~08-2~08 - Gia (2)}
gia2052.jpg,158729,82047ec2,\Gallery 53\08 - Gia (2)\,{Shemale Yum Dvd03~G53~08-2~08 - Gia (2)}
gia2053.jpg,161632,b6f7ba0e,\Gallery 53\08 - Gia (2)\,{Shemale Yum Dvd03~G53~08-2~08 - Gia (2)}
gia2054.jpg,170775,abd28c34,\Gallery 53\08 - Gia (2)\,{Shemale Yum Dvd03~G53~08-2~08 - Gia (2)}
gia2055.jpg,143026,6c8e79cc,\Gallery 53\08 - Gia (2)\,{Shemale Yum Dvd03~G53~08-2~08 - Gia (2)}
gia2056.jpg,163024,9f018dcd,\Gallery 53\08 - Gia (2)\,{Shemale Yum Dvd03~G53~08-2~08 - Gia (2)}
gia2057.jpg,145724,458cb5d6,\Gallery 53\08 - Gia (2)\,{Shemale Yum Dvd03~G53~08-2~08 - Gia (2)}
gia2058.jpg,158384,2e6f9bce,\Gallery 53\08 - Gia (2)\,{Shemale Yum Dvd03~G53~08-2~08 - Gia (2)}
gia2059.jpg,150666,5e34fb2d,\Gallery 53\08 - Gia (2)\,{Shemale Yum Dvd03~G53~08-2~08 - Gia (2)}
gia2060.jpg,149725,26cae131,\Gallery 53\08 - Gia (2)\,{Shemale Yum Dvd03~G53~08-2~08 - Gia (2)}
gia2061.jpg,158154,460d6d85,\Gallery 53\08 - Gia (2)\,{Shemale Yum Dvd03~G53~08-2~08 - Gia (2)}
gia2062.jpg,135630,ae89acb1,\Gallery 53\08 - Gia (2)\,{Shemale Yum Dvd03~G53~08-2~08 - Gia (2)}
gia2063.jpg,150418,e607fe6e,\Gallery 53\08 - Gia (2)\,{Shemale Yum Dvd03~G53~08-2~08 - Gia (2)}
gia2066.jpg,140754,0e939402,\Gallery 53\08 - Gia (2)\,{Shemale Yum Dvd03~G53~08-2~08 - Gia (2)}
gia2067.jpg,135419,891efce6,\Gallery 53\08 - Gia (2)\,{Shemale Yum Dvd03~G53~08-2~08 - Gia (2)}
gia2069.jpg,158392,f80119d8,\Gallery 53\08 - Gia (2)\,{Shemale Yum Dvd03~G53~08-2~08 - Gia (2)}
gia2070.jpg,158985,921c6b91,\Gallery 53\08 - Gia (2)\,{Shemale Yum Dvd03~G53~08-2~08 - Gia (2)}
gia2071.jpg,173659,9b5d8981,\Gallery 53\08 - Gia (2)\,{Shemale Yum Dvd03~G53~08-2~08 - Gia (2)}
gia2072.jpg,180295,6a185941,\Gallery 53\08 - Gia (2)\,{Shemale Yum Dvd03~G53~08-2~08 - Gia (2)}
gia2073.jpg,157457,83c7a229,\Gallery 53\08 - Gia (2)\,{Shemale Yum Dvd03~G53~08-2~08 - Gia (2)}
gia2074.jpg,147061,8a000a0d,\Gallery 53\08 - Gia (2)\,{Shemale Yum Dvd03~G53~08-2~08 - Gia (2)}
gia2075.jpg,149988,9409abb2,\Gallery 53\08 - Gia (2)\,{Shemale Yum Dvd03~G53~08-2~08 - Gia (2)}
gia2076.jpg,156434,e626ef79,\Gallery 53\08 - Gia (2)\,{Shemale Yum Dvd03~G53~08-2~08 - Gia (2)}
gia2077.jpg,156030,2e429f55,\Gallery 53\08 - Gia (2)\,{Shemale Yum Dvd03~G53~08-2~08 - Gia (2)}
gia2078.jpg,148032,4e9f8fe3,\Gallery 53\08 - Gia (2)\,{Shemale Yum Dvd03~G53~08-2~08 - Gia (2)}
gia2079.jpg,117440,37e802df,\Gallery 53\08 - Gia (2)\,{Shemale Yum Dvd03~G53~08-2~08 - Gia (2)}
gia2080.jpg,164509,0453fad7,\Gallery 53\08 - Gia (2)\,{Shemale Yum Dvd03~G53~08-2~08 - Gia (2)}
gia2081.jpg,151540,fa31f585,\Gallery 53\08 - Gia (2)\,{Shemale Yum Dvd03~G53~08-2~08 - Gia (2)}
gia2083.jpg,164235,04cb4390,\Gallery 53\08 - Gia (2)\,{Shemale Yum Dvd03~G53~08-2~08 - Gia (2)}
gia2084.jpg,143955,c26fc8a1,\Gallery 53\08 - Gia (2)\,{Shemale Yum Dvd03~G53~08-2~08 - Gia (2)}
gia2085.jpg,157248,af933b39,\Gallery 53\08 - Gia (2)\,{Shemale Yum Dvd03~G53~08-2~08 - Gia (2)}
gia2086.jpg,140159,e0ce8e2e,\Gallery 53\08 - Gia (2)\,{Shemale Yum Dvd03~G53~08-2~08 - Gia (2)}
gia2087.jpg,130798,04321616,\Gallery 53\08 - Gia (2)\,{Shemale Yum Dvd03~G53~08-2~08 - Gia (2)}
kathia001.jpg,141598,0c5764f6,\Gallery 53\09 - Kathia\,{Shemale Yum Dvd03~G53~09~09 - Kathia}
kathia002.jpg,118156,2c9b2c9f,\Gallery 53\09 - Kathia\,{Shemale Yum Dvd03~G53~09~09 - Kathia}
kathia003.jpg,112525,101260c5,\Gallery 53\09 - Kathia\,{Shemale Yum Dvd03~G53~09~09 - Kathia}
kathia004.jpg,120154,dc76e45e,\Gallery 53\09 - Kathia\,{Shemale Yum Dvd03~G53~09~09 - Kathia}
kathia005.jpg,105242,356b8990,\Gallery 53\09 - Kathia\,{Shemale Yum Dvd03~G53~09~09 - Kathia}
kathia006.jpg,117932,2dc6ddc2,\Gallery 53\09 - Kathia\,{Shemale Yum Dvd03~G53~09~09 - Kathia}
kathia007.jpg,114758,e7e4cfce,\Gallery 53\09 - Kathia\,{Shemale Yum Dvd03~G53~09~09 - Kathia}
kathia008.jpg,128967,ea879809,\Gallery 53\09 - Kathia\,{Shemale Yum Dvd03~G53~09~09 - Kathia}
kathia009.jpg,105984,0e6d102f,\Gallery 53\09 - Kathia\,{Shemale Yum Dvd03~G53~09~09 - Kathia}
kathia010.jpg,115398,2d5d9074,\Gallery 53\09 - Kathia\,{Shemale Yum Dvd03~G53~09~09 - Kathia}
kathia011.jpg,128009,e70c3046,\Gallery 53\09 - Kathia\,{Shemale Yum Dvd03~G53~09~09 - Kathia}
kathia012.jpg,138426,03316e46,\Gallery 53\09 - Kathia\,{Shemale Yum Dvd03~G53~09~09 - Kathia}
kathia013.jpg,135373,9a59447b,\Gallery 53\09 - Kathia\,{Shemale Yum Dvd03~G53~09~09 - Kathia}
kathia014.jpg,128093,f096d173,\Gallery 53\09 - Kathia\,{Shemale Yum Dvd03~G53~09~09 - Kathia}
kathia015.jpg,122703,e860297e,\Gallery 53\09 - Kathia\,{Shemale Yum Dvd03~G53~09~09 - Kathia}
kathia016.jpg,88039,832964b2,\Gallery 53\09 - Kathia\,{Shemale Yum Dvd03~G53~09~09 - Kathia}
kathia017.jpg,125995,61cb7d9d,\Gallery 53\09 - Kathia\,{Shemale Yum Dvd03~G53~09~09 - Kathia}
kathia018.jpg,115202,0b2c0b1e,\Gallery 53\09 - Kathia\,{Shemale Yum Dvd03~G53~09~09 - Kathia}
kathia019.jpg,129904,d56efa57,\Gallery 53\09 - Kathia\,{Shemale Yum Dvd03~G53~09~09 - Kathia}
kathia020.jpg,135879,c4c4e8fd,\Gallery 53\09 - Kathia\,{Shemale Yum Dvd03~G53~09~09 - Kathia}
kathia021.jpg,129337,e6b596a7,\Gallery 53\09 - Kathia\,{Shemale Yum Dvd03~G53~09~09 - Kathia}
kathia022.jpg,117082,af45d6b7,\Gallery 53\09 - Kathia\,{Shemale Yum Dvd03~G53~09~09 - Kathia}
kathia023.jpg,133255,ffbbb483,\Gallery 53\09 - Kathia\,{Shemale Yum Dvd03~G53~09~09 - Kathia}
kathia024.jpg,126995,515ce531,\Gallery 53\09 - Kathia\,{Shemale Yum Dvd03~G53~09~09 - Kathia}
kathia025.jpg,120894,72a69c44,\Gallery 53\09 - Kathia\,{Shemale Yum Dvd03~G53~09~09 - Kathia}
kathia026.jpg,117088,87504cd2,\Gallery 53\09 - Kathia\,{Shemale Yum Dvd03~G53~09~09 - Kathia}
kathia027.jpg,112576,85cb37fd,\Gallery 53\09 - Kathia\,{Shemale Yum Dvd03~G53~09~09 - Kathia}
kathia028.jpg,101770,7d29b5c6,\Gallery 53\09 - Kathia\,{Shemale Yum Dvd03~G53~09~09 - Kathia}
kathia029.jpg,119793,62c7ca96,\Gallery 53\09 - Kathia\,{Shemale Yum Dvd03~G53~09~09 - Kathia}
kathia030.jpg,117486,692b5dc3,\Gallery 53\09 - Kathia\,{Shemale Yum Dvd03~G53~09~09 - Kathia}
kathia031.jpg,127558,515c53f2,\Gallery 53\09 - Kathia\,{Shemale Yum Dvd03~G53~09~09 - Kathia}
kathia032.jpg,123180,3d37d7c9,\Gallery 53\09 - Kathia\,{Shemale Yum Dvd03~G53~09~09 - Kathia}
kathia033.jpg,106397,f4c0b57f,\Gallery 53\09 - Kathia\,{Shemale Yum Dvd03~G53~09~09 - Kathia}
kathia034.jpg,132227,3eaeaafb,\Gallery 53\09 - Kathia\,{Shemale Yum Dvd03~G53~09~09 - Kathia}
kathia035.jpg,136362,8b984ccb,\Gallery 53\09 - Kathia\,{Shemale Yum Dvd03~G53~09~09 - Kathia}
kathia036.jpg,135704,e7e1632b,\Gallery 53\09 - Kathia\,{Shemale Yum Dvd03~G53~09~09 - Kathia}
kathia038.jpg,123686,019b8cb8,\Gallery 53\09 - Kathia\,{Shemale Yum Dvd03~G53~09~09 - Kathia}
kathia039.jpg,113400,8083b55f,\Gallery 53\09 - Kathia\,{Shemale Yum Dvd03~G53~09~09 - Kathia}
kathia040.jpg,122935,7bab1351,\Gallery 53\09 - Kathia\,{Shemale Yum Dvd03~G53~09~09 - Kathia}
kathia041.jpg,102032,1da0fb9a,\Gallery 53\09 - Kathia\,{Shemale Yum Dvd03~G53~09~09 - Kathia}
kathia042.jpg,111923,0547bc01,\Gallery 53\09 - Kathia\,{Shemale Yum Dvd03~G53~09~09 - Kathia}
kathia043.jpg,106321,01abdf45,\Gallery 53\09 - Kathia\,{Shemale Yum Dvd03~G53~09~09 - Kathia}
kathia044.jpg,116864,4f67633f,\Gallery 53\09 - Kathia\,{Shemale Yum Dvd03~G53~09~09 - Kathia}
kathia045.jpg,112485,b99a35c6,\Gallery 53\09 - Kathia\,{Shemale Yum Dvd03~G53~09~09 - Kathia}
kathia048.jpg,131947,a84b7eca,\Gallery 53\09 - Kathia\,{Shemale Yum Dvd03~G53~09~09 - Kathia}
kathia049.jpg,136734,547a3d5c,\Gallery 53\09 - Kathia\,{Shemale Yum Dvd03~G53~09~09 - Kathia}
kathia050.jpg,119237,23094025,\Gallery 53\09 - Kathia\,{Shemale Yum Dvd03~G53~09~09 - Kathia}
kathia051.jpg,125755,a4f43636,\Gallery 53\09 - Kathia\,{Shemale Yum Dvd03~G53~09~09 - Kathia}
kathia052.jpg,138849,8e747d78,\Gallery 53\09 - Kathia\,{Shemale Yum Dvd03~G53~09~09 - Kathia}
kathia053.jpg,114616,56d3015a,\Gallery 53\09 - Kathia\,{Shemale Yum Dvd03~G53~09~09 - Kathia}
kathia054.jpg,136356,dd9482c0,\Gallery 53\09 - Kathia\,{Shemale Yum Dvd03~G53~09~09 - Kathia}
kathia055.jpg,128352,7c12909a,\Gallery 53\09 - Kathia\,{Shemale Yum Dvd03~G53~09~09 - Kathia}
kathia056.jpg,128302,6edf2905,\Gallery 53\09 - Kathia\,{Shemale Yum Dvd03~G53~09~09 - Kathia}
kathia058.jpg,113931,76c10712,\Gallery 53\09 - Kathia\,{Shemale Yum Dvd03~G53~09~09 - Kathia}
kathia059.jpg,115583,78e3d378,\Gallery 53\09 - Kathia\,{Shemale Yum Dvd03~G53~09~09 - Kathia}
kathia060.jpg,123080,b4e3ece5,\Gallery 53\09 - Kathia\,{Shemale Yum Dvd03~G53~09~09 - Kathia}
kathia061.jpg,127643,23ab27f1,\Gallery 53\09 - Kathia\,{Shemale Yum Dvd03~G53~09~09 - Kathia}
kathia062.jpg,132950,9e8ba23e,\Gallery 53\09 - Kathia\,{Shemale Yum Dvd03~G53~09~09 - Kathia}
kathia063.jpg,138300,e59a52f7,\Gallery 53\09 - Kathia\,{Shemale Yum Dvd03~G53~09~09 - Kathia}
kathia064.jpg,141109,065ad438,\Gallery 53\09 - Kathia\,{Shemale Yum Dvd03~G53~09~09 - Kathia}
kathia065.jpg,138015,109e495e,\Gallery 53\09 - Kathia\,{Shemale Yum Dvd03~G53~09~09 - Kathia}
kathia066.jpg,101694,0b2f1acb,\Gallery 53\09 - Kathia\,{Shemale Yum Dvd03~G53~09~09 - Kathia}
kathia067.jpg,108376,fd5918cb,\Gallery 53\09 - Kathia\,{Shemale Yum Dvd03~G53~09~09 - Kathia}
kathia068.jpg,115610,a5ee2fa7,\Gallery 53\09 - Kathia\,{Shemale Yum Dvd03~G53~09~09 - Kathia}
kathia069.jpg,126932,f963c1b3,\Gallery 53\09 - Kathia\,{Shemale Yum Dvd03~G53~09~09 - Kathia}
kathia070.jpg,114586,c974dfcb,\Gallery 53\09 - Kathia\,{Shemale Yum Dvd03~G53~09~09 - Kathia}
kathia071.jpg,126669,300e8870,\Gallery 53\09 - Kathia\,{Shemale Yum Dvd03~G53~09~09 - Kathia}
kathia072.jpg,138854,1c3256a8,\Gallery 53\09 - Kathia\,{Shemale Yum Dvd03~G53~09~09 - Kathia}
kathia073.jpg,129241,49e183fd,\Gallery 53\09 - Kathia\,{Shemale Yum Dvd03~G53~09~09 - Kathia}
kathia074.jpg,112272,9d22a6e7,\Gallery 53\09 - Kathia\,{Shemale Yum Dvd03~G53~09~09 - Kathia}
kathia075.jpg,141250,82a7899c,\Gallery 53\09 - Kathia\,{Shemale Yum Dvd03~G53~09~09 - Kathia}
kathia076.jpg,137361,de299cb6,\Gallery 53\09 - Kathia\,{Shemale Yum Dvd03~G53~09~09 - Kathia}
kathia077.jpg,129197,7b71afa7,\Gallery 53\09 - Kathia\,{Shemale Yum Dvd03~G53~09~09 - Kathia}
kathia078.jpg,137945,3c91e683,\Gallery 53\09 - Kathia\,{Shemale Yum Dvd03~G53~09~09 - Kathia}
kathia079.jpg,137034,a5ac4939,\Gallery 53\09 - Kathia\,{Shemale Yum Dvd03~G53~09~09 - Kathia}
kathia080.jpg,129605,867d7833,\Gallery 53\09 - Kathia\,{Shemale Yum Dvd03~G53~09~09 - Kathia}
kathia081.jpg,139340,5388040c,\Gallery 53\09 - Kathia\,{Shemale Yum Dvd03~G53~09~09 - Kathia}
kathia082.jpg,129133,d8de62b7,\Gallery 53\09 - Kathia\,{Shemale Yum Dvd03~G53~09~09 - Kathia}
kathia083.jpg,142319,c54d2a45,\Gallery 53\09 - Kathia\,{Shemale Yum Dvd03~G53~09~09 - Kathia}
kathia084.jpg,137254,cdbad676,\Gallery 53\09 - Kathia\,{Shemale Yum Dvd03~G53~09~09 - Kathia}
kathia085.jpg,133412,84d92441,\Gallery 53\09 - Kathia\,{Shemale Yum Dvd03~G53~09~09 - Kathia}
kathia086.jpg,128613,af8cd4ac,\Gallery 53\09 - Kathia\,{Shemale Yum Dvd03~G53~09~09 - Kathia}
kathia087.jpg,125783,80d435a6,\Gallery 53\09 - Kathia\,{Shemale Yum Dvd03~G53~09~09 - Kathia}
kathia088.jpg,122423,59eb8d73,\Gallery 53\09 - Kathia\,{Shemale Yum Dvd03~G53~09~09 - Kathia}
kathia089.jpg,126922,d00f69b1,\Gallery 53\09 - Kathia\,{Shemale Yum Dvd03~G53~09~09 - Kathia}
kathia090.jpg,132807,6faf9a63,\Gallery 53\09 - Kathia\,{Shemale Yum Dvd03~G53~09~09 - Kathia}
kathia091.jpg,125981,d7392138,\Gallery 53\09 - Kathia\,{Shemale Yum Dvd03~G53~09~09 - Kathia}
kathia092.jpg,136752,ea141a0c,\Gallery 53\09 - Kathia\,{Shemale Yum Dvd03~G53~09~09 - Kathia}
kathia093.jpg,133733,296ae251,\Gallery 53\09 - Kathia\,{Shemale Yum Dvd03~G53~09~09 - Kathia}
kathia094.jpg,128014,5c3ecc09,\Gallery 53\09 - Kathia\,{Shemale Yum Dvd03~G53~09~09 - Kathia}
kathia095.jpg,118133,34640a15,\Gallery 53\09 - Kathia\,{Shemale Yum Dvd03~G53~09~09 - Kathia}
kathia096.jpg,124711,b1c510ba,\Gallery 53\09 - Kathia\,{Shemale Yum Dvd03~G53~09~09 - Kathia}
kathia097.jpg,116850,ac72a59b,\Gallery 53\09 - Kathia\,{Shemale Yum Dvd03~G53~09~09 - Kathia}
kathia098.jpg,130304,5e188fa9,\Gallery 53\09 - Kathia\,{Shemale Yum Dvd03~G53~09~09 - Kathia}
kathia099.jpg,130563,5636b4a7,\Gallery 53\09 - Kathia\,{Shemale Yum Dvd03~G53~09~09 - Kathia}
kathiab001.jpg,202229,c0585a39,\Gallery 53\09 - Kathia (2)\,{Shemale Yum Dvd03~G53~09-2~09 - Kathia (2)}
kathiab002.jpg,140110,3b700671,\Gallery 53\09 - Kathia (2)\,{Shemale Yum Dvd03~G53~09-2~09 - Kathia (2)}
kathiab003.jpg,124663,684c46e9,\Gallery 53\09 - Kathia (2)\,{Shemale Yum Dvd03~G53~09-2~09 - Kathia (2)}
kathiab004.jpg,137043,66fb5e99,\Gallery 53\09 - Kathia (2)\,{Shemale Yum Dvd03~G53~09-2~09 - Kathia (2)}
kathiab005.jpg,122530,b2b4a882,\Gallery 53\09 - Kathia (2)\,{Shemale Yum Dvd03~G53~09-2~09 - Kathia (2)}
kathiab006.jpg,126515,e57b8a7a,\Gallery 53\09 - Kathia (2)\,{Shemale Yum Dvd03~G53~09-2~09 - Kathia (2)}
kathiab007.jpg,111989,1f3771a6,\Gallery 53\09 - Kathia (2)\,{Shemale Yum Dvd03~G53~09-2~09 - Kathia (2)}
kathiab008.jpg,164704,78fb9cad,\Gallery 53\09 - Kathia (2)\,{Shemale Yum Dvd03~G53~09-2~09 - Kathia (2)}
kathiab009.jpg,165138,c126aa46,\Gallery 53\09 - Kathia (2)\,{Shemale Yum Dvd03~G53~09-2~09 - Kathia (2)}
kathiab010.jpg,159963,29d59a74,\Gallery 53\09 - Kathia (2)\,{Shemale Yum Dvd03~G53~09-2~09 - Kathia (2)}
kathiab011.jpg,111154,02994c00,\Gallery 53\09 - Kathia (2)\,{Shemale Yum Dvd03~G53~09-2~09 - Kathia (2)}
kathiab012.jpg,141342,26e8d79b,\Gallery 53\09 - Kathia (2)\,{Shemale Yum Dvd03~G53~09-2~09 - Kathia (2)}
kathiab013.jpg,140762,5e4edcfe,\Gallery 53\09 - Kathia (2)\,{Shemale Yum Dvd03~G53~09-2~09 - Kathia (2)}
kathiab014.jpg,146619,4d45ca09,\Gallery 53\09 - Kathia (2)\,{Shemale Yum Dvd03~G53~09-2~09 - Kathia (2)}
kathiab015.jpg,128808,ff5ec931,\Gallery 53\09 - Kathia (2)\,{Shemale Yum Dvd03~G53~09-2~09 - Kathia (2)}
kathiab016.jpg,120087,842df09a,\Gallery 53\09 - Kathia (2)\,{Shemale Yum Dvd03~G53~09-2~09 - Kathia (2)}
kathiab017.jpg,107620,692c8b15,\Gallery 53\09 - Kathia (2)\,{Shemale Yum Dvd03~G53~09-2~09 - Kathia (2)}
kathiab018.jpg,124730,4cd334e8,\Gallery 53\09 - Kathia (2)\,{Shemale Yum Dvd03~G53~09-2~09 - Kathia (2)}
kathiab019.jpg,133575,fd0e028c,\Gallery 53\09 - Kathia (2)\,{Shemale Yum Dvd03~G53~09-2~09 - Kathia (2)}
kathiab020.jpg,140599,d472825d,\Gallery 53\09 - Kathia (2)\,{Shemale Yum Dvd03~G53~09-2~09 - Kathia (2)}
kathiab021.jpg,157037,e790ea65,\Gallery 53\09 - Kathia (2)\,{Shemale Yum Dvd03~G53~09-2~09 - Kathia (2)}
kathiab022.jpg,128903,dbeabc92,\Gallery 53\09 - Kathia (2)\,{Shemale Yum Dvd03~G53~09-2~09 - Kathia (2)}
kathiab023.jpg,113749,f9ba5d97,\Gallery 53\09 - Kathia (2)\,{Shemale Yum Dvd03~G53~09-2~09 - Kathia (2)}
kathiab024.jpg,142988,0b34029c,\Gallery 53\09 - Kathia (2)\,{Shemale Yum Dvd03~G53~09-2~09 - Kathia (2)}
kathiab025.jpg,190019,c5de04e3,\Gallery 53\09 - Kathia (2)\,{Shemale Yum Dvd03~G53~09-2~09 - Kathia (2)}
kathiab026.jpg,193011,dd5eb5e7,\Gallery 53\09 - Kathia (2)\,{Shemale Yum Dvd03~G53~09-2~09 - Kathia (2)}
kathiab027.jpg,167146,41dd086d,\Gallery 53\09 - Kathia (2)\,{Shemale Yum Dvd03~G53~09-2~09 - Kathia (2)}
kathiab028.jpg,137549,e6204b6b,\Gallery 53\09 - Kathia (2)\,{Shemale Yum Dvd03~G53~09-2~09 - Kathia (2)}
kathiab029.jpg,157832,117f4762,\Gallery 53\09 - Kathia (2)\,{Shemale Yum Dvd03~G53~09-2~09 - Kathia (2)}
kathiab030.jpg,127019,a1439625,\Gallery 53\09 - Kathia (2)\,{Shemale Yum Dvd03~G53~09-2~09 - Kathia (2)}
kathiab031.jpg,127023,d369f2a3,\Gallery 53\09 - Kathia (2)\,{Shemale Yum Dvd03~G53~09-2~09 - Kathia (2)}
kathiab032.jpg,137172,e318abb7,\Gallery 53\09 - Kathia (2)\,{Shemale Yum Dvd03~G53~09-2~09 - Kathia (2)}
kathiab033.jpg,136235,f2b2fae9,\Gallery 53\09 - Kathia (2)\,{Shemale Yum Dvd03~G53~09-2~09 - Kathia (2)}
kathiab034.jpg,125908,b3b318ef,\Gallery 53\09 - Kathia (2)\,{Shemale Yum Dvd03~G53~09-2~09 - Kathia (2)}
kathiab035.jpg,130943,4ac86893,\Gallery 53\09 - Kathia (2)\,{Shemale Yum Dvd03~G53~09-2~09 - Kathia (2)}
kathiab036.jpg,122432,ffeb0b04,\Gallery 53\09 - Kathia (2)\,{Shemale Yum Dvd03~G53~09-2~09 - Kathia (2)}
kathiab037.jpg,131036,1466e176,\Gallery 53\09 - Kathia (2)\,{Shemale Yum Dvd03~G53~09-2~09 - Kathia (2)}
kathiab038.jpg,111678,406e2c0c,\Gallery 53\09 - Kathia (2)\,{Shemale Yum Dvd03~G53~09-2~09 - Kathia (2)}
kathiab039.jpg,118938,bf3f73ae,\Gallery 53\09 - Kathia (2)\,{Shemale Yum Dvd03~G53~09-2~09 - Kathia (2)}
kathiab040.jpg,112587,1ddab1e9,\Gallery 53\09 - Kathia (2)\,{Shemale Yum Dvd03~G53~09-2~09 - Kathia (2)}
kathiab041.jpg,123917,1c3afffb,\Gallery 53\09 - Kathia (2)\,{Shemale Yum Dvd03~G53~09-2~09 - Kathia (2)}
kathiab042.jpg,121763,2aacb313,\Gallery 53\09 - Kathia (2)\,{Shemale Yum Dvd03~G53~09-2~09 - Kathia (2)}
kathiab043.jpg,132694,84ca9986,\Gallery 53\09 - Kathia (2)\,{Shemale Yum Dvd03~G53~09-2~09 - Kathia (2)}
kathiab044.jpg,121482,e3908c2d,\Gallery 53\09 - Kathia (2)\,{Shemale Yum Dvd03~G53~09-2~09 - Kathia (2)}
kathiab045.jpg,130360,cdc2f17d,\Gallery 53\09 - Kathia (2)\,{Shemale Yum Dvd03~G53~09-2~09 - Kathia (2)}
kathiab046.jpg,134289,03700d25,\Gallery 53\09 - Kathia (2)\,{Shemale Yum Dvd03~G53~09-2~09 - Kathia (2)}
kathiab047.jpg,125626,0c7e867c,\Gallery 53\09 - Kathia (2)\,{Shemale Yum Dvd03~G53~09-2~09 - Kathia (2)}
kathiab048.jpg,132265,217937e2,\Gallery 53\09 - Kathia (2)\,{Shemale Yum Dvd03~G53~09-2~09 - Kathia (2)}
kathiab049.jpg,127935,f4505b38,\Gallery 53\09 - Kathia (2)\,{Shemale Yum Dvd03~G53~09-2~09 - Kathia (2)}
kathiab050.jpg,120055,4fe40e26,\Gallery 53\09 - Kathia (2)\,{Shemale Yum Dvd03~G53~09-2~09 - Kathia (2)}
kathiab051.jpg,115489,ddab59b8,\Gallery 53\09 - Kathia (2)\,{Shemale Yum Dvd03~G53~09-2~09 - Kathia (2)}
kathiab052.jpg,131783,3ee8dda5,\Gallery 53\09 - Kathia (2)\,{Shemale Yum Dvd03~G53~09-2~09 - Kathia (2)}
kathiab053.jpg,144762,4b1d9e06,\Gallery 53\09 - Kathia (2)\,{Shemale Yum Dvd03~G53~09-2~09 - Kathia (2)}
kathiab054.jpg,142778,72b09927,\Gallery 53\09 - Kathia (2)\,{Shemale Yum Dvd03~G53~09-2~09 - Kathia (2)}
kathiab055.jpg,135512,d4c08d59,\Gallery 53\09 - Kathia (2)\,{Shemale Yum Dvd03~G53~09-2~09 - Kathia (2)}
kathiab056.jpg,121620,f7e1772b,\Gallery 53\09 - Kathia (2)\,{Shemale Yum Dvd03~G53~09-2~09 - Kathia (2)}
kathiab057.jpg,119221,980210ac,\Gallery 53\09 - Kathia (2)\,{Shemale Yum Dvd03~G53~09-2~09 - Kathia (2)}
kathiab058.jpg,130460,d3e5104e,\Gallery 53\09 - Kathia (2)\,{Shemale Yum Dvd03~G53~09-2~09 - Kathia (2)}
kathiab059.jpg,116782,c1350c36,\Gallery 53\09 - Kathia (2)\,{Shemale Yum Dvd03~G53~09-2~09 - Kathia (2)}
kathiab060.jpg,116736,e6fe7d01,\Gallery 53\09 - Kathia (2)\,{Shemale Yum Dvd03~G53~09-2~09 - Kathia (2)}
kathiab061.jpg,126058,23b45a70,\Gallery 53\09 - Kathia (2)\,{Shemale Yum Dvd03~G53~09-2~09 - Kathia (2)}
kathiab062.jpg,112822,0361298f,\Gallery 53\09 - Kathia (2)\,{Shemale Yum Dvd03~G53~09-2~09 - Kathia (2)}
kathiab063.jpg,116638,a8f5fe00,\Gallery 53\09 - Kathia (2)\,{Shemale Yum Dvd03~G53~09-2~09 - Kathia (2)}
kathiab064.jpg,121058,5f5b66ae,\Gallery 53\09 - Kathia (2)\,{Shemale Yum Dvd03~G53~09-2~09 - Kathia (2)}
kathiab065.jpg,109241,e318143d,\Gallery 53\09 - Kathia (2)\,{Shemale Yum Dvd03~G53~09-2~09 - Kathia (2)}
kathiab066.jpg,121136,2088559a,\Gallery 53\09 - Kathia (2)\,{Shemale Yum Dvd03~G53~09-2~09 - Kathia (2)}
kathiab067.jpg,120528,e4f3d6fb,\Gallery 53\09 - Kathia (2)\,{Shemale Yum Dvd03~G53~09-2~09 - Kathia (2)}
kathiab068.jpg,167769,91ba3acc,\Gallery 53\09 - Kathia (2)\,{Shemale Yum Dvd03~G53~09-2~09 - Kathia (2)}
kathiab069.jpg,167023,3aa33d61,\Gallery 53\09 - Kathia (2)\,{Shemale Yum Dvd03~G53~09-2~09 - Kathia (2)}
kathiab070.jpg,118683,6571eb92,\Gallery 53\09 - Kathia (2)\,{Shemale Yum Dvd03~G53~09-2~09 - Kathia (2)}
kathiab071.jpg,112876,7873f716,\Gallery 53\09 - Kathia (2)\,{Shemale Yum Dvd03~G53~09-2~09 - Kathia (2)}
kathiab072.jpg,127278,83947112,\Gallery 53\09 - Kathia (2)\,{Shemale Yum Dvd03~G53~09-2~09 - Kathia (2)}
kathiab073.jpg,89929,424b6e49,\Gallery 53\09 - Kathia (2)\,{Shemale Yum Dvd03~G53~09-2~09 - Kathia (2)}
kathiab074.jpg,129639,ca9d14d0,\Gallery 53\09 - Kathia (2)\,{Shemale Yum Dvd03~G53~09-2~09 - Kathia (2)}
kathiab075.jpg,125265,841fe3af,\Gallery 53\09 - Kathia (2)\,{Shemale Yum Dvd03~G53~09-2~09 - Kathia (2)}
kathiab076.jpg,122678,52c28d3f,\Gallery 53\09 - Kathia (2)\,{Shemale Yum Dvd03~G53~09-2~09 - Kathia (2)}
kathiab077.jpg,106415,33e76a60,\Gallery 53\09 - Kathia (2)\,{Shemale Yum Dvd03~G53~09-2~09 - Kathia (2)}
kathiab078.jpg,109934,a56a3e22,\Gallery 53\09 - Kathia (2)\,{Shemale Yum Dvd03~G53~09-2~09 - Kathia (2)}
kathiab079.jpg,89526,28d7ef00,\Gallery 53\09 - Kathia (2)\,{Shemale Yum Dvd03~G53~09-2~09 - Kathia (2)}
kathiab080.jpg,147720,59857cf8,\Gallery 53\09 - Kathia (2)\,{Shemale Yum Dvd03~G53~09-2~09 - Kathia (2)}
kathiab081.jpg,139983,7cc75e75,\Gallery 53\09 - Kathia (2)\,{Shemale Yum Dvd03~G53~09-2~09 - Kathia (2)}
kathiab082.jpg,121354,c8ddbbcd,\Gallery 53\09 - Kathia (2)\,{Shemale Yum Dvd03~G53~09-2~09 - Kathia (2)}
kathiab083.jpg,139969,74c8691c,\Gallery 53\09 - Kathia (2)\,{Shemale Yum Dvd03~G53~09-2~09 - Kathia (2)}
kathiab084.jpg,147357,85d5b3db,\Gallery 53\09 - Kathia (2)\,{Shemale Yum Dvd03~G53~09-2~09 - Kathia (2)}
kathiab085.jpg,132968,963f0891,\Gallery 53\09 - Kathia (2)\,{Shemale Yum Dvd03~G53~09-2~09 - Kathia (2)}
kathiab086.jpg,162476,66e4679f,\Gallery 53\09 - Kathia (2)\,{Shemale Yum Dvd03~G53~09-2~09 - Kathia (2)}
kathiab087.jpg,109646,2a847471,\Gallery 53\09 - Kathia (2)\,{Shemale Yum Dvd03~G53~09-2~09 - Kathia (2)}
kathiab088.jpg,119749,a1d78cf1,\Gallery 53\09 - Kathia (2)\,{Shemale Yum Dvd03~G53~09-2~09 - Kathia (2)}
kathiab089.jpg,122569,c755a388,\Gallery 53\09 - Kathia (2)\,{Shemale Yum Dvd03~G53~09-2~09 - Kathia (2)}
kathiab090.jpg,114806,1a4d99e1,\Gallery 53\09 - Kathia (2)\,{Shemale Yum Dvd03~G53~09-2~09 - Kathia (2)}
kathiab091.jpg,117443,dc0217eb,\Gallery 53\09 - Kathia (2)\,{Shemale Yum Dvd03~G53~09-2~09 - Kathia (2)}
nomi(1)48.jpg,112519,1f9b4ee3,\Gallery 53\10 - Nomi\,{Shemale Yum Dvd03~G53~10~10 - Nomi}
nomi(1)99.jpg,106198,94e1fa53,\Gallery 53\10 - Nomi\,{Shemale Yum Dvd03~G53~10~10 - Nomi}
nomi49.jpg,110139,e00a4402,\Gallery 53\10 - Nomi\,{Shemale Yum Dvd03~G53~10~10 - Nomi}
nomi50.jpg,138033,ee683528,\Gallery 53\10 - Nomi\,{Shemale Yum Dvd03~G53~10~10 - Nomi}
nomi51.jpg,137106,1fd64397,\Gallery 53\10 - Nomi\,{Shemale Yum Dvd03~G53~10~10 - Nomi}
nomi52.jpg,137537,f616f447,\Gallery 53\10 - Nomi\,{Shemale Yum Dvd03~G53~10~10 - Nomi}
nomi53.jpg,135785,376c7350,\Gallery 53\10 - Nomi\,{Shemale Yum Dvd03~G53~10~10 - Nomi}
nomi54.jpg,136418,e5ce397f,\Gallery 53\10 - Nomi\,{Shemale Yum Dvd03~G53~10~10 - Nomi}
nomi57.jpg,101921,f586fd12,\Gallery 53\10 - Nomi\,{Shemale Yum Dvd03~G53~10~10 - Nomi}
nomi58.jpg,131372,8c7de8a3,\Gallery 53\10 - Nomi\,{Shemale Yum Dvd03~G53~10~10 - Nomi}
nomi59.jpg,130935,c14ca5da,\Gallery 53\10 - Nomi\,{Shemale Yum Dvd03~G53~10~10 - Nomi}
nomi60.jpg,123953,6f5bb517,\Gallery 53\10 - Nomi\,{Shemale Yum Dvd03~G53~10~10 - Nomi}
nomi61.jpg,124937,8eb9c446,\Gallery 53\10 - Nomi\,{Shemale Yum Dvd03~G53~10~10 - Nomi}
nomi62.jpg,122698,cd112eea,\Gallery 53\10 - Nomi\,{Shemale Yum Dvd03~G53~10~10 - Nomi}
nomi63.jpg,125407,c547190f,\Gallery 53\10 - Nomi\,{Shemale Yum Dvd03~G53~10~10 - Nomi}
nomi64.jpg,133875,963d060f,\Gallery 53\10 - Nomi\,{Shemale Yum Dvd03~G53~10~10 - Nomi}
nomi65.jpg,112815,38d1c609,\Gallery 53\10 - Nomi\,{Shemale Yum Dvd03~G53~10~10 - Nomi}
nomi66.jpg,124921,d5d34fe2,\Gallery 53\10 - Nomi\,{Shemale Yum Dvd03~G53~10~10 - Nomi}
nomi67.jpg,115713,c9952628,\Gallery 53\10 - Nomi\,{Shemale Yum Dvd03~G53~10~10 - Nomi}
nomi68.jpg,118345,95df4d49,\Gallery 53\10 - Nomi\,{Shemale Yum Dvd03~G53~10~10 - Nomi}
nomi69.jpg,113722,5c246328,\Gallery 53\10 - Nomi\,{Shemale Yum Dvd03~G53~10~10 - Nomi}
nomi70.jpg,109848,89491a88,\Gallery 53\10 - Nomi\,{Shemale Yum Dvd03~G53~10~10 - Nomi}
nomi71.jpg,108983,e590a806,\Gallery 53\10 - Nomi\,{Shemale Yum Dvd03~G53~10~10 - Nomi}
nomi72.jpg,109232,23fe4bfe,\Gallery 53\10 - Nomi\,{Shemale Yum Dvd03~G53~10~10 - Nomi}
nomi73.jpg,117675,8fb06168,\Gallery 53\10 - Nomi\,{Shemale Yum Dvd03~G53~10~10 - Nomi}
nomi74.jpg,136491,1ba3f7a6,\Gallery 53\10 - Nomi\,{Shemale Yum Dvd03~G53~10~10 - Nomi}
nomi75.jpg,116448,c944c06b,\Gallery 53\10 - Nomi\,{Shemale Yum Dvd03~G53~10~10 - Nomi}
nomi76.jpg,100985,d158ded6,\Gallery 53\10 - Nomi\,{Shemale Yum Dvd03~G53~10~10 - Nomi}
nomi77.jpg,138348,a7a380c4,\Gallery 53\10 - Nomi\,{Shemale Yum Dvd03~G53~10~10 - Nomi}
nomi78.jpg,135422,2ab5b66a,\Gallery 53\10 - Nomi\,{Shemale Yum Dvd03~G53~10~10 - Nomi}
nomi79.jpg,133217,b04b7825,\Gallery 53\10 - Nomi\,{Shemale Yum Dvd03~G53~10~10 - Nomi}
nomi80.jpg,131641,ca20db5b,\Gallery 53\10 - Nomi\,{Shemale Yum Dvd03~G53~10~10 - Nomi}
nomi81.jpg,146412,1a45e612,\Gallery 53\10 - Nomi\,{Shemale Yum Dvd03~G53~10~10 - Nomi}
nomi82.jpg,135654,01f4ed97,\Gallery 53\10 - Nomi\,{Shemale Yum Dvd03~G53~10~10 - Nomi}
nomi83.jpg,131627,05f64703,\Gallery 53\10 - Nomi\,{Shemale Yum Dvd03~G53~10~10 - Nomi}
nomi84.jpg,141339,943be598,\Gallery 53\10 - Nomi\,{Shemale Yum Dvd03~G53~10~10 - Nomi}
nomi85.jpg,129297,df1a8ae5,\Gallery 53\10 - Nomi\,{Shemale Yum Dvd03~G53~10~10 - Nomi}
nomi86.jpg,103637,e7d271bc,\Gallery 53\10 - Nomi\,{Shemale Yum Dvd03~G53~10~10 - Nomi}
nomi87.jpg,113655,81afa041,\Gallery 53\10 - Nomi\,{Shemale Yum Dvd03~G53~10~10 - Nomi}
nomi88.jpg,113876,a4d35542,\Gallery 53\10 - Nomi\,{Shemale Yum Dvd03~G53~10~10 - Nomi}
nomi89.jpg,121072,1c846922,\Gallery 53\10 - Nomi\,{Shemale Yum Dvd03~G53~10~10 - Nomi}
nomi90.jpg,122074,5d9c3d1d,\Gallery 53\10 - Nomi\,{Shemale Yum Dvd03~G53~10~10 - Nomi}
nomi91.jpg,116627,8e3449c7,\Gallery 53\10 - Nomi\,{Shemale Yum Dvd03~G53~10~10 - Nomi}
nomi92.jpg,123374,e3f69511,\Gallery 53\10 - Nomi\,{Shemale Yum Dvd03~G53~10~10 - Nomi}
nomi94.jpg,128336,6d8271ce,\Gallery 53\10 - Nomi\,{Shemale Yum Dvd03~G53~10~10 - Nomi}
nomi95.jpg,90728,64b7769a,\Gallery 53\10 - Nomi\,{Shemale Yum Dvd03~G53~10~10 - Nomi}
nomi98.jpg,131863,de40f8ef,\Gallery 53\10 - Nomi\,{Shemale Yum Dvd03~G53~10~10 - Nomi}
nomi133.jpg,120146,9090bab3,\Gallery 53\10 - Nomi (2)\,{Shemale Yum Dvd03~G53~10-2~10 - Nomi (2)}
nomi134.jpg,97391,00b2ac99,\Gallery 53\10 - Nomi (2)\,{Shemale Yum Dvd03~G53~10-2~10 - Nomi (2)}
nomi135.jpg,127439,c081a1ea,\Gallery 53\10 - Nomi (2)\,{Shemale Yum Dvd03~G53~10-2~10 - Nomi (2)}
nomi136.jpg,127891,8c047151,\Gallery 53\10 - Nomi (2)\,{Shemale Yum Dvd03~G53~10-2~10 - Nomi (2)}
nomi137.jpg,132178,d79a70dd,\Gallery 53\10 - Nomi (2)\,{Shemale Yum Dvd03~G53~10-2~10 - Nomi (2)}
nomi138.jpg,137262,18b6985e,\Gallery 53\10 - Nomi (2)\,{Shemale Yum Dvd03~G53~10-2~10 - Nomi (2)}
nomi139.jpg,118499,a457c3fd,\Gallery 53\10 - Nomi (2)\,{Shemale Yum Dvd03~G53~10-2~10 - Nomi (2)}
nomi140.jpg,133505,4fa1f22b,\Gallery 53\10 - Nomi (2)\,{Shemale Yum Dvd03~G53~10-2~10 - Nomi (2)}
nomi141.jpg,124367,47d07a4b,\Gallery 53\10 - Nomi (2)\,{Shemale Yum Dvd03~G53~10-2~10 - Nomi (2)}
nomi142.jpg,164190,8dca31ed,\Gallery 53\10 - Nomi (2)\,{Shemale Yum Dvd03~G53~10-2~10 - Nomi (2)}
nomi143.jpg,170441,3ff3c918,\Gallery 53\10 - Nomi (2)\,{Shemale Yum Dvd03~G53~10-2~10 - Nomi (2)}
nomi144.jpg,180132,de3d2180,\Gallery 53\10 - Nomi (2)\,{Shemale Yum Dvd03~G53~10-2~10 - Nomi (2)}
nomi147.jpg,132565,0ead2f2f,\Gallery 53\10 - Nomi (2)\,{Shemale Yum Dvd03~G53~10-2~10 - Nomi (2)}
nomi148.jpg,133361,da6a183b,\Gallery 53\10 - Nomi (2)\,{Shemale Yum Dvd03~G53~10-2~10 - Nomi (2)}
nomi149.jpg,132884,a4599af7,\Gallery 53\10 - Nomi (2)\,{Shemale Yum Dvd03~G53~10-2~10 - Nomi (2)}
nomi150.jpg,144737,f669bf53,\Gallery 53\10 - Nomi (2)\,{Shemale Yum Dvd03~G53~10-2~10 - Nomi (2)}
nomi151.jpg,135068,7ba1896e,\Gallery 53\10 - Nomi (2)\,{Shemale Yum Dvd03~G53~10-2~10 - Nomi (2)}
nomi152.jpg,132011,f211c4f4,\Gallery 53\10 - Nomi (2)\,{Shemale Yum Dvd03~G53~10-2~10 - Nomi (2)}
nomi153.jpg,139484,e7548f2f,\Gallery 53\10 - Nomi (2)\,{Shemale Yum Dvd03~G53~10-2~10 - Nomi (2)}
nomi154.jpg,151816,adde41ed,\Gallery 53\10 - Nomi (2)\,{Shemale Yum Dvd03~G53~10-2~10 - Nomi (2)}
nomi155.jpg,155962,71f0e79a,\Gallery 53\10 - Nomi (2)\,{Shemale Yum Dvd03~G53~10-2~10 - Nomi (2)}
nomi156.jpg,157465,38dffcc9,\Gallery 53\10 - Nomi (2)\,{Shemale Yum Dvd03~G53~10-2~10 - Nomi (2)}
nomi157.jpg,152134,81627f76,\Gallery 53\10 - Nomi (2)\,{Shemale Yum Dvd03~G53~10-2~10 - Nomi (2)}
nomi158.jpg,152016,08bd223c,\Gallery 53\10 - Nomi (2)\,{Shemale Yum Dvd03~G53~10-2~10 - Nomi (2)}
nomi159.jpg,132547,aa95b406,\Gallery 53\10 - Nomi (2)\,{Shemale Yum Dvd03~G53~10-2~10 - Nomi (2)}
nomi160.jpg,130034,952c8843,\Gallery 53\10 - Nomi (2)\,{Shemale Yum Dvd03~G53~10-2~10 - Nomi (2)}
nomi161.jpg,134656,3353f504,\Gallery 53\10 - Nomi (2)\,{Shemale Yum Dvd03~G53~10-2~10 - Nomi (2)}
nomi162.jpg,164166,42fb2895,\Gallery 53\10 - Nomi (2)\,{Shemale Yum Dvd03~G53~10-2~10 - Nomi (2)}
nomi163.jpg,138287,a715167a,\Gallery 53\10 - Nomi (2)\,{Shemale Yum Dvd03~G53~10-2~10 - Nomi (2)}
nomi164.jpg,132708,8aff03d3,\Gallery 53\10 - Nomi (2)\,{Shemale Yum Dvd03~G53~10-2~10 - Nomi (2)}
nomi165.jpg,129416,ad54bb8c,\Gallery 53\10 - Nomi (2)\,{Shemale Yum Dvd03~G53~10-2~10 - Nomi (2)}
nomi166.jpg,142506,bf7669e6,\Gallery 53\10 - Nomi (2)\,{Shemale Yum Dvd03~G53~10-2~10 - Nomi (2)}
nomi167.jpg,139973,50436930,\Gallery 53\10 - Nomi (2)\,{Shemale Yum Dvd03~G53~10-2~10 - Nomi (2)}
nomi168.jpg,125842,4ef13c88,\Gallery 53\10 - Nomi (2)\,{Shemale Yum Dvd03~G53~10-2~10 - Nomi (2)}
nomi169.jpg,133945,6f91db13,\Gallery 53\10 - Nomi (2)\,{Shemale Yum Dvd03~G53~10-2~10 - Nomi (2)}
nomi170.jpg,135089,e5552b25,\Gallery 53\10 - Nomi (2)\,{Shemale Yum Dvd03~G53~10-2~10 - Nomi (2)}
nomi171.jpg,142251,de32de46,\Gallery 53\10 - Nomi (2)\,{Shemale Yum Dvd03~G53~10-2~10 - Nomi (2)}
nomi172.jpg,144335,e3832cc8,\Gallery 53\10 - Nomi (2)\,{Shemale Yum Dvd03~G53~10-2~10 - Nomi (2)}
nomi173.jpg,150610,2dd906b9,\Gallery 53\10 - Nomi (2)\,{Shemale Yum Dvd03~G53~10-2~10 - Nomi (2)}
nomi174.jpg,149732,13b67d6d,\Gallery 53\10 - Nomi (2)\,{Shemale Yum Dvd03~G53~10-2~10 - Nomi (2)}
nomi175.jpg,126334,1525b299,\Gallery 53\10 - Nomi (2)\,{Shemale Yum Dvd03~G53~10-2~10 - Nomi (2)}
nomi176.jpg,123974,4de813ab,\Gallery 53\10 - Nomi (2)\,{Shemale Yum Dvd03~G53~10-2~10 - Nomi (2)}
nomi177.jpg,127575,95c4cb13,\Gallery 53\10 - Nomi (2)\,{Shemale Yum Dvd03~G53~10-2~10 - Nomi (2)}
nomi178.jpg,127643,95e0fb28,\Gallery 53\10 - Nomi (2)\,{Shemale Yum Dvd03~G53~10-2~10 - Nomi (2)}
nomi179.jpg,128249,02d85265,\Gallery 53\10 - Nomi (2)\,{Shemale Yum Dvd03~G53~10-2~10 - Nomi (2)}
nomi180.jpg,145077,0aa60c35,\Gallery 53\10 - Nomi (2)\,{Shemale Yum Dvd03~G53~10-2~10 - Nomi (2)}
nomi181.jpg,133392,26f1e3c1,\Gallery 53\10 - Nomi (2)\,{Shemale Yum Dvd03~G53~10-2~10 - Nomi (2)}
nomi182.jpg,140952,27584418,\Gallery 53\10 - Nomi (2)\,{Shemale Yum Dvd03~G53~10-2~10 - Nomi (2)}
nomi183.jpg,133429,7f09d551,\Gallery 53\10 - Nomi (2)\,{Shemale Yum Dvd03~G53~10-2~10 - Nomi (2)}
nomi184.jpg,96261,b47f2824,\Gallery 53\10 - Nomi (2)\,{Shemale Yum Dvd03~G53~10-2~10 - Nomi (2)}
nomi185.jpg,127030,b4e95128,\Gallery 53\10 - Nomi (2)\,{Shemale Yum Dvd03~G53~10-2~10 - Nomi (2)}
nomi186.jpg,129645,fdb878e3,\Gallery 53\10 - Nomi (2)\,{Shemale Yum Dvd03~G53~10-2~10 - Nomi (2)}
nomi187.jpg,137339,71a8f1e6,\Gallery 53\10 - Nomi (2)\,{Shemale Yum Dvd03~G53~10-2~10 - Nomi (2)}
nomi188.jpg,131044,cb565cd2,\Gallery 53\10 - Nomi (2)\,{Shemale Yum Dvd03~G53~10-2~10 - Nomi (2)}
nomi189.jpg,137714,8094fca9,\Gallery 53\10 - Nomi (2)\,{Shemale Yum Dvd03~G53~10-2~10 - Nomi (2)}
morena002.jpg,190861,31e4f2ff,\Gallery 57\03 - Morena\,{Shemale Yum Dvd03~G57~03~03 - Morena}
morena003.jpg,150274,d9e9cc79,\Gallery 57\03 - Morena\,{Shemale Yum Dvd03~G57~03~03 - Morena}
morena004.jpg,132519,d40394bc,\Gallery 57\03 - Morena\,{Shemale Yum Dvd03~G57~03~03 - Morena}
morena005.jpg,125760,1b825e5a,\Gallery 57\03 - Morena\,{Shemale Yum Dvd03~G57~03~03 - Morena}
morena006.jpg,143097,700670dd,\Gallery 57\03 - Morena\,{Shemale Yum Dvd03~G57~03~03 - Morena}
morena007.jpg,153041,ee281625,\Gallery 57\03 - Morena\,{Shemale Yum Dvd03~G57~03~03 - Morena}
morena008.jpg,155868,f95a674d,\Gallery 57\03 - Morena\,{Shemale Yum Dvd03~G57~03~03 - Morena}
morena009.jpg,151035,e4d797f0,\Gallery 57\03 - Morena\,{Shemale Yum Dvd03~G57~03~03 - Morena}
morena010.jpg,134024,85f5def9,\Gallery 57\03 - Morena\,{Shemale Yum Dvd03~G57~03~03 - Morena}
morena011.jpg,121198,0cb23235,\Gallery 57\03 - Morena\,{Shemale Yum Dvd03~G57~03~03 - Morena}
morena012.jpg,153239,b5abc9af,\Gallery 57\03 - Morena\,{Shemale Yum Dvd03~G57~03~03 - Morena}
morena013.jpg,160277,71ca6d56,\Gallery 57\03 - Morena\,{Shemale Yum Dvd03~G57~03~03 - Morena}
morena014.jpg,157080,146dbabe,\Gallery 57\03 - Morena\,{Shemale Yum Dvd03~G57~03~03 - Morena}
morena015.jpg,149779,94be83b9,\Gallery 57\03 - Morena\,{Shemale Yum Dvd03~G57~03~03 - Morena}
morena016.jpg,144839,bd663362,\Gallery 57\03 - Morena\,{Shemale Yum Dvd03~G57~03~03 - Morena}
morena017.jpg,135914,977b18ce,\Gallery 57\03 - Morena\,{Shemale Yum Dvd03~G57~03~03 - Morena}
morena018.jpg,146071,2d99e989,\Gallery 57\03 - Morena\,{Shemale Yum Dvd03~G57~03~03 - Morena}
morena019.jpg,105400,99557f03,\Gallery 57\03 - Morena\,{Shemale Yum Dvd03~G57~03~03 - Morena}
morena020.jpg,136994,84a34e45,\Gallery 57\03 - Morena\,{Shemale Yum Dvd03~G57~03~03 - Morena}
morena021.jpg,112316,ebf5e83f,\Gallery 57\03 - Morena\,{Shemale Yum Dvd03~G57~03~03 - Morena}
morena022.jpg,120852,07005b59,\Gallery 57\03 - Morena\,{Shemale Yum Dvd03~G57~03~03 - Morena}
morena023.jpg,131119,1bd26e30,\Gallery 57\03 - Morena\,{Shemale Yum Dvd03~G57~03~03 - Morena}
morena024.jpg,144987,415ffa9d,\Gallery 57\03 - Morena\,{Shemale Yum Dvd03~G57~03~03 - Morena}
morena025.jpg,97513,95ae6814,\Gallery 57\03 - Morena\,{Shemale Yum Dvd03~G57~03~03 - Morena}
morena026.jpg,102763,ec85d1fa,\Gallery 57\03 - Morena\,{Shemale Yum Dvd03~G57~03~03 - Morena}
morena027.jpg,108952,f2210a02,\Gallery 57\03 - Morena\,{Shemale Yum Dvd03~G57~03~03 - Morena}
morena028.jpg,117632,46c98116,\Gallery 57\03 - Morena\,{Shemale Yum Dvd03~G57~03~03 - Morena}
morena029.jpg,134757,7ec3ed08,\Gallery 57\03 - Morena\,{Shemale Yum Dvd03~G57~03~03 - Morena}
morena030.jpg,130259,c0eedc8b,\Gallery 57\03 - Morena\,{Shemale Yum Dvd03~G57~03~03 - Morena}
morena031.jpg,106138,72f6203d,\Gallery 57\03 - Morena\,{Shemale Yum Dvd03~G57~03~03 - Morena}
morena032.jpg,103786,c845a854,\Gallery 57\03 - Morena\,{Shemale Yum Dvd03~G57~03~03 - Morena}
morena033.jpg,122170,9a06dac7,\Gallery 57\03 - Morena\,{Shemale Yum Dvd03~G57~03~03 - Morena}
morena034.jpg,95637,169af911,\Gallery 57\03 - Morena\,{Shemale Yum Dvd03~G57~03~03 - Morena}
morena035.jpg,157744,cc173b8d,\Gallery 57\03 - Morena\,{Shemale Yum Dvd03~G57~03~03 - Morena}
morena036.jpg,153509,526f098d,\Gallery 57\03 - Morena\,{Shemale Yum Dvd03~G57~03~03 - Morena}
morena037.jpg,163312,1eff4d1a,\Gallery 57\03 - Morena\,{Shemale Yum Dvd03~G57~03~03 - Morena}
morena039.jpg,154869,1915f89f,\Gallery 57\03 - Morena\,{Shemale Yum Dvd03~G57~03~03 - Morena}
morena040.jpg,153775,fee2e68c,\Gallery 57\03 - Morena\,{Shemale Yum Dvd03~G57~03~03 - Morena}
morena041.jpg,234823,7456e85c,\Gallery 57\03 - Morena\,{Shemale Yum Dvd03~G57~03~03 - Morena}
morena042.jpg,158984,950e9c39,\Gallery 57\03 - Morena\,{Shemale Yum Dvd03~G57~03~03 - Morena}
morena043.jpg,182547,88ce658d,\Gallery 57\03 - Morena\,{Shemale Yum Dvd03~G57~03~03 - Morena}
morena044.jpg,187069,aae0e137,\Gallery 57\03 - Morena\,{Shemale Yum Dvd03~G57~03~03 - Morena}
morena045.jpg,174378,012040e6,\Gallery 57\03 - Morena\,{Shemale Yum Dvd03~G57~03~03 - Morena}
morena047.jpg,211299,86fda4fa,\Gallery 57\03 - Morena\,{Shemale Yum Dvd03~G57~03~03 - Morena}
morena048.jpg,161463,f17dd7df,\Gallery 57\03 - Morena\,{Shemale Yum Dvd03~G57~03~03 - Morena}
morena049.jpg,155973,692bc7f0,\Gallery 57\03 - Morena\,{Shemale Yum Dvd03~G57~03~03 - Morena}
morena050.jpg,161851,65133cc2,\Gallery 57\03 - Morena\,{Shemale Yum Dvd03~G57~03~03 - Morena}
morena051.jpg,165106,a84fa03b,\Gallery 57\03 - Morena\,{Shemale Yum Dvd03~G57~03~03 - Morena}
morena052.jpg,151988,dae75f28,\Gallery 57\03 - Morena\,{Shemale Yum Dvd03~G57~03~03 - Morena}
morena053.jpg,152966,0801625a,\Gallery 57\03 - Morena\,{Shemale Yum Dvd03~G57~03~03 - Morena}
morena054.jpg,161993,1466064b,\Gallery 57\03 - Morena\,{Shemale Yum Dvd03~G57~03~03 - Morena}
morena055.jpg,179835,b97df09f,\Gallery 57\03 - Morena\,{Shemale Yum Dvd03~G57~03~03 - Morena}
morena056.jpg,159127,732be161,\Gallery 57\03 - Morena\,{Shemale Yum Dvd03~G57~03~03 - Morena}
morena057.jpg,165988,0325549c,\Gallery 57\03 - Morena\,{Shemale Yum Dvd03~G57~03~03 - Morena}
morena058.jpg,155289,ebd8e2ad,\Gallery 57\03 - Morena\,{Shemale Yum Dvd03~G57~03~03 - Morena}
morena059.jpg,158185,68ff9769,\Gallery 57\03 - Morena\,{Shemale Yum Dvd03~G57~03~03 - Morena}
morena060.jpg,131267,aad5ccf3,\Gallery 57\03 - Morena\,{Shemale Yum Dvd03~G57~03~03 - Morena}
morena061.jpg,161345,487e686f,\Gallery 57\03 - Morena\,{Shemale Yum Dvd03~G57~03~03 - Morena}
morena062.jpg,155143,cd3924eb,\Gallery 57\03 - Morena\,{Shemale Yum Dvd03~G57~03~03 - Morena}
morena063.jpg,147700,687add3a,\Gallery 57\03 - Morena\,{Shemale Yum Dvd03~G57~03~03 - Morena}
morena064.jpg,148653,00f25ad4,\Gallery 57\03 - Morena\,{Shemale Yum Dvd03~G57~03~03 - Morena}
morena065.jpg,158990,f4100f0d,\Gallery 57\03 - Morena\,{Shemale Yum Dvd03~G57~03~03 - Morena}
morena066.jpg,127425,cf1d84f9,\Gallery 57\03 - Morena\,{Shemale Yum Dvd03~G57~03~03 - Morena}
morena067.jpg,152991,20c0c35d,\Gallery 57\03 - Morena\,{Shemale Yum Dvd03~G57~03~03 - Morena}
morena068.jpg,155732,f443f460,\Gallery 57\03 - Morena\,{Shemale Yum Dvd03~G57~03~03 - Morena}
morena069.jpg,159045,ca3d8816,\Gallery 57\03 - Morena\,{Shemale Yum Dvd03~G57~03~03 - Morena}
morena070.jpg,112465,3cc95520,\Gallery 57\03 - Morena\,{Shemale Yum Dvd03~G57~03~03 - Morena}
morena071.jpg,108494,03f71020,\Gallery 57\03 - Morena\,{Shemale Yum Dvd03~G57~03~03 - Morena}
morena072.jpg,109250,b3fdaa3f,\Gallery 57\03 - Morena\,{Shemale Yum Dvd03~G57~03~03 - Morena}
morena073.jpg,107453,57b735a3,\Gallery 57\03 - Morena\,{Shemale Yum Dvd03~G57~03~03 - Morena}
morena074.jpg,112636,b260fedf,\Gallery 57\03 - Morena\,{Shemale Yum Dvd03~G57~03~03 - Morena}
morena075.jpg,108560,ce203f68,\Gallery 57\03 - Morena\,{Shemale Yum Dvd03~G57~03~03 - Morena}
morena076.jpg,111088,41958425,\Gallery 57\03 - Morena\,{Shemale Yum Dvd03~G57~03~03 - Morena}
morena077.jpg,115174,cbad9317,\Gallery 57\03 - Morena\,{Shemale Yum Dvd03~G57~03~03 - Morena}
morena078.jpg,119680,1a6f575c,\Gallery 57\03 - Morena\,{Shemale Yum Dvd03~G57~03~03 - Morena}
morena079.jpg,108526,e90c3fbb,\Gallery 57\03 - Morena\,{Shemale Yum Dvd03~G57~03~03 - Morena}
morena080.jpg,131566,2d9f3f81,\Gallery 57\03 - Morena\,{Shemale Yum Dvd03~G57~03~03 - Morena}
morena081.jpg,119150,d20c2d17,\Gallery 57\03 - Morena\,{Shemale Yum Dvd03~G57~03~03 - Morena}
morena082.jpg,115437,44ffec19,\Gallery 57\03 - Morena\,{Shemale Yum Dvd03~G57~03~03 - Morena}
morena083.jpg,122417,199551a2,\Gallery 57\03 - Morena\,{Shemale Yum Dvd03~G57~03~03 - Morena}
morena084.jpg,129273,b4cb282e,\Gallery 57\03 - Morena\,{Shemale Yum Dvd03~G57~03~03 - Morena}
morena085.jpg,102214,3b622141,\Gallery 57\03 - Morena\,{Shemale Yum Dvd03~G57~03~03 - Morena}
morena086.jpg,124613,b832dfcb,\Gallery 57\03 - Morena\,{Shemale Yum Dvd03~G57~03~03 - Morena}
morena087.jpg,128684,ade7c1d5,\Gallery 57\03 - Morena\,{Shemale Yum Dvd03~G57~03~03 - Morena}
morena088.jpg,126777,0b36bc8b,\Gallery 57\03 - Morena\,{Shemale Yum Dvd03~G57~03~03 - Morena}
morena089.jpg,164592,001aaa7d,\Gallery 57\03 - Morena\,{Shemale Yum Dvd03~G57~03~03 - Morena}
morena090.jpg,128615,02f4a39b,\Gallery 57\03 - Morena\,{Shemale Yum Dvd03~G57~03~03 - Morena}
morena091.jpg,116915,841c6774,\Gallery 57\03 - Morena\,{Shemale Yum Dvd03~G57~03~03 - Morena}
morena092.jpg,117457,6a78fb0c,\Gallery 57\03 - Morena\,{Shemale Yum Dvd03~G57~03~03 - Morena}
pamela001.jpg,160418,5fd45ec4,\Gallery 57\04 - Pamela\,{Shemale Yum Dvd03~G57~04~04 - Pamela}
pamela002.jpg,159190,ec1d141e,\Gallery 57\04 - Pamela\,{Shemale Yum Dvd03~G57~04~04 - Pamela}
pamela004.jpg,241254,c2d3861b,\Gallery 57\04 - Pamela\,{Shemale Yum Dvd03~G57~04~04 - Pamela}
pamela006.jpg,150789,eb2eda93,\Gallery 57\04 - Pamela\,{Shemale Yum Dvd03~G57~04~04 - Pamela}
pamela007.jpg,164080,2ad684fe,\Gallery 57\04 - Pamela\,{Shemale Yum Dvd03~G57~04~04 - Pamela}
pamela008.jpg,158674,9dce7370,\Gallery 57\04 - Pamela\,{Shemale Yum Dvd03~G57~04~04 - Pamela}
pamela009.jpg,160486,095ea635,\Gallery 57\04 - Pamela\,{Shemale Yum Dvd03~G57~04~04 - Pamela}
pamela010.jpg,153497,823685d4,\Gallery 57\04 - Pamela\,{Shemale Yum Dvd03~G57~04~04 - Pamela}
pamela011.jpg,160207,cd8ae1c2,\Gallery 57\04 - Pamela\,{Shemale Yum Dvd03~G57~04~04 - Pamela}
pamela012.jpg,151479,3fb529e0,\Gallery 57\04 - Pamela\,{Shemale Yum Dvd03~G57~04~04 - Pamela}
pamela013.jpg,155117,65c68132,\Gallery 57\04 - Pamela\,{Shemale Yum Dvd03~G57~04~04 - Pamela}
pamela014.jpg,161064,5dd27f32,\Gallery 57\04 - Pamela\,{Shemale Yum Dvd03~G57~04~04 - Pamela}
pamela015.jpg,155990,cd0be401,\Gallery 57\04 - Pamela\,{Shemale Yum Dvd03~G57~04~04 - Pamela}
pamela016.jpg,166776,79c433c7,\Gallery 57\04 - Pamela\,{Shemale Yum Dvd03~G57~04~04 - Pamela}
pamela017.jpg,160393,a23d126d,\Gallery 57\04 - Pamela\,{Shemale Yum Dvd03~G57~04~04 - Pamela}
pamela018.jpg,158403,d8732fbc,\Gallery 57\04 - Pamela\,{Shemale Yum Dvd03~G57~04~04 - Pamela}
pamela019.jpg,148519,a64ecffe,\Gallery 57\04 - Pamela\,{Shemale Yum Dvd03~G57~04~04 - Pamela}
pamela020.jpg,131387,55d1a932,\Gallery 57\04 - Pamela\,{Shemale Yum Dvd03~G57~04~04 - Pamela}
pamela021.jpg,150541,4b29b73f,\Gallery 57\04 - Pamela\,{Shemale Yum Dvd03~G57~04~04 - Pamela}
pamela022.jpg,151235,4fc1b8f6,\Gallery 57\04 - Pamela\,{Shemale Yum Dvd03~G57~04~04 - Pamela}
pamela023.jpg,161743,950349c9,\Gallery 57\04 - Pamela\,{Shemale Yum Dvd03~G57~04~04 - Pamela}
pamela024.jpg,157939,6fc85248,\Gallery 57\04 - Pamela\,{Shemale Yum Dvd03~G57~04~04 - Pamela}
pamela025.jpg,164016,634c0fb2,\Gallery 57\04 - Pamela\,{Shemale Yum Dvd03~G57~04~04 - Pamela}
pamela026.jpg,151574,f8cd4c21,\Gallery 57\04 - Pamela\,{Shemale Yum Dvd03~G57~04~04 - Pamela}
pamela027.jpg,165882,6a4762c6,\Gallery 57\04 - Pamela\,{Shemale Yum Dvd03~G57~04~04 - Pamela}
pamela028.jpg,158570,f26508d8,\Gallery 57\04 - Pamela\,{Shemale Yum Dvd03~G57~04~04 - Pamela}
pamela029.jpg,163544,4c7232e9,\Gallery 57\04 - Pamela\,{Shemale Yum Dvd03~G57~04~04 - Pamela}
pamela030.jpg,154867,9839204c,\Gallery 57\04 - Pamela\,{Shemale Yum Dvd03~G57~04~04 - Pamela}
pamela031.jpg,156226,ec7d1c62,\Gallery 57\04 - Pamela\,{Shemale Yum Dvd03~G57~04~04 - Pamela}
pamela032.jpg,165945,ae4e2ed7,\Gallery 57\04 - Pamela\,{Shemale Yum Dvd03~G57~04~04 - Pamela}
pamela033.jpg,149796,f0461db0,\Gallery 57\04 - Pamela\,{Shemale Yum Dvd03~G57~04~04 - Pamela}
pamela034.jpg,163775,ed212c74,\Gallery 57\04 - Pamela\,{Shemale Yum Dvd03~G57~04~04 - Pamela}
pamela035.jpg,152514,b66e3222,\Gallery 57\04 - Pamela\,{Shemale Yum Dvd03~G57~04~04 - Pamela}
pamela036.jpg,139346,499d47d3,\Gallery 57\04 - Pamela\,{Shemale Yum Dvd03~G57~04~04 - Pamela}
pamela037.jpg,157820,0e942181,\Gallery 57\04 - Pamela\,{Shemale Yum Dvd03~G57~04~04 - Pamela}
pamela038.jpg,143146,4d5c2c1a,\Gallery 57\04 - Pamela\,{Shemale Yum Dvd03~G57~04~04 - Pamela}
pamela039.jpg,134984,d626c936,\Gallery 57\04 - Pamela\,{Shemale Yum Dvd03~G57~04~04 - Pamela}
pamela040.jpg,144190,8369344e,\Gallery 57\04 - Pamela\,{Shemale Yum Dvd03~G57~04~04 - Pamela}
pamela041.jpg,138170,ecf5d463,\Gallery 57\04 - Pamela\,{Shemale Yum Dvd03~G57~04~04 - Pamela}
pamela042.jpg,157371,c4f9076e,\Gallery 57\04 - Pamela\,{Shemale Yum Dvd03~G57~04~04 - Pamela}
pamela044.jpg,163022,a8841278,\Gallery 57\04 - Pamela\,{Shemale Yum Dvd03~G57~04~04 - Pamela}
pamela046.jpg,158011,8b9a83ff,\Gallery 57\04 - Pamela\,{Shemale Yum Dvd03~G57~04~04 - Pamela}
pamela047.jpg,193926,fa779b46,\Gallery 57\04 - Pamela\,{Shemale Yum Dvd03~G57~04~04 - Pamela}
pamela048.jpg,132022,9311c573,\Gallery 57\04 - Pamela\,{Shemale Yum Dvd03~G57~04~04 - Pamela}
pamela050.jpg,164744,c03fa7a6,\Gallery 57\04 - Pamela\,{Shemale Yum Dvd03~G57~04~04 - Pamela}
pamela051.jpg,134822,a280847c,\Gallery 57\04 - Pamela\,{Shemale Yum Dvd03~G57~04~04 - Pamela}
pamela052.jpg,123810,ab8c0fb9,\Gallery 57\04 - Pamela\,{Shemale Yum Dvd03~G57~04~04 - Pamela}
pamela053.jpg,128300,480f9e37,\Gallery 57\04 - Pamela\,{Shemale Yum Dvd03~G57~04~04 - Pamela}
pamela054.jpg,132795,f828e2a1,\Gallery 57\04 - Pamela\,{Shemale Yum Dvd03~G57~04~04 - Pamela}
pamela055.jpg,132653,50e259e4,\Gallery 57\04 - Pamela\,{Shemale Yum Dvd03~G57~04~04 - Pamela}
pamela056.jpg,139215,701042b0,\Gallery 57\04 - Pamela\,{Shemale Yum Dvd03~G57~04~04 - Pamela}
pamela057.jpg,161520,15fb0089,\Gallery 57\04 - Pamela\,{Shemale Yum Dvd03~G57~04~04 - Pamela}
pamela058.jpg,136793,7038c11f,\Gallery 57\04 - Pamela\,{Shemale Yum Dvd03~G57~04~04 - Pamela}
pamela059.jpg,147073,6974f86b,\Gallery 57\04 - Pamela\,{Shemale Yum Dvd03~G57~04~04 - Pamela}
pamela060.jpg,158460,ac2794f1,\Gallery 57\04 - Pamela\,{Shemale Yum Dvd03~G57~04~04 - Pamela}
pamela061.jpg,147800,c21b18cc,\Gallery 57\04 - Pamela\,{Shemale Yum Dvd03~G57~04~04 - Pamela}
pamela062.jpg,141415,0c9b4fa3,\Gallery 57\04 - Pamela\,{Shemale Yum Dvd03~G57~04~04 - Pamela}
pamela063.jpg,131164,eb0a66c6,\Gallery 57\04 - Pamela\,{Shemale Yum Dvd03~G57~04~04 - Pamela}
pamela064.jpg,154461,c8f5a6db,\Gallery 57\04 - Pamela\,{Shemale Yum Dvd03~G57~04~04 - Pamela}
pamela065.jpg,150875,fcd22948,\Gallery 57\04 - Pamela\,{Shemale Yum Dvd03~G57~04~04 - Pamela}
pamela066.jpg,128142,b2eae73a,\Gallery 57\04 - Pamela\,{Shemale Yum Dvd03~G57~04~04 - Pamela}
pamela067.jpg,130858,db7017d5,\Gallery 57\04 - Pamela\,{Shemale Yum Dvd03~G57~04~04 - Pamela}
pamela068.jpg,109249,b0168d07,\Gallery 57\04 - Pamela\,{Shemale Yum Dvd03~G57~04~04 - Pamela}
pamela070.jpg,126809,bcba8068,\Gallery 57\04 - Pamela\,{Shemale Yum Dvd03~G57~04~04 - Pamela}
pamela071.jpg,120549,c87ef374,\Gallery 57\04 - Pamela\,{Shemale Yum Dvd03~G57~04~04 - Pamela}
pamela072.jpg,124869,a9b83be8,\Gallery 57\04 - Pamela\,{Shemale Yum Dvd03~G57~04~04 - Pamela}
pamela073.jpg,123343,6d888c37,\Gallery 57\04 - Pamela\,{Shemale Yum Dvd03~G57~04~04 - Pamela}
pamela074.jpg,137784,d3f93ba2,\Gallery 57\04 - Pamela\,{Shemale Yum Dvd03~G57~04~04 - Pamela}
pamela075.jpg,135353,80eaaaad,\Gallery 57\04 - Pamela\,{Shemale Yum Dvd03~G57~04~04 - Pamela}
pamela076.jpg,142220,c7af5bb4,\Gallery 57\04 - Pamela\,{Shemale Yum Dvd03~G57~04~04 - Pamela}
pamela077.jpg,123983,22c0f60b,\Gallery 57\04 - Pamela\,{Shemale Yum Dvd03~G57~04~04 - Pamela}
pamela078.jpg,159532,c20e789f,\Gallery 57\04 - Pamela\,{Shemale Yum Dvd03~G57~04~04 - Pamela}
pamela079.jpg,165036,c9241084,\Gallery 57\04 - Pamela\,{Shemale Yum Dvd03~G57~04~04 - Pamela}
pamela080.jpg,158759,be2a7b57,\Gallery 57\04 - Pamela\,{Shemale Yum Dvd03~G57~04~04 - Pamela}
pamela081.jpg,158843,228014cd,\Gallery 57\04 - Pamela\,{Shemale Yum Dvd03~G57~04~04 - Pamela}
pamela082.jpg,167763,2e167fd5,\Gallery 57\04 - Pamela\,{Shemale Yum Dvd03~G57~04~04 - Pamela}
pamela084.jpg,160109,d8ccbb37,\Gallery 57\04 - Pamela\,{Shemale Yum Dvd03~G57~04~04 - Pamela}
pamela085.jpg,171969,3894e732,\Gallery 57\04 - Pamela\,{Shemale Yum Dvd03~G57~04~04 - Pamela}
pamela086.jpg,145654,2ec83ca2,\Gallery 57\04 - Pamela\,{Shemale Yum Dvd03~G57~04~04 - Pamela}
pamela087.jpg,150404,5d668bb4,\Gallery 57\04 - Pamela\,{Shemale Yum Dvd03~G57~04~04 - Pamela}
pamela088.jpg,120194,31afd738,\Gallery 57\04 - Pamela\,{Shemale Yum Dvd03~G57~04~04 - Pamela}
pamela089.jpg,145061,8e8c12e9,\Gallery 57\04 - Pamela\,{Shemale Yum Dvd03~G57~04~04 - Pamela}
pamela090.jpg,131719,7a71a450,\Gallery 57\04 - Pamela\,{Shemale Yum Dvd03~G57~04~04 - Pamela}
pamela091.jpg,140058,33da5a13,\Gallery 57\04 - Pamela\,{Shemale Yum Dvd03~G57~04~04 - Pamela}
pamela092.jpg,123278,8093ce46,\Gallery 57\04 - Pamela\,{Shemale Yum Dvd03~G57~04~04 - Pamela}
pamela093.jpg,105503,3f7605da,\Gallery 57\04 - Pamela\,{Shemale Yum Dvd03~G57~04~04 - Pamela}
pamela094.jpg,115942,7a013315,\Gallery 57\04 - Pamela\,{Shemale Yum Dvd03~G57~04~04 - Pamela}
pamela097.jpg,125493,0b590bdf,\Gallery 57\04 - Pamela\,{Shemale Yum Dvd03~G57~04~04 - Pamela}
pamela098.jpg,118901,ccd83da7,\Gallery 57\04 - Pamela\,{Shemale Yum Dvd03~G57~04~04 - Pamela}
pamela099.jpg,133561,bd8693f2,\Gallery 57\04 - Pamela\,{Shemale Yum Dvd03~G57~04~04 - Pamela}
pamela100.jpg,146834,c163868f,\Gallery 57\04 - Pamela\,{Shemale Yum Dvd03~G57~04~04 - Pamela}
pamela101.jpg,128766,4f55db1c,\Gallery 57\04 - Pamela\,{Shemale Yum Dvd03~G57~04~04 - Pamela}
pamela102.jpg,123722,e1108756,\Gallery 57\04 - Pamela\,{Shemale Yum Dvd03~G57~04~04 - Pamela}
pamela103.jpg,121431,99bfca7c,\Gallery 57\04 - Pamela\,{Shemale Yum Dvd03~G57~04~04 - Pamela}
pamela104.jpg,123865,0d03e40b,\Gallery 57\04 - Pamela\,{Shemale Yum Dvd03~G57~04~04 - Pamela}
pamela105.jpg,116663,eb17ef7e,\Gallery 57\04 - Pamela\,{Shemale Yum Dvd03~G57~04~04 - Pamela}
pamela106.jpg,125606,27af468f,\Gallery 57\04 - Pamela\,{Shemale Yum Dvd03~G57~04~04 - Pamela}
pamela107.jpg,105247,76e1129b,\Gallery 57\04 - Pamela\,{Shemale Yum Dvd03~G57~04~04 - Pamela}
pamela108.jpg,127039,22823fbe,\Gallery 57\04 - Pamela\,{Shemale Yum Dvd03~G57~04~04 - Pamela}
pamela109.jpg,129590,930abc8a,\Gallery 57\04 - Pamela\,{Shemale Yum Dvd03~G57~04~04 - Pamela}
pamela110.jpg,118553,814a4006,\Gallery 57\04 - Pamela\,{Shemale Yum Dvd03~G57~04~04 - Pamela}
pamelab001.jpg,118117,94f39c56,\Gallery 57\04 - Pamela (2)\,{Shemale Yum Dvd03~G57~04-2~04 - Pamela (2)}
pamelab002.jpg,112139,092825a7,\Gallery 57\04 - Pamela (2)\,{Shemale Yum Dvd03~G57~04-2~04 - Pamela (2)}
pamelab003.jpg,124247,8d3ca1f9,\Gallery 57\04 - Pamela (2)\,{Shemale Yum Dvd03~G57~04-2~04 - Pamela (2)}
pamelab004.jpg,141504,989d8c22,\Gallery 57\04 - Pamela (2)\,{Shemale Yum Dvd03~G57~04-2~04 - Pamela (2)}
pamelab005.jpg,118781,ee075f25,\Gallery 57\04 - Pamela (2)\,{Shemale Yum Dvd03~G57~04-2~04 - Pamela (2)}
pamelab006.jpg,108748,ffb27ea7,\Gallery 57\04 - Pamela (2)\,{Shemale Yum Dvd03~G57~04-2~04 - Pamela (2)}
pamelab007.jpg,119352,b071fb2e,\Gallery 57\04 - Pamela (2)\,{Shemale Yum Dvd03~G57~04-2~04 - Pamela (2)}
pamelab008.jpg,117383,1487e973,\Gallery 57\04 - Pamela (2)\,{Shemale Yum Dvd03~G57~04-2~04 - Pamela (2)}
pamelab009.jpg,149484,3963f1f6,\Gallery 57\04 - Pamela (2)\,{Shemale Yum Dvd03~G57~04-2~04 - Pamela (2)}
pamelab010.jpg,115568,af776f04,\Gallery 57\04 - Pamela (2)\,{Shemale Yum Dvd03~G57~04-2~04 - Pamela (2)}
pamelab011.jpg,112064,d55a4652,\Gallery 57\04 - Pamela (2)\,{Shemale Yum Dvd03~G57~04-2~04 - Pamela (2)}
pamelab012.jpg,138330,6214b2e4,\Gallery 57\04 - Pamela (2)\,{Shemale Yum Dvd03~G57~04-2~04 - Pamela (2)}
pamelab013.jpg,108617,2cbcc47f,\Gallery 57\04 - Pamela (2)\,{Shemale Yum Dvd03~G57~04-2~04 - Pamela (2)}
pamelab014.jpg,125710,83c23411,\Gallery 57\04 - Pamela (2)\,{Shemale Yum Dvd03~G57~04-2~04 - Pamela (2)}
pamelab015.jpg,119080,ca0527de,\Gallery 57\04 - Pamela (2)\,{Shemale Yum Dvd03~G57~04-2~04 - Pamela (2)}
pamelab016.jpg,138844,2e2985c8,\Gallery 57\04 - Pamela (2)\,{Shemale Yum Dvd03~G57~04-2~04 - Pamela (2)}
pamelab017.jpg,109154,4ca955c5,\Gallery 57\04 - Pamela (2)\,{Shemale Yum Dvd03~G57~04-2~04 - Pamela (2)}
pamelab018.jpg,104301,7be9b983,\Gallery 57\04 - Pamela (2)\,{Shemale Yum Dvd03~G57~04-2~04 - Pamela (2)}
pamelab019.jpg,141781,878c78ec,\Gallery 57\04 - Pamela (2)\,{Shemale Yum Dvd03~G57~04-2~04 - Pamela (2)}
pamelab020.jpg,135879,1cb6155e,\Gallery 57\04 - Pamela (2)\,{Shemale Yum Dvd03~G57~04-2~04 - Pamela (2)}
pamelab021.jpg,165714,d57f72ae,\Gallery 57\04 - Pamela (2)\,{Shemale Yum Dvd03~G57~04-2~04 - Pamela (2)}
pamelab022.jpg,173878,9c4a895e,\Gallery 57\04 - Pamela (2)\,{Shemale Yum Dvd03~G57~04-2~04 - Pamela (2)}
pamelab023.jpg,159007,f895fb55,\Gallery 57\04 - Pamela (2)\,{Shemale Yum Dvd03~G57~04-2~04 - Pamela (2)}
pamelab024.jpg,148368,860d3562,\Gallery 57\04 - Pamela (2)\,{Shemale Yum Dvd03~G57~04-2~04 - Pamela (2)}
pamelab025.jpg,170599,02e4e589,\Gallery 57\04 - Pamela (2)\,{Shemale Yum Dvd03~G57~04-2~04 - Pamela (2)}
pamelab026.jpg,158303,2a1b94b5,\Gallery 57\04 - Pamela (2)\,{Shemale Yum Dvd03~G57~04-2~04 - Pamela (2)}
pamelab027.jpg,158133,d29f9fcf,\Gallery 57\04 - Pamela (2)\,{Shemale Yum Dvd03~G57~04-2~04 - Pamela (2)}
pamelab028.jpg,170169,c4f59e45,\Gallery 57\04 - Pamela (2)\,{Shemale Yum Dvd03~G57~04-2~04 - Pamela (2)}
pamelab029.jpg,117878,a5c87983,\Gallery 57\04 - Pamela (2)\,{Shemale Yum Dvd03~G57~04-2~04 - Pamela (2)}
pamelab030.jpg,134411,f9e16965,\Gallery 57\04 - Pamela (2)\,{Shemale Yum Dvd03~G57~04-2~04 - Pamela (2)}
pamelab031.jpg,161113,c2425442,\Gallery 57\04 - Pamela (2)\,{Shemale Yum Dvd03~G57~04-2~04 - Pamela (2)}
pamelab032.jpg,152019,7fb999f6,\Gallery 57\04 - Pamela (2)\,{Shemale Yum Dvd03~G57~04-2~04 - Pamela (2)}
pamelab033.jpg,154294,7ec400cd,\Gallery 57\04 - Pamela (2)\,{Shemale Yum Dvd03~G57~04-2~04 - Pamela (2)}
pamelab034.jpg,150852,8625291c,\Gallery 57\04 - Pamela (2)\,{Shemale Yum Dvd03~G57~04-2~04 - Pamela (2)}
pamelab035.jpg,106693,50482972,\Gallery 57\04 - Pamela (2)\,{Shemale Yum Dvd03~G57~04-2~04 - Pamela (2)}
pamelab036.jpg,112821,87cb231d,\Gallery 57\04 - Pamela (2)\,{Shemale Yum Dvd03~G57~04-2~04 - Pamela (2)}
pamelab037.jpg,150678,6accb149,\Gallery 57\04 - Pamela (2)\,{Shemale Yum Dvd03~G57~04-2~04 - Pamela (2)}
pamelab038.jpg,170381,a2f01054,\Gallery 57\04 - Pamela (2)\,{Shemale Yum Dvd03~G57~04-2~04 - Pamela (2)}
pamelab039.jpg,163292,845bea3e,\Gallery 57\04 - Pamela (2)\,{Shemale Yum Dvd03~G57~04-2~04 - Pamela (2)}
pamelab040.jpg,141129,c9b93c2a,\Gallery 57\04 - Pamela (2)\,{Shemale Yum Dvd03~G57~04-2~04 - Pamela (2)}
pamelab041.jpg,176858,b4147e42,\Gallery 57\04 - Pamela (2)\,{Shemale Yum Dvd03~G57~04-2~04 - Pamela (2)}
pamelab042.jpg,157869,467445e4,\Gallery 57\04 - Pamela (2)\,{Shemale Yum Dvd03~G57~04-2~04 - Pamela (2)}
pamelab043.jpg,179766,bbe4f97a,\Gallery 57\04 - Pamela (2)\,{Shemale Yum Dvd03~G57~04-2~04 - Pamela (2)}
pamelab044.jpg,140075,311a0dfc,\Gallery 57\04 - Pamela (2)\,{Shemale Yum Dvd03~G57~04-2~04 - Pamela (2)}
pamelab045.jpg,161548,33a67d7e,\Gallery 57\04 - Pamela (2)\,{Shemale Yum Dvd03~G57~04-2~04 - Pamela (2)}
pamelab046.jpg,187582,7a9c3828,\Gallery 57\04 - Pamela (2)\,{Shemale Yum Dvd03~G57~04-2~04 - Pamela (2)}
pamelab047.jpg,143128,efc381d2,\Gallery 57\04 - Pamela (2)\,{Shemale Yum Dvd03~G57~04-2~04 - Pamela (2)}
pamelab048.jpg,115906,3a0a1637,\Gallery 57\04 - Pamela (2)\,{Shemale Yum Dvd03~G57~04-2~04 - Pamela (2)}
pamelab049.jpg,128813,5bdf9646,\Gallery 57\04 - Pamela (2)\,{Shemale Yum Dvd03~G57~04-2~04 - Pamela (2)}
pamelab050.jpg,145272,0cf89fd2,\Gallery 57\04 - Pamela (2)\,{Shemale Yum Dvd03~G57~04-2~04 - Pamela (2)}
pamelab051.jpg,140182,b475df6a,\Gallery 57\04 - Pamela (2)\,{Shemale Yum Dvd03~G57~04-2~04 - Pamela (2)}
pamelab052.jpg,143368,e2e0e485,\Gallery 57\04 - Pamela (2)\,{Shemale Yum Dvd03~G57~04-2~04 - Pamela (2)}
pamelab053.jpg,146314,eb51a236,\Gallery 57\04 - Pamela (2)\,{Shemale Yum Dvd03~G57~04-2~04 - Pamela (2)}
pamelab054.jpg,138813,b4cc697b,\Gallery 57\04 - Pamela (2)\,{Shemale Yum Dvd03~G57~04-2~04 - Pamela (2)}
pamelab055.jpg,114835,c00769f8,\Gallery 57\04 - Pamela (2)\,{Shemale Yum Dvd03~G57~04-2~04 - Pamela (2)}
pamelab056.jpg,121289,96313755,\Gallery 57\04 - Pamela (2)\,{Shemale Yum Dvd03~G57~04-2~04 - Pamela (2)}
pamelab057.jpg,128738,87d75dc8,\Gallery 57\04 - Pamela (2)\,{Shemale Yum Dvd03~G57~04-2~04 - Pamela (2)}
pamelab058.jpg,138310,61278cbd,\Gallery 57\04 - Pamela (2)\,{Shemale Yum Dvd03~G57~04-2~04 - Pamela (2)}
pamelab059.jpg,162164,220c744c,\Gallery 57\04 - Pamela (2)\,{Shemale Yum Dvd03~G57~04-2~04 - Pamela (2)}
pamelab060.jpg,151866,1849b0ea,\Gallery 57\04 - Pamela (2)\,{Shemale Yum Dvd03~G57~04-2~04 - Pamela (2)}
pamelab061.jpg,150899,9e76421a,\Gallery 57\04 - Pamela (2)\,{Shemale Yum Dvd03~G57~04-2~04 - Pamela (2)}
pamelab062.jpg,152876,54104394,\Gallery 57\04 - Pamela (2)\,{Shemale Yum Dvd03~G57~04-2~04 - Pamela (2)}
pamelab063.jpg,139331,a9cc54f6,\Gallery 57\04 - Pamela (2)\,{Shemale Yum Dvd03~G57~04-2~04 - Pamela (2)}
pamelab064.jpg,153794,bd221c59,\Gallery 57\04 - Pamela (2)\,{Shemale Yum Dvd03~G57~04-2~04 - Pamela (2)}
pamelab065.jpg,160999,ae7f2d50,\Gallery 57\04 - Pamela (2)\,{Shemale Yum Dvd03~G57~04-2~04 - Pamela (2)}
pamelab066.jpg,178683,e8747266,\Gallery 57\04 - Pamela (2)\,{Shemale Yum Dvd03~G57~04-2~04 - Pamela (2)}
pamelab067.jpg,183283,e09d8d09,\Gallery 57\04 - Pamela (2)\,{Shemale Yum Dvd03~G57~04-2~04 - Pamela (2)}
pamelab068.jpg,183440,72b9245d,\Gallery 57\04 - Pamela (2)\,{Shemale Yum Dvd03~G57~04-2~04 - Pamela (2)}
pamelab069.jpg,186142,7dc90998,\Gallery 57\04 - Pamela (2)\,{Shemale Yum Dvd03~G57~04-2~04 - Pamela (2)}
pamelab070.jpg,165282,4c095500,\Gallery 57\04 - Pamela (2)\,{Shemale Yum Dvd03~G57~04-2~04 - Pamela (2)}
pamelab071.jpg,113269,26c63913,\Gallery 57\04 - Pamela (2)\,{Shemale Yum Dvd03~G57~04-2~04 - Pamela (2)}
pamelab072.jpg,114884,d6c0b83d,\Gallery 57\04 - Pamela (2)\,{Shemale Yum Dvd03~G57~04-2~04 - Pamela (2)}
pamelab073.jpg,168236,6c12bbe5,\Gallery 57\04 - Pamela (2)\,{Shemale Yum Dvd03~G57~04-2~04 - Pamela (2)}
pamelab074.jpg,162092,099ce2b1,\Gallery 57\04 - Pamela (2)\,{Shemale Yum Dvd03~G57~04-2~04 - Pamela (2)}
pamelab075.jpg,165165,ffca2dc4,\Gallery 57\04 - Pamela (2)\,{Shemale Yum Dvd03~G57~04-2~04 - Pamela (2)}
pamelab076.jpg,120121,35dd03e1,\Gallery 57\04 - Pamela (2)\,{Shemale Yum Dvd03~G57~04-2~04 - Pamela (2)}
pamelab077.jpg,133364,b239b472,\Gallery 57\04 - Pamela (2)\,{Shemale Yum Dvd03~G57~04-2~04 - Pamela (2)}
pamelab078.jpg,143976,8a3dffef,\Gallery 57\04 - Pamela (2)\,{Shemale Yum Dvd03~G57~04-2~04 - Pamela (2)}
pamelab079.jpg,170298,beff5f1d,\Gallery 57\04 - Pamela (2)\,{Shemale Yum Dvd03~G57~04-2~04 - Pamela (2)}
pamelab080.jpg,186978,b7499ce3,\Gallery 57\04 - Pamela (2)\,{Shemale Yum Dvd03~G57~04-2~04 - Pamela (2)}
pamelab081.jpg,108195,66258554,\Gallery 57\04 - Pamela (2)\,{Shemale Yum Dvd03~G57~04-2~04 - Pamela (2)}
pamelab082.jpg,119709,9a2e4329,\Gallery 57\04 - Pamela (2)\,{Shemale Yum Dvd03~G57~04-2~04 - Pamela (2)}
savannah002.jpg,174333,58db81a1,\Gallery 57\05 - Savannah\,{Shemale Yum Dvd03~G57~05~05 - Savannah}
savannah003.jpg,157173,642a169b,\Gallery 57\05 - Savannah\,{Shemale Yum Dvd03~G57~05~05 - Savannah}
savannah004.jpg,137563,6349d0a5,\Gallery 57\05 - Savannah\,{Shemale Yum Dvd03~G57~05~05 - Savannah}
savannah005.jpg,139959,a498edec,\Gallery 57\05 - Savannah\,{Shemale Yum Dvd03~G57~05~05 - Savannah}
savannah006.jpg,172323,402421c7,\Gallery 57\05 - Savannah\,{Shemale Yum Dvd03~G57~05~05 - Savannah}
savannah008.jpg,142590,c2e11b08,\Gallery 57\05 - Savannah\,{Shemale Yum Dvd03~G57~05~05 - Savannah}
savannah009.jpg,150525,9e493fed,\Gallery 57\05 - Savannah\,{Shemale Yum Dvd03~G57~05~05 - Savannah}
savannah010.jpg,177383,c1cfcb24,\Gallery 57\05 - Savannah\,{Shemale Yum Dvd03~G57~05~05 - Savannah}
savannah011.jpg,160309,c3332095,\Gallery 57\05 - Savannah\,{Shemale Yum Dvd03~G57~05~05 - Savannah}
savannah012.jpg,165219,bfef3676,\Gallery 57\05 - Savannah\,{Shemale Yum Dvd03~G57~05~05 - Savannah}
savannah013.jpg,177014,44e32d49,\Gallery 57\05 - Savannah\,{Shemale Yum Dvd03~G57~05~05 - Savannah}
savannah014.jpg,143550,8666d9da,\Gallery 57\05 - Savannah\,{Shemale Yum Dvd03~G57~05~05 - Savannah}
savannah015.jpg,154000,aa7209fe,\Gallery 57\05 - Savannah\,{Shemale Yum Dvd03~G57~05~05 - Savannah}
savannah016.jpg,145628,06961feb,\Gallery 57\05 - Savannah\,{Shemale Yum Dvd03~G57~05~05 - Savannah}
savannah017.jpg,163117,3eaee6f1,\Gallery 57\05 - Savannah\,{Shemale Yum Dvd03~G57~05~05 - Savannah}
savannah018.jpg,168067,9d7aad90,\Gallery 57\05 - Savannah\,{Shemale Yum Dvd03~G57~05~05 - Savannah}
savannah019.jpg,153431,6b0eca9e,\Gallery 57\05 - Savannah\,{Shemale Yum Dvd03~G57~05~05 - Savannah}
savannah021.jpg,156890,c71107e9,\Gallery 57\05 - Savannah\,{Shemale Yum Dvd03~G57~05~05 - Savannah}
savannah022.jpg,131902,6dc48e0a,\Gallery 57\05 - Savannah\,{Shemale Yum Dvd03~G57~05~05 - Savannah}
savannah023.jpg,155721,0766cffe,\Gallery 57\05 - Savannah\,{Shemale Yum Dvd03~G57~05~05 - Savannah}
savannah030.jpg,151069,0da62b2b,\Gallery 57\05 - Savannah\,{Shemale Yum Dvd03~G57~05~05 - Savannah}
savannah031.jpg,150683,b0eaa04a,\Gallery 57\05 - Savannah\,{Shemale Yum Dvd03~G57~05~05 - Savannah}
savannah032.jpg,167353,e0cfdaa6,\Gallery 57\05 - Savannah\,{Shemale Yum Dvd03~G57~05~05 - Savannah}
savannah033.jpg,146320,76666247,\Gallery 57\05 - Savannah\,{Shemale Yum Dvd03~G57~05~05 - Savannah}
savannah034.jpg,165870,d1d65ec5,\Gallery 57\05 - Savannah\,{Shemale Yum Dvd03~G57~05~05 - Savannah}
savannah035.jpg,161286,cab17b60,\Gallery 57\05 - Savannah\,{Shemale Yum Dvd03~G57~05~05 - Savannah}
savannah036.jpg,166682,3a5407e8,\Gallery 57\05 - Savannah\,{Shemale Yum Dvd03~G57~05~05 - Savannah}
savannah037.jpg,158593,d7fc0b34,\Gallery 57\05 - Savannah\,{Shemale Yum Dvd03~G57~05~05 - Savannah}
savannah042.jpg,146109,4445e9a6,\Gallery 57\05 - Savannah\,{Shemale Yum Dvd03~G57~05~05 - Savannah}
savannah044.jpg,132399,02382692,\Gallery 57\05 - Savannah\,{Shemale Yum Dvd03~G57~05~05 - Savannah}
savannah045.jpg,167511,2b38484e,\Gallery 57\05 - Savannah\,{Shemale Yum Dvd03~G57~05~05 - Savannah}
savannah046.jpg,145670,06d4b43d,\Gallery 57\05 - Savannah\,{Shemale Yum Dvd03~G57~05~05 - Savannah}
savannah048.jpg,145296,8c4e31ed,\Gallery 57\05 - Savannah\,{Shemale Yum Dvd03~G57~05~05 - Savannah}
savannah049.jpg,145932,9f5963c3,\Gallery 57\05 - Savannah\,{Shemale Yum Dvd03~G57~05~05 - Savannah}
savannah050.jpg,166843,2e173fe2,\Gallery 57\05 - Savannah\,{Shemale Yum Dvd03~G57~05~05 - Savannah}
savannah051.jpg,158562,7c443f41,\Gallery 57\05 - Savannah\,{Shemale Yum Dvd03~G57~05~05 - Savannah}
savannah052.jpg,163556,68ee6133,\Gallery 57\05 - Savannah\,{Shemale Yum Dvd03~G57~05~05 - Savannah}
savannah053.jpg,160462,1c6e5183,\Gallery 57\05 - Savannah\,{Shemale Yum Dvd03~G57~05~05 - Savannah}
savannah055.jpg,159533,8f9da0a9,\Gallery 57\05 - Savannah\,{Shemale Yum Dvd03~G57~05~05 - Savannah}
savannah056.jpg,150463,e5742a9a,\Gallery 57\05 - Savannah\,{Shemale Yum Dvd03~G57~05~05 - Savannah}
savannah058.jpg,129359,3ab1211e,\Gallery 57\05 - Savannah\,{Shemale Yum Dvd03~G57~05~05 - Savannah}
savannah059.jpg,135628,400828c6,\Gallery 57\05 - Savannah\,{Shemale Yum Dvd03~G57~05~05 - Savannah}
savannah060.jpg,145154,3c4c1993,\Gallery 57\05 - Savannah\,{Shemale Yum Dvd03~G57~05~05 - Savannah}
savannah061.jpg,137593,3f59f470,\Gallery 57\05 - Savannah\,{Shemale Yum Dvd03~G57~05~05 - Savannah}
savannah063.jpg,114371,47ac08d6,\Gallery 57\05 - Savannah\,{Shemale Yum Dvd03~G57~05~05 - Savannah}
savannah064.jpg,157354,67fabbac,\Gallery 57\05 - Savannah\,{Shemale Yum Dvd03~G57~05~05 - Savannah}
savannah065.jpg,137051,05a14e3e,\Gallery 57\05 - Savannah\,{Shemale Yum Dvd03~G57~05~05 - Savannah}
savannah066.jpg,126609,0d9db9e9,\Gallery 57\05 - Savannah\,{Shemale Yum Dvd03~G57~05~05 - Savannah}
savannah067.jpg,154522,3adaadb7,\Gallery 57\05 - Savannah\,{Shemale Yum Dvd03~G57~05~05 - Savannah}
savannah068.jpg,133750,f4107955,\Gallery 57\05 - Savannah\,{Shemale Yum Dvd03~G57~05~05 - Savannah}
savannah069.jpg,134929,73242144,\Gallery 57\05 - Savannah\,{Shemale Yum Dvd03~G57~05~05 - Savannah}
savannah070.jpg,161491,2ba04541,\Gallery 57\05 - Savannah\,{Shemale Yum Dvd03~G57~05~05 - Savannah}
savannah071.jpg,126349,e7673b35,\Gallery 57\05 - Savannah\,{Shemale Yum Dvd03~G57~05~05 - Savannah}
savannah072.jpg,147072,03da8b0c,\Gallery 57\05 - Savannah\,{Shemale Yum Dvd03~G57~05~05 - Savannah}
savannah073.jpg,108542,9df6672a,\Gallery 57\05 - Savannah\,{Shemale Yum Dvd03~G57~05~05 - Savannah}
savannah074.jpg,156836,2cda8405,\Gallery 57\05 - Savannah\,{Shemale Yum Dvd03~G57~05~05 - Savannah}
savannah076.jpg,161348,94205076,\Gallery 57\05 - Savannah\,{Shemale Yum Dvd03~G57~05~05 - Savannah}
savannah077.jpg,143127,b0ba036d,\Gallery 57\05 - Savannah\,{Shemale Yum Dvd03~G57~05~05 - Savannah}
savannah079.jpg,156189,29a478b8,\Gallery 57\05 - Savannah\,{Shemale Yum Dvd03~G57~05~05 - Savannah}
savannah080.jpg,138544,5b36705a,\Gallery 57\05 - Savannah\,{Shemale Yum Dvd03~G57~05~05 - Savannah}
savannah084.jpg,178793,4a5ba3a7,\Gallery 57\05 - Savannah\,{Shemale Yum Dvd03~G57~05~05 - Savannah}
savannah086.jpg,134496,8000959a,\Gallery 57\05 - Savannah\,{Shemale Yum Dvd03~G57~05~05 - Savannah}
savannah087.jpg,158130,b0a981c2,\Gallery 57\05 - Savannah\,{Shemale Yum Dvd03~G57~05~05 - Savannah}
savannah088.jpg,163478,255e2596,\Gallery 57\05 - Savannah\,{Shemale Yum Dvd03~G57~05~05 - Savannah}
savannah089.jpg,120854,8e8c4a9a,\Gallery 57\05 - Savannah\,{Shemale Yum Dvd03~G57~05~05 - Savannah}
savannah092.jpg,153373,4547e657,\Gallery 57\05 - Savannah\,{Shemale Yum Dvd03~G57~05~05 - Savannah}
savannah095.jpg,169824,6413842b,\Gallery 57\05 - Savannah\,{Shemale Yum Dvd03~G57~05~05 - Savannah}
savannah096.jpg,115350,df03983c,\Gallery 57\05 - Savannah\,{Shemale Yum Dvd03~G57~05~05 - Savannah}
savannah097.jpg,145319,0cf8302a,\Gallery 57\05 - Savannah\,{Shemale Yum Dvd03~G57~05~05 - Savannah}
savannah098.jpg,131835,9df40ba1,\Gallery 57\05 - Savannah\,{Shemale Yum Dvd03~G57~05~05 - Savannah}
savannah101.jpg,159173,a85e1fbb,\Gallery 57\05 - Savannah\,{Shemale Yum Dvd03~G57~05~05 - Savannah}
savannahc001.jpg,159565,6f4a1719,\Gallery 57\05 - Savannah (2)\,{Shemale Yum Dvd03~G57~05-2~05 - Savannah (2)}
savannahc002.jpg,180033,2231a6e2,\Gallery 57\05 - Savannah (2)\,{Shemale Yum Dvd03~G57~05-2~05 - Savannah (2)}
savannahc003.jpg,169376,5622c2ff,\Gallery 57\05 - Savannah (2)\,{Shemale Yum Dvd03~G57~05-2~05 - Savannah (2)}
savannahc004.jpg,149990,9eff9107,\Gallery 57\05 - Savannah (2)\,{Shemale Yum Dvd03~G57~05-2~05 - Savannah (2)}
savannahc005.jpg,151811,30865f45,\Gallery 57\05 - Savannah (2)\,{Shemale Yum Dvd03~G57~05-2~05 - Savannah (2)}
savannahc006.jpg,155684,a384b66d,\Gallery 57\05 - Savannah (2)\,{Shemale Yum Dvd03~G57~05-2~05 - Savannah (2)}
savannahc007.jpg,150083,100f7f37,\Gallery 57\05 - Savannah (2)\,{Shemale Yum Dvd03~G57~05-2~05 - Savannah (2)}
savannahc008.jpg,138953,c51e4103,\Gallery 57\05 - Savannah (2)\,{Shemale Yum Dvd03~G57~05-2~05 - Savannah (2)}
savannahc009.jpg,152741,03cfe2f2,\Gallery 57\05 - Savannah (2)\,{Shemale Yum Dvd03~G57~05-2~05 - Savannah (2)}
savannahc010.jpg,145094,68dddaae,\Gallery 57\05 - Savannah (2)\,{Shemale Yum Dvd03~G57~05-2~05 - Savannah (2)}
savannahc011.jpg,150936,2c6d5316,\Gallery 57\05 - Savannah (2)\,{Shemale Yum Dvd03~G57~05-2~05 - Savannah (2)}
savannahc012.jpg,150682,fa8c48bc,\Gallery 57\05 - Savannah (2)\,{Shemale Yum Dvd03~G57~05-2~05 - Savannah (2)}
savannahc013.jpg,146709,94871542,\Gallery 57\05 - Savannah (2)\,{Shemale Yum Dvd03~G57~05-2~05 - Savannah (2)}
savannahc014.jpg,166726,d201daab,\Gallery 57\05 - Savannah (2)\,{Shemale Yum Dvd03~G57~05-2~05 - Savannah (2)}
savannahc015.jpg,145434,2b8812e3,\Gallery 57\05 - Savannah (2)\,{Shemale Yum Dvd03~G57~05-2~05 - Savannah (2)}
savannahc016.jpg,172844,97fc5ab3,\Gallery 57\05 - Savannah (2)\,{Shemale Yum Dvd03~G57~05-2~05 - Savannah (2)}
savannahc017.jpg,172925,2a88dcdb,\Gallery 57\05 - Savannah (2)\,{Shemale Yum Dvd03~G57~05-2~05 - Savannah (2)}
savannahc018.jpg,121334,44e27fea,\Gallery 57\05 - Savannah (2)\,{Shemale Yum Dvd03~G57~05-2~05 - Savannah (2)}
savannahc019.jpg,126509,f1eb6c67,\Gallery 57\05 - Savannah (2)\,{Shemale Yum Dvd03~G57~05-2~05 - Savannah (2)}
savannahc020.jpg,182993,07e3efe6,\Gallery 57\05 - Savannah (2)\,{Shemale Yum Dvd03~G57~05-2~05 - Savannah (2)}
savannahc021.jpg,158655,898e015d,\Gallery 57\05 - Savannah (2)\,{Shemale Yum Dvd03~G57~05-2~05 - Savannah (2)}
savannahc022.jpg,154575,87eb71fc,\Gallery 57\05 - Savannah (2)\,{Shemale Yum Dvd03~G57~05-2~05 - Savannah (2)}
savannahc023.jpg,147578,87dfb641,\Gallery 57\05 - Savannah (2)\,{Shemale Yum Dvd03~G57~05-2~05 - Savannah (2)}
savannahc024.jpg,192657,59dcac49,\Gallery 57\05 - Savannah (2)\,{Shemale Yum Dvd03~G57~05-2~05 - Savannah (2)}
savannahc025.jpg,195999,95695265,\Gallery 57\05 - Savannah (2)\,{Shemale Yum Dvd03~G57~05-2~05 - Savannah (2)}
savannahc026.jpg,136993,d54f371f,\Gallery 57\05 - Savannah (2)\,{Shemale Yum Dvd03~G57~05-2~05 - Savannah (2)}
savannahc027.jpg,137472,8f22473f,\Gallery 57\05 - Savannah (2)\,{Shemale Yum Dvd03~G57~05-2~05 - Savannah (2)}
savannahc028.jpg,187122,121441a1,\Gallery 57\05 - Savannah (2)\,{Shemale Yum Dvd03~G57~05-2~05 - Savannah (2)}
savannahc029.jpg,192749,42202237,\Gallery 57\05 - Savannah (2)\,{Shemale Yum Dvd03~G57~05-2~05 - Savannah (2)}
savannahc030.jpg,186470,1a61619f,\Gallery 57\05 - Savannah (2)\,{Shemale Yum Dvd03~G57~05-2~05 - Savannah (2)}
savannahc031.jpg,190390,4b760ee6,\Gallery 57\05 - Savannah (2)\,{Shemale Yum Dvd03~G57~05-2~05 - Savannah (2)}
savannahc032.jpg,137975,9a1858ce,\Gallery 57\05 - Savannah (2)\,{Shemale Yum Dvd03~G57~05-2~05 - Savannah (2)}
savannahc033.jpg,143211,e44ef23b,\Gallery 57\05 - Savannah (2)\,{Shemale Yum Dvd03~G57~05-2~05 - Savannah (2)}
savannahc034.jpg,167323,e3bf5d99,\Gallery 57\05 - Savannah (2)\,{Shemale Yum Dvd03~G57~05-2~05 - Savannah (2)}
savannahc035.jpg,177229,7ee8d5e0,\Gallery 57\05 - Savannah (2)\,{Shemale Yum Dvd03~G57~05-2~05 - Savannah (2)}
savannahc036.jpg,178438,4c49fea0,\Gallery 57\05 - Savannah (2)\,{Shemale Yum Dvd03~G57~05-2~05 - Savannah (2)}
savannahc037.jpg,174106,9587c0b4,\Gallery 57\05 - Savannah (2)\,{Shemale Yum Dvd03~G57~05-2~05 - Savannah (2)}
savannahc038.jpg,145439,0311eda7,\Gallery 57\05 - Savannah (2)\,{Shemale Yum Dvd03~G57~05-2~05 - Savannah (2)}
savannahc039.jpg,141767,a2175ed5,\Gallery 57\05 - Savannah (2)\,{Shemale Yum Dvd03~G57~05-2~05 - Savannah (2)}
savannahc040.jpg,180466,46336fb0,\Gallery 57\05 - Savannah (2)\,{Shemale Yum Dvd03~G57~05-2~05 - Savannah (2)}
savannahc041.jpg,173896,ffb7ec78,\Gallery 57\05 - Savannah (2)\,{Shemale Yum Dvd03~G57~05-2~05 - Savannah (2)}
savannahc042.jpg,177856,0cd89165,\Gallery 57\05 - Savannah (2)\,{Shemale Yum Dvd03~G57~05-2~05 - Savannah (2)}
savannahc043.jpg,182904,d6faba6f,\Gallery 57\05 - Savannah (2)\,{Shemale Yum Dvd03~G57~05-2~05 - Savannah (2)}
savannahc044.jpg,156337,f8143f66,\Gallery 57\05 - Savannah (2)\,{Shemale Yum Dvd03~G57~05-2~05 - Savannah (2)}
savannahc045.jpg,136384,1d069bcd,\Gallery 57\05 - Savannah (2)\,{Shemale Yum Dvd03~G57~05-2~05 - Savannah (2)}
savannahc046.jpg,158038,0152d088,\Gallery 57\05 - Savannah (2)\,{Shemale Yum Dvd03~G57~05-2~05 - Savannah (2)}
savannahc047.jpg,153921,d1b5b4fb,\Gallery 57\05 - Savannah (2)\,{Shemale Yum Dvd03~G57~05-2~05 - Savannah (2)}
savannahc048.jpg,157734,a934e70d,\Gallery 57\05 - Savannah (2)\,{Shemale Yum Dvd03~G57~05-2~05 - Savannah (2)}
savannahc049.jpg,143221,d96fef77,\Gallery 57\05 - Savannah (2)\,{Shemale Yum Dvd03~G57~05-2~05 - Savannah (2)}
savannahc050.jpg,182092,cae7e558,\Gallery 57\05 - Savannah (2)\,{Shemale Yum Dvd03~G57~05-2~05 - Savannah (2)}
savannahc051.jpg,135445,2bb1216a,\Gallery 57\05 - Savannah (2)\,{Shemale Yum Dvd03~G57~05-2~05 - Savannah (2)}
savannahc052.jpg,186330,eb2c0d24,\Gallery 57\05 - Savannah (2)\,{Shemale Yum Dvd03~G57~05-2~05 - Savannah (2)}
savannahc053.jpg,193500,b6f0a2cc,\Gallery 57\05 - Savannah (2)\,{Shemale Yum Dvd03~G57~05-2~05 - Savannah (2)}
savannahc054.jpg,180500,006d4fc6,\Gallery 57\05 - Savannah (2)\,{Shemale Yum Dvd03~G57~05-2~05 - Savannah (2)}
savannahc055.jpg,168469,3c2c7219,\Gallery 57\05 - Savannah (2)\,{Shemale Yum Dvd03~G57~05-2~05 - Savannah (2)}
savannahc056.jpg,171719,2ff7c0f2,\Gallery 57\05 - Savannah (2)\,{Shemale Yum Dvd03~G57~05-2~05 - Savannah (2)}
savannahc057.jpg,187517,133c196e,\Gallery 57\05 - Savannah (2)\,{Shemale Yum Dvd03~G57~05-2~05 - Savannah (2)}
savannahc058.jpg,182355,8a3552f4,\Gallery 57\05 - Savannah (2)\,{Shemale Yum Dvd03~G57~05-2~05 - Savannah (2)}
savannahc059.jpg,154052,8b4bb70c,\Gallery 57\05 - Savannah (2)\,{Shemale Yum Dvd03~G57~05-2~05 - Savannah (2)}
savannahc060.jpg,175984,9b4a3775,\Gallery 57\05 - Savannah (2)\,{Shemale Yum Dvd03~G57~05-2~05 - Savannah (2)}
savannahc061.jpg,158219,c9a36a15,\Gallery 57\05 - Savannah (2)\,{Shemale Yum Dvd03~G57~05-2~05 - Savannah (2)}
savannahc062.jpg,151874,50e25ede,\Gallery 57\05 - Savannah (2)\,{Shemale Yum Dvd03~G57~05-2~05 - Savannah (2)}
savannahc063.jpg,146457,71131ef6,\Gallery 57\05 - Savannah (2)\,{Shemale Yum Dvd03~G57~05-2~05 - Savannah (2)}
savannahc064.jpg,168528,fe9f874c,\Gallery 57\05 - Savannah (2)\,{Shemale Yum Dvd03~G57~05-2~05 - Savannah (2)}
savannahc065.jpg,139135,a48d099d,\Gallery 57\05 - Savannah (2)\,{Shemale Yum Dvd03~G57~05-2~05 - Savannah (2)}
savannahc066.jpg,210057,5fc1e7c9,\Gallery 57\05 - Savannah (2)\,{Shemale Yum Dvd03~G57~05-2~05 - Savannah (2)}
savannahc067.jpg,164226,3864d8e1,\Gallery 57\05 - Savannah (2)\,{Shemale Yum Dvd03~G57~05-2~05 - Savannah (2)}
savannahc068.jpg,153109,a1d47d30,\Gallery 57\05 - Savannah (2)\,{Shemale Yum Dvd03~G57~05-2~05 - Savannah (2)}
savannahc069.jpg,134428,4bf83c6f,\Gallery 57\05 - Savannah (2)\,{Shemale Yum Dvd03~G57~05-2~05 - Savannah (2)}
savannahc070.jpg,139352,ce7eb2d9,\Gallery 57\05 - Savannah (2)\,{Shemale Yum Dvd03~G57~05-2~05 - Savannah (2)}
savannahc071.jpg,115211,8c38f04e,\Gallery 57\05 - Savannah (2)\,{Shemale Yum Dvd03~G57~05-2~05 - Savannah (2)}
savannahc072.jpg,141972,fa20074f,\Gallery 57\05 - Savannah (2)\,{Shemale Yum Dvd03~G57~05-2~05 - Savannah (2)}
savannahc073.jpg,130207,21512f8f,\Gallery 57\05 - Savannah (2)\,{Shemale Yum Dvd03~G57~05-2~05 - Savannah (2)}
savannahc074.jpg,140616,f2a83aef,\Gallery 57\05 - Savannah (2)\,{Shemale Yum Dvd03~G57~05-2~05 - Savannah (2)}
savannahc075.jpg,125100,762e8ab0,\Gallery 57\05 - Savannah (2)\,{Shemale Yum Dvd03~G57~05-2~05 - Savannah (2)}
savannahc076.jpg,145560,51b84b05,\Gallery 57\05 - Savannah (2)\,{Shemale Yum Dvd03~G57~05-2~05 - Savannah (2)}
savannahc077.jpg,143788,fb4aab45,\Gallery 57\05 - Savannah (2)\,{Shemale Yum Dvd03~G57~05-2~05 - Savannah (2)}
savannahc078.jpg,189977,803b9549,\Gallery 57\05 - Savannah (2)\,{Shemale Yum Dvd03~G57~05-2~05 - Savannah (2)}
savannahc079.jpg,170887,4f81dd9b,\Gallery 57\05 - Savannah (2)\,{Shemale Yum Dvd03~G57~05-2~05 - Savannah (2)}
savannahc080.jpg,142803,d71fdc2b,\Gallery 57\05 - Savannah (2)\,{Shemale Yum Dvd03~G57~05-2~05 - Savannah (2)}
savannahc081.jpg,139361,87bc217c,\Gallery 57\05 - Savannah (2)\,{Shemale Yum Dvd03~G57~05-2~05 - Savannah (2)}
savannahc082.jpg,136677,0651f3bc,\Gallery 57\05 - Savannah (2)\,{Shemale Yum Dvd03~G57~05-2~05 - Savannah (2)}
savannahc083.jpg,172278,4a877db7,\Gallery 57\05 - Savannah (2)\,{Shemale Yum Dvd03~G57~05-2~05 - Savannah (2)}
savannahc084.jpg,176114,78a0eda4,\Gallery 57\05 - Savannah (2)\,{Shemale Yum Dvd03~G57~05-2~05 - Savannah (2)}
savannahc085.jpg,187275,88245311,\Gallery 57\05 - Savannah (2)\,{Shemale Yum Dvd03~G57~05-2~05 - Savannah (2)}
savannahc086.jpg,183247,b0c46ea9,\Gallery 57\05 - Savannah (2)\,{Shemale Yum Dvd03~G57~05-2~05 - Savannah (2)}
savannahc087.jpg,172504,ed087e9a,\Gallery 57\05 - Savannah (2)\,{Shemale Yum Dvd03~G57~05-2~05 - Savannah (2)}
savannahc088.jpg,174898,cffb7f9a,\Gallery 57\05 - Savannah (2)\,{Shemale Yum Dvd03~G57~05-2~05 - Savannah (2)}
savannahc089.jpg,170428,76528c28,\Gallery 57\05 - Savannah (2)\,{Shemale Yum Dvd03~G57~05-2~05 - Savannah (2)}
savannahb001.jpg,157389,3880867f,\Gallery 57\05 - Savannah (3)\,{Shemale Yum Dvd03~G57~05-3~05 - Savannah (3)}
savannahb002.jpg,206275,8177f9dd,\Gallery 57\05 - Savannah (3)\,{Shemale Yum Dvd03~G57~05-3~05 - Savannah (3)}
savannahb003.jpg,170557,26d1c9aa,\Gallery 57\05 - Savannah (3)\,{Shemale Yum Dvd03~G57~05-3~05 - Savannah (3)}
savannahb004.jpg,169890,2f2ac46f,\Gallery 57\05 - Savannah (3)\,{Shemale Yum Dvd03~G57~05-3~05 - Savannah (3)}
savannahb005.jpg,183254,f4495716,\Gallery 57\05 - Savannah (3)\,{Shemale Yum Dvd03~G57~05-3~05 - Savannah (3)}
savannahb006.jpg,177940,188f82ea,\Gallery 57\05 - Savannah (3)\,{Shemale Yum Dvd03~G57~05-3~05 - Savannah (3)}
savannahb007.jpg,189151,b336d0c6,\Gallery 57\05 - Savannah (3)\,{Shemale Yum Dvd03~G57~05-3~05 - Savannah (3)}
savannahb008.jpg,176421,47913c85,\Gallery 57\05 - Savannah (3)\,{Shemale Yum Dvd03~G57~05-3~05 - Savannah (3)}
savannahb009.jpg,178727,3883358f,\Gallery 57\05 - Savannah (3)\,{Shemale Yum Dvd03~G57~05-3~05 - Savannah (3)}
savannahb010.jpg,139022,e407d51a,\Gallery 57\05 - Savannah (3)\,{Shemale Yum Dvd03~G57~05-3~05 - Savannah (3)}
savannahb011.jpg,141884,c3d08c87,\Gallery 57\05 - Savannah (3)\,{Shemale Yum Dvd03~G57~05-3~05 - Savannah (3)}
savannahb012.jpg,117793,b5f60826,\Gallery 57\05 - Savannah (3)\,{Shemale Yum Dvd03~G57~05-3~05 - Savannah (3)}
savannahb013.jpg,142699,441541fa,\Gallery 57\05 - Savannah (3)\,{Shemale Yum Dvd03~G57~05-3~05 - Savannah (3)}
savannahb014.jpg,176779,039a94c8,\Gallery 57\05 - Savannah (3)\,{Shemale Yum Dvd03~G57~05-3~05 - Savannah (3)}
savannahb015.jpg,191587,92ac20bb,\Gallery 57\05 - Savannah (3)\,{Shemale Yum Dvd03~G57~05-3~05 - Savannah (3)}
savannahb016.jpg,177294,39c2a780,\Gallery 57\05 - Savannah (3)\,{Shemale Yum Dvd03~G57~05-3~05 - Savannah (3)}
savannahb017.jpg,188626,97db166c,\Gallery 57\05 - Savannah (3)\,{Shemale Yum Dvd03~G57~05-3~05 - Savannah (3)}
savannahb018.jpg,128082,ac3e49d4,\Gallery 57\05 - Savannah (3)\,{Shemale Yum Dvd03~G57~05-3~05 - Savannah (3)}
savannahb019.jpg,119199,7e88a925,\Gallery 57\05 - Savannah (3)\,{Shemale Yum Dvd03~G57~05-3~05 - Savannah (3)}
savannahb020.jpg,106293,fc21469d,\Gallery 57\05 - Savannah (3)\,{Shemale Yum Dvd03~G57~05-3~05 - Savannah (3)}
savannahb021.jpg,140788,50ef8bcd,\Gallery 57\05 - Savannah (3)\,{Shemale Yum Dvd03~G57~05-3~05 - Savannah (3)}
savannahb022.jpg,138898,26246189,\Gallery 57\05 - Savannah (3)\,{Shemale Yum Dvd03~G57~05-3~05 - Savannah (3)}
savannahb023.jpg,123845,29d749e6,\Gallery 57\05 - Savannah (3)\,{Shemale Yum Dvd03~G57~05-3~05 - Savannah (3)}
savannahb024.jpg,131235,91ccab9c,\Gallery 57\05 - Savannah (3)\,{Shemale Yum Dvd03~G57~05-3~05 - Savannah (3)}
savannahb025.jpg,132121,2f563133,\Gallery 57\05 - Savannah (3)\,{Shemale Yum Dvd03~G57~05-3~05 - Savannah (3)}
savannahb026.jpg,135098,9ee5ffdc,\Gallery 57\05 - Savannah (3)\,{Shemale Yum Dvd03~G57~05-3~05 - Savannah (3)}
savannahb027.jpg,127041,e96a5d4c,\Gallery 57\05 - Savannah (3)\,{Shemale Yum Dvd03~G57~05-3~05 - Savannah (3)}
savannahb028.jpg,140125,9c6f40f1,\Gallery 57\05 - Savannah (3)\,{Shemale Yum Dvd03~G57~05-3~05 - Savannah (3)}
savannahb029.jpg,123045,0da55f1a,\Gallery 57\05 - Savannah (3)\,{Shemale Yum Dvd03~G57~05-3~05 - Savannah (3)}
savannahb030.jpg,112625,fb58138d,\Gallery 57\05 - Savannah (3)\,{Shemale Yum Dvd03~G57~05-3~05 - Savannah (3)}
savannahb031.jpg,125365,dded88ff,\Gallery 57\05 - Savannah (3)\,{Shemale Yum Dvd03~G57~05-3~05 - Savannah (3)}
savannahb032.jpg,135078,dd5cc0a9,\Gallery 57\05 - Savannah (3)\,{Shemale Yum Dvd03~G57~05-3~05 - Savannah (3)}
savannahb033.jpg,133044,8080424d,\Gallery 57\05 - Savannah (3)\,{Shemale Yum Dvd03~G57~05-3~05 - Savannah (3)}
savannahb034.jpg,140893,5272c8b1,\Gallery 57\05 - Savannah (3)\,{Shemale Yum Dvd03~G57~05-3~05 - Savannah (3)}
savannahb035.jpg,131090,adfc6932,\Gallery 57\05 - Savannah (3)\,{Shemale Yum Dvd03~G57~05-3~05 - Savannah (3)}
savannahb036.jpg,161370,44f82630,\Gallery 57\05 - Savannah (3)\,{Shemale Yum Dvd03~G57~05-3~05 - Savannah (3)}
savannahb037.jpg,181572,ed9b548b,\Gallery 57\05 - Savannah (3)\,{Shemale Yum Dvd03~G57~05-3~05 - Savannah (3)}
savannahb038.jpg,205448,eecc9209,\Gallery 57\05 - Savannah (3)\,{Shemale Yum Dvd03~G57~05-3~05 - Savannah (3)}
savannahb039.jpg,199132,2e530ca0,\Gallery 57\05 - Savannah (3)\,{Shemale Yum Dvd03~G57~05-3~05 - Savannah (3)}
savannahb040.jpg,176079,71c2555a,\Gallery 57\05 - Savannah (3)\,{Shemale Yum Dvd03~G57~05-3~05 - Savannah (3)}
savannahb041.jpg,192771,d8de10ca,\Gallery 57\05 - Savannah (3)\,{Shemale Yum Dvd03~G57~05-3~05 - Savannah (3)}
savannahb042.jpg,155565,fa7f4242,\Gallery 57\05 - Savannah (3)\,{Shemale Yum Dvd03~G57~05-3~05 - Savannah (3)}
savannahb043.jpg,171852,46d0093b,\Gallery 57\05 - Savannah (3)\,{Shemale Yum Dvd03~G57~05-3~05 - Savannah (3)}
savannahb044.jpg,136234,6a4ecfdc,\Gallery 57\05 - Savannah (3)\,{Shemale Yum Dvd03~G57~05-3~05 - Savannah (3)}
savannahb045.jpg,145552,905a52e8,\Gallery 57\05 - Savannah (3)\,{Shemale Yum Dvd03~G57~05-3~05 - Savannah (3)}
savannahb046.jpg,120884,9c0aed4b,\Gallery 57\05 - Savannah (3)\,{Shemale Yum Dvd03~G57~05-3~05 - Savannah (3)}
savannahb047.jpg,136638,33b51844,\Gallery 57\05 - Savannah (3)\,{Shemale Yum Dvd03~G57~05-3~05 - Savannah (3)}
savannahb048.jpg,135314,75c2c257,\Gallery 57\05 - Savannah (3)\,{Shemale Yum Dvd03~G57~05-3~05 - Savannah (3)}
savannahb049.jpg,143268,b10165b7,\Gallery 57\05 - Savannah (3)\,{Shemale Yum Dvd03~G57~05-3~05 - Savannah (3)}
savannahb050.jpg,137239,0ff77542,\Gallery 57\05 - Savannah (3)\,{Shemale Yum Dvd03~G57~05-3~05 - Savannah (3)}
savannahb051.jpg,134867,b2930ed6,\Gallery 57\05 - Savannah (3)\,{Shemale Yum Dvd03~G57~05-3~05 - Savannah (3)}
savannahb052.jpg,133279,583c8d2f,\Gallery 57\05 - Savannah (3)\,{Shemale Yum Dvd03~G57~05-3~05 - Savannah (3)}
savannahb053.jpg,132239,7549fd56,\Gallery 57\05 - Savannah (3)\,{Shemale Yum Dvd03~G57~05-3~05 - Savannah (3)}
savannahb054.jpg,126801,a1b4751c,\Gallery 57\05 - Savannah (3)\,{Shemale Yum Dvd03~G57~05-3~05 - Savannah (3)}
savannahb055.jpg,140777,c5fa0b69,\Gallery 57\05 - Savannah (3)\,{Shemale Yum Dvd03~G57~05-3~05 - Savannah (3)}
savannahb056.jpg,142697,ff0d07c3,\Gallery 57\05 - Savannah (3)\,{Shemale Yum Dvd03~G57~05-3~05 - Savannah (3)}
savannahb057.jpg,140538,12dc5acd,\Gallery 57\05 - Savannah (3)\,{Shemale Yum Dvd03~G57~05-3~05 - Savannah (3)}
savannahb058.jpg,183342,c4708bd0,\Gallery 57\05 - Savannah (3)\,{Shemale Yum Dvd03~G57~05-3~05 - Savannah (3)}
savannahb059.jpg,159898,6f3472b9,\Gallery 57\05 - Savannah (3)\,{Shemale Yum Dvd03~G57~05-3~05 - Savannah (3)}
savannahb060.jpg,183544,4d2aa5a7,\Gallery 57\05 - Savannah (3)\,{Shemale Yum Dvd03~G57~05-3~05 - Savannah (3)}
savannahb061.jpg,171364,bed0c362,\Gallery 57\05 - Savannah (3)\,{Shemale Yum Dvd03~G57~05-3~05 - Savannah (3)}
savannahb062.jpg,148102,2c311c40,\Gallery 57\05 - Savannah (3)\,{Shemale Yum Dvd03~G57~05-3~05 - Savannah (3)}
savannahb063.jpg,141927,4d9ac153,\Gallery 57\05 - Savannah (3)\,{Shemale Yum Dvd03~G57~05-3~05 - Savannah (3)}
savannahb064.jpg,121242,a3c233ed,\Gallery 57\05 - Savannah (3)\,{Shemale Yum Dvd03~G57~05-3~05 - Savannah (3)}
savannahb065.jpg,156389,6910bea5,\Gallery 57\05 - Savannah (3)\,{Shemale Yum Dvd03~G57~05-3~05 - Savannah (3)}
savannahb066.jpg,171828,9535a8b6,\Gallery 57\05 - Savannah (3)\,{Shemale Yum Dvd03~G57~05-3~05 - Savannah (3)}
savannahb067.jpg,158415,c7701f1c,\Gallery 57\05 - Savannah (3)\,{Shemale Yum Dvd03~G57~05-3~05 - Savannah (3)}
savannahb068.jpg,166722,f996db21,\Gallery 57\05 - Savannah (3)\,{Shemale Yum Dvd03~G57~05-3~05 - Savannah (3)}
savannahb069.jpg,152907,53603952,\Gallery 57\05 - Savannah (3)\,{Shemale Yum Dvd03~G57~05-3~05 - Savannah (3)}
savannahb070.jpg,179002,2b4ebb78,\Gallery 57\05 - Savannah (3)\,{Shemale Yum Dvd03~G57~05-3~05 - Savannah (3)}
savannahb071.jpg,137909,6b9bcf28,\Gallery 57\05 - Savannah (3)\,{Shemale Yum Dvd03~G57~05-3~05 - Savannah (3)}
savannahb072.jpg,171772,895098d0,\Gallery 57\05 - Savannah (3)\,{Shemale Yum Dvd03~G57~05-3~05 - Savannah (3)}
savannahb073.jpg,166589,7290ce2d,\Gallery 57\05 - Savannah (3)\,{Shemale Yum Dvd03~G57~05-3~05 - Savannah (3)}
savannahb074.jpg,175084,bafcc432,\Gallery 57\05 - Savannah (3)\,{Shemale Yum Dvd03~G57~05-3~05 - Savannah (3)}
savannahb075.jpg,178908,c9643292,\Gallery 57\05 - Savannah (3)\,{Shemale Yum Dvd03~G57~05-3~05 - Savannah (3)}
savannahb076.jpg,153937,99d61e0d,\Gallery 57\05 - Savannah (3)\,{Shemale Yum Dvd03~G57~05-3~05 - Savannah (3)}
savannahb077.jpg,177701,147257db,\Gallery 57\05 - Savannah (3)\,{Shemale Yum Dvd03~G57~05-3~05 - Savannah (3)}
savannahb078.jpg,161353,09473cf3,\Gallery 57\05 - Savannah (3)\,{Shemale Yum Dvd03~G57~05-3~05 - Savannah (3)}
savannahb079.jpg,175854,6c51ec4b,\Gallery 57\05 - Savannah (3)\,{Shemale Yum Dvd03~G57~05-3~05 - Savannah (3)}
savannahb080.jpg,151434,46ded838,\Gallery 57\05 - Savannah (3)\,{Shemale Yum Dvd03~G57~05-3~05 - Savannah (3)}
savannahb081.jpg,174908,9782eba5,\Gallery 57\05 - Savannah (3)\,{Shemale Yum Dvd03~G57~05-3~05 - Savannah (3)}
savannahb082.jpg,163220,d3d2e23a,\Gallery 57\05 - Savannah (3)\,{Shemale Yum Dvd03~G57~05-3~05 - Savannah (3)}
savannahb083.jpg,153926,b94da874,\Gallery 57\05 - Savannah (3)\,{Shemale Yum Dvd03~G57~05-3~05 - Savannah (3)}
savannahd001.jpg,179669,59bec40a,\Gallery 57\05 - Savannah (4)\,{Shemale Yum Dvd03~G57~05-4~05 - Savannah (4)}
savannahd002.jpg,145044,3942a6c5,\Gallery 57\05 - Savannah (4)\,{Shemale Yum Dvd03~G57~05-4~05 - Savannah (4)}
savannahd003.jpg,164874,965e5a7d,\Gallery 57\05 - Savannah (4)\,{Shemale Yum Dvd03~G57~05-4~05 - Savannah (4)}
savannahd004.jpg,168893,f392497b,\Gallery 57\05 - Savannah (4)\,{Shemale Yum Dvd03~G57~05-4~05 - Savannah (4)}
savannahd005.jpg,160128,bb6742de,\Gallery 57\05 - Savannah (4)\,{Shemale Yum Dvd03~G57~05-4~05 - Savannah (4)}
savannahd006.jpg,154789,a2ce92e6,\Gallery 57\05 - Savannah (4)\,{Shemale Yum Dvd03~G57~05-4~05 - Savannah (4)}
savannahd007.jpg,162229,8fa52aa9,\Gallery 57\05 - Savannah (4)\,{Shemale Yum Dvd03~G57~05-4~05 - Savannah (4)}
savannahd008.jpg,128700,08118ca5,\Gallery 57\05 - Savannah (4)\,{Shemale Yum Dvd03~G57~05-4~05 - Savannah (4)}
savannahd009.jpg,155797,e83f4fc0,\Gallery 57\05 - Savannah (4)\,{Shemale Yum Dvd03~G57~05-4~05 - Savannah (4)}
savannahd010.jpg,141856,ef2ce456,\Gallery 57\05 - Savannah (4)\,{Shemale Yum Dvd03~G57~05-4~05 - Savannah (4)}
savannahd011.jpg,171456,0c7a28ef,\Gallery 57\05 - Savannah (4)\,{Shemale Yum Dvd03~G57~05-4~05 - Savannah (4)}
savannahd012.jpg,164907,3c385811,\Gallery 57\05 - Savannah (4)\,{Shemale Yum Dvd03~G57~05-4~05 - Savannah (4)}
savannahd013.jpg,176488,cd8fe112,\Gallery 57\05 - Savannah (4)\,{Shemale Yum Dvd03~G57~05-4~05 - Savannah (4)}
savannahd014.jpg,168605,c810fef0,\Gallery 57\05 - Savannah (4)\,{Shemale Yum Dvd03~G57~05-4~05 - Savannah (4)}
savannahd015.jpg,180257,81f1de07,\Gallery 57\05 - Savannah (4)\,{Shemale Yum Dvd03~G57~05-4~05 - Savannah (4)}
savannahd016.jpg,140082,cfc9b282,\Gallery 57\05 - Savannah (4)\,{Shemale Yum Dvd03~G57~05-4~05 - Savannah (4)}
savannahd017.jpg,131193,2d6b6a38,\Gallery 57\05 - Savannah (4)\,{Shemale Yum Dvd03~G57~05-4~05 - Savannah (4)}
savannahd018.jpg,136852,a48c76b2,\Gallery 57\05 - Savannah (4)\,{Shemale Yum Dvd03~G57~05-4~05 - Savannah (4)}
savannahd019.jpg,129908,54f0d1f2,\Gallery 57\05 - Savannah (4)\,{Shemale Yum Dvd03~G57~05-4~05 - Savannah (4)}
savannahd020.jpg,135953,df9c7806,\Gallery 57\05 - Savannah (4)\,{Shemale Yum Dvd03~G57~05-4~05 - Savannah (4)}
savannahd021.jpg,135059,1a086493,\Gallery 57\05 - Savannah (4)\,{Shemale Yum Dvd03~G57~05-4~05 - Savannah (4)}
savannahd022.jpg,126797,d4c08d93,\Gallery 57\05 - Savannah (4)\,{Shemale Yum Dvd03~G57~05-4~05 - Savannah (4)}
savannahd023.jpg,134483,21554953,\Gallery 57\05 - Savannah (4)\,{Shemale Yum Dvd03~G57~05-4~05 - Savannah (4)}
savannahd024.jpg,128256,5952019b,\Gallery 57\05 - Savannah (4)\,{Shemale Yum Dvd03~G57~05-4~05 - Savannah (4)}
savannahd025.jpg,129522,d7d92c59,\Gallery 57\05 - Savannah (4)\,{Shemale Yum Dvd03~G57~05-4~05 - Savannah (4)}
savannahd026.jpg,137947,6bfe3e98,\Gallery 57\05 - Savannah (4)\,{Shemale Yum Dvd03~G57~05-4~05 - Savannah (4)}
savannahd027.jpg,148418,681abbcf,\Gallery 57\05 - Savannah (4)\,{Shemale Yum Dvd03~G57~05-4~05 - Savannah (4)}
savannahd028.jpg,123430,7dbb4abc,\Gallery 57\05 - Savannah (4)\,{Shemale Yum Dvd03~G57~05-4~05 - Savannah (4)}
savannahd029.jpg,188832,e3eb6af3,\Gallery 57\05 - Savannah (4)\,{Shemale Yum Dvd03~G57~05-4~05 - Savannah (4)}
savannahd030.jpg,142839,f13cfe1d,\Gallery 57\05 - Savannah (4)\,{Shemale Yum Dvd03~G57~05-4~05 - Savannah (4)}
savannahd031.jpg,190563,24cd92e1,\Gallery 57\05 - Savannah (4)\,{Shemale Yum Dvd03~G57~05-4~05 - Savannah (4)}
savannahd032.jpg,163131,8a0d19e4,\Gallery 57\05 - Savannah (4)\,{Shemale Yum Dvd03~G57~05-4~05 - Savannah (4)}
savannahd033.jpg,184415,72bd9a53,\Gallery 57\05 - Savannah (4)\,{Shemale Yum Dvd03~G57~05-4~05 - Savannah (4)}
savannahd034.jpg,186576,03c612d1,\Gallery 57\05 - Savannah (4)\,{Shemale Yum Dvd03~G57~05-4~05 - Savannah (4)}
savannahd035.jpg,136681,a098f64c,\Gallery 57\05 - Savannah (4)\,{Shemale Yum Dvd03~G57~05-4~05 - Savannah (4)}
savannahd036.jpg,124569,561498ed,\Gallery 57\05 - Savannah (4)\,{Shemale Yum Dvd03~G57~05-4~05 - Savannah (4)}
savannahd037.jpg,148677,90dfe3ad,\Gallery 57\05 - Savannah (4)\,{Shemale Yum Dvd03~G57~05-4~05 - Savannah (4)}
savannahd038.jpg,134054,1fd3eaa4,\Gallery 57\05 - Savannah (4)\,{Shemale Yum Dvd03~G57~05-4~05 - Savannah (4)}
savannahd039.jpg,124645,6c592c0c,\Gallery 57\05 - Savannah (4)\,{Shemale Yum Dvd03~G57~05-4~05 - Savannah (4)}
savannahd040.jpg,130958,d38b34a2,\Gallery 57\05 - Savannah (4)\,{Shemale Yum Dvd03~G57~05-4~05 - Savannah (4)}
savannahd041.jpg,178207,35876582,\Gallery 57\05 - Savannah (4)\,{Shemale Yum Dvd03~G57~05-4~05 - Savannah (4)}
savannahd042.jpg,145042,183db1c9,\Gallery 57\05 - Savannah (4)\,{Shemale Yum Dvd03~G57~05-4~05 - Savannah (4)}
savannahd043.jpg,155451,ae990988,\Gallery 57\05 - Savannah (4)\,{Shemale Yum Dvd03~G57~05-4~05 - Savannah (4)}
savannahd044.jpg,157243,25c6dc1e,\Gallery 57\05 - Savannah (4)\,{Shemale Yum Dvd03~G57~05-4~05 - Savannah (4)}
savannahd045.jpg,140498,4db411b4,\Gallery 57\05 - Savannah (4)\,{Shemale Yum Dvd03~G57~05-4~05 - Savannah (4)}
savannahd046.jpg,135165,426145d9,\Gallery 57\05 - Savannah (4)\,{Shemale Yum Dvd03~G57~05-4~05 - Savannah (4)}
savannahd047.jpg,160285,4a2a8fb0,\Gallery 57\05 - Savannah (4)\,{Shemale Yum Dvd03~G57~05-4~05 - Savannah (4)}
savannahd048.jpg,140055,44a1fc61,\Gallery 57\05 - Savannah (4)\,{Shemale Yum Dvd03~G57~05-4~05 - Savannah (4)}
savannahd049.jpg,132496,6cc85f94,\Gallery 57\05 - Savannah (4)\,{Shemale Yum Dvd03~G57~05-4~05 - Savannah (4)}
savannahd050.jpg,141600,958d9d73,\Gallery 57\05 - Savannah (4)\,{Shemale Yum Dvd03~G57~05-4~05 - Savannah (4)}
savannahd051.jpg,132696,4f823716,\Gallery 57\05 - Savannah (4)\,{Shemale Yum Dvd03~G57~05-4~05 - Savannah (4)}
savannahd052.jpg,126031,99b6d53a,\Gallery 57\05 - Savannah (4)\,{Shemale Yum Dvd03~G57~05-4~05 - Savannah (4)}
savannahd053.jpg,124423,e2397b08,\Gallery 57\05 - Savannah (4)\,{Shemale Yum Dvd03~G57~05-4~05 - Savannah (4)}
savannahd054.jpg,147677,3654ba2d,\Gallery 57\05 - Savannah (4)\,{Shemale Yum Dvd03~G57~05-4~05 - Savannah (4)}
savannahd055.jpg,131773,f2215cba,\Gallery 57\05 - Savannah (4)\,{Shemale Yum Dvd03~G57~05-4~05 - Savannah (4)}
savannahd056.jpg,159888,a6fbd4f7,\Gallery 57\05 - Savannah (4)\,{Shemale Yum Dvd03~G57~05-4~05 - Savannah (4)}
savannahd057.jpg,166206,1f8d1ebd,\Gallery 57\05 - Savannah (4)\,{Shemale Yum Dvd03~G57~05-4~05 - Savannah (4)}
savannahd058.jpg,126034,df6b72ae,\Gallery 57\05 - Savannah (4)\,{Shemale Yum Dvd03~G57~05-4~05 - Savannah (4)}
savannahd059.jpg,137891,bb7f7146,\Gallery 57\05 - Savannah (4)\,{Shemale Yum Dvd03~G57~05-4~05 - Savannah (4)}
savannahd060.jpg,167585,214ce5b5,\Gallery 57\05 - Savannah (4)\,{Shemale Yum Dvd03~G57~05-4~05 - Savannah (4)}
savannahd061.jpg,172421,f5530116,\Gallery 57\05 - Savannah (4)\,{Shemale Yum Dvd03~G57~05-4~05 - Savannah (4)}
savannahd062.jpg,177142,15ad6546,\Gallery 57\05 - Savannah (4)\,{Shemale Yum Dvd03~G57~05-4~05 - Savannah (4)}
savannahd063.jpg,146246,20a0ca0f,\Gallery 57\05 - Savannah (4)\,{Shemale Yum Dvd03~G57~05-4~05 - Savannah (4)}
savannahd064.jpg,143776,84c489b3,\Gallery 57\05 - Savannah (4)\,{Shemale Yum Dvd03~G57~05-4~05 - Savannah (4)}
savannahd065.jpg,155480,33d4805c,\Gallery 57\05 - Savannah (4)\,{Shemale Yum Dvd03~G57~05-4~05 - Savannah (4)}
savannahd066.jpg,162541,a102e87a,\Gallery 57\05 - Savannah (4)\,{Shemale Yum Dvd03~G57~05-4~05 - Savannah (4)}
savannahd067.jpg,148708,b1312e42,\Gallery 57\05 - Savannah (4)\,{Shemale Yum Dvd03~G57~05-4~05 - Savannah (4)}
savannahd068.jpg,180415,0aa56bb5,\Gallery 57\05 - Savannah (4)\,{Shemale Yum Dvd03~G57~05-4~05 - Savannah (4)}
savannahd069.jpg,160948,5f98b262,\Gallery 57\05 - Savannah (4)\,{Shemale Yum Dvd03~G57~05-4~05 - Savannah (4)}
savannahd070.jpg,143156,a9fb2a1f,\Gallery 57\05 - Savannah (4)\,{Shemale Yum Dvd03~G57~05-4~05 - Savannah (4)}
savannahd071.jpg,171442,a0acf964,\Gallery 57\05 - Savannah (4)\,{Shemale Yum Dvd03~G57~05-4~05 - Savannah (4)}
savannahd072.jpg,180100,f88dc475,\Gallery 57\05 - Savannah (4)\,{Shemale Yum Dvd03~G57~05-4~05 - Savannah (4)}
savannahd073.jpg,168419,89b3f55b,\Gallery 57\05 - Savannah (4)\,{Shemale Yum Dvd03~G57~05-4~05 - Savannah (4)}
savannahd074.jpg,122970,8763ca69,\Gallery 57\05 - Savannah (4)\,{Shemale Yum Dvd03~G57~05-4~05 - Savannah (4)}
savannahd075.jpg,131574,c18b04ab,\Gallery 57\05 - Savannah (4)\,{Shemale Yum Dvd03~G57~05-4~05 - Savannah (4)}
savannahd076.jpg,109105,5b932c2a,\Gallery 57\05 - Savannah (4)\,{Shemale Yum Dvd03~G57~05-4~05 - Savannah (4)}
savannahd077.jpg,123649,55566683,\Gallery 57\05 - Savannah (4)\,{Shemale Yum Dvd03~G57~05-4~05 - Savannah (4)}
savannahd078.jpg,125790,58ef886f,\Gallery 57\05 - Savannah (4)\,{Shemale Yum Dvd03~G57~05-4~05 - Savannah (4)}
savannahd079.jpg,155502,317e0932,\Gallery 57\05 - Savannah (4)\,{Shemale Yum Dvd03~G57~05-4~05 - Savannah (4)}
savannahd080.jpg,132356,f15fdbdf,\Gallery 57\05 - Savannah (4)\,{Shemale Yum Dvd03~G57~05-4~05 - Savannah (4)}
savannahd081.jpg,135040,cc5266f2,\Gallery 57\05 - Savannah (4)\,{Shemale Yum Dvd03~G57~05-4~05 - Savannah (4)}
savannahd082.jpg,160572,55f411a5,\Gallery 57\05 - Savannah (4)\,{Shemale Yum Dvd03~G57~05-4~05 - Savannah (4)}
savannahd083.jpg,152363,5134bb5a,\Gallery 57\05 - Savannah (4)\,{Shemale Yum Dvd03~G57~05-4~05 - Savannah (4)}
savannahd084.jpg,165639,fd7691b1,\Gallery 57\05 - Savannah (4)\,{Shemale Yum Dvd03~G57~05-4~05 - Savannah (4)}
savannahd085.jpg,160098,7c17576c,\Gallery 57\05 - Savannah (4)\,{Shemale Yum Dvd03~G57~05-4~05 - Savannah (4)}
savannahd086.jpg,151745,7252f6b8,\Gallery 57\05 - Savannah (4)\,{Shemale Yum Dvd03~G57~05-4~05 - Savannah (4)}
savannahd087.jpg,174839,9d722b3d,\Gallery 57\05 - Savannah (4)\,{Shemale Yum Dvd03~G57~05-4~05 - Savannah (4)}
sunsetb0001.jpg,137507,63eb80ef,\Gallery 57\06 - Sunset\,{Shemale Yum Dvd03~G57~06~06 - Sunset}
sunsetb0002.jpg,124502,4df1aeb6,\Gallery 57\06 - Sunset\,{Shemale Yum Dvd03~G57~06~06 - Sunset}
sunsetb0003.jpg,167392,b644fb64,\Gallery 57\06 - Sunset\,{Shemale Yum Dvd03~G57~06~06 - Sunset}
sunsetb0004.jpg,117690,25dc8899,\Gallery 57\06 - Sunset\,{Shemale Yum Dvd03~G57~06~06 - Sunset}
sunsetb0005.jpg,151148,069941b6,\Gallery 57\06 - Sunset\,{Shemale Yum Dvd03~G57~06~06 - Sunset}
sunsetb0006.jpg,144478,41c6ef0f,\Gallery 57\06 - Sunset\,{Shemale Yum Dvd03~G57~06~06 - Sunset}
sunsetb0007.jpg,135072,457d7fb1,\Gallery 57\06 - Sunset\,{Shemale Yum Dvd03~G57~06~06 - Sunset}
sunsetb0008.jpg,164839,6cb9f554,\Gallery 57\06 - Sunset\,{Shemale Yum Dvd03~G57~06~06 - Sunset}
sunsetb0009.jpg,160327,653d8a04,\Gallery 57\06 - Sunset\,{Shemale Yum Dvd03~G57~06~06 - Sunset}
sunsetb0010.jpg,121152,dd2dc9ea,\Gallery 57\06 - Sunset\,{Shemale Yum Dvd03~G57~06~06 - Sunset}
sunsetb0011.jpg,104998,2ce2cf53,\Gallery 57\06 - Sunset\,{Shemale Yum Dvd03~G57~06~06 - Sunset}
sunsetb0012.jpg,155214,94a6c4c5,\Gallery 57\06 - Sunset\,{Shemale Yum Dvd03~G57~06~06 - Sunset}
sunsetb0013.jpg,152551,ffe37af3,\Gallery 57\06 - Sunset\,{Shemale Yum Dvd03~G57~06~06 - Sunset}
sunsetb0014.jpg,166200,797d45e6,\Gallery 57\06 - Sunset\,{Shemale Yum Dvd03~G57~06~06 - Sunset}
sunsetb0015.jpg,136751,673719be,\Gallery 57\06 - Sunset\,{Shemale Yum Dvd03~G57~06~06 - Sunset}
sunsetb0016.jpg,159076,472f8525,\Gallery 57\06 - Sunset\,{Shemale Yum Dvd03~G57~06~06 - Sunset}
sunsetb0017.jpg,150414,5ec2a88b,\Gallery 57\06 - Sunset\,{Shemale Yum Dvd03~G57~06~06 - Sunset}
sunsetb0018.jpg,140743,42e8d7aa,\Gallery 57\06 - Sunset\,{Shemale Yum Dvd03~G57~06~06 - Sunset}
sunsetb0019.jpg,152683,f7f23e49,\Gallery 57\06 - Sunset\,{Shemale Yum Dvd03~G57~06~06 - Sunset}
sunsetb0020.jpg,145316,a3d2c281,\Gallery 57\06 - Sunset\,{Shemale Yum Dvd03~G57~06~06 - Sunset}
sunsetb0021.jpg,149872,ddeab724,\Gallery 57\06 - Sunset\,{Shemale Yum Dvd03~G57~06~06 - Sunset}
sunsetb0022.jpg,153022,1a473cec,\Gallery 57\06 - Sunset\,{Shemale Yum Dvd03~G57~06~06 - Sunset}
sunsetb0023.jpg,138958,5c391cca,\Gallery 57\06 - Sunset\,{Shemale Yum Dvd03~G57~06~06 - Sunset}
sunsetb0024.jpg,142528,21a5fa48,\Gallery 57\06 - Sunset\,{Shemale Yum Dvd03~G57~06~06 - Sunset}
sunsetb0025.jpg,159654,1b1a4b97,\Gallery 57\06 - Sunset\,{Shemale Yum Dvd03~G57~06~06 - Sunset}
sunsetb0026.jpg,160844,8a1e6e71,\Gallery 57\06 - Sunset\,{Shemale Yum Dvd03~G57~06~06 - Sunset}
sunsetb0027.jpg,162077,4171e217,\Gallery 57\06 - Sunset\,{Shemale Yum Dvd03~G57~06~06 - Sunset}
sunsetb0028.jpg,147552,ba66c746,\Gallery 57\06 - Sunset\,{Shemale Yum Dvd03~G57~06~06 - Sunset}
sunsetb0029.jpg,152751,42521b68,\Gallery 57\06 - Sunset\,{Shemale Yum Dvd03~G57~06~06 - Sunset}
sunsetb0030.jpg,162121,1568adf5,\Gallery 57\06 - Sunset\,{Shemale Yum Dvd03~G57~06~06 - Sunset}
sunsetb0031.jpg,138366,125e3531,\Gallery 57\06 - Sunset\,{Shemale Yum Dvd03~G57~06~06 - Sunset}
sunsetb0032.jpg,145698,3ef17d46,\Gallery 57\06 - Sunset\,{Shemale Yum Dvd03~G57~06~06 - Sunset}
sunsetb0033.jpg,129723,c393adf7,\Gallery 57\06 - Sunset\,{Shemale Yum Dvd03~G57~06~06 - Sunset}
sunsetb0034.jpg,155901,70818ae8,\Gallery 57\06 - Sunset\,{Shemale Yum Dvd03~G57~06~06 - Sunset}
sunsetb0035.jpg,129392,c3dccb7a,\Gallery 57\06 - Sunset\,{Shemale Yum Dvd03~G57~06~06 - Sunset}
sunsetb0036.jpg,123299,93c758d8,\Gallery 57\06 - Sunset\,{Shemale Yum Dvd03~G57~06~06 - Sunset}
sunsetb0037.jpg,105883,0ec2cdcb,\Gallery 57\06 - Sunset\,{Shemale Yum Dvd03~G57~06~06 - Sunset}
sunsetb0038.jpg,167599,728f5f17,\Gallery 57\06 - Sunset\,{Shemale Yum Dvd03~G57~06~06 - Sunset}
sunsetb0039.jpg,131021,b2018b5b,\Gallery 57\06 - Sunset\,{Shemale Yum Dvd03~G57~06~06 - Sunset}
sunsetb0040.jpg,125585,d5389a5b,\Gallery 57\06 - Sunset\,{Shemale Yum Dvd03~G57~06~06 - Sunset}
sunsetb0041.jpg,116708,7ef932e8,\Gallery 57\06 - Sunset\,{Shemale Yum Dvd03~G57~06~06 - Sunset}
sunsetb0042.jpg,111786,a6df255f,\Gallery 57\06 - Sunset\,{Shemale Yum Dvd03~G57~06~06 - Sunset}
sunsetb0043.jpg,158324,db8b210a,\Gallery 57\06 - Sunset\,{Shemale Yum Dvd03~G57~06~06 - Sunset}
sunsetb0044.jpg,161079,b751f4d7,\Gallery 57\06 - Sunset\,{Shemale Yum Dvd03~G57~06~06 - Sunset}
sunsetb0045.jpg,165688,843c17a5,\Gallery 57\06 - Sunset\,{Shemale Yum Dvd03~G57~06~06 - Sunset}
sunsetb0046.jpg,166189,d6486f0f,\Gallery 57\06 - Sunset\,{Shemale Yum Dvd03~G57~06~06 - Sunset}
sunsetb0047.jpg,177231,9ae10898,\Gallery 57\06 - Sunset\,{Shemale Yum Dvd03~G57~06~06 - Sunset}
sunsetb0048.jpg,163642,0fbc9a9d,\Gallery 57\06 - Sunset\,{Shemale Yum Dvd03~G57~06~06 - Sunset}
sunsetb0049.jpg,161808,de65a8a6,\Gallery 57\06 - Sunset\,{Shemale Yum Dvd03~G57~06~06 - Sunset}
sunsetb0050.jpg,151300,63c52d92,\Gallery 57\06 - Sunset\,{Shemale Yum Dvd03~G57~06~06 - Sunset}
sunsetb0051.jpg,135272,965d1257,\Gallery 57\06 - Sunset\,{Shemale Yum Dvd03~G57~06~06 - Sunset}
sunsetb0052.jpg,137947,142b9628,\Gallery 57\06 - Sunset\,{Shemale Yum Dvd03~G57~06~06 - Sunset}
sunsetb0053.jpg,136941,f840715b,\Gallery 57\06 - Sunset\,{Shemale Yum Dvd03~G57~06~06 - Sunset}
sunsetb0054.jpg,163429,9432cd7e,\Gallery 57\06 - Sunset\,{Shemale Yum Dvd03~G57~06~06 - Sunset}
sunsetb0055.jpg,158502,6e811149,\Gallery 57\06 - Sunset\,{Shemale Yum Dvd03~G57~06~06 - Sunset}
sunsetb0056.jpg,158595,5f61e9f3,\Gallery 57\06 - Sunset\,{Shemale Yum Dvd03~G57~06~06 - Sunset}
sunsetb0057.jpg,153557,afd09165,\Gallery 57\06 - Sunset\,{Shemale Yum Dvd03~G57~06~06 - Sunset}
sunsetb0058.jpg,159285,825c408a,\Gallery 57\06 - Sunset\,{Shemale Yum Dvd03~G57~06~06 - Sunset}
sunsetb0059.jpg,154661,fe56cb84,\Gallery 57\06 - Sunset\,{Shemale Yum Dvd03~G57~06~06 - Sunset}
sunsetb0060.jpg,161140,63282117,\Gallery 57\06 - Sunset\,{Shemale Yum Dvd03~G57~06~06 - Sunset}
sunsetb0061.jpg,161117,ee1f6f73,\Gallery 57\06 - Sunset\,{Shemale Yum Dvd03~G57~06~06 - Sunset}
sunsetb0062.jpg,120743,441a1320,\Gallery 57\06 - Sunset\,{Shemale Yum Dvd03~G57~06~06 - Sunset}
sunsetb0063.jpg,115791,c80b5e12,\Gallery 57\06 - Sunset\,{Shemale Yum Dvd03~G57~06~06 - Sunset}
sunsetb0064.jpg,119127,d0ffb3cf,\Gallery 57\06 - Sunset\,{Shemale Yum Dvd03~G57~06~06 - Sunset}
sunsetb0065.jpg,121859,e00807c2,\Gallery 57\06 - Sunset\,{Shemale Yum Dvd03~G57~06~06 - Sunset}
sunsetb0066.jpg,141438,1c3f5b9c,\Gallery 57\06 - Sunset\,{Shemale Yum Dvd03~G57~06~06 - Sunset}
sunsetb0067.jpg,110777,299868f8,\Gallery 57\06 - Sunset\,{Shemale Yum Dvd03~G57~06~06 - Sunset}
sunsetb0068.jpg,142625,1d96b5b6,\Gallery 57\06 - Sunset\,{Shemale Yum Dvd03~G57~06~06 - Sunset}
sunsetb0069.jpg,158857,d99a2c38,\Gallery 57\06 - Sunset\,{Shemale Yum Dvd03~G57~06~06 - Sunset}
sunsetb0070.jpg,97435,b7c5756f,\Gallery 57\06 - Sunset\,{Shemale Yum Dvd03~G57~06~06 - Sunset}
sunsetb0071.jpg,102632,3f9ff5e6,\Gallery 57\06 - Sunset\,{Shemale Yum Dvd03~G57~06~06 - Sunset}
sunsetb0072.jpg,84099,4f061630,\Gallery 57\06 - Sunset\,{Shemale Yum Dvd03~G57~06~06 - Sunset}
sunsetb0073.jpg,113796,02a97e88,\Gallery 57\06 - Sunset\,{Shemale Yum Dvd03~G57~06~06 - Sunset}
sunsetb0074.jpg,115899,6f2f0d4f,\Gallery 57\06 - Sunset\,{Shemale Yum Dvd03~G57~06~06 - Sunset}
sunsetb0075.jpg,120470,da8d718d,\Gallery 57\06 - Sunset\,{Shemale Yum Dvd03~G57~06~06 - Sunset}
sunsetb0076.jpg,114510,e3acd87d,\Gallery 57\06 - Sunset\,{Shemale Yum Dvd03~G57~06~06 - Sunset}
sunsetb0077.jpg,124789,0ffca686,\Gallery 57\06 - Sunset\,{Shemale Yum Dvd03~G57~06~06 - Sunset}
sunsetb0078.jpg,108355,a04a3210,\Gallery 57\06 - Sunset\,{Shemale Yum Dvd03~G57~06~06 - Sunset}
sunsetb0079.jpg,157760,f97b5e3f,\Gallery 57\06 - Sunset\,{Shemale Yum Dvd03~G57~06~06 - Sunset}
sunsetb0080.jpg,142854,0cca73ae,\Gallery 57\06 - Sunset\,{Shemale Yum Dvd03~G57~06~06 - Sunset}
sunsetb0081.jpg,158272,f4ed7336,\Gallery 57\06 - Sunset\,{Shemale Yum Dvd03~G57~06~06 - Sunset}
sunsetb0082.jpg,149088,6e95c833,\Gallery 57\06 - Sunset\,{Shemale Yum Dvd03~G57~06~06 - Sunset}
sunsetb0083.jpg,152035,09f65028,\Gallery 57\06 - Sunset\,{Shemale Yum Dvd03~G57~06~06 - Sunset}
sunsetb0084.jpg,156475,a562fa2b,\Gallery 57\06 - Sunset\,{Shemale Yum Dvd03~G57~06~06 - Sunset}
sunsetb0085.jpg,149609,0a933aa8,\Gallery 57\06 - Sunset\,{Shemale Yum Dvd03~G57~06~06 - Sunset}
sunsetb0086.jpg,149933,510ce753,\Gallery 57\06 - Sunset\,{Shemale Yum Dvd03~G57~06~06 - Sunset}
sunsetb0087.jpg,136350,af19502a,\Gallery 57\06 - Sunset\,{Shemale Yum Dvd03~G57~06~06 - Sunset}
sunsetb0088.jpg,137696,f0aa4422,\Gallery 57\06 - Sunset\,{Shemale Yum Dvd03~G57~06~06 - Sunset}
sunsetb0089.jpg,166670,e913055f,\Gallery 57\06 - Sunset\,{Shemale Yum Dvd03~G57~06~06 - Sunset}
sunsetb0090.jpg,154952,33aefd71,\Gallery 57\06 - Sunset\,{Shemale Yum Dvd03~G57~06~06 - Sunset}
sunsetb0091.jpg,164578,efb01529,\Gallery 57\06 - Sunset\,{Shemale Yum Dvd03~G57~06~06 - Sunset}
sunsetb0092.jpg,140956,f05283ed,\Gallery 57\06 - Sunset\,{Shemale Yum Dvd03~G57~06~06 - Sunset}
sunsetb0093.jpg,103192,b1df1cb9,\Gallery 57\06 - Sunset\,{Shemale Yum Dvd03~G57~06~06 - Sunset}
sunsetb0094.jpg,125996,d1794892,\Gallery 57\06 - Sunset\,{Shemale Yum Dvd03~G57~06~06 - Sunset}
sunsetb0095.jpg,147853,c23ff973,\Gallery 57\06 - Sunset\,{Shemale Yum Dvd03~G57~06~06 - Sunset}
sunset001.jpg,126023,88ff7aff,\Gallery 57\06 - Sunset (2)\,{Shemale Yum Dvd03~G57~06-2~06 - Sunset (2)}
sunset003.jpg,129185,70c26296,\Gallery 57\06 - Sunset (2)\,{Shemale Yum Dvd03~G57~06-2~06 - Sunset (2)}
sunset004.jpg,123108,f1d4c4a4,\Gallery 57\06 - Sunset (2)\,{Shemale Yum Dvd03~G57~06-2~06 - Sunset (2)}
sunset005.jpg,131542,cd6c0c6e,\Gallery 57\06 - Sunset (2)\,{Shemale Yum Dvd03~G57~06-2~06 - Sunset (2)}
sunset006.jpg,129973,c4d54244,\Gallery 57\06 - Sunset (2)\,{Shemale Yum Dvd03~G57~06-2~06 - Sunset (2)}
sunset007.jpg,126120,e958c328,\Gallery 57\06 - Sunset (2)\,{Shemale Yum Dvd03~G57~06-2~06 - Sunset (2)}
sunset008.jpg,124967,36c6e8fa,\Gallery 57\06 - Sunset (2)\,{Shemale Yum Dvd03~G57~06-2~06 - Sunset (2)}
sunset009.jpg,140031,3a4bde4c,\Gallery 57\06 - Sunset (2)\,{Shemale Yum Dvd03~G57~06-2~06 - Sunset (2)}
sunset010.jpg,136808,176babcb,\Gallery 57\06 - Sunset (2)\,{Shemale Yum Dvd03~G57~06-2~06 - Sunset (2)}
sunset011.jpg,142391,baf5f2ea,\Gallery 57\06 - Sunset (2)\,{Shemale Yum Dvd03~G57~06-2~06 - Sunset (2)}
sunset012.jpg,129452,dab29203,\Gallery 57\06 - Sunset (2)\,{Shemale Yum Dvd03~G57~06-2~06 - Sunset (2)}
sunset013.jpg,137444,20760a1c,\Gallery 57\06 - Sunset (2)\,{Shemale Yum Dvd03~G57~06-2~06 - Sunset (2)}
sunset014.jpg,129922,a730a2e1,\Gallery 57\06 - Sunset (2)\,{Shemale Yum Dvd03~G57~06-2~06 - Sunset (2)}
sunset015.jpg,133186,1fcbd31a,\Gallery 57\06 - Sunset (2)\,{Shemale Yum Dvd03~G57~06-2~06 - Sunset (2)}
sunset016.jpg,130665,2ef4e9d4,\Gallery 57\06 - Sunset (2)\,{Shemale Yum Dvd03~G57~06-2~06 - Sunset (2)}
sunset017.jpg,124849,106fa5a4,\Gallery 57\06 - Sunset (2)\,{Shemale Yum Dvd03~G57~06-2~06 - Sunset (2)}
sunset018.jpg,138691,f5567dc9,\Gallery 57\06 - Sunset (2)\,{Shemale Yum Dvd03~G57~06-2~06 - Sunset (2)}
sunset019.jpg,140826,4913c32c,\Gallery 57\06 - Sunset (2)\,{Shemale Yum Dvd03~G57~06-2~06 - Sunset (2)}
sunset020.jpg,137368,94cfbac1,\Gallery 57\06 - Sunset (2)\,{Shemale Yum Dvd03~G57~06-2~06 - Sunset (2)}
sunset021.jpg,137065,981b15ed,\Gallery 57\06 - Sunset (2)\,{Shemale Yum Dvd03~G57~06-2~06 - Sunset (2)}
sunset022.jpg,125584,4ce867f0,\Gallery 57\06 - Sunset (2)\,{Shemale Yum Dvd03~G57~06-2~06 - Sunset (2)}
sunset023.jpg,121248,84e8851c,\Gallery 57\06 - Sunset (2)\,{Shemale Yum Dvd03~G57~06-2~06 - Sunset (2)}
sunset024.jpg,130969,0cc6206f,\Gallery 57\06 - Sunset (2)\,{Shemale Yum Dvd03~G57~06-2~06 - Sunset (2)}
sunset025.jpg,127878,42d25080,\Gallery 57\06 - Sunset (2)\,{Shemale Yum Dvd03~G57~06-2~06 - Sunset (2)}
sunset026.jpg,131610,fd31c473,\Gallery 57\06 - Sunset (2)\,{Shemale Yum Dvd03~G57~06-2~06 - Sunset (2)}
sunset027.jpg,137384,8aec678b,\Gallery 57\06 - Sunset (2)\,{Shemale Yum Dvd03~G57~06-2~06 - Sunset (2)}
sunset028.jpg,120759,271c6137,\Gallery 57\06 - Sunset (2)\,{Shemale Yum Dvd03~G57~06-2~06 - Sunset (2)}
sunset029.jpg,129272,6c392981,\Gallery 57\06 - Sunset (2)\,{Shemale Yum Dvd03~G57~06-2~06 - Sunset (2)}
sunset030.jpg,117797,068bff45,\Gallery 57\06 - Sunset (2)\,{Shemale Yum Dvd03~G57~06-2~06 - Sunset (2)}
sunset031.jpg,141892,5233f9bd,\Gallery 57\06 - Sunset (2)\,{Shemale Yum Dvd03~G57~06-2~06 - Sunset (2)}
sunset032.jpg,128681,c586179d,\Gallery 57\06 - Sunset (2)\,{Shemale Yum Dvd03~G57~06-2~06 - Sunset (2)}
sunset033.jpg,125153,60dc3bb7,\Gallery 57\06 - Sunset (2)\,{Shemale Yum Dvd03~G57~06-2~06 - Sunset (2)}
sunset034.jpg,129128,c9dd8cdf,\Gallery 57\06 - Sunset (2)\,{Shemale Yum Dvd03~G57~06-2~06 - Sunset (2)}
sunset035.jpg,106000,b2419ca3,\Gallery 57\06 - Sunset (2)\,{Shemale Yum Dvd03~G57~06-2~06 - Sunset (2)}
sunset036.jpg,109088,a9ee131a,\Gallery 57\06 - Sunset (2)\,{Shemale Yum Dvd03~G57~06-2~06 - Sunset (2)}
sunset037.jpg,98162,4c1d7943,\Gallery 57\06 - Sunset (2)\,{Shemale Yum Dvd03~G57~06-2~06 - Sunset (2)}
sunset038.jpg,120875,6af37951,\Gallery 57\06 - Sunset (2)\,{Shemale Yum Dvd03~G57~06-2~06 - Sunset (2)}
sunset040.jpg,127953,289bd549,\Gallery 57\06 - Sunset (2)\,{Shemale Yum Dvd03~G57~06-2~06 - Sunset (2)}
sunset041.jpg,141728,42722a64,\Gallery 57\06 - Sunset (2)\,{Shemale Yum Dvd03~G57~06-2~06 - Sunset (2)}
sunset042.jpg,138433,06ee444e,\Gallery 57\06 - Sunset (2)\,{Shemale Yum Dvd03~G57~06-2~06 - Sunset (2)}
sunset043.jpg,123360,17300765,\Gallery 57\06 - Sunset (2)\,{Shemale Yum Dvd03~G57~06-2~06 - Sunset (2)}
sunset044.jpg,127870,f11b5a9f,\Gallery 57\06 - Sunset (2)\,{Shemale Yum Dvd03~G57~06-2~06 - Sunset (2)}
sunset045.jpg,133644,631b6a51,\Gallery 57\06 - Sunset (2)\,{Shemale Yum Dvd03~G57~06-2~06 - Sunset (2)}
sunset046.jpg,129651,f41dcce4,\Gallery 57\06 - Sunset (2)\,{Shemale Yum Dvd03~G57~06-2~06 - Sunset (2)}
sunset047.jpg,139016,ddd69150,\Gallery 57\06 - Sunset (2)\,{Shemale Yum Dvd03~G57~06-2~06 - Sunset (2)}
sunset048.jpg,128968,7c0cabb5,\Gallery 57\06 - Sunset (2)\,{Shemale Yum Dvd03~G57~06-2~06 - Sunset (2)}
sunset049.jpg,141005,4ab0ee2a,\Gallery 57\06 - Sunset (2)\,{Shemale Yum Dvd03~G57~06-2~06 - Sunset (2)}
sunset050.jpg,125943,2f09fef8,\Gallery 57\06 - Sunset (2)\,{Shemale Yum Dvd03~G57~06-2~06 - Sunset (2)}
sunset051.jpg,120857,2984c1f6,\Gallery 57\06 - Sunset (2)\,{Shemale Yum Dvd03~G57~06-2~06 - Sunset (2)}
sunset052.jpg,131571,10a6f469,\Gallery 57\06 - Sunset (2)\,{Shemale Yum Dvd03~G57~06-2~06 - Sunset (2)}
sunset053.jpg,131799,3d6447a7,\Gallery 57\06 - Sunset (2)\,{Shemale Yum Dvd03~G57~06-2~06 - Sunset (2)}
sunset054.jpg,141092,03d4fd4b,\Gallery 57\06 - Sunset (2)\,{Shemale Yum Dvd03~G57~06-2~06 - Sunset (2)}
sunset055.jpg,139182,aa57f71e,\Gallery 57\06 - Sunset (2)\,{Shemale Yum Dvd03~G57~06-2~06 - Sunset (2)}
sunset057.jpg,121284,056e4940,\Gallery 57\06 - Sunset (2)\,{Shemale Yum Dvd03~G57~06-2~06 - Sunset (2)}
sunset058.jpg,91562,5ad9c1cf,\Gallery 57\06 - Sunset (2)\,{Shemale Yum Dvd03~G57~06-2~06 - Sunset (2)}
sunset059.jpg,108891,94c535ca,\Gallery 57\06 - Sunset (2)\,{Shemale Yum Dvd03~G57~06-2~06 - Sunset (2)}
sunset060.jpg,118344,d1685c54,\Gallery 57\06 - Sunset (2)\,{Shemale Yum Dvd03~G57~06-2~06 - Sunset (2)}
sunset061.jpg,135151,2b0005b4,\Gallery 57\06 - Sunset (2)\,{Shemale Yum Dvd03~G57~06-2~06 - Sunset (2)}
sunset062.jpg,128368,49887e25,\Gallery 57\06 - Sunset (2)\,{Shemale Yum Dvd03~G57~06-2~06 - Sunset (2)}
sunset063.jpg,121379,f479171e,\Gallery 57\06 - Sunset (2)\,{Shemale Yum Dvd03~G57~06-2~06 - Sunset (2)}
sunset064.jpg,119892,52d537f9,\Gallery 57\06 - Sunset (2)\,{Shemale Yum Dvd03~G57~06-2~06 - Sunset (2)}
sunset065.jpg,105887,7ceb29c2,\Gallery 57\06 - Sunset (2)\,{Shemale Yum Dvd03~G57~06-2~06 - Sunset (2)}
sunset067.jpg,139709,d20ab5a3,\Gallery 57\06 - Sunset (2)\,{Shemale Yum Dvd03~G57~06-2~06 - Sunset (2)}
sunset068.jpg,137141,54142d59,\Gallery 57\06 - Sunset (2)\,{Shemale Yum Dvd03~G57~06-2~06 - Sunset (2)}
sunset069.jpg,143150,c1288ead,\Gallery 57\06 - Sunset (2)\,{Shemale Yum Dvd03~G57~06-2~06 - Sunset (2)}
sunset070.jpg,126919,5745ba83,\Gallery 57\06 - Sunset (2)\,{Shemale Yum Dvd03~G57~06-2~06 - Sunset (2)}
sunset071.jpg,98545,3808097a,\Gallery 57\06 - Sunset (2)\,{Shemale Yum Dvd03~G57~06-2~06 - Sunset (2)}
sunset072.jpg,114922,be122a36,\Gallery 57\06 - Sunset (2)\,{Shemale Yum Dvd03~G57~06-2~06 - Sunset (2)}
sunset073.jpg,130989,0d1fc17d,\Gallery 57\06 - Sunset (2)\,{Shemale Yum Dvd03~G57~06-2~06 - Sunset (2)}
sunset074.jpg,126856,07330cd6,\Gallery 57\06 - Sunset (2)\,{Shemale Yum Dvd03~G57~06-2~06 - Sunset (2)}
sunset075.jpg,130490,47afb196,\Gallery 57\06 - Sunset (2)\,{Shemale Yum Dvd03~G57~06-2~06 - Sunset (2)}
sunset076.jpg,114943,03f104a9,\Gallery 57\06 - Sunset (2)\,{Shemale Yum Dvd03~G57~06-2~06 - Sunset (2)}
sunset077.jpg,119429,f3f27bf4,\Gallery 57\06 - Sunset (2)\,{Shemale Yum Dvd03~G57~06-2~06 - Sunset (2)}
sunset078.jpg,117573,528aa1c7,\Gallery 57\06 - Sunset (2)\,{Shemale Yum Dvd03~G57~06-2~06 - Sunset (2)}
sunset079.jpg,110780,54125c24,\Gallery 57\06 - Sunset (2)\,{Shemale Yum Dvd03~G57~06-2~06 - Sunset (2)}
sunset080.jpg,84369,243f60c0,\Gallery 57\06 - Sunset (2)\,{Shemale Yum Dvd03~G57~06-2~06 - Sunset (2)}
sunset081.jpg,111919,2ffedfa9,\Gallery 57\06 - Sunset (2)\,{Shemale Yum Dvd03~G57~06-2~06 - Sunset (2)}
sunset082.jpg,125108,bc421a1d,\Gallery 57\06 - Sunset (2)\,{Shemale Yum Dvd03~G57~06-2~06 - Sunset (2)}
sunset083.jpg,133875,e83c8713,\Gallery 57\06 - Sunset (2)\,{Shemale Yum Dvd03~G57~06-2~06 - Sunset (2)}
sunset084.jpg,141574,ce9e987c,\Gallery 57\06 - Sunset (2)\,{Shemale Yum Dvd03~G57~06-2~06 - Sunset (2)}
sunset085.jpg,143163,1daa2f70,\Gallery 57\06 - Sunset (2)\,{Shemale Yum Dvd03~G57~06-2~06 - Sunset (2)}
sunset086.jpg,135805,9e7418c5,\Gallery 57\06 - Sunset (2)\,{Shemale Yum Dvd03~G57~06-2~06 - Sunset (2)}
sunset087.jpg,159005,94ffe168,\Gallery 57\06 - Sunset (2)\,{Shemale Yum Dvd03~G57~06-2~06 - Sunset (2)}
sunset088.jpg,128367,7de50000,\Gallery 57\06 - Sunset (2)\,{Shemale Yum Dvd03~G57~06-2~06 - Sunset (2)}
sunset089.jpg,142790,4f79975e,\Gallery 57\06 - Sunset (2)\,{Shemale Yum Dvd03~G57~06-2~06 - Sunset (2)}
sunset090.jpg,132595,e6fd263f,\Gallery 57\06 - Sunset (2)\,{Shemale Yum Dvd03~G57~06-2~06 - Sunset (2)}
sunset091.jpg,135544,868ae890,\Gallery 57\06 - Sunset (2)\,{Shemale Yum Dvd03~G57~06-2~06 - Sunset (2)}
sunset092.jpg,130333,14f4412b,\Gallery 57\06 - Sunset (2)\,{Shemale Yum Dvd03~G57~06-2~06 - Sunset (2)}
sunset093.jpg,143194,e3edd3ed,\Gallery 57\06 - Sunset (2)\,{Shemale Yum Dvd03~G57~06-2~06 - Sunset (2)}
sunset094.jpg,127698,22bc7b13,\Gallery 57\06 - Sunset (2)\,{Shemale Yum Dvd03~G57~06-2~06 - Sunset (2)}
sunset095.jpg,125711,2c627978,\Gallery 57\06 - Sunset (2)\,{Shemale Yum Dvd03~G57~06-2~06 - Sunset (2)}
sunset096.jpg,139106,9a53c72c,\Gallery 57\06 - Sunset (2)\,{Shemale Yum Dvd03~G57~06-2~06 - Sunset (2)}
sunset097.jpg,135438,c3083681,\Gallery 57\06 - Sunset (2)\,{Shemale Yum Dvd03~G57~06-2~06 - Sunset (2)}
sunset098.jpg,142570,a3e9d425,\Gallery 57\06 - Sunset (2)\,{Shemale Yum Dvd03~G57~06-2~06 - Sunset (2)}
sunset099.jpg,105170,5efba85a,\Gallery 57\06 - Sunset (2)\,{Shemale Yum Dvd03~G57~06-2~06 - Sunset (2)}
sunset100.jpg,129438,1860b45c,\Gallery 57\06 - Sunset (2)\,{Shemale Yum Dvd03~G57~06-2~06 - Sunset (2)}
sunset101.jpg,93424,5bb1a53b,\Gallery 57\06 - Sunset (2)\,{Shemale Yum Dvd03~G57~06-2~06 - Sunset (2)}
sunset102.jpg,126818,ff1ba0c0,\Gallery 57\06 - Sunset (2)\,{Shemale Yum Dvd03~G57~06-2~06 - Sunset (2)}
sunset103.jpg,83920,ae7f00ab,\Gallery 57\06 - Sunset (2)\,{Shemale Yum Dvd03~G57~06-2~06 - Sunset (2)}
sunset104.jpg,89250,f1b3e2c8,\Gallery 57\06 - Sunset (2)\,{Shemale Yum Dvd03~G57~06-2~06 - Sunset (2)}
sunset105.jpg,115123,c8353b81,\Gallery 57\06 - Sunset (2)\,{Shemale Yum Dvd03~G57~06-2~06 - Sunset (2)}
sunsetsilver002.jpg,103763,54e82ec8,\Gallery 57\06 - Sunset (2)\,{Shemale Yum Dvd03~G57~06-2~06 - Sunset (2)}
sunsetsilver056.jpg,97019,c88faf40,\Gallery 57\06 - Sunset (2)\,{Shemale Yum Dvd03~G57~06-2~06 - Sunset (2)}
carolina0001.jpg,133477,dd1ac8bc,\Gallery 57\01 - Carolina\,{Shemale Yum Dvd03~G57~01~01 - Carolina}
carolina0002.jpg,141005,e30b698d,\Gallery 57\01 - Carolina\,{Shemale Yum Dvd03~G57~01~01 - Carolina}
carolina0003.jpg,144250,baeec5a8,\Gallery 57\01 - Carolina\,{Shemale Yum Dvd03~G57~01~01 - Carolina}
carolina0004.jpg,101186,64f97653,\Gallery 57\01 - Carolina\,{Shemale Yum Dvd03~G57~01~01 - Carolina}
carolina0005.jpg,127924,ef5b87ac,\Gallery 57\01 - Carolina\,{Shemale Yum Dvd03~G57~01~01 - Carolina}
carolina0006.jpg,137585,09941048,\Gallery 57\01 - Carolina\,{Shemale Yum Dvd03~G57~01~01 - Carolina}
carolina0007.jpg,114727,f8a23bd4,\Gallery 57\01 - Carolina\,{Shemale Yum Dvd03~G57~01~01 - Carolina}
carolina0008.jpg,115383,2e4aba16,\Gallery 57\01 - Carolina\,{Shemale Yum Dvd03~G57~01~01 - Carolina}
carolina0009.jpg,132627,9946362c,\Gallery 57\01 - Carolina\,{Shemale Yum Dvd03~G57~01~01 - Carolina}
carolina0010.jpg,128543,8f43d9e0,\Gallery 57\01 - Carolina\,{Shemale Yum Dvd03~G57~01~01 - Carolina}
carolina0011.jpg,128526,a43f047f,\Gallery 57\01 - Carolina\,{Shemale Yum Dvd03~G57~01~01 - Carolina}
carolina0012.jpg,129217,d835a525,\Gallery 57\01 - Carolina\,{Shemale Yum Dvd03~G57~01~01 - Carolina}
carolina0013.jpg,121565,19347fbb,\Gallery 57\01 - Carolina\,{Shemale Yum Dvd03~G57~01~01 - Carolina}
carolina0014.jpg,102910,1126074c,\Gallery 57\01 - Carolina\,{Shemale Yum Dvd03~G57~01~01 - Carolina}
carolina0015.jpg,117049,eee8e89e,\Gallery 57\01 - Carolina\,{Shemale Yum Dvd03~G57~01~01 - Carolina}
carolina0016.jpg,100115,003401eb,\Gallery 57\01 - Carolina\,{Shemale Yum Dvd03~G57~01~01 - Carolina}
carolina0017.jpg,111645,36c721e7,\Gallery 57\01 - Carolina\,{Shemale Yum Dvd03~G57~01~01 - Carolina}
carolina0018.jpg,110744,ded80be6,\Gallery 57\01 - Carolina\,{Shemale Yum Dvd03~G57~01~01 - Carolina}
carolina0019.jpg,122819,104e2f67,\Gallery 57\01 - Carolina\,{Shemale Yum Dvd03~G57~01~01 - Carolina}
carolina002.jpg,137433,2a93af6f,\Gallery 57\01 - Carolina\,{Shemale Yum Dvd03~G57~01~01 - Carolina}
carolina0020.jpg,114678,b5eed697,\Gallery 57\01 - Carolina\,{Shemale Yum Dvd03~G57~01~01 - Carolina}
carolina0021.jpg,116969,e3bb0cb6,\Gallery 57\01 - Carolina\,{Shemale Yum Dvd03~G57~01~01 - Carolina}
carolina0022.jpg,118272,e912f823,\Gallery 57\01 - Carolina\,{Shemale Yum Dvd03~G57~01~01 - Carolina}
carolina0024.jpg,121524,8392f5df,\Gallery 57\01 - Carolina\,{Shemale Yum Dvd03~G57~01~01 - Carolina}
carolina0025.jpg,103156,fa3ce97f,\Gallery 57\01 - Carolina\,{Shemale Yum Dvd03~G57~01~01 - Carolina}
carolina0026.jpg,127602,04608d25,\Gallery 57\01 - Carolina\,{Shemale Yum Dvd03~G57~01~01 - Carolina}
carolina0027.jpg,135526,fe0ec817,\Gallery 57\01 - Carolina\,{Shemale Yum Dvd03~G57~01~01 - Carolina}
carolina0028.jpg,128224,7d99670f,\Gallery 57\01 - Carolina\,{Shemale Yum Dvd03~G57~01~01 - Carolina}
carolina0029.jpg,118738,1b681ef6,\Gallery 57\01 - Carolina\,{Shemale Yum Dvd03~G57~01~01 - Carolina}
carolina003.jpg,137068,32a1d2d7,\Gallery 57\01 - Carolina\,{Shemale Yum Dvd03~G57~01~01 - Carolina}
carolina0030.jpg,148571,47452a03,\Gallery 57\01 - Carolina\,{Shemale Yum Dvd03~G57~01~01 - Carolina}
carolina0031.jpg,97414,b293f90d,\Gallery 57\01 - Carolina\,{Shemale Yum Dvd03~G57~01~01 - Carolina}
carolina0032.jpg,119816,10c726d1,\Gallery 57\01 - Carolina\,{Shemale Yum Dvd03~G57~01~01 - Carolina}
carolina0033.jpg,125642,a241339b,\Gallery 57\01 - Carolina\,{Shemale Yum Dvd03~G57~01~01 - Carolina}
carolina0034.jpg,165200,bdcd9393,\Gallery 57\01 - Carolina\,{Shemale Yum Dvd03~G57~01~01 - Carolina}
carolina0035.jpg,120448,6df14ad7,\Gallery 57\01 - Carolina\,{Shemale Yum Dvd03~G57~01~01 - Carolina}
carolina0036.jpg,123035,1d73e06e,\Gallery 57\01 - Carolina\,{Shemale Yum Dvd03~G57~01~01 - Carolina}
carolina0037.jpg,113223,23f574ef,\Gallery 57\01 - Carolina\,{Shemale Yum Dvd03~G57~01~01 - Carolina}
carolina0038.jpg,122737,15f66dbd,\Gallery 57\01 - Carolina\,{Shemale Yum Dvd03~G57~01~01 - Carolina}
carolina0039.jpg,121142,542cf01b,\Gallery 57\01 - Carolina\,{Shemale Yum Dvd03~G57~01~01 - Carolina}
carolina004.jpg,122482,19d472ae,\Gallery 57\01 - Carolina\,{Shemale Yum Dvd03~G57~01~01 - Carolina}
carolina0040.jpg,123252,4b6226b1,\Gallery 57\01 - Carolina\,{Shemale Yum Dvd03~G57~01~01 - Carolina}
carolina0041.jpg,126956,9233da0c,\Gallery 57\01 - Carolina\,{Shemale Yum Dvd03~G57~01~01 - Carolina}
carolina0042.jpg,122799,2730adef,\Gallery 57\01 - Carolina\,{Shemale Yum Dvd03~G57~01~01 - Carolina}
carolina0043.jpg,118930,2b9cf886,\Gallery 57\01 - Carolina\,{Shemale Yum Dvd03~G57~01~01 - Carolina}
carolina0044.jpg,154947,0caa6419,\Gallery 57\01 - Carolina\,{Shemale Yum Dvd03~G57~01~01 - Carolina}
carolina0045.jpg,118802,66aee6ce,\Gallery 57\01 - Carolina\,{Shemale Yum Dvd03~G57~01~01 - Carolina}
carolina0046.jpg,119281,38f68527,\Gallery 57\01 - Carolina\,{Shemale Yum Dvd03~G57~01~01 - Carolina}
carolina0047.jpg,122573,3ad91d06,\Gallery 57\01 - Carolina\,{Shemale Yum Dvd03~G57~01~01 - Carolina}
carolina0048.jpg,125251,644816e3,\Gallery 57\01 - Carolina\,{Shemale Yum Dvd03~G57~01~01 - Carolina}
carolina0049.jpg,121506,e6ca9f20,\Gallery 57\01 - Carolina\,{Shemale Yum Dvd03~G57~01~01 - Carolina}
carolina005.jpg,136394,0cc78e4c,\Gallery 57\01 - Carolina\,{Shemale Yum Dvd03~G57~01~01 - Carolina}
carolina0050.jpg,118571,cdb9e79f,\Gallery 57\01 - Carolina\,{Shemale Yum Dvd03~G57~01~01 - Carolina}
carolina0051.jpg,124583,d361b0dc,\Gallery 57\01 - Carolina\,{Shemale Yum Dvd03~G57~01~01 - Carolina}
carolina0052.jpg,162873,5b81ebcf,\Gallery 57\01 - Carolina\,{Shemale Yum Dvd03~G57~01~01 - Carolina}
carolina0053.jpg,189573,c4092f36,\Gallery 57\01 - Carolina\,{Shemale Yum Dvd03~G57~01~01 - Carolina}
carolina0054.jpg,170404,aada9b08,\Gallery 57\01 - Carolina\,{Shemale Yum Dvd03~G57~01~01 - Carolina}
carolina0055.jpg,164271,e6e65f15,\Gallery 57\01 - Carolina\,{Shemale Yum Dvd03~G57~01~01 - Carolina}
carolina0056.jpg,178045,1747daa7,\Gallery 57\01 - Carolina\,{Shemale Yum Dvd03~G57~01~01 - Carolina}
carolina0057.jpg,161084,80b0eab8,\Gallery 57\01 - Carolina\,{Shemale Yum Dvd03~G57~01~01 - Carolina}
carolina0058.jpg,174320,807164fd,\Gallery 57\01 - Carolina\,{Shemale Yum Dvd03~G57~01~01 - Carolina}
carolina0059.jpg,176026,0d4e6d09,\Gallery 57\01 - Carolina\,{Shemale Yum Dvd03~G57~01~01 - Carolina}
carolina0060.jpg,145337,a984083e,\Gallery 57\01 - Carolina\,{Shemale Yum Dvd03~G57~01~01 - Carolina}
carolina0061.jpg,172004,0576631f,\Gallery 57\01 - Carolina\,{Shemale Yum Dvd03~G57~01~01 - Carolina}
carolina0062.jpg,141013,4354412d,\Gallery 57\01 - Carolina\,{Shemale Yum Dvd03~G57~01~01 - Carolina}
carolina0063.jpg,140868,14fd932b,\Gallery 57\01 - Carolina\,{Shemale Yum Dvd03~G57~01~01 - Carolina}
carolina0064.jpg,130747,132c5797,\Gallery 57\01 - Carolina\,{Shemale Yum Dvd03~G57~01~01 - Carolina}
carolina0065.jpg,134481,9fdfc53a,\Gallery 57\01 - Carolina\,{Shemale Yum Dvd03~G57~01~01 - Carolina}
carolina0066.jpg,144368,3d996088,\Gallery 57\01 - Carolina\,{Shemale Yum Dvd03~G57~01~01 - Carolina}
carolina0067.jpg,150119,88b50cd9,\Gallery 57\01 - Carolina\,{Shemale Yum Dvd03~G57~01~01 - Carolina}
carolina0068.jpg,183280,ce85edae,\Gallery 57\01 - Carolina\,{Shemale Yum Dvd03~G57~01~01 - Carolina}
carolina0069.jpg,159447,15f80833,\Gallery 57\01 - Carolina\,{Shemale Yum Dvd03~G57~01~01 - Carolina}
carolina0070.jpg,153315,e7b1277b,\Gallery 57\01 - Carolina\,{Shemale Yum Dvd03~G57~01~01 - Carolina}
carolina0071.jpg,172951,942708a1,\Gallery 57\01 - Carolina\,{Shemale Yum Dvd03~G57~01~01 - Carolina}
carolina0072.jpg,165859,a4e53b69,\Gallery 57\01 - Carolina\,{Shemale Yum Dvd03~G57~01~01 - Carolina}
carolina0073.jpg,171993,30eba82d,\Gallery 57\01 - Carolina\,{Shemale Yum Dvd03~G57~01~01 - Carolina}
carolina0074.jpg,125641,bffb043c,\Gallery 57\01 - Carolina\,{Shemale Yum Dvd03~G57~01~01 - Carolina}
carolina0075.jpg,155212,82e379f4,\Gallery 57\01 - Carolina\,{Shemale Yum Dvd03~G57~01~01 - Carolina}
carolina0076.jpg,127479,d057fc77,\Gallery 57\01 - Carolina\,{Shemale Yum Dvd03~G57~01~01 - Carolina}
carolina0077.jpg,124473,17339e19,\Gallery 57\01 - Carolina\,{Shemale Yum Dvd03~G57~01~01 - Carolina}
carolina0078.jpg,158023,dd90de49,\Gallery 57\01 - Carolina\,{Shemale Yum Dvd03~G57~01~01 - Carolina}
carolina0079.jpg,152412,e720afa8,\Gallery 57\01 - Carolina\,{Shemale Yum Dvd03~G57~01~01 - Carolina}
carolina0080.jpg,167520,f31477cd,\Gallery 57\01 - Carolina\,{Shemale Yum Dvd03~G57~01~01 - Carolina}
carolina0081.jpg,119138,4e15c298,\Gallery 57\01 - Carolina\,{Shemale Yum Dvd03~G57~01~01 - Carolina}
carolina0082.jpg,156825,68289f76,\Gallery 57\01 - Carolina\,{Shemale Yum Dvd03~G57~01~01 - Carolina}
carolina0083.jpg,121046,18f8a637,\Gallery 57\01 - Carolina\,{Shemale Yum Dvd03~G57~01~01 - Carolina}
carolina0084.jpg,132321,7f900360,\Gallery 57\01 - Carolina\,{Shemale Yum Dvd03~G57~01~01 - Carolina}
carolina0085.jpg,174090,7e1d56c7,\Gallery 57\01 - Carolina\,{Shemale Yum Dvd03~G57~01~01 - Carolina}
carolina0086.jpg,165537,5c3efa17,\Gallery 57\01 - Carolina\,{Shemale Yum Dvd03~G57~01~01 - Carolina}
carolina0087.jpg,142043,1737cfe4,\Gallery 57\01 - Carolina\,{Shemale Yum Dvd03~G57~01~01 - Carolina}
carolina0088.jpg,143541,a4959122,\Gallery 57\01 - Carolina\,{Shemale Yum Dvd03~G57~01~01 - Carolina}
carolina0089.jpg,162048,c11aaa61,\Gallery 57\01 - Carolina\,{Shemale Yum Dvd03~G57~01~01 - Carolina}
carolina0090.jpg,174193,3d898db0,\Gallery 57\01 - Carolina\,{Shemale Yum Dvd03~G57~01~01 - Carolina}
carolina0091.jpg,170864,b4466ddb,\Gallery 57\01 - Carolina\,{Shemale Yum Dvd03~G57~01~01 - Carolina}
carolina0092.jpg,168586,a099c6b9,\Gallery 57\01 - Carolina\,{Shemale Yum Dvd03~G57~01~01 - Carolina}
carolina0093.jpg,114067,503b1578,\Gallery 57\01 - Carolina\,{Shemale Yum Dvd03~G57~01~01 - Carolina}
carolina0094.jpg,107177,e4088fda,\Gallery 57\01 - Carolina\,{Shemale Yum Dvd03~G57~01~01 - Carolina}
carolina0095.jpg,108723,ee103f9a,\Gallery 57\01 - Carolina\,{Shemale Yum Dvd03~G57~01~01 - Carolina}
carolina0096.jpg,105204,7a1e3012,\Gallery 57\01 - Carolina\,{Shemale Yum Dvd03~G57~01~01 - Carolina}
carolina0100.jpg,118869,f8cd67cb,\Gallery 57\01 - Carolina\,{Shemale Yum Dvd03~G57~01~01 - Carolina}
carolina0101.jpg,124426,1e0e10be,\Gallery 57\01 - Carolina\,{Shemale Yum Dvd03~G57~01~01 - Carolina}
carolina0102.jpg,129779,d6a385b4,\Gallery 57\01 - Carolina\,{Shemale Yum Dvd03~G57~01~01 - Carolina}
carolina0103.jpg,113686,7c470ef3,\Gallery 57\01 - Carolina\,{Shemale Yum Dvd03~G57~01~01 - Carolina}
carolina0104.jpg,117549,3dcb3a57,\Gallery 57\01 - Carolina\,{Shemale Yum Dvd03~G57~01~01 - Carolina}
carolina0105.jpg,116856,6e721eeb,\Gallery 57\01 - Carolina\,{Shemale Yum Dvd03~G57~01~01 - Carolina}
joanna001.jpg,142163,5f3831fa,\Gallery 57\02 - Joanna\,{Shemale Yum Dvd03~G57~02~02 - Joanna}
joanna002.jpg,181611,2d892986,\Gallery 57\02 - Joanna\,{Shemale Yum Dvd03~G57~02~02 - Joanna}
joanna003.jpg,159553,ea29493a,\Gallery 57\02 - Joanna\,{Shemale Yum Dvd03~G57~02~02 - Joanna}
joanna004.jpg,156251,cab1ebb7,\Gallery 57\02 - Joanna\,{Shemale Yum Dvd03~G57~02~02 - Joanna}
joanna005.jpg,139410,34707d02,\Gallery 57\02 - Joanna\,{Shemale Yum Dvd03~G57~02~02 - Joanna}
joanna006.jpg,142088,d706a405,\Gallery 57\02 - Joanna\,{Shemale Yum Dvd03~G57~02~02 - Joanna}
joanna007.jpg,160763,3dc4c11b,\Gallery 57\02 - Joanna\,{Shemale Yum Dvd03~G57~02~02 - Joanna}
joanna008.jpg,97365,b65143dc,\Gallery 57\02 - Joanna\,{Shemale Yum Dvd03~G57~02~02 - Joanna}
joanna009.jpg,153802,e09bdfb9,\Gallery 57\02 - Joanna\,{Shemale Yum Dvd03~G57~02~02 - Joanna}
joanna011.jpg,133797,daacf4ad,\Gallery 57\02 - Joanna\,{Shemale Yum Dvd03~G57~02~02 - Joanna}
joanna012.jpg,163980,b4c332b2,\Gallery 57\02 - Joanna\,{Shemale Yum Dvd03~G57~02~02 - Joanna}
joanna013.jpg,166386,71c30635,\Gallery 57\02 - Joanna\,{Shemale Yum Dvd03~G57~02~02 - Joanna}
joanna015.jpg,140913,aef1867a,\Gallery 57\02 - Joanna\,{Shemale Yum Dvd03~G57~02~02 - Joanna}
joanna016.jpg,161411,99095c1d,\Gallery 57\02 - Joanna\,{Shemale Yum Dvd03~G57~02~02 - Joanna}
joanna017.jpg,146343,5ac5bc5b,\Gallery 57\02 - Joanna\,{Shemale Yum Dvd03~G57~02~02 - Joanna}
joanna018.jpg,172377,c081aa63,\Gallery 57\02 - Joanna\,{Shemale Yum Dvd03~G57~02~02 - Joanna}
joanna019.jpg,140991,2de5c584,\Gallery 57\02 - Joanna\,{Shemale Yum Dvd03~G57~02~02 - Joanna}
joanna020.jpg,126106,9bb3fa8d,\Gallery 57\02 - Joanna\,{Shemale Yum Dvd03~G57~02~02 - Joanna}
joanna021.jpg,126075,462ecc4f,\Gallery 57\02 - Joanna\,{Shemale Yum Dvd03~G57~02~02 - Joanna}
joanna022.jpg,133781,41ad009a,\Gallery 57\02 - Joanna\,{Shemale Yum Dvd03~G57~02~02 - Joanna}
joanna023.jpg,126110,898dfaf6,\Gallery 57\02 - Joanna\,{Shemale Yum Dvd03~G57~02~02 - Joanna}
joanna024.jpg,119056,979c13ad,\Gallery 57\02 - Joanna\,{Shemale Yum Dvd03~G57~02~02 - Joanna}
joanna025.jpg,136759,3b0d33d8,\Gallery 57\02 - Joanna\,{Shemale Yum Dvd03~G57~02~02 - Joanna}
joanna026.jpg,123658,745e4ea4,\Gallery 57\02 - Joanna\,{Shemale Yum Dvd03~G57~02~02 - Joanna}
joanna027.jpg,116645,9f02dc6c,\Gallery 57\02 - Joanna\,{Shemale Yum Dvd03~G57~02~02 - Joanna}
joanna028.jpg,141171,579d7cda,\Gallery 57\02 - Joanna\,{Shemale Yum Dvd03~G57~02~02 - Joanna}
joanna029.jpg,131158,d95b3466,\Gallery 57\02 - Joanna\,{Shemale Yum Dvd03~G57~02~02 - Joanna}
joanna030.jpg,156859,46ce78d5,\Gallery 57\02 - Joanna\,{Shemale Yum Dvd03~G57~02~02 - Joanna}
joanna031.jpg,138848,1847ad9d,\Gallery 57\02 - Joanna\,{Shemale Yum Dvd03~G57~02~02 - Joanna}
joanna032.jpg,132155,111f218d,\Gallery 57\02 - Joanna\,{Shemale Yum Dvd03~G57~02~02 - Joanna}
joanna033.jpg,129437,05c8e473,\Gallery 57\02 - Joanna\,{Shemale Yum Dvd03~G57~02~02 - Joanna}
joanna034.jpg,160054,94b53068,\Gallery 57\02 - Joanna\,{Shemale Yum Dvd03~G57~02~02 - Joanna}
joanna035.jpg,142566,172d905e,\Gallery 57\02 - Joanna\,{Shemale Yum Dvd03~G57~02~02 - Joanna}
joanna036.jpg,165024,366a1d68,\Gallery 57\02 - Joanna\,{Shemale Yum Dvd03~G57~02~02 - Joanna}
joanna037.jpg,174240,a1d36c12,\Gallery 57\02 - Joanna\,{Shemale Yum Dvd03~G57~02~02 - Joanna}
joanna039.jpg,165421,1ea60217,\Gallery 57\02 - Joanna\,{Shemale Yum Dvd03~G57~02~02 - Joanna}
joanna040.jpg,134058,1ebc003e,\Gallery 57\02 - Joanna\,{Shemale Yum Dvd03~G57~02~02 - Joanna}
joanna041.jpg,144093,5782f382,\Gallery 57\02 - Joanna\,{Shemale Yum Dvd03~G57~02~02 - Joanna}
joanna042.jpg,124950,5cfd5b72,\Gallery 57\02 - Joanna\,{Shemale Yum Dvd03~G57~02~02 - Joanna}
joanna043.jpg,130292,1e8a6b44,\Gallery 57\02 - Joanna\,{Shemale Yum Dvd03~G57~02~02 - Joanna}
joanna045.jpg,133203,1421baad,\Gallery 57\02 - Joanna\,{Shemale Yum Dvd03~G57~02~02 - Joanna}
joanna046.jpg,138120,ed7f6d0e,\Gallery 57\02 - Joanna\,{Shemale Yum Dvd03~G57~02~02 - Joanna}
joanna047.jpg,144117,272eb6b1,\Gallery 57\02 - Joanna\,{Shemale Yum Dvd03~G57~02~02 - Joanna}
joanna048.jpg,139009,4e86d920,\Gallery 57\02 - Joanna\,{Shemale Yum Dvd03~G57~02~02 - Joanna}
joanna049.jpg,163867,1dbb60e9,\Gallery 57\02 - Joanna\,{Shemale Yum Dvd03~G57~02~02 - Joanna}
joanna050.jpg,171241,6684ef98,\Gallery 57\02 - Joanna\,{Shemale Yum Dvd03~G57~02~02 - Joanna}
joanna051.jpg,187818,5a02d3c9,\Gallery 57\02 - Joanna\,{Shemale Yum Dvd03~G57~02~02 - Joanna}
joanna052.jpg,170861,fc40a1fd,\Gallery 57\02 - Joanna\,{Shemale Yum Dvd03~G57~02~02 - Joanna}
joanna057.jpg,145480,1534c17c,\Gallery 57\02 - Joanna\,{Shemale Yum Dvd03~G57~02~02 - Joanna}
joanna058.jpg,133261,9182389b,\Gallery 57\02 - Joanna\,{Shemale Yum Dvd03~G57~02~02 - Joanna}
joanna059.jpg,134819,15d0633f,\Gallery 57\02 - Joanna\,{Shemale Yum Dvd03~G57~02~02 - Joanna}
joanna060.jpg,141449,f2d5ee01,\Gallery 57\02 - Joanna\,{Shemale Yum Dvd03~G57~02~02 - Joanna}
joanna061.jpg,177165,92db5761,\Gallery 57\02 - Joanna\,{Shemale Yum Dvd03~G57~02~02 - Joanna}
joanna062.jpg,137220,82dcf639,\Gallery 57\02 - Joanna\,{Shemale Yum Dvd03~G57~02~02 - Joanna}
joanna063.jpg,176406,12ce3616,\Gallery 57\02 - Joanna\,{Shemale Yum Dvd03~G57~02~02 - Joanna}
joanna066.jpg,123616,897af239,\Gallery 57\02 - Joanna\,{Shemale Yum Dvd03~G57~02~02 - Joanna}
joanna067.jpg,136453,30658968,\Gallery 57\02 - Joanna\,{Shemale Yum Dvd03~G57~02~02 - Joanna}
joanna068.jpg,128902,5cba7edb,\Gallery 57\02 - Joanna\,{Shemale Yum Dvd03~G57~02~02 - Joanna}
joanna069.jpg,143983,b6b8368d,\Gallery 57\02 - Joanna\,{Shemale Yum Dvd03~G57~02~02 - Joanna}
joanna070.jpg,143572,3ba14e86,\Gallery 57\02 - Joanna\,{Shemale Yum Dvd03~G57~02~02 - Joanna}
joanna071.jpg,177356,82ee209d,\Gallery 57\02 - Joanna\,{Shemale Yum Dvd03~G57~02~02 - Joanna}
joanna072.jpg,143976,df739e9c,\Gallery 57\02 - Joanna\,{Shemale Yum Dvd03~G57~02~02 - Joanna}
joanna073.jpg,133859,4eadbc3c,\Gallery 57\02 - Joanna\,{Shemale Yum Dvd03~G57~02~02 - Joanna}
joanna074.jpg,126493,e7a9d1ce,\Gallery 57\02 - Joanna\,{Shemale Yum Dvd03~G57~02~02 - Joanna}
joanna075.jpg,143082,70481618,\Gallery 57\02 - Joanna\,{Shemale Yum Dvd03~G57~02~02 - Joanna}
joanna076.jpg,111709,a69cf577,\Gallery 57\02 - Joanna\,{Shemale Yum Dvd03~G57~02~02 - Joanna}
joanna077.jpg,110064,84b18603,\Gallery 57\02 - Joanna\,{Shemale Yum Dvd03~G57~02~02 - Joanna}
joanna078.jpg,117964,76885d8d,\Gallery 57\02 - Joanna\,{Shemale Yum Dvd03~G57~02~02 - Joanna}
joanna079.jpg,112096,5ae6af28,\Gallery 57\02 - Joanna\,{Shemale Yum Dvd03~G57~02~02 - Joanna}
joanna080.jpg,104994,ccff11f9,\Gallery 57\02 - Joanna\,{Shemale Yum Dvd03~G57~02~02 - Joanna}
joanna081.jpg,116629,9085ad61,\Gallery 57\02 - Joanna\,{Shemale Yum Dvd03~G57~02~02 - Joanna}
joanna082.jpg,120633,71efa409,\Gallery 57\02 - Joanna\,{Shemale Yum Dvd03~G57~02~02 - Joanna}
joanna083.jpg,119630,162f9724,\Gallery 57\02 - Joanna\,{Shemale Yum Dvd03~G57~02~02 - Joanna}
joanna086.jpg,144681,b11d1128,\Gallery 57\02 - Joanna\,{Shemale Yum Dvd03~G57~02~02 - Joanna}
joanna087.jpg,145868,18a1ffa3,\Gallery 57\02 - Joanna\,{Shemale Yum Dvd03~G57~02~02 - Joanna}
joanna088.jpg,170620,4d601c72,\Gallery 57\02 - Joanna\,{Shemale Yum Dvd03~G57~02~02 - Joanna}
joanna089.jpg,180337,e8bd6af2,\Gallery 57\02 - Joanna\,{Shemale Yum Dvd03~G57~02~02 - Joanna}
joanna090.jpg,181730,9f687ada,\Gallery 57\02 - Joanna\,{Shemale Yum Dvd03~G57~02~02 - Joanna}
joanna091.jpg,133975,c74c7d00,\Gallery 57\02 - Joanna\,{Shemale Yum Dvd03~G57~02~02 - Joanna}
joanna092.jpg,128323,8170b4f6,\Gallery 57\02 - Joanna\,{Shemale Yum Dvd03~G57~02~02 - Joanna}
joanna093.jpg,128918,5f0e4e54,\Gallery 57\02 - Joanna\,{Shemale Yum Dvd03~G57~02~02 - Joanna}
joanna094.jpg,120539,80d0a9a9,\Gallery 57\02 - Joanna\,{Shemale Yum Dvd03~G57~02~02 - Joanna}
joanna095.jpg,123777,890e9f36,\Gallery 57\02 - Joanna\,{Shemale Yum Dvd03~G57~02~02 - Joanna}
joanna096.jpg,125941,90005a8f,\Gallery 57\02 - Joanna\,{Shemale Yum Dvd03~G57~02~02 - Joanna}
joannablack010.jpg,139244,e59cdf00,\Gallery 57\02 - Joanna\,{Shemale Yum Dvd03~G57~02~02 - Joanna}
joannablack084.jpg,100411,9425d0cd,\Gallery 57\02 - Joanna\,{Shemale Yum Dvd03~G57~02~02 - Joanna}
joannab001.jpg,155268,79d22343,\Gallery 57\02 - Joanna (2)\,{Shemale Yum Dvd03~G57~02-2~02 - Joanna (2)}
joannab002.jpg,147257,f3940574,\Gallery 57\02 - Joanna (2)\,{Shemale Yum Dvd03~G57~02-2~02 - Joanna (2)}
joannab003.jpg,161685,3be54ee2,\Gallery 57\02 - Joanna (2)\,{Shemale Yum Dvd03~G57~02-2~02 - Joanna (2)}
joannab004.jpg,166297,23906daf,\Gallery 57\02 - Joanna (2)\,{Shemale Yum Dvd03~G57~02-2~02 - Joanna (2)}
joannab005.jpg,154193,0a513e10,\Gallery 57\02 - Joanna (2)\,{Shemale Yum Dvd03~G57~02-2~02 - Joanna (2)}
joannab006.jpg,166285,e4809817,\Gallery 57\02 - Joanna (2)\,{Shemale Yum Dvd03~G57~02-2~02 - Joanna (2)}
joannab007.jpg,152007,1e1d7de6,\Gallery 57\02 - Joanna (2)\,{Shemale Yum Dvd03~G57~02-2~02 - Joanna (2)}
joannab008.jpg,158011,fcdcd698,\Gallery 57\02 - Joanna (2)\,{Shemale Yum Dvd03~G57~02-2~02 - Joanna (2)}
joannab009.jpg,148316,2127d318,\Gallery 57\02 - Joanna (2)\,{Shemale Yum Dvd03~G57~02-2~02 - Joanna (2)}
joannab010.jpg,146784,a9818c66,\Gallery 57\02 - Joanna (2)\,{Shemale Yum Dvd03~G57~02-2~02 - Joanna (2)}
joannab011.jpg,129044,807c99ad,\Gallery 57\02 - Joanna (2)\,{Shemale Yum Dvd03~G57~02-2~02 - Joanna (2)}
joannab012.jpg,135246,2f4288d5,\Gallery 57\02 - Joanna (2)\,{Shemale Yum Dvd03~G57~02-2~02 - Joanna (2)}
joannab013.jpg,136668,13c091dc,\Gallery 57\02 - Joanna (2)\,{Shemale Yum Dvd03~G57~02-2~02 - Joanna (2)}
joannab014.jpg,156138,0d93b650,\Gallery 57\02 - Joanna (2)\,{Shemale Yum Dvd03~G57~02-2~02 - Joanna (2)}
joannab015.jpg,143588,2f3580b8,\Gallery 57\02 - Joanna (2)\,{Shemale Yum Dvd03~G57~02-2~02 - Joanna (2)}
joannab016.jpg,158727,13081590,\Gallery 57\02 - Joanna (2)\,{Shemale Yum Dvd03~G57~02-2~02 - Joanna (2)}
joannab017.jpg,130002,2cd726d9,\Gallery 57\02 - Joanna (2)\,{Shemale Yum Dvd03~G57~02-2~02 - Joanna (2)}
joannab018.jpg,160018,511efaaa,\Gallery 57\02 - Joanna (2)\,{Shemale Yum Dvd03~G57~02-2~02 - Joanna (2)}
joannab019.jpg,153284,abb02aee,\Gallery 57\02 - Joanna (2)\,{Shemale Yum Dvd03~G57~02-2~02 - Joanna (2)}
joannab020.jpg,128397,6984b5e6,\Gallery 57\02 - Joanna (2)\,{Shemale Yum Dvd03~G57~02-2~02 - Joanna (2)}
joannab021.jpg,157977,7828573f,\Gallery 57\02 - Joanna (2)\,{Shemale Yum Dvd03~G57~02-2~02 - Joanna (2)}
joannab022.jpg,128891,e3876a22,\Gallery 57\02 - Joanna (2)\,{Shemale Yum Dvd03~G57~02-2~02 - Joanna (2)}
joannab023.jpg,137102,f3d03485,\Gallery 57\02 - Joanna (2)\,{Shemale Yum Dvd03~G57~02-2~02 - Joanna (2)}
joannab024.jpg,137403,768c9fd0,\Gallery 57\02 - Joanna (2)\,{Shemale Yum Dvd03~G57~02-2~02 - Joanna (2)}
joannab025.jpg,155024,ffbd2da5,\Gallery 57\02 - Joanna (2)\,{Shemale Yum Dvd03~G57~02-2~02 - Joanna (2)}
joannab026.jpg,158600,d8023745,\Gallery 57\02 - Joanna (2)\,{Shemale Yum Dvd03~G57~02-2~02 - Joanna (2)}
joannab027.jpg,150418,9c646581,\Gallery 57\02 - Joanna (2)\,{Shemale Yum Dvd03~G57~02-2~02 - Joanna (2)}
joannab028.jpg,151810,10cad82f,\Gallery 57\02 - Joanna (2)\,{Shemale Yum Dvd03~G57~02-2~02 - Joanna (2)}
joannab029.jpg,149615,4a1d7078,\Gallery 57\02 - Joanna (2)\,{Shemale Yum Dvd03~G57~02-2~02 - Joanna (2)}
joannab030.jpg,147764,39f9add8,\Gallery 57\02 - Joanna (2)\,{Shemale Yum Dvd03~G57~02-2~02 - Joanna (2)}
joannab031.jpg,149842,94b05e77,\Gallery 57\02 - Joanna (2)\,{Shemale Yum Dvd03~G57~02-2~02 - Joanna (2)}
joannab032.jpg,129951,84c5beca,\Gallery 57\02 - Joanna (2)\,{Shemale Yum Dvd03~G57~02-2~02 - Joanna (2)}
joannab033.jpg,133318,e4761418,\Gallery 57\02 - Joanna (2)\,{Shemale Yum Dvd03~G57~02-2~02 - Joanna (2)}
joannab034.jpg,138918,305b8d8c,\Gallery 57\02 - Joanna (2)\,{Shemale Yum Dvd03~G57~02-2~02 - Joanna (2)}
joannab035.jpg,130555,7497b774,\Gallery 57\02 - Joanna (2)\,{Shemale Yum Dvd03~G57~02-2~02 - Joanna (2)}
joannab036.jpg,145149,43a5ed3e,\Gallery 57\02 - Joanna (2)\,{Shemale Yum Dvd03~G57~02-2~02 - Joanna (2)}
joannab037.jpg,146635,abf1d4a7,\Gallery 57\02 - Joanna (2)\,{Shemale Yum Dvd03~G57~02-2~02 - Joanna (2)}
joannab038.jpg,149050,7540a59f,\Gallery 57\02 - Joanna (2)\,{Shemale Yum Dvd03~G57~02-2~02 - Joanna (2)}
joannab039.jpg,133507,6c8a7345,\Gallery 57\02 - Joanna (2)\,{Shemale Yum Dvd03~G57~02-2~02 - Joanna (2)}
joannab040.jpg,122618,9db3420f,\Gallery 57\02 - Joanna (2)\,{Shemale Yum Dvd03~G57~02-2~02 - Joanna (2)}
joannab041.jpg,116853,65371c7b,\Gallery 57\02 - Joanna (2)\,{Shemale Yum Dvd03~G57~02-2~02 - Joanna (2)}
joannab042.jpg,138120,c31f41a8,\Gallery 57\02 - Joanna (2)\,{Shemale Yum Dvd03~G57~02-2~02 - Joanna (2)}
joannab043.jpg,133640,09b361ce,\Gallery 57\02 - Joanna (2)\,{Shemale Yum Dvd03~G57~02-2~02 - Joanna (2)}
joannab044.jpg,144219,96f51343,\Gallery 57\02 - Joanna (2)\,{Shemale Yum Dvd03~G57~02-2~02 - Joanna (2)}
joannab045.jpg,136564,d544ec66,\Gallery 57\02 - Joanna (2)\,{Shemale Yum Dvd03~G57~02-2~02 - Joanna (2)}
joannab046.jpg,129846,eca4f328,\Gallery 57\02 - Joanna (2)\,{Shemale Yum Dvd03~G57~02-2~02 - Joanna (2)}
joannab047.jpg,140552,4e2135c1,\Gallery 57\02 - Joanna (2)\,{Shemale Yum Dvd03~G57~02-2~02 - Joanna (2)}
joannab048.jpg,146567,df9a2627,\Gallery 57\02 - Joanna (2)\,{Shemale Yum Dvd03~G57~02-2~02 - Joanna (2)}
joannab049.jpg,130515,df11bbec,\Gallery 57\02 - Joanna (2)\,{Shemale Yum Dvd03~G57~02-2~02 - Joanna (2)}
joannab050.jpg,126545,e6e2aa27,\Gallery 57\02 - Joanna (2)\,{Shemale Yum Dvd03~G57~02-2~02 - Joanna (2)}
joannab051.jpg,133298,cba9667b,\Gallery 57\02 - Joanna (2)\,{Shemale Yum Dvd03~G57~02-2~02 - Joanna (2)}
joannab052.jpg,128950,8c29fbe1,\Gallery 57\02 - Joanna (2)\,{Shemale Yum Dvd03~G57~02-2~02 - Joanna (2)}
joannab053.jpg,137281,0420a987,\Gallery 57\02 - Joanna (2)\,{Shemale Yum Dvd03~G57~02-2~02 - Joanna (2)}
joannab054.jpg,102188,6890147c,\Gallery 57\02 - Joanna (2)\,{Shemale Yum Dvd03~G57~02-2~02 - Joanna (2)}
joannab055.jpg,118716,8437be51,\Gallery 57\02 - Joanna (2)\,{Shemale Yum Dvd03~G57~02-2~02 - Joanna (2)}
joannab056.jpg,111340,1603f845,\Gallery 57\02 - Joanna (2)\,{Shemale Yum Dvd03~G57~02-2~02 - Joanna (2)}
joannab057.jpg,104027,1d55e31c,\Gallery 57\02 - Joanna (2)\,{Shemale Yum Dvd03~G57~02-2~02 - Joanna (2)}
joannab058.jpg,106642,7afb0663,\Gallery 57\02 - Joanna (2)\,{Shemale Yum Dvd03~G57~02-2~02 - Joanna (2)}
joannab059.jpg,113240,a7160960,\Gallery 57\02 - Joanna (2)\,{Shemale Yum Dvd03~G57~02-2~02 - Joanna (2)}
joannab060.jpg,111400,5b842be1,\Gallery 57\02 - Joanna (2)\,{Shemale Yum Dvd03~G57~02-2~02 - Joanna (2)}
joannab061.jpg,127710,3465f2a6,\Gallery 57\02 - Joanna (2)\,{Shemale Yum Dvd03~G57~02-2~02 - Joanna (2)}
joannab062.jpg,116982,761e90a8,\Gallery 57\02 - Joanna (2)\,{Shemale Yum Dvd03~G57~02-2~02 - Joanna (2)}
joannab063.jpg,117014,de2485d1,\Gallery 57\02 - Joanna (2)\,{Shemale Yum Dvd03~G57~02-2~02 - Joanna (2)}
joannab064.jpg,124560,509d38a9,\Gallery 57\02 - Joanna (2)\,{Shemale Yum Dvd03~G57~02-2~02 - Joanna (2)}
joannab065.jpg,151448,c0e32c18,\Gallery 57\02 - Joanna (2)\,{Shemale Yum Dvd03~G57~02-2~02 - Joanna (2)}
joannab066.jpg,156603,c0c3d016,\Gallery 57\02 - Joanna (2)\,{Shemale Yum Dvd03~G57~02-2~02 - Joanna (2)}
joannab067.jpg,153044,83b55f14,\Gallery 57\02 - Joanna (2)\,{Shemale Yum Dvd03~G57~02-2~02 - Joanna (2)}
joannab068.jpg,145124,e14d4bf1,\Gallery 57\02 - Joanna (2)\,{Shemale Yum Dvd03~G57~02-2~02 - Joanna (2)}
joannab069.jpg,154479,16b57951,\Gallery 57\02 - Joanna (2)\,{Shemale Yum Dvd03~G57~02-2~02 - Joanna (2)}
joannab070.jpg,131130,81cdbdaf,\Gallery 57\02 - Joanna (2)\,{Shemale Yum Dvd03~G57~02-2~02 - Joanna (2)}
joannab071.jpg,140842,6c3181b2,\Gallery 57\02 - Joanna (2)\,{Shemale Yum Dvd03~G57~02-2~02 - Joanna (2)}
joannab072.jpg,184052,fbcb9a66,\Gallery 57\02 - Joanna (2)\,{Shemale Yum Dvd03~G57~02-2~02 - Joanna (2)}
joannab073.jpg,127593,48958ad8,\Gallery 57\02 - Joanna (2)\,{Shemale Yum Dvd03~G57~02-2~02 - Joanna (2)}
joannab074.jpg,180426,4a41b988,\Gallery 57\02 - Joanna (2)\,{Shemale Yum Dvd03~G57~02-2~02 - Joanna (2)}
joannab075.jpg,205722,bcbaab07,\Gallery 57\02 - Joanna (2)\,{Shemale Yum Dvd03~G57~02-2~02 - Joanna (2)}
joannab076.jpg,156401,cfc8558e,\Gallery 57\02 - Joanna (2)\,{Shemale Yum Dvd03~G57~02-2~02 - Joanna (2)}
joannab077.jpg,161335,74313fc3,\Gallery 57\02 - Joanna (2)\,{Shemale Yum Dvd03~G57~02-2~02 - Joanna (2)}
joannab078.jpg,173724,a1412b68,\Gallery 57\02 - Joanna (2)\,{Shemale Yum Dvd03~G57~02-2~02 - Joanna (2)}
joannab079.jpg,207030,49aa3eb4,\Gallery 57\02 - Joanna (2)\,{Shemale Yum Dvd03~G57~02-2~02 - Joanna (2)}
joannab080.jpg,195082,0de7ea1e,\Gallery 57\02 - Joanna (2)\,{Shemale Yum Dvd03~G57~02-2~02 - Joanna (2)}
joannab081.jpg,134060,615ecddb,\Gallery 57\02 - Joanna (2)\,{Shemale Yum Dvd03~G57~02-2~02 - Joanna (2)}
joannab082.jpg,142586,8c646590,\Gallery 57\02 - Joanna (2)\,{Shemale Yum Dvd03~G57~02-2~02 - Joanna (2)}
joannab083.jpg,156772,2ac3a089,\Gallery 57\02 - Joanna (2)\,{Shemale Yum Dvd03~G57~02-2~02 - Joanna (2)}
joannab084.jpg,131449,4c9fefd5,\Gallery 57\02 - Joanna (2)\,{Shemale Yum Dvd03~G57~02-2~02 - Joanna (2)}
joannab085.jpg,125571,02382614,\Gallery 57\02 - Joanna (2)\,{Shemale Yum Dvd03~G57~02-2~02 - Joanna (2)}
joannab086.jpg,154820,d218b2c9,\Gallery 57\02 - Joanna (2)\,{Shemale Yum Dvd03~G57~02-2~02 - Joanna (2)}
joannab087.jpg,206604,a47ed1f9,\Gallery 57\02 - Joanna (2)\,{Shemale Yum Dvd03~G57~02-2~02 - Joanna (2)}
joannab088.jpg,154002,2c455814,\Gallery 57\02 - Joanna (2)\,{Shemale Yum Dvd03~G57~02-2~02 - Joanna (2)}
joannab089.jpg,139078,79df5a1f,\Gallery 57\02 - Joanna (2)\,{Shemale Yum Dvd03~G57~02-2~02 - Joanna (2)}
joannab090.jpg,144561,55f42fe2,\Gallery 57\02 - Joanna (2)\,{Shemale Yum Dvd03~G57~02-2~02 - Joanna (2)}
joannab091.jpg,142757,c3f51573,\Gallery 57\02 - Joanna (2)\,{Shemale Yum Dvd03~G57~02-2~02 - Joanna (2)}
joannab092.jpg,140208,9fc7aa0d,\Gallery 57\02 - Joanna (2)\,{Shemale Yum Dvd03~G57~02-2~02 - Joanna (2)}
joannab093.jpg,146399,f47c31a5,\Gallery 57\02 - Joanna (2)\,{Shemale Yum Dvd03~G57~02-2~02 - Joanna (2)}
susan001.jpg,135716,0ac6029a,\Gallery 57\07 - Susan Shah\,{Shemale Yum Dvd03~G57~07~07 - Susan Shah}
susan002.jpg,130807,93bea28c,\Gallery 57\07 - Susan Shah\,{Shemale Yum Dvd03~G57~07~07 - Susan Shah}
susan003.jpg,142676,8cf35a5c,\Gallery 57\07 - Susan Shah\,{Shemale Yum Dvd03~G57~07~07 - Susan Shah}
susan004.jpg,140722,09209586,\Gallery 57\07 - Susan Shah\,{Shemale Yum Dvd03~G57~07~07 - Susan Shah}
susan005.jpg,131758,3cdcd88b,\Gallery 57\07 - Susan Shah\,{Shemale Yum Dvd03~G57~07~07 - Susan Shah}
susan006.jpg,134919,159395cc,\Gallery 57\07 - Susan Shah\,{Shemale Yum Dvd03~G57~07~07 - Susan Shah}
susan007.jpg,116943,a9d8ff87,\Gallery 57\07 - Susan Shah\,{Shemale Yum Dvd03~G57~07~07 - Susan Shah}
susan008.jpg,141758,d173bb3c,\Gallery 57\07 - Susan Shah\,{Shemale Yum Dvd03~G57~07~07 - Susan Shah}
susan009.jpg,134513,57d2efec,\Gallery 57\07 - Susan Shah\,{Shemale Yum Dvd03~G57~07~07 - Susan Shah}
susan010.jpg,130763,c974f558,\Gallery 57\07 - Susan Shah\,{Shemale Yum Dvd03~G57~07~07 - Susan Shah}
susan011.jpg,137394,7fd46351,\Gallery 57\07 - Susan Shah\,{Shemale Yum Dvd03~G57~07~07 - Susan Shah}
susan012.jpg,116832,be77a8f9,\Gallery 57\07 - Susan Shah\,{Shemale Yum Dvd03~G57~07~07 - Susan Shah}
susan013.jpg,125575,44ff5847,\Gallery 57\07 - Susan Shah\,{Shemale Yum Dvd03~G57~07~07 - Susan Shah}
susan014.jpg,136752,1c9ff915,\Gallery 57\07 - Susan Shah\,{Shemale Yum Dvd03~G57~07~07 - Susan Shah}
susan015.jpg,143117,c84b6a05,\Gallery 57\07 - Susan Shah\,{Shemale Yum Dvd03~G57~07~07 - Susan Shah}
susan016.jpg,138334,728fb4f5,\Gallery 57\07 - Susan Shah\,{Shemale Yum Dvd03~G57~07~07 - Susan Shah}
susan017.jpg,98972,71b7b44c,\Gallery 57\07 - Susan Shah\,{Shemale Yum Dvd03~G57~07~07 - Susan Shah}
susan018.jpg,130207,915cf642,\Gallery 57\07 - Susan Shah\,{Shemale Yum Dvd03~G57~07~07 - Susan Shah}
susan019.jpg,111722,0cd9d864,\Gallery 57\07 - Susan Shah\,{Shemale Yum Dvd03~G57~07~07 - Susan Shah}
susan020.jpg,114237,2d6d8720,\Gallery 57\07 - Susan Shah\,{Shemale Yum Dvd03~G57~07~07 - Susan Shah}
susan021.jpg,132360,650625aa,\Gallery 57\07 - Susan Shah\,{Shemale Yum Dvd03~G57~07~07 - Susan Shah}
susan022.jpg,134730,c4ff644f,\Gallery 57\07 - Susan Shah\,{Shemale Yum Dvd03~G57~07~07 - Susan Shah}
susan023.jpg,133721,5a632d0f,\Gallery 57\07 - Susan Shah\,{Shemale Yum Dvd03~G57~07~07 - Susan Shah}
susan024.jpg,108748,ae074494,\Gallery 57\07 - Susan Shah\,{Shemale Yum Dvd03~G57~07~07 - Susan Shah}
susan025.jpg,134138,b766df6c,\Gallery 57\07 - Susan Shah\,{Shemale Yum Dvd03~G57~07~07 - Susan Shah}
susan026.jpg,142682,af3be670,\Gallery 57\07 - Susan Shah\,{Shemale Yum Dvd03~G57~07~07 - Susan Shah}
susan027.jpg,132733,1d037abd,\Gallery 57\07 - Susan Shah\,{Shemale Yum Dvd03~G57~07~07 - Susan Shah}
susan028.jpg,133993,ba4ec774,\Gallery 57\07 - Susan Shah\,{Shemale Yum Dvd03~G57~07~07 - Susan Shah}
susan029.jpg,138823,194c9283,\Gallery 57\07 - Susan Shah\,{Shemale Yum Dvd03~G57~07~07 - Susan Shah}
susan030.jpg,139479,f8578d7b,\Gallery 57\07 - Susan Shah\,{Shemale Yum Dvd03~G57~07~07 - Susan Shah}
susan031.jpg,129876,cc04dab2,\Gallery 57\07 - Susan Shah\,{Shemale Yum Dvd03~G57~07~07 - Susan Shah}
susan032.jpg,131816,6deae7af,\Gallery 57\07 - Susan Shah\,{Shemale Yum Dvd03~G57~07~07 - Susan Shah}
susan033.jpg,129715,bfabdcc9,\Gallery 57\07 - Susan Shah\,{Shemale Yum Dvd03~G57~07~07 - Susan Shah}
susan034.jpg,125710,2d6e74c1,\Gallery 57\07 - Susan Shah\,{Shemale Yum Dvd03~G57~07~07 - Susan Shah}
susan035.jpg,116831,8c97c75d,\Gallery 57\07 - Susan Shah\,{Shemale Yum Dvd03~G57~07~07 - Susan Shah}
susan036.jpg,125923,a625b5ff,\Gallery 57\07 - Susan Shah\,{Shemale Yum Dvd03~G57~07~07 - Susan Shah}
susan037.jpg,127773,e9e463c5,\Gallery 57\07 - Susan Shah\,{Shemale Yum Dvd03~G57~07~07 - Susan Shah}
susan038.jpg,133921,fbe4ce83,\Gallery 57\07 - Susan Shah\,{Shemale Yum Dvd03~G57~07~07 - Susan Shah}
susan039.jpg,142009,4d7dfc88,\Gallery 57\07 - Susan Shah\,{Shemale Yum Dvd03~G57~07~07 - Susan Shah}
susan040.jpg,134777,40e23107,\Gallery 57\07 - Susan Shah\,{Shemale Yum Dvd03~G57~07~07 - Susan Shah}
susan041.jpg,117970,654474b9,\Gallery 57\07 - Susan Shah\,{Shemale Yum Dvd03~G57~07~07 - Susan Shah}
susan042.jpg,133517,721f8929,\Gallery 57\07 - Susan Shah\,{Shemale Yum Dvd03~G57~07~07 - Susan Shah}
susan043.jpg,129551,7474b0a6,\Gallery 57\07 - Susan Shah\,{Shemale Yum Dvd03~G57~07~07 - Susan Shah}
susan044.jpg,128133,fdf7b239,\Gallery 57\07 - Susan Shah\,{Shemale Yum Dvd03~G57~07~07 - Susan Shah}
susan045.jpg,140139,06feea41,\Gallery 57\07 - Susan Shah\,{Shemale Yum Dvd03~G57~07~07 - Susan Shah}
susan046.jpg,117428,d167b19c,\Gallery 57\07 - Susan Shah\,{Shemale Yum Dvd03~G57~07~07 - Susan Shah}
susan047.jpg,134097,bc5f01bc,\Gallery 57\07 - Susan Shah\,{Shemale Yum Dvd03~G57~07~07 - Susan Shah}
susan048.jpg,124426,a57a7afd,\Gallery 57\07 - Susan Shah\,{Shemale Yum Dvd03~G57~07~07 - Susan Shah}
susan049.jpg,136766,1ba97672,\Gallery 57\07 - Susan Shah\,{Shemale Yum Dvd03~G57~07~07 - Susan Shah}
susan050.jpg,138120,3b3daa66,\Gallery 57\07 - Susan Shah\,{Shemale Yum Dvd03~G57~07~07 - Susan Shah}
susan051.jpg,126874,52e31305,\Gallery 57\07 - Susan Shah\,{Shemale Yum Dvd03~G57~07~07 - Susan Shah}
susan052.jpg,139618,84b83e43,\Gallery 57\07 - Susan Shah\,{Shemale Yum Dvd03~G57~07~07 - Susan Shah}
susan053.jpg,143086,df02aacf,\Gallery 57\07 - Susan Shah\,{Shemale Yum Dvd03~G57~07~07 - Susan Shah}
susan054.jpg,140867,4f25f27d,\Gallery 57\07 - Susan Shah\,{Shemale Yum Dvd03~G57~07~07 - Susan Shah}
susan055.jpg,141313,0c890f3a,\Gallery 57\07 - Susan Shah\,{Shemale Yum Dvd03~G57~07~07 - Susan Shah}
susan056.jpg,127395,dce3c5a6,\Gallery 57\07 - Susan Shah\,{Shemale Yum Dvd03~G57~07~07 - Susan Shah}
susan057.jpg,139751,035a4261,\Gallery 57\07 - Susan Shah\,{Shemale Yum Dvd03~G57~07~07 - Susan Shah}
susan058.jpg,123827,53c89622,\Gallery 57\07 - Susan Shah\,{Shemale Yum Dvd03~G57~07~07 - Susan Shah}
susan059.jpg,127447,d32f0297,\Gallery 57\07 - Susan Shah\,{Shemale Yum Dvd03~G57~07~07 - Susan Shah}
susan060.jpg,133590,a9de06f6,\Gallery 57\07 - Susan Shah\,{Shemale Yum Dvd03~G57~07~07 - Susan Shah}
susan061.jpg,130125,de90ee51,\Gallery 57\07 - Susan Shah\,{Shemale Yum Dvd03~G57~07~07 - Susan Shah}
susan062.jpg,125031,d2f2ceb0,\Gallery 57\07 - Susan Shah\,{Shemale Yum Dvd03~G57~07~07 - Susan Shah}
susan063.jpg,133723,0a7daebf,\Gallery 57\07 - Susan Shah\,{Shemale Yum Dvd03~G57~07~07 - Susan Shah}
susan064.jpg,132768,3ed75c3a,\Gallery 57\07 - Susan Shah\,{Shemale Yum Dvd03~G57~07~07 - Susan Shah}
susan065.jpg,143200,c8a4aa0e,\Gallery 57\07 - Susan Shah\,{Shemale Yum Dvd03~G57~07~07 - Susan Shah}
susan066.jpg,139648,dff3c653,\Gallery 57\07 - Susan Shah\,{Shemale Yum Dvd03~G57~07~07 - Susan Shah}
susan067.jpg,140694,220f01cf,\Gallery 57\07 - Susan Shah\,{Shemale Yum Dvd03~G57~07~07 - Susan Shah}
susan068.jpg,141529,7aeb2967,\Gallery 57\07 - Susan Shah\,{Shemale Yum Dvd03~G57~07~07 - Susan Shah}
susan069.jpg,135381,f77467db,\Gallery 57\07 - Susan Shah\,{Shemale Yum Dvd03~G57~07~07 - Susan Shah}
susan070.jpg,126475,bbbccf1d,\Gallery 57\07 - Susan Shah\,{Shemale Yum Dvd03~G57~07~07 - Susan Shah}
susan071.jpg,133853,257a539d,\Gallery 57\07 - Susan Shah\,{Shemale Yum Dvd03~G57~07~07 - Susan Shah}
susan072.jpg,133969,eadf7ef2,\Gallery 57\07 - Susan Shah\,{Shemale Yum Dvd03~G57~07~07 - Susan Shah}
susan073.jpg,129376,4d793bd1,\Gallery 57\07 - Susan Shah\,{Shemale Yum Dvd03~G57~07~07 - Susan Shah}
susan074.jpg,127129,3a963a21,\Gallery 57\07 - Susan Shah\,{Shemale Yum Dvd03~G57~07~07 - Susan Shah}
susan075.jpg,115317,5a527b48,\Gallery 57\07 - Susan Shah\,{Shemale Yum Dvd03~G57~07~07 - Susan Shah}
susan076.jpg,110230,bc5445d8,\Gallery 57\07 - Susan Shah\,{Shemale Yum Dvd03~G57~07~07 - Susan Shah}
susan077.jpg,128348,a47dd7fc,\Gallery 57\07 - Susan Shah\,{Shemale Yum Dvd03~G57~07~07 - Susan Shah}
susan078.jpg,133527,e50cbe8a,\Gallery 57\07 - Susan Shah\,{Shemale Yum Dvd03~G57~07~07 - Susan Shah}
susan079.jpg,123808,2decfd2f,\Gallery 57\07 - Susan Shah\,{Shemale Yum Dvd03~G57~07~07 - Susan Shah}
susan080.jpg,124924,c9da3598,\Gallery 57\07 - Susan Shah\,{Shemale Yum Dvd03~G57~07~07 - Susan Shah}
susan081.jpg,138147,a5a51f33,\Gallery 57\07 - Susan Shah\,{Shemale Yum Dvd03~G57~07~07 - Susan Shah}
susan082.jpg,131783,81528253,\Gallery 57\07 - Susan Shah\,{Shemale Yum Dvd03~G57~07~07 - Susan Shah}
susan083.jpg,136837,c2b60113,\Gallery 57\07 - Susan Shah\,{Shemale Yum Dvd03~G57~07~07 - Susan Shah}
susan084.jpg,127368,21e92296,\Gallery 57\07 - Susan Shah\,{Shemale Yum Dvd03~G57~07~07 - Susan Shah}
susan086.jpg,123863,5f9c5028,\Gallery 57\07 - Susan Shah\,{Shemale Yum Dvd03~G57~07~07 - Susan Shah}
susan087.jpg,131045,fa041643,\Gallery 57\07 - Susan Shah\,{Shemale Yum Dvd03~G57~07~07 - Susan Shah}
susan088.jpg,131251,a948f783,\Gallery 57\07 - Susan Shah\,{Shemale Yum Dvd03~G57~07~07 - Susan Shah}
susan089.jpg,114422,b379d1e6,\Gallery 57\07 - Susan Shah\,{Shemale Yum Dvd03~G57~07~07 - Susan Shah}
susan090.jpg,105118,506ffd80,\Gallery 57\07 - Susan Shah\,{Shemale Yum Dvd03~G57~07~07 - Susan Shah}
susan091.jpg,129402,4816186d,\Gallery 57\07 - Susan Shah\,{Shemale Yum Dvd03~G57~07~07 - Susan Shah}
susan092.jpg,130265,68325c11,\Gallery 57\07 - Susan Shah\,{Shemale Yum Dvd03~G57~07~07 - Susan Shah}
susan093.jpg,128612,8ce7f310,\Gallery 57\07 - Susan Shah\,{Shemale Yum Dvd03~G57~07~07 - Susan Shah}
susan094.jpg,139025,b8548ba4,\Gallery 57\07 - Susan Shah\,{Shemale Yum Dvd03~G57~07~07 - Susan Shah}
susan095.jpg,135947,317d3bd1,\Gallery 57\07 - Susan Shah\,{Shemale Yum Dvd03~G57~07~07 - Susan Shah}
susan096.jpg,139937,15f233a8,\Gallery 57\07 - Susan Shah\,{Shemale Yum Dvd03~G57~07~07 - Susan Shah}
susan097.jpg,133969,6d3935d3,\Gallery 57\07 - Susan Shah\,{Shemale Yum Dvd03~G57~07~07 - Susan Shah}
susan098.jpg,134903,920054f6,\Gallery 57\07 - Susan Shah\,{Shemale Yum Dvd03~G57~07~07 - Susan Shah}
susan099.jpg,108069,9d162795,\Gallery 57\07 - Susan Shah\,{Shemale Yum Dvd03~G57~07~07 - Susan Shah}
susan100.jpg,104165,f88f69df,\Gallery 57\07 - Susan Shah\,{Shemale Yum Dvd03~G57~07~07 - Susan Shah}
susan101.jpg,95532,5b6f8b2c,\Gallery 57\07 - Susan Shah\,{Shemale Yum Dvd03~G57~07~07 - Susan Shah}
susan102.jpg,134749,f754eaf8,\Gallery 57\07 - Susan Shah\,{Shemale Yum Dvd03~G57~07~07 - Susan Shah}
susan103.jpg,131523,90f6d776,\Gallery 57\07 - Susan Shah\,{Shemale Yum Dvd03~G57~07~07 - Susan Shah}
susan104.jpg,120696,7cc0c483,\Gallery 57\07 - Susan Shah\,{Shemale Yum Dvd03~G57~07~07 - Susan Shah}
susan105.jpg,108866,b3581e3b,\Gallery 57\07 - Susan Shah\,{Shemale Yum Dvd03~G57~07~07 - Susan Shah}
susan106.jpg,105277,a3c99c8f,\Gallery 57\07 - Susan Shah\,{Shemale Yum Dvd03~G57~07~07 - Susan Shah}
susan107.jpg,132023,507914c9,\Gallery 57\07 - Susan Shah\,{Shemale Yum Dvd03~G57~07~07 - Susan Shah}
susan108.jpg,123114,fde23a4c,\Gallery 57\07 - Susan Shah\,{Shemale Yum Dvd03~G57~07~07 - Susan Shah}
susan109.jpg,122400,1e32984b,\Gallery 57\07 - Susan Shah\,{Shemale Yum Dvd03~G57~07~07 - Susan Shah}
susan110.jpg,113268,220ac321,\Gallery 57\07 - Susan Shah\,{Shemale Yum Dvd03~G57~07~07 - Susan Shah}
susan111.jpg,113094,39d61a3a,\Gallery 57\07 - Susan Shah\,{Shemale Yum Dvd03~G57~07~07 - Susan Shah}
susan112.jpg,111223,69e1c860,\Gallery 57\07 - Susan Shah\,{Shemale Yum Dvd03~G57~07~07 - Susan Shah}
susan113.jpg,129921,1619bd28,\Gallery 57\07 - Susan Shah\,{Shemale Yum Dvd03~G57~07~07 - Susan Shah}
susan114.jpg,125162,173d3c3e,\Gallery 57\07 - Susan Shah\,{Shemale Yum Dvd03~G57~07~07 - Susan Shah}
susan115.jpg,133366,e489a0a0,\Gallery 57\07 - Susan Shah\,{Shemale Yum Dvd03~G57~07~07 - Susan Shah}
susan116.jpg,117609,27f62292,\Gallery 57\07 - Susan Shah\,{Shemale Yum Dvd03~G57~07~07 - Susan Shah}
susanspot002.jpg,113453,86509d65,\Gallery 57\07 - Susan Shah\,{Shemale Yum Dvd03~G57~07~07 - Susan Shah}
susanspot085.jpg,117196,626751ef,\Gallery 57\07 - Susan Shah\,{Shemale Yum Dvd03~G57~07~07 - Susan Shah}
susan001.jpg,201100,80b755c2,\Gallery 57\07 - Susan Shah (2)\,{Shemale Yum Dvd03~G57~07-2~07 - Susan Shah (2)}
susan003.jpg,156642,d74bf39c,\Gallery 57\07 - Susan Shah (2)\,{Shemale Yum Dvd03~G57~07-2~07 - Susan Shah (2)}
susan004.jpg,151432,1269aab5,\Gallery 57\07 - Susan Shah (2)\,{Shemale Yum Dvd03~G57~07-2~07 - Susan Shah (2)}
susan005.jpg,153778,ac3ffe34,\Gallery 57\07 - Susan Shah (2)\,{Shemale Yum Dvd03~G57~07-2~07 - Susan Shah (2)}
susan006.jpg,155668,56e2b373,\Gallery 57\07 - Susan Shah (2)\,{Shemale Yum Dvd03~G57~07-2~07 - Susan Shah (2)}
susan007.jpg,166362,2b6420ab,\Gallery 57\07 - Susan Shah (2)\,{Shemale Yum Dvd03~G57~07-2~07 - Susan Shah (2)}
susan008.jpg,154602,4bf18059,\Gallery 57\07 - Susan Shah (2)\,{Shemale Yum Dvd03~G57~07-2~07 - Susan Shah (2)}
susan009.jpg,154481,cd1af2b7,\Gallery 57\07 - Susan Shah (2)\,{Shemale Yum Dvd03~G57~07-2~07 - Susan Shah (2)}
susan010.jpg,157434,0042dbd0,\Gallery 57\07 - Susan Shah (2)\,{Shemale Yum Dvd03~G57~07-2~07 - Susan Shah (2)}
susan011.jpg,157214,a121e5d6,\Gallery 57\07 - Susan Shah (2)\,{Shemale Yum Dvd03~G57~07-2~07 - Susan Shah (2)}
susan012.jpg,157630,9a89ec74,\Gallery 57\07 - Susan Shah (2)\,{Shemale Yum Dvd03~G57~07-2~07 - Susan Shah (2)}
susan013.jpg,139814,45750c70,\Gallery 57\07 - Susan Shah (2)\,{Shemale Yum Dvd03~G57~07-2~07 - Susan Shah (2)}
susan014.jpg,165941,47212987,\Gallery 57\07 - Susan Shah (2)\,{Shemale Yum Dvd03~G57~07-2~07 - Susan Shah (2)}
susan015.jpg,182237,45f75e9e,\Gallery 57\07 - Susan Shah (2)\,{Shemale Yum Dvd03~G57~07-2~07 - Susan Shah (2)}
susan016.jpg,180064,fe0ba2f7,\Gallery 57\07 - Susan Shah (2)\,{Shemale Yum Dvd03~G57~07-2~07 - Susan Shah (2)}
susan017.jpg,156062,617f9f41,\Gallery 57\07 - Susan Shah (2)\,{Shemale Yum Dvd03~G57~07-2~07 - Susan Shah (2)}
susan018.jpg,154186,102349bd,\Gallery 57\07 - Susan Shah (2)\,{Shemale Yum Dvd03~G57~07-2~07 - Susan Shah (2)}
susan019.jpg,155600,6cfb2ade,\Gallery 57\07 - Susan Shah (2)\,{Shemale Yum Dvd03~G57~07-2~07 - Susan Shah (2)}
susan020.jpg,153506,0a95f66e,\Gallery 57\07 - Susan Shah (2)\,{Shemale Yum Dvd03~G57~07-2~07 - Susan Shah (2)}
susan021.jpg,193878,067ef0bb,\Gallery 57\07 - Susan Shah (2)\,{Shemale Yum Dvd03~G57~07-2~07 - Susan Shah (2)}
susan022.jpg,195358,b268d173,\Gallery 57\07 - Susan Shah (2)\,{Shemale Yum Dvd03~G57~07-2~07 - Susan Shah (2)}
susan023.jpg,152055,9770c590,\Gallery 57\07 - Susan Shah (2)\,{Shemale Yum Dvd03~G57~07-2~07 - Susan Shah (2)}
susan024.jpg,154828,1f33d7f2,\Gallery 57\07 - Susan Shah (2)\,{Shemale Yum Dvd03~G57~07-2~07 - Susan Shah (2)}
susan025.jpg,151657,5689c095,\Gallery 57\07 - Susan Shah (2)\,{Shemale Yum Dvd03~G57~07-2~07 - Susan Shah (2)}
susan026.jpg,162987,be1437db,\Gallery 57\07 - Susan Shah (2)\,{Shemale Yum Dvd03~G57~07-2~07 - Susan Shah (2)}
susan027.jpg,151506,99900ba1,\Gallery 57\07 - Susan Shah (2)\,{Shemale Yum Dvd03~G57~07-2~07 - Susan Shah (2)}
susan028.jpg,163487,1d471e93,\Gallery 57\07 - Susan Shah (2)\,{Shemale Yum Dvd03~G57~07-2~07 - Susan Shah (2)}
susan029.jpg,151970,df98cec4,\Gallery 57\07 - Susan Shah (2)\,{Shemale Yum Dvd03~G57~07-2~07 - Susan Shah (2)}
susan030.jpg,155681,60f24c00,\Gallery 57\07 - Susan Shah (2)\,{Shemale Yum Dvd03~G57~07-2~07 - Susan Shah (2)}
susan031.jpg,153519,11d01fa1,\Gallery 57\07 - Susan Shah (2)\,{Shemale Yum Dvd03~G57~07-2~07 - Susan Shah (2)}
susan032.jpg,156982,3b12ff88,\Gallery 57\07 - Susan Shah (2)\,{Shemale Yum Dvd03~G57~07-2~07 - Susan Shah (2)}
susan033.jpg,147147,80e07f0e,\Gallery 57\07 - Susan Shah (2)\,{Shemale Yum Dvd03~G57~07-2~07 - Susan Shah (2)}
susan034.jpg,137391,061ef971,\Gallery 57\07 - Susan Shah (2)\,{Shemale Yum Dvd03~G57~07-2~07 - Susan Shah (2)}
susan035.jpg,154079,343dccff,\Gallery 57\07 - Susan Shah (2)\,{Shemale Yum Dvd03~G57~07-2~07 - Susan Shah (2)}
susan036.jpg,163415,c8d08a75,\Gallery 57\07 - Susan Shah (2)\,{Shemale Yum Dvd03~G57~07-2~07 - Susan Shah (2)}
susan037.jpg,148681,31a024d1,\Gallery 57\07 - Susan Shah (2)\,{Shemale Yum Dvd03~G57~07-2~07 - Susan Shah (2)}
susan038.jpg,153592,547f2dc4,\Gallery 57\07 - Susan Shah (2)\,{Shemale Yum Dvd03~G57~07-2~07 - Susan Shah (2)}
susan039.jpg,161492,c61b5032,\Gallery 57\07 - Susan Shah (2)\,{Shemale Yum Dvd03~G57~07-2~07 - Susan Shah (2)}
susan040.jpg,142147,7deb8c44,\Gallery 57\07 - Susan Shah (2)\,{Shemale Yum Dvd03~G57~07-2~07 - Susan Shah (2)}
susan041.jpg,143902,6583df6a,\Gallery 57\07 - Susan Shah (2)\,{Shemale Yum Dvd03~G57~07-2~07 - Susan Shah (2)}
susan042.jpg,148223,f6e9a3ce,\Gallery 57\07 - Susan Shah (2)\,{Shemale Yum Dvd03~G57~07-2~07 - Susan Shah (2)}
susan043.jpg,147678,c0c1f47a,\Gallery 57\07 - Susan Shah (2)\,{Shemale Yum Dvd03~G57~07-2~07 - Susan Shah (2)}
susan044.jpg,158525,623920f5,\Gallery 57\07 - Susan Shah (2)\,{Shemale Yum Dvd03~G57~07-2~07 - Susan Shah (2)}
susan045.jpg,136672,4464ea5b,\Gallery 57\07 - Susan Shah (2)\,{Shemale Yum Dvd03~G57~07-2~07 - Susan Shah (2)}
susan046.jpg,131142,68dd8e6c,\Gallery 57\07 - Susan Shah (2)\,{Shemale Yum Dvd03~G57~07-2~07 - Susan Shah (2)}
susan047.jpg,130277,33c48867,\Gallery 57\07 - Susan Shah (2)\,{Shemale Yum Dvd03~G57~07-2~07 - Susan Shah (2)}
susan048.jpg,122709,74d47f98,\Gallery 57\07 - Susan Shah (2)\,{Shemale Yum Dvd03~G57~07-2~07 - Susan Shah (2)}
susan049.jpg,114960,89e2112b,\Gallery 57\07 - Susan Shah (2)\,{Shemale Yum Dvd03~G57~07-2~07 - Susan Shah (2)}
susan050.jpg,124649,3b1302a1,\Gallery 57\07 - Susan Shah (2)\,{Shemale Yum Dvd03~G57~07-2~07 - Susan Shah (2)}
susan051.jpg,151776,7e40eb31,\Gallery 57\07 - Susan Shah (2)\,{Shemale Yum Dvd03~G57~07-2~07 - Susan Shah (2)}
susan052.jpg,140972,2cc0b5a8,\Gallery 57\07 - Susan Shah (2)\,{Shemale Yum Dvd03~G57~07-2~07 - Susan Shah (2)}
susan053.jpg,124092,5d757c92,\Gallery 57\07 - Susan Shah (2)\,{Shemale Yum Dvd03~G57~07-2~07 - Susan Shah (2)}
susan054.jpg,148233,28a02b64,\Gallery 57\07 - Susan Shah (2)\,{Shemale Yum Dvd03~G57~07-2~07 - Susan Shah (2)}
susan055.jpg,155379,060a5f67,\Gallery 57\07 - Susan Shah (2)\,{Shemale Yum Dvd03~G57~07-2~07 - Susan Shah (2)}
susan056.jpg,148584,3ed87650,\Gallery 57\07 - Susan Shah (2)\,{Shemale Yum Dvd03~G57~07-2~07 - Susan Shah (2)}
susan057.jpg,160498,53049c47,\Gallery 57\07 - Susan Shah (2)\,{Shemale Yum Dvd03~G57~07-2~07 - Susan Shah (2)}
susan058.jpg,152193,65f13d3c,\Gallery 57\07 - Susan Shah (2)\,{Shemale Yum Dvd03~G57~07-2~07 - Susan Shah (2)}
susan059.jpg,161854,987b4741,\Gallery 57\07 - Susan Shah (2)\,{Shemale Yum Dvd03~G57~07-2~07 - Susan Shah (2)}
susan060.jpg,159701,8e873345,\Gallery 57\07 - Susan Shah (2)\,{Shemale Yum Dvd03~G57~07-2~07 - Susan Shah (2)}
susan061.jpg,135277,32a1945f,\Gallery 57\07 - Susan Shah (2)\,{Shemale Yum Dvd03~G57~07-2~07 - Susan Shah (2)}
susan062.jpg,153853,f8b8062c,\Gallery 57\07 - Susan Shah (2)\,{Shemale Yum Dvd03~G57~07-2~07 - Susan Shah (2)}
susan063.jpg,148763,3ef6440c,\Gallery 57\07 - Susan Shah (2)\,{Shemale Yum Dvd03~G57~07-2~07 - Susan Shah (2)}
susan064.jpg,103078,84ceb6ff,\Gallery 57\07 - Susan Shah (2)\,{Shemale Yum Dvd03~G57~07-2~07 - Susan Shah (2)}
susan065.jpg,165558,ac30d2be,\Gallery 57\07 - Susan Shah (2)\,{Shemale Yum Dvd03~G57~07-2~07 - Susan Shah (2)}
susan066.jpg,167609,dfc37ca6,\Gallery 57\07 - Susan Shah (2)\,{Shemale Yum Dvd03~G57~07-2~07 - Susan Shah (2)}
susan067.jpg,141242,fb8ab705,\Gallery 57\07 - Susan Shah (2)\,{Shemale Yum Dvd03~G57~07-2~07 - Susan Shah (2)}
susan068.jpg,129181,3577347a,\Gallery 57\07 - Susan Shah (2)\,{Shemale Yum Dvd03~G57~07-2~07 - Susan Shah (2)}
susan069.jpg,137935,1d156a18,\Gallery 57\07 - Susan Shah (2)\,{Shemale Yum Dvd03~G57~07-2~07 - Susan Shah (2)}
susan070.jpg,112075,d779e63d,\Gallery 57\07 - Susan Shah (2)\,{Shemale Yum Dvd03~G57~07-2~07 - Susan Shah (2)}
susan071.jpg,136709,b7125cda,\Gallery 57\07 - Susan Shah (2)\,{Shemale Yum Dvd03~G57~07-2~07 - Susan Shah (2)}
susan072.jpg,152800,21a1cf4d,\Gallery 57\07 - Susan Shah (2)\,{Shemale Yum Dvd03~G57~07-2~07 - Susan Shah (2)}
susan073.jpg,156318,b8e3cc66,\Gallery 57\07 - Susan Shah (2)\,{Shemale Yum Dvd03~G57~07-2~07 - Susan Shah (2)}
susan074.jpg,152008,21eff207,\Gallery 57\07 - Susan Shah (2)\,{Shemale Yum Dvd03~G57~07-2~07 - Susan Shah (2)}
susan075.jpg,157429,569ae5e0,\Gallery 57\07 - Susan Shah (2)\,{Shemale Yum Dvd03~G57~07-2~07 - Susan Shah (2)}
susan076.jpg,161120,2ecb2923,\Gallery 57\07 - Susan Shah (2)\,{Shemale Yum Dvd03~G57~07-2~07 - Susan Shah (2)}
susan077.jpg,162514,5fd7ee35,\Gallery 57\07 - Susan Shah (2)\,{Shemale Yum Dvd03~G57~07-2~07 - Susan Shah (2)}
susan078.jpg,142432,719aa370,\Gallery 57\07 - Susan Shah (2)\,{Shemale Yum Dvd03~G57~07-2~07 - Susan Shah (2)}
susan079.jpg,167381,7fda7b9d,\Gallery 57\07 - Susan Shah (2)\,{Shemale Yum Dvd03~G57~07-2~07 - Susan Shah (2)}
susan080.jpg,158100,8d53b8c9,\Gallery 57\07 - Susan Shah (2)\,{Shemale Yum Dvd03~G57~07-2~07 - Susan Shah (2)}
susan081.jpg,147117,0cbcdf9c,\Gallery 57\07 - Susan Shah (2)\,{Shemale Yum Dvd03~G57~07-2~07 - Susan Shah (2)}
susan082.jpg,154603,2b97f1ae,\Gallery 57\07 - Susan Shah (2)\,{Shemale Yum Dvd03~G57~07-2~07 - Susan Shah (2)}
susan083.jpg,149971,01efcad2,\Gallery 57\07 - Susan Shah (2)\,{Shemale Yum Dvd03~G57~07-2~07 - Susan Shah (2)}
susan084.jpg,157342,8a2cddb5,\Gallery 57\07 - Susan Shah (2)\,{Shemale Yum Dvd03~G57~07-2~07 - Susan Shah (2)}
susan085.jpg,131090,469adc1d,\Gallery 57\07 - Susan Shah (2)\,{Shemale Yum Dvd03~G57~07-2~07 - Susan Shah (2)}
susan086.jpg,130750,d4e32a29,\Gallery 57\07 - Susan Shah (2)\,{Shemale Yum Dvd03~G57~07-2~07 - Susan Shah (2)}
susan087.jpg,156722,821b877b,\Gallery 57\07 - Susan Shah (2)\,{Shemale Yum Dvd03~G57~07-2~07 - Susan Shah (2)}
susan088.jpg,134133,090a3e47,\Gallery 57\07 - Susan Shah (2)\,{Shemale Yum Dvd03~G57~07-2~07 - Susan Shah (2)}
susan089.jpg,141838,81fa7265,\Gallery 57\07 - Susan Shah (2)\,{Shemale Yum Dvd03~G57~07-2~07 - Susan Shah (2)}
susan090.jpg,140561,50ccf4f1,\Gallery 57\07 - Susan Shah (2)\,{Shemale Yum Dvd03~G57~07-2~07 - Susan Shah (2)}
susan091.jpg,147931,b07f4731,\Gallery 57\07 - Susan Shah (2)\,{Shemale Yum Dvd03~G57~07-2~07 - Susan Shah (2)}
susan092.jpg,115838,f3cb2b09,\Gallery 57\07 - Susan Shah (2)\,{Shemale Yum Dvd03~G57~07-2~07 - Susan Shah (2)}
susan093.jpg,126583,49b3f07f,\Gallery 57\07 - Susan Shah (2)\,{Shemale Yum Dvd03~G57~07-2~07 - Susan Shah (2)}
susan094.jpg,143569,5ae1ecef,\Gallery 57\07 - Susan Shah (2)\,{Shemale Yum Dvd03~G57~07-2~07 - Susan Shah (2)}
susan095.jpg,138206,607f4f0e,\Gallery 57\07 - Susan Shah (2)\,{Shemale Yum Dvd03~G57~07-2~07 - Susan Shah (2)}
susan096.jpg,120526,c48cd0d1,\Gallery 57\07 - Susan Shah (2)\,{Shemale Yum Dvd03~G57~07-2~07 - Susan Shah (2)}
susan097.jpg,111630,c18df521,\Gallery 57\07 - Susan Shah (2)\,{Shemale Yum Dvd03~G57~07-2~07 - Susan Shah (2)}
susan098.jpg,110138,05d3cbd0,\Gallery 57\07 - Susan Shah (2)\,{Shemale Yum Dvd03~G57~07-2~07 - Susan Shah (2)}
susan099.jpg,128153,402c7632,\Gallery 57\07 - Susan Shah (2)\,{Shemale Yum Dvd03~G57~07-2~07 - Susan Shah (2)}
susan100.jpg,128249,e6c0da49,\Gallery 57\07 - Susan Shah (2)\,{Shemale Yum Dvd03~G57~07-2~07 - Susan Shah (2)}
susan101.jpg,131404,0d247452,\Gallery 57\07 - Susan Shah (2)\,{Shemale Yum Dvd03~G57~07-2~07 - Susan Shah (2)}
susan102.jpg,117409,afa88494,\Gallery 57\07 - Susan Shah (2)\,{Shemale Yum Dvd03~G57~07-2~07 - Susan Shah (2)}
susan103.jpg,132282,a7fb77f1,\Gallery 57\07 - Susan Shah (2)\,{Shemale Yum Dvd03~G57~07-2~07 - Susan Shah (2)}
susan104.jpg,107648,ef7d1fbe,\Gallery 57\07 - Susan Shah (2)\,{Shemale Yum Dvd03~G57~07-2~07 - Susan Shah (2)}
susan105.jpg,112083,9b319ec5,\Gallery 57\07 - Susan Shah (2)\,{Shemale Yum Dvd03~G57~07-2~07 - Susan Shah (2)}
susan106.jpg,128564,123c7b7c,\Gallery 57\07 - Susan Shah (2)\,{Shemale Yum Dvd03~G57~07-2~07 - Susan Shah (2)}
susan107.jpg,129252,479261af,\Gallery 57\07 - Susan Shah (2)\,{Shemale Yum Dvd03~G57~07-2~07 - Susan Shah (2)}
susan108.jpg,125235,cc7ea738,\Gallery 57\07 - Susan Shah (2)\,{Shemale Yum Dvd03~G57~07-2~07 - Susan Shah (2)}
susan109.jpg,130846,34fc3a5e,\Gallery 57\07 - Susan Shah (2)\,{Shemale Yum Dvd03~G57~07-2~07 - Susan Shah (2)}
susan110.jpg,133613,d434052d,\Gallery 57\07 - Susan Shah (2)\,{Shemale Yum Dvd03~G57~07-2~07 - Susan Shah (2)}
susan111.jpg,118169,a2bdb853,\Gallery 57\07 - Susan Shah (2)\,{Shemale Yum Dvd03~G57~07-2~07 - Susan Shah (2)}
susan112.jpg,119516,db6f6be6,\Gallery 57\07 - Susan Shah (2)\,{Shemale Yum Dvd03~G57~07-2~07 - Susan Shah (2)}
susan113.jpg,119959,63abbf6b,\Gallery 57\07 - Susan Shah (2)\,{Shemale Yum Dvd03~G57~07-2~07 - Susan Shah (2)}
susan114.jpg,132031,85ddfd38,\Gallery 57\07 - Susan Shah (2)\,{Shemale Yum Dvd03~G57~07-2~07 - Susan Shah (2)}
susan115.jpg,120854,575566de,\Gallery 57\07 - Susan Shah (2)\,{Shemale Yum Dvd03~G57~07-2~07 - Susan Shah (2)}
susan116.jpg,132453,02172a07,\Gallery 57\07 - Susan Shah (2)\,{Shemale Yum Dvd03~G57~07-2~07 - Susan Shah (2)}
susan117.jpg,124679,6e5c8598,\Gallery 57\07 - Susan Shah (2)\,{Shemale Yum Dvd03~G57~07-2~07 - Susan Shah (2)}
susan118.jpg,131477,35084691,\Gallery 57\07 - Susan Shah (2)\,{Shemale Yum Dvd03~G57~07-2~07 - Susan Shah (2)}
susan119.jpg,132160,c097be8c,\Gallery 57\07 - Susan Shah (2)\,{Shemale Yum Dvd03~G57~07-2~07 - Susan Shah (2)}
susan120.jpg,113735,52e46f62,\Gallery 57\07 - Susan Shah (2)\,{Shemale Yum Dvd03~G57~07-2~07 - Susan Shah (2)}
susan121.jpg,126571,02dbca3f,\Gallery 57\07 - Susan Shah (2)\,{Shemale Yum Dvd03~G57~07-2~07 - Susan Shah (2)}
susan122.jpg,109980,9a73ec01,\Gallery 57\07 - Susan Shah (2)\,{Shemale Yum Dvd03~G57~07-2~07 - Susan Shah (2)}
susan123.jpg,164824,4b180f97,\Gallery 57\07 - Susan Shah (2)\,{Shemale Yum Dvd03~G57~07-2~07 - Susan Shah (2)}
susan124.jpg,164467,6c6cdf2e,\Gallery 57\07 - Susan Shah (2)\,{Shemale Yum Dvd03~G57~07-2~07 - Susan Shah (2)}
susan125.jpg,114304,c63dd597,\Gallery 57\07 - Susan Shah (2)\,{Shemale Yum Dvd03~G57~07-2~07 - Susan Shah (2)}
susan126.jpg,137408,e0dfabba,\Gallery 57\07 - Susan Shah (2)\,{Shemale Yum Dvd03~G57~07-2~07 - Susan Shah (2)}
susan127.jpg,137540,5a83743c,\Gallery 57\07 - Susan Shah (2)\,{Shemale Yum Dvd03~G57~07-2~07 - Susan Shah (2)}
susan129.jpg,146891,a8e8cfbc,\Gallery 57\07 - Susan Shah (2)\,{Shemale Yum Dvd03~G57~07-2~07 - Susan Shah (2)}
susan130.jpg,136291,ecf6394b,\Gallery 57\07 - Susan Shah (2)\,{Shemale Yum Dvd03~G57~07-2~07 - Susan Shah (2)}
susan132.jpg,139661,3c701287,\Gallery 57\07 - Susan Shah (2)\,{Shemale Yum Dvd03~G57~07-2~07 - Susan Shah (2)}
susanpink002.jpg,105153,4ba9fceb,\Gallery 57\07 - Susan Shah (2)\,{Shemale Yum Dvd03~G57~07-2~07 - Susan Shah (2)}
susanpink128.jpg,111899,5ed612e2,\Gallery 57\07 - Susan Shah (2)\,{Shemale Yum Dvd03~G57~07-2~07 - Susan Shah (2)}
destiny2001.jpg,137447,96a2cb79,\Gallery 57\08 - Destiny\,{Shemale Yum Dvd03~G57~08~08 - Destiny}
destiny2002.jpg,142365,c9dce11e,\Gallery 57\08 - Destiny\,{Shemale Yum Dvd03~G57~08~08 - Destiny}
destiny2003.jpg,210599,22412932,\Gallery 57\08 - Destiny\,{Shemale Yum Dvd03~G57~08~08 - Destiny}
destiny2004.jpg,129899,cec0bf99,\Gallery 57\08 - Destiny\,{Shemale Yum Dvd03~G57~08~08 - Destiny}
destiny2005.jpg,133555,7c128f98,\Gallery 57\08 - Destiny\,{Shemale Yum Dvd03~G57~08~08 - Destiny}
destiny2006.jpg,138234,313d7705,\Gallery 57\08 - Destiny\,{Shemale Yum Dvd03~G57~08~08 - Destiny}
destiny2007.jpg,139636,cb9439fb,\Gallery 57\08 - Destiny\,{Shemale Yum Dvd03~G57~08~08 - Destiny}
destiny2008.jpg,144703,01a7c3aa,\Gallery 57\08 - Destiny\,{Shemale Yum Dvd03~G57~08~08 - Destiny}
destiny2009.jpg,142891,93ddf6ad,\Gallery 57\08 - Destiny\,{Shemale Yum Dvd03~G57~08~08 - Destiny}
destiny2010.jpg,153647,ae1d6b26,\Gallery 57\08 - Destiny\,{Shemale Yum Dvd03~G57~08~08 - Destiny}
destiny2011.jpg,158142,dafa8c2d,\Gallery 57\08 - Destiny\,{Shemale Yum Dvd03~G57~08~08 - Destiny}
destiny2012.jpg,160765,8fb7da97,\Gallery 57\08 - Destiny\,{Shemale Yum Dvd03~G57~08~08 - Destiny}
destiny2014.jpg,135254,1fc15129,\Gallery 57\08 - Destiny\,{Shemale Yum Dvd03~G57~08~08 - Destiny}
destiny2015.jpg,133725,93d8a7f6,\Gallery 57\08 - Destiny\,{Shemale Yum Dvd03~G57~08~08 - Destiny}
destiny2016.jpg,131930,e328f722,\Gallery 57\08 - Destiny\,{Shemale Yum Dvd03~G57~08~08 - Destiny}
destiny2017.jpg,175352,7322aa96,\Gallery 57\08 - Destiny\,{Shemale Yum Dvd03~G57~08~08 - Destiny}
destiny2018.jpg,183277,fa155d6d,\Gallery 57\08 - Destiny\,{Shemale Yum Dvd03~G57~08~08 - Destiny}
destiny2019.jpg,159964,81c401c1,\Gallery 57\08 - Destiny\,{Shemale Yum Dvd03~G57~08~08 - Destiny}
destiny2020.jpg,169552,a3e4038f,\Gallery 57\08 - Destiny\,{Shemale Yum Dvd03~G57~08~08 - Destiny}
destiny2021.jpg,170735,f63acd53,\Gallery 57\08 - Destiny\,{Shemale Yum Dvd03~G57~08~08 - Destiny}
destiny2022.jpg,161135,83923dd0,\Gallery 57\08 - Destiny\,{Shemale Yum Dvd03~G57~08~08 - Destiny}
destiny2023.jpg,124759,039ef332,\Gallery 57\08 - Destiny\,{Shemale Yum Dvd03~G57~08~08 - Destiny}
destiny2024.jpg,161012,955c2bec,\Gallery 57\08 - Destiny\,{Shemale Yum Dvd03~G57~08~08 - Destiny}
destiny2025.jpg,147803,064ae45f,\Gallery 57\08 - Destiny\,{Shemale Yum Dvd03~G57~08~08 - Destiny}
destiny2026.jpg,198190,eea0e07b,\Gallery 57\08 - Destiny\,{Shemale Yum Dvd03~G57~08~08 - Destiny}
destiny2027.jpg,149934,b52cf214,\Gallery 57\08 - Destiny\,{Shemale Yum Dvd03~G57~08~08 - Destiny}
destiny2028.jpg,150488,a020a5ef,\Gallery 57\08 - Destiny\,{Shemale Yum Dvd03~G57~08~08 - Destiny}
destiny2029.jpg,145922,434a8bc6,\Gallery 57\08 - Destiny\,{Shemale Yum Dvd03~G57~08~08 - Destiny}
destiny2030.jpg,186546,deffcb58,\Gallery 57\08 - Destiny\,{Shemale Yum Dvd03~G57~08~08 - Destiny}
destiny2031.jpg,186213,3e2d1970,\Gallery 57\08 - Destiny\,{Shemale Yum Dvd03~G57~08~08 - Destiny}
destiny2032.jpg,191202,3d01855a,\Gallery 57\08 - Destiny\,{Shemale Yum Dvd03~G57~08~08 - Destiny}
destiny2033.jpg,190200,9038dd10,\Gallery 57\08 - Destiny\,{Shemale Yum Dvd03~G57~08~08 - Destiny}
destiny2034.jpg,184852,382de3be,\Gallery 57\08 - Destiny\,{Shemale Yum Dvd03~G57~08~08 - Destiny}
destiny2035.jpg,199137,5a7cc759,\Gallery 57\08 - Destiny\,{Shemale Yum Dvd03~G57~08~08 - Destiny}
destiny2036.jpg,147370,0a445a3c,\Gallery 57\08 - Destiny\,{Shemale Yum Dvd03~G57~08~08 - Destiny}
destiny2037.jpg,152179,ff672149,\Gallery 57\08 - Destiny\,{Shemale Yum Dvd03~G57~08~08 - Destiny}
destiny2038.jpg,148658,57998446,\Gallery 57\08 - Destiny\,{Shemale Yum Dvd03~G57~08~08 - Destiny}
destiny2039.jpg,156211,3e00b705,\Gallery 57\08 - Destiny\,{Shemale Yum Dvd03~G57~08~08 - Destiny}
destiny2040.jpg,128014,401381dc,\Gallery 57\08 - Destiny\,{Shemale Yum Dvd03~G57~08~08 - Destiny}
destiny2041.jpg,148959,2b0f0176,\Gallery 57\08 - Destiny\,{Shemale Yum Dvd03~G57~08~08 - Destiny}
destiny2043.jpg,160284,cc492041,\Gallery 57\08 - Destiny\,{Shemale Yum Dvd03~G57~08~08 - Destiny}
destiny2044.jpg,138414,51df0765,\Gallery 57\08 - Destiny\,{Shemale Yum Dvd03~G57~08~08 - Destiny}
destiny2045.jpg,130634,db32fdac,\Gallery 57\08 - Destiny\,{Shemale Yum Dvd03~G57~08~08 - Destiny}
destiny2046.jpg,146467,d2ea5ced,\Gallery 57\08 - Destiny\,{Shemale Yum Dvd03~G57~08~08 - Destiny}
destiny2047.jpg,195581,e3b58c0f,\Gallery 57\08 - Destiny\,{Shemale Yum Dvd03~G57~08~08 - Destiny}
destiny2048.jpg,195774,27e82984,\Gallery 57\08 - Destiny\,{Shemale Yum Dvd03~G57~08~08 - Destiny}
destiny2049.jpg,174585,6c7fdb17,\Gallery 57\08 - Destiny\,{Shemale Yum Dvd03~G57~08~08 - Destiny}
destiny2050.jpg,164287,e400bf50,\Gallery 57\08 - Destiny\,{Shemale Yum Dvd03~G57~08~08 - Destiny}
destiny2051.jpg,166038,44a987eb,\Gallery 57\08 - Destiny\,{Shemale Yum Dvd03~G57~08~08 - Destiny}
destiny2052.jpg,165787,5b935ab4,\Gallery 57\08 - Destiny\,{Shemale Yum Dvd03~G57~08~08 - Destiny}
destiny2053.jpg,129939,0f140f8c,\Gallery 57\08 - Destiny\,{Shemale Yum Dvd03~G57~08~08 - Destiny}
destiny2054.jpg,150602,c8c3b368,\Gallery 57\08 - Destiny\,{Shemale Yum Dvd03~G57~08~08 - Destiny}
destiny2055.jpg,147832,e6a58631,\Gallery 57\08 - Destiny\,{Shemale Yum Dvd03~G57~08~08 - Destiny}
destiny2056.jpg,159829,9674becd,\Gallery 57\08 - Destiny\,{Shemale Yum Dvd03~G57~08~08 - Destiny}
destiny2057.jpg,165418,4a8f69be,\Gallery 57\08 - Destiny\,{Shemale Yum Dvd03~G57~08~08 - Destiny}
destiny2058.jpg,134020,9284a574,\Gallery 57\08 - Destiny\,{Shemale Yum Dvd03~G57~08~08 - Destiny}
destiny2059.jpg,154627,b6ec6770,\Gallery 57\08 - Destiny\,{Shemale Yum Dvd03~G57~08~08 - Destiny}
destiny2060.jpg,145290,c4aed51f,\Gallery 57\08 - Destiny\,{Shemale Yum Dvd03~G57~08~08 - Destiny}
destiny2061.jpg,200275,9d511ce5,\Gallery 57\08 - Destiny\,{Shemale Yum Dvd03~G57~08~08 - Destiny}
destiny2062.jpg,133449,b56c87c9,\Gallery 57\08 - Destiny\,{Shemale Yum Dvd03~G57~08~08 - Destiny}
destiny2063.jpg,149371,69d3e6ec,\Gallery 57\08 - Destiny\,{Shemale Yum Dvd03~G57~08~08 - Destiny}
destiny2064.jpg,145741,c486ecd5,\Gallery 57\08 - Destiny\,{Shemale Yum Dvd03~G57~08~08 - Destiny}
destiny2065.jpg,136875,fb756dbb,\Gallery 57\08 - Destiny\,{Shemale Yum Dvd03~G57~08~08 - Destiny}
destiny2066.jpg,125929,a13ae738,\Gallery 57\08 - Destiny\,{Shemale Yum Dvd03~G57~08~08 - Destiny}
destiny2067.jpg,134439,ec2d1922,\Gallery 57\08 - Destiny\,{Shemale Yum Dvd03~G57~08~08 - Destiny}
destiny2069.jpg,131647,84f60faf,\Gallery 57\08 - Destiny\,{Shemale Yum Dvd03~G57~08~08 - Destiny}
destiny2070.jpg,172885,99caafce,\Gallery 57\08 - Destiny\,{Shemale Yum Dvd03~G57~08~08 - Destiny}
destiny2071.jpg,125807,5ffcb4f6,\Gallery 57\08 - Destiny\,{Shemale Yum Dvd03~G57~08~08 - Destiny}
destiny2072.jpg,122610,dce65f8d,\Gallery 57\08 - Destiny\,{Shemale Yum Dvd03~G57~08~08 - Destiny}
destiny2073.jpg,129125,3581b992,\Gallery 57\08 - Destiny\,{Shemale Yum Dvd03~G57~08~08 - Destiny}
destiny2074.jpg,139895,09206fc6,\Gallery 57\08 - Destiny\,{Shemale Yum Dvd03~G57~08~08 - Destiny}
destiny2075.jpg,136586,bebf08a5,\Gallery 57\08 - Destiny\,{Shemale Yum Dvd03~G57~08~08 - Destiny}
destiny2076.jpg,165262,13515488,\Gallery 57\08 - Destiny\,{Shemale Yum Dvd03~G57~08~08 - Destiny}
destiny2077.jpg,132615,3984d530,\Gallery 57\08 - Destiny\,{Shemale Yum Dvd03~G57~08~08 - Destiny}
destiny2078.jpg,142249,a9ab0d4a,\Gallery 57\08 - Destiny\,{Shemale Yum Dvd03~G57~08~08 - Destiny}
destiny2079.jpg,153683,140cf355,\Gallery 57\08 - Destiny\,{Shemale Yum Dvd03~G57~08~08 - Destiny}
destiny2080.jpg,149827,f7875002,\Gallery 57\08 - Destiny\,{Shemale Yum Dvd03~G57~08~08 - Destiny}
destiny2081.jpg,163024,0051ef6c,\Gallery 57\08 - Destiny\,{Shemale Yum Dvd03~G57~08~08 - Destiny}
destiny2082.jpg,151517,011726f0,\Gallery 57\08 - Destiny\,{Shemale Yum Dvd03~G57~08~08 - Destiny}
destiny2083.jpg,171975,bc8c6e52,\Gallery 57\08 - Destiny\,{Shemale Yum Dvd03~G57~08~08 - Destiny}
destiny2084.jpg,149546,22d5e54e,\Gallery 57\08 - Destiny\,{Shemale Yum Dvd03~G57~08~08 - Destiny}
destiny2086.jpg,140664,dae209bf,\Gallery 57\08 - Destiny\,{Shemale Yum Dvd03~G57~08~08 - Destiny}
destiny2087.jpg,125890,bd55cb51,\Gallery 57\08 - Destiny\,{Shemale Yum Dvd03~G57~08~08 - Destiny}
destiny2088.jpg,119869,148b28b2,\Gallery 57\08 - Destiny\,{Shemale Yum Dvd03~G57~08~08 - Destiny}
destiny2089.jpg,122706,b737a3fe,\Gallery 57\08 - Destiny\,{Shemale Yum Dvd03~G57~08~08 - Destiny}
destiny2090.jpg,129850,12abb52e,\Gallery 57\08 - Destiny\,{Shemale Yum Dvd03~G57~08~08 - Destiny}
destiny2091.jpg,128462,b23fd23f,\Gallery 57\08 - Destiny\,{Shemale Yum Dvd03~G57~08~08 - Destiny}
destiny2092.jpg,125310,698e94d9,\Gallery 57\08 - Destiny\,{Shemale Yum Dvd03~G57~08~08 - Destiny}
destiny2093.jpg,141086,dcacf48a,\Gallery 57\08 - Destiny\,{Shemale Yum Dvd03~G57~08~08 - Destiny}
destiny2094.jpg,134443,c08dfde4,\Gallery 57\08 - Destiny\,{Shemale Yum Dvd03~G57~08~08 - Destiny}
destiny2095.jpg,137022,1ab117cc,\Gallery 57\08 - Destiny\,{Shemale Yum Dvd03~G57~08~08 - Destiny}
destiny2096.jpg,170691,e5d10fc6,\Gallery 57\08 - Destiny\,{Shemale Yum Dvd03~G57~08~08 - Destiny}
destiny2097.jpg,138913,c6617108,\Gallery 57\08 - Destiny\,{Shemale Yum Dvd03~G57~08~08 - Destiny}
destiny2098.jpg,137342,1bde6ba9,\Gallery 57\08 - Destiny\,{Shemale Yum Dvd03~G57~08~08 - Destiny}
destiny2099.jpg,128196,78653292,\Gallery 57\08 - Destiny\,{Shemale Yum Dvd03~G57~08~08 - Destiny}
destiny2100.jpg,130596,49279736,\Gallery 57\08 - Destiny\,{Shemale Yum Dvd03~G57~08~08 - Destiny}
destiny2103.jpg,145991,081890a0,\Gallery 57\08 - Destiny\,{Shemale Yum Dvd03~G57~08~08 - Destiny}
destiny2104.jpg,152390,da8cf35e,\Gallery 57\08 - Destiny\,{Shemale Yum Dvd03~G57~08~08 - Destiny}
destiny2105.jpg,136534,777fced2,\Gallery 57\08 - Destiny\,{Shemale Yum Dvd03~G57~08~08 - Destiny}
destiny2106.jpg,140418,711b25fe,\Gallery 57\08 - Destiny\,{Shemale Yum Dvd03~G57~08~08 - Destiny}
destiny2107.jpg,147217,110926f7,\Gallery 57\08 - Destiny\,{Shemale Yum Dvd03~G57~08~08 - Destiny}
destiny2108.jpg,117962,3cb60c1d,\Gallery 57\08 - Destiny\,{Shemale Yum Dvd03~G57~08~08 - Destiny}
destiny2109.jpg,148628,ee0d5722,\Gallery 57\08 - Destiny\,{Shemale Yum Dvd03~G57~08~08 - Destiny}
destiny2110.jpg,162409,5bd04a60,\Gallery 57\08 - Destiny\,{Shemale Yum Dvd03~G57~08~08 - Destiny}
destiny2112.jpg,193640,121c96c5,\Gallery 57\08 - Destiny\,{Shemale Yum Dvd03~G57~08~08 - Destiny}
destiny2113.jpg,164043,9732214d,\Gallery 57\08 - Destiny\,{Shemale Yum Dvd03~G57~08~08 - Destiny}
destiny2114.jpg,142206,2b84dc6c,\Gallery 57\08 - Destiny\,{Shemale Yum Dvd03~G57~08~08 - Destiny}
destiny2115.jpg,150626,9a1eab79,\Gallery 57\08 - Destiny\,{Shemale Yum Dvd03~G57~08~08 - Destiny}
destiny2116.jpg,145380,a8f65053,\Gallery 57\08 - Destiny\,{Shemale Yum Dvd03~G57~08~08 - Destiny}
destiny2117.jpg,140775,2fbcf88f,\Gallery 57\08 - Destiny\,{Shemale Yum Dvd03~G57~08~08 - Destiny}
destiny2118.jpg,135602,e06273ff,\Gallery 57\08 - Destiny\,{Shemale Yum Dvd03~G57~08~08 - Destiny}
destiny2119.jpg,158362,b5210d66,\Gallery 57\08 - Destiny\,{Shemale Yum Dvd03~G57~08~08 - Destiny}
destiny2120.jpg,138849,e3f02572,\Gallery 57\08 - Destiny\,{Shemale Yum Dvd03~G57~08~08 - Destiny}
destiny2121.jpg,170250,d6abe8d5,\Gallery 57\08 - Destiny\,{Shemale Yum Dvd03~G57~08~08 - Destiny}
destiny2124.jpg,130573,f69418ff,\Gallery 57\08 - Destiny\,{Shemale Yum Dvd03~G57~08~08 - Destiny}
destiny2125.jpg,175281,e428ca9d,\Gallery 57\08 - Destiny\,{Shemale Yum Dvd03~G57~08~08 - Destiny}
destiny2126.jpg,152313,5d100e67,\Gallery 57\08 - Destiny\,{Shemale Yum Dvd03~G57~08~08 - Destiny}
destiny2129.jpg,147741,e2f69837,\Gallery 57\08 - Destiny\,{Shemale Yum Dvd03~G57~08~08 - Destiny}
destiny2130.jpg,146142,c530dafc,\Gallery 57\08 - Destiny\,{Shemale Yum Dvd03~G57~08~08 - Destiny}
destiny2131.jpg,164245,63f43ff6,\Gallery 57\08 - Destiny\,{Shemale Yum Dvd03~G57~08~08 - Destiny}
destiny2132.jpg,188923,a38b4a4e,\Gallery 57\08 - Destiny\,{Shemale Yum Dvd03~G57~08~08 - Destiny}
destiny2133.jpg,155413,dbc091af,\Gallery 57\08 - Destiny\,{Shemale Yum Dvd03~G57~08~08 - Destiny}
destiny2134.jpg,149100,dceb8543,\Gallery 57\08 - Destiny\,{Shemale Yum Dvd03~G57~08~08 - Destiny}
destiny2135.jpg,151288,bfc53b35,\Gallery 57\08 - Destiny\,{Shemale Yum Dvd03~G57~08~08 - Destiny}
destiny2136.jpg,150320,a4f0f360,\Gallery 57\08 - Destiny\,{Shemale Yum Dvd03~G57~08~08 - Destiny}
destiny2137.jpg,149487,6ef0f088,\Gallery 57\08 - Destiny\,{Shemale Yum Dvd03~G57~08~08 - Destiny}
destiny1001.jpg,145869,163856e3,\Gallery 57\08 - Destiny (2)\,{Shemale Yum Dvd03~G57~08-2~08 - Destiny (2)}
destiny1002.jpg,177338,6b4d5e7a,\Gallery 57\08 - Destiny (2)\,{Shemale Yum Dvd03~G57~08-2~08 - Destiny (2)}
destiny1004.jpg,148607,c284d73b,\Gallery 57\08 - Destiny (2)\,{Shemale Yum Dvd03~G57~08-2~08 - Destiny (2)}
destiny1005.jpg,127263,77b4497b,\Gallery 57\08 - Destiny (2)\,{Shemale Yum Dvd03~G57~08-2~08 - Destiny (2)}
destiny1006.jpg,165256,e8353e21,\Gallery 57\08 - Destiny (2)\,{Shemale Yum Dvd03~G57~08-2~08 - Destiny (2)}
destiny1010.jpg,146401,6f5a46d0,\Gallery 57\08 - Destiny (2)\,{Shemale Yum Dvd03~G57~08-2~08 - Destiny (2)}
destiny1012.jpg,149539,52b91d69,\Gallery 57\08 - Destiny (2)\,{Shemale Yum Dvd03~G57~08-2~08 - Destiny (2)}
destiny1013.jpg,139903,a61f99a2,\Gallery 57\08 - Destiny (2)\,{Shemale Yum Dvd03~G57~08-2~08 - Destiny (2)}
destiny1014.jpg,159767,ebe818d0,\Gallery 57\08 - Destiny (2)\,{Shemale Yum Dvd03~G57~08-2~08 - Destiny (2)}
destiny1015.jpg,155314,dfa69bba,\Gallery 57\08 - Destiny (2)\,{Shemale Yum Dvd03~G57~08-2~08 - Destiny (2)}
destiny1016.jpg,158602,33089f06,\Gallery 57\08 - Destiny (2)\,{Shemale Yum Dvd03~G57~08-2~08 - Destiny (2)}
destiny1017.jpg,135516,18827036,\Gallery 57\08 - Destiny (2)\,{Shemale Yum Dvd03~G57~08-2~08 - Destiny (2)}
destiny1018.jpg,135785,64a2c9a0,\Gallery 57\08 - Destiny (2)\,{Shemale Yum Dvd03~G57~08-2~08 - Destiny (2)}
destiny1019.jpg,152255,53291592,\Gallery 57\08 - Destiny (2)\,{Shemale Yum Dvd03~G57~08-2~08 - Destiny (2)}
destiny1020.jpg,125559,1f818159,\Gallery 57\08 - Destiny (2)\,{Shemale Yum Dvd03~G57~08-2~08 - Destiny (2)}
destiny1021.jpg,150710,63527502,\Gallery 57\08 - Destiny (2)\,{Shemale Yum Dvd03~G57~08-2~08 - Destiny (2)}
destiny1022.jpg,153354,abc507f0,\Gallery 57\08 - Destiny (2)\,{Shemale Yum Dvd03~G57~08-2~08 - Destiny (2)}
destiny1023.jpg,157416,1354801d,\Gallery 57\08 - Destiny (2)\,{Shemale Yum Dvd03~G57~08-2~08 - Destiny (2)}
destiny1024.jpg,148644,f271c625,\Gallery 57\08 - Destiny (2)\,{Shemale Yum Dvd03~G57~08-2~08 - Destiny (2)}
destiny1025.jpg,134028,377717fe,\Gallery 57\08 - Destiny (2)\,{Shemale Yum Dvd03~G57~08-2~08 - Destiny (2)}
destiny1026.jpg,123611,90d29941,\Gallery 57\08 - Destiny (2)\,{Shemale Yum Dvd03~G57~08-2~08 - Destiny (2)}
destiny1027.jpg,144165,a2a68571,\Gallery 57\08 - Destiny (2)\,{Shemale Yum Dvd03~G57~08-2~08 - Destiny (2)}
destiny1028.jpg,180396,6d8ec69e,\Gallery 57\08 - Destiny (2)\,{Shemale Yum Dvd03~G57~08-2~08 - Destiny (2)}
destiny1029.jpg,164962,713f3289,\Gallery 57\08 - Destiny (2)\,{Shemale Yum Dvd03~G57~08-2~08 - Destiny (2)}
destiny1030.jpg,205160,10d2b9dd,\Gallery 57\08 - Destiny (2)\,{Shemale Yum Dvd03~G57~08-2~08 - Destiny (2)}
destiny1031.jpg,149646,fbaa7577,\Gallery 57\08 - Destiny (2)\,{Shemale Yum Dvd03~G57~08-2~08 - Destiny (2)}
destiny1032.jpg,147154,40188661,\Gallery 57\08 - Destiny (2)\,{Shemale Yum Dvd03~G57~08-2~08 - Destiny (2)}
destiny1033.jpg,153502,b6e6bf2a,\Gallery 57\08 - Destiny (2)\,{Shemale Yum Dvd03~G57~08-2~08 - Destiny (2)}
destiny1034.jpg,124903,309df69f,\Gallery 57\08 - Destiny (2)\,{Shemale Yum Dvd03~G57~08-2~08 - Destiny (2)}
destiny1035.jpg,146993,86ba3ee8,\Gallery 57\08 - Destiny (2)\,{Shemale Yum Dvd03~G57~08-2~08 - Destiny (2)}
destiny1036.jpg,131955,9b91719d,\Gallery 57\08 - Destiny (2)\,{Shemale Yum Dvd03~G57~08-2~08 - Destiny (2)}
destiny1037.jpg,155559,3557bacf,\Gallery 57\08 - Destiny (2)\,{Shemale Yum Dvd03~G57~08-2~08 - Destiny (2)}
destiny1038.jpg,126664,f048ec4a,\Gallery 57\08 - Destiny (2)\,{Shemale Yum Dvd03~G57~08-2~08 - Destiny (2)}
destiny1039.jpg,142956,fc4db7b3,\Gallery 57\08 - Destiny (2)\,{Shemale Yum Dvd03~G57~08-2~08 - Destiny (2)}
destiny1040.jpg,150946,24134b38,\Gallery 57\08 - Destiny (2)\,{Shemale Yum Dvd03~G57~08-2~08 - Destiny (2)}
destiny1041.jpg,135950,7268a137,\Gallery 57\08 - Destiny (2)\,{Shemale Yum Dvd03~G57~08-2~08 - Destiny (2)}
destiny1042.jpg,117295,4bd46b95,\Gallery 57\08 - Destiny (2)\,{Shemale Yum Dvd03~G57~08-2~08 - Destiny (2)}
destiny1043.jpg,158939,f7721272,\Gallery 57\08 - Destiny (2)\,{Shemale Yum Dvd03~G57~08-2~08 - Destiny (2)}
destiny1044.jpg,150391,a4ea252f,\Gallery 57\08 - Destiny (2)\,{Shemale Yum Dvd03~G57~08-2~08 - Destiny (2)}
destiny1045.jpg,128411,65361185,\Gallery 57\08 - Destiny (2)\,{Shemale Yum Dvd03~G57~08-2~08 - Destiny (2)}
destiny1046.jpg,132672,7fb48c10,\Gallery 57\08 - Destiny (2)\,{Shemale Yum Dvd03~G57~08-2~08 - Destiny (2)}
destiny1047.jpg,143372,441430db,\Gallery 57\08 - Destiny (2)\,{Shemale Yum Dvd03~G57~08-2~08 - Destiny (2)}
destiny1048.jpg,140734,f511afb0,\Gallery 57\08 - Destiny (2)\,{Shemale Yum Dvd03~G57~08-2~08 - Destiny (2)}
destiny1049.jpg,124117,f67b90cd,\Gallery 57\08 - Destiny (2)\,{Shemale Yum Dvd03~G57~08-2~08 - Destiny (2)}
destiny1050.jpg,115836,f07df694,\Gallery 57\08 - Destiny (2)\,{Shemale Yum Dvd03~G57~08-2~08 - Destiny (2)}
destiny1051.jpg,128864,c4b086f8,\Gallery 57\08 - Destiny (2)\,{Shemale Yum Dvd03~G57~08-2~08 - Destiny (2)}
destiny1052.jpg,137482,924f2ea5,\Gallery 57\08 - Destiny (2)\,{Shemale Yum Dvd03~G57~08-2~08 - Destiny (2)}
destiny1053.jpg,121011,1812c8ee,\Gallery 57\08 - Destiny (2)\,{Shemale Yum Dvd03~G57~08-2~08 - Destiny (2)}
destiny1054.jpg,149799,b5194a07,\Gallery 57\08 - Destiny (2)\,{Shemale Yum Dvd03~G57~08-2~08 - Destiny (2)}
destiny1055.jpg,136042,0422a58f,\Gallery 57\08 - Destiny (2)\,{Shemale Yum Dvd03~G57~08-2~08 - Destiny (2)}
destiny1056.jpg,166698,a0b3b942,\Gallery 57\08 - Destiny (2)\,{Shemale Yum Dvd03~G57~08-2~08 - Destiny (2)}
destiny1057.jpg,137719,6dc188ae,\Gallery 57\08 - Destiny (2)\,{Shemale Yum Dvd03~G57~08-2~08 - Destiny (2)}
destiny1058.jpg,111584,c2f4c770,\Gallery 57\08 - Destiny (2)\,{Shemale Yum Dvd03~G57~08-2~08 - Destiny (2)}
destiny1059.jpg,131752,db8fcbec,\Gallery 57\08 - Destiny (2)\,{Shemale Yum Dvd03~G57~08-2~08 - Destiny (2)}
destiny1060.jpg,134655,6467db8e,\Gallery 57\08 - Destiny (2)\,{Shemale Yum Dvd03~G57~08-2~08 - Destiny (2)}
destiny1062.jpg,141530,60674c82,\Gallery 57\08 - Destiny (2)\,{Shemale Yum Dvd03~G57~08-2~08 - Destiny (2)}
destiny1063.jpg,130411,de77740f,\Gallery 57\08 - Destiny (2)\,{Shemale Yum Dvd03~G57~08-2~08 - Destiny (2)}
destiny1064.jpg,143314,c20e9231,\Gallery 57\08 - Destiny (2)\,{Shemale Yum Dvd03~G57~08-2~08 - Destiny (2)}
destiny1065.jpg,136599,d202381d,\Gallery 57\08 - Destiny (2)\,{Shemale Yum Dvd03~G57~08-2~08 - Destiny (2)}
destiny1066.jpg,129887,3db2b79b,\Gallery 57\08 - Destiny (2)\,{Shemale Yum Dvd03~G57~08-2~08 - Destiny (2)}
destiny1067.jpg,149130,a0d5b838,\Gallery 57\08 - Destiny (2)\,{Shemale Yum Dvd03~G57~08-2~08 - Destiny (2)}
destiny1068.jpg,145325,15e50a63,\Gallery 57\08 - Destiny (2)\,{Shemale Yum Dvd03~G57~08-2~08 - Destiny (2)}
destiny1070.jpg,117226,cdc5a3ef,\Gallery 57\08 - Destiny (2)\,{Shemale Yum Dvd03~G57~08-2~08 - Destiny (2)}
destiny1072.jpg,113586,90c7a959,\Gallery 57\08 - Destiny (2)\,{Shemale Yum Dvd03~G57~08-2~08 - Destiny (2)}
destiny1073.jpg,122524,1c8d89ae,\Gallery 57\08 - Destiny (2)\,{Shemale Yum Dvd03~G57~08-2~08 - Destiny (2)}
destiny1074.jpg,168187,49ca4a92,\Gallery 57\08 - Destiny (2)\,{Shemale Yum Dvd03~G57~08-2~08 - Destiny (2)}
destiny1075.jpg,129779,e192697e,\Gallery 57\08 - Destiny (2)\,{Shemale Yum Dvd03~G57~08-2~08 - Destiny (2)}
destiny1076.jpg,164759,49956c86,\Gallery 57\08 - Destiny (2)\,{Shemale Yum Dvd03~G57~08-2~08 - Destiny (2)}
destiny1077.jpg,159910,8b7e7cab,\Gallery 57\08 - Destiny (2)\,{Shemale Yum Dvd03~G57~08-2~08 - Destiny (2)}
destiny1078.jpg,163771,409139ee,\Gallery 57\08 - Destiny (2)\,{Shemale Yum Dvd03~G57~08-2~08 - Destiny (2)}
destiny1079.jpg,134607,77c520d3,\Gallery 57\08 - Destiny (2)\,{Shemale Yum Dvd03~G57~08-2~08 - Destiny (2)}
destiny1080.jpg,135519,2693ddfc,\Gallery 57\08 - Destiny (2)\,{Shemale Yum Dvd03~G57~08-2~08 - Destiny (2)}
destiny1081.jpg,118094,5d97bbe7,\Gallery 57\08 - Destiny (2)\,{Shemale Yum Dvd03~G57~08-2~08 - Destiny (2)}
destiny1082.jpg,138744,a7fc8b7e,\Gallery 57\08 - Destiny (2)\,{Shemale Yum Dvd03~G57~08-2~08 - Destiny (2)}
destiny1083.jpg,139633,31ad5182,\Gallery 57\08 - Destiny (2)\,{Shemale Yum Dvd03~G57~08-2~08 - Destiny (2)}
destiny1084.jpg,160777,2f46e311,\Gallery 57\08 - Destiny (2)\,{Shemale Yum Dvd03~G57~08-2~08 - Destiny (2)}
destiny1085.jpg,138910,d937ef5e,\Gallery 57\08 - Destiny (2)\,{Shemale Yum Dvd03~G57~08-2~08 - Destiny (2)}
destiny1086.jpg,145285,263e62c4,\Gallery 57\08 - Destiny (2)\,{Shemale Yum Dvd03~G57~08-2~08 - Destiny (2)}
destiny1087.jpg,141397,b66934a6,\Gallery 57\08 - Destiny (2)\,{Shemale Yum Dvd03~G57~08-2~08 - Destiny (2)}
destiny1088.jpg,162214,79ebb861,\Gallery 57\08 - Destiny (2)\,{Shemale Yum Dvd03~G57~08-2~08 - Destiny (2)}
destiny1089.jpg,142915,ba617604,\Gallery 57\08 - Destiny (2)\,{Shemale Yum Dvd03~G57~08-2~08 - Destiny (2)}
destiny1090.jpg,122516,e086518e,\Gallery 57\08 - Destiny (2)\,{Shemale Yum Dvd03~G57~08-2~08 - Destiny (2)}
destiny1091.jpg,164025,0888be2a,\Gallery 57\08 - Destiny (2)\,{Shemale Yum Dvd03~G57~08-2~08 - Destiny (2)}
destiny1092.jpg,157560,26397491,\Gallery 57\08 - Destiny (2)\,{Shemale Yum Dvd03~G57~08-2~08 - Destiny (2)}
destiny1093.jpg,167695,22954adc,\Gallery 57\08 - Destiny (2)\,{Shemale Yum Dvd03~G57~08-2~08 - Destiny (2)}
destiny1094.jpg,154481,d3456e65,\Gallery 57\08 - Destiny (2)\,{Shemale Yum Dvd03~G57~08-2~08 - Destiny (2)}
destiny1095.jpg,166236,8bb74028,\Gallery 57\08 - Destiny (2)\,{Shemale Yum Dvd03~G57~08-2~08 - Destiny (2)}
destiny1096.jpg,157540,a6826f14,\Gallery 57\08 - Destiny (2)\,{Shemale Yum Dvd03~G57~08-2~08 - Destiny (2)}
destiny1098.jpg,156481,bbe0c357,\Gallery 57\08 - Destiny (2)\,{Shemale Yum Dvd03~G57~08-2~08 - Destiny (2)}
destiny1099.jpg,163381,dbb59d37,\Gallery 57\08 - Destiny (2)\,{Shemale Yum Dvd03~G57~08-2~08 - Destiny (2)}
destiny1101.jpg,139576,24a67900,\Gallery 57\08 - Destiny (2)\,{Shemale Yum Dvd03~G57~08-2~08 - Destiny (2)}
destiny1102.jpg,154039,abf45c18,\Gallery 57\08 - Destiny (2)\,{Shemale Yum Dvd03~G57~08-2~08 - Destiny (2)}
destiny1103.jpg,154517,e7b3bdca,\Gallery 57\08 - Destiny (2)\,{Shemale Yum Dvd03~G57~08-2~08 - Destiny (2)}
destiny1104.jpg,149161,ed15c4ca,\Gallery 57\08 - Destiny (2)\,{Shemale Yum Dvd03~G57~08-2~08 - Destiny (2)}
destiny1105.jpg,152286,358c500b,\Gallery 57\08 - Destiny (2)\,{Shemale Yum Dvd03~G57~08-2~08 - Destiny (2)}
destiny1106.jpg,145245,72ee197e,\Gallery 57\08 - Destiny (2)\,{Shemale Yum Dvd03~G57~08-2~08 - Destiny (2)}
destiny1107.jpg,133958,4fa51f13,\Gallery 57\08 - Destiny (2)\,{Shemale Yum Dvd03~G57~08-2~08 - Destiny (2)}
destiny1108.jpg,134016,fcbfe29c,\Gallery 57\08 - Destiny (2)\,{Shemale Yum Dvd03~G57~08-2~08 - Destiny (2)}
destiny1109.jpg,150695,06da6311,\Gallery 57\08 - Destiny (2)\,{Shemale Yum Dvd03~G57~08-2~08 - Destiny (2)}
destiny1110.jpg,194173,10197f7a,\Gallery 57\08 - Destiny (2)\,{Shemale Yum Dvd03~G57~08-2~08 - Destiny (2)}
destiny1111.jpg,135446,d8bea7d0,\Gallery 57\08 - Destiny (2)\,{Shemale Yum Dvd03~G57~08-2~08 - Destiny (2)}
destiny1112.jpg,155571,43bdb33a,\Gallery 57\08 - Destiny (2)\,{Shemale Yum Dvd03~G57~08-2~08 - Destiny (2)}
destiny1113.jpg,149300,0741eca8,\Gallery 57\08 - Destiny (2)\,{Shemale Yum Dvd03~G57~08-2~08 - Destiny (2)}
destiny1114.jpg,181904,697ab230,\Gallery 57\08 - Destiny (2)\,{Shemale Yum Dvd03~G57~08-2~08 - Destiny (2)}
destiny1115.jpg,195620,5b90ef01,\Gallery 57\08 - Destiny (2)\,{Shemale Yum Dvd03~G57~08-2~08 - Destiny (2)}
destiny1116.jpg,153972,7e6a9bd3,\Gallery 57\08 - Destiny (2)\,{Shemale Yum Dvd03~G57~08-2~08 - Destiny (2)}
destiny1117.jpg,145726,601b5b57,\Gallery 57\08 - Destiny (2)\,{Shemale Yum Dvd03~G57~08-2~08 - Destiny (2)}
destiny1118.jpg,133437,eb934d9d,\Gallery 57\08 - Destiny (2)\,{Shemale Yum Dvd03~G57~08-2~08 - Destiny (2)}
destiny1119.jpg,148737,e84a72b6,\Gallery 57\08 - Destiny (2)\,{Shemale Yum Dvd03~G57~08-2~08 - Destiny (2)}
destiny1120.jpg,127787,6792ac72,\Gallery 57\08 - Destiny (2)\,{Shemale Yum Dvd03~G57~08-2~08 - Destiny (2)}
destiny1121.jpg,137681,9385ff67,\Gallery 57\08 - Destiny (2)\,{Shemale Yum Dvd03~G57~08-2~08 - Destiny (2)}
janira1001.jpg,126992,1d87130e,\Gallery 57\09 - Janira\,{Shemale Yum Dvd03~G57~09~09 - Janira}
janira1002.jpg,121926,185db837,\Gallery 57\09 - Janira\,{Shemale Yum Dvd03~G57~09~09 - Janira}
janira1003.jpg,119858,f16512fa,\Gallery 57\09 - Janira\,{Shemale Yum Dvd03~G57~09~09 - Janira}
janira1004.jpg,126915,6b913d1c,\Gallery 57\09 - Janira\,{Shemale Yum Dvd03~G57~09~09 - Janira}
janira1005.jpg,126370,dfbf6df8,\Gallery 57\09 - Janira\,{Shemale Yum Dvd03~G57~09~09 - Janira}
janira1006.jpg,122011,8b7c2ffa,\Gallery 57\09 - Janira\,{Shemale Yum Dvd03~G57~09~09 - Janira}
janira1007.jpg,117766,5df9be21,\Gallery 57\09 - Janira\,{Shemale Yum Dvd03~G57~09~09 - Janira}
janira1008.jpg,121295,1217c284,\Gallery 57\09 - Janira\,{Shemale Yum Dvd03~G57~09~09 - Janira}
janira1009.jpg,124942,98fdc0dd,\Gallery 57\09 - Janira\,{Shemale Yum Dvd03~G57~09~09 - Janira}
janira1010.jpg,121212,86f49a9f,\Gallery 57\09 - Janira\,{Shemale Yum Dvd03~G57~09~09 - Janira}
janira1011.jpg,132614,6488fe9c,\Gallery 57\09 - Janira\,{Shemale Yum Dvd03~G57~09~09 - Janira}
janira1012.jpg,136183,8529243e,\Gallery 57\09 - Janira\,{Shemale Yum Dvd03~G57~09~09 - Janira}
janira1013.jpg,130657,3fb8bcd7,\Gallery 57\09 - Janira\,{Shemale Yum Dvd03~G57~09~09 - Janira}
janira1014.jpg,133628,f3c9e0be,\Gallery 57\09 - Janira\,{Shemale Yum Dvd03~G57~09~09 - Janira}
janira1015.jpg,146152,b5fb1b17,\Gallery 57\09 - Janira\,{Shemale Yum Dvd03~G57~09~09 - Janira}
janira1016.jpg,138997,ef2438f0,\Gallery 57\09 - Janira\,{Shemale Yum Dvd03~G57~09~09 - Janira}
janira1017.jpg,133397,49fe3bf8,\Gallery 57\09 - Janira\,{Shemale Yum Dvd03~G57~09~09 - Janira}
janira1018.jpg,129267,f2c1a2f3,\Gallery 57\09 - Janira\,{Shemale Yum Dvd03~G57~09~09 - Janira}
janira1019.jpg,153150,3453b5a9,\Gallery 57\09 - Janira\,{Shemale Yum Dvd03~G57~09~09 - Janira}
janira1020.jpg,138165,2edae8c5,\Gallery 57\09 - Janira\,{Shemale Yum Dvd03~G57~09~09 - Janira}
janira1021.jpg,139804,4a5f6982,\Gallery 57\09 - Janira\,{Shemale Yum Dvd03~G57~09~09 - Janira}
janira1022.jpg,138715,523ef068,\Gallery 57\09 - Janira\,{Shemale Yum Dvd03~G57~09~09 - Janira}
janira1023.jpg,150983,f9bd36a3,\Gallery 57\09 - Janira\,{Shemale Yum Dvd03~G57~09~09 - Janira}
janira1024.jpg,204297,461a195a,\Gallery 57\09 - Janira\,{Shemale Yum Dvd03~G57~09~09 - Janira}
janira1025.jpg,143373,42f98286,\Gallery 57\09 - Janira\,{Shemale Yum Dvd03~G57~09~09 - Janira}
janira1026.jpg,109243,b36ee5cb,\Gallery 57\09 - Janira\,{Shemale Yum Dvd03~G57~09~09 - Janira}
janira1027.jpg,134306,38e62812,\Gallery 57\09 - Janira\,{Shemale Yum Dvd03~G57~09~09 - Janira}
janira1028.jpg,118940,e692038b,\Gallery 57\09 - Janira\,{Shemale Yum Dvd03~G57~09~09 - Janira}
janira1029.jpg,133631,273ece0f,\Gallery 57\09 - Janira\,{Shemale Yum Dvd03~G57~09~09 - Janira}
janira1030.jpg,135318,2654f0d7,\Gallery 57\09 - Janira\,{Shemale Yum Dvd03~G57~09~09 - Janira}
janira1031.jpg,122304,d01af9ee,\Gallery 57\09 - Janira\,{Shemale Yum Dvd03~G57~09~09 - Janira}
janira1032.jpg,127013,e0bca37c,\Gallery 57\09 - Janira\,{Shemale Yum Dvd03~G57~09~09 - Janira}
janira1033.jpg,138080,7bb013c9,\Gallery 57\09 - Janira\,{Shemale Yum Dvd03~G57~09~09 - Janira}
janira1034.jpg,129152,194bc996,\Gallery 57\09 - Janira\,{Shemale Yum Dvd03~G57~09~09 - Janira}
janira1035.jpg,134828,fa81603d,\Gallery 57\09 - Janira\,{Shemale Yum Dvd03~G57~09~09 - Janira}
janira1036.jpg,125154,c68909f1,\Gallery 57\09 - Janira\,{Shemale Yum Dvd03~G57~09~09 - Janira}
janira1037.jpg,122910,9ec17c13,\Gallery 57\09 - Janira\,{Shemale Yum Dvd03~G57~09~09 - Janira}
janira1038.jpg,132484,c5ee47c6,\Gallery 57\09 - Janira\,{Shemale Yum Dvd03~G57~09~09 - Janira}
janira1039.jpg,129407,d503a0a4,\Gallery 57\09 - Janira\,{Shemale Yum Dvd03~G57~09~09 - Janira}
janira1040.jpg,121751,6812b906,\Gallery 57\09 - Janira\,{Shemale Yum Dvd03~G57~09~09 - Janira}
janira1041.jpg,121787,a59dac65,\Gallery 57\09 - Janira\,{Shemale Yum Dvd03~G57~09~09 - Janira}
janira1042.jpg,136892,137fdd3c,\Gallery 57\09 - Janira\,{Shemale Yum Dvd03~G57~09~09 - Janira}
janira1043.jpg,126361,1db5ce89,\Gallery 57\09 - Janira\,{Shemale Yum Dvd03~G57~09~09 - Janira}
janira1044.jpg,129307,e7efd3f6,\Gallery 57\09 - Janira\,{Shemale Yum Dvd03~G57~09~09 - Janira}
janira1045.jpg,131420,dd180995,\Gallery 57\09 - Janira\,{Shemale Yum Dvd03~G57~09~09 - Janira}
janira1046.jpg,142981,78d800e2,\Gallery 57\09 - Janira\,{Shemale Yum Dvd03~G57~09~09 - Janira}
janira1047.jpg,150833,79980753,\Gallery 57\09 - Janira\,{Shemale Yum Dvd03~G57~09~09 - Janira}
janira1048.jpg,194479,7fe8b281,\Gallery 57\09 - Janira\,{Shemale Yum Dvd03~G57~09~09 - Janira}
janira1049.jpg,136286,137fc2fe,\Gallery 57\09 - Janira\,{Shemale Yum Dvd03~G57~09~09 - Janira}
janira1050.jpg,178272,de7195a3,\Gallery 57\09 - Janira\,{Shemale Yum Dvd03~G57~09~09 - Janira}
janira1052.jpg,142614,e452ef58,\Gallery 57\09 - Janira\,{Shemale Yum Dvd03~G57~09~09 - Janira}
janira1053.jpg,139678,fcab3c90,\Gallery 57\09 - Janira\,{Shemale Yum Dvd03~G57~09~09 - Janira}
janira1054.jpg,151047,9d58c9fc,\Gallery 57\09 - Janira\,{Shemale Yum Dvd03~G57~09~09 - Janira}
janira1055.jpg,114393,f96e8f6a,\Gallery 57\09 - Janira\,{Shemale Yum Dvd03~G57~09~09 - Janira}
janira1056.jpg,125069,d98f0345,\Gallery 57\09 - Janira\,{Shemale Yum Dvd03~G57~09~09 - Janira}
janira1057.jpg,116451,329f1342,\Gallery 57\09 - Janira\,{Shemale Yum Dvd03~G57~09~09 - Janira}
janira1058.jpg,133183,89b984f0,\Gallery 57\09 - Janira\,{Shemale Yum Dvd03~G57~09~09 - Janira}
janira1059.jpg,125386,9b9c3d6e,\Gallery 57\09 - Janira\,{Shemale Yum Dvd03~G57~09~09 - Janira}
janira1060.jpg,123514,72094196,\Gallery 57\09 - Janira\,{Shemale Yum Dvd03~G57~09~09 - Janira}
janira1061.jpg,131419,ee7b0912,\Gallery 57\09 - Janira\,{Shemale Yum Dvd03~G57~09~09 - Janira}
janira1062.jpg,130303,3213e68c,\Gallery 57\09 - Janira\,{Shemale Yum Dvd03~G57~09~09 - Janira}
janira1063.jpg,136171,b8758109,\Gallery 57\09 - Janira\,{Shemale Yum Dvd03~G57~09~09 - Janira}
janira1064.jpg,112433,8838755d,\Gallery 57\09 - Janira\,{Shemale Yum Dvd03~G57~09~09 - Janira}
janira1065.jpg,127102,1688d56c,\Gallery 57\09 - Janira\,{Shemale Yum Dvd03~G57~09~09 - Janira}
janira1066.jpg,120600,c4159a99,\Gallery 57\09 - Janira\,{Shemale Yum Dvd03~G57~09~09 - Janira}
janira1067.jpg,129261,74238a38,\Gallery 57\09 - Janira\,{Shemale Yum Dvd03~G57~09~09 - Janira}
janira1068.jpg,151704,f92b5b51,\Gallery 57\09 - Janira\,{Shemale Yum Dvd03~G57~09~09 - Janira}
janira1070.jpg,132921,c15c269d,\Gallery 57\09 - Janira\,{Shemale Yum Dvd03~G57~09~09 - Janira}
janira1071.jpg,128871,e830d978,\Gallery 57\09 - Janira\,{Shemale Yum Dvd03~G57~09~09 - Janira}
janira1072.jpg,129238,e1e3fc31,\Gallery 57\09 - Janira\,{Shemale Yum Dvd03~G57~09~09 - Janira}
janira1073.jpg,139723,e02818af,\Gallery 57\09 - Janira\,{Shemale Yum Dvd03~G57~09~09 - Janira}
janira1074.jpg,149824,fce0d2c4,\Gallery 57\09 - Janira\,{Shemale Yum Dvd03~G57~09~09 - Janira}
janira1075.jpg,136520,59a982d1,\Gallery 57\09 - Janira\,{Shemale Yum Dvd03~G57~09~09 - Janira}
janira1076.jpg,140303,16696d71,\Gallery 57\09 - Janira\,{Shemale Yum Dvd03~G57~09~09 - Janira}
janira1077.jpg,129966,463801e4,\Gallery 57\09 - Janira\,{Shemale Yum Dvd03~G57~09~09 - Janira}
janira1078.jpg,126891,d126e9ec,\Gallery 57\09 - Janira\,{Shemale Yum Dvd03~G57~09~09 - Janira}
janira1079.jpg,123415,773c3540,\Gallery 57\09 - Janira\,{Shemale Yum Dvd03~G57~09~09 - Janira}
janira1080.jpg,124888,02fb3d08,\Gallery 57\09 - Janira\,{Shemale Yum Dvd03~G57~09~09 - Janira}
janira1081.jpg,114610,e46bd0c0,\Gallery 57\09 - Janira\,{Shemale Yum Dvd03~G57~09~09 - Janira}
janira1082.jpg,121076,f2182722,\Gallery 57\09 - Janira\,{Shemale Yum Dvd03~G57~09~09 - Janira}
janira1083.jpg,123380,2eeef622,\Gallery 57\09 - Janira\,{Shemale Yum Dvd03~G57~09~09 - Janira}
janira1084.jpg,127778,92c1bd96,\Gallery 57\09 - Janira\,{Shemale Yum Dvd03~G57~09~09 - Janira}
janira1085.jpg,127804,0d17eebf,\Gallery 57\09 - Janira\,{Shemale Yum Dvd03~G57~09~09 - Janira}
janira1086.jpg,132118,be417f27,\Gallery 57\09 - Janira\,{Shemale Yum Dvd03~G57~09~09 - Janira}
janira1087.jpg,140066,cda6825a,\Gallery 57\09 - Janira\,{Shemale Yum Dvd03~G57~09~09 - Janira}
janira1088.jpg,139671,9d79e385,\Gallery 57\09 - Janira\,{Shemale Yum Dvd03~G57~09~09 - Janira}
janira1089.jpg,149829,ceb0c093,\Gallery 57\09 - Janira\,{Shemale Yum Dvd03~G57~09~09 - Janira}
janira1090.jpg,171426,5b8b1459,\Gallery 57\09 - Janira\,{Shemale Yum Dvd03~G57~09~09 - Janira}
janira1093.jpg,122427,12cc1b87,\Gallery 57\09 - Janira\,{Shemale Yum Dvd03~G57~09~09 - Janira}
janira1094.jpg,117619,37ecf3ec,\Gallery 57\09 - Janira\,{Shemale Yum Dvd03~G57~09~09 - Janira}
janira1095.jpg,122041,bfa6f8cf,\Gallery 57\09 - Janira\,{Shemale Yum Dvd03~G57~09~09 - Janira}
janira1096.jpg,129603,1a7154e6,\Gallery 57\09 - Janira\,{Shemale Yum Dvd03~G57~09~09 - Janira}
janira1097.jpg,136840,f09b46db,\Gallery 57\09 - Janira\,{Shemale Yum Dvd03~G57~09~09 - Janira}
janira1098.jpg,180704,48a31df6,\Gallery 57\09 - Janira\,{Shemale Yum Dvd03~G57~09~09 - Janira}
janira1099.jpg,111727,0eac4832,\Gallery 57\09 - Janira\,{Shemale Yum Dvd03~G57~09~09 - Janira}
janira1100.jpg,173778,2eb5f58f,\Gallery 57\09 - Janira\,{Shemale Yum Dvd03~G57~09~09 - Janira}
janira1101.jpg,146865,4fa482a9,\Gallery 57\09 - Janira\,{Shemale Yum Dvd03~G57~09~09 - Janira}
janira1102.jpg,147172,535b1b73,\Gallery 57\09 - Janira\,{Shemale Yum Dvd03~G57~09~09 - Janira}
janira1103.jpg,136535,e9c9080c,\Gallery 57\09 - Janira\,{Shemale Yum Dvd03~G57~09~09 - Janira}
janira1104.jpg,144014,4032b163,\Gallery 57\09 - Janira\,{Shemale Yum Dvd03~G57~09~09 - Janira}
janira1105.jpg,139538,26c8df03,\Gallery 57\09 - Janira\,{Shemale Yum Dvd03~G57~09~09 - Janira}
janira1106.jpg,133043,90a24650,\Gallery 57\09 - Janira\,{Shemale Yum Dvd03~G57~09~09 - Janira}
janira1107.jpg,127978,393ff3eb,\Gallery 57\09 - Janira\,{Shemale Yum Dvd03~G57~09~09 - Janira}
janira1108.jpg,128555,dcfe80ae,\Gallery 57\09 - Janira\,{Shemale Yum Dvd03~G57~09~09 - Janira}
janira1109.jpg,137951,297af7f6,\Gallery 57\09 - Janira\,{Shemale Yum Dvd03~G57~09~09 - Janira}
janira2001.jpg,145152,d67eee98,\Gallery 57\09 - Janira (2)\,{Shemale Yum Dvd03~G57~09-2~09 - Janira (2)}
janira2002.jpg,153649,7f6b3f74,\Gallery 57\09 - Janira (2)\,{Shemale Yum Dvd03~G57~09-2~09 - Janira (2)}
janira2003.jpg,156570,f37549a0,\Gallery 57\09 - Janira (2)\,{Shemale Yum Dvd03~G57~09-2~09 - Janira (2)}
janira2004.jpg,153700,ba2d6125,\Gallery 57\09 - Janira (2)\,{Shemale Yum Dvd03~G57~09-2~09 - Janira (2)}
janira2005.jpg,150812,852a9397,\Gallery 57\09 - Janira (2)\,{Shemale Yum Dvd03~G57~09-2~09 - Janira (2)}
janira2006.jpg,153290,ad8458f8,\Gallery 57\09 - Janira (2)\,{Shemale Yum Dvd03~G57~09-2~09 - Janira (2)}
janira2007.jpg,157670,2f323cac,\Gallery 57\09 - Janira (2)\,{Shemale Yum Dvd03~G57~09-2~09 - Janira (2)}
janira2008.jpg,152430,3330057a,\Gallery 57\09 - Janira (2)\,{Shemale Yum Dvd03~G57~09-2~09 - Janira (2)}
janira2009.jpg,154427,ef1e79c2,\Gallery 57\09 - Janira (2)\,{Shemale Yum Dvd03~G57~09-2~09 - Janira (2)}
janira2010.jpg,147739,a57f2ab5,\Gallery 57\09 - Janira (2)\,{Shemale Yum Dvd03~G57~09-2~09 - Janira (2)}
janira2011.jpg,151760,ac9c627e,\Gallery 57\09 - Janira (2)\,{Shemale Yum Dvd03~G57~09-2~09 - Janira (2)}
janira2012.jpg,155071,fcf3b62e,\Gallery 57\09 - Janira (2)\,{Shemale Yum Dvd03~G57~09-2~09 - Janira (2)}
janira2013.jpg,147512,43bd4143,\Gallery 57\09 - Janira (2)\,{Shemale Yum Dvd03~G57~09-2~09 - Janira (2)}
janira2014.jpg,148364,541c8d14,\Gallery 57\09 - Janira (2)\,{Shemale Yum Dvd03~G57~09-2~09 - Janira (2)}
janira2015.jpg,148452,6b92b382,\Gallery 57\09 - Janira (2)\,{Shemale Yum Dvd03~G57~09-2~09 - Janira (2)}
janira2016.jpg,186453,c64845cb,\Gallery 57\09 - Janira (2)\,{Shemale Yum Dvd03~G57~09-2~09 - Janira (2)}
janira2017.jpg,110017,62b7e7a7,\Gallery 57\09 - Janira (2)\,{Shemale Yum Dvd03~G57~09-2~09 - Janira (2)}
janira2018.jpg,141996,27ac75ff,\Gallery 57\09 - Janira (2)\,{Shemale Yum Dvd03~G57~09-2~09 - Janira (2)}
janira2019.jpg,159711,875e542a,\Gallery 57\09 - Janira (2)\,{Shemale Yum Dvd03~G57~09-2~09 - Janira (2)}
janira2020.jpg,155575,bd621d25,\Gallery 57\09 - Janira (2)\,{Shemale Yum Dvd03~G57~09-2~09 - Janira (2)}
janira2021.jpg,161419,e3806181,\Gallery 57\09 - Janira (2)\,{Shemale Yum Dvd03~G57~09-2~09 - Janira (2)}
janira2022.jpg,168946,e127be76,\Gallery 57\09 - Janira (2)\,{Shemale Yum Dvd03~G57~09-2~09 - Janira (2)}
janira2023.jpg,153796,bed96bd3,\Gallery 57\09 - Janira (2)\,{Shemale Yum Dvd03~G57~09-2~09 - Janira (2)}
janira2024.jpg,144260,fcdc60eb,\Gallery 57\09 - Janira (2)\,{Shemale Yum Dvd03~G57~09-2~09 - Janira (2)}
janira2025.jpg,149084,2558a4c0,\Gallery 57\09 - Janira (2)\,{Shemale Yum Dvd03~G57~09-2~09 - Janira (2)}
janira2026.jpg,151571,9b75db90,\Gallery 57\09 - Janira (2)\,{Shemale Yum Dvd03~G57~09-2~09 - Janira (2)}
janira2027.jpg,156941,32ff25d8,\Gallery 57\09 - Janira (2)\,{Shemale Yum Dvd03~G57~09-2~09 - Janira (2)}
janira2028.jpg,181057,6bf05564,\Gallery 57\09 - Janira (2)\,{Shemale Yum Dvd03~G57~09-2~09 - Janira (2)}
janira2029.jpg,153601,8eb9cf9b,\Gallery 57\09 - Janira (2)\,{Shemale Yum Dvd03~G57~09-2~09 - Janira (2)}
janira2030.jpg,153348,cb139321,\Gallery 57\09 - Janira (2)\,{Shemale Yum Dvd03~G57~09-2~09 - Janira (2)}
janira2031.jpg,128393,85a77153,\Gallery 57\09 - Janira (2)\,{Shemale Yum Dvd03~G57~09-2~09 - Janira (2)}
janira2032.jpg,126805,4910c756,\Gallery 57\09 - Janira (2)\,{Shemale Yum Dvd03~G57~09-2~09 - Janira (2)}
janira2033.jpg,125325,9b05fd17,\Gallery 57\09 - Janira (2)\,{Shemale Yum Dvd03~G57~09-2~09 - Janira (2)}
janira2034.jpg,107250,62757cb7,\Gallery 57\09 - Janira (2)\,{Shemale Yum Dvd03~G57~09-2~09 - Janira (2)}
janira2035.jpg,121972,fe0f6f87,\Gallery 57\09 - Janira (2)\,{Shemale Yum Dvd03~G57~09-2~09 - Janira (2)}
janira2036.jpg,184422,56b23818,\Gallery 57\09 - Janira (2)\,{Shemale Yum Dvd03~G57~09-2~09 - Janira (2)}
janira2037.jpg,118674,2da45f27,\Gallery 57\09 - Janira (2)\,{Shemale Yum Dvd03~G57~09-2~09 - Janira (2)}
janira2038.jpg,126605,20cc3517,\Gallery 57\09 - Janira (2)\,{Shemale Yum Dvd03~G57~09-2~09 - Janira (2)}
janira2039.jpg,179992,da261330,\Gallery 57\09 - Janira (2)\,{Shemale Yum Dvd03~G57~09-2~09 - Janira (2)}
janira2040.jpg,167857,ecac52aa,\Gallery 57\09 - Janira (2)\,{Shemale Yum Dvd03~G57~09-2~09 - Janira (2)}
janira2041.jpg,184524,fd99cc47,\Gallery 57\09 - Janira (2)\,{Shemale Yum Dvd03~G57~09-2~09 - Janira (2)}
janira2042.jpg,176402,734381b8,\Gallery 57\09 - Janira (2)\,{Shemale Yum Dvd03~G57~09-2~09 - Janira (2)}
janira2043.jpg,189156,0b6c6274,\Gallery 57\09 - Janira (2)\,{Shemale Yum Dvd03~G57~09-2~09 - Janira (2)}
janira2044.jpg,158611,3db10a1e,\Gallery 57\09 - Janira (2)\,{Shemale Yum Dvd03~G57~09-2~09 - Janira (2)}
janira2045.jpg,165107,b1c6e322,\Gallery 57\09 - Janira (2)\,{Shemale Yum Dvd03~G57~09-2~09 - Janira (2)}
janira2046.jpg,176288,c8d316b3,\Gallery 57\09 - Janira (2)\,{Shemale Yum Dvd03~G57~09-2~09 - Janira (2)}
janira2047.jpg,101511,3a4574fa,\Gallery 57\09 - Janira (2)\,{Shemale Yum Dvd03~G57~09-2~09 - Janira (2)}
janira2048.jpg,189869,63293670,\Gallery 57\09 - Janira (2)\,{Shemale Yum Dvd03~G57~09-2~09 - Janira (2)}
janira2049.jpg,183333,e649a9db,\Gallery 57\09 - Janira (2)\,{Shemale Yum Dvd03~G57~09-2~09 - Janira (2)}
janira2050.jpg,171431,d650650f,\Gallery 57\09 - Janira (2)\,{Shemale Yum Dvd03~G57~09-2~09 - Janira (2)}
janira2051.jpg,154896,1c75fef2,\Gallery 57\09 - Janira (2)\,{Shemale Yum Dvd03~G57~09-2~09 - Janira (2)}
janira2052.jpg,123489,14c33745,\Gallery 57\09 - Janira (2)\,{Shemale Yum Dvd03~G57~09-2~09 - Janira (2)}
janira2053.jpg,186877,6c6d0f0b,\Gallery 57\09 - Janira (2)\,{Shemale Yum Dvd03~G57~09-2~09 - Janira (2)}
janira2054.jpg,159049,516795cd,\Gallery 57\09 - Janira (2)\,{Shemale Yum Dvd03~G57~09-2~09 - Janira (2)}
janira2055.jpg,156544,1a9b4707,\Gallery 57\09 - Janira (2)\,{Shemale Yum Dvd03~G57~09-2~09 - Janira (2)}
janira2056.jpg,157280,f8e9c430,\Gallery 57\09 - Janira (2)\,{Shemale Yum Dvd03~G57~09-2~09 - Janira (2)}
janira2057.jpg,163069,08d851bf,\Gallery 57\09 - Janira (2)\,{Shemale Yum Dvd03~G57~09-2~09 - Janira (2)}
janira2058.jpg,174658,a2dabe8b,\Gallery 57\09 - Janira (2)\,{Shemale Yum Dvd03~G57~09-2~09 - Janira (2)}
janira2059.jpg,184406,efcd8ab8,\Gallery 57\09 - Janira (2)\,{Shemale Yum Dvd03~G57~09-2~09 - Janira (2)}
janira2060.jpg,169702,35c29cf2,\Gallery 57\09 - Janira (2)\,{Shemale Yum Dvd03~G57~09-2~09 - Janira (2)}
janira2061.jpg,157651,0657287a,\Gallery 57\09 - Janira (2)\,{Shemale Yum Dvd03~G57~09-2~09 - Janira (2)}
janira2062.jpg,177726,c0cf8343,\Gallery 57\09 - Janira (2)\,{Shemale Yum Dvd03~G57~09-2~09 - Janira (2)}
janira2063.jpg,156139,916a8463,\Gallery 57\09 - Janira (2)\,{Shemale Yum Dvd03~G57~09-2~09 - Janira (2)}
janira2064.jpg,144671,019ee520,\Gallery 57\09 - Janira (2)\,{Shemale Yum Dvd03~G57~09-2~09 - Janira (2)}
janira2065.jpg,140565,adf12a38,\Gallery 57\09 - Janira (2)\,{Shemale Yum Dvd03~G57~09-2~09 - Janira (2)}
janira2066.jpg,154648,851aef2c,\Gallery 57\09 - Janira (2)\,{Shemale Yum Dvd03~G57~09-2~09 - Janira (2)}
janira2067.jpg,143374,09ddad1c,\Gallery 57\09 - Janira (2)\,{Shemale Yum Dvd03~G57~09-2~09 - Janira (2)}
janira2068.jpg,148019,5ad69102,\Gallery 57\09 - Janira (2)\,{Shemale Yum Dvd03~G57~09-2~09 - Janira (2)}
janira2069.jpg,152914,876bfc06,\Gallery 57\09 - Janira (2)\,{Shemale Yum Dvd03~G57~09-2~09 - Janira (2)}
janira2070.jpg,146775,8bfb0d61,\Gallery 57\09 - Janira (2)\,{Shemale Yum Dvd03~G57~09-2~09 - Janira (2)}
janira2071.jpg,148655,0092ebd6,\Gallery 57\09 - Janira (2)\,{Shemale Yum Dvd03~G57~09-2~09 - Janira (2)}
janira2072.jpg,143983,785761b6,\Gallery 57\09 - Janira (2)\,{Shemale Yum Dvd03~G57~09-2~09 - Janira (2)}
janira2073.jpg,141657,8e098ea0,\Gallery 57\09 - Janira (2)\,{Shemale Yum Dvd03~G57~09-2~09 - Janira (2)}
janira2074.jpg,154374,56ad31e1,\Gallery 57\09 - Janira (2)\,{Shemale Yum Dvd03~G57~09-2~09 - Janira (2)}
janira2075.jpg,151024,4ce6ec33,\Gallery 57\09 - Janira (2)\,{Shemale Yum Dvd03~G57~09-2~09 - Janira (2)}
janira2076.jpg,155445,37b4d95f,\Gallery 57\09 - Janira (2)\,{Shemale Yum Dvd03~G57~09-2~09 - Janira (2)}
janira2077.jpg,143339,43db221a,\Gallery 57\09 - Janira (2)\,{Shemale Yum Dvd03~G57~09-2~09 - Janira (2)}
janira2078.jpg,135077,4bb669a6,\Gallery 57\09 - Janira (2)\,{Shemale Yum Dvd03~G57~09-2~09 - Janira (2)}
janira2079.jpg,149189,94ab58de,\Gallery 57\09 - Janira (2)\,{Shemale Yum Dvd03~G57~09-2~09 - Janira (2)}
janira2080.jpg,150958,bcc0de11,\Gallery 57\09 - Janira (2)\,{Shemale Yum Dvd03~G57~09-2~09 - Janira (2)}
janira2081.jpg,153237,84655329,\Gallery 57\09 - Janira (2)\,{Shemale Yum Dvd03~G57~09-2~09 - Janira (2)}
janira2082.jpg,157637,f0296c69,\Gallery 57\09 - Janira (2)\,{Shemale Yum Dvd03~G57~09-2~09 - Janira (2)}
janira2083.jpg,147611,0f51ab2c,\Gallery 57\09 - Janira (2)\,{Shemale Yum Dvd03~G57~09-2~09 - Janira (2)}
janira2084.jpg,153758,8f6ee501,\Gallery 57\09 - Janira (2)\,{Shemale Yum Dvd03~G57~09-2~09 - Janira (2)}
janira2085.jpg,151363,0f5e6c7d,\Gallery 57\09 - Janira (2)\,{Shemale Yum Dvd03~G57~09-2~09 - Janira (2)}
janira2086.jpg,151369,4339c947,\Gallery 57\09 - Janira (2)\,{Shemale Yum Dvd03~G57~09-2~09 - Janira (2)}
janira2087.jpg,147459,cc0a8836,\Gallery 57\09 - Janira (2)\,{Shemale Yum Dvd03~G57~09-2~09 - Janira (2)}
janira2089.jpg,139105,813d35a3,\Gallery 57\09 - Janira (2)\,{Shemale Yum Dvd03~G57~09-2~09 - Janira (2)}
janira2090.jpg,144269,cb6f65f1,\Gallery 57\09 - Janira (2)\,{Shemale Yum Dvd03~G57~09-2~09 - Janira (2)}
janira2091.jpg,139884,5bfc5650,\Gallery 57\09 - Janira (2)\,{Shemale Yum Dvd03~G57~09-2~09 - Janira (2)}
janira2092.jpg,129749,3ec432d4,\Gallery 57\09 - Janira (2)\,{Shemale Yum Dvd03~G57~09-2~09 - Janira (2)}
janira2093.jpg,135351,f8da7b28,\Gallery 57\09 - Janira (2)\,{Shemale Yum Dvd03~G57~09-2~09 - Janira (2)}
janira2094.jpg,133806,c3d15085,\Gallery 57\09 - Janira (2)\,{Shemale Yum Dvd03~G57~09-2~09 - Janira (2)}
janira2095.jpg,152484,aa3c9c51,\Gallery 57\09 - Janira (2)\,{Shemale Yum Dvd03~G57~09-2~09 - Janira (2)}
janira2096.jpg,124572,6669a1bc,\Gallery 57\09 - Janira (2)\,{Shemale Yum Dvd03~G57~09-2~09 - Janira (2)}
janira2097.jpg,139209,6aa33a14,\Gallery 57\09 - Janira (2)\,{Shemale Yum Dvd03~G57~09-2~09 - Janira (2)}
janira2098.jpg,142371,4f971fa6,\Gallery 57\09 - Janira (2)\,{Shemale Yum Dvd03~G57~09-2~09 - Janira (2)}
janira2099.jpg,147092,9c4a8668,\Gallery 57\09 - Janira (2)\,{Shemale Yum Dvd03~G57~09-2~09 - Janira (2)}
janira2100.jpg,153561,7b186b30,\Gallery 57\09 - Janira (2)\,{Shemale Yum Dvd03~G57~09-2~09 - Janira (2)}
janira2101.jpg,148785,f3c61aeb,\Gallery 57\09 - Janira (2)\,{Shemale Yum Dvd03~G57~09-2~09 - Janira (2)}
janira2103.jpg,175166,7ac97d91,\Gallery 57\09 - Janira (2)\,{Shemale Yum Dvd03~G57~09-2~09 - Janira (2)}
janira2104.jpg,177313,e10ed5a8,\Gallery 57\09 - Janira (2)\,{Shemale Yum Dvd03~G57~09-2~09 - Janira (2)}
janira2105.jpg,156968,bdf1cc32,\Gallery 57\09 - Janira (2)\,{Shemale Yum Dvd03~G57~09-2~09 - Janira (2)}
janira2106.jpg,131433,ce69a038,\Gallery 57\09 - Janira (2)\,{Shemale Yum Dvd03~G57~09-2~09 - Janira (2)}
janira2108.jpg,152801,8dbbf7ea,\Gallery 57\09 - Janira (2)\,{Shemale Yum Dvd03~G57~09-2~09 - Janira (2)}
janira2109.jpg,160059,5a28d380,\Gallery 57\09 - Janira (2)\,{Shemale Yum Dvd03~G57~09-2~09 - Janira (2)}
janira2110.jpg,150629,0d7c8bbf,\Gallery 57\09 - Janira (2)\,{Shemale Yum Dvd03~G57~09-2~09 - Janira (2)}
janira2111.jpg,155834,3eb48cfe,\Gallery 57\09 - Janira (2)\,{Shemale Yum Dvd03~G57~09-2~09 - Janira (2)}
janira2112.jpg,166566,eb7ae0a1,\Gallery 57\09 - Janira (2)\,{Shemale Yum Dvd03~G57~09-2~09 - Janira (2)}
janira2113.jpg,162173,7932bacc,\Gallery 57\09 - Janira (2)\,{Shemale Yum Dvd03~G57~09-2~09 - Janira (2)}
janira2114.jpg,156781,fd37f576,\Gallery 57\09 - Janira (2)\,{Shemale Yum Dvd03~G57~09-2~09 - Janira (2)}
janira2115.jpg,150016,a57fd456,\Gallery 57\09 - Janira (2)\,{Shemale Yum Dvd03~G57~09-2~09 - Janira (2)}
janira2116.jpg,144566,5b95d346,\Gallery 57\09 - Janira (2)\,{Shemale Yum Dvd03~G57~09-2~09 - Janira (2)}
janira2117.jpg,148847,925f4380,\Gallery 57\09 - Janira (2)\,{Shemale Yum Dvd03~G57~09-2~09 - Janira (2)}
janira2118.jpg,174934,2b7f452b,\Gallery 57\09 - Janira (2)\,{Shemale Yum Dvd03~G57~09-2~09 - Janira (2)}
janira2119.jpg,172733,a723fe4e,\Gallery 57\09 - Janira (2)\,{Shemale Yum Dvd03~G57~09-2~09 - Janira (2)}
janira2120.jpg,153418,8f7a4390,\Gallery 57\09 - Janira (2)\,{Shemale Yum Dvd03~G57~09-2~09 - Janira (2)}
janira2121.jpg,141961,da55f423,\Gallery 57\09 - Janira (2)\,{Shemale Yum Dvd03~G57~09-2~09 - Janira (2)}
janira2122.jpg,144433,6ef3f0cc,\Gallery 57\09 - Janira (2)\,{Shemale Yum Dvd03~G57~09-2~09 - Janira (2)}
janira2123.jpg,143064,86f2adbb,\Gallery 57\09 - Janira (2)\,{Shemale Yum Dvd03~G57~09-2~09 - Janira (2)}
janira2124.jpg,148546,d93a0bfd,\Gallery 57\09 - Janira (2)\,{Shemale Yum Dvd03~G57~09-2~09 - Janira (2)}
janira21001.jpg,123954,00b23968,\Gallery 57\09 - Janira (3)\,{Shemale Yum Dvd03~G57~09-3~09 - Janira (3)}
janira21002.jpg,110521,a17388b1,\Gallery 57\09 - Janira (3)\,{Shemale Yum Dvd03~G57~09-3~09 - Janira (3)}
janira21003.jpg,120667,28dd31a5,\Gallery 57\09 - Janira (3)\,{Shemale Yum Dvd03~G57~09-3~09 - Janira (3)}
janira21004.jpg,112309,f87940d0,\Gallery 57\09 - Janira (3)\,{Shemale Yum Dvd03~G57~09-3~09 - Janira (3)}
janira21005.jpg,109433,147cdbc4,\Gallery 57\09 - Janira (3)\,{Shemale Yum Dvd03~G57~09-3~09 - Janira (3)}
janira21006.jpg,127686,8506cdd3,\Gallery 57\09 - Janira (3)\,{Shemale Yum Dvd03~G57~09-3~09 - Janira (3)}
janira21007.jpg,104242,6d4972cc,\Gallery 57\09 - Janira (3)\,{Shemale Yum Dvd03~G57~09-3~09 - Janira (3)}
janira21008.jpg,104816,b858846a,\Gallery 57\09 - Janira (3)\,{Shemale Yum Dvd03~G57~09-3~09 - Janira (3)}
janira21009.jpg,105572,933084c6,\Gallery 57\09 - Janira (3)\,{Shemale Yum Dvd03~G57~09-3~09 - Janira (3)}
janira21010.jpg,95894,09ad4aa8,\Gallery 57\09 - Janira (3)\,{Shemale Yum Dvd03~G57~09-3~09 - Janira (3)}
janira21011.jpg,105565,61cde775,\Gallery 57\09 - Janira (3)\,{Shemale Yum Dvd03~G57~09-3~09 - Janira (3)}
janira21012.jpg,134259,964ce6a8,\Gallery 57\09 - Janira (3)\,{Shemale Yum Dvd03~G57~09-3~09 - Janira (3)}
janira21013.jpg,119859,68c8b9bf,\Gallery 57\09 - Janira (3)\,{Shemale Yum Dvd03~G57~09-3~09 - Janira (3)}
janira21014.jpg,139719,32bd472e,\Gallery 57\09 - Janira (3)\,{Shemale Yum Dvd03~G57~09-3~09 - Janira (3)}
janira21015.jpg,108817,f3544c19,\Gallery 57\09 - Janira (3)\,{Shemale Yum Dvd03~G57~09-3~09 - Janira (3)}
janira21016.jpg,118720,3c7bbc50,\Gallery 57\09 - Janira (3)\,{Shemale Yum Dvd03~G57~09-3~09 - Janira (3)}
janira21017.jpg,101573,710819eb,\Gallery 57\09 - Janira (3)\,{Shemale Yum Dvd03~G57~09-3~09 - Janira (3)}
janira21018.jpg,108795,31fea71a,\Gallery 57\09 - Janira (3)\,{Shemale Yum Dvd03~G57~09-3~09 - Janira (3)}
janira21019.jpg,107203,54a55873,\Gallery 57\09 - Janira (3)\,{Shemale Yum Dvd03~G57~09-3~09 - Janira (3)}
janira21020.jpg,109464,fc6a878c,\Gallery 57\09 - Janira (3)\,{Shemale Yum Dvd03~G57~09-3~09 - Janira (3)}
janira21021.jpg,93017,b24fde32,\Gallery 57\09 - Janira (3)\,{Shemale Yum Dvd03~G57~09-3~09 - Janira (3)}
janira21022.jpg,103190,83e0ca48,\Gallery 57\09 - Janira (3)\,{Shemale Yum Dvd03~G57~09-3~09 - Janira (3)}
janira21023.jpg,104347,fe8dbe8a,\Gallery 57\09 - Janira (3)\,{Shemale Yum Dvd03~G57~09-3~09 - Janira (3)}
janira21024.jpg,109341,a7cff189,\Gallery 57\09 - Janira (3)\,{Shemale Yum Dvd03~G57~09-3~09 - Janira (3)}
janira21025.jpg,95242,7700277f,\Gallery 57\09 - Janira (3)\,{Shemale Yum Dvd03~G57~09-3~09 - Janira (3)}
janira21026.jpg,110598,9c77c08f,\Gallery 57\09 - Janira (3)\,{Shemale Yum Dvd03~G57~09-3~09 - Janira (3)}
janira21027.jpg,93125,92e18e7a,\Gallery 57\09 - Janira (3)\,{Shemale Yum Dvd03~G57~09-3~09 - Janira (3)}
janira21028.jpg,92887,9592c422,\Gallery 57\09 - Janira (3)\,{Shemale Yum Dvd03~G57~09-3~09 - Janira (3)}
janira21029.jpg,101361,7b351a1a,\Gallery 57\09 - Janira (3)\,{Shemale Yum Dvd03~G57~09-3~09 - Janira (3)}
janira21030.jpg,108497,3424c3ba,\Gallery 57\09 - Janira (3)\,{Shemale Yum Dvd03~G57~09-3~09 - Janira (3)}
janira21031.jpg,117998,d89fb061,\Gallery 57\09 - Janira (3)\,{Shemale Yum Dvd03~G57~09-3~09 - Janira (3)}
janira21032.jpg,126138,90b73519,\Gallery 57\09 - Janira (3)\,{Shemale Yum Dvd03~G57~09-3~09 - Janira (3)}
janira21033.jpg,147384,38199bb8,\Gallery 57\09 - Janira (3)\,{Shemale Yum Dvd03~G57~09-3~09 - Janira (3)}
janira21034.jpg,131712,49029366,\Gallery 57\09 - Janira (3)\,{Shemale Yum Dvd03~G57~09-3~09 - Janira (3)}
janira21035.jpg,174351,8275ca02,\Gallery 57\09 - Janira (3)\,{Shemale Yum Dvd03~G57~09-3~09 - Janira (3)}
janira21036.jpg,145246,ccf6dbe6,\Gallery 57\09 - Janira (3)\,{Shemale Yum Dvd03~G57~09-3~09 - Janira (3)}
janira21037.jpg,144895,78c66a37,\Gallery 57\09 - Janira (3)\,{Shemale Yum Dvd03~G57~09-3~09 - Janira (3)}
janira21038.jpg,136674,251da73f,\Gallery 57\09 - Janira (3)\,{Shemale Yum Dvd03~G57~09-3~09 - Janira (3)}
janira21039.jpg,132942,4e14afe4,\Gallery 57\09 - Janira (3)\,{Shemale Yum Dvd03~G57~09-3~09 - Janira (3)}
janira21040.jpg,173921,c9f5ebf1,\Gallery 57\09 - Janira (3)\,{Shemale Yum Dvd03~G57~09-3~09 - Janira (3)}
janira21041.jpg,131511,4fd0cacc,\Gallery 57\09 - Janira (3)\,{Shemale Yum Dvd03~G57~09-3~09 - Janira (3)}
janira21042.jpg,160056,ab1fd1a4,\Gallery 57\09 - Janira (3)\,{Shemale Yum Dvd03~G57~09-3~09 - Janira (3)}
janira21043.jpg,120298,2e363d26,\Gallery 57\09 - Janira (3)\,{Shemale Yum Dvd03~G57~09-3~09 - Janira (3)}
janira21044.jpg,120221,baafef52,\Gallery 57\09 - Janira (3)\,{Shemale Yum Dvd03~G57~09-3~09 - Janira (3)}
janira21045.jpg,121203,e08e66b5,\Gallery 57\09 - Janira (3)\,{Shemale Yum Dvd03~G57~09-3~09 - Janira (3)}
janira21046.jpg,111538,2f3dafd1,\Gallery 57\09 - Janira (3)\,{Shemale Yum Dvd03~G57~09-3~09 - Janira (3)}
janira21047.jpg,123174,31d293f0,\Gallery 57\09 - Janira (3)\,{Shemale Yum Dvd03~G57~09-3~09 - Janira (3)}
janira21048.jpg,124627,54473c0c,\Gallery 57\09 - Janira (3)\,{Shemale Yum Dvd03~G57~09-3~09 - Janira (3)}
janira21049.jpg,117721,e608ddee,\Gallery 57\09 - Janira (3)\,{Shemale Yum Dvd03~G57~09-3~09 - Janira (3)}
janira21050.jpg,113015,68c9d760,\Gallery 57\09 - Janira (3)\,{Shemale Yum Dvd03~G57~09-3~09 - Janira (3)}
janira21051.jpg,128189,2354231e,\Gallery 57\09 - Janira (3)\,{Shemale Yum Dvd03~G57~09-3~09 - Janira (3)}
janira21052.jpg,117894,aa641b73,\Gallery 57\09 - Janira (3)\,{Shemale Yum Dvd03~G57~09-3~09 - Janira (3)}
janira21053.jpg,101575,e83609fd,\Gallery 57\09 - Janira (3)\,{Shemale Yum Dvd03~G57~09-3~09 - Janira (3)}
janira21054.jpg,121170,5ebbf38b,\Gallery 57\09 - Janira (3)\,{Shemale Yum Dvd03~G57~09-3~09 - Janira (3)}
janira21055.jpg,141755,2824e827,\Gallery 57\09 - Janira (3)\,{Shemale Yum Dvd03~G57~09-3~09 - Janira (3)}
janira21056.jpg,110387,86bac569,\Gallery 57\09 - Janira (3)\,{Shemale Yum Dvd03~G57~09-3~09 - Janira (3)}
janira21057.jpg,129599,54b7dfb3,\Gallery 57\09 - Janira (3)\,{Shemale Yum Dvd03~G57~09-3~09 - Janira (3)}
janira21058.jpg,129978,3995b06c,\Gallery 57\09 - Janira (3)\,{Shemale Yum Dvd03~G57~09-3~09 - Janira (3)}
janira21060.jpg,138071,0ad253cf,\Gallery 57\09 - Janira (3)\,{Shemale Yum Dvd03~G57~09-3~09 - Janira (3)}
janira21061.jpg,142534,37b19d31,\Gallery 57\09 - Janira (3)\,{Shemale Yum Dvd03~G57~09-3~09 - Janira (3)}
janira21062.jpg,130552,e8bc899b,\Gallery 57\09 - Janira (3)\,{Shemale Yum Dvd03~G57~09-3~09 - Janira (3)}
janira21063.jpg,143900,2e731209,\Gallery 57\09 - Janira (3)\,{Shemale Yum Dvd03~G57~09-3~09 - Janira (3)}
janira21064.jpg,141150,8e521a6c,\Gallery 57\09 - Janira (3)\,{Shemale Yum Dvd03~G57~09-3~09 - Janira (3)}
janira21065.jpg,130128,296b6d5e,\Gallery 57\09 - Janira (3)\,{Shemale Yum Dvd03~G57~09-3~09 - Janira (3)}
janira21066.jpg,123498,d013a2c7,\Gallery 57\09 - Janira (3)\,{Shemale Yum Dvd03~G57~09-3~09 - Janira (3)}
janira21067.jpg,119373,fb54a2df,\Gallery 57\09 - Janira (3)\,{Shemale Yum Dvd03~G57~09-3~09 - Janira (3)}
janira21068.jpg,145064,6ebce508,\Gallery 57\09 - Janira (3)\,{Shemale Yum Dvd03~G57~09-3~09 - Janira (3)}
janira21069.jpg,142002,f1c09532,\Gallery 57\09 - Janira (3)\,{Shemale Yum Dvd03~G57~09-3~09 - Janira (3)}
janira21070.jpg,143001,d8a4a408,\Gallery 57\09 - Janira (3)\,{Shemale Yum Dvd03~G57~09-3~09 - Janira (3)}
janira21071.jpg,192102,e0fc4bc5,\Gallery 57\09 - Janira (3)\,{Shemale Yum Dvd03~G57~09-3~09 - Janira (3)}
janira21072.jpg,125423,c3b1aa83,\Gallery 57\09 - Janira (3)\,{Shemale Yum Dvd03~G57~09-3~09 - Janira (3)}
janira21073.jpg,127421,6f065671,\Gallery 57\09 - Janira (3)\,{Shemale Yum Dvd03~G57~09-3~09 - Janira (3)}
janira21074.jpg,130280,69eb34ad,\Gallery 57\09 - Janira (3)\,{Shemale Yum Dvd03~G57~09-3~09 - Janira (3)}
janira21075.jpg,115450,f5018c0e,\Gallery 57\09 - Janira (3)\,{Shemale Yum Dvd03~G57~09-3~09 - Janira (3)}
janira21076.jpg,132945,05d083d3,\Gallery 57\09 - Janira (3)\,{Shemale Yum Dvd03~G57~09-3~09 - Janira (3)}
janira21077.jpg,178986,c0710c3f,\Gallery 57\09 - Janira (3)\,{Shemale Yum Dvd03~G57~09-3~09 - Janira (3)}
janira21078.jpg,117668,22ec4136,\Gallery 57\09 - Janira (3)\,{Shemale Yum Dvd03~G57~09-3~09 - Janira (3)}
janira21079.jpg,141424,19eae4ed,\Gallery 57\09 - Janira (3)\,{Shemale Yum Dvd03~G57~09-3~09 - Janira (3)}
janira21080.jpg,134642,1361d8e7,\Gallery 57\09 - Janira (3)\,{Shemale Yum Dvd03~G57~09-3~09 - Janira (3)}
janira21081.jpg,136122,392047f6,\Gallery 57\09 - Janira (3)\,{Shemale Yum Dvd03~G57~09-3~09 - Janira (3)}
janira21082.jpg,133683,f85b143b,\Gallery 57\09 - Janira (3)\,{Shemale Yum Dvd03~G57~09-3~09 - Janira (3)}
janira21083.jpg,143183,b098bb5d,\Gallery 57\09 - Janira (3)\,{Shemale Yum Dvd03~G57~09-3~09 - Janira (3)}
janira21084.jpg,126260,09eed5f5,\Gallery 57\09 - Janira (3)\,{Shemale Yum Dvd03~G57~09-3~09 - Janira (3)}
janira21085.jpg,134444,a3e34361,\Gallery 57\09 - Janira (3)\,{Shemale Yum Dvd03~G57~09-3~09 - Janira (3)}
janira21086.jpg,132652,9d1bdc66,\Gallery 57\09 - Janira (3)\,{Shemale Yum Dvd03~G57~09-3~09 - Janira (3)}
janira21087.jpg,143624,2ff48a23,\Gallery 57\09 - Janira (3)\,{Shemale Yum Dvd03~G57~09-3~09 - Janira (3)}
janira21088.jpg,139750,44f9ff70,\Gallery 57\09 - Janira (3)\,{Shemale Yum Dvd03~G57~09-3~09 - Janira (3)}
janira21089.jpg,143605,b1a62af0,\Gallery 57\09 - Janira (3)\,{Shemale Yum Dvd03~G57~09-3~09 - Janira (3)}
janira21090.jpg,145939,80f40e77,\Gallery 57\09 - Janira (3)\,{Shemale Yum Dvd03~G57~09-3~09 - Janira (3)}
janira21091.jpg,144412,ef308c4c,\Gallery 57\09 - Janira (3)\,{Shemale Yum Dvd03~G57~09-3~09 - Janira (3)}
janira21092.jpg,137304,81c5e9fb,\Gallery 57\09 - Janira (3)\,{Shemale Yum Dvd03~G57~09-3~09 - Janira (3)}
janira21093.jpg,110180,1aa5c4a8,\Gallery 57\09 - Janira (3)\,{Shemale Yum Dvd03~G57~09-3~09 - Janira (3)}
janira21094.jpg,111778,1967fd4e,\Gallery 57\09 - Janira (3)\,{Shemale Yum Dvd03~G57~09-3~09 - Janira (3)}
janira21095.jpg,105706,bcb180df,\Gallery 57\09 - Janira (3)\,{Shemale Yum Dvd03~G57~09-3~09 - Janira (3)}
janira21096.jpg,179548,ff7ad726,\Gallery 57\09 - Janira (3)\,{Shemale Yum Dvd03~G57~09-3~09 - Janira (3)}
janira21097.jpg,121248,982b8eab,\Gallery 57\09 - Janira (3)\,{Shemale Yum Dvd03~G57~09-3~09 - Janira (3)}
janira21098.jpg,142638,71b62347,\Gallery 57\09 - Janira (3)\,{Shemale Yum Dvd03~G57~09-3~09 - Janira (3)}
janira21099.jpg,145993,7a3decac,\Gallery 57\09 - Janira (3)\,{Shemale Yum Dvd03~G57~09-3~09 - Janira (3)}
janira21100.jpg,137440,3f1059c5,\Gallery 57\09 - Janira (3)\,{Shemale Yum Dvd03~G57~09-3~09 - Janira (3)}
janira21101.jpg,139123,6f500fa2,\Gallery 57\09 - Janira (3)\,{Shemale Yum Dvd03~G57~09-3~09 - Janira (3)}
janira21102.jpg,130168,2e9fb2b9,\Gallery 57\09 - Janira (3)\,{Shemale Yum Dvd03~G57~09-3~09 - Janira (3)}
janira21103.jpg,123043,a936a5b8,\Gallery 57\09 - Janira (3)\,{Shemale Yum Dvd03~G57~09-3~09 - Janira (3)}
janira21104.jpg,129766,22ab280e,\Gallery 57\09 - Janira (3)\,{Shemale Yum Dvd03~G57~09-3~09 - Janira (3)}
janira21105.jpg,121395,eee40170,\Gallery 57\09 - Janira (3)\,{Shemale Yum Dvd03~G57~09-3~09 - Janira (3)}
janira21106.jpg,123796,d692009e,\Gallery 57\09 - Janira (3)\,{Shemale Yum Dvd03~G57~09-3~09 - Janira (3)}
janira21107.jpg,127062,eeb8b3d8,\Gallery 57\09 - Janira (3)\,{Shemale Yum Dvd03~G57~09-3~09 - Janira (3)}
janira21108.jpg,148615,0d6c8b4b,\Gallery 57\09 - Janira (3)\,{Shemale Yum Dvd03~G57~09-3~09 - Janira (3)}
janira21109.jpg,146538,b40f34c9,\Gallery 57\09 - Janira (3)\,{Shemale Yum Dvd03~G57~09-3~09 - Janira (3)}
janira21110.jpg,181232,889c490f,\Gallery 57\09 - Janira (3)\,{Shemale Yum Dvd03~G57~09-3~09 - Janira (3)}
janira21111.jpg,173360,cead20f2,\Gallery 57\09 - Janira (3)\,{Shemale Yum Dvd03~G57~09-3~09 - Janira (3)}
janira21112.jpg,139530,927cdc18,\Gallery 57\09 - Janira (3)\,{Shemale Yum Dvd03~G57~09-3~09 - Janira (3)}
janira21113.jpg,126564,1e966ef0,\Gallery 57\09 - Janira (3)\,{Shemale Yum Dvd03~G57~09-3~09 - Janira (3)}
janira21114.jpg,164637,b8191a24,\Gallery 57\09 - Janira (3)\,{Shemale Yum Dvd03~G57~09-3~09 - Janira (3)}
janira21115.jpg,144901,9c494458,\Gallery 57\09 - Janira (3)\,{Shemale Yum Dvd03~G57~09-3~09 - Janira (3)}
janira21116.jpg,140524,e5999321,\Gallery 57\09 - Janira (3)\,{Shemale Yum Dvd03~G57~09-3~09 - Janira (3)}
janira21117.jpg,145458,caee41d1,\Gallery 57\09 - Janira (3)\,{Shemale Yum Dvd03~G57~09-3~09 - Janira (3)}
janira21118.jpg,136663,81e567e4,\Gallery 57\09 - Janira (3)\,{Shemale Yum Dvd03~G57~09-3~09 - Janira (3)}
janira21119.jpg,131918,e2347b64,\Gallery 57\09 - Janira (3)\,{Shemale Yum Dvd03~G57~09-3~09 - Janira (3)}
janira21120.jpg,137794,3c7d5674,\Gallery 57\09 - Janira (3)\,{Shemale Yum Dvd03~G57~09-3~09 - Janira (3)}
janira21121.jpg,132803,2ebbc88a,\Gallery 57\09 - Janira (3)\,{Shemale Yum Dvd03~G57~09-3~09 - Janira (3)}
janira22001.jpg,109198,0807581c,\Gallery 57\09 - Janira (4)\,{Shemale Yum Dvd03~G57~09-4~09 - Janira (4)}
janira22002.jpg,163728,a45d208e,\Gallery 57\09 - Janira (4)\,{Shemale Yum Dvd03~G57~09-4~09 - Janira (4)}
janira22003.jpg,155723,58a3ac67,\Gallery 57\09 - Janira (4)\,{Shemale Yum Dvd03~G57~09-4~09 - Janira (4)}
janira22004.jpg,160189,4225194b,\Gallery 57\09 - Janira (4)\,{Shemale Yum Dvd03~G57~09-4~09 - Janira (4)}
janira22005.jpg,151181,58dde613,\Gallery 57\09 - Janira (4)\,{Shemale Yum Dvd03~G57~09-4~09 - Janira (4)}
janira22006.jpg,120479,39a709a1,\Gallery 57\09 - Janira (4)\,{Shemale Yum Dvd03~G57~09-4~09 - Janira (4)}
janira22007.jpg,119114,8eab9c30,\Gallery 57\09 - Janira (4)\,{Shemale Yum Dvd03~G57~09-4~09 - Janira (4)}
janira22008.jpg,161798,ef83c7f6,\Gallery 57\09 - Janira (4)\,{Shemale Yum Dvd03~G57~09-4~09 - Janira (4)}
janira22009.jpg,188799,98c0eeab,\Gallery 57\09 - Janira (4)\,{Shemale Yum Dvd03~G57~09-4~09 - Janira (4)}
janira22011.jpg,141952,25aa7b89,\Gallery 57\09 - Janira (4)\,{Shemale Yum Dvd03~G57~09-4~09 - Janira (4)}
janira22012.jpg,143456,1b934bca,\Gallery 57\09 - Janira (4)\,{Shemale Yum Dvd03~G57~09-4~09 - Janira (4)}
janira22013.jpg,149663,ef4b7b77,\Gallery 57\09 - Janira (4)\,{Shemale Yum Dvd03~G57~09-4~09 - Janira (4)}
janira22014.jpg,146870,fc923907,\Gallery 57\09 - Janira (4)\,{Shemale Yum Dvd03~G57~09-4~09 - Janira (4)}
janira22015.jpg,143334,c5347de8,\Gallery 57\09 - Janira (4)\,{Shemale Yum Dvd03~G57~09-4~09 - Janira (4)}
janira22016.jpg,152873,84592de3,\Gallery 57\09 - Janira (4)\,{Shemale Yum Dvd03~G57~09-4~09 - Janira (4)}
janira22017.jpg,159703,14e18794,\Gallery 57\09 - Janira (4)\,{Shemale Yum Dvd03~G57~09-4~09 - Janira (4)}
janira22018.jpg,156791,bccb5fef,\Gallery 57\09 - Janira (4)\,{Shemale Yum Dvd03~G57~09-4~09 - Janira (4)}
janira22019.jpg,140551,e23122cf,\Gallery 57\09 - Janira (4)\,{Shemale Yum Dvd03~G57~09-4~09 - Janira (4)}
janira22020.jpg,109502,4985e847,\Gallery 57\09 - Janira (4)\,{Shemale Yum Dvd03~G57~09-4~09 - Janira (4)}
janira22021.jpg,131451,8558c0b2,\Gallery 57\09 - Janira (4)\,{Shemale Yum Dvd03~G57~09-4~09 - Janira (4)}
janira22022.jpg,140978,fb871406,\Gallery 57\09 - Janira (4)\,{Shemale Yum Dvd03~G57~09-4~09 - Janira (4)}
janira22023.jpg,180795,d9179e21,\Gallery 57\09 - Janira (4)\,{Shemale Yum Dvd03~G57~09-4~09 - Janira (4)}
janira22024.jpg,141089,722713b7,\Gallery 57\09 - Janira (4)\,{Shemale Yum Dvd03~G57~09-4~09 - Janira (4)}
janira22025.jpg,136063,bd5a0421,\Gallery 57\09 - Janira (4)\,{Shemale Yum Dvd03~G57~09-4~09 - Janira (4)}
janira22026.jpg,131218,0df34bbc,\Gallery 57\09 - Janira (4)\,{Shemale Yum Dvd03~G57~09-4~09 - Janira (4)}
janira22027.jpg,123154,13d7398d,\Gallery 57\09 - Janira (4)\,{Shemale Yum Dvd03~G57~09-4~09 - Janira (4)}
janira22028.jpg,148035,1ecfcaba,\Gallery 57\09 - Janira (4)\,{Shemale Yum Dvd03~G57~09-4~09 - Janira (4)}
janira22029.jpg,130373,b9a2d70e,\Gallery 57\09 - Janira (4)\,{Shemale Yum Dvd03~G57~09-4~09 - Janira (4)}
janira22030.jpg,184335,6a726004,\Gallery 57\09 - Janira (4)\,{Shemale Yum Dvd03~G57~09-4~09 - Janira (4)}
janira22031.jpg,102246,803d0c26,\Gallery 57\09 - Janira (4)\,{Shemale Yum Dvd03~G57~09-4~09 - Janira (4)}
janira22032.jpg,96164,9071cb22,\Gallery 57\09 - Janira (4)\,{Shemale Yum Dvd03~G57~09-4~09 - Janira (4)}
janira22033.jpg,103401,26966f4e,\Gallery 57\09 - Janira (4)\,{Shemale Yum Dvd03~G57~09-4~09 - Janira (4)}
janira22034.jpg,106905,b98d521e,\Gallery 57\09 - Janira (4)\,{Shemale Yum Dvd03~G57~09-4~09 - Janira (4)}
janira22035.jpg,159814,dab826f3,\Gallery 57\09 - Janira (4)\,{Shemale Yum Dvd03~G57~09-4~09 - Janira (4)}
janira22036.jpg,166080,c328994f,\Gallery 57\09 - Janira (4)\,{Shemale Yum Dvd03~G57~09-4~09 - Janira (4)}
janira22037.jpg,164577,1429d64e,\Gallery 57\09 - Janira (4)\,{Shemale Yum Dvd03~G57~09-4~09 - Janira (4)}
janira22038.jpg,165238,1be59300,\Gallery 57\09 - Janira (4)\,{Shemale Yum Dvd03~G57~09-4~09 - Janira (4)}
janira22039.jpg,113785,3a7eddc0,\Gallery 57\09 - Janira (4)\,{Shemale Yum Dvd03~G57~09-4~09 - Janira (4)}
janira22040.jpg,133221,30118ef0,\Gallery 57\09 - Janira (4)\,{Shemale Yum Dvd03~G57~09-4~09 - Janira (4)}
janira22041.jpg,124341,fe4a3527,\Gallery 57\09 - Janira (4)\,{Shemale Yum Dvd03~G57~09-4~09 - Janira (4)}
janira22042.jpg,107268,286ab5da,\Gallery 57\09 - Janira (4)\,{Shemale Yum Dvd03~G57~09-4~09 - Janira (4)}
janira22043.jpg,120381,606c6d02,\Gallery 57\09 - Janira (4)\,{Shemale Yum Dvd03~G57~09-4~09 - Janira (4)}
janira22044.jpg,119533,efc3ce5a,\Gallery 57\09 - Janira (4)\,{Shemale Yum Dvd03~G57~09-4~09 - Janira (4)}
janira22045.jpg,111041,11fb36b0,\Gallery 57\09 - Janira (4)\,{Shemale Yum Dvd03~G57~09-4~09 - Janira (4)}
janira22046.jpg,109644,179124a6,\Gallery 57\09 - Janira (4)\,{Shemale Yum Dvd03~G57~09-4~09 - Janira (4)}
janira22047.jpg,99833,ae1b6629,\Gallery 57\09 - Janira (4)\,{Shemale Yum Dvd03~G57~09-4~09 - Janira (4)}
janira22048.jpg,114955,4431183d,\Gallery 57\09 - Janira (4)\,{Shemale Yum Dvd03~G57~09-4~09 - Janira (4)}
janira22049.jpg,150663,9f55b755,\Gallery 57\09 - Janira (4)\,{Shemale Yum Dvd03~G57~09-4~09 - Janira (4)}
janira22050.jpg,165775,70efdc31,\Gallery 57\09 - Janira (4)\,{Shemale Yum Dvd03~G57~09-4~09 - Janira (4)}
janira22051.jpg,138170,e3d51d70,\Gallery 57\09 - Janira (4)\,{Shemale Yum Dvd03~G57~09-4~09 - Janira (4)}
janira22053.jpg,177005,5c233534,\Gallery 57\09 - Janira (4)\,{Shemale Yum Dvd03~G57~09-4~09 - Janira (4)}
janira22054.jpg,155330,aa53addd,\Gallery 57\09 - Janira (4)\,{Shemale Yum Dvd03~G57~09-4~09 - Janira (4)}
janira22055.jpg,156375,d7044a50,\Gallery 57\09 - Janira (4)\,{Shemale Yum Dvd03~G57~09-4~09 - Janira (4)}
janira22056.jpg,146401,9adcab96,\Gallery 57\09 - Janira (4)\,{Shemale Yum Dvd03~G57~09-4~09 - Janira (4)}
janira22057.jpg,160540,79eb9e2c,\Gallery 57\09 - Janira (4)\,{Shemale Yum Dvd03~G57~09-4~09 - Janira (4)}
janira22058.jpg,170533,6638641a,\Gallery 57\09 - Janira (4)\,{Shemale Yum Dvd03~G57~09-4~09 - Janira (4)}
janira22059.jpg,158262,de22f17b,\Gallery 57\09 - Janira (4)\,{Shemale Yum Dvd03~G57~09-4~09 - Janira (4)}
janira22060.jpg,159550,f05f9e45,\Gallery 57\09 - Janira (4)\,{Shemale Yum Dvd03~G57~09-4~09 - Janira (4)}
janira22061.jpg,158780,792f729e,\Gallery 57\09 - Janira (4)\,{Shemale Yum Dvd03~G57~09-4~09 - Janira (4)}
janira22062.jpg,109634,2ebbc206,\Gallery 57\09 - Janira (4)\,{Shemale Yum Dvd03~G57~09-4~09 - Janira (4)}
janira22063.jpg,163472,68a6a5c5,\Gallery 57\09 - Janira (4)\,{Shemale Yum Dvd03~G57~09-4~09 - Janira (4)}
janira22065.jpg,153566,7addae3c,\Gallery 57\09 - Janira (4)\,{Shemale Yum Dvd03~G57~09-4~09 - Janira (4)}
janira22066.jpg,114482,35ad54c6,\Gallery 57\09 - Janira (4)\,{Shemale Yum Dvd03~G57~09-4~09 - Janira (4)}
janira22067.jpg,120707,a8e9606b,\Gallery 57\09 - Janira (4)\,{Shemale Yum Dvd03~G57~09-4~09 - Janira (4)}
janira22068.jpg,161846,98fed4a7,\Gallery 57\09 - Janira (4)\,{Shemale Yum Dvd03~G57~09-4~09 - Janira (4)}
janira22069.jpg,103246,78793b48,\Gallery 57\09 - Janira (4)\,{Shemale Yum Dvd03~G57~09-4~09 - Janira (4)}
janira22070.jpg,150881,6493ef16,\Gallery 57\09 - Janira (4)\,{Shemale Yum Dvd03~G57~09-4~09 - Janira (4)}
janira22071.jpg,137958,df097940,\Gallery 57\09 - Janira (4)\,{Shemale Yum Dvd03~G57~09-4~09 - Janira (4)}
janira22072.jpg,142768,662b68fe,\Gallery 57\09 - Janira (4)\,{Shemale Yum Dvd03~G57~09-4~09 - Janira (4)}
janira22075.jpg,134966,8c94939f,\Gallery 57\09 - Janira (4)\,{Shemale Yum Dvd03~G57~09-4~09 - Janira (4)}
janira22076.jpg,118691,933df3f3,\Gallery 57\09 - Janira (4)\,{Shemale Yum Dvd03~G57~09-4~09 - Janira (4)}
janira22077.jpg,108894,4ad01466,\Gallery 57\09 - Janira (4)\,{Shemale Yum Dvd03~G57~09-4~09 - Janira (4)}
janira22078.jpg,120813,fbe71e07,\Gallery 57\09 - Janira (4)\,{Shemale Yum Dvd03~G57~09-4~09 - Janira (4)}
janira22079.jpg,141439,ac9e75a4,\Gallery 57\09 - Janira (4)\,{Shemale Yum Dvd03~G57~09-4~09 - Janira (4)}
janira22080.jpg,149305,e64cb024,\Gallery 57\09 - Janira (4)\,{Shemale Yum Dvd03~G57~09-4~09 - Janira (4)}
janira22081.jpg,158442,2626a06a,\Gallery 57\09 - Janira (4)\,{Shemale Yum Dvd03~G57~09-4~09 - Janira (4)}
janira22082.jpg,161258,d0c31518,\Gallery 57\09 - Janira (4)\,{Shemale Yum Dvd03~G57~09-4~09 - Janira (4)}
janira22083.jpg,164948,5b9c1e74,\Gallery 57\09 - Janira (4)\,{Shemale Yum Dvd03~G57~09-4~09 - Janira (4)}
janira22084.jpg,150954,888c25d5,\Gallery 57\09 - Janira (4)\,{Shemale Yum Dvd03~G57~09-4~09 - Janira (4)}
janira22085.jpg,113779,81a574d2,\Gallery 57\09 - Janira (4)\,{Shemale Yum Dvd03~G57~09-4~09 - Janira (4)}
janira22087.jpg,114150,d73ae53b,\Gallery 57\09 - Janira (4)\,{Shemale Yum Dvd03~G57~09-4~09 - Janira (4)}
janira22088.jpg,154536,1c2719aa,\Gallery 57\09 - Janira (4)\,{Shemale Yum Dvd03~G57~09-4~09 - Janira (4)}
janira22089.jpg,146331,055d0a99,\Gallery 57\09 - Janira (4)\,{Shemale Yum Dvd03~G57~09-4~09 - Janira (4)}
janira22090.jpg,133976,5c6b4b90,\Gallery 57\09 - Janira (4)\,{Shemale Yum Dvd03~G57~09-4~09 - Janira (4)}
janira22091.jpg,126103,09a97266,\Gallery 57\09 - Janira (4)\,{Shemale Yum Dvd03~G57~09-4~09 - Janira (4)}
janira22092.jpg,144508,089a9ece,\Gallery 57\09 - Janira (4)\,{Shemale Yum Dvd03~G57~09-4~09 - Janira (4)}
janira22093.jpg,151189,d8bdf1d9,\Gallery 57\09 - Janira (4)\,{Shemale Yum Dvd03~G57~09-4~09 - Janira (4)}
janira22094.jpg,149672,b48edba9,\Gallery 57\09 - Janira (4)\,{Shemale Yum Dvd03~G57~09-4~09 - Janira (4)}
janira22095.jpg,159106,9d3f9f7b,\Gallery 57\09 - Janira (4)\,{Shemale Yum Dvd03~G57~09-4~09 - Janira (4)}
janira22096.jpg,163386,da61fb1e,\Gallery 57\09 - Janira (4)\,{Shemale Yum Dvd03~G57~09-4~09 - Janira (4)}
janira22098.jpg,130612,ceb499c3,\Gallery 57\09 - Janira (4)\,{Shemale Yum Dvd03~G57~09-4~09 - Janira (4)}
janira22099.jpg,131942,4184ab88,\Gallery 57\09 - Janira (4)\,{Shemale Yum Dvd03~G57~09-4~09 - Janira (4)}
janira22100.jpg,141458,7dee7348,\Gallery 57\09 - Janira (4)\,{Shemale Yum Dvd03~G57~09-4~09 - Janira (4)}
janira22101.jpg,146191,b82d8fa0,\Gallery 57\09 - Janira (4)\,{Shemale Yum Dvd03~G57~09-4~09 - Janira (4)}
janira22102.jpg,135827,2a3b8190,\Gallery 57\09 - Janira (4)\,{Shemale Yum Dvd03~G57~09-4~09 - Janira (4)}
janira22103.jpg,157187,73da0891,\Gallery 57\09 - Janira (4)\,{Shemale Yum Dvd03~G57~09-4~09 - Janira (4)}
janira22104.jpg,151029,5f294231,\Gallery 57\09 - Janira (4)\,{Shemale Yum Dvd03~G57~09-4~09 - Janira (4)}
janira22105.jpg,150627,470d153e,\Gallery 57\09 - Janira (4)\,{Shemale Yum Dvd03~G57~09-4~09 - Janira (4)}
janira22106.jpg,167228,cf350ecc,\Gallery 57\09 - Janira (4)\,{Shemale Yum Dvd03~G57~09-4~09 - Janira (4)}
janira22107.jpg,145481,85aacf84,\Gallery 57\09 - Janira (4)\,{Shemale Yum Dvd03~G57~09-4~09 - Janira (4)}
janira22108.jpg,149355,edd230e3,\Gallery 57\09 - Janira (4)\,{Shemale Yum Dvd03~G57~09-4~09 - Janira (4)}
janira22109.jpg,138472,4d5779d6,\Gallery 57\09 - Janira (4)\,{Shemale Yum Dvd03~G57~09-4~09 - Janira (4)}
janira22110.jpg,150301,0fa8592d,\Gallery 57\09 - Janira (4)\,{Shemale Yum Dvd03~G57~09-4~09 - Janira (4)}
janira22111.jpg,169892,2e58e1dc,\Gallery 57\09 - Janira (4)\,{Shemale Yum Dvd03~G57~09-4~09 - Janira (4)}
janira22112.jpg,160195,cfe7c691,\Gallery 57\09 - Janira (4)\,{Shemale Yum Dvd03~G57~09-4~09 - Janira (4)}
janira22113.jpg,110331,48a486b0,\Gallery 57\09 - Janira (4)\,{Shemale Yum Dvd03~G57~09-4~09 - Janira (4)}
janira22114.jpg,164414,a17b7635,\Gallery 57\09 - Janira (4)\,{Shemale Yum Dvd03~G57~09-4~09 - Janira (4)}
janira22115.jpg,142833,d01e31cb,\Gallery 57\09 - Janira (4)\,{Shemale Yum Dvd03~G57~09-4~09 - Janira (4)}
janira22116.jpg,155632,5abbb93c,\Gallery 57\09 - Janira (4)\,{Shemale Yum Dvd03~G57~09-4~09 - Janira (4)}
janira22118.jpg,153872,a849a4b0,\Gallery 57\09 - Janira (4)\,{Shemale Yum Dvd03~G57~09-4~09 - Janira (4)}
janira22119.jpg,116915,7967317e,\Gallery 57\09 - Janira (4)\,{Shemale Yum Dvd03~G57~09-4~09 - Janira (4)}
janira22120.jpg,156807,647407c1,\Gallery 57\09 - Janira (4)\,{Shemale Yum Dvd03~G57~09-4~09 - Janira (4)}
janira22121.jpg,111059,5f709afc,\Gallery 57\09 - Janira (4)\,{Shemale Yum Dvd03~G57~09-4~09 - Janira (4)}
janira22122.jpg,130398,c3242822,\Gallery 57\09 - Janira (4)\,{Shemale Yum Dvd03~G57~09-4~09 - Janira (4)}
janira22123.jpg,109565,69b03e22,\Gallery 57\09 - Janira (4)\,{Shemale Yum Dvd03~G57~09-4~09 - Janira (4)}
janira22124.jpg,150660,1c152f3b,\Gallery 57\09 - Janira (4)\,{Shemale Yum Dvd03~G57~09-4~09 - Janira (4)}
lyla1001.jpg,108701,4e267d1f,\Gallery 57\10 - Lyla\,{Shemale Yum Dvd03~G57~10~10 - Lyla}
lyla1002.jpg,136271,e7e12428,\Gallery 57\10 - Lyla\,{Shemale Yum Dvd03~G57~10~10 - Lyla}
lyla1003.jpg,142510,d30ead45,\Gallery 57\10 - Lyla\,{Shemale Yum Dvd03~G57~10~10 - Lyla}
lyla1004.jpg,131044,9fef1eb8,\Gallery 57\10 - Lyla\,{Shemale Yum Dvd03~G57~10~10 - Lyla}
lyla1005.jpg,164555,40eec0f1,\Gallery 57\10 - Lyla\,{Shemale Yum Dvd03~G57~10~10 - Lyla}
lyla1006.jpg,137535,5ebb1bb6,\Gallery 57\10 - Lyla\,{Shemale Yum Dvd03~G57~10~10 - Lyla}
lyla1007.jpg,134118,cb9bf946,\Gallery 57\10 - Lyla\,{Shemale Yum Dvd03~G57~10~10 - Lyla}
lyla1008.jpg,141530,e5d83616,\Gallery 57\10 - Lyla\,{Shemale Yum Dvd03~G57~10~10 - Lyla}
lyla1009.jpg,145893,a0038624,\Gallery 57\10 - Lyla\,{Shemale Yum Dvd03~G57~10~10 - Lyla}
lyla1010.jpg,145358,9cd15ddf,\Gallery 57\10 - Lyla\,{Shemale Yum Dvd03~G57~10~10 - Lyla}
lyla1011.jpg,141534,2246349e,\Gallery 57\10 - Lyla\,{Shemale Yum Dvd03~G57~10~10 - Lyla}
lyla1012.jpg,135008,5c5b1bbe,\Gallery 57\10 - Lyla\,{Shemale Yum Dvd03~G57~10~10 - Lyla}
lyla1013.jpg,124217,ec717702,\Gallery 57\10 - Lyla\,{Shemale Yum Dvd03~G57~10~10 - Lyla}
lyla1014.jpg,169262,cb7be853,\Gallery 57\10 - Lyla\,{Shemale Yum Dvd03~G57~10~10 - Lyla}
lyla1015.jpg,147539,e21e4dce,\Gallery 57\10 - Lyla\,{Shemale Yum Dvd03~G57~10~10 - Lyla}
lyla1016.jpg,134550,62111462,\Gallery 57\10 - Lyla\,{Shemale Yum Dvd03~G57~10~10 - Lyla}
lyla1017.jpg,135102,8ea8121f,\Gallery 57\10 - Lyla\,{Shemale Yum Dvd03~G57~10~10 - Lyla}
lyla1018.jpg,131885,7d2170d2,\Gallery 57\10 - Lyla\,{Shemale Yum Dvd03~G57~10~10 - Lyla}
lyla1019.jpg,137927,e589c07f,\Gallery 57\10 - Lyla\,{Shemale Yum Dvd03~G57~10~10 - Lyla}
lyla1020.jpg,148524,7ec072eb,\Gallery 57\10 - Lyla\,{Shemale Yum Dvd03~G57~10~10 - Lyla}
lyla1021.jpg,133695,1f0065f9,\Gallery 57\10 - Lyla\,{Shemale Yum Dvd03~G57~10~10 - Lyla}
lyla1022.jpg,136105,29bdbef3,\Gallery 57\10 - Lyla\,{Shemale Yum Dvd03~G57~10~10 - Lyla}
lyla1023.jpg,176059,a8dd9c87,\Gallery 57\10 - Lyla\,{Shemale Yum Dvd03~G57~10~10 - Lyla}
lyla1024.jpg,157398,8c247814,\Gallery 57\10 - Lyla\,{Shemale Yum Dvd03~G57~10~10 - Lyla}
lyla1025.jpg,132339,0f996341,\Gallery 57\10 - Lyla\,{Shemale Yum Dvd03~G57~10~10 - Lyla}
lyla1026.jpg,139637,1512dbc2,\Gallery 57\10 - Lyla\,{Shemale Yum Dvd03~G57~10~10 - Lyla}
lyla1027.jpg,131611,8258bcf1,\Gallery 57\10 - Lyla\,{Shemale Yum Dvd03~G57~10~10 - Lyla}
lyla1028.jpg,165558,2e168723,\Gallery 57\10 - Lyla\,{Shemale Yum Dvd03~G57~10~10 - Lyla}
lyla1030.jpg,151661,10318252,\Gallery 57\10 - Lyla\,{Shemale Yum Dvd03~G57~10~10 - Lyla}
lyla1031.jpg,164904,43d5806f,\Gallery 57\10 - Lyla\,{Shemale Yum Dvd03~G57~10~10 - Lyla}
lyla1032.jpg,141770,c3d83646,\Gallery 57\10 - Lyla\,{Shemale Yum Dvd03~G57~10~10 - Lyla}
lyla1033.jpg,135386,4a3677de,\Gallery 57\10 - Lyla\,{Shemale Yum Dvd03~G57~10~10 - Lyla}
lyla1034.jpg,136779,8a555668,\Gallery 57\10 - Lyla\,{Shemale Yum Dvd03~G57~10~10 - Lyla}
lyla1035.jpg,153729,879f755d,\Gallery 57\10 - Lyla\,{Shemale Yum Dvd03~G57~10~10 - Lyla}
lyla1036.jpg,131691,14aba632,\Gallery 57\10 - Lyla\,{Shemale Yum Dvd03~G57~10~10 - Lyla}
lyla1037.jpg,123456,d21a4d71,\Gallery 57\10 - Lyla\,{Shemale Yum Dvd03~G57~10~10 - Lyla}
lyla1038.jpg,135311,2ff1b40d,\Gallery 57\10 - Lyla\,{Shemale Yum Dvd03~G57~10~10 - Lyla}
lyla1039.jpg,137966,42970e21,\Gallery 57\10 - Lyla\,{Shemale Yum Dvd03~G57~10~10 - Lyla}
lyla1040.jpg,130140,5740195a,\Gallery 57\10 - Lyla\,{Shemale Yum Dvd03~G57~10~10 - Lyla}
lyla1041.jpg,156598,d021ba2f,\Gallery 57\10 - Lyla\,{Shemale Yum Dvd03~G57~10~10 - Lyla}
lyla1042.jpg,137380,4a90f67e,\Gallery 57\10 - Lyla\,{Shemale Yum Dvd03~G57~10~10 - Lyla}
lyla1043.jpg,171206,540f7d3f,\Gallery 57\10 - Lyla\,{Shemale Yum Dvd03~G57~10~10 - Lyla}
lyla1044.jpg,135691,70f750cb,\Gallery 57\10 - Lyla\,{Shemale Yum Dvd03~G57~10~10 - Lyla}
lyla1045.jpg,144792,5e10e54d,\Gallery 57\10 - Lyla\,{Shemale Yum Dvd03~G57~10~10 - Lyla}
lyla1046.jpg,120343,20bbab9f,\Gallery 57\10 - Lyla\,{Shemale Yum Dvd03~G57~10~10 - Lyla}
lyla1047.jpg,151666,70c5c9a7,\Gallery 57\10 - Lyla\,{Shemale Yum Dvd03~G57~10~10 - Lyla}
lyla1048.jpg,130247,919237ad,\Gallery 57\10 - Lyla\,{Shemale Yum Dvd03~G57~10~10 - Lyla}
lyla1049.jpg,163178,3d41f2e5,\Gallery 57\10 - Lyla\,{Shemale Yum Dvd03~G57~10~10 - Lyla}
lyla1050.jpg,132872,5576142b,\Gallery 57\10 - Lyla\,{Shemale Yum Dvd03~G57~10~10 - Lyla}
lyla1051.jpg,155937,6ed186b8,\Gallery 57\10 - Lyla\,{Shemale Yum Dvd03~G57~10~10 - Lyla}
lyla1052.jpg,127879,7a0dbae2,\Gallery 57\10 - Lyla\,{Shemale Yum Dvd03~G57~10~10 - Lyla}
lyla1053.jpg,139648,bc788a79,\Gallery 57\10 - Lyla\,{Shemale Yum Dvd03~G57~10~10 - Lyla}
lyla1054.jpg,140949,e1bb2c02,\Gallery 57\10 - Lyla\,{Shemale Yum Dvd03~G57~10~10 - Lyla}
lyla1055.jpg,133613,a3b044d0,\Gallery 57\10 - Lyla\,{Shemale Yum Dvd03~G57~10~10 - Lyla}
lyla1056.jpg,133847,65ad72c3,\Gallery 57\10 - Lyla\,{Shemale Yum Dvd03~G57~10~10 - Lyla}
lyla1057.jpg,142851,83ec27f6,\Gallery 57\10 - Lyla\,{Shemale Yum Dvd03~G57~10~10 - Lyla}
lyla1058.jpg,108720,e1e2e8b5,\Gallery 57\10 - Lyla\,{Shemale Yum Dvd03~G57~10~10 - Lyla}
lyla1059.jpg,146005,5de1a0ea,\Gallery 57\10 - Lyla\,{Shemale Yum Dvd03~G57~10~10 - Lyla}
lyla1060.jpg,164617,2dbdecae,\Gallery 57\10 - Lyla\,{Shemale Yum Dvd03~G57~10~10 - Lyla}
lyla1061.jpg,175291,0c6d2d2b,\Gallery 57\10 - Lyla\,{Shemale Yum Dvd03~G57~10~10 - Lyla}
lyla1062.jpg,148809,8091bc97,\Gallery 57\10 - Lyla\,{Shemale Yum Dvd03~G57~10~10 - Lyla}
lyla1063.jpg,149349,7259998d,\Gallery 57\10 - Lyla\,{Shemale Yum Dvd03~G57~10~10 - Lyla}
lyla1064.jpg,127546,365dd7ac,\Gallery 57\10 - Lyla\,{Shemale Yum Dvd03~G57~10~10 - Lyla}
lyla1065.jpg,127747,26b5f10a,\Gallery 57\10 - Lyla\,{Shemale Yum Dvd03~G57~10~10 - Lyla}
lyla1066.jpg,126271,f86aacc0,\Gallery 57\10 - Lyla\,{Shemale Yum Dvd03~G57~10~10 - Lyla}
lyla1067.jpg,110584,e616abb0,\Gallery 57\10 - Lyla\,{Shemale Yum Dvd03~G57~10~10 - Lyla}
lyla1068.jpg,147535,6f5dbf9e,\Gallery 57\10 - Lyla\,{Shemale Yum Dvd03~G57~10~10 - Lyla}
lyla1069.jpg,131965,13579ab5,\Gallery 57\10 - Lyla\,{Shemale Yum Dvd03~G57~10~10 - Lyla}
lyla1070.jpg,143027,ac68bae2,\Gallery 57\10 - Lyla\,{Shemale Yum Dvd03~G57~10~10 - Lyla}
lyla1071.jpg,146560,bab92d79,\Gallery 57\10 - Lyla\,{Shemale Yum Dvd03~G57~10~10 - Lyla}
lyla1072.jpg,136747,a8e9c271,\Gallery 57\10 - Lyla\,{Shemale Yum Dvd03~G57~10~10 - Lyla}
lyla1073.jpg,149158,0560ec5d,\Gallery 57\10 - Lyla\,{Shemale Yum Dvd03~G57~10~10 - Lyla}
lyla1074.jpg,164343,88107649,\Gallery 57\10 - Lyla\,{Shemale Yum Dvd03~G57~10~10 - Lyla}
lyla1075.jpg,169251,553295e6,\Gallery 57\10 - Lyla\,{Shemale Yum Dvd03~G57~10~10 - Lyla}
lyla1076.jpg,142407,4f085daf,\Gallery 57\10 - Lyla\,{Shemale Yum Dvd03~G57~10~10 - Lyla}
lyla1077.jpg,129882,9cf2b120,\Gallery 57\10 - Lyla\,{Shemale Yum Dvd03~G57~10~10 - Lyla}
lyla1078.jpg,143446,6896ceee,\Gallery 57\10 - Lyla\,{Shemale Yum Dvd03~G57~10~10 - Lyla}
lyla1079.jpg,144414,26294a12,\Gallery 57\10 - Lyla\,{Shemale Yum Dvd03~G57~10~10 - Lyla}
lyla1080.jpg,138102,12fc9b3f,\Gallery 57\10 - Lyla\,{Shemale Yum Dvd03~G57~10~10 - Lyla}
lyla1081.jpg,137191,0c5e3359,\Gallery 57\10 - Lyla\,{Shemale Yum Dvd03~G57~10~10 - Lyla}
lyla1082.jpg,155953,bfcac6c4,\Gallery 57\10 - Lyla\,{Shemale Yum Dvd03~G57~10~10 - Lyla}
lyla1083.jpg,157627,6f0ddc45,\Gallery 57\10 - Lyla\,{Shemale Yum Dvd03~G57~10~10 - Lyla}
lyla1084.jpg,191175,b5060b11,\Gallery 57\10 - Lyla\,{Shemale Yum Dvd03~G57~10~10 - Lyla}
lyla1085.jpg,123363,02557fa5,\Gallery 57\10 - Lyla\,{Shemale Yum Dvd03~G57~10~10 - Lyla}
lyla1086.jpg,141020,78fe07b8,\Gallery 57\10 - Lyla\,{Shemale Yum Dvd03~G57~10~10 - Lyla}
lyla1087.jpg,139157,a4f4bcb9,\Gallery 57\10 - Lyla\,{Shemale Yum Dvd03~G57~10~10 - Lyla}
lyla1088.jpg,159673,ac753245,\Gallery 57\10 - Lyla\,{Shemale Yum Dvd03~G57~10~10 - Lyla}
lyla1089.jpg,159188,a85067d7,\Gallery 57\10 - Lyla\,{Shemale Yum Dvd03~G57~10~10 - Lyla}
lyla1090.jpg,166407,56b97b60,\Gallery 57\10 - Lyla\,{Shemale Yum Dvd03~G57~10~10 - Lyla}
lyla1091.jpg,146526,cfb40178,\Gallery 57\10 - Lyla\,{Shemale Yum Dvd03~G57~10~10 - Lyla}
lyla1092.jpg,145911,c90ac784,\Gallery 57\10 - Lyla\,{Shemale Yum Dvd03~G57~10~10 - Lyla}
lyla1093.jpg,153031,3bf9617b,\Gallery 57\10 - Lyla\,{Shemale Yum Dvd03~G57~10~10 - Lyla}
lyla1094.jpg,157004,58b0456a,\Gallery 57\10 - Lyla\,{Shemale Yum Dvd03~G57~10~10 - Lyla}
lyla1095.jpg,151592,05e3ed8d,\Gallery 57\10 - Lyla\,{Shemale Yum Dvd03~G57~10~10 - Lyla}
lyla1096.jpg,140466,ede761ae,\Gallery 57\10 - Lyla\,{Shemale Yum Dvd03~G57~10~10 - Lyla}
lyla1097.jpg,121914,e6deffb2,\Gallery 57\10 - Lyla\,{Shemale Yum Dvd03~G57~10~10 - Lyla}
lyla1098.jpg,129303,8caaab80,\Gallery 57\10 - Lyla\,{Shemale Yum Dvd03~G57~10~10 - Lyla}
lyla1099.jpg,144743,bd816e0c,\Gallery 57\10 - Lyla\,{Shemale Yum Dvd03~G57~10~10 - Lyla}
lyla1100.jpg,136340,dff99ff0,\Gallery 57\10 - Lyla\,{Shemale Yum Dvd03~G57~10~10 - Lyla}
lyla1101.jpg,133340,2d93e460,\Gallery 57\10 - Lyla\,{Shemale Yum Dvd03~G57~10~10 - Lyla}
lyla1102.jpg,130602,5fd161db,\Gallery 57\10 - Lyla\,{Shemale Yum Dvd03~G57~10~10 - Lyla}
lyla1103.jpg,126135,a821efe3,\Gallery 57\10 - Lyla\,{Shemale Yum Dvd03~G57~10~10 - Lyla}
lyla1104.jpg,111634,f34b6cdd,\Gallery 57\10 - Lyla\,{Shemale Yum Dvd03~G57~10~10 - Lyla}
lyla1105.jpg,144449,7e49aa62,\Gallery 57\10 - Lyla\,{Shemale Yum Dvd03~G57~10~10 - Lyla}
lyla1106.jpg,175776,d9ce0fb6,\Gallery 57\10 - Lyla\,{Shemale Yum Dvd03~G57~10~10 - Lyla}
lyla1107.jpg,186611,511487e4,\Gallery 57\10 - Lyla\,{Shemale Yum Dvd03~G57~10~10 - Lyla}
lyla1108.jpg,137853,b0e47f17,\Gallery 57\10 - Lyla\,{Shemale Yum Dvd03~G57~10~10 - Lyla}
lyla1109.jpg,175770,33a12784,\Gallery 57\10 - Lyla\,{Shemale Yum Dvd03~G57~10~10 - Lyla}
lyla1110.jpg,190110,3f98b649,\Gallery 57\10 - Lyla\,{Shemale Yum Dvd03~G57~10~10 - Lyla}
lyla1111.jpg,141939,b6cc2d77,\Gallery 57\10 - Lyla\,{Shemale Yum Dvd03~G57~10~10 - Lyla}
lyla1112.jpg,147188,9ac7401b,\Gallery 57\10 - Lyla\,{Shemale Yum Dvd03~G57~10~10 - Lyla}
lyla1113.jpg,186579,b0637243,\Gallery 57\10 - Lyla\,{Shemale Yum Dvd03~G57~10~10 - Lyla}
lyla1114.jpg,153425,025d2212,\Gallery 57\10 - Lyla\,{Shemale Yum Dvd03~G57~10~10 - Lyla}
lyla1115.jpg,132913,4bc53ace,\Gallery 57\10 - Lyla\,{Shemale Yum Dvd03~G57~10~10 - Lyla}
lyla1116.jpg,134218,1c74f407,\Gallery 57\10 - Lyla\,{Shemale Yum Dvd03~G57~10~10 - Lyla}
lyla1117.jpg,150777,5c303e22,\Gallery 57\10 - Lyla\,{Shemale Yum Dvd03~G57~10~10 - Lyla}
lyla1118.jpg,129858,1b593113,\Gallery 57\10 - Lyla\,{Shemale Yum Dvd03~G57~10~10 - Lyla}
lyla1119.jpg,133017,2bc2fcfd,\Gallery 57\10 - Lyla\,{Shemale Yum Dvd03~G57~10~10 - Lyla}
lyla1120.jpg,130955,75a33762,\Gallery 57\10 - Lyla\,{Shemale Yum Dvd03~G57~10~10 - Lyla}
lylahc1002.jpg,154177,e9539ca6,\Gallery 57\10 - Lyla (2)\,{Shemale Yum Dvd03~G57~10-2~10 - Lyla (2)}
lylahc1003.jpg,164180,7c5e760b,\Gallery 57\10 - Lyla (2)\,{Shemale Yum Dvd03~G57~10-2~10 - Lyla (2)}
lylahc1004.jpg,160536,f02c090e,\Gallery 57\10 - Lyla (2)\,{Shemale Yum Dvd03~G57~10-2~10 - Lyla (2)}
lylahc1005.jpg,184345,bc15e13c,\Gallery 57\10 - Lyla (2)\,{Shemale Yum Dvd03~G57~10-2~10 - Lyla (2)}
lylahc1006.jpg,134661,fcf8f25d,\Gallery 57\10 - Lyla (2)\,{Shemale Yum Dvd03~G57~10-2~10 - Lyla (2)}
lylahc1007.jpg,164741,ec867926,\Gallery 57\10 - Lyla (2)\,{Shemale Yum Dvd03~G57~10-2~10 - Lyla (2)}
lylahc1008.jpg,157714,e8a4199f,\Gallery 57\10 - Lyla (2)\,{Shemale Yum Dvd03~G57~10-2~10 - Lyla (2)}
lylahc1009.jpg,166751,0de93013,\Gallery 57\10 - Lyla (2)\,{Shemale Yum Dvd03~G57~10-2~10 - Lyla (2)}
lylahc1010.jpg,156584,9d896332,\Gallery 57\10 - Lyla (2)\,{Shemale Yum Dvd03~G57~10-2~10 - Lyla (2)}
lylahc1011.jpg,155152,75328b67,\Gallery 57\10 - Lyla (2)\,{Shemale Yum Dvd03~G57~10-2~10 - Lyla (2)}
lylahc1012.jpg,160151,98dbe3d3,\Gallery 57\10 - Lyla (2)\,{Shemale Yum Dvd03~G57~10-2~10 - Lyla (2)}
lylahc1013.jpg,162554,32779f75,\Gallery 57\10 - Lyla (2)\,{Shemale Yum Dvd03~G57~10-2~10 - Lyla (2)}
lylahc1014.jpg,175257,078a86b4,\Gallery 57\10 - Lyla (2)\,{Shemale Yum Dvd03~G57~10-2~10 - Lyla (2)}
lylahc1015.jpg,141586,77003c64,\Gallery 57\10 - Lyla (2)\,{Shemale Yum Dvd03~G57~10-2~10 - Lyla (2)}
lylahc1016.jpg,147706,a219a74f,\Gallery 57\10 - Lyla (2)\,{Shemale Yum Dvd03~G57~10-2~10 - Lyla (2)}
lylahc1017.jpg,157805,ea2f39a4,\Gallery 57\10 - Lyla (2)\,{Shemale Yum Dvd03~G57~10-2~10 - Lyla (2)}
lylahc1018.jpg,157590,b4e8dda4,\Gallery 57\10 - Lyla (2)\,{Shemale Yum Dvd03~G57~10-2~10 - Lyla (2)}
lylahc1019.jpg,110058,742afde6,\Gallery 57\10 - Lyla (2)\,{Shemale Yum Dvd03~G57~10-2~10 - Lyla (2)}
lylahc1020.jpg,171865,2693db76,\Gallery 57\10 - Lyla (2)\,{Shemale Yum Dvd03~G57~10-2~10 - Lyla (2)}
lylahc1021.jpg,161604,2a723bf2,\Gallery 57\10 - Lyla (2)\,{Shemale Yum Dvd03~G57~10-2~10 - Lyla (2)}
lylahc1022.jpg,158033,b4fb8d08,\Gallery 57\10 - Lyla (2)\,{Shemale Yum Dvd03~G57~10-2~10 - Lyla (2)}
lylahc1023.jpg,162744,31c56f88,\Gallery 57\10 - Lyla (2)\,{Shemale Yum Dvd03~G57~10-2~10 - Lyla (2)}
lylahc1024.jpg,157502,1ad8d1fd,\Gallery 57\10 - Lyla (2)\,{Shemale Yum Dvd03~G57~10-2~10 - Lyla (2)}
lylahc1025.jpg,156999,06cb75d6,\Gallery 57\10 - Lyla (2)\,{Shemale Yum Dvd03~G57~10-2~10 - Lyla (2)}
lylahc1026.jpg,155958,59a1a77e,\Gallery 57\10 - Lyla (2)\,{Shemale Yum Dvd03~G57~10-2~10 - Lyla (2)}
lylahc1027.jpg,159822,834ce9f3,\Gallery 57\10 - Lyla (2)\,{Shemale Yum Dvd03~G57~10-2~10 - Lyla (2)}
lylahc1028.jpg,161751,589cc0b2,\Gallery 57\10 - Lyla (2)\,{Shemale Yum Dvd03~G57~10-2~10 - Lyla (2)}
lylahc1029.jpg,174485,544c7f9a,\Gallery 57\10 - Lyla (2)\,{Shemale Yum Dvd03~G57~10-2~10 - Lyla (2)}
lylahc1030.jpg,167823,c4d1f77c,\Gallery 57\10 - Lyla (2)\,{Shemale Yum Dvd03~G57~10-2~10 - Lyla (2)}
lylahc1031.jpg,170364,216158c0,\Gallery 57\10 - Lyla (2)\,{Shemale Yum Dvd03~G57~10-2~10 - Lyla (2)}
lylahc1032.jpg,175336,66313933,\Gallery 57\10 - Lyla (2)\,{Shemale Yum Dvd03~G57~10-2~10 - Lyla (2)}
lylahc1033.jpg,159158,9a570635,\Gallery 57\10 - Lyla (2)\,{Shemale Yum Dvd03~G57~10-2~10 - Lyla (2)}
lylahc1034.jpg,160470,efab8bd0,\Gallery 57\10 - Lyla (2)\,{Shemale Yum Dvd03~G57~10-2~10 - Lyla (2)}
lylahc1035.jpg,152414,32518bc2,\Gallery 57\10 - Lyla (2)\,{Shemale Yum Dvd03~G57~10-2~10 - Lyla (2)}
lylahc1036.jpg,184148,1cb61be2,\Gallery 57\10 - Lyla (2)\,{Shemale Yum Dvd03~G57~10-2~10 - Lyla (2)}
lylahc1037.jpg,164731,f1737002,\Gallery 57\10 - Lyla (2)\,{Shemale Yum Dvd03~G57~10-2~10 - Lyla (2)}
lylahc1038.jpg,153141,fa64aa42,\Gallery 57\10 - Lyla (2)\,{Shemale Yum Dvd03~G57~10-2~10 - Lyla (2)}
lylahc1039.jpg,158843,7951b4d1,\Gallery 57\10 - Lyla (2)\,{Shemale Yum Dvd03~G57~10-2~10 - Lyla (2)}
lylahc1040.jpg,138268,019f04ff,\Gallery 57\10 - Lyla (2)\,{Shemale Yum Dvd03~G57~10-2~10 - Lyla (2)}
lylahc1041.jpg,153215,42efd788,\Gallery 57\10 - Lyla (2)\,{Shemale Yum Dvd03~G57~10-2~10 - Lyla (2)}
lylahc1042.jpg,172705,326369a9,\Gallery 57\10 - Lyla (2)\,{Shemale Yum Dvd03~G57~10-2~10 - Lyla (2)}
lylahc1043.jpg,150007,632935b3,\Gallery 57\10 - Lyla (2)\,{Shemale Yum Dvd03~G57~10-2~10 - Lyla (2)}
lylahc1044.jpg,150756,c49a1013,\Gallery 57\10 - Lyla (2)\,{Shemale Yum Dvd03~G57~10-2~10 - Lyla (2)}
lylahc1045.jpg,175285,e3ad0496,\Gallery 57\10 - Lyla (2)\,{Shemale Yum Dvd03~G57~10-2~10 - Lyla (2)}
lylahc1046.jpg,161387,ba4c6b45,\Gallery 57\10 - Lyla (2)\,{Shemale Yum Dvd03~G57~10-2~10 - Lyla (2)}
lylahc1047.jpg,156336,3ef9cfbb,\Gallery 57\10 - Lyla (2)\,{Shemale Yum Dvd03~G57~10-2~10 - Lyla (2)}
lylahc1048.jpg,144913,5bcdc9fb,\Gallery 57\10 - Lyla (2)\,{Shemale Yum Dvd03~G57~10-2~10 - Lyla (2)}
lylahc1049.jpg,176400,d7491262,\Gallery 57\10 - Lyla (2)\,{Shemale Yum Dvd03~G57~10-2~10 - Lyla (2)}
lylahc1050.jpg,153098,05de749a,\Gallery 57\10 - Lyla (2)\,{Shemale Yum Dvd03~G57~10-2~10 - Lyla (2)}
lylahc1051.jpg,164487,ce14ca9c,\Gallery 57\10 - Lyla (2)\,{Shemale Yum Dvd03~G57~10-2~10 - Lyla (2)}
lylahc1053.jpg,164392,c6270b8f,\Gallery 57\10 - Lyla (2)\,{Shemale Yum Dvd03~G57~10-2~10 - Lyla (2)}
lylahc1054.jpg,161637,4b594279,\Gallery 57\10 - Lyla (2)\,{Shemale Yum Dvd03~G57~10-2~10 - Lyla (2)}
lylahc1055.jpg,168438,4ec442a7,\Gallery 57\10 - Lyla (2)\,{Shemale Yum Dvd03~G57~10-2~10 - Lyla (2)}
lylahc1056.jpg,171514,8f68c00b,\Gallery 57\10 - Lyla (2)\,{Shemale Yum Dvd03~G57~10-2~10 - Lyla (2)}
lylahc1057.jpg,162543,466afc28,\Gallery 57\10 - Lyla (2)\,{Shemale Yum Dvd03~G57~10-2~10 - Lyla (2)}
lylahc1058.jpg,156471,13fb2611,\Gallery 57\10 - Lyla (2)\,{Shemale Yum Dvd03~G57~10-2~10 - Lyla (2)}
lylahc1059.jpg,150561,343d29cd,\Gallery 57\10 - Lyla (2)\,{Shemale Yum Dvd03~G57~10-2~10 - Lyla (2)}
lylahc1060.jpg,162903,40a9666c,\Gallery 57\10 - Lyla (2)\,{Shemale Yum Dvd03~G57~10-2~10 - Lyla (2)}
lylahc1061.jpg,154564,0dff271f,\Gallery 57\10 - Lyla (2)\,{Shemale Yum Dvd03~G57~10-2~10 - Lyla (2)}
lylahc1062.jpg,158984,928bc684,\Gallery 57\10 - Lyla (2)\,{Shemale Yum Dvd03~G57~10-2~10 - Lyla (2)}
lylahc1063.jpg,160695,80976167,\Gallery 57\10 - Lyla (2)\,{Shemale Yum Dvd03~G57~10-2~10 - Lyla (2)}
lylahc1064.jpg,158572,4f9f37d2,\Gallery 57\10 - Lyla (2)\,{Shemale Yum Dvd03~G57~10-2~10 - Lyla (2)}
lylahc1065.jpg,130439,8e8a4205,\Gallery 57\10 - Lyla (2)\,{Shemale Yum Dvd03~G57~10-2~10 - Lyla (2)}
lylahc1066.jpg,146904,232423f8,\Gallery 57\10 - Lyla (2)\,{Shemale Yum Dvd03~G57~10-2~10 - Lyla (2)}
lylahc1067.jpg,135615,6f18afe9,\Gallery 57\10 - Lyla (2)\,{Shemale Yum Dvd03~G57~10-2~10 - Lyla (2)}
lylahc1068.jpg,139943,d25390cd,\Gallery 57\10 - Lyla (2)\,{Shemale Yum Dvd03~G57~10-2~10 - Lyla (2)}
lylahc1069.jpg,172970,8dce9ae7,\Gallery 57\10 - Lyla (2)\,{Shemale Yum Dvd03~G57~10-2~10 - Lyla (2)}
lylahc1070.jpg,181348,6ba90f6c,\Gallery 57\10 - Lyla (2)\,{Shemale Yum Dvd03~G57~10-2~10 - Lyla (2)}
lylahc1071.jpg,134203,26183502,\Gallery 57\10 - Lyla (2)\,{Shemale Yum Dvd03~G57~10-2~10 - Lyla (2)}
lylahc1072.jpg,175724,4f6bdcc6,\Gallery 57\10 - Lyla (2)\,{Shemale Yum Dvd03~G57~10-2~10 - Lyla (2)}
lylahc1074.jpg,146735,14929c2f,\Gallery 57\10 - Lyla (2)\,{Shemale Yum Dvd03~G57~10-2~10 - Lyla (2)}
lylahc1076.jpg,137803,84a8d01d,\Gallery 57\10 - Lyla (2)\,{Shemale Yum Dvd03~G57~10-2~10 - Lyla (2)}
lylahc1077.jpg,192228,cc42acff,\Gallery 57\10 - Lyla (2)\,{Shemale Yum Dvd03~G57~10-2~10 - Lyla (2)}
lylahc1078.jpg,190456,ada87256,\Gallery 57\10 - Lyla (2)\,{Shemale Yum Dvd03~G57~10-2~10 - Lyla (2)}
lylahc1079.jpg,144115,c37df1e2,\Gallery 57\10 - Lyla (2)\,{Shemale Yum Dvd03~G57~10-2~10 - Lyla (2)}
lylahc1080.jpg,156359,c1a3feab,\Gallery 57\10 - Lyla (2)\,{Shemale Yum Dvd03~G57~10-2~10 - Lyla (2)}
lylahc1081.jpg,155462,51382647,\Gallery 57\10 - Lyla (2)\,{Shemale Yum Dvd03~G57~10-2~10 - Lyla (2)}
lylahc1082.jpg,145434,d57b5cce,\Gallery 57\10 - Lyla (2)\,{Shemale Yum Dvd03~G57~10-2~10 - Lyla (2)}
lylahc1083.jpg,160383,4bc8fc2b,\Gallery 57\10 - Lyla (2)\,{Shemale Yum Dvd03~G57~10-2~10 - Lyla (2)}
lylahc1084.jpg,149644,afbc3cb4,\Gallery 57\10 - Lyla (2)\,{Shemale Yum Dvd03~G57~10-2~10 - Lyla (2)}
lylahc1085.jpg,166002,6ef53f56,\Gallery 57\10 - Lyla (2)\,{Shemale Yum Dvd03~G57~10-2~10 - Lyla (2)}
lylahc1086.jpg,154742,d33e1a56,\Gallery 57\10 - Lyla (2)\,{Shemale Yum Dvd03~G57~10-2~10 - Lyla (2)}
lylahc1087.jpg,159613,808c183c,\Gallery 57\10 - Lyla (2)\,{Shemale Yum Dvd03~G57~10-2~10 - Lyla (2)}
lylahc1088.jpg,186574,43c396c4,\Gallery 57\10 - Lyla (2)\,{Shemale Yum Dvd03~G57~10-2~10 - Lyla (2)}
lylahc1090.jpg,163509,300736cc,\Gallery 57\10 - Lyla (2)\,{Shemale Yum Dvd03~G57~10-2~10 - Lyla (2)}
lylahc1091.jpg,154211,97d654cc,\Gallery 57\10 - Lyla (2)\,{Shemale Yum Dvd03~G57~10-2~10 - Lyla (2)}
lylahc1092.jpg,166098,2ac76e4d,\Gallery 57\10 - Lyla (2)\,{Shemale Yum Dvd03~G57~10-2~10 - Lyla (2)}
lylahc1093.jpg,180170,7b65da2d,\Gallery 57\10 - Lyla (2)\,{Shemale Yum Dvd03~G57~10-2~10 - Lyla (2)}
lylahc1094.jpg,174664,de86bc5b,\Gallery 57\10 - Lyla (2)\,{Shemale Yum Dvd03~G57~10-2~10 - Lyla (2)}
lylahc1095.jpg,147392,134604d7,\Gallery 57\10 - Lyla (2)\,{Shemale Yum Dvd03~G57~10-2~10 - Lyla (2)}
lylahc1096.jpg,171629,b5ce7b42,\Gallery 57\10 - Lyla (2)\,{Shemale Yum Dvd03~G57~10-2~10 - Lyla (2)}
lylahc1097.jpg,162191,9ec849df,\Gallery 57\10 - Lyla (2)\,{Shemale Yum Dvd03~G57~10-2~10 - Lyla (2)}
lylahc1098.jpg,158691,54ebec74,\Gallery 57\10 - Lyla (2)\,{Shemale Yum Dvd03~G57~10-2~10 - Lyla (2)}
lylahc1099.jpg,157960,602b47a8,\Gallery 57\10 - Lyla (2)\,{Shemale Yum Dvd03~G57~10-2~10 - Lyla (2)}
lylahc1100.jpg,173684,5fa78007,\Gallery 57\10 - Lyla (2)\,{Shemale Yum Dvd03~G57~10-2~10 - Lyla (2)}
lylahc1101.jpg,162509,efd1c1be,\Gallery 57\10 - Lyla (2)\,{Shemale Yum Dvd03~G57~10-2~10 - Lyla (2)}
lylahc1102.jpg,183145,6e8ff0e4,\Gallery 57\10 - Lyla (2)\,{Shemale Yum Dvd03~G57~10-2~10 - Lyla (2)}
lylahc1103.jpg,145444,350abf24,\Gallery 57\10 - Lyla (2)\,{Shemale Yum Dvd03~G57~10-2~10 - Lyla (2)}
lylahc1104.jpg,171636,da75d039,\Gallery 57\10 - Lyla (2)\,{Shemale Yum Dvd03~G57~10-2~10 - Lyla (2)}
lylahc1105.jpg,163523,765116c4,\Gallery 57\10 - Lyla (2)\,{Shemale Yum Dvd03~G57~10-2~10 - Lyla (2)}
lylahc1106.jpg,136743,6860a77d,\Gallery 57\10 - Lyla (2)\,{Shemale Yum Dvd03~G57~10-2~10 - Lyla (2)}
lylahc1107.jpg,149197,9c321d2d,\Gallery 57\10 - Lyla (2)\,{Shemale Yum Dvd03~G57~10-2~10 - Lyla (2)}
lylahc1108.jpg,189876,5a22fb8c,\Gallery 57\10 - Lyla (2)\,{Shemale Yum Dvd03~G57~10-2~10 - Lyla (2)}
lylahc1110.jpg,167776,d14d4293,\Gallery 57\10 - Lyla (2)\,{Shemale Yum Dvd03~G57~10-2~10 - Lyla (2)}
lylahc1111.jpg,165508,c2ecc4d2,\Gallery 57\10 - Lyla (2)\,{Shemale Yum Dvd03~G57~10-2~10 - Lyla (2)}
lylahc1112.jpg,142060,e0fd5165,\Gallery 57\10 - Lyla (2)\,{Shemale Yum Dvd03~G57~10-2~10 - Lyla (2)}
lylahc1113.jpg,191027,fab76a48,\Gallery 57\10 - Lyla (2)\,{Shemale Yum Dvd03~G57~10-2~10 - Lyla (2)}
lylahc1114.jpg,190310,81bad963,\Gallery 57\10 - Lyla (2)\,{Shemale Yum Dvd03~G57~10-2~10 - Lyla (2)}
lylahc1115.jpg,182556,92ff546b,\Gallery 57\10 - Lyla (2)\,{Shemale Yum Dvd03~G57~10-2~10 - Lyla (2)}
lylahc1116.jpg,191089,aaffcf85,\Gallery 57\10 - Lyla (2)\,{Shemale Yum Dvd03~G57~10-2~10 - Lyla (2)}
lylahc1117.jpg,150609,f1da8247,\Gallery 57\10 - Lyla (2)\,{Shemale Yum Dvd03~G57~10-2~10 - Lyla (2)}
lylahc1118.jpg,149744,87c37a04,\Gallery 57\10 - Lyla (2)\,{Shemale Yum Dvd03~G57~10-2~10 - Lyla (2)}
lylahc1120.jpg,164187,535155f5,\Gallery 57\10 - Lyla (2)\,{Shemale Yum Dvd03~G57~10-2~10 - Lyla (2)}
lylahc1121.jpg,152423,f64f8105,\Gallery 57\10 - Lyla (2)\,{Shemale Yum Dvd03~G57~10-2~10 - Lyla (2)}
lylahc1122.jpg,137338,969bb390,\Gallery 57\10 - Lyla (2)\,{Shemale Yum Dvd03~G57~10-2~10 - Lyla (2)}
lylahc1123.jpg,145508,1394c6eb,\Gallery 57\10 - Lyla (2)\,{Shemale Yum Dvd03~G57~10-2~10 - Lyla (2)}
lylahc1124.jpg,164146,2d08bd17,\Gallery 57\10 - Lyla (2)\,{Shemale Yum Dvd03~G57~10-2~10 - Lyla (2)}
lylahc1125.jpg,155949,83af59ef,\Gallery 57\10 - Lyla (2)\,{Shemale Yum Dvd03~G57~10-2~10 - Lyla (2)}
lylahc1129.jpg,178508,b4ef192c,\Gallery 57\10 - Lyla (2)\,{Shemale Yum Dvd03~G57~10-2~10 - Lyla (2)}
lylahc1131.jpg,160027,876ed04b,\Gallery 57\10 - Lyla (2)\,{Shemale Yum Dvd03~G57~10-2~10 - Lyla (2)}
lylahc1132.jpg,159233,12584d73,\Gallery 57\10 - Lyla (2)\,{Shemale Yum Dvd03~G57~10-2~10 - Lyla (2)}
lylahc1133.jpg,149962,0d4d28b3,\Gallery 57\10 - Lyla (2)\,{Shemale Yum Dvd03~G57~10-2~10 - Lyla (2)}
lylahc1134.jpg,166367,91679313,\Gallery 57\10 - Lyla (2)\,{Shemale Yum Dvd03~G57~10-2~10 - Lyla (2)}
lylahc1135.jpg,163117,b075f503,\Gallery 57\10 - Lyla (2)\,{Shemale Yum Dvd03~G57~10-2~10 - Lyla (2)}
lylahc1136.jpg,145286,a8c59080,\Gallery 57\10 - Lyla (2)\,{Shemale Yum Dvd03~G57~10-2~10 - Lyla (2)}
lylahc1137.jpg,168389,5fbfd935,\Gallery 57\10 - Lyla (2)\,{Shemale Yum Dvd03~G57~10-2~10 - Lyla (2)}
lylahc1138.jpg,149938,2312e438,\Gallery 57\10 - Lyla (2)\,{Shemale Yum Dvd03~G57~10-2~10 - Lyla (2)}
lylahc1139.jpg,167658,72563f69,\Gallery 57\10 - Lyla (2)\,{Shemale Yum Dvd03~G57~10-2~10 - Lyla (2)}
lylahc1140.jpg,155876,dd7fd24c,\Gallery 57\10 - Lyla (2)\,{Shemale Yum Dvd03~G57~10-2~10 - Lyla (2)}
lylahc1141.jpg,130883,9df72726,\Gallery 57\10 - Lyla (2)\,{Shemale Yum Dvd03~G57~10-2~10 - Lyla (2)}
lylahc1142.jpg,125762,05964dfa,\Gallery 57\10 - Lyla (2)\,{Shemale Yum Dvd03~G57~10-2~10 - Lyla (2)}
lylahc1144.jpg,138870,70f86742,\Gallery 57\10 - Lyla (2)\,{Shemale Yum Dvd03~G57~10-2~10 - Lyla (2)}
lylahc1145.jpg,169049,0a71a25a,\Gallery 57\10 - Lyla (2)\,{Shemale Yum Dvd03~G57~10-2~10 - Lyla (2)}
lylahc1146.jpg,148603,41b8b015,\Gallery 57\10 - Lyla (2)\,{Shemale Yum Dvd03~G57~10-2~10 - Lyla (2)}
lylahc1147.jpg,178013,26fcef9e,\Gallery 57\10 - Lyla (2)\,{Shemale Yum Dvd03~G57~10-2~10 - Lyla (2)}
lyla2001.jpg,130488,12e2b811,\Gallery 57\10 - Lyla (3)\,{Shemale Yum Dvd03~G57~10-3~10 - Lyla (3)}
lyla2002.jpg,143046,ae35f846,\Gallery 57\10 - Lyla (3)\,{Shemale Yum Dvd03~G57~10-3~10 - Lyla (3)}
lyla2003.jpg,157619,d14bfe99,\Gallery 57\10 - Lyla (3)\,{Shemale Yum Dvd03~G57~10-3~10 - Lyla (3)}
lyla2004.jpg,141991,2ef234cb,\Gallery 57\10 - Lyla (3)\,{Shemale Yum Dvd03~G57~10-3~10 - Lyla (3)}
lyla2005.jpg,165161,7f7200af,\Gallery 57\10 - Lyla (3)\,{Shemale Yum Dvd03~G57~10-3~10 - Lyla (3)}
lyla2006.jpg,184741,84f8c476,\Gallery 57\10 - Lyla (3)\,{Shemale Yum Dvd03~G57~10-3~10 - Lyla (3)}
lyla2007.jpg,174196,a40f3dbc,\Gallery 57\10 - Lyla (3)\,{Shemale Yum Dvd03~G57~10-3~10 - Lyla (3)}
lyla2008.jpg,174823,721faa77,\Gallery 57\10 - Lyla (3)\,{Shemale Yum Dvd03~G57~10-3~10 - Lyla (3)}
lyla2009.jpg,175491,ea71090d,\Gallery 57\10 - Lyla (3)\,{Shemale Yum Dvd03~G57~10-3~10 - Lyla (3)}
lyla2010.jpg,181471,771ae0b2,\Gallery 57\10 - Lyla (3)\,{Shemale Yum Dvd03~G57~10-3~10 - Lyla (3)}
lyla2011.jpg,188689,eea7cd43,\Gallery 57\10 - Lyla (3)\,{Shemale Yum Dvd03~G57~10-3~10 - Lyla (3)}
lyla2012.jpg,194035,2e3be920,\Gallery 57\10 - Lyla (3)\,{Shemale Yum Dvd03~G57~10-3~10 - Lyla (3)}
lyla2013.jpg,179461,623f556c,\Gallery 57\10 - Lyla (3)\,{Shemale Yum Dvd03~G57~10-3~10 - Lyla (3)}
lyla2014.jpg,189565,47bf756a,\Gallery 57\10 - Lyla (3)\,{Shemale Yum Dvd03~G57~10-3~10 - Lyla (3)}
lyla2015.jpg,188795,3be3700a,\Gallery 57\10 - Lyla (3)\,{Shemale Yum Dvd03~G57~10-3~10 - Lyla (3)}
lyla2016.jpg,175794,1be0505e,\Gallery 57\10 - Lyla (3)\,{Shemale Yum Dvd03~G57~10-3~10 - Lyla (3)}
lyla2017.jpg,144505,1ad5835a,\Gallery 57\10 - Lyla (3)\,{Shemale Yum Dvd03~G57~10-3~10 - Lyla (3)}
lyla2018.jpg,156155,d95550c3,\Gallery 57\10 - Lyla (3)\,{Shemale Yum Dvd03~G57~10-3~10 - Lyla (3)}
lyla2019.jpg,187949,9cbae651,\Gallery 57\10 - Lyla (3)\,{Shemale Yum Dvd03~G57~10-3~10 - Lyla (3)}
lyla2020.jpg,170775,4ed02602,\Gallery 57\10 - Lyla (3)\,{Shemale Yum Dvd03~G57~10-3~10 - Lyla (3)}
lyla2021.jpg,180546,73607989,\Gallery 57\10 - Lyla (3)\,{Shemale Yum Dvd03~G57~10-3~10 - Lyla (3)}
lyla2022.jpg,181615,d0790849,\Gallery 57\10 - Lyla (3)\,{Shemale Yum Dvd03~G57~10-3~10 - Lyla (3)}
lyla2023.jpg,176119,f81c4c8f,\Gallery 57\10 - Lyla (3)\,{Shemale Yum Dvd03~G57~10-3~10 - Lyla (3)}
lyla2024.jpg,180131,3129822e,\Gallery 57\10 - Lyla (3)\,{Shemale Yum Dvd03~G57~10-3~10 - Lyla (3)}
lyla2025.jpg,179397,8706596b,\Gallery 57\10 - Lyla (3)\,{Shemale Yum Dvd03~G57~10-3~10 - Lyla (3)}
lyla2026.jpg,177719,def1ac73,\Gallery 57\10 - Lyla (3)\,{Shemale Yum Dvd03~G57~10-3~10 - Lyla (3)}
lyla2027.jpg,184997,6982e7e7,\Gallery 57\10 - Lyla (3)\,{Shemale Yum Dvd03~G57~10-3~10 - Lyla (3)}
lyla2028.jpg,191134,9e1e6f2f,\Gallery 57\10 - Lyla (3)\,{Shemale Yum Dvd03~G57~10-3~10 - Lyla (3)}
lyla2029.jpg,171983,47f68593,\Gallery 57\10 - Lyla (3)\,{Shemale Yum Dvd03~G57~10-3~10 - Lyla (3)}
lyla2030.jpg,179476,4a4e8852,\Gallery 57\10 - Lyla (3)\,{Shemale Yum Dvd03~G57~10-3~10 - Lyla (3)}
lyla2031.jpg,182731,1b39327c,\Gallery 57\10 - Lyla (3)\,{Shemale Yum Dvd03~G57~10-3~10 - Lyla (3)}
lyla2032.jpg,182154,c640c961,\Gallery 57\10 - Lyla (3)\,{Shemale Yum Dvd03~G57~10-3~10 - Lyla (3)}
lyla2033.jpg,178832,b7d7a226,\Gallery 57\10 - Lyla (3)\,{Shemale Yum Dvd03~G57~10-3~10 - Lyla (3)}
lyla2034.jpg,172843,472e5fdd,\Gallery 57\10 - Lyla (3)\,{Shemale Yum Dvd03~G57~10-3~10 - Lyla (3)}
lyla2035.jpg,162276,ad6b90be,\Gallery 57\10 - Lyla (3)\,{Shemale Yum Dvd03~G57~10-3~10 - Lyla (3)}
lyla2036.jpg,141941,020e4f65,\Gallery 57\10 - Lyla (3)\,{Shemale Yum Dvd03~G57~10-3~10 - Lyla (3)}
lyla2037.jpg,189533,b7f729ec,\Gallery 57\10 - Lyla (3)\,{Shemale Yum Dvd03~G57~10-3~10 - Lyla (3)}
lyla2038.jpg,162521,3f763742,\Gallery 57\10 - Lyla (3)\,{Shemale Yum Dvd03~G57~10-3~10 - Lyla (3)}
lyla2039.jpg,131841,ac436033,\Gallery 57\10 - Lyla (3)\,{Shemale Yum Dvd03~G57~10-3~10 - Lyla (3)}
lyla2040.jpg,171679,51858275,\Gallery 57\10 - Lyla (3)\,{Shemale Yum Dvd03~G57~10-3~10 - Lyla (3)}
lyla2041.jpg,151135,692ee1d4,\Gallery 57\10 - Lyla (3)\,{Shemale Yum Dvd03~G57~10-3~10 - Lyla (3)}
lyla2042.jpg,186837,a39952b5,\Gallery 57\10 - Lyla (3)\,{Shemale Yum Dvd03~G57~10-3~10 - Lyla (3)}
lyla2043.jpg,177288,90f6db50,\Gallery 57\10 - Lyla (3)\,{Shemale Yum Dvd03~G57~10-3~10 - Lyla (3)}
lyla2044.jpg,190968,4135e80e,\Gallery 57\10 - Lyla (3)\,{Shemale Yum Dvd03~G57~10-3~10 - Lyla (3)}
lyla2045.jpg,180477,31427866,\Gallery 57\10 - Lyla (3)\,{Shemale Yum Dvd03~G57~10-3~10 - Lyla (3)}
lyla2046.jpg,185091,bee415d3,\Gallery 57\10 - Lyla (3)\,{Shemale Yum Dvd03~G57~10-3~10 - Lyla (3)}
lyla2047.jpg,158660,4cd46eb4,\Gallery 57\10 - Lyla (3)\,{Shemale Yum Dvd03~G57~10-3~10 - Lyla (3)}
lyla2048.jpg,178861,b11b59ba,\Gallery 57\10 - Lyla (3)\,{Shemale Yum Dvd03~G57~10-3~10 - Lyla (3)}
lyla2049.jpg,164845,269cd0f9,\Gallery 57\10 - Lyla (3)\,{Shemale Yum Dvd03~G57~10-3~10 - Lyla (3)}
lyla2050.jpg,195216,fa3cbfb3,\Gallery 57\10 - Lyla (3)\,{Shemale Yum Dvd03~G57~10-3~10 - Lyla (3)}
lyla2051.jpg,157215,b11357c8,\Gallery 57\10 - Lyla (3)\,{Shemale Yum Dvd03~G57~10-3~10 - Lyla (3)}
lyla2052.jpg,146809,0de115fe,\Gallery 57\10 - Lyla (3)\,{Shemale Yum Dvd03~G57~10-3~10 - Lyla (3)}
lyla2053.jpg,154487,cd5a108d,\Gallery 57\10 - Lyla (3)\,{Shemale Yum Dvd03~G57~10-3~10 - Lyla (3)}
lyla2054.jpg,180514,3d55741b,\Gallery 57\10 - Lyla (3)\,{Shemale Yum Dvd03~G57~10-3~10 - Lyla (3)}
lyla2055.jpg,149186,58680e37,\Gallery 57\10 - Lyla (3)\,{Shemale Yum Dvd03~G57~10-3~10 - Lyla (3)}
lyla2056.jpg,158419,e8e3f0b4,\Gallery 57\10 - Lyla (3)\,{Shemale Yum Dvd03~G57~10-3~10 - Lyla (3)}
lyla2057.jpg,147123,c7396aad,\Gallery 57\10 - Lyla (3)\,{Shemale Yum Dvd03~G57~10-3~10 - Lyla (3)}
lyla2058.jpg,133830,99968dc3,\Gallery 57\10 - Lyla (3)\,{Shemale Yum Dvd03~G57~10-3~10 - Lyla (3)}
lyla2059.jpg,137941,286bf834,\Gallery 57\10 - Lyla (3)\,{Shemale Yum Dvd03~G57~10-3~10 - Lyla (3)}
lyla2060.jpg,186992,6da464fa,\Gallery 57\10 - Lyla (3)\,{Shemale Yum Dvd03~G57~10-3~10 - Lyla (3)}
lyla2061.jpg,148673,ab928ab0,\Gallery 57\10 - Lyla (3)\,{Shemale Yum Dvd03~G57~10-3~10 - Lyla (3)}
lyla2062.jpg,151329,dd6cbae0,\Gallery 57\10 - Lyla (3)\,{Shemale Yum Dvd03~G57~10-3~10 - Lyla (3)}
lyla2063.jpg,150245,43f1369b,\Gallery 57\10 - Lyla (3)\,{Shemale Yum Dvd03~G57~10-3~10 - Lyla (3)}
lyla2064.jpg,144608,8a11fae9,\Gallery 57\10 - Lyla (3)\,{Shemale Yum Dvd03~G57~10-3~10 - Lyla (3)}
lyla2065.jpg,133793,1a13dae5,\Gallery 57\10 - Lyla (3)\,{Shemale Yum Dvd03~G57~10-3~10 - Lyla (3)}
lyla2066.jpg,183566,f38883bb,\Gallery 57\10 - Lyla (3)\,{Shemale Yum Dvd03~G57~10-3~10 - Lyla (3)}
lyla2067.jpg,148153,e11e2291,\Gallery 57\10 - Lyla (3)\,{Shemale Yum Dvd03~G57~10-3~10 - Lyla (3)}
lyla2068.jpg,132684,be4ecca0,\Gallery 57\10 - Lyla (3)\,{Shemale Yum Dvd03~G57~10-3~10 - Lyla (3)}
lyla2069.jpg,180247,2f751c77,\Gallery 57\10 - Lyla (3)\,{Shemale Yum Dvd03~G57~10-3~10 - Lyla (3)}
lyla2070.jpg,183583,e7b1a8b0,\Gallery 57\10 - Lyla (3)\,{Shemale Yum Dvd03~G57~10-3~10 - Lyla (3)}
lyla2071.jpg,137180,37127cba,\Gallery 57\10 - Lyla (3)\,{Shemale Yum Dvd03~G57~10-3~10 - Lyla (3)}
lyla2072.jpg,148480,6ff4fa7a,\Gallery 57\10 - Lyla (3)\,{Shemale Yum Dvd03~G57~10-3~10 - Lyla (3)}
lyla2073.jpg,195018,e3b70d4e,\Gallery 57\10 - Lyla (3)\,{Shemale Yum Dvd03~G57~10-3~10 - Lyla (3)}
lyla2074.jpg,177258,46fc2af3,\Gallery 57\10 - Lyla (3)\,{Shemale Yum Dvd03~G57~10-3~10 - Lyla (3)}
lyla2075.jpg,149398,b7b7c08a,\Gallery 57\10 - Lyla (3)\,{Shemale Yum Dvd03~G57~10-3~10 - Lyla (3)}
lyla2076.jpg,192396,d41f8b8c,\Gallery 57\10 - Lyla (3)\,{Shemale Yum Dvd03~G57~10-3~10 - Lyla (3)}
lyla2077.jpg,158850,b2e23d61,\Gallery 57\10 - Lyla (3)\,{Shemale Yum Dvd03~G57~10-3~10 - Lyla (3)}
lyla2078.jpg,168145,8f41eaa1,\Gallery 57\10 - Lyla (3)\,{Shemale Yum Dvd03~G57~10-3~10 - Lyla (3)}
lyla2079.jpg,184647,7deedca3,\Gallery 57\10 - Lyla (3)\,{Shemale Yum Dvd03~G57~10-3~10 - Lyla (3)}
lyla2080.jpg,162384,2fe57008,\Gallery 57\10 - Lyla (3)\,{Shemale Yum Dvd03~G57~10-3~10 - Lyla (3)}
lyla2081.jpg,165781,09f014a9,\Gallery 57\10 - Lyla (3)\,{Shemale Yum Dvd03~G57~10-3~10 - Lyla (3)}
lyla2082.jpg,180739,ea7662f3,\Gallery 57\10 - Lyla (3)\,{Shemale Yum Dvd03~G57~10-3~10 - Lyla (3)}
lyla2083.jpg,157993,1f451f51,\Gallery 57\10 - Lyla (3)\,{Shemale Yum Dvd03~G57~10-3~10 - Lyla (3)}
lyla2084.jpg,128683,87727df3,\Gallery 57\10 - Lyla (3)\,{Shemale Yum Dvd03~G57~10-3~10 - Lyla (3)}
lyla2085.jpg,165016,da600871,\Gallery 57\10 - Lyla (3)\,{Shemale Yum Dvd03~G57~10-3~10 - Lyla (3)}
lyla2086.jpg,137611,dfb92693,\Gallery 57\10 - Lyla (3)\,{Shemale Yum Dvd03~G57~10-3~10 - Lyla (3)}
lyla2087.jpg,177418,1b6d0ef8,\Gallery 57\10 - Lyla (3)\,{Shemale Yum Dvd03~G57~10-3~10 - Lyla (3)}
lyla2088.jpg,164786,c16257db,\Gallery 57\10 - Lyla (3)\,{Shemale Yum Dvd03~G57~10-3~10 - Lyla (3)}
lyla2089.jpg,164560,59c1efe7,\Gallery 57\10 - Lyla (3)\,{Shemale Yum Dvd03~G57~10-3~10 - Lyla (3)}
lyla2090.jpg,138707,6241d831,\Gallery 57\10 - Lyla (3)\,{Shemale Yum Dvd03~G57~10-3~10 - Lyla (3)}
lyla2091.jpg,116646,b8b15e95,\Gallery 57\10 - Lyla (3)\,{Shemale Yum Dvd03~G57~10-3~10 - Lyla (3)}
lyla2092.jpg,151516,43a6c60d,\Gallery 57\10 - Lyla (3)\,{Shemale Yum Dvd03~G57~10-3~10 - Lyla (3)}
lyla2093.jpg,172209,454e7e77,\Gallery 57\10 - Lyla (3)\,{Shemale Yum Dvd03~G57~10-3~10 - Lyla (3)}
lyla2094.jpg,167109,73e3a596,\Gallery 57\10 - Lyla (3)\,{Shemale Yum Dvd03~G57~10-3~10 - Lyla (3)}
lyla2095.jpg,169889,73d5fd70,\Gallery 57\10 - Lyla (3)\,{Shemale Yum Dvd03~G57~10-3~10 - Lyla (3)}
lyla2096.jpg,193231,e531a1dd,\Gallery 57\10 - Lyla (3)\,{Shemale Yum Dvd03~G57~10-3~10 - Lyla (3)}
lyla2097.jpg,140712,76d43026,\Gallery 57\10 - Lyla (3)\,{Shemale Yum Dvd03~G57~10-3~10 - Lyla (3)}
lyla2098.jpg,151694,749f2e60,\Gallery 57\10 - Lyla (3)\,{Shemale Yum Dvd03~G57~10-3~10 - Lyla (3)}
lyla2099.jpg,151461,c56ceed0,\Gallery 57\10 - Lyla (3)\,{Shemale Yum Dvd03~G57~10-3~10 - Lyla (3)}
lyla2100.jpg,125138,9ffc7b87,\Gallery 57\10 - Lyla (3)\,{Shemale Yum Dvd03~G57~10-3~10 - Lyla (3)}
lyla2101.jpg,178685,8f89409f,\Gallery 57\10 - Lyla (3)\,{Shemale Yum Dvd03~G57~10-3~10 - Lyla (3)}
lyla2102.jpg,144346,4475da15,\Gallery 57\10 - Lyla (3)\,{Shemale Yum Dvd03~G57~10-3~10 - Lyla (3)}
lyla2103.jpg,148065,39905b39,\Gallery 57\10 - Lyla (3)\,{Shemale Yum Dvd03~G57~10-3~10 - Lyla (3)}
lyla2104.jpg,154507,85ce85b9,\Gallery 57\10 - Lyla (3)\,{Shemale Yum Dvd03~G57~10-3~10 - Lyla (3)}
lyla2105.jpg,158579,cbfe3d7e,\Gallery 57\10 - Lyla (3)\,{Shemale Yum Dvd03~G57~10-3~10 - Lyla (3)}
lyla2106.jpg,141639,6b490bad,\Gallery 57\10 - Lyla (3)\,{Shemale Yum Dvd03~G57~10-3~10 - Lyla (3)}
lyla2107.jpg,143078,3d888bbb,\Gallery 57\10 - Lyla (3)\,{Shemale Yum Dvd03~G57~10-3~10 - Lyla (3)}
lyla2108.jpg,149101,6b6e3e6a,\Gallery 57\10 - Lyla (3)\,{Shemale Yum Dvd03~G57~10-3~10 - Lyla (3)}
lyla2109.jpg,155520,995f2ca5,\Gallery 57\10 - Lyla (3)\,{Shemale Yum Dvd03~G57~10-3~10 - Lyla (3)}
lyla2110.jpg,148270,76416ed2,\Gallery 57\10 - Lyla (3)\,{Shemale Yum Dvd03~G57~10-3~10 - Lyla (3)}
lyla2111.jpg,141902,f8da9a5c,\Gallery 57\10 - Lyla (3)\,{Shemale Yum Dvd03~G57~10-3~10 - Lyla (3)}
lyla2112.jpg,140849,33e8f540,\Gallery 57\10 - Lyla (3)\,{Shemale Yum Dvd03~G57~10-3~10 - Lyla (3)}
lyla2113.jpg,159053,4286ce1f,\Gallery 57\10 - Lyla (3)\,{Shemale Yum Dvd03~G57~10-3~10 - Lyla (3)}
lyla2114.jpg,158088,9873d18c,\Gallery 57\10 - Lyla (3)\,{Shemale Yum Dvd03~G57~10-3~10 - Lyla (3)}
lyla2115.jpg,141216,3ace033c,\Gallery 57\10 - Lyla (3)\,{Shemale Yum Dvd03~G57~10-3~10 - Lyla (3)}
lyla2116.jpg,152934,801560e3,\Gallery 57\10 - Lyla (3)\,{Shemale Yum Dvd03~G57~10-3~10 - Lyla (3)}
lyla2117.jpg,147563,25432941,\Gallery 57\10 - Lyla (3)\,{Shemale Yum Dvd03~G57~10-3~10 - Lyla (3)}
lyla2118.jpg,151456,7f5b9aaf,\Gallery 57\10 - Lyla (3)\,{Shemale Yum Dvd03~G57~10-3~10 - Lyla (3)}
lyla2119.jpg,153267,6c66bcea,\Gallery 57\10 - Lyla (3)\,{Shemale Yum Dvd03~G57~10-3~10 - Lyla (3)}
lyla2120.jpg,195455,12cd8b4f,\Gallery 57\10 - Lyla (3)\,{Shemale Yum Dvd03~G57~10-3~10 - Lyla (3)}
lyla2121.jpg,142340,4cb92bc8,\Gallery 57\10 - Lyla (3)\,{Shemale Yum Dvd03~G57~10-3~10 - Lyla (3)}
lyla2122.jpg,180948,a156b23e,\Gallery 57\10 - Lyla (3)\,{Shemale Yum Dvd03~G57~10-3~10 - Lyla (3)}
lyla2123.jpg,180270,dfecbb98,\Gallery 57\10 - Lyla (3)\,{Shemale Yum Dvd03~G57~10-3~10 - Lyla (3)}
lyla2124.jpg,150603,276ce51c,\Gallery 57\10 - Lyla (3)\,{Shemale Yum Dvd03~G57~10-3~10 - Lyla (3)}
lyla2125.jpg,135712,ace9f6d3,\Gallery 57\10 - Lyla (3)\,{Shemale Yum Dvd03~G57~10-3~10 - Lyla (3)}
lyla2126.jpg,132510,f7bfc6e2,\Gallery 57\10 - Lyla (3)\,{Shemale Yum Dvd03~G57~10-3~10 - Lyla (3)}
lylac001.jpg,156408,5d04decf,\Gallery 57\10 - Lyla (4)\,{Shemale Yum Dvd03~G57~10-4~10 - Lyla (4)}
lylac002.jpg,101777,26e8a135,\Gallery 57\10 - Lyla (4)\,{Shemale Yum Dvd03~G57~10-4~10 - Lyla (4)}
lylac003.jpg,162067,74e3fa83,\Gallery 57\10 - Lyla (4)\,{Shemale Yum Dvd03~G57~10-4~10 - Lyla (4)}
lylac004.jpg,152968,c114e763,\Gallery 57\10 - Lyla (4)\,{Shemale Yum Dvd03~G57~10-4~10 - Lyla (4)}
lylac005.jpg,146433,d5e7b78e,\Gallery 57\10 - Lyla (4)\,{Shemale Yum Dvd03~G57~10-4~10 - Lyla (4)}
lylac006.jpg,181922,785394a3,\Gallery 57\10 - Lyla (4)\,{Shemale Yum Dvd03~G57~10-4~10 - Lyla (4)}
lylac007.jpg,140704,6ea393b8,\Gallery 57\10 - Lyla (4)\,{Shemale Yum Dvd03~G57~10-4~10 - Lyla (4)}
lylac008.jpg,163094,92584a47,\Gallery 57\10 - Lyla (4)\,{Shemale Yum Dvd03~G57~10-4~10 - Lyla (4)}
lylac009.jpg,146490,ab0b079b,\Gallery 57\10 - Lyla (4)\,{Shemale Yum Dvd03~G57~10-4~10 - Lyla (4)}
lylac010.jpg,175221,15816c29,\Gallery 57\10 - Lyla (4)\,{Shemale Yum Dvd03~G57~10-4~10 - Lyla (4)}
lylac011.jpg,175073,c4b02597,\Gallery 57\10 - Lyla (4)\,{Shemale Yum Dvd03~G57~10-4~10 - Lyla (4)}
lylac012.jpg,125938,e2cfb79b,\Gallery 57\10 - Lyla (4)\,{Shemale Yum Dvd03~G57~10-4~10 - Lyla (4)}
lylac013.jpg,129602,863eb556,\Gallery 57\10 - Lyla (4)\,{Shemale Yum Dvd03~G57~10-4~10 - Lyla (4)}
lylac014.jpg,185130,b902e6c3,\Gallery 57\10 - Lyla (4)\,{Shemale Yum Dvd03~G57~10-4~10 - Lyla (4)}
lylac015.jpg,184628,b41b63a3,\Gallery 57\10 - Lyla (4)\,{Shemale Yum Dvd03~G57~10-4~10 - Lyla (4)}
lylac016.jpg,132311,7ec0db3f,\Gallery 57\10 - Lyla (4)\,{Shemale Yum Dvd03~G57~10-4~10 - Lyla (4)}
lylac017.jpg,177255,01ccb09c,\Gallery 57\10 - Lyla (4)\,{Shemale Yum Dvd03~G57~10-4~10 - Lyla (4)}
lylac018.jpg,188349,f6df1452,\Gallery 57\10 - Lyla (4)\,{Shemale Yum Dvd03~G57~10-4~10 - Lyla (4)}
lylac019.jpg,190419,6fc22b58,\Gallery 57\10 - Lyla (4)\,{Shemale Yum Dvd03~G57~10-4~10 - Lyla (4)}
lylac020.jpg,182843,37291d33,\Gallery 57\10 - Lyla (4)\,{Shemale Yum Dvd03~G57~10-4~10 - Lyla (4)}
lylac021.jpg,187636,d409a456,\Gallery 57\10 - Lyla (4)\,{Shemale Yum Dvd03~G57~10-4~10 - Lyla (4)}
lylac022.jpg,176544,99538ba2,\Gallery 57\10 - Lyla (4)\,{Shemale Yum Dvd03~G57~10-4~10 - Lyla (4)}
lylac023.jpg,190488,e269b688,\Gallery 57\10 - Lyla (4)\,{Shemale Yum Dvd03~G57~10-4~10 - Lyla (4)}
lylac024.jpg,109160,d53cc915,\Gallery 57\10 - Lyla (4)\,{Shemale Yum Dvd03~G57~10-4~10 - Lyla (4)}
lylac025.jpg,134663,7a862a19,\Gallery 57\10 - Lyla (4)\,{Shemale Yum Dvd03~G57~10-4~10 - Lyla (4)}
lylac026.jpg,157608,488654d4,\Gallery 57\10 - Lyla (4)\,{Shemale Yum Dvd03~G57~10-4~10 - Lyla (4)}
lylac027.jpg,156417,4eca7833,\Gallery 57\10 - Lyla (4)\,{Shemale Yum Dvd03~G57~10-4~10 - Lyla (4)}
lylac028.jpg,162458,e6f9ea20,\Gallery 57\10 - Lyla (4)\,{Shemale Yum Dvd03~G57~10-4~10 - Lyla (4)}
lylac029.jpg,160274,eb626dd5,\Gallery 57\10 - Lyla (4)\,{Shemale Yum Dvd03~G57~10-4~10 - Lyla (4)}
lylac030.jpg,137183,7066203c,\Gallery 57\10 - Lyla (4)\,{Shemale Yum Dvd03~G57~10-4~10 - Lyla (4)}
lylac031.jpg,143622,3c5902aa,\Gallery 57\10 - Lyla (4)\,{Shemale Yum Dvd03~G57~10-4~10 - Lyla (4)}
lylac032.jpg,163372,0573f9ba,\Gallery 57\10 - Lyla (4)\,{Shemale Yum Dvd03~G57~10-4~10 - Lyla (4)}
lylac033.jpg,180524,b5e3adb9,\Gallery 57\10 - Lyla (4)\,{Shemale Yum Dvd03~G57~10-4~10 - Lyla (4)}
lylac034.jpg,182492,0aa4f331,\Gallery 57\10 - Lyla (4)\,{Shemale Yum Dvd03~G57~10-4~10 - Lyla (4)}
lylac035.jpg,161484,1ae4f48a,\Gallery 57\10 - Lyla (4)\,{Shemale Yum Dvd03~G57~10-4~10 - Lyla (4)}
lylac036.jpg,176934,a1d8deca,\Gallery 57\10 - Lyla (4)\,{Shemale Yum Dvd03~G57~10-4~10 - Lyla (4)}
lylac037.jpg,151551,f9e04a58,\Gallery 57\10 - Lyla (4)\,{Shemale Yum Dvd03~G57~10-4~10 - Lyla (4)}
lylac038.jpg,185924,a0fc2ad8,\Gallery 57\10 - Lyla (4)\,{Shemale Yum Dvd03~G57~10-4~10 - Lyla (4)}
lylac039.jpg,155358,27a74e1e,\Gallery 57\10 - Lyla (4)\,{Shemale Yum Dvd03~G57~10-4~10 - Lyla (4)}
lylac040.jpg,190813,5b4ff78a,\Gallery 57\10 - Lyla (4)\,{Shemale Yum Dvd03~G57~10-4~10 - Lyla (4)}
lylac041.jpg,155706,ac85b515,\Gallery 57\10 - Lyla (4)\,{Shemale Yum Dvd03~G57~10-4~10 - Lyla (4)}
lylac042.jpg,163568,6bc32a04,\Gallery 57\10 - Lyla (4)\,{Shemale Yum Dvd03~G57~10-4~10 - Lyla (4)}
lylac043.jpg,191423,3f596966,\Gallery 57\10 - Lyla (4)\,{Shemale Yum Dvd03~G57~10-4~10 - Lyla (4)}
lylac044.jpg,149649,cca01c0a,\Gallery 57\10 - Lyla (4)\,{Shemale Yum Dvd03~G57~10-4~10 - Lyla (4)}
lylac045.jpg,140183,2e0455d9,\Gallery 57\10 - Lyla (4)\,{Shemale Yum Dvd03~G57~10-4~10 - Lyla (4)}
lylac046.jpg,144974,dd0dacf4,\Gallery 57\10 - Lyla (4)\,{Shemale Yum Dvd03~G57~10-4~10 - Lyla (4)}
lylac047.jpg,135366,8d33f2bb,\Gallery 57\10 - Lyla (4)\,{Shemale Yum Dvd03~G57~10-4~10 - Lyla (4)}
lylac048.jpg,145764,0cba9605,\Gallery 57\10 - Lyla (4)\,{Shemale Yum Dvd03~G57~10-4~10 - Lyla (4)}
lylac049.jpg,178101,a7ab2e4f,\Gallery 57\10 - Lyla (4)\,{Shemale Yum Dvd03~G57~10-4~10 - Lyla (4)}
lylac050.jpg,138547,27465f66,\Gallery 57\10 - Lyla (4)\,{Shemale Yum Dvd03~G57~10-4~10 - Lyla (4)}
lylac051.jpg,175119,3ef40492,\Gallery 57\10 - Lyla (4)\,{Shemale Yum Dvd03~G57~10-4~10 - Lyla (4)}
lylac052.jpg,138286,0cdd4287,\Gallery 57\10 - Lyla (4)\,{Shemale Yum Dvd03~G57~10-4~10 - Lyla (4)}
lylac053.jpg,188391,99aeda3d,\Gallery 57\10 - Lyla (4)\,{Shemale Yum Dvd03~G57~10-4~10 - Lyla (4)}
lylac054.jpg,154784,e29c395c,\Gallery 57\10 - Lyla (4)\,{Shemale Yum Dvd03~G57~10-4~10 - Lyla (4)}
lylac055.jpg,148228,8f385284,\Gallery 57\10 - Lyla (4)\,{Shemale Yum Dvd03~G57~10-4~10 - Lyla (4)}
lylac056.jpg,139035,55d68ab4,\Gallery 57\10 - Lyla (4)\,{Shemale Yum Dvd03~G57~10-4~10 - Lyla (4)}
lylac057.jpg,135734,4e3a3782,\Gallery 57\10 - Lyla (4)\,{Shemale Yum Dvd03~G57~10-4~10 - Lyla (4)}
lylac058.jpg,164515,1a5b7312,\Gallery 57\10 - Lyla (4)\,{Shemale Yum Dvd03~G57~10-4~10 - Lyla (4)}
lylac059.jpg,170928,ca6ee0a3,\Gallery 57\10 - Lyla (4)\,{Shemale Yum Dvd03~G57~10-4~10 - Lyla (4)}
lylac060.jpg,145664,3fef2b40,\Gallery 57\10 - Lyla (4)\,{Shemale Yum Dvd03~G57~10-4~10 - Lyla (4)}
lylac061.jpg,155153,e43a70ce,\Gallery 57\10 - Lyla (4)\,{Shemale Yum Dvd03~G57~10-4~10 - Lyla (4)}
lylac062.jpg,182596,aefd0951,\Gallery 57\10 - Lyla (4)\,{Shemale Yum Dvd03~G57~10-4~10 - Lyla (4)}
lylac063.jpg,144057,a2f68fd8,\Gallery 57\10 - Lyla (4)\,{Shemale Yum Dvd03~G57~10-4~10 - Lyla (4)}
lylac064.jpg,163804,ed790b28,\Gallery 57\10 - Lyla (4)\,{Shemale Yum Dvd03~G57~10-4~10 - Lyla (4)}
lylac065.jpg,136843,565d5883,\Gallery 57\10 - Lyla (4)\,{Shemale Yum Dvd03~G57~10-4~10 - Lyla (4)}
lylac066.jpg,184192,7f869fe9,\Gallery 57\10 - Lyla (4)\,{Shemale Yum Dvd03~G57~10-4~10 - Lyla (4)}
lylac067.jpg,141021,c04149be,\Gallery 57\10 - Lyla (4)\,{Shemale Yum Dvd03~G57~10-4~10 - Lyla (4)}
lylac068.jpg,192051,fff8de92,\Gallery 57\10 - Lyla (4)\,{Shemale Yum Dvd03~G57~10-4~10 - Lyla (4)}
lylac069.jpg,191199,b4ce2213,\Gallery 57\10 - Lyla (4)\,{Shemale Yum Dvd03~G57~10-4~10 - Lyla (4)}
lylac070.jpg,150101,4db0c094,\Gallery 57\10 - Lyla (4)\,{Shemale Yum Dvd03~G57~10-4~10 - Lyla (4)}
lylac071.jpg,177978,295089c1,\Gallery 57\10 - Lyla (4)\,{Shemale Yum Dvd03~G57~10-4~10 - Lyla (4)}
lylac072.jpg,124467,552e3f97,\Gallery 57\10 - Lyla (4)\,{Shemale Yum Dvd03~G57~10-4~10 - Lyla (4)}
lylac073.jpg,150784,7d69a84d,\Gallery 57\10 - Lyla (4)\,{Shemale Yum Dvd03~G57~10-4~10 - Lyla (4)}
lylac074.jpg,181499,b80e42c5,\Gallery 57\10 - Lyla (4)\,{Shemale Yum Dvd03~G57~10-4~10 - Lyla (4)}
lylac075.jpg,152552,98990a8f,\Gallery 57\10 - Lyla (4)\,{Shemale Yum Dvd03~G57~10-4~10 - Lyla (4)}
lylac076.jpg,158772,5976d04d,\Gallery 57\10 - Lyla (4)\,{Shemale Yum Dvd03~G57~10-4~10 - Lyla (4)}
lylac077.jpg,157132,2fbafc94,\Gallery 57\10 - Lyla (4)\,{Shemale Yum Dvd03~G57~10-4~10 - Lyla (4)}
lylac078.jpg,160239,9b28f94c,\Gallery 57\10 - Lyla (4)\,{Shemale Yum Dvd03~G57~10-4~10 - Lyla (4)}
lylac079.jpg,148240,6efb4dff,\Gallery 57\10 - Lyla (4)\,{Shemale Yum Dvd03~G57~10-4~10 - Lyla (4)}
lylac080.jpg,164207,627d9989,\Gallery 57\10 - Lyla (4)\,{Shemale Yum Dvd03~G57~10-4~10 - Lyla (4)}
lylac081.jpg,160878,c9848af4,\Gallery 57\10 - Lyla (4)\,{Shemale Yum Dvd03~G57~10-4~10 - Lyla (4)}
lylac082.jpg,148546,e284df84,\Gallery 57\10 - Lyla (4)\,{Shemale Yum Dvd03~G57~10-4~10 - Lyla (4)}
lylac083.jpg,153770,8c065bde,\Gallery 57\10 - Lyla (4)\,{Shemale Yum Dvd03~G57~10-4~10 - Lyla (4)}
lylac084.jpg,174557,308863b1,\Gallery 57\10 - Lyla (4)\,{Shemale Yum Dvd03~G57~10-4~10 - Lyla (4)}
lylac085.jpg,196225,06d72da1,\Gallery 57\10 - Lyla (4)\,{Shemale Yum Dvd03~G57~10-4~10 - Lyla (4)}
lylac086.jpg,141876,f91b507c,\Gallery 57\10 - Lyla (4)\,{Shemale Yum Dvd03~G57~10-4~10 - Lyla (4)}
lylac087.jpg,152387,0b3b9f0e,\Gallery 57\10 - Lyla (4)\,{Shemale Yum Dvd03~G57~10-4~10 - Lyla (4)}
lylac088.jpg,149232,e4779727,\Gallery 57\10 - Lyla (4)\,{Shemale Yum Dvd03~G57~10-4~10 - Lyla (4)}
lylac089.jpg,163695,5dfa72fe,\Gallery 57\10 - Lyla (4)\,{Shemale Yum Dvd03~G57~10-4~10 - Lyla (4)}
lylac090.jpg,151398,9d0f5b81,\Gallery 57\10 - Lyla (4)\,{Shemale Yum Dvd03~G57~10-4~10 - Lyla (4)}
lylac091.jpg,187027,03c7c960,\Gallery 57\10 - Lyla (4)\,{Shemale Yum Dvd03~G57~10-4~10 - Lyla (4)}
lylac092.jpg,200020,0e94c938,\Gallery 57\10 - Lyla (4)\,{Shemale Yum Dvd03~G57~10-4~10 - Lyla (4)}
lylac093.jpg,169731,cfff0676,\Gallery 57\10 - Lyla (4)\,{Shemale Yum Dvd03~G57~10-4~10 - Lyla (4)}
lylac094.jpg,159070,6409c3d7,\Gallery 57\10 - Lyla (4)\,{Shemale Yum Dvd03~G57~10-4~10 - Lyla (4)}
lylac095.jpg,150400,66bdd5ae,\Gallery 57\10 - Lyla (4)\,{Shemale Yum Dvd03~G57~10-4~10 - Lyla (4)}
lylac096.jpg,180828,bb8f6aa7,\Gallery 57\10 - Lyla (4)\,{Shemale Yum Dvd03~G57~10-4~10 - Lyla (4)}
lylac097.jpg,181510,a81affcb,\Gallery 57\10 - Lyla (4)\,{Shemale Yum Dvd03~G57~10-4~10 - Lyla (4)}
lylac098.jpg,187071,148146e4,\Gallery 57\10 - Lyla (4)\,{Shemale Yum Dvd03~G57~10-4~10 - Lyla (4)}
lylac099.jpg,148739,79e6684b,\Gallery 57\10 - Lyla (4)\,{Shemale Yum Dvd03~G57~10-4~10 - Lyla (4)}
lylac100.jpg,180699,b3037f74,\Gallery 57\10 - Lyla (4)\,{Shemale Yum Dvd03~G57~10-4~10 - Lyla (4)}
lylac101.jpg,162609,d2b4ec54,\Gallery 57\10 - Lyla (4)\,{Shemale Yum Dvd03~G57~10-4~10 - Lyla (4)}
lylac102.jpg,180696,ef5cec10,\Gallery 57\10 - Lyla (4)\,{Shemale Yum Dvd03~G57~10-4~10 - Lyla (4)}
lylac103.jpg,181402,d9feb57d,\Gallery 57\10 - Lyla (4)\,{Shemale Yum Dvd03~G57~10-4~10 - Lyla (4)}
lylac104.jpg,178993,bd1c50c8,\Gallery 57\10 - Lyla (4)\,{Shemale Yum Dvd03~G57~10-4~10 - Lyla (4)}
lylac105.jpg,187984,f4752359,\Gallery 57\10 - Lyla (4)\,{Shemale Yum Dvd03~G57~10-4~10 - Lyla (4)}
lylac106.jpg,163769,9fdba220,\Gallery 57\10 - Lyla (4)\,{Shemale Yum Dvd03~G57~10-4~10 - Lyla (4)}
lylac107.jpg,173975,60da4f9a,\Gallery 57\10 - Lyla (4)\,{Shemale Yum Dvd03~G57~10-4~10 - Lyla (4)}
lylac108.jpg,143368,8eb838a3,\Gallery 57\10 - Lyla (4)\,{Shemale Yum Dvd03~G57~10-4~10 - Lyla (4)}
lylac109.jpg,88178,44f6542d,\Gallery 57\10 - Lyla (4)\,{Shemale Yum Dvd03~G57~10-4~10 - Lyla (4)}
lylac110.jpg,164716,24d7a418,\Gallery 57\10 - Lyla (4)\,{Shemale Yum Dvd03~G57~10-4~10 - Lyla (4)}
lylac111.jpg,171380,0b54feb8,\Gallery 57\10 - Lyla (4)\,{Shemale Yum Dvd03~G57~10-4~10 - Lyla (4)}
lylac112.jpg,163833,92a220a7,\Gallery 57\10 - Lyla (4)\,{Shemale Yum Dvd03~G57~10-4~10 - Lyla (4)}
lylac113.jpg,180570,06373c18,\Gallery 57\10 - Lyla (4)\,{Shemale Yum Dvd03~G57~10-4~10 - Lyla (4)}
lylac114.jpg,180365,52816563,\Gallery 57\10 - Lyla (4)\,{Shemale Yum Dvd03~G57~10-4~10 - Lyla (4)}
lylac115.jpg,179840,daacd1e8,\Gallery 57\10 - Lyla (4)\,{Shemale Yum Dvd03~G57~10-4~10 - Lyla (4)}
lylac116.jpg,182646,c70e8fac,\Gallery 57\10 - Lyla (4)\,{Shemale Yum Dvd03~G57~10-4~10 - Lyla (4)}
lylac117.jpg,169862,a854f6aa,\Gallery 57\10 - Lyla (4)\,{Shemale Yum Dvd03~G57~10-4~10 - Lyla (4)}
lylac118.jpg,179426,0cef4523,\Gallery 57\10 - Lyla (4)\,{Shemale Yum Dvd03~G57~10-4~10 - Lyla (4)}
lylac119.jpg,176510,1f97278a,\Gallery 57\10 - Lyla (4)\,{Shemale Yum Dvd03~G57~10-4~10 - Lyla (4)}
lylac120.jpg,166654,0754296d,\Gallery 57\10 - Lyla (4)\,{Shemale Yum Dvd03~G57~10-4~10 - Lyla (4)}
seren001.jpg,124758,937d2829,\Gallery 56\01 - Seren Love\,{Shemale Yum Dvd03~G56~01~01 - Seren Love}
seren002.jpg,126439,c606751b,\Gallery 56\01 - Seren Love\,{Shemale Yum Dvd03~G56~01~01 - Seren Love}
seren003.jpg,115058,df909347,\Gallery 56\01 - Seren Love\,{Shemale Yum Dvd03~G56~01~01 - Seren Love}
seren004.jpg,121428,3a1e85cd,\Gallery 56\01 - Seren Love\,{Shemale Yum Dvd03~G56~01~01 - Seren Love}
seren005.jpg,127885,624cf22e,\Gallery 56\01 - Seren Love\,{Shemale Yum Dvd03~G56~01~01 - Seren Love}
seren006.jpg,124864,3a7a0370,\Gallery 56\01 - Seren Love\,{Shemale Yum Dvd03~G56~01~01 - Seren Love}
seren007.jpg,117592,dfab1f63,\Gallery 56\01 - Seren Love\,{Shemale Yum Dvd03~G56~01~01 - Seren Love}
seren008.jpg,132499,77a04ab9,\Gallery 56\01 - Seren Love\,{Shemale Yum Dvd03~G56~01~01 - Seren Love}
seren009.jpg,130785,0080d623,\Gallery 56\01 - Seren Love\,{Shemale Yum Dvd03~G56~01~01 - Seren Love}
seren010.jpg,129228,55af6277,\Gallery 56\01 - Seren Love\,{Shemale Yum Dvd03~G56~01~01 - Seren Love}
seren011.jpg,112802,33cfe29e,\Gallery 56\01 - Seren Love\,{Shemale Yum Dvd03~G56~01~01 - Seren Love}
seren012.jpg,121574,dff4fd33,\Gallery 56\01 - Seren Love\,{Shemale Yum Dvd03~G56~01~01 - Seren Love}
seren013.jpg,114946,40c68d1b,\Gallery 56\01 - Seren Love\,{Shemale Yum Dvd03~G56~01~01 - Seren Love}
seren014.jpg,125798,165cfdc1,\Gallery 56\01 - Seren Love\,{Shemale Yum Dvd03~G56~01~01 - Seren Love}
seren015.jpg,130451,cfbf3148,\Gallery 56\01 - Seren Love\,{Shemale Yum Dvd03~G56~01~01 - Seren Love}
seren016.jpg,120213,92ddba9f,\Gallery 56\01 - Seren Love\,{Shemale Yum Dvd03~G56~01~01 - Seren Love}
seren017.jpg,134256,f1adc865,\Gallery 56\01 - Seren Love\,{Shemale Yum Dvd03~G56~01~01 - Seren Love}
seren018.jpg,135308,7520be95,\Gallery 56\01 - Seren Love\,{Shemale Yum Dvd03~G56~01~01 - Seren Love}
seren019.jpg,132080,4a722078,\Gallery 56\01 - Seren Love\,{Shemale Yum Dvd03~G56~01~01 - Seren Love}
seren020.jpg,127101,904b6c6a,\Gallery 56\01 - Seren Love\,{Shemale Yum Dvd03~G56~01~01 - Seren Love}
seren021.jpg,148899,dc623491,\Gallery 56\01 - Seren Love\,{Shemale Yum Dvd03~G56~01~01 - Seren Love}
seren022.jpg,108547,61ee372f,\Gallery 56\01 - Seren Love\,{Shemale Yum Dvd03~G56~01~01 - Seren Love}
seren023.jpg,118157,8dcee1c2,\Gallery 56\01 - Seren Love\,{Shemale Yum Dvd03~G56~01~01 - Seren Love}
seren024.jpg,120519,37f2d8f3,\Gallery 56\01 - Seren Love\,{Shemale Yum Dvd03~G56~01~01 - Seren Love}
seren025.jpg,123382,4ef169f8,\Gallery 56\01 - Seren Love\,{Shemale Yum Dvd03~G56~01~01 - Seren Love}
seren026.jpg,133228,f88e237d,\Gallery 56\01 - Seren Love\,{Shemale Yum Dvd03~G56~01~01 - Seren Love}
seren027.jpg,120090,c6b81268,\Gallery 56\01 - Seren Love\,{Shemale Yum Dvd03~G56~01~01 - Seren Love}
seren028.jpg,131745,972eaeea,\Gallery 56\01 - Seren Love\,{Shemale Yum Dvd03~G56~01~01 - Seren Love}
seren029.jpg,107479,5b8f5995,\Gallery 56\01 - Seren Love\,{Shemale Yum Dvd03~G56~01~01 - Seren Love}
seren030.jpg,111401,991fff0e,\Gallery 56\01 - Seren Love\,{Shemale Yum Dvd03~G56~01~01 - Seren Love}
seren031.jpg,95069,9915707f,\Gallery 56\01 - Seren Love\,{Shemale Yum Dvd03~G56~01~01 - Seren Love}
seren032.jpg,95672,66526733,\Gallery 56\01 - Seren Love\,{Shemale Yum Dvd03~G56~01~01 - Seren Love}
seren033.jpg,114230,158cef04,\Gallery 56\01 - Seren Love\,{Shemale Yum Dvd03~G56~01~01 - Seren Love}
seren034.jpg,107462,2da5de94,\Gallery 56\01 - Seren Love\,{Shemale Yum Dvd03~G56~01~01 - Seren Love}
seren035.jpg,94400,f958410f,\Gallery 56\01 - Seren Love\,{Shemale Yum Dvd03~G56~01~01 - Seren Love}
seren036.jpg,100539,3a96ebb9,\Gallery 56\01 - Seren Love\,{Shemale Yum Dvd03~G56~01~01 - Seren Love}
seren037.jpg,128339,8c058988,\Gallery 56\01 - Seren Love\,{Shemale Yum Dvd03~G56~01~01 - Seren Love}
seren038.jpg,108226,fbb3f488,\Gallery 56\01 - Seren Love\,{Shemale Yum Dvd03~G56~01~01 - Seren Love}
seren039.jpg,102825,ae60b613,\Gallery 56\01 - Seren Love\,{Shemale Yum Dvd03~G56~01~01 - Seren Love}
seren040.jpg,110794,5cc81f48,\Gallery 56\01 - Seren Love\,{Shemale Yum Dvd03~G56~01~01 - Seren Love}
seren041.jpg,107914,38a47d16,\Gallery 56\01 - Seren Love\,{Shemale Yum Dvd03~G56~01~01 - Seren Love}
seren042.jpg,102593,6dd889f7,\Gallery 56\01 - Seren Love\,{Shemale Yum Dvd03~G56~01~01 - Seren Love}
seren043.jpg,103980,b3ad48b4,\Gallery 56\01 - Seren Love\,{Shemale Yum Dvd03~G56~01~01 - Seren Love}
seren044.jpg,104560,416810e2,\Gallery 56\01 - Seren Love\,{Shemale Yum Dvd03~G56~01~01 - Seren Love}
seren045.jpg,118281,184a40ac,\Gallery 56\01 - Seren Love\,{Shemale Yum Dvd03~G56~01~01 - Seren Love}
seren046.jpg,115212,fe8389f9,\Gallery 56\01 - Seren Love\,{Shemale Yum Dvd03~G56~01~01 - Seren Love}
seren047.jpg,115185,fff8e32a,\Gallery 56\01 - Seren Love\,{Shemale Yum Dvd03~G56~01~01 - Seren Love}
seren048.jpg,104829,1e3f5197,\Gallery 56\01 - Seren Love\,{Shemale Yum Dvd03~G56~01~01 - Seren Love}
seren049.jpg,105576,fbc63885,\Gallery 56\01 - Seren Love\,{Shemale Yum Dvd03~G56~01~01 - Seren Love}
seren050.jpg,116169,728f8e47,\Gallery 56\01 - Seren Love\,{Shemale Yum Dvd03~G56~01~01 - Seren Love}
ambrosia001.jpg,158152,7489b070,\Gallery 56\02 - Ambosia\,{Shemale Yum Dvd03~G56~02~02 - Ambosia}
ambrosia002.jpg,169003,81bfe12e,\Gallery 56\02 - Ambosia\,{Shemale Yum Dvd03~G56~02~02 - Ambosia}
ambrosia003.jpg,181776,1b71fc65,\Gallery 56\02 - Ambosia\,{Shemale Yum Dvd03~G56~02~02 - Ambosia}
ambrosia004.jpg,157980,c4b811e5,\Gallery 56\02 - Ambosia\,{Shemale Yum Dvd03~G56~02~02 - Ambosia}
ambrosia005.jpg,178085,420fb26c,\Gallery 56\02 - Ambosia\,{Shemale Yum Dvd03~G56~02~02 - Ambosia}
ambrosia006.jpg,169038,7afa8eb5,\Gallery 56\02 - Ambosia\,{Shemale Yum Dvd03~G56~02~02 - Ambosia}
ambrosia007.jpg,207318,67bd382c,\Gallery 56\02 - Ambosia\,{Shemale Yum Dvd03~G56~02~02 - Ambosia}
ambrosia008.jpg,232012,32efdbf1,\Gallery 56\02 - Ambosia\,{Shemale Yum Dvd03~G56~02~02 - Ambosia}
ambrosia009.jpg,161590,50024499,\Gallery 56\02 - Ambosia\,{Shemale Yum Dvd03~G56~02~02 - Ambosia}
ambrosia010.jpg,175850,03b01055,\Gallery 56\02 - Ambosia\,{Shemale Yum Dvd03~G56~02~02 - Ambosia}
ambrosia011.jpg,167678,a39ed037,\Gallery 56\02 - Ambosia\,{Shemale Yum Dvd03~G56~02~02 - Ambosia}
ambrosia012.jpg,146450,7e508f55,\Gallery 56\02 - Ambosia\,{Shemale Yum Dvd03~G56~02~02 - Ambosia}
ambrosia013.jpg,140274,3a55a31d,\Gallery 56\02 - Ambosia\,{Shemale Yum Dvd03~G56~02~02 - Ambosia}
ambrosia014.jpg,145748,321db53f,\Gallery 56\02 - Ambosia\,{Shemale Yum Dvd03~G56~02~02 - Ambosia}
ambrosia015.jpg,134488,2a02d8da,\Gallery 56\02 - Ambosia\,{Shemale Yum Dvd03~G56~02~02 - Ambosia}
ambrosia016.jpg,133092,bb17ea4c,\Gallery 56\02 - Ambosia\,{Shemale Yum Dvd03~G56~02~02 - Ambosia}
ambrosia017.jpg,147622,5b8e4cbe,\Gallery 56\02 - Ambosia\,{Shemale Yum Dvd03~G56~02~02 - Ambosia}
ambrosia018.jpg,160173,c4ccd96e,\Gallery 56\02 - Ambosia\,{Shemale Yum Dvd03~G56~02~02 - Ambosia}
ambrosia019.jpg,132045,c08aa2d5,\Gallery 56\02 - Ambosia\,{Shemale Yum Dvd03~G56~02~02 - Ambosia}
ambrosia020.jpg,152504,8e5ffc08,\Gallery 56\02 - Ambosia\,{Shemale Yum Dvd03~G56~02~02 - Ambosia}
ambrosia021.jpg,143580,79e85650,\Gallery 56\02 - Ambosia\,{Shemale Yum Dvd03~G56~02~02 - Ambosia}
ambrosia022.jpg,139843,a252c1cc,\Gallery 56\02 - Ambosia\,{Shemale Yum Dvd03~G56~02~02 - Ambosia}
ambrosia023.jpg,148846,2db41b4b,\Gallery 56\02 - Ambosia\,{Shemale Yum Dvd03~G56~02~02 - Ambosia}
ambrosia024.jpg,148845,4ca1d043,\Gallery 56\02 - Ambosia\,{Shemale Yum Dvd03~G56~02~02 - Ambosia}
ambrosia025.jpg,146714,83e1bd10,\Gallery 56\02 - Ambosia\,{Shemale Yum Dvd03~G56~02~02 - Ambosia}
ambrosia026.jpg,154342,8d2f7a56,\Gallery 56\02 - Ambosia\,{Shemale Yum Dvd03~G56~02~02 - Ambosia}
ambrosia027.jpg,137128,0ed4a5e1,\Gallery 56\02 - Ambosia\,{Shemale Yum Dvd03~G56~02~02 - Ambosia}
ambrosia028.jpg,149786,afbd4e3b,\Gallery 56\02 - Ambosia\,{Shemale Yum Dvd03~G56~02~02 - Ambosia}
ambrosia029.jpg,157237,62fce4ec,\Gallery 56\02 - Ambosia\,{Shemale Yum Dvd03~G56~02~02 - Ambosia}
ambrosia030.jpg,155537,3bdd9a9e,\Gallery 56\02 - Ambosia\,{Shemale Yum Dvd03~G56~02~02 - Ambosia}
ambrosia031.jpg,139931,ef7ee29e,\Gallery 56\02 - Ambosia\,{Shemale Yum Dvd03~G56~02~02 - Ambosia}
ambrosia032.jpg,167916,a79f6af4,\Gallery 56\02 - Ambosia\,{Shemale Yum Dvd03~G56~02~02 - Ambosia}
ambrosia033.jpg,211954,c2a2faf2,\Gallery 56\02 - Ambosia\,{Shemale Yum Dvd03~G56~02~02 - Ambosia}
ambrosia034.jpg,221226,dc587b1c,\Gallery 56\02 - Ambosia\,{Shemale Yum Dvd03~G56~02~02 - Ambosia}
ambrosia035.jpg,190652,7e349538,\Gallery 56\02 - Ambosia\,{Shemale Yum Dvd03~G56~02~02 - Ambosia}
ambrosia036.jpg,150850,fff1e038,\Gallery 56\02 - Ambosia\,{Shemale Yum Dvd03~G56~02~02 - Ambosia}
ambrosia037.jpg,218505,45b13a7b,\Gallery 56\02 - Ambosia\,{Shemale Yum Dvd03~G56~02~02 - Ambosia}
ambrosia038.jpg,166992,5c25504b,\Gallery 56\02 - Ambosia\,{Shemale Yum Dvd03~G56~02~02 - Ambosia}
ambrosia039.jpg,215992,c957f2a1,\Gallery 56\02 - Ambosia\,{Shemale Yum Dvd03~G56~02~02 - Ambosia}
ambrosia040.jpg,219601,74151be4,\Gallery 56\02 - Ambosia\,{Shemale Yum Dvd03~G56~02~02 - Ambosia}
ambrosia041.jpg,159935,dd9318a5,\Gallery 56\02 - Ambosia\,{Shemale Yum Dvd03~G56~02~02 - Ambosia}
ambrosia042.jpg,216785,09cd1ec9,\Gallery 56\02 - Ambosia\,{Shemale Yum Dvd03~G56~02~02 - Ambosia}
ambrosia043.jpg,168262,0c2fd38f,\Gallery 56\02 - Ambosia\,{Shemale Yum Dvd03~G56~02~02 - Ambosia}
ambrosia044.jpg,173943,55cc34fc,\Gallery 56\02 - Ambosia\,{Shemale Yum Dvd03~G56~02~02 - Ambosia}
ambrosia045.jpg,161298,1d2d5d38,\Gallery 56\02 - Ambosia\,{Shemale Yum Dvd03~G56~02~02 - Ambosia}
ambrosia046.jpg,215162,61d38400,\Gallery 56\02 - Ambosia\,{Shemale Yum Dvd03~G56~02~02 - Ambosia}
ambrosia047.jpg,163062,1f375800,\Gallery 56\02 - Ambosia\,{Shemale Yum Dvd03~G56~02~02 - Ambosia}
ambrosia048.jpg,203496,6c4036de,\Gallery 56\02 - Ambosia\,{Shemale Yum Dvd03~G56~02~02 - Ambosia}
ambrosia049.jpg,160356,b1511db4,\Gallery 56\02 - Ambosia\,{Shemale Yum Dvd03~G56~02~02 - Ambosia}
ambrosia050.jpg,164555,c9be3ed4,\Gallery 56\02 - Ambosia\,{Shemale Yum Dvd03~G56~02~02 - Ambosia}
ambrosia051.jpg,170874,9ba677ee,\Gallery 56\02 - Ambosia\,{Shemale Yum Dvd03~G56~02~02 - Ambosia}
ambrosia052.jpg,165467,85568411,\Gallery 56\02 - Ambosia\,{Shemale Yum Dvd03~G56~02~02 - Ambosia}
ambrosia053.jpg,132015,707d3ea8,\Gallery 56\02 - Ambosia\,{Shemale Yum Dvd03~G56~02~02 - Ambosia}
ambrosia054.jpg,143288,272f16ca,\Gallery 56\02 - Ambosia\,{Shemale Yum Dvd03~G56~02~02 - Ambosia}
ambrosia055.jpg,145954,3fb0a95f,\Gallery 56\02 - Ambosia\,{Shemale Yum Dvd03~G56~02~02 - Ambosia}
ambrosia056.jpg,149668,c931a345,\Gallery 56\02 - Ambosia\,{Shemale Yum Dvd03~G56~02~02 - Ambosia}
ambrosia057.jpg,150381,bae1d311,\Gallery 56\02 - Ambosia\,{Shemale Yum Dvd03~G56~02~02 - Ambosia}
ambrosia058.jpg,160642,5c052c29,\Gallery 56\02 - Ambosia\,{Shemale Yum Dvd03~G56~02~02 - Ambosia}
ambrosia059.jpg,134617,ea815db2,\Gallery 56\02 - Ambosia\,{Shemale Yum Dvd03~G56~02~02 - Ambosia}
ambrosia060.jpg,149127,dae1c095,\Gallery 56\02 - Ambosia\,{Shemale Yum Dvd03~G56~02~02 - Ambosia}
ambrosia061.jpg,145478,15de9d69,\Gallery 56\02 - Ambosia\,{Shemale Yum Dvd03~G56~02~02 - Ambosia}
ambrosia062.jpg,149055,56deb225,\Gallery 56\02 - Ambosia\,{Shemale Yum Dvd03~G56~02~02 - Ambosia}
ambrosia063.jpg,155101,6ee5b0bd,\Gallery 56\02 - Ambosia\,{Shemale Yum Dvd03~G56~02~02 - Ambosia}
ambrosia064.jpg,137742,bd63567c,\Gallery 56\02 - Ambosia\,{Shemale Yum Dvd03~G56~02~02 - Ambosia}
ambrosia065.jpg,162696,1ca90259,\Gallery 56\02 - Ambosia\,{Shemale Yum Dvd03~G56~02~02 - Ambosia}
ambrosia066.jpg,167476,e15d84e0,\Gallery 56\02 - Ambosia\,{Shemale Yum Dvd03~G56~02~02 - Ambosia}
ambrosia067.jpg,150813,dd320ef5,\Gallery 56\02 - Ambosia\,{Shemale Yum Dvd03~G56~02~02 - Ambosia}
ambrosia068.jpg,228459,172a2b6a,\Gallery 56\02 - Ambosia\,{Shemale Yum Dvd03~G56~02~02 - Ambosia}
ambrosia069.jpg,223623,99013454,\Gallery 56\02 - Ambosia\,{Shemale Yum Dvd03~G56~02~02 - Ambosia}
ambrosia070.jpg,162143,833433df,\Gallery 56\02 - Ambosia\,{Shemale Yum Dvd03~G56~02~02 - Ambosia}
ambrosia071.jpg,167982,9bcc7ad0,\Gallery 56\02 - Ambosia\,{Shemale Yum Dvd03~G56~02~02 - Ambosia}
ambrosia072.jpg,157876,d901b71e,\Gallery 56\02 - Ambosia\,{Shemale Yum Dvd03~G56~02~02 - Ambosia}
ambrosia073.jpg,149403,ea664b7d,\Gallery 56\02 - Ambosia\,{Shemale Yum Dvd03~G56~02~02 - Ambosia}
ambrosia074.jpg,215689,988f08f8,\Gallery 56\02 - Ambosia\,{Shemale Yum Dvd03~G56~02~02 - Ambosia}
ambrosia075.jpg,156771,bc95e941,\Gallery 56\02 - Ambosia\,{Shemale Yum Dvd03~G56~02~02 - Ambosia}
ambrosia076.jpg,150778,c7ae210a,\Gallery 56\02 - Ambosia\,{Shemale Yum Dvd03~G56~02~02 - Ambosia}
ambrosia077.jpg,155434,6aa1faf7,\Gallery 56\02 - Ambosia\,{Shemale Yum Dvd03~G56~02~02 - Ambosia}
ambrosia078.jpg,147617,683a0ff7,\Gallery 56\02 - Ambosia\,{Shemale Yum Dvd03~G56~02~02 - Ambosia}
ambrosia079.jpg,148651,487cb08f,\Gallery 56\02 - Ambosia\,{Shemale Yum Dvd03~G56~02~02 - Ambosia}
ambrosia080.jpg,158578,95a0a4e4,\Gallery 56\02 - Ambosia\,{Shemale Yum Dvd03~G56~02~02 - Ambosia}
ambrosia081.jpg,153698,65f53e3f,\Gallery 56\02 - Ambosia\,{Shemale Yum Dvd03~G56~02~02 - Ambosia}
ambrosia082.jpg,152149,59af43c5,\Gallery 56\02 - Ambosia\,{Shemale Yum Dvd03~G56~02~02 - Ambosia}
ambrosia083.jpg,158574,343ffd95,\Gallery 56\02 - Ambosia\,{Shemale Yum Dvd03~G56~02~02 - Ambosia}
ambrosia084.jpg,154643,2982d609,\Gallery 56\02 - Ambosia\,{Shemale Yum Dvd03~G56~02~02 - Ambosia}
ambrosia085.jpg,155097,4bebb666,\Gallery 56\02 - Ambosia\,{Shemale Yum Dvd03~G56~02~02 - Ambosia}
ambrosia086.jpg,148698,ca29160c,\Gallery 56\02 - Ambosia\,{Shemale Yum Dvd03~G56~02~02 - Ambosia}
ambrosia087.jpg,144133,8eb14141,\Gallery 56\02 - Ambosia\,{Shemale Yum Dvd03~G56~02~02 - Ambosia}
ambrosia088.jpg,149244,e5035eb3,\Gallery 56\02 - Ambosia\,{Shemale Yum Dvd03~G56~02~02 - Ambosia}
ambrosia089.jpg,125382,93db327e,\Gallery 56\02 - Ambosia\,{Shemale Yum Dvd03~G56~02~02 - Ambosia}
ambrosia090.jpg,160939,78db6025,\Gallery 56\02 - Ambosia\,{Shemale Yum Dvd03~G56~02~02 - Ambosia}
ambrosia091.jpg,159817,5ed3f228,\Gallery 56\02 - Ambosia\,{Shemale Yum Dvd03~G56~02~02 - Ambosia}
ambrosia092.jpg,157276,cbad722c,\Gallery 56\02 - Ambosia\,{Shemale Yum Dvd03~G56~02~02 - Ambosia}
ambrosia093.jpg,144432,91018132,\Gallery 56\02 - Ambosia\,{Shemale Yum Dvd03~G56~02~02 - Ambosia}
ambrosia094.jpg,136816,7d88e845,\Gallery 56\02 - Ambosia\,{Shemale Yum Dvd03~G56~02~02 - Ambosia}
ambrosia095.jpg,140792,0340077a,\Gallery 56\02 - Ambosia\,{Shemale Yum Dvd03~G56~02~02 - Ambosia}
ambrosia096.jpg,142703,71249cf6,\Gallery 56\02 - Ambosia\,{Shemale Yum Dvd03~G56~02~02 - Ambosia}
ambrosia097.jpg,159373,0b8697ce,\Gallery 56\02 - Ambosia\,{Shemale Yum Dvd03~G56~02~02 - Ambosia}
ambrosia098.jpg,126507,8eeea4e0,\Gallery 56\02 - Ambosia\,{Shemale Yum Dvd03~G56~02~02 - Ambosia}
ambrosia099.jpg,161673,55c42dea,\Gallery 56\02 - Ambosia\,{Shemale Yum Dvd03~G56~02~02 - Ambosia}
ambrosia100.jpg,121976,e281a9cd,\Gallery 56\02 - Ambosia\,{Shemale Yum Dvd03~G56~02~02 - Ambosia}
ambrosia101.jpg,240739,41885fc7,\Gallery 56\02 - Ambosia\,{Shemale Yum Dvd03~G56~02~02 - Ambosia}
ambrosia102.jpg,203773,c01f8a39,\Gallery 56\02 - Ambosia\,{Shemale Yum Dvd03~G56~02~02 - Ambosia}
ambrosia103.jpg,151769,ce4431f3,\Gallery 56\02 - Ambosia\,{Shemale Yum Dvd03~G56~02~02 - Ambosia}
ambrosia104.jpg,166947,d4a0de2c,\Gallery 56\02 - Ambosia\,{Shemale Yum Dvd03~G56~02~02 - Ambosia}
ambrosia105.jpg,162160,1b04149a,\Gallery 56\02 - Ambosia\,{Shemale Yum Dvd03~G56~02~02 - Ambosia}
ambrosia106.jpg,158671,70d86f15,\Gallery 56\02 - Ambosia\,{Shemale Yum Dvd03~G56~02~02 - Ambosia}
ambrosia107.jpg,164291,85ecf303,\Gallery 56\02 - Ambosia\,{Shemale Yum Dvd03~G56~02~02 - Ambosia}
ambrosia108.jpg,153459,68da8c9a,\Gallery 56\02 - Ambosia\,{Shemale Yum Dvd03~G56~02~02 - Ambosia}
ambrosia109.jpg,216235,f05ff2dc,\Gallery 56\02 - Ambosia\,{Shemale Yum Dvd03~G56~02~02 - Ambosia}
ambrosia110.jpg,151197,9efc0d37,\Gallery 56\02 - Ambosia\,{Shemale Yum Dvd03~G56~02~02 - Ambosia}
ambrosia111.jpg,167298,1e5ce9eb,\Gallery 56\02 - Ambosia\,{Shemale Yum Dvd03~G56~02~02 - Ambosia}
ambrosia112.jpg,167691,17e78c63,\Gallery 56\02 - Ambosia\,{Shemale Yum Dvd03~G56~02~02 - Ambosia}
ambrosia113.jpg,149937,c844d097,\Gallery 56\02 - Ambosia\,{Shemale Yum Dvd03~G56~02~02 - Ambosia}
ambrosia114.jpg,157249,0ccc3741,\Gallery 56\02 - Ambosia\,{Shemale Yum Dvd03~G56~02~02 - Ambosia}
ambrosia115.jpg,135153,2afda7e5,\Gallery 56\02 - Ambosia\,{Shemale Yum Dvd03~G56~02~02 - Ambosia}
ambrosia116.jpg,216761,ac8df0ea,\Gallery 56\02 - Ambosia\,{Shemale Yum Dvd03~G56~02~02 - Ambosia}
ambrosia117.jpg,218143,5711884e,\Gallery 56\02 - Ambosia\,{Shemale Yum Dvd03~G56~02~02 - Ambosia}
ambrosia118.jpg,223272,e5f95fb3,\Gallery 56\02 - Ambosia\,{Shemale Yum Dvd03~G56~02~02 - Ambosia}
ambrosia119.jpg,217365,e97426ad,\Gallery 56\02 - Ambosia\,{Shemale Yum Dvd03~G56~02~02 - Ambosia}
ambrosia120.jpg,181532,61d6fe3e,\Gallery 56\02 - Ambosia\,{Shemale Yum Dvd03~G56~02~02 - Ambosia}
ambrosia121.jpg,200594,eb535859,\Gallery 56\02 - Ambosia\,{Shemale Yum Dvd03~G56~02~02 - Ambosia}
ambrosia122.jpg,156960,c3795d15,\Gallery 56\02 - Ambosia\,{Shemale Yum Dvd03~G56~02~02 - Ambosia}
ambrosia123.jpg,157021,4b217687,\Gallery 56\02 - Ambosia\,{Shemale Yum Dvd03~G56~02~02 - Ambosia}
ambrosia124.jpg,160921,c8f09b82,\Gallery 56\02 - Ambosia\,{Shemale Yum Dvd03~G56~02~02 - Ambosia}
ambrosia125.jpg,160689,29fe7d9a,\Gallery 56\02 - Ambosia\,{Shemale Yum Dvd03~G56~02~02 - Ambosia}
ambrosia126.jpg,154436,9a4f58fb,\Gallery 56\02 - Ambosia\,{Shemale Yum Dvd03~G56~02~02 - Ambosia}
ambrosia127.jpg,157791,37ba7326,\Gallery 56\02 - Ambosia\,{Shemale Yum Dvd03~G56~02~02 - Ambosia}
ambrosia128.jpg,156988,12289fd7,\Gallery 56\02 - Ambosia\,{Shemale Yum Dvd03~G56~02~02 - Ambosia}
ambrosia129.jpg,153951,cfc2b15d,\Gallery 56\02 - Ambosia\,{Shemale Yum Dvd03~G56~02~02 - Ambosia}
ambrosia130.jpg,166562,3d38f771,\Gallery 56\02 - Ambosia\,{Shemale Yum Dvd03~G56~02~02 - Ambosia}
ambrosia131.jpg,117879,7c58e892,\Gallery 56\02 - Ambosia\,{Shemale Yum Dvd03~G56~02~02 - Ambosia}
ambrosia132.jpg,93434,207e6984,\Gallery 56\02 - Ambosia\,{Shemale Yum Dvd03~G56~02~02 - Ambosia}
ambrosia133.jpg,106700,4f0704e5,\Gallery 56\02 - Ambosia\,{Shemale Yum Dvd03~G56~02~02 - Ambosia}
ambrosia134.jpg,144126,00736151,\Gallery 56\02 - Ambosia\,{Shemale Yum Dvd03~G56~02~02 - Ambosia}
ambrosia135.jpg,134157,f0dc9ba6,\Gallery 56\02 - Ambosia\,{Shemale Yum Dvd03~G56~02~02 - Ambosia}
ambrosia136.jpg,144620,819c800b,\Gallery 56\02 - Ambosia\,{Shemale Yum Dvd03~G56~02~02 - Ambosia}
ambrosia137.jpg,149977,c014a952,\Gallery 56\02 - Ambosia\,{Shemale Yum Dvd03~G56~02~02 - Ambosia}
ambrosia138.jpg,146091,d7853a71,\Gallery 56\02 - Ambosia\,{Shemale Yum Dvd03~G56~02~02 - Ambosia}
ambrosia139.jpg,114459,a6286313,\Gallery 56\02 - Ambosia\,{Shemale Yum Dvd03~G56~02~02 - Ambosia}
ambrosia140.jpg,148735,12111172,\Gallery 56\02 - Ambosia\,{Shemale Yum Dvd03~G56~02~02 - Ambosia}
ambrosia141.jpg,141931,5718055d,\Gallery 56\02 - Ambosia\,{Shemale Yum Dvd03~G56~02~02 - Ambosia}
ambrosia142.jpg,87925,a3b3ed67,\Gallery 56\02 - Ambosia\,{Shemale Yum Dvd03~G56~02~02 - Ambosia}
ambrosia143.jpg,165816,b421f5b0,\Gallery 56\02 - Ambosia\,{Shemale Yum Dvd03~G56~02~02 - Ambosia}
ambrosia144.jpg,165397,df105806,\Gallery 56\02 - Ambosia\,{Shemale Yum Dvd03~G56~02~02 - Ambosia}
ambrosia145.jpg,160769,438543bd,\Gallery 56\02 - Ambosia\,{Shemale Yum Dvd03~G56~02~02 - Ambosia}
ambrosia146.jpg,131950,ad615be1,\Gallery 56\02 - Ambosia\,{Shemale Yum Dvd03~G56~02~02 - Ambosia}
ambrosia147.jpg,159106,a53a2fe0,\Gallery 56\02 - Ambosia\,{Shemale Yum Dvd03~G56~02~02 - Ambosia}
ambrosia148.jpg,156045,f466e22e,\Gallery 56\02 - Ambosia\,{Shemale Yum Dvd03~G56~02~02 - Ambosia}
ambrosia149.jpg,157636,8a92f937,\Gallery 56\02 - Ambosia\,{Shemale Yum Dvd03~G56~02~02 - Ambosia}
ambrosia150.jpg,158415,d8cb8fad,\Gallery 56\02 - Ambosia\,{Shemale Yum Dvd03~G56~02~02 - Ambosia}
ambrosia151.jpg,166119,f61e9144,\Gallery 56\02 - Ambosia\,{Shemale Yum Dvd03~G56~02~02 - Ambosia}
ambrosia152.jpg,159593,677061c8,\Gallery 56\02 - Ambosia\,{Shemale Yum Dvd03~G56~02~02 - Ambosia}
ambrosia153.jpg,153547,698c5f12,\Gallery 56\02 - Ambosia\,{Shemale Yum Dvd03~G56~02~02 - Ambosia}
ambrosia154.jpg,147263,103e70ac,\Gallery 56\02 - Ambosia\,{Shemale Yum Dvd03~G56~02~02 - Ambosia}
ambrosia155.jpg,155508,74895e3c,\Gallery 56\02 - Ambosia\,{Shemale Yum Dvd03~G56~02~02 - Ambosia}
ambrosia156.jpg,156775,57ad5e47,\Gallery 56\02 - Ambosia\,{Shemale Yum Dvd03~G56~02~02 - Ambosia}
ambrosia157.jpg,155940,6b1e9b4d,\Gallery 56\02 - Ambosia\,{Shemale Yum Dvd03~G56~02~02 - Ambosia}
ambrosia158.jpg,158267,b39b9c7b,\Gallery 56\02 - Ambosia\,{Shemale Yum Dvd03~G56~02~02 - Ambosia}
ambrosia159.jpg,158938,21743540,\Gallery 56\02 - Ambosia\,{Shemale Yum Dvd03~G56~02~02 - Ambosia}
ambrosia160.jpg,163056,680786a1,\Gallery 56\02 - Ambosia\,{Shemale Yum Dvd03~G56~02~02 - Ambosia}
ambrosia161.jpg,154515,81a6ac6c,\Gallery 56\02 - Ambosia\,{Shemale Yum Dvd03~G56~02~02 - Ambosia}
ambrosia162.jpg,156401,44aac80b,\Gallery 56\02 - Ambosia\,{Shemale Yum Dvd03~G56~02~02 - Ambosia}
ambrosia163.jpg,160789,a6619f0a,\Gallery 56\02 - Ambosia\,{Shemale Yum Dvd03~G56~02~02 - Ambosia}
ambrosia164.jpg,166756,71cb5045,\Gallery 56\02 - Ambosia\,{Shemale Yum Dvd03~G56~02~02 - Ambosia}
ambrosia165.jpg,158828,36181ac3,\Gallery 56\02 - Ambosia\,{Shemale Yum Dvd03~G56~02~02 - Ambosia}
ambrosia166.jpg,141165,c47b44ad,\Gallery 56\02 - Ambosia\,{Shemale Yum Dvd03~G56~02~02 - Ambosia}
ambrosia167.jpg,165824,0867466a,\Gallery 56\02 - Ambosia\,{Shemale Yum Dvd03~G56~02~02 - Ambosia}
ambrosia168.jpg,160005,44d12ac5,\Gallery 56\02 - Ambosia\,{Shemale Yum Dvd03~G56~02~02 - Ambosia}
ambrosia169.jpg,151510,582d2716,\Gallery 56\02 - Ambosia\,{Shemale Yum Dvd03~G56~02~02 - Ambosia}
ambrosia170.jpg,159446,146920bc,\Gallery 56\02 - Ambosia\,{Shemale Yum Dvd03~G56~02~02 - Ambosia}
ambrosia171.jpg,160828,067da73d,\Gallery 56\02 - Ambosia\,{Shemale Yum Dvd03~G56~02~02 - Ambosia}
ambrosia172.jpg,154650,f742d746,\Gallery 56\02 - Ambosia\,{Shemale Yum Dvd03~G56~02~02 - Ambosia}
ambrosia173.jpg,207608,73bf16e2,\Gallery 56\02 - Ambosia\,{Shemale Yum Dvd03~G56~02~02 - Ambosia}
ambrosia174.jpg,204787,23a917b3,\Gallery 56\02 - Ambosia\,{Shemale Yum Dvd03~G56~02~02 - Ambosia}
briany001.jpg,201457,ba909b15,\Gallery 56\03 - Briany\,{Shemale Yum Dvd03~G56~03~03 - Briany}
briany002.jpg,198376,4edc4274,\Gallery 56\03 - Briany\,{Shemale Yum Dvd03~G56~03~03 - Briany}
briany003.jpg,197961,14f89c54,\Gallery 56\03 - Briany\,{Shemale Yum Dvd03~G56~03~03 - Briany}
briany004.jpg,207511,676b78ad,\Gallery 56\03 - Briany\,{Shemale Yum Dvd03~G56~03~03 - Briany}
briany005.jpg,185679,1b7c0c52,\Gallery 56\03 - Briany\,{Shemale Yum Dvd03~G56~03~03 - Briany}
briany006.jpg,161093,11aecf0f,\Gallery 56\03 - Briany\,{Shemale Yum Dvd03~G56~03~03 - Briany}
briany008.jpg,167094,982375bd,\Gallery 56\03 - Briany\,{Shemale Yum Dvd03~G56~03~03 - Briany}
briany009.jpg,176229,233921c9,\Gallery 56\03 - Briany\,{Shemale Yum Dvd03~G56~03~03 - Briany}
briany010.jpg,173269,3bf094fd,\Gallery 56\03 - Briany\,{Shemale Yum Dvd03~G56~03~03 - Briany}
briany011.jpg,174645,feb38a2a,\Gallery 56\03 - Briany\,{Shemale Yum Dvd03~G56~03~03 - Briany}
briany012.jpg,171952,81cc1b5a,\Gallery 56\03 - Briany\,{Shemale Yum Dvd03~G56~03~03 - Briany}
briany013.jpg,164845,44f3bca0,\Gallery 56\03 - Briany\,{Shemale Yum Dvd03~G56~03~03 - Briany}
briany014.jpg,158820,75cd615b,\Gallery 56\03 - Briany\,{Shemale Yum Dvd03~G56~03~03 - Briany}
briany015.jpg,160113,739ff1e2,\Gallery 56\03 - Briany\,{Shemale Yum Dvd03~G56~03~03 - Briany}
briany016.jpg,133244,6acf0242,\Gallery 56\03 - Briany\,{Shemale Yum Dvd03~G56~03~03 - Briany}
briany017.jpg,170424,f6a09678,\Gallery 56\03 - Briany\,{Shemale Yum Dvd03~G56~03~03 - Briany}
briany018.jpg,152209,f424a8ea,\Gallery 56\03 - Briany\,{Shemale Yum Dvd03~G56~03~03 - Briany}
briany019.jpg,137307,9607d22f,\Gallery 56\03 - Briany\,{Shemale Yum Dvd03~G56~03~03 - Briany}
briany020.jpg,151225,3b33b194,\Gallery 56\03 - Briany\,{Shemale Yum Dvd03~G56~03~03 - Briany}
briany021.jpg,180259,88b51fa5,\Gallery 56\03 - Briany\,{Shemale Yum Dvd03~G56~03~03 - Briany}
briany022.jpg,188231,7dcfdd82,\Gallery 56\03 - Briany\,{Shemale Yum Dvd03~G56~03~03 - Briany}
briany023.jpg,169495,aad37d52,\Gallery 56\03 - Briany\,{Shemale Yum Dvd03~G56~03~03 - Briany}
briany024.jpg,143269,769e0624,\Gallery 56\03 - Briany\,{Shemale Yum Dvd03~G56~03~03 - Briany}
briany025.jpg,146669,e1896f80,\Gallery 56\03 - Briany\,{Shemale Yum Dvd03~G56~03~03 - Briany}
briany026.jpg,159078,9b16c46a,\Gallery 56\03 - Briany\,{Shemale Yum Dvd03~G56~03~03 - Briany}
briany027.jpg,152723,00779949,\Gallery 56\03 - Briany\,{Shemale Yum Dvd03~G56~03~03 - Briany}
briany028.jpg,159896,bf1da273,\Gallery 56\03 - Briany\,{Shemale Yum Dvd03~G56~03~03 - Briany}
briany029.jpg,145634,0d0b2ba5,\Gallery 56\03 - Briany\,{Shemale Yum Dvd03~G56~03~03 - Briany}
briany030.jpg,139574,b660bf83,\Gallery 56\03 - Briany\,{Shemale Yum Dvd03~G56~03~03 - Briany}
briany031.jpg,174340,2231b52c,\Gallery 56\03 - Briany\,{Shemale Yum Dvd03~G56~03~03 - Briany}
briany032.jpg,158410,aa152eed,\Gallery 56\03 - Briany\,{Shemale Yum Dvd03~G56~03~03 - Briany}
briany033.jpg,200011,096890af,\Gallery 56\03 - Briany\,{Shemale Yum Dvd03~G56~03~03 - Briany}
briany034.jpg,137303,f2f80beb,\Gallery 56\03 - Briany\,{Shemale Yum Dvd03~G56~03~03 - Briany}
briany035.jpg,175791,49fcc287,\Gallery 56\03 - Briany\,{Shemale Yum Dvd03~G56~03~03 - Briany}
briany036.jpg,178232,12cd1789,\Gallery 56\03 - Briany\,{Shemale Yum Dvd03~G56~03~03 - Briany}
briany037.jpg,170068,64ea5cf3,\Gallery 56\03 - Briany\,{Shemale Yum Dvd03~G56~03~03 - Briany}
briany038.jpg,115511,48e00c4b,\Gallery 56\03 - Briany\,{Shemale Yum Dvd03~G56~03~03 - Briany}
briany039.jpg,166509,28fa1a60,\Gallery 56\03 - Briany\,{Shemale Yum Dvd03~G56~03~03 - Briany}
briany040.jpg,230333,32c91a86,\Gallery 56\03 - Briany\,{Shemale Yum Dvd03~G56~03~03 - Briany}
briany041.jpg,162803,e98549b8,\Gallery 56\03 - Briany\,{Shemale Yum Dvd03~G56~03~03 - Briany}
briany043.jpg,158780,3ae3a451,\Gallery 56\03 - Briany\,{Shemale Yum Dvd03~G56~03~03 - Briany}
briany045.jpg,143999,d6d56504,\Gallery 56\03 - Briany\,{Shemale Yum Dvd03~G56~03~03 - Briany}
briany046.jpg,140305,11beb21f,\Gallery 56\03 - Briany\,{Shemale Yum Dvd03~G56~03~03 - Briany}
briany047.jpg,165462,50d1669d,\Gallery 56\03 - Briany\,{Shemale Yum Dvd03~G56~03~03 - Briany}
briany048.jpg,182916,dc819ac6,\Gallery 56\03 - Briany\,{Shemale Yum Dvd03~G56~03~03 - Briany}
briany049.jpg,164149,7361b326,\Gallery 56\03 - Briany\,{Shemale Yum Dvd03~G56~03~03 - Briany}
briany050.jpg,180620,db6db29e,\Gallery 56\03 - Briany\,{Shemale Yum Dvd03~G56~03~03 - Briany}
briany051.jpg,145170,dbccf444,\Gallery 56\03 - Briany\,{Shemale Yum Dvd03~G56~03~03 - Briany}
briany052.jpg,190935,66f3e328,\Gallery 56\03 - Briany\,{Shemale Yum Dvd03~G56~03~03 - Briany}
briany053.jpg,161306,6d67d862,\Gallery 56\03 - Briany\,{Shemale Yum Dvd03~G56~03~03 - Briany}
briany054.jpg,156868,da95787d,\Gallery 56\03 - Briany\,{Shemale Yum Dvd03~G56~03~03 - Briany}
briany055.jpg,173400,b253761b,\Gallery 56\03 - Briany\,{Shemale Yum Dvd03~G56~03~03 - Briany}
briany056.jpg,148872,0b2d7bfa,\Gallery 56\03 - Briany\,{Shemale Yum Dvd03~G56~03~03 - Briany}
briany057.jpg,147781,7a725277,\Gallery 56\03 - Briany\,{Shemale Yum Dvd03~G56~03~03 - Briany}
briany058.jpg,234292,3ed60700,\Gallery 56\03 - Briany\,{Shemale Yum Dvd03~G56~03~03 - Briany}
briany059.jpg,159011,2c668cdc,\Gallery 56\03 - Briany\,{Shemale Yum Dvd03~G56~03~03 - Briany}
briany060.jpg,220532,49b922db,\Gallery 56\03 - Briany\,{Shemale Yum Dvd03~G56~03~03 - Briany}
briany061.jpg,146341,50e60e5d,\Gallery 56\03 - Briany\,{Shemale Yum Dvd03~G56~03~03 - Briany}
briany062.jpg,233472,16052d2b,\Gallery 56\03 - Briany\,{Shemale Yum Dvd03~G56~03~03 - Briany}
briany063.jpg,238999,8c6a3a0f,\Gallery 56\03 - Briany\,{Shemale Yum Dvd03~G56~03~03 - Briany}
briany064.jpg,134526,4ddf3468,\Gallery 56\03 - Briany\,{Shemale Yum Dvd03~G56~03~03 - Briany}
briany065.jpg,175931,0a5e45d0,\Gallery 56\03 - Briany\,{Shemale Yum Dvd03~G56~03~03 - Briany}
briany066.jpg,161108,cdaa4e53,\Gallery 56\03 - Briany\,{Shemale Yum Dvd03~G56~03~03 - Briany}
briany069.jpg,185738,dd6698e9,\Gallery 56\03 - Briany\,{Shemale Yum Dvd03~G56~03~03 - Briany}
briany070.jpg,134553,1c3ae0f6,\Gallery 56\03 - Briany\,{Shemale Yum Dvd03~G56~03~03 - Briany}
briany071.jpg,121760,efd6c7a5,\Gallery 56\03 - Briany\,{Shemale Yum Dvd03~G56~03~03 - Briany}
briany072.jpg,117428,12a4c2ed,\Gallery 56\03 - Briany\,{Shemale Yum Dvd03~G56~03~03 - Briany}
briany073.jpg,157673,d982e9d3,\Gallery 56\03 - Briany\,{Shemale Yum Dvd03~G56~03~03 - Briany}
briany074.jpg,129688,a8e50bf7,\Gallery 56\03 - Briany\,{Shemale Yum Dvd03~G56~03~03 - Briany}
briany075.jpg,124462,6ec278f3,\Gallery 56\03 - Briany\,{Shemale Yum Dvd03~G56~03~03 - Briany}
briany076.jpg,168639,59d12397,\Gallery 56\03 - Briany\,{Shemale Yum Dvd03~G56~03~03 - Briany}
briany077.jpg,177745,743bc648,\Gallery 56\03 - Briany\,{Shemale Yum Dvd03~G56~03~03 - Briany}
briany078.jpg,220091,223f6bd2,\Gallery 56\03 - Briany\,{Shemale Yum Dvd03~G56~03~03 - Briany}
briany081.jpg,165813,b5231950,\Gallery 56\03 - Briany\,{Shemale Yum Dvd03~G56~03~03 - Briany}
briany082.jpg,170665,aad35af7,\Gallery 56\03 - Briany\,{Shemale Yum Dvd03~G56~03~03 - Briany}
briany083.jpg,121567,2ba0fde6,\Gallery 56\03 - Briany\,{Shemale Yum Dvd03~G56~03~03 - Briany}
briany084.jpg,121723,8e83ea1d,\Gallery 56\03 - Briany\,{Shemale Yum Dvd03~G56~03~03 - Briany}
briany085.jpg,126947,9284526c,\Gallery 56\03 - Briany\,{Shemale Yum Dvd03~G56~03~03 - Briany}
briany086.jpg,166071,e3c4d1e9,\Gallery 56\03 - Briany\,{Shemale Yum Dvd03~G56~03~03 - Briany}
briany087.jpg,160491,273e2233,\Gallery 56\03 - Briany\,{Shemale Yum Dvd03~G56~03~03 - Briany}
briany088.jpg,111876,4b47aa62,\Gallery 56\03 - Briany\,{Shemale Yum Dvd03~G56~03~03 - Briany}
briany089.jpg,211271,067d8b36,\Gallery 56\03 - Briany\,{Shemale Yum Dvd03~G56~03~03 - Briany}
briany090.jpg,161163,5abce8ae,\Gallery 56\03 - Briany\,{Shemale Yum Dvd03~G56~03~03 - Briany}
briany091.jpg,160088,99ffad50,\Gallery 56\03 - Briany\,{Shemale Yum Dvd03~G56~03~03 - Briany}
briany092.jpg,155741,28b5d55a,\Gallery 56\03 - Briany\,{Shemale Yum Dvd03~G56~03~03 - Briany}
briany093.jpg,159884,7bbd0bc2,\Gallery 56\03 - Briany\,{Shemale Yum Dvd03~G56~03~03 - Briany}
briany094.jpg,200903,799a116b,\Gallery 56\03 - Briany\,{Shemale Yum Dvd03~G56~03~03 - Briany}
briany095.jpg,160935,72b6c482,\Gallery 56\03 - Briany\,{Shemale Yum Dvd03~G56~03~03 - Briany}
briany096.jpg,135648,3d3e2850,\Gallery 56\03 - Briany\,{Shemale Yum Dvd03~G56~03~03 - Briany}
briany097.jpg,130882,341144ec,\Gallery 56\03 - Briany\,{Shemale Yum Dvd03~G56~03~03 - Briany}
briany098.jpg,151396,ff2ba210,\Gallery 56\03 - Briany\,{Shemale Yum Dvd03~G56~03~03 - Briany}
briany099.jpg,135326,a3d0cdd1,\Gallery 56\03 - Briany\,{Shemale Yum Dvd03~G56~03~03 - Briany}
briany100.jpg,128356,4c091db1,\Gallery 56\03 - Briany\,{Shemale Yum Dvd03~G56~03~03 - Briany}
briany101.jpg,176062,563a9dfb,\Gallery 56\03 - Briany\,{Shemale Yum Dvd03~G56~03~03 - Briany}
briany102.jpg,131488,5bdeda35,\Gallery 56\03 - Briany\,{Shemale Yum Dvd03~G56~03~03 - Briany}
briany103.jpg,131253,9b921e3d,\Gallery 56\03 - Briany\,{Shemale Yum Dvd03~G56~03~03 - Briany}
briany104.jpg,128489,f63ce7c1,\Gallery 56\03 - Briany\,{Shemale Yum Dvd03~G56~03~03 - Briany}
briany105.jpg,140959,0efbd29b,\Gallery 56\03 - Briany\,{Shemale Yum Dvd03~G56~03~03 - Briany}
briany106.jpg,144056,5141357d,\Gallery 56\03 - Briany\,{Shemale Yum Dvd03~G56~03~03 - Briany}
briany107.jpg,133635,875aa1dd,\Gallery 56\03 - Briany\,{Shemale Yum Dvd03~G56~03~03 - Briany}
briany2001.jpg,178850,3bc3dcab,\Gallery 56\03 - Briany (2)\,{Shemale Yum Dvd03~G56~03-2~03 - Briany (2)}
briany2002.jpg,181530,580eb566,\Gallery 56\03 - Briany (2)\,{Shemale Yum Dvd03~G56~03-2~03 - Briany (2)}
briany2003.jpg,180978,be879aaa,\Gallery 56\03 - Briany (2)\,{Shemale Yum Dvd03~G56~03-2~03 - Briany (2)}
briany2004.jpg,173493,08d3dcd5,\Gallery 56\03 - Briany (2)\,{Shemale Yum Dvd03~G56~03-2~03 - Briany (2)}
briany2005.jpg,161187,57d9eb07,\Gallery 56\03 - Briany (2)\,{Shemale Yum Dvd03~G56~03-2~03 - Briany (2)}
briany2006.jpg,163352,48ec98e1,\Gallery 56\03 - Briany (2)\,{Shemale Yum Dvd03~G56~03-2~03 - Briany (2)}
briany2007.jpg,148329,21c67c3a,\Gallery 56\03 - Briany (2)\,{Shemale Yum Dvd03~G56~03-2~03 - Briany (2)}
briany2008.jpg,165105,7454c232,\Gallery 56\03 - Briany (2)\,{Shemale Yum Dvd03~G56~03-2~03 - Briany (2)}
briany2009.jpg,175097,ccd539ce,\Gallery 56\03 - Briany (2)\,{Shemale Yum Dvd03~G56~03-2~03 - Briany (2)}
briany2010.jpg,144360,3693cab1,\Gallery 56\03 - Briany (2)\,{Shemale Yum Dvd03~G56~03-2~03 - Briany (2)}
briany2011.jpg,115142,06ea359b,\Gallery 56\03 - Briany (2)\,{Shemale Yum Dvd03~G56~03-2~03 - Briany (2)}
briany2012.jpg,154080,3e99e50b,\Gallery 56\03 - Briany (2)\,{Shemale Yum Dvd03~G56~03-2~03 - Briany (2)}
briany2013.jpg,154618,a5c0faef,\Gallery 56\03 - Briany (2)\,{Shemale Yum Dvd03~G56~03-2~03 - Briany (2)}
briany2014.jpg,157377,2f4d3a6d,\Gallery 56\03 - Briany (2)\,{Shemale Yum Dvd03~G56~03-2~03 - Briany (2)}
briany2015.jpg,151669,1ef75e76,\Gallery 56\03 - Briany (2)\,{Shemale Yum Dvd03~G56~03-2~03 - Briany (2)}
briany2016.jpg,142312,ceaa720f,\Gallery 56\03 - Briany (2)\,{Shemale Yum Dvd03~G56~03-2~03 - Briany (2)}
briany2017.jpg,138102,d1afb940,\Gallery 56\03 - Briany (2)\,{Shemale Yum Dvd03~G56~03-2~03 - Briany (2)}
briany2018.jpg,152573,713184bc,\Gallery 56\03 - Briany (2)\,{Shemale Yum Dvd03~G56~03-2~03 - Briany (2)}
briany2019.jpg,148690,d460a99a,\Gallery 56\03 - Briany (2)\,{Shemale Yum Dvd03~G56~03-2~03 - Briany (2)}
briany2020.jpg,147120,d115bc59,\Gallery 56\03 - Briany (2)\,{Shemale Yum Dvd03~G56~03-2~03 - Briany (2)}
briany2021.jpg,145225,fc2df239,\Gallery 56\03 - Briany (2)\,{Shemale Yum Dvd03~G56~03-2~03 - Briany (2)}
briany2022.jpg,144885,067bcf3a,\Gallery 56\03 - Briany (2)\,{Shemale Yum Dvd03~G56~03-2~03 - Briany (2)}
briany2023.jpg,144741,da784145,\Gallery 56\03 - Briany (2)\,{Shemale Yum Dvd03~G56~03-2~03 - Briany (2)}
briany2024.jpg,147423,eddbc3cf,\Gallery 56\03 - Briany (2)\,{Shemale Yum Dvd03~G56~03-2~03 - Briany (2)}
briany2025.jpg,150042,d99e0d04,\Gallery 56\03 - Briany (2)\,{Shemale Yum Dvd03~G56~03-2~03 - Briany (2)}
briany2026.jpg,134242,4b719b13,\Gallery 56\03 - Briany (2)\,{Shemale Yum Dvd03~G56~03-2~03 - Briany (2)}
briany2027.jpg,135927,253b8293,\Gallery 56\03 - Briany (2)\,{Shemale Yum Dvd03~G56~03-2~03 - Briany (2)}
briany2028.jpg,149381,b78cd711,\Gallery 56\03 - Briany (2)\,{Shemale Yum Dvd03~G56~03-2~03 - Briany (2)}
briany2029.jpg,148026,799c6a84,\Gallery 56\03 - Briany (2)\,{Shemale Yum Dvd03~G56~03-2~03 - Briany (2)}
briany2030.jpg,153998,ac4e9eb8,\Gallery 56\03 - Briany (2)\,{Shemale Yum Dvd03~G56~03-2~03 - Briany (2)}
briany2031.jpg,144931,5b35c6cc,\Gallery 56\03 - Briany (2)\,{Shemale Yum Dvd03~G56~03-2~03 - Briany (2)}
briany2032.jpg,142777,54c630bd,\Gallery 56\03 - Briany (2)\,{Shemale Yum Dvd03~G56~03-2~03 - Briany (2)}
briany2033.jpg,143037,77560355,\Gallery 56\03 - Briany (2)\,{Shemale Yum Dvd03~G56~03-2~03 - Briany (2)}
briany2034.jpg,140155,341ecac5,\Gallery 56\03 - Briany (2)\,{Shemale Yum Dvd03~G56~03-2~03 - Briany (2)}
briany2035.jpg,128860,2359bdc4,\Gallery 56\03 - Briany (2)\,{Shemale Yum Dvd03~G56~03-2~03 - Briany (2)}
briany2036.jpg,116576,3c9df49e,\Gallery 56\03 - Briany (2)\,{Shemale Yum Dvd03~G56~03-2~03 - Briany (2)}
briany2037.jpg,151429,c9a52726,\Gallery 56\03 - Briany (2)\,{Shemale Yum Dvd03~G56~03-2~03 - Briany (2)}
briany2038.jpg,181349,8e01d795,\Gallery 56\03 - Briany (2)\,{Shemale Yum Dvd03~G56~03-2~03 - Briany (2)}
briany2039.jpg,168581,02c11643,\Gallery 56\03 - Briany (2)\,{Shemale Yum Dvd03~G56~03-2~03 - Briany (2)}
briany2040.jpg,166033,904d5986,\Gallery 56\03 - Briany (2)\,{Shemale Yum Dvd03~G56~03-2~03 - Briany (2)}
briany2041.jpg,179781,98189237,\Gallery 56\03 - Briany (2)\,{Shemale Yum Dvd03~G56~03-2~03 - Briany (2)}
briany2042.jpg,171582,8071d27f,\Gallery 56\03 - Briany (2)\,{Shemale Yum Dvd03~G56~03-2~03 - Briany (2)}
briany2043.jpg,177052,78100061,\Gallery 56\03 - Briany (2)\,{Shemale Yum Dvd03~G56~03-2~03 - Briany (2)}
briany2044.jpg,171447,2d676c0c,\Gallery 56\03 - Briany (2)\,{Shemale Yum Dvd03~G56~03-2~03 - Briany (2)}
briany2045.jpg,167582,afebf5b6,\Gallery 56\03 - Briany (2)\,{Shemale Yum Dvd03~G56~03-2~03 - Briany (2)}
briany2046.jpg,175503,9fbe4c3f,\Gallery 56\03 - Briany (2)\,{Shemale Yum Dvd03~G56~03-2~03 - Briany (2)}
briany2047.jpg,140549,91c56d8b,\Gallery 56\03 - Briany (2)\,{Shemale Yum Dvd03~G56~03-2~03 - Briany (2)}
briany2048.jpg,135981,c34ba12e,\Gallery 56\03 - Briany (2)\,{Shemale Yum Dvd03~G56~03-2~03 - Briany (2)}
briany2049.jpg,169736,2a426c80,\Gallery 56\03 - Briany (2)\,{Shemale Yum Dvd03~G56~03-2~03 - Briany (2)}
briany2050.jpg,145587,f5d39bc0,\Gallery 56\03 - Briany (2)\,{Shemale Yum Dvd03~G56~03-2~03 - Briany (2)}
briany2051.jpg,167591,ba213221,\Gallery 56\03 - Briany (2)\,{Shemale Yum Dvd03~G56~03-2~03 - Briany (2)}
briany2052.jpg,173681,5e2a7146,\Gallery 56\03 - Briany (2)\,{Shemale Yum Dvd03~G56~03-2~03 - Briany (2)}
briany2053.jpg,184739,edf003e9,\Gallery 56\03 - Briany (2)\,{Shemale Yum Dvd03~G56~03-2~03 - Briany (2)}
briany2054.jpg,142343,fdd18bb1,\Gallery 56\03 - Briany (2)\,{Shemale Yum Dvd03~G56~03-2~03 - Briany (2)}
briany2055.jpg,148454,b9133ce6,\Gallery 56\03 - Briany (2)\,{Shemale Yum Dvd03~G56~03-2~03 - Briany (2)}
briany2056.jpg,151543,1dd5942a,\Gallery 56\03 - Briany (2)\,{Shemale Yum Dvd03~G56~03-2~03 - Briany (2)}
briany2057.jpg,153489,6463161b,\Gallery 56\03 - Briany (2)\,{Shemale Yum Dvd03~G56~03-2~03 - Briany (2)}
briany2058.jpg,180618,cd3d7c0e,\Gallery 56\03 - Briany (2)\,{Shemale Yum Dvd03~G56~03-2~03 - Briany (2)}
briany2059.jpg,133085,35c1db0f,\Gallery 56\03 - Briany (2)\,{Shemale Yum Dvd03~G56~03-2~03 - Briany (2)}
briany2060.jpg,178141,9e915834,\Gallery 56\03 - Briany (2)\,{Shemale Yum Dvd03~G56~03-2~03 - Briany (2)}
briany2061.jpg,187895,85bd9c0e,\Gallery 56\03 - Briany (2)\,{Shemale Yum Dvd03~G56~03-2~03 - Briany (2)}
briany2062.jpg,145977,5f0d2237,\Gallery 56\03 - Briany (2)\,{Shemale Yum Dvd03~G56~03-2~03 - Briany (2)}
briany2063.jpg,161148,04c77f90,\Gallery 56\03 - Briany (2)\,{Shemale Yum Dvd03~G56~03-2~03 - Briany (2)}
briany2064.jpg,154299,a02b45d6,\Gallery 56\03 - Briany (2)\,{Shemale Yum Dvd03~G56~03-2~03 - Briany (2)}
briany2065.jpg,158471,2a85af0b,\Gallery 56\03 - Briany (2)\,{Shemale Yum Dvd03~G56~03-2~03 - Briany (2)}
briany2066.jpg,142799,682c9b2a,\Gallery 56\03 - Briany (2)\,{Shemale Yum Dvd03~G56~03-2~03 - Briany (2)}
briany2067.jpg,138893,86da0f07,\Gallery 56\03 - Briany (2)\,{Shemale Yum Dvd03~G56~03-2~03 - Briany (2)}
briany2068.jpg,153392,eecfcc95,\Gallery 56\03 - Briany (2)\,{Shemale Yum Dvd03~G56~03-2~03 - Briany (2)}
briany2069.jpg,146707,958c6da8,\Gallery 56\03 - Briany (2)\,{Shemale Yum Dvd03~G56~03-2~03 - Briany (2)}
briany2070.jpg,162871,83413034,\Gallery 56\03 - Briany (2)\,{Shemale Yum Dvd03~G56~03-2~03 - Briany (2)}
briany2071.jpg,162986,71465d93,\Gallery 56\03 - Briany (2)\,{Shemale Yum Dvd03~G56~03-2~03 - Briany (2)}
briany2072.jpg,166224,c062a6de,\Gallery 56\03 - Briany (2)\,{Shemale Yum Dvd03~G56~03-2~03 - Briany (2)}
briany2073.jpg,180252,d6a3b4ca,\Gallery 56\03 - Briany (2)\,{Shemale Yum Dvd03~G56~03-2~03 - Briany (2)}
briany2074.jpg,168197,57d46227,\Gallery 56\03 - Briany (2)\,{Shemale Yum Dvd03~G56~03-2~03 - Briany (2)}
briany2075.jpg,164926,0b10e013,\Gallery 56\03 - Briany (2)\,{Shemale Yum Dvd03~G56~03-2~03 - Briany (2)}
briany2076.jpg,175789,3d2ce412,\Gallery 56\03 - Briany (2)\,{Shemale Yum Dvd03~G56~03-2~03 - Briany (2)}
briany2077.jpg,176805,6a02f42f,\Gallery 56\03 - Briany (2)\,{Shemale Yum Dvd03~G56~03-2~03 - Briany (2)}
briany2078.jpg,142078,8136d9af,\Gallery 56\03 - Briany (2)\,{Shemale Yum Dvd03~G56~03-2~03 - Briany (2)}
briany2079.jpg,144083,1e6c896f,\Gallery 56\03 - Briany (2)\,{Shemale Yum Dvd03~G56~03-2~03 - Briany (2)}
briany2080.jpg,178043,bd5c6adb,\Gallery 56\03 - Briany (2)\,{Shemale Yum Dvd03~G56~03-2~03 - Briany (2)}
briany2081.jpg,119991,2f0e2a87,\Gallery 56\03 - Briany (2)\,{Shemale Yum Dvd03~G56~03-2~03 - Briany (2)}
briany2082.jpg,131307,d42fe5d3,\Gallery 56\03 - Briany (2)\,{Shemale Yum Dvd03~G56~03-2~03 - Briany (2)}
briany2083.jpg,134409,c693e177,\Gallery 56\03 - Briany (2)\,{Shemale Yum Dvd03~G56~03-2~03 - Briany (2)}
briany2084.jpg,125546,1a34642a,\Gallery 56\03 - Briany (2)\,{Shemale Yum Dvd03~G56~03-2~03 - Briany (2)}
briany2085.jpg,158375,c385ac6d,\Gallery 56\03 - Briany (2)\,{Shemale Yum Dvd03~G56~03-2~03 - Briany (2)}
briany2086.jpg,156587,41ff851f,\Gallery 56\03 - Briany (2)\,{Shemale Yum Dvd03~G56~03-2~03 - Briany (2)}
briany2087.jpg,159271,e7a02f88,\Gallery 56\03 - Briany (2)\,{Shemale Yum Dvd03~G56~03-2~03 - Briany (2)}
briany2088.jpg,132635,76ab0d09,\Gallery 56\03 - Briany (2)\,{Shemale Yum Dvd03~G56~03-2~03 - Briany (2)}
briany2089.jpg,121068,1d02efea,\Gallery 56\03 - Briany (2)\,{Shemale Yum Dvd03~G56~03-2~03 - Briany (2)}
briany2090.jpg,113076,897025c6,\Gallery 56\03 - Briany (2)\,{Shemale Yum Dvd03~G56~03-2~03 - Briany (2)}
briany2091.jpg,124093,c3334450,\Gallery 56\03 - Briany (2)\,{Shemale Yum Dvd03~G56~03-2~03 - Briany (2)}
briany2092.jpg,125902,fec6e8c4,\Gallery 56\03 - Briany (2)\,{Shemale Yum Dvd03~G56~03-2~03 - Briany (2)}
briany2093.jpg,124495,cdbab949,\Gallery 56\03 - Briany (2)\,{Shemale Yum Dvd03~G56~03-2~03 - Briany (2)}
briany2094.jpg,168603,fe0c7bfb,\Gallery 56\03 - Briany (2)\,{Shemale Yum Dvd03~G56~03-2~03 - Briany (2)}
briany2095.jpg,129744,304f62b0,\Gallery 56\03 - Briany (2)\,{Shemale Yum Dvd03~G56~03-2~03 - Briany (2)}
briany2096.jpg,148544,42c4b2fa,\Gallery 56\03 - Briany (2)\,{Shemale Yum Dvd03~G56~03-2~03 - Briany (2)}
briany2097.jpg,142939,10c1300c,\Gallery 56\03 - Briany (2)\,{Shemale Yum Dvd03~G56~03-2~03 - Briany (2)}
briany2098.jpg,137697,15e66e2c,\Gallery 56\03 - Briany (2)\,{Shemale Yum Dvd03~G56~03-2~03 - Briany (2)}
briany2099.jpg,134539,12cd4e47,\Gallery 56\03 - Briany (2)\,{Shemale Yum Dvd03~G56~03-2~03 - Briany (2)}
briany2100.jpg,114840,71e2e71e,\Gallery 56\03 - Briany (2)\,{Shemale Yum Dvd03~G56~03-2~03 - Briany (2)}
briany2101.jpg,131727,c0b364d8,\Gallery 56\03 - Briany (2)\,{Shemale Yum Dvd03~G56~03-2~03 - Briany (2)}
briany2102.jpg,132234,78e38d3b,\Gallery 56\03 - Briany (2)\,{Shemale Yum Dvd03~G56~03-2~03 - Briany (2)}
briany2103.jpg,144421,988854f0,\Gallery 56\03 - Briany (2)\,{Shemale Yum Dvd03~G56~03-2~03 - Briany (2)}
briany2104.jpg,149047,5f46f492,\Gallery 56\03 - Briany (2)\,{Shemale Yum Dvd03~G56~03-2~03 - Briany (2)}
briany2105.jpg,147156,7c09faf7,\Gallery 56\03 - Briany (2)\,{Shemale Yum Dvd03~G56~03-2~03 - Briany (2)}
briany2106.jpg,149685,35c075b4,\Gallery 56\03 - Briany (2)\,{Shemale Yum Dvd03~G56~03-2~03 - Briany (2)}
briany2107.jpg,159446,96abf1e4,\Gallery 56\03 - Briany (2)\,{Shemale Yum Dvd03~G56~03-2~03 - Briany (2)}
briany2108.jpg,145085,1c1cde6b,\Gallery 56\03 - Briany (2)\,{Shemale Yum Dvd03~G56~03-2~03 - Briany (2)}
briany2109.jpg,151218,9f331b5d,\Gallery 56\03 - Briany (2)\,{Shemale Yum Dvd03~G56~03-2~03 - Briany (2)}
briany2110.jpg,140383,5b879829,\Gallery 56\03 - Briany (2)\,{Shemale Yum Dvd03~G56~03-2~03 - Briany (2)}
briany2111.jpg,190552,b5da9c4d,\Gallery 56\03 - Briany (2)\,{Shemale Yum Dvd03~G56~03-2~03 - Briany (2)}
briany2112.jpg,194267,a4896513,\Gallery 56\03 - Briany (2)\,{Shemale Yum Dvd03~G56~03-2~03 - Briany (2)}
briany3001.jpg,154425,bdbe384f,\Gallery 56\03 - Briany (3)\,{Shemale Yum Dvd03~G56~03-3~03 - Briany (3)}
briany3002.jpg,147896,4e2cea71,\Gallery 56\03 - Briany (3)\,{Shemale Yum Dvd03~G56~03-3~03 - Briany (3)}
briany3003.jpg,135772,c75c63f2,\Gallery 56\03 - Briany (3)\,{Shemale Yum Dvd03~G56~03-3~03 - Briany (3)}
briany3004.jpg,157270,ddc3947f,\Gallery 56\03 - Briany (3)\,{Shemale Yum Dvd03~G56~03-3~03 - Briany (3)}
briany3005.jpg,165321,b3f1fd33,\Gallery 56\03 - Briany (3)\,{Shemale Yum Dvd03~G56~03-3~03 - Briany (3)}
briany3006.jpg,175172,a978aa89,\Gallery 56\03 - Briany (3)\,{Shemale Yum Dvd03~G56~03-3~03 - Briany (3)}
briany3007.jpg,170179,a7c2d6c1,\Gallery 56\03 - Briany (3)\,{Shemale Yum Dvd03~G56~03-3~03 - Briany (3)}
briany3008.jpg,168760,b4e7b254,\Gallery 56\03 - Briany (3)\,{Shemale Yum Dvd03~G56~03-3~03 - Briany (3)}
briany3009.jpg,137110,7ea995d7,\Gallery 56\03 - Briany (3)\,{Shemale Yum Dvd03~G56~03-3~03 - Briany (3)}
briany3010.jpg,168881,a7ce7444,\Gallery 56\03 - Briany (3)\,{Shemale Yum Dvd03~G56~03-3~03 - Briany (3)}
briany3011.jpg,174557,e0a2c143,\Gallery 56\03 - Briany (3)\,{Shemale Yum Dvd03~G56~03-3~03 - Briany (3)}
briany3012.jpg,141307,366f34da,\Gallery 56\03 - Briany (3)\,{Shemale Yum Dvd03~G56~03-3~03 - Briany (3)}
briany3013.jpg,149916,21876fa4,\Gallery 56\03 - Briany (3)\,{Shemale Yum Dvd03~G56~03-3~03 - Briany (3)}
briany3014.jpg,187472,c42a0180,\Gallery 56\03 - Briany (3)\,{Shemale Yum Dvd03~G56~03-3~03 - Briany (3)}
briany3015.jpg,151162,a7fa52ab,\Gallery 56\03 - Briany (3)\,{Shemale Yum Dvd03~G56~03-3~03 - Briany (3)}
briany3016.jpg,163220,8c700029,\Gallery 56\03 - Briany (3)\,{Shemale Yum Dvd03~G56~03-3~03 - Briany (3)}
briany3017.jpg,160804,eebec99c,\Gallery 56\03 - Briany (3)\,{Shemale Yum Dvd03~G56~03-3~03 - Briany (3)}
briany3018.jpg,126206,630f777b,\Gallery 56\03 - Briany (3)\,{Shemale Yum Dvd03~G56~03-3~03 - Briany (3)}
briany3019.jpg,136544,2ec3da7b,\Gallery 56\03 - Briany (3)\,{Shemale Yum Dvd03~G56~03-3~03 - Briany (3)}
briany3020.jpg,176388,a650bcf5,\Gallery 56\03 - Briany (3)\,{Shemale Yum Dvd03~G56~03-3~03 - Briany (3)}
briany3021.jpg,191873,a2a36992,\Gallery 56\03 - Briany (3)\,{Shemale Yum Dvd03~G56~03-3~03 - Briany (3)}
briany3022.jpg,193004,21076cdd,\Gallery 56\03 - Briany (3)\,{Shemale Yum Dvd03~G56~03-3~03 - Briany (3)}
briany3023.jpg,185254,35782561,\Gallery 56\03 - Briany (3)\,{Shemale Yum Dvd03~G56~03-3~03 - Briany (3)}
briany3024.jpg,179714,a8770545,\Gallery 56\03 - Briany (3)\,{Shemale Yum Dvd03~G56~03-3~03 - Briany (3)}
briany3025.jpg,184836,046356b2,\Gallery 56\03 - Briany (3)\,{Shemale Yum Dvd03~G56~03-3~03 - Briany (3)}
briany3026.jpg,173853,5bd15f84,\Gallery 56\03 - Briany (3)\,{Shemale Yum Dvd03~G56~03-3~03 - Briany (3)}
briany3027.jpg,177887,c661a36a,\Gallery 56\03 - Briany (3)\,{Shemale Yum Dvd03~G56~03-3~03 - Briany (3)}
briany3028.jpg,164365,37deff12,\Gallery 56\03 - Briany (3)\,{Shemale Yum Dvd03~G56~03-3~03 - Briany (3)}
briany3029.jpg,175958,6e1311aa,\Gallery 56\03 - Briany (3)\,{Shemale Yum Dvd03~G56~03-3~03 - Briany (3)}
briany3030.jpg,170520,8ad2a59e,\Gallery 56\03 - Briany (3)\,{Shemale Yum Dvd03~G56~03-3~03 - Briany (3)}
briany3031.jpg,158158,6a233f17,\Gallery 56\03 - Briany (3)\,{Shemale Yum Dvd03~G56~03-3~03 - Briany (3)}
briany3032.jpg,145424,f6a19d3c,\Gallery 56\03 - Briany (3)\,{Shemale Yum Dvd03~G56~03-3~03 - Briany (3)}
briany3033.jpg,144658,54611ed5,\Gallery 56\03 - Briany (3)\,{Shemale Yum Dvd03~G56~03-3~03 - Briany (3)}
briany3034.jpg,160159,1c298475,\Gallery 56\03 - Briany (3)\,{Shemale Yum Dvd03~G56~03-3~03 - Briany (3)}
briany3035.jpg,132613,3108ee95,\Gallery 56\03 - Briany (3)\,{Shemale Yum Dvd03~G56~03-3~03 - Briany (3)}
briany3036.jpg,161172,0756e327,\Gallery 56\03 - Briany (3)\,{Shemale Yum Dvd03~G56~03-3~03 - Briany (3)}
briany3037.jpg,163210,4faadc8a,\Gallery 56\03 - Briany (3)\,{Shemale Yum Dvd03~G56~03-3~03 - Briany (3)}
briany3038.jpg,140444,fe66372e,\Gallery 56\03 - Briany (3)\,{Shemale Yum Dvd03~G56~03-3~03 - Briany (3)}
briany3039.jpg,150196,a9513e20,\Gallery 56\03 - Briany (3)\,{Shemale Yum Dvd03~G56~03-3~03 - Briany (3)}
briany3040.jpg,139447,1856c35c,\Gallery 56\03 - Briany (3)\,{Shemale Yum Dvd03~G56~03-3~03 - Briany (3)}
briany3041.jpg,151058,f70f99f4,\Gallery 56\03 - Briany (3)\,{Shemale Yum Dvd03~G56~03-3~03 - Briany (3)}
briany3042.jpg,153491,4ea637c1,\Gallery 56\03 - Briany (3)\,{Shemale Yum Dvd03~G56~03-3~03 - Briany (3)}
briany3043.jpg,152793,9b17432b,\Gallery 56\03 - Briany (3)\,{Shemale Yum Dvd03~G56~03-3~03 - Briany (3)}
briany3044.jpg,191149,c282dc96,\Gallery 56\03 - Briany (3)\,{Shemale Yum Dvd03~G56~03-3~03 - Briany (3)}
briany3045.jpg,182116,469253b9,\Gallery 56\03 - Briany (3)\,{Shemale Yum Dvd03~G56~03-3~03 - Briany (3)}
briany3046.jpg,179867,38b76512,\Gallery 56\03 - Briany (3)\,{Shemale Yum Dvd03~G56~03-3~03 - Briany (3)}
briany3047.jpg,129755,926ad5e4,\Gallery 56\03 - Briany (3)\,{Shemale Yum Dvd03~G56~03-3~03 - Briany (3)}
briany3048.jpg,158616,d18b8f68,\Gallery 56\03 - Briany (3)\,{Shemale Yum Dvd03~G56~03-3~03 - Briany (3)}
briany3049.jpg,158197,40ee0011,\Gallery 56\03 - Briany (3)\,{Shemale Yum Dvd03~G56~03-3~03 - Briany (3)}
briany3050.jpg,168985,cce28285,\Gallery 56\03 - Briany (3)\,{Shemale Yum Dvd03~G56~03-3~03 - Briany (3)}
briany3051.jpg,167255,e34cabe4,\Gallery 56\03 - Briany (3)\,{Shemale Yum Dvd03~G56~03-3~03 - Briany (3)}
briany3052.jpg,131826,721328d3,\Gallery 56\03 - Briany (3)\,{Shemale Yum Dvd03~G56~03-3~03 - Briany (3)}
briany3053.jpg,143616,4c554f76,\Gallery 56\03 - Briany (3)\,{Shemale Yum Dvd03~G56~03-3~03 - Briany (3)}
briany3054.jpg,168422,f6e50d3c,\Gallery 56\03 - Briany (3)\,{Shemale Yum Dvd03~G56~03-3~03 - Briany (3)}
briany3055.jpg,130493,535e71bb,\Gallery 56\03 - Briany (3)\,{Shemale Yum Dvd03~G56~03-3~03 - Briany (3)}
briany3056.jpg,126347,863f91db,\Gallery 56\03 - Briany (3)\,{Shemale Yum Dvd03~G56~03-3~03 - Briany (3)}
briany3057.jpg,187879,d88ca22a,\Gallery 56\03 - Briany (3)\,{Shemale Yum Dvd03~G56~03-3~03 - Briany (3)}
briany3058.jpg,143557,aae72d45,\Gallery 56\03 - Briany (3)\,{Shemale Yum Dvd03~G56~03-3~03 - Briany (3)}
briany3059.jpg,163763,7437b868,\Gallery 56\03 - Briany (3)\,{Shemale Yum Dvd03~G56~03-3~03 - Briany (3)}
briany3060.jpg,196559,1c1fbe71,\Gallery 56\03 - Briany (3)\,{Shemale Yum Dvd03~G56~03-3~03 - Briany (3)}
briany3061.jpg,185233,30e0c9f2,\Gallery 56\03 - Briany (3)\,{Shemale Yum Dvd03~G56~03-3~03 - Briany (3)}
briany3062.jpg,109819,a56f3d90,\Gallery 56\03 - Briany (3)\,{Shemale Yum Dvd03~G56~03-3~03 - Briany (3)}
briany3063.jpg,173261,355d4276,\Gallery 56\03 - Briany (3)\,{Shemale Yum Dvd03~G56~03-3~03 - Briany (3)}
briany3064.jpg,129395,fe580c19,\Gallery 56\03 - Briany (3)\,{Shemale Yum Dvd03~G56~03-3~03 - Briany (3)}
briany3065.jpg,135804,9e358bbd,\Gallery 56\03 - Briany (3)\,{Shemale Yum Dvd03~G56~03-3~03 - Briany (3)}
briany3066.jpg,131413,22100efc,\Gallery 56\03 - Briany (3)\,{Shemale Yum Dvd03~G56~03-3~03 - Briany (3)}
briany3067.jpg,130872,1524b8a0,\Gallery 56\03 - Briany (3)\,{Shemale Yum Dvd03~G56~03-3~03 - Briany (3)}
briany3068.jpg,150183,5b4bc8e0,\Gallery 56\03 - Briany (3)\,{Shemale Yum Dvd03~G56~03-3~03 - Briany (3)}
briany3069.jpg,157449,71ecd780,\Gallery 56\03 - Briany (3)\,{Shemale Yum Dvd03~G56~03-3~03 - Briany (3)}
briany3070.jpg,133350,0c5bdd58,\Gallery 56\03 - Briany (3)\,{Shemale Yum Dvd03~G56~03-3~03 - Briany (3)}
briany3071.jpg,127573,1b9dbbbb,\Gallery 56\03 - Briany (3)\,{Shemale Yum Dvd03~G56~03-3~03 - Briany (3)}
briany3072.jpg,142102,a6fadb58,\Gallery 56\03 - Briany (3)\,{Shemale Yum Dvd03~G56~03-3~03 - Briany (3)}
briany3073.jpg,138518,465e772a,\Gallery 56\03 - Briany (3)\,{Shemale Yum Dvd03~G56~03-3~03 - Briany (3)}
briany3074.jpg,192251,78c2bc59,\Gallery 56\03 - Briany (3)\,{Shemale Yum Dvd03~G56~03-3~03 - Briany (3)}
briany3075.jpg,139630,8b9ba368,\Gallery 56\03 - Briany (3)\,{Shemale Yum Dvd03~G56~03-3~03 - Briany (3)}
briany3076.jpg,158018,444b2314,\Gallery 56\03 - Briany (3)\,{Shemale Yum Dvd03~G56~03-3~03 - Briany (3)}
briany3077.jpg,134999,4a1daf16,\Gallery 56\03 - Briany (3)\,{Shemale Yum Dvd03~G56~03-3~03 - Briany (3)}
briany3078.jpg,155738,4bff3b6f,\Gallery 56\03 - Briany (3)\,{Shemale Yum Dvd03~G56~03-3~03 - Briany (3)}
briany3079.jpg,190644,dca09ace,\Gallery 56\03 - Briany (3)\,{Shemale Yum Dvd03~G56~03-3~03 - Briany (3)}
briany3080.jpg,190334,cc6966ae,\Gallery 56\03 - Briany (3)\,{Shemale Yum Dvd03~G56~03-3~03 - Briany (3)}
briany3081.jpg,189647,c0542a6c,\Gallery 56\03 - Briany (3)\,{Shemale Yum Dvd03~G56~03-3~03 - Briany (3)}
briany3082.jpg,173525,95bae817,\Gallery 56\03 - Briany (3)\,{Shemale Yum Dvd03~G56~03-3~03 - Briany (3)}
briany3083.jpg,164418,5f2edfd3,\Gallery 56\03 - Briany (3)\,{Shemale Yum Dvd03~G56~03-3~03 - Briany (3)}
briany3084.jpg,141931,bcaef86a,\Gallery 56\03 - Briany (3)\,{Shemale Yum Dvd03~G56~03-3~03 - Briany (3)}
briany3085.jpg,168526,23e8103c,\Gallery 56\03 - Briany (3)\,{Shemale Yum Dvd03~G56~03-3~03 - Briany (3)}
briany3086.jpg,135524,35ec73fc,\Gallery 56\03 - Briany (3)\,{Shemale Yum Dvd03~G56~03-3~03 - Briany (3)}
briany3087.jpg,158097,2f42326d,\Gallery 56\03 - Briany (3)\,{Shemale Yum Dvd03~G56~03-3~03 - Briany (3)}
briany3088.jpg,181476,19444b96,\Gallery 56\03 - Briany (3)\,{Shemale Yum Dvd03~G56~03-3~03 - Briany (3)}
briany3089.jpg,173563,332dc385,\Gallery 56\03 - Briany (3)\,{Shemale Yum Dvd03~G56~03-3~03 - Briany (3)}
briany3090.jpg,165069,16b8e2e7,\Gallery 56\03 - Briany (3)\,{Shemale Yum Dvd03~G56~03-3~03 - Briany (3)}
briany3091.jpg,156659,fcd59d63,\Gallery 56\03 - Briany (3)\,{Shemale Yum Dvd03~G56~03-3~03 - Briany (3)}
briany3092.jpg,168854,c7384e4a,\Gallery 56\03 - Briany (3)\,{Shemale Yum Dvd03~G56~03-3~03 - Briany (3)}
briany3093.jpg,137899,56463ef2,\Gallery 56\03 - Briany (3)\,{Shemale Yum Dvd03~G56~03-3~03 - Briany (3)}
briany3094.jpg,171651,c4b7e08a,\Gallery 56\03 - Briany (3)\,{Shemale Yum Dvd03~G56~03-3~03 - Briany (3)}
briany3095.jpg,173453,3a2062a3,\Gallery 56\03 - Briany (3)\,{Shemale Yum Dvd03~G56~03-3~03 - Briany (3)}
briany3096.jpg,168174,b15d218b,\Gallery 56\03 - Briany (3)\,{Shemale Yum Dvd03~G56~03-3~03 - Briany (3)}
briany3097.jpg,155618,3779dd9a,\Gallery 56\03 - Briany (3)\,{Shemale Yum Dvd03~G56~03-3~03 - Briany (3)}
briany3098.jpg,155250,54070a8d,\Gallery 56\03 - Briany (3)\,{Shemale Yum Dvd03~G56~03-3~03 - Briany (3)}
briany3099.jpg,134989,4eacd5d3,\Gallery 56\03 - Briany (3)\,{Shemale Yum Dvd03~G56~03-3~03 - Briany (3)}
briany3100.jpg,141240,2fb5e3e3,\Gallery 56\03 - Briany (3)\,{Shemale Yum Dvd03~G56~03-3~03 - Briany (3)}
briany3101.jpg,161112,4bda539e,\Gallery 56\03 - Briany (3)\,{Shemale Yum Dvd03~G56~03-3~03 - Briany (3)}
briany3102.jpg,165147,b0c434eb,\Gallery 56\03 - Briany (3)\,{Shemale Yum Dvd03~G56~03-3~03 - Briany (3)}
briany3103.jpg,157390,532e49d4,\Gallery 56\03 - Briany (3)\,{Shemale Yum Dvd03~G56~03-3~03 - Briany (3)}
briany3104.jpg,165112,241cb420,\Gallery 56\03 - Briany (3)\,{Shemale Yum Dvd03~G56~03-3~03 - Briany (3)}
briany3105.jpg,126891,197701d3,\Gallery 56\03 - Briany (3)\,{Shemale Yum Dvd03~G56~03-3~03 - Briany (3)}
briany3106.jpg,164077,5a7cc58d,\Gallery 56\03 - Briany (3)\,{Shemale Yum Dvd03~G56~03-3~03 - Briany (3)}
briany3107.jpg,141054,0ae0cdd0,\Gallery 56\03 - Briany (3)\,{Shemale Yum Dvd03~G56~03-3~03 - Briany (3)}
briany3108.jpg,132770,86a218f3,\Gallery 56\03 - Briany (3)\,{Shemale Yum Dvd03~G56~03-3~03 - Briany (3)}
china001.jpg,170471,a2533d07,\Gallery 56\04 - China\,{Shemale Yum Dvd03~G56~04~04 - China}
china002.jpg,140539,8656831a,\Gallery 56\04 - China\,{Shemale Yum Dvd03~G56~04~04 - China}
china004.jpg,170576,573daf15,\Gallery 56\04 - China\,{Shemale Yum Dvd03~G56~04~04 - China}
china005.jpg,168691,e62a4d82,\Gallery 56\04 - China\,{Shemale Yum Dvd03~G56~04~04 - China}
china006.jpg,152058,7869bd09,\Gallery 56\04 - China\,{Shemale Yum Dvd03~G56~04~04 - China}
china007.jpg,183334,93362feb,\Gallery 56\04 - China\,{Shemale Yum Dvd03~G56~04~04 - China}
china008.jpg,183017,60edbb35,\Gallery 56\04 - China\,{Shemale Yum Dvd03~G56~04~04 - China}
china010.jpg,149878,fffdd4e0,\Gallery 56\04 - China\,{Shemale Yum Dvd03~G56~04~04 - China}
china011.jpg,152906,6bd8038a,\Gallery 56\04 - China\,{Shemale Yum Dvd03~G56~04~04 - China}
china012.jpg,170476,9d3642a5,\Gallery 56\04 - China\,{Shemale Yum Dvd03~G56~04~04 - China}
china013.jpg,173901,559af166,\Gallery 56\04 - China\,{Shemale Yum Dvd03~G56~04~04 - China}
china014.jpg,190480,8111ab0f,\Gallery 56\04 - China\,{Shemale Yum Dvd03~G56~04~04 - China}
china015.jpg,163413,8cbb7080,\Gallery 56\04 - China\,{Shemale Yum Dvd03~G56~04~04 - China}
china016.jpg,153663,e2a862a1,\Gallery 56\04 - China\,{Shemale Yum Dvd03~G56~04~04 - China}
china017.jpg,153089,b3d21946,\Gallery 56\04 - China\,{Shemale Yum Dvd03~G56~04~04 - China}
china018.jpg,164896,c4fb2cdb,\Gallery 56\04 - China\,{Shemale Yum Dvd03~G56~04~04 - China}
china019.jpg,160965,ba3aecd2,\Gallery 56\04 - China\,{Shemale Yum Dvd03~G56~04~04 - China}
china020.jpg,163804,ad100d6b,\Gallery 56\04 - China\,{Shemale Yum Dvd03~G56~04~04 - China}
china021.jpg,148418,7b4aec23,\Gallery 56\04 - China\,{Shemale Yum Dvd03~G56~04~04 - China}
china023.jpg,163981,d672a50c,\Gallery 56\04 - China\,{Shemale Yum Dvd03~G56~04~04 - China}
china024.jpg,167820,e1b6b1ab,\Gallery 56\04 - China\,{Shemale Yum Dvd03~G56~04~04 - China}
china025.jpg,154398,0fb48207,\Gallery 56\04 - China\,{Shemale Yum Dvd03~G56~04~04 - China}
china026.jpg,121925,4fbdd8d6,\Gallery 56\04 - China\,{Shemale Yum Dvd03~G56~04~04 - China}
china027.jpg,140318,b4f02e06,\Gallery 56\04 - China\,{Shemale Yum Dvd03~G56~04~04 - China}
china028.jpg,158407,bf979378,\Gallery 56\04 - China\,{Shemale Yum Dvd03~G56~04~04 - China}
china029.jpg,156597,dd3450b5,\Gallery 56\04 - China\,{Shemale Yum Dvd03~G56~04~04 - China}
china030.jpg,155486,741ac5fb,\Gallery 56\04 - China\,{Shemale Yum Dvd03~G56~04~04 - China}
china031.jpg,157200,b1e1af4c,\Gallery 56\04 - China\,{Shemale Yum Dvd03~G56~04~04 - China}
china032.jpg,154529,d846343b,\Gallery 56\04 - China\,{Shemale Yum Dvd03~G56~04~04 - China}
china033.jpg,158499,2f353646,\Gallery 56\04 - China\,{Shemale Yum Dvd03~G56~04~04 - China}
china034.jpg,155793,f5e59985,\Gallery 56\04 - China\,{Shemale Yum Dvd03~G56~04~04 - China}
china035.jpg,152205,74c6b613,\Gallery 56\04 - China\,{Shemale Yum Dvd03~G56~04~04 - China}
china036.jpg,137797,d8c91597,\Gallery 56\04 - China\,{Shemale Yum Dvd03~G56~04~04 - China}
china037.jpg,153564,07247fb1,\Gallery 56\04 - China\,{Shemale Yum Dvd03~G56~04~04 - China}
china038.jpg,159528,89781727,\Gallery 56\04 - China\,{Shemale Yum Dvd03~G56~04~04 - China}
china039.jpg,153945,0c42f1af,\Gallery 56\04 - China\,{Shemale Yum Dvd03~G56~04~04 - China}
china040.jpg,163158,140626f9,\Gallery 56\04 - China\,{Shemale Yum Dvd03~G56~04~04 - China}
china041.jpg,173456,a705b040,\Gallery 56\04 - China\,{Shemale Yum Dvd03~G56~04~04 - China}
china042.jpg,156782,c75ef366,\Gallery 56\04 - China\,{Shemale Yum Dvd03~G56~04~04 - China}
china043.jpg,120881,ae98ee2f,\Gallery 56\04 - China\,{Shemale Yum Dvd03~G56~04~04 - China}
china044.jpg,138539,4a98e521,\Gallery 56\04 - China\,{Shemale Yum Dvd03~G56~04~04 - China}
china045.jpg,155065,03b80f8a,\Gallery 56\04 - China\,{Shemale Yum Dvd03~G56~04~04 - China}
china046.jpg,150296,429ffefb,\Gallery 56\04 - China\,{Shemale Yum Dvd03~G56~04~04 - China}
china048.jpg,123917,bf8ac1ae,\Gallery 56\04 - China\,{Shemale Yum Dvd03~G56~04~04 - China}
china049.jpg,161202,a9507e91,\Gallery 56\04 - China\,{Shemale Yum Dvd03~G56~04~04 - China}
china050.jpg,161700,41f4c9da,\Gallery 56\04 - China\,{Shemale Yum Dvd03~G56~04~04 - China}
china051.jpg,126675,2158a028,\Gallery 56\04 - China\,{Shemale Yum Dvd03~G56~04~04 - China}
china052.jpg,198902,043dcbff,\Gallery 56\04 - China\,{Shemale Yum Dvd03~G56~04~04 - China}
china053.jpg,170893,88e31e92,\Gallery 56\04 - China\,{Shemale Yum Dvd03~G56~04~04 - China}
china054.jpg,168858,f2455e78,\Gallery 56\04 - China\,{Shemale Yum Dvd03~G56~04~04 - China}
china055.jpg,139218,2945d4a3,\Gallery 56\04 - China\,{Shemale Yum Dvd03~G56~04~04 - China}
china056.jpg,152295,0f9e6861,\Gallery 56\04 - China\,{Shemale Yum Dvd03~G56~04~04 - China}
china057.jpg,165916,4cbe3f1b,\Gallery 56\04 - China\,{Shemale Yum Dvd03~G56~04~04 - China}
china058.jpg,168697,2f0e42d6,\Gallery 56\04 - China\,{Shemale Yum Dvd03~G56~04~04 - China}
china059.jpg,150217,127c7075,\Gallery 56\04 - China\,{Shemale Yum Dvd03~G56~04~04 - China}
china060.jpg,147586,553885e0,\Gallery 56\04 - China\,{Shemale Yum Dvd03~G56~04~04 - China}
china061.jpg,220392,d5b497a3,\Gallery 56\04 - China\,{Shemale Yum Dvd03~G56~04~04 - China}
china062.jpg,216180,4d5b884b,\Gallery 56\04 - China\,{Shemale Yum Dvd03~G56~04~04 - China}
china063.jpg,201998,3f2ac1a6,\Gallery 56\04 - China\,{Shemale Yum Dvd03~G56~04~04 - China}
china064.jpg,171488,393fd42e,\Gallery 56\04 - China\,{Shemale Yum Dvd03~G56~04~04 - China}
china065.jpg,167491,617f66c0,\Gallery 56\04 - China\,{Shemale Yum Dvd03~G56~04~04 - China}
china066.jpg,139322,879f8e02,\Gallery 56\04 - China\,{Shemale Yum Dvd03~G56~04~04 - China}
china067.jpg,158896,b63b0060,\Gallery 56\04 - China\,{Shemale Yum Dvd03~G56~04~04 - China}
china068.jpg,129142,7f041f95,\Gallery 56\04 - China\,{Shemale Yum Dvd03~G56~04~04 - China}
china069.jpg,131779,b8574455,\Gallery 56\04 - China\,{Shemale Yum Dvd03~G56~04~04 - China}
china070.jpg,169251,0b74ff9c,\Gallery 56\04 - China\,{Shemale Yum Dvd03~G56~04~04 - China}
china071.jpg,155602,5dd10eb6,\Gallery 56\04 - China\,{Shemale Yum Dvd03~G56~04~04 - China}
china072.jpg,167096,22e46854,\Gallery 56\04 - China\,{Shemale Yum Dvd03~G56~04~04 - China}
china073.jpg,167496,7a7db760,\Gallery 56\04 - China\,{Shemale Yum Dvd03~G56~04~04 - China}
china074.jpg,146710,fe44d0b5,\Gallery 56\04 - China\,{Shemale Yum Dvd03~G56~04~04 - China}
china075.jpg,160863,0085e7fd,\Gallery 56\04 - China\,{Shemale Yum Dvd03~G56~04~04 - China}
china076.jpg,154232,d1f034db,\Gallery 56\04 - China\,{Shemale Yum Dvd03~G56~04~04 - China}
china077.jpg,168642,4f440daa,\Gallery 56\04 - China\,{Shemale Yum Dvd03~G56~04~04 - China}
china078.jpg,166909,16cd0717,\Gallery 56\04 - China\,{Shemale Yum Dvd03~G56~04~04 - China}
china079.jpg,128498,07baf1b2,\Gallery 56\04 - China\,{Shemale Yum Dvd03~G56~04~04 - China}
china081.jpg,93750,d6139fa9,\Gallery 56\04 - China\,{Shemale Yum Dvd03~G56~04~04 - China}
china082.jpg,100137,cf19ce1a,\Gallery 56\04 - China\,{Shemale Yum Dvd03~G56~04~04 - China}
china083.jpg,131808,901e21d9,\Gallery 56\04 - China\,{Shemale Yum Dvd03~G56~04~04 - China}
china084.jpg,113928,8e175f7c,\Gallery 56\04 - China\,{Shemale Yum Dvd03~G56~04~04 - China}
china085.jpg,137643,085a067a,\Gallery 56\04 - China\,{Shemale Yum Dvd03~G56~04~04 - China}
china086.jpg,147134,95e41b92,\Gallery 56\04 - China\,{Shemale Yum Dvd03~G56~04~04 - China}
china087.jpg,168749,926d3371,\Gallery 56\04 - China\,{Shemale Yum Dvd03~G56~04~04 - China}
china088.jpg,139376,3c2a509a,\Gallery 56\04 - China\,{Shemale Yum Dvd03~G56~04~04 - China}
china089.jpg,143066,eae762f5,\Gallery 56\04 - China\,{Shemale Yum Dvd03~G56~04~04 - China}
china090.jpg,127629,f7110dde,\Gallery 56\04 - China\,{Shemale Yum Dvd03~G56~04~04 - China}
china091.jpg,196543,9925aa46,\Gallery 56\04 - China\,{Shemale Yum Dvd03~G56~04~04 - China}
chinablack009.jpg,167066,1e546a43,\Gallery 56\04 - China\,{Shemale Yum Dvd03~G56~04~04 - China}
chinablack080.jpg,132260,75153016,\Gallery 56\04 - China\,{Shemale Yum Dvd03~G56~04~04 - China}
01080001.jpg,107916,fb0af8a5,\Gallery 56\05 - Dayana\,{Shemale Yum Dvd03~G56~05~05 - Dayana}
01080002.jpg,123391,aa0ef17e,\Gallery 56\05 - Dayana\,{Shemale Yum Dvd03~G56~05~05 - Dayana}
01080004.jpg,144100,1de584b3,\Gallery 56\05 - Dayana\,{Shemale Yum Dvd03~G56~05~05 - Dayana}
01080005.jpg,103222,3923d7e6,\Gallery 56\05 - Dayana\,{Shemale Yum Dvd03~G56~05~05 - Dayana}
01080006.jpg,113219,79495b0c,\Gallery 56\05 - Dayana\,{Shemale Yum Dvd03~G56~05~05 - Dayana}
01080007.jpg,156149,0af22335,\Gallery 56\05 - Dayana\,{Shemale Yum Dvd03~G56~05~05 - Dayana}
01080008.jpg,98590,94796802,\Gallery 56\05 - Dayana\,{Shemale Yum Dvd03~G56~05~05 - Dayana}
01080009.jpg,95862,9e15c94c,\Gallery 56\05 - Dayana\,{Shemale Yum Dvd03~G56~05~05 - Dayana}
01080011.jpg,121787,02f24aa7,\Gallery 56\05 - Dayana\,{Shemale Yum Dvd03~G56~05~05 - Dayana}
01080012.jpg,132514,10a2d17b,\Gallery 56\05 - Dayana\,{Shemale Yum Dvd03~G56~05~05 - Dayana}
01080013.jpg,168486,bc3ed207,\Gallery 56\05 - Dayana\,{Shemale Yum Dvd03~G56~05~05 - Dayana}
01080014.jpg,179210,e6ad2ed6,\Gallery 56\05 - Dayana\,{Shemale Yum Dvd03~G56~05~05 - Dayana}
01080015.jpg,119257,f6337cc9,\Gallery 56\05 - Dayana\,{Shemale Yum Dvd03~G56~05~05 - Dayana}
01080016.jpg,202806,b14e0b9f,\Gallery 56\05 - Dayana\,{Shemale Yum Dvd03~G56~05~05 - Dayana}
01080017.jpg,205699,9af0b1d5,\Gallery 56\05 - Dayana\,{Shemale Yum Dvd03~G56~05~05 - Dayana}
01080018.jpg,108074,506552e3,\Gallery 56\05 - Dayana\,{Shemale Yum Dvd03~G56~05~05 - Dayana}
01080019.jpg,132601,dcb0b492,\Gallery 56\05 - Dayana\,{Shemale Yum Dvd03~G56~05~05 - Dayana}
01080021.jpg,120341,92024388,\Gallery 56\05 - Dayana\,{Shemale Yum Dvd03~G56~05~05 - Dayana}
01080022.jpg,121235,4f58ce8b,\Gallery 56\05 - Dayana\,{Shemale Yum Dvd03~G56~05~05 - Dayana}
01080023.jpg,148842,16468dd3,\Gallery 56\05 - Dayana\,{Shemale Yum Dvd03~G56~05~05 - Dayana}
01080024.jpg,182568,c11db452,\Gallery 56\05 - Dayana\,{Shemale Yum Dvd03~G56~05~05 - Dayana}
01080025.jpg,149863,48b05974,\Gallery 56\05 - Dayana\,{Shemale Yum Dvd03~G56~05~05 - Dayana}
01080026.jpg,128625,59c9ef44,\Gallery 56\05 - Dayana\,{Shemale Yum Dvd03~G56~05~05 - Dayana}
01080027.jpg,166536,9a885cd0,\Gallery 56\05 - Dayana\,{Shemale Yum Dvd03~G56~05~05 - Dayana}
01080028.jpg,142032,cbf7509a,\Gallery 56\05 - Dayana\,{Shemale Yum Dvd03~G56~05~05 - Dayana}
01080029.jpg,112063,ed7672eb,\Gallery 56\05 - Dayana\,{Shemale Yum Dvd03~G56~05~05 - Dayana}
01080030.jpg,119146,f5f307f9,\Gallery 56\05 - Dayana\,{Shemale Yum Dvd03~G56~05~05 - Dayana}
01080031.jpg,115649,fae62621,\Gallery 56\05 - Dayana\,{Shemale Yum Dvd03~G56~05~05 - Dayana}
01080032.jpg,182167,0705185c,\Gallery 56\05 - Dayana\,{Shemale Yum Dvd03~G56~05~05 - Dayana}
01080033.jpg,183911,f0f72e7d,\Gallery 56\05 - Dayana\,{Shemale Yum Dvd03~G56~05~05 - Dayana}
01080034.jpg,191315,9bd29ae8,\Gallery 56\05 - Dayana\,{Shemale Yum Dvd03~G56~05~05 - Dayana}
01080035.jpg,160312,826faf84,\Gallery 56\05 - Dayana\,{Shemale Yum Dvd03~G56~05~05 - Dayana}
01080036.jpg,116440,4106af53,\Gallery 56\05 - Dayana\,{Shemale Yum Dvd03~G56~05~05 - Dayana}
01080037.jpg,107702,2087bf55,\Gallery 56\05 - Dayana\,{Shemale Yum Dvd03~G56~05~05 - Dayana}
01080038.jpg,139179,4763fa2a,\Gallery 56\05 - Dayana\,{Shemale Yum Dvd03~G56~05~05 - Dayana}
01080039.jpg,165381,0e2a8782,\Gallery 56\05 - Dayana\,{Shemale Yum Dvd03~G56~05~05 - Dayana}
01080040.jpg,121721,910f98df,\Gallery 56\05 - Dayana\,{Shemale Yum Dvd03~G56~05~05 - Dayana}
01080041.jpg,130774,1c5913b1,\Gallery 56\05 - Dayana\,{Shemale Yum Dvd03~G56~05~05 - Dayana}
01080042.jpg,116020,6e383cb9,\Gallery 56\05 - Dayana\,{Shemale Yum Dvd03~G56~05~05 - Dayana}
01080043.jpg,195061,8506029a,\Gallery 56\05 - Dayana\,{Shemale Yum Dvd03~G56~05~05 - Dayana}
01080044.jpg,199197,66eb92be,\Gallery 56\05 - Dayana\,{Shemale Yum Dvd03~G56~05~05 - Dayana}
01080045.jpg,151001,d869c3ee,\Gallery 56\05 - Dayana\,{Shemale Yum Dvd03~G56~05~05 - Dayana}
01080046.jpg,174496,d55a31c1,\Gallery 56\05 - Dayana\,{Shemale Yum Dvd03~G56~05~05 - Dayana}
01080047.jpg,133519,c24f29f2,\Gallery 56\05 - Dayana\,{Shemale Yum Dvd03~G56~05~05 - Dayana}
01080048.jpg,143757,e47ca11f,\Gallery 56\05 - Dayana\,{Shemale Yum Dvd03~G56~05~05 - Dayana}
01080049.jpg,163835,e7f0c9ac,\Gallery 56\05 - Dayana\,{Shemale Yum Dvd03~G56~05~05 - Dayana}
01080050.jpg,125034,b90e87bc,\Gallery 56\05 - Dayana\,{Shemale Yum Dvd03~G56~05~05 - Dayana}
01080052.jpg,165404,12a1d8d7,\Gallery 56\05 - Dayana\,{Shemale Yum Dvd03~G56~05~05 - Dayana}
01080053.jpg,185826,3c98033c,\Gallery 56\05 - Dayana\,{Shemale Yum Dvd03~G56~05~05 - Dayana}
01080054.jpg,179632,e6f04170,\Gallery 56\05 - Dayana\,{Shemale Yum Dvd03~G56~05~05 - Dayana}
01080055.jpg,189059,44523633,\Gallery 56\05 - Dayana\,{Shemale Yum Dvd03~G56~05~05 - Dayana}
01080056.jpg,151857,adb86a63,\Gallery 56\05 - Dayana\,{Shemale Yum Dvd03~G56~05~05 - Dayana}
01080057.jpg,154315,eb9a3a0d,\Gallery 56\05 - Dayana\,{Shemale Yum Dvd03~G56~05~05 - Dayana}
01080058.jpg,192408,17496ad5,\Gallery 56\05 - Dayana\,{Shemale Yum Dvd03~G56~05~05 - Dayana}
01080059.jpg,187220,e9427e65,\Gallery 56\05 - Dayana\,{Shemale Yum Dvd03~G56~05~05 - Dayana}
01080060.jpg,196959,40ab19e2,\Gallery 56\05 - Dayana\,{Shemale Yum Dvd03~G56~05~05 - Dayana}
01080061.jpg,202513,9a7ea502,\Gallery 56\05 - Dayana\,{Shemale Yum Dvd03~G56~05~05 - Dayana}
01080062.jpg,196783,a03bbfb0,\Gallery 56\05 - Dayana\,{Shemale Yum Dvd03~G56~05~05 - Dayana}
01080063.jpg,138079,ca245ead,\Gallery 56\05 - Dayana\,{Shemale Yum Dvd03~G56~05~05 - Dayana}
01080064.jpg,133548,f6b649ce,\Gallery 56\05 - Dayana\,{Shemale Yum Dvd03~G56~05~05 - Dayana}
01080065.jpg,125714,e0cc684b,\Gallery 56\05 - Dayana\,{Shemale Yum Dvd03~G56~05~05 - Dayana}
01080067.jpg,136944,5366d49b,\Gallery 56\05 - Dayana\,{Shemale Yum Dvd03~G56~05~05 - Dayana}
01080068.jpg,133193,081bbd74,\Gallery 56\05 - Dayana\,{Shemale Yum Dvd03~G56~05~05 - Dayana}
01080069.jpg,125483,75500b28,\Gallery 56\05 - Dayana\,{Shemale Yum Dvd03~G56~05~05 - Dayana}
01080070.jpg,189474,bf367302,\Gallery 56\05 - Dayana\,{Shemale Yum Dvd03~G56~05~05 - Dayana}
01080071.jpg,148337,091fe847,\Gallery 56\05 - Dayana\,{Shemale Yum Dvd03~G56~05~05 - Dayana}
01080072.jpg,142918,cde94633,\Gallery 56\05 - Dayana\,{Shemale Yum Dvd03~G56~05~05 - Dayana}
01080073.jpg,208098,52bb4ead,\Gallery 56\05 - Dayana\,{Shemale Yum Dvd03~G56~05~05 - Dayana}
01080074.jpg,178711,2b15379a,\Gallery 56\05 - Dayana\,{Shemale Yum Dvd03~G56~05~05 - Dayana}
01080075.jpg,193580,afe00712,\Gallery 56\05 - Dayana\,{Shemale Yum Dvd03~G56~05~05 - Dayana}
01080076.jpg,145234,40d137a8,\Gallery 56\05 - Dayana\,{Shemale Yum Dvd03~G56~05~05 - Dayana}
01080077.jpg,147343,bda1757e,\Gallery 56\05 - Dayana\,{Shemale Yum Dvd03~G56~05~05 - Dayana}
01080078.jpg,150539,2e1ab32c,\Gallery 56\05 - Dayana\,{Shemale Yum Dvd03~G56~05~05 - Dayana}
01080079.jpg,190212,432b05cc,\Gallery 56\05 - Dayana\,{Shemale Yum Dvd03~G56~05~05 - Dayana}
01080080.jpg,135082,d43ba9bc,\Gallery 56\05 - Dayana\,{Shemale Yum Dvd03~G56~05~05 - Dayana}
01080081.jpg,207943,ad6e0e35,\Gallery 56\05 - Dayana\,{Shemale Yum Dvd03~G56~05~05 - Dayana}
01080082.jpg,157297,76023920,\Gallery 56\05 - Dayana\,{Shemale Yum Dvd03~G56~05~05 - Dayana}
01080083.jpg,141686,c11c0752,\Gallery 56\05 - Dayana\,{Shemale Yum Dvd03~G56~05~05 - Dayana}
01080084.jpg,154852,a7919cce,\Gallery 56\05 - Dayana\,{Shemale Yum Dvd03~G56~05~05 - Dayana}
01080085.jpg,150735,a49688bd,\Gallery 56\05 - Dayana\,{Shemale Yum Dvd03~G56~05~05 - Dayana}
01080086.jpg,156937,87965a74,\Gallery 56\05 - Dayana\,{Shemale Yum Dvd03~G56~05~05 - Dayana}
01080087.jpg,153946,f8bdc0df,\Gallery 56\05 - Dayana\,{Shemale Yum Dvd03~G56~05~05 - Dayana}
01080088.jpg,150150,913918f5,\Gallery 56\05 - Dayana\,{Shemale Yum Dvd03~G56~05~05 - Dayana}
01080089.jpg,159877,d4006982,\Gallery 56\05 - Dayana\,{Shemale Yum Dvd03~G56~05~05 - Dayana}
01080090.jpg,162680,df345ba2,\Gallery 56\05 - Dayana\,{Shemale Yum Dvd03~G56~05~05 - Dayana}
01080091.jpg,121995,4625483a,\Gallery 56\05 - Dayana\,{Shemale Yum Dvd03~G56~05~05 - Dayana}
01080092.jpg,106015,a998dc53,\Gallery 56\05 - Dayana\,{Shemale Yum Dvd03~G56~05~05 - Dayana}
01080093.jpg,135077,32d24e67,\Gallery 56\05 - Dayana\,{Shemale Yum Dvd03~G56~05~05 - Dayana}
01080095.jpg,137632,3fdc3fd5,\Gallery 56\05 - Dayana\,{Shemale Yum Dvd03~G56~05~05 - Dayana}
01080096.jpg,143332,9cf58d9a,\Gallery 56\05 - Dayana\,{Shemale Yum Dvd03~G56~05~05 - Dayana}
01080097.jpg,119794,dfa7213e,\Gallery 56\05 - Dayana\,{Shemale Yum Dvd03~G56~05~05 - Dayana}
01080098.jpg,182885,dc12a7bb,\Gallery 56\05 - Dayana\,{Shemale Yum Dvd03~G56~05~05 - Dayana}
01080099.jpg,148192,846e933a,\Gallery 56\05 - Dayana\,{Shemale Yum Dvd03~G56~05~05 - Dayana}
01080100.jpg,171268,4059efe0,\Gallery 56\05 - Dayana\,{Shemale Yum Dvd03~G56~05~05 - Dayana}
01080101.jpg,130003,e3459917,\Gallery 56\05 - Dayana\,{Shemale Yum Dvd03~G56~05~05 - Dayana}
01080102.jpg,114138,fd68787f,\Gallery 56\05 - Dayana\,{Shemale Yum Dvd03~G56~05~05 - Dayana}
01080103.jpg,117739,e7d91356,\Gallery 56\05 - Dayana\,{Shemale Yum Dvd03~G56~05~05 - Dayana}
dayana01080010.jpg,121302,af5ac5fc,\Gallery 56\05 - Dayana\,{Shemale Yum Dvd03~G56~05~05 - Dayana}
dayana01080094.jpg,130351,3a3eb4d0,\Gallery 56\05 - Dayana\,{Shemale Yum Dvd03~G56~05~05 - Dayana}
lisa001.jpg,111192,2b42a69f,\Gallery 56\06 - Lisa\,{Shemale Yum Dvd03~G56~06~06 - Lisa}
lisa002.jpg,153349,a247fe75,\Gallery 56\06 - Lisa\,{Shemale Yum Dvd03~G56~06~06 - Lisa}
lisa003.jpg,135145,5f8bcf56,\Gallery 56\06 - Lisa\,{Shemale Yum Dvd03~G56~06~06 - Lisa}
lisa004.jpg,118484,a9d028d1,\Gallery 56\06 - Lisa\,{Shemale Yum Dvd03~G56~06~06 - Lisa}
lisa005.jpg,143525,a74c7d86,\Gallery 56\06 - Lisa\,{Shemale Yum Dvd03~G56~06~06 - Lisa}
lisa007.jpg,118280,b842fb35,\Gallery 56\06 - Lisa\,{Shemale Yum Dvd03~G56~06~06 - Lisa}
lisa008.jpg,110182,dff7c349,\Gallery 56\06 - Lisa\,{Shemale Yum Dvd03~G56~06~06 - Lisa}
lisa009.jpg,128445,24b6c405,\Gallery 56\06 - Lisa\,{Shemale Yum Dvd03~G56~06~06 - Lisa}
lisa010.jpg,133938,ddf15fb0,\Gallery 56\06 - Lisa\,{Shemale Yum Dvd03~G56~06~06 - Lisa}
lisa011.jpg,115654,ab179710,\Gallery 56\06 - Lisa\,{Shemale Yum Dvd03~G56~06~06 - Lisa}
lisa012.jpg,119218,e63e003d,\Gallery 56\06 - Lisa\,{Shemale Yum Dvd03~G56~06~06 - Lisa}
lisa013.jpg,113543,990d6c4c,\Gallery 56\06 - Lisa\,{Shemale Yum Dvd03~G56~06~06 - Lisa}
lisa014.jpg,118848,ecf3cd55,\Gallery 56\06 - Lisa\,{Shemale Yum Dvd03~G56~06~06 - Lisa}
lisa015.jpg,108956,b967a0db,\Gallery 56\06 - Lisa\,{Shemale Yum Dvd03~G56~06~06 - Lisa}
lisa016.jpg,119202,8cb9fa72,\Gallery 56\06 - Lisa\,{Shemale Yum Dvd03~G56~06~06 - Lisa}
lisa017.jpg,102120,71e36ec1,\Gallery 56\06 - Lisa\,{Shemale Yum Dvd03~G56~06~06 - Lisa}
lisa018.jpg,122709,8d9f16e8,\Gallery 56\06 - Lisa\,{Shemale Yum Dvd03~G56~06~06 - Lisa}
lisa019.jpg,105480,b1c919cc,\Gallery 56\06 - Lisa\,{Shemale Yum Dvd03~G56~06~06 - Lisa}
lisa020.jpg,118642,88616436,\Gallery 56\06 - Lisa\,{Shemale Yum Dvd03~G56~06~06 - Lisa}
lisa021.jpg,118266,fab7d40a,\Gallery 56\06 - Lisa\,{Shemale Yum Dvd03~G56~06~06 - Lisa}
lisa022.jpg,125754,b91eeda0,\Gallery 56\06 - Lisa\,{Shemale Yum Dvd03~G56~06~06 - Lisa}
lisa023.jpg,114720,3ed6bbed,\Gallery 56\06 - Lisa\,{Shemale Yum Dvd03~G56~06~06 - Lisa}
lisa024.jpg,105511,34db61d3,\Gallery 56\06 - Lisa\,{Shemale Yum Dvd03~G56~06~06 - Lisa}
lisa025.jpg,100525,8134d78b,\Gallery 56\06 - Lisa\,{Shemale Yum Dvd03~G56~06~06 - Lisa}
lisa026.jpg,100403,11f7b964,\Gallery 56\06 - Lisa\,{Shemale Yum Dvd03~G56~06~06 - Lisa}
lisa027.jpg,122028,77e7eb51,\Gallery 56\06 - Lisa\,{Shemale Yum Dvd03~G56~06~06 - Lisa}
lisa028.jpg,108463,78dc7489,\Gallery 56\06 - Lisa\,{Shemale Yum Dvd03~G56~06~06 - Lisa}
lisa029.jpg,110463,a8687403,\Gallery 56\06 - Lisa\,{Shemale Yum Dvd03~G56~06~06 - Lisa}
lisa030.jpg,105916,c69e1991,\Gallery 56\06 - Lisa\,{Shemale Yum Dvd03~G56~06~06 - Lisa}
lisa031.jpg,98737,d7edeb6a,\Gallery 56\06 - Lisa\,{Shemale Yum Dvd03~G56~06~06 - Lisa}
lisa032.jpg,107443,fd37866c,\Gallery 56\06 - Lisa\,{Shemale Yum Dvd03~G56~06~06 - Lisa}
lisa033.jpg,108041,b2ac1ea8,\Gallery 56\06 - Lisa\,{Shemale Yum Dvd03~G56~06~06 - Lisa}
lisa034.jpg,128241,c40f8727,\Gallery 56\06 - Lisa\,{Shemale Yum Dvd03~G56~06~06 - Lisa}
lisa035.jpg,120153,baa157f5,\Gallery 56\06 - Lisa\,{Shemale Yum Dvd03~G56~06~06 - Lisa}
lisa036.jpg,121959,f3e71829,\Gallery 56\06 - Lisa\,{Shemale Yum Dvd03~G56~06~06 - Lisa}
lisa037.jpg,117465,ecda3bb5,\Gallery 56\06 - Lisa\,{Shemale Yum Dvd03~G56~06~06 - Lisa}
lisa038.jpg,114554,abc045a6,\Gallery 56\06 - Lisa\,{Shemale Yum Dvd03~G56~06~06 - Lisa}
lisa039.jpg,111513,f39eaffa,\Gallery 56\06 - Lisa\,{Shemale Yum Dvd03~G56~06~06 - Lisa}
lisa040.jpg,116779,11295df6,\Gallery 56\06 - Lisa\,{Shemale Yum Dvd03~G56~06~06 - Lisa}
lisa041.jpg,121728,3d25b92c,\Gallery 56\06 - Lisa\,{Shemale Yum Dvd03~G56~06~06 - Lisa}
lisa042.jpg,124086,3e40522d,\Gallery 56\06 - Lisa\,{Shemale Yum Dvd03~G56~06~06 - Lisa}
lisa043.jpg,132161,0bd06e7f,\Gallery 56\06 - Lisa\,{Shemale Yum Dvd03~G56~06~06 - Lisa}
lisa044.jpg,116829,4408ffcf,\Gallery 56\06 - Lisa\,{Shemale Yum Dvd03~G56~06~06 - Lisa}
lisa045.jpg,137505,0b47e3cf,\Gallery 56\06 - Lisa\,{Shemale Yum Dvd03~G56~06~06 - Lisa}
lisa046.jpg,124780,d796ace4,\Gallery 56\06 - Lisa\,{Shemale Yum Dvd03~G56~06~06 - Lisa}
lisa047.jpg,175241,8829bbca,\Gallery 56\06 - Lisa\,{Shemale Yum Dvd03~G56~06~06 - Lisa}
lisa048.jpg,128245,7baf7e72,\Gallery 56\06 - Lisa\,{Shemale Yum Dvd03~G56~06~06 - Lisa}
lisa049.jpg,124308,7e304eb4,\Gallery 56\06 - Lisa\,{Shemale Yum Dvd03~G56~06~06 - Lisa}
lisa050.jpg,124121,6d26e706,\Gallery 56\06 - Lisa\,{Shemale Yum Dvd03~G56~06~06 - Lisa}
lisa051.jpg,131208,3f009cc6,\Gallery 56\06 - Lisa\,{Shemale Yum Dvd03~G56~06~06 - Lisa}
lisa052.jpg,128229,670398ed,\Gallery 56\06 - Lisa\,{Shemale Yum Dvd03~G56~06~06 - Lisa}
lisa053.jpg,131676,3cdacf04,\Gallery 56\06 - Lisa\,{Shemale Yum Dvd03~G56~06~06 - Lisa}
lisa054.jpg,129118,4c62a960,\Gallery 56\06 - Lisa\,{Shemale Yum Dvd03~G56~06~06 - Lisa}
lisa055.jpg,119156,9c59f325,\Gallery 56\06 - Lisa\,{Shemale Yum Dvd03~G56~06~06 - Lisa}
lisa057.jpg,130573,1661f708,\Gallery 56\06 - Lisa\,{Shemale Yum Dvd03~G56~06~06 - Lisa}
lisa058.jpg,115434,fc630ffa,\Gallery 56\06 - Lisa\,{Shemale Yum Dvd03~G56~06~06 - Lisa}
lisa059.jpg,113836,6315d87d,\Gallery 56\06 - Lisa\,{Shemale Yum Dvd03~G56~06~06 - Lisa}
lisa060.jpg,139981,3d98e60b,\Gallery 56\06 - Lisa\,{Shemale Yum Dvd03~G56~06~06 - Lisa}
lisa061.jpg,121749,a4f1a7c4,\Gallery 56\06 - Lisa\,{Shemale Yum Dvd03~G56~06~06 - Lisa}
lisa062.jpg,131373,acd61b57,\Gallery 56\06 - Lisa\,{Shemale Yum Dvd03~G56~06~06 - Lisa}
lisa063.jpg,115410,5b0a0516,\Gallery 56\06 - Lisa\,{Shemale Yum Dvd03~G56~06~06 - Lisa}
lisa064.jpg,159623,dbffce1f,\Gallery 56\06 - Lisa\,{Shemale Yum Dvd03~G56~06~06 - Lisa}
lisa065.jpg,112374,78dee717,\Gallery 56\06 - Lisa\,{Shemale Yum Dvd03~G56~06~06 - Lisa}
lisa066.jpg,109044,accb6312,\Gallery 56\06 - Lisa\,{Shemale Yum Dvd03~G56~06~06 - Lisa}
lisa067.jpg,117806,c83b573b,\Gallery 56\06 - Lisa\,{Shemale Yum Dvd03~G56~06~06 - Lisa}
lisa068.jpg,124985,f75fa534,\Gallery 56\06 - Lisa\,{Shemale Yum Dvd03~G56~06~06 - Lisa}
lisa069.jpg,113639,06480c19,\Gallery 56\06 - Lisa\,{Shemale Yum Dvd03~G56~06~06 - Lisa}
lisa070.jpg,134747,56521474,\Gallery 56\06 - Lisa\,{Shemale Yum Dvd03~G56~06~06 - Lisa}
lisa071.jpg,131476,2341dcde,\Gallery 56\06 - Lisa\,{Shemale Yum Dvd03~G56~06~06 - Lisa}
lisa072.jpg,184633,56b84d2d,\Gallery 56\06 - Lisa\,{Shemale Yum Dvd03~G56~06~06 - Lisa}
lisa074.jpg,179441,cd09ea5b,\Gallery 56\06 - Lisa\,{Shemale Yum Dvd03~G56~06~06 - Lisa}
lisa075.jpg,162046,ad212c8d,\Gallery 56\06 - Lisa\,{Shemale Yum Dvd03~G56~06~06 - Lisa}
lisa076.jpg,113918,76777de8,\Gallery 56\06 - Lisa\,{Shemale Yum Dvd03~G56~06~06 - Lisa}
lisa077.jpg,129285,9f62ac2c,\Gallery 56\06 - Lisa\,{Shemale Yum Dvd03~G56~06~06 - Lisa}
lisa078.jpg,125410,4f553daf,\Gallery 56\06 - Lisa\,{Shemale Yum Dvd03~G56~06~06 - Lisa}
lisa079.jpg,130513,029ba3f7,\Gallery 56\06 - Lisa\,{Shemale Yum Dvd03~G56~06~06 - Lisa}
lisa080.jpg,126921,e1baae78,\Gallery 56\06 - Lisa\,{Shemale Yum Dvd03~G56~06~06 - Lisa}
lisa081.jpg,109179,cd656d17,\Gallery 56\06 - Lisa\,{Shemale Yum Dvd03~G56~06~06 - Lisa}
lisa082.jpg,110774,146da3dd,\Gallery 56\06 - Lisa\,{Shemale Yum Dvd03~G56~06~06 - Lisa}
lisa083.jpg,120999,4346d83a,\Gallery 56\06 - Lisa\,{Shemale Yum Dvd03~G56~06~06 - Lisa}
lisa084.jpg,124601,642d21a4,\Gallery 56\06 - Lisa\,{Shemale Yum Dvd03~G56~06~06 - Lisa}
lisa085.jpg,110253,43d90d0b,\Gallery 56\06 - Lisa\,{Shemale Yum Dvd03~G56~06~06 - Lisa}
lisa086.jpg,121158,8b14242d,\Gallery 56\06 - Lisa\,{Shemale Yum Dvd03~G56~06~06 - Lisa}
lisa087.jpg,99255,0f5e7b13,\Gallery 56\06 - Lisa\,{Shemale Yum Dvd03~G56~06~06 - Lisa}
lisa088.jpg,100594,1d8e140b,\Gallery 56\06 - Lisa\,{Shemale Yum Dvd03~G56~06~06 - Lisa}
lisa089.jpg,105214,0667d7b5,\Gallery 56\06 - Lisa\,{Shemale Yum Dvd03~G56~06~06 - Lisa}
lisa090.jpg,114291,29ebfda2,\Gallery 56\06 - Lisa\,{Shemale Yum Dvd03~G56~06~06 - Lisa}
lisa091.jpg,119731,7df4d11e,\Gallery 56\06 - Lisa\,{Shemale Yum Dvd03~G56~06~06 - Lisa}
lisa093.jpg,107201,13689da3,\Gallery 56\06 - Lisa\,{Shemale Yum Dvd03~G56~06~06 - Lisa}
lisa094.jpg,123831,7dd91dfe,\Gallery 56\06 - Lisa\,{Shemale Yum Dvd03~G56~06~06 - Lisa}
lisa095.jpg,128204,1940ccdf,\Gallery 56\06 - Lisa\,{Shemale Yum Dvd03~G56~06~06 - Lisa}
lisa096.jpg,136337,4f990925,\Gallery 56\06 - Lisa\,{Shemale Yum Dvd03~G56~06~06 - Lisa}
lisa097.jpg,169009,5852099c,\Gallery 56\06 - Lisa\,{Shemale Yum Dvd03~G56~06~06 - Lisa}
lisa098.jpg,161204,ad418985,\Gallery 56\06 - Lisa\,{Shemale Yum Dvd03~G56~06~06 - Lisa}
lisa099.jpg,155968,0a4a408c,\Gallery 56\06 - Lisa\,{Shemale Yum Dvd03~G56~06~06 - Lisa}
lisa100.jpg,124969,487618d8,\Gallery 56\06 - Lisa\,{Shemale Yum Dvd03~G56~06~06 - Lisa}
lisa101.jpg,118713,8c0c366a,\Gallery 56\06 - Lisa\,{Shemale Yum Dvd03~G56~06~06 - Lisa}
lisa102.jpg,137250,5c427dcf,\Gallery 56\06 - Lisa\,{Shemale Yum Dvd03~G56~06~06 - Lisa}
lisa103.jpg,133188,5550cee3,\Gallery 56\06 - Lisa\,{Shemale Yum Dvd03~G56~06~06 - Lisa}
lisawhite006.jpg,123729,cd5199e8,\Gallery 56\06 - Lisa\,{Shemale Yum Dvd03~G56~06~06 - Lisa}
lisawhite073.jpg,113840,bbf5e8a7,\Gallery 56\06 - Lisa\,{Shemale Yum Dvd03~G56~06~06 - Lisa}
lisa001.jpg,141260,4b9c9dc1,\Gallery 56\06 - Lisa (2)\,{Shemale Yum Dvd03~G56~06-2~06 - Lisa (2)}
lisa002.jpg,137218,6e9f010f,\Gallery 56\06 - Lisa (2)\,{Shemale Yum Dvd03~G56~06-2~06 - Lisa (2)}
lisa004.jpg,124827,b88b7626,\Gallery 56\06 - Lisa (2)\,{Shemale Yum Dvd03~G56~06-2~06 - Lisa (2)}
lisa005.jpg,116412,ebe97c46,\Gallery 56\06 - Lisa (2)\,{Shemale Yum Dvd03~G56~06-2~06 - Lisa (2)}
lisa006.jpg,127977,f1623b3b,\Gallery 56\06 - Lisa (2)\,{Shemale Yum Dvd03~G56~06-2~06 - Lisa (2)}
lisa007.jpg,124078,7196a759,\Gallery 56\06 - Lisa (2)\,{Shemale Yum Dvd03~G56~06-2~06 - Lisa (2)}
lisa008.jpg,103995,28109028,\Gallery 56\06 - Lisa (2)\,{Shemale Yum Dvd03~G56~06-2~06 - Lisa (2)}
lisa009.jpg,130910,c32968c5,\Gallery 56\06 - Lisa (2)\,{Shemale Yum Dvd03~G56~06-2~06 - Lisa (2)}
lisa010.jpg,135431,64c9c7fc,\Gallery 56\06 - Lisa (2)\,{Shemale Yum Dvd03~G56~06-2~06 - Lisa (2)}
lisa011.jpg,134734,542a526f,\Gallery 56\06 - Lisa (2)\,{Shemale Yum Dvd03~G56~06-2~06 - Lisa (2)}
lisa012.jpg,121042,9e8bd09b,\Gallery 56\06 - Lisa (2)\,{Shemale Yum Dvd03~G56~06-2~06 - Lisa (2)}
lisa013.jpg,126446,c30d5666,\Gallery 56\06 - Lisa (2)\,{Shemale Yum Dvd03~G56~06-2~06 - Lisa (2)}
lisa014.jpg,116368,e2dfe527,\Gallery 56\06 - Lisa (2)\,{Shemale Yum Dvd03~G56~06-2~06 - Lisa (2)}
lisa015.jpg,132038,2976db25,\Gallery 56\06 - Lisa (2)\,{Shemale Yum Dvd03~G56~06-2~06 - Lisa (2)}
lisa016.jpg,125739,03a42ab2,\Gallery 56\06 - Lisa (2)\,{Shemale Yum Dvd03~G56~06-2~06 - Lisa (2)}
lisa017.jpg,119187,cafa1d64,\Gallery 56\06 - Lisa (2)\,{Shemale Yum Dvd03~G56~06-2~06 - Lisa (2)}
lisa018.jpg,129061,f2567d63,\Gallery 56\06 - Lisa (2)\,{Shemale Yum Dvd03~G56~06-2~06 - Lisa (2)}
lisa019.jpg,113744,4f0cd522,\Gallery 56\06 - Lisa (2)\,{Shemale Yum Dvd03~G56~06-2~06 - Lisa (2)}
lisa020.jpg,145003,41da403e,\Gallery 56\06 - Lisa (2)\,{Shemale Yum Dvd03~G56~06-2~06 - Lisa (2)}
lisa021.jpg,126864,a09ffc15,\Gallery 56\06 - Lisa (2)\,{Shemale Yum Dvd03~G56~06-2~06 - Lisa (2)}
lisa022.jpg,134918,24e1782c,\Gallery 56\06 - Lisa (2)\,{Shemale Yum Dvd03~G56~06-2~06 - Lisa (2)}
lisa023.jpg,111019,8fd627b6,\Gallery 56\06 - Lisa (2)\,{Shemale Yum Dvd03~G56~06-2~06 - Lisa (2)}
lisa024.jpg,125369,c737cda0,\Gallery 56\06 - Lisa (2)\,{Shemale Yum Dvd03~G56~06-2~06 - Lisa (2)}
lisa025.jpg,130479,2ca3a6c5,\Gallery 56\06 - Lisa (2)\,{Shemale Yum Dvd03~G56~06-2~06 - Lisa (2)}
lisa026.jpg,124360,c0d5d841,\Gallery 56\06 - Lisa (2)\,{Shemale Yum Dvd03~G56~06-2~06 - Lisa (2)}
lisa027.jpg,117229,7d659483,\Gallery 56\06 - Lisa (2)\,{Shemale Yum Dvd03~G56~06-2~06 - Lisa (2)}
lisa028.jpg,113978,f7552110,\Gallery 56\06 - Lisa (2)\,{Shemale Yum Dvd03~G56~06-2~06 - Lisa (2)}
lisa029.jpg,122044,f4cd2343,\Gallery 56\06 - Lisa (2)\,{Shemale Yum Dvd03~G56~06-2~06 - Lisa (2)}
lisa030.jpg,108577,1df5c2e6,\Gallery 56\06 - Lisa (2)\,{Shemale Yum Dvd03~G56~06-2~06 - Lisa (2)}
lisa031.jpg,115112,e1225f9c,\Gallery 56\06 - Lisa (2)\,{Shemale Yum Dvd03~G56~06-2~06 - Lisa (2)}
lisa032.jpg,130353,3ce1fe54,\Gallery 56\06 - Lisa (2)\,{Shemale Yum Dvd03~G56~06-2~06 - Lisa (2)}
lisa033.jpg,116909,2fd56533,\Gallery 56\06 - Lisa (2)\,{Shemale Yum Dvd03~G56~06-2~06 - Lisa (2)}
lisa034.jpg,114662,c3162a2c,\Gallery 56\06 - Lisa (2)\,{Shemale Yum Dvd03~G56~06-2~06 - Lisa (2)}
lisa035.jpg,104905,07e38003,\Gallery 56\06 - Lisa (2)\,{Shemale Yum Dvd03~G56~06-2~06 - Lisa (2)}
lisa036.jpg,106303,e6e02b54,\Gallery 56\06 - Lisa (2)\,{Shemale Yum Dvd03~G56~06-2~06 - Lisa (2)}
lisa037.jpg,111561,34468a77,\Gallery 56\06 - Lisa (2)\,{Shemale Yum Dvd03~G56~06-2~06 - Lisa (2)}
lisa038.jpg,107230,85208776,\Gallery 56\06 - Lisa (2)\,{Shemale Yum Dvd03~G56~06-2~06 - Lisa (2)}
lisa039.jpg,110711,476ee536,\Gallery 56\06 - Lisa (2)\,{Shemale Yum Dvd03~G56~06-2~06 - Lisa (2)}
lisa040.jpg,107509,3a0da5ff,\Gallery 56\06 - Lisa (2)\,{Shemale Yum Dvd03~G56~06-2~06 - Lisa (2)}
lisa042.jpg,125585,9a42daa1,\Gallery 56\06 - Lisa (2)\,{Shemale Yum Dvd03~G56~06-2~06 - Lisa (2)}
lisa043.jpg,118075,0d6d2cba,\Gallery 56\06 - Lisa (2)\,{Shemale Yum Dvd03~G56~06-2~06 - Lisa (2)}
lisa044.jpg,131174,0882ee1a,\Gallery 56\06 - Lisa (2)\,{Shemale Yum Dvd03~G56~06-2~06 - Lisa (2)}
lisa045.jpg,135850,fa5bb112,\Gallery 56\06 - Lisa (2)\,{Shemale Yum Dvd03~G56~06-2~06 - Lisa (2)}
lisa047.jpg,124111,d6f13c01,\Gallery 56\06 - Lisa (2)\,{Shemale Yum Dvd03~G56~06-2~06 - Lisa (2)}
lisa048.jpg,128122,63ca7aa6,\Gallery 56\06 - Lisa (2)\,{Shemale Yum Dvd03~G56~06-2~06 - Lisa (2)}
lisa049.jpg,129314,86f50765,\Gallery 56\06 - Lisa (2)\,{Shemale Yum Dvd03~G56~06-2~06 - Lisa (2)}
lisa050.jpg,120880,bd3beb1c,\Gallery 56\06 - Lisa (2)\,{Shemale Yum Dvd03~G56~06-2~06 - Lisa (2)}
lisa051.jpg,114778,45e093fa,\Gallery 56\06 - Lisa (2)\,{Shemale Yum Dvd03~G56~06-2~06 - Lisa (2)}
lisa052.jpg,129273,b4393a8f,\Gallery 56\06 - Lisa (2)\,{Shemale Yum Dvd03~G56~06-2~06 - Lisa (2)}
lisa053.jpg,107952,48bda6da,\Gallery 56\06 - Lisa (2)\,{Shemale Yum Dvd03~G56~06-2~06 - Lisa (2)}
lisa054.jpg,131600,6d6a5c95,\Gallery 56\06 - Lisa (2)\,{Shemale Yum Dvd03~G56~06-2~06 - Lisa (2)}
lisa055.jpg,124435,ac113f36,\Gallery 56\06 - Lisa (2)\,{Shemale Yum Dvd03~G56~06-2~06 - Lisa (2)}
lisa056.jpg,157582,090fd42d,\Gallery 56\06 - Lisa (2)\,{Shemale Yum Dvd03~G56~06-2~06 - Lisa (2)}
lisa057.jpg,114742,cab4eda5,\Gallery 56\06 - Lisa (2)\,{Shemale Yum Dvd03~G56~06-2~06 - Lisa (2)}
lisa058.jpg,187212,5f45abcb,\Gallery 56\06 - Lisa (2)\,{Shemale Yum Dvd03~G56~06-2~06 - Lisa (2)}
lisa059.jpg,192196,e227f146,\Gallery 56\06 - Lisa (2)\,{Shemale Yum Dvd03~G56~06-2~06 - Lisa (2)}
lisa060.jpg,181410,abf0ebb8,\Gallery 56\06 - Lisa (2)\,{Shemale Yum Dvd03~G56~06-2~06 - Lisa (2)}
lisa061.jpg,179992,799256dd,\Gallery 56\06 - Lisa (2)\,{Shemale Yum Dvd03~G56~06-2~06 - Lisa (2)}
lisa062.jpg,181558,0b291efc,\Gallery 56\06 - Lisa (2)\,{Shemale Yum Dvd03~G56~06-2~06 - Lisa (2)}
lisa063.jpg,181624,ad42a9d3,\Gallery 56\06 - Lisa (2)\,{Shemale Yum Dvd03~G56~06-2~06 - Lisa (2)}
lisa064.jpg,173074,1359e92a,\Gallery 56\06 - Lisa (2)\,{Shemale Yum Dvd03~G56~06-2~06 - Lisa (2)}
lisa065.jpg,147031,96a887cd,\Gallery 56\06 - Lisa (2)\,{Shemale Yum Dvd03~G56~06-2~06 - Lisa (2)}
lisa066.jpg,111657,dfac9a4e,\Gallery 56\06 - Lisa (2)\,{Shemale Yum Dvd03~G56~06-2~06 - Lisa (2)}
lisa068.jpg,147038,1461983f,\Gallery 56\06 - Lisa (2)\,{Shemale Yum Dvd03~G56~06-2~06 - Lisa (2)}
lisa069.jpg,134353,ac436414,\Gallery 56\06 - Lisa (2)\,{Shemale Yum Dvd03~G56~06-2~06 - Lisa (2)}
lisa070.jpg,144399,8ce3c9ac,\Gallery 56\06 - Lisa (2)\,{Shemale Yum Dvd03~G56~06-2~06 - Lisa (2)}
lisa071.jpg,194765,3d02b837,\Gallery 56\06 - Lisa (2)\,{Shemale Yum Dvd03~G56~06-2~06 - Lisa (2)}
lisa072.jpg,129041,41e2eeff,\Gallery 56\06 - Lisa (2)\,{Shemale Yum Dvd03~G56~06-2~06 - Lisa (2)}
lisa073.jpg,133521,180ab50f,\Gallery 56\06 - Lisa (2)\,{Shemale Yum Dvd03~G56~06-2~06 - Lisa (2)}
lisa074.jpg,120494,dec9d9b9,\Gallery 56\06 - Lisa (2)\,{Shemale Yum Dvd03~G56~06-2~06 - Lisa (2)}
lisa075.jpg,130195,d90a8223,\Gallery 56\06 - Lisa (2)\,{Shemale Yum Dvd03~G56~06-2~06 - Lisa (2)}
lisa076.jpg,103524,4ada29ab,\Gallery 56\06 - Lisa (2)\,{Shemale Yum Dvd03~G56~06-2~06 - Lisa (2)}
lisa077.jpg,118218,7d112ecf,\Gallery 56\06 - Lisa (2)\,{Shemale Yum Dvd03~G56~06-2~06 - Lisa (2)}
lisa078.jpg,135728,6a2080fc,\Gallery 56\06 - Lisa (2)\,{Shemale Yum Dvd03~G56~06-2~06 - Lisa (2)}
lisa079.jpg,175732,a7c36b0b,\Gallery 56\06 - Lisa (2)\,{Shemale Yum Dvd03~G56~06-2~06 - Lisa (2)}
lisa080.jpg,167231,f527b116,\Gallery 56\06 - Lisa (2)\,{Shemale Yum Dvd03~G56~06-2~06 - Lisa (2)}
lisa081.jpg,180403,b458dc85,\Gallery 56\06 - Lisa (2)\,{Shemale Yum Dvd03~G56~06-2~06 - Lisa (2)}
lisa082.jpg,167301,8c4d6d7b,\Gallery 56\06 - Lisa (2)\,{Shemale Yum Dvd03~G56~06-2~06 - Lisa (2)}
lisa083.jpg,137304,a83725d5,\Gallery 56\06 - Lisa (2)\,{Shemale Yum Dvd03~G56~06-2~06 - Lisa (2)}
lisa084.jpg,146686,513f3bff,\Gallery 56\06 - Lisa (2)\,{Shemale Yum Dvd03~G56~06-2~06 - Lisa (2)}
lisa085.jpg,172706,bab16368,\Gallery 56\06 - Lisa (2)\,{Shemale Yum Dvd03~G56~06-2~06 - Lisa (2)}
lisa086.jpg,192244,39f9e7d6,\Gallery 56\06 - Lisa (2)\,{Shemale Yum Dvd03~G56~06-2~06 - Lisa (2)}
lisa087.jpg,183511,ca060349,\Gallery 56\06 - Lisa (2)\,{Shemale Yum Dvd03~G56~06-2~06 - Lisa (2)}
lisa088.jpg,106364,95c6ac29,\Gallery 56\06 - Lisa (2)\,{Shemale Yum Dvd03~G56~06-2~06 - Lisa (2)}
lisa090.jpg,120227,466509ca,\Gallery 56\06 - Lisa (2)\,{Shemale Yum Dvd03~G56~06-2~06 - Lisa (2)}
lisa091.jpg,107813,5bf8e777,\Gallery 56\06 - Lisa (2)\,{Shemale Yum Dvd03~G56~06-2~06 - Lisa (2)}
lisa092.jpg,159769,ee606f88,\Gallery 56\06 - Lisa (2)\,{Shemale Yum Dvd03~G56~06-2~06 - Lisa (2)}
lisa093.jpg,157145,8426a990,\Gallery 56\06 - Lisa (2)\,{Shemale Yum Dvd03~G56~06-2~06 - Lisa (2)}
lisa094.jpg,146500,922066af,\Gallery 56\06 - Lisa (2)\,{Shemale Yum Dvd03~G56~06-2~06 - Lisa (2)}
lisa095.jpg,161152,5dab3a6f,\Gallery 56\06 - Lisa (2)\,{Shemale Yum Dvd03~G56~06-2~06 - Lisa (2)}
lisa096.jpg,161413,fc6ae626,\Gallery 56\06 - Lisa (2)\,{Shemale Yum Dvd03~G56~06-2~06 - Lisa (2)}
lisa097.jpg,159710,49f764b8,\Gallery 56\06 - Lisa (2)\,{Shemale Yum Dvd03~G56~06-2~06 - Lisa (2)}
lisa098.jpg,160569,a9712c3c,\Gallery 56\06 - Lisa (2)\,{Shemale Yum Dvd03~G56~06-2~06 - Lisa (2)}
lisa099.jpg,153122,1753e0d4,\Gallery 56\06 - Lisa (2)\,{Shemale Yum Dvd03~G56~06-2~06 - Lisa (2)}
lisa100.jpg,166019,15961dfc,\Gallery 56\06 - Lisa (2)\,{Shemale Yum Dvd03~G56~06-2~06 - Lisa (2)}
lisa101.jpg,165997,3e001a2f,\Gallery 56\06 - Lisa (2)\,{Shemale Yum Dvd03~G56~06-2~06 - Lisa (2)}
lisa102.jpg,111088,2fec072b,\Gallery 56\06 - Lisa (2)\,{Shemale Yum Dvd03~G56~06-2~06 - Lisa (2)}
lisa103.jpg,138243,3aa62934,\Gallery 56\06 - Lisa (2)\,{Shemale Yum Dvd03~G56~06-2~06 - Lisa (2)}
lisa104.jpg,143593,1a9724b4,\Gallery 56\06 - Lisa (2)\,{Shemale Yum Dvd03~G56~06-2~06 - Lisa (2)}
lisa105.jpg,103675,45b669dc,\Gallery 56\06 - Lisa (2)\,{Shemale Yum Dvd03~G56~06-2~06 - Lisa (2)}
lisared003.jpg,121745,27413fcf,\Gallery 56\06 - Lisa (2)\,{Shemale Yum Dvd03~G56~06-2~06 - Lisa (2)}
lisared089.jpg,97895,3361240b,\Gallery 56\06 - Lisa (2)\,{Shemale Yum Dvd03~G56~06-2~06 - Lisa (2)}
lisad001.jpg,173667,dfa5b2c9,\Gallery 56\06 - Lisa (3)\,{Shemale Yum Dvd03~G56~06-3~06 - Lisa (3)}
lisad002.jpg,170483,a0cb99bc,\Gallery 56\06 - Lisa (3)\,{Shemale Yum Dvd03~G56~06-3~06 - Lisa (3)}
lisad003.jpg,170684,c0017ceb,\Gallery 56\06 - Lisa (3)\,{Shemale Yum Dvd03~G56~06-3~06 - Lisa (3)}
lisad004.jpg,177450,aba370a5,\Gallery 56\06 - Lisa (3)\,{Shemale Yum Dvd03~G56~06-3~06 - Lisa (3)}
lisad005.jpg,168222,6b56d42d,\Gallery 56\06 - Lisa (3)\,{Shemale Yum Dvd03~G56~06-3~06 - Lisa (3)}
lisad006.jpg,147213,e0fbe473,\Gallery 56\06 - Lisa (3)\,{Shemale Yum Dvd03~G56~06-3~06 - Lisa (3)}
lisad007.jpg,175932,a18a7770,\Gallery 56\06 - Lisa (3)\,{Shemale Yum Dvd03~G56~06-3~06 - Lisa (3)}
lisad008.jpg,162996,bec430ed,\Gallery 56\06 - Lisa (3)\,{Shemale Yum Dvd03~G56~06-3~06 - Lisa (3)}
lisad009.jpg,170574,1d8ba184,\Gallery 56\06 - Lisa (3)\,{Shemale Yum Dvd03~G56~06-3~06 - Lisa (3)}
lisad010.jpg,159843,f62a8ba5,\Gallery 56\06 - Lisa (3)\,{Shemale Yum Dvd03~G56~06-3~06 - Lisa (3)}
lisad011.jpg,157057,42664a9b,\Gallery 56\06 - Lisa (3)\,{Shemale Yum Dvd03~G56~06-3~06 - Lisa (3)}
lisad012.jpg,176806,29c7c389,\Gallery 56\06 - Lisa (3)\,{Shemale Yum Dvd03~G56~06-3~06 - Lisa (3)}
lisad013.jpg,150558,6b39ceab,\Gallery 56\06 - Lisa (3)\,{Shemale Yum Dvd03~G56~06-3~06 - Lisa (3)}
lisad014.jpg,190994,11ec33e2,\Gallery 56\06 - Lisa (3)\,{Shemale Yum Dvd03~G56~06-3~06 - Lisa (3)}
lisad015.jpg,173901,b3ab6f97,\Gallery 56\06 - Lisa (3)\,{Shemale Yum Dvd03~G56~06-3~06 - Lisa (3)}
lisad016.jpg,184710,00de4ad4,\Gallery 56\06 - Lisa (3)\,{Shemale Yum Dvd03~G56~06-3~06 - Lisa (3)}
lisad017.jpg,172261,a662aa9b,\Gallery 56\06 - Lisa (3)\,{Shemale Yum Dvd03~G56~06-3~06 - Lisa (3)}
lisad018.jpg,180557,cc80225e,\Gallery 56\06 - Lisa (3)\,{Shemale Yum Dvd03~G56~06-3~06 - Lisa (3)}
lisad019.jpg,164474,9e458c50,\Gallery 56\06 - Lisa (3)\,{Shemale Yum Dvd03~G56~06-3~06 - Lisa (3)}
lisad020.jpg,154815,5bc8eecc,\Gallery 56\06 - Lisa (3)\,{Shemale Yum Dvd03~G56~06-3~06 - Lisa (3)}
lisad021.jpg,160220,719006b1,\Gallery 56\06 - Lisa (3)\,{Shemale Yum Dvd03~G56~06-3~06 - Lisa (3)}
lisad022.jpg,154923,6d084005,\Gallery 56\06 - Lisa (3)\,{Shemale Yum Dvd03~G56~06-3~06 - Lisa (3)}
lisad023.jpg,175995,d2c5f558,\Gallery 56\06 - Lisa (3)\,{Shemale Yum Dvd03~G56~06-3~06 - Lisa (3)}
lisad024.jpg,166221,2b7f8fd5,\Gallery 56\06 - Lisa (3)\,{Shemale Yum Dvd03~G56~06-3~06 - Lisa (3)}
lisad025.jpg,140498,f497915f,\Gallery 56\06 - Lisa (3)\,{Shemale Yum Dvd03~G56~06-3~06 - Lisa (3)}
lisad026.jpg,150041,bb85f34d,\Gallery 56\06 - Lisa (3)\,{Shemale Yum Dvd03~G56~06-3~06 - Lisa (3)}
lisad027.jpg,165487,531286c5,\Gallery 56\06 - Lisa (3)\,{Shemale Yum Dvd03~G56~06-3~06 - Lisa (3)}
lisad028.jpg,177794,7e737687,\Gallery 56\06 - Lisa (3)\,{Shemale Yum Dvd03~G56~06-3~06 - Lisa (3)}
lisad029.jpg,183536,933ac4f5,\Gallery 56\06 - Lisa (3)\,{Shemale Yum Dvd03~G56~06-3~06 - Lisa (3)}
lisad030.jpg,158197,871c5a51,\Gallery 56\06 - Lisa (3)\,{Shemale Yum Dvd03~G56~06-3~06 - Lisa (3)}
lisad031.jpg,156060,18e9946a,\Gallery 56\06 - Lisa (3)\,{Shemale Yum Dvd03~G56~06-3~06 - Lisa (3)}
lisad032.jpg,150915,58e3f1f2,\Gallery 56\06 - Lisa (3)\,{Shemale Yum Dvd03~G56~06-3~06 - Lisa (3)}
lisad033.jpg,134782,56a4e619,\Gallery 56\06 - Lisa (3)\,{Shemale Yum Dvd03~G56~06-3~06 - Lisa (3)}
lisad034.jpg,143119,0cfeab85,\Gallery 56\06 - Lisa (3)\,{Shemale Yum Dvd03~G56~06-3~06 - Lisa (3)}
lisad035.jpg,126249,2d2ee83e,\Gallery 56\06 - Lisa (3)\,{Shemale Yum Dvd03~G56~06-3~06 - Lisa (3)}
lisad036.jpg,131725,7ebfc67a,\Gallery 56\06 - Lisa (3)\,{Shemale Yum Dvd03~G56~06-3~06 - Lisa (3)}
lisad037.jpg,148563,466c9d82,\Gallery 56\06 - Lisa (3)\,{Shemale Yum Dvd03~G56~06-3~06 - Lisa (3)}
lisad038.jpg,155365,56cf6b1a,\Gallery 56\06 - Lisa (3)\,{Shemale Yum Dvd03~G56~06-3~06 - Lisa (3)}
lisad039.jpg,129403,6eb61072,\Gallery 56\06 - Lisa (3)\,{Shemale Yum Dvd03~G56~06-3~06 - Lisa (3)}
lisad040.jpg,130430,2adadd08,\Gallery 56\06 - Lisa (3)\,{Shemale Yum Dvd03~G56~06-3~06 - Lisa (3)}
lisad041.jpg,130662,8e76c21b,\Gallery 56\06 - Lisa (3)\,{Shemale Yum Dvd03~G56~06-3~06 - Lisa (3)}
lisad042.jpg,145819,5c4cd10c,\Gallery 56\06 - Lisa (3)\,{Shemale Yum Dvd03~G56~06-3~06 - Lisa (3)}
lisad043.jpg,153494,5a102363,\Gallery 56\06 - Lisa (3)\,{Shemale Yum Dvd03~G56~06-3~06 - Lisa (3)}
lisad044.jpg,144885,4c614ac9,\Gallery 56\06 - Lisa (3)\,{Shemale Yum Dvd03~G56~06-3~06 - Lisa (3)}
lisad045.jpg,124950,c568a641,\Gallery 56\06 - Lisa (3)\,{Shemale Yum Dvd03~G56~06-3~06 - Lisa (3)}
lisad046.jpg,127622,77497b1f,\Gallery 56\06 - Lisa (3)\,{Shemale Yum Dvd03~G56~06-3~06 - Lisa (3)}
lisad047.jpg,145143,c89964d3,\Gallery 56\06 - Lisa (3)\,{Shemale Yum Dvd03~G56~06-3~06 - Lisa (3)}
lisad048.jpg,136988,ffc3fddd,\Gallery 56\06 - Lisa (3)\,{Shemale Yum Dvd03~G56~06-3~06 - Lisa (3)}
lisad049.jpg,141273,388770a7,\Gallery 56\06 - Lisa (3)\,{Shemale Yum Dvd03~G56~06-3~06 - Lisa (3)}
lisad050.jpg,130060,7f0884c7,\Gallery 56\06 - Lisa (3)\,{Shemale Yum Dvd03~G56~06-3~06 - Lisa (3)}
lisad051.jpg,127505,0253dba7,\Gallery 56\06 - Lisa (3)\,{Shemale Yum Dvd03~G56~06-3~06 - Lisa (3)}
lisad052.jpg,134584,ae41fe67,\Gallery 56\06 - Lisa (3)\,{Shemale Yum Dvd03~G56~06-3~06 - Lisa (3)}
lisad053.jpg,154975,c5958142,\Gallery 56\06 - Lisa (3)\,{Shemale Yum Dvd03~G56~06-3~06 - Lisa (3)}
lisad054.jpg,188303,f4344338,\Gallery 56\06 - Lisa (3)\,{Shemale Yum Dvd03~G56~06-3~06 - Lisa (3)}
lisad055.jpg,144955,5120a0de,\Gallery 56\06 - Lisa (3)\,{Shemale Yum Dvd03~G56~06-3~06 - Lisa (3)}
lisad056.jpg,127919,288f5518,\Gallery 56\06 - Lisa (3)\,{Shemale Yum Dvd03~G56~06-3~06 - Lisa (3)}
lisad057.jpg,133033,99700cf1,\Gallery 56\06 - Lisa (3)\,{Shemale Yum Dvd03~G56~06-3~06 - Lisa (3)}
lisad058.jpg,131955,5ba14500,\Gallery 56\06 - Lisa (3)\,{Shemale Yum Dvd03~G56~06-3~06 - Lisa (3)}
lisad059.jpg,116687,cb7de450,\Gallery 56\06 - Lisa (3)\,{Shemale Yum Dvd03~G56~06-3~06 - Lisa (3)}
lisad060.jpg,112367,7076da57,\Gallery 56\06 - Lisa (3)\,{Shemale Yum Dvd03~G56~06-3~06 - Lisa (3)}
lisad061.jpg,128287,93530d55,\Gallery 56\06 - Lisa (3)\,{Shemale Yum Dvd03~G56~06-3~06 - Lisa (3)}
lisad062.jpg,142579,5812ae4c,\Gallery 56\06 - Lisa (3)\,{Shemale Yum Dvd03~G56~06-3~06 - Lisa (3)}
lisad063.jpg,184294,7067336a,\Gallery 56\06 - Lisa (3)\,{Shemale Yum Dvd03~G56~06-3~06 - Lisa (3)}
lisad064.jpg,171844,9be10563,\Gallery 56\06 - Lisa (3)\,{Shemale Yum Dvd03~G56~06-3~06 - Lisa (3)}
lisad065.jpg,153235,039741ce,\Gallery 56\06 - Lisa (3)\,{Shemale Yum Dvd03~G56~06-3~06 - Lisa (3)}
lisad066.jpg,153512,73f4abdd,\Gallery 56\06 - Lisa (3)\,{Shemale Yum Dvd03~G56~06-3~06 - Lisa (3)}
lisad067.jpg,148340,59e5fe86,\Gallery 56\06 - Lisa (3)\,{Shemale Yum Dvd03~G56~06-3~06 - Lisa (3)}
lisad068.jpg,158548,4e37b2c2,\Gallery 56\06 - Lisa (3)\,{Shemale Yum Dvd03~G56~06-3~06 - Lisa (3)}
lisad069.jpg,154483,6e9dfffa,\Gallery 56\06 - Lisa (3)\,{Shemale Yum Dvd03~G56~06-3~06 - Lisa (3)}
lisad070.jpg,160481,97288111,\Gallery 56\06 - Lisa (3)\,{Shemale Yum Dvd03~G56~06-3~06 - Lisa (3)}
lisad071.jpg,161406,d72c79a9,\Gallery 56\06 - Lisa (3)\,{Shemale Yum Dvd03~G56~06-3~06 - Lisa (3)}
lisad072.jpg,163956,a9b56a26,\Gallery 56\06 - Lisa (3)\,{Shemale Yum Dvd03~G56~06-3~06 - Lisa (3)}
lisad073.jpg,139546,60254836,\Gallery 56\06 - Lisa (3)\,{Shemale Yum Dvd03~G56~06-3~06 - Lisa (3)}
lisad074.jpg,161425,fcf04e69,\Gallery 56\06 - Lisa (3)\,{Shemale Yum Dvd03~G56~06-3~06 - Lisa (3)}
lisad075.jpg,169378,c0e6dbc7,\Gallery 56\06 - Lisa (3)\,{Shemale Yum Dvd03~G56~06-3~06 - Lisa (3)}
lisad076.jpg,167470,cea3685d,\Gallery 56\06 - Lisa (3)\,{Shemale Yum Dvd03~G56~06-3~06 - Lisa (3)}
lisad077.jpg,133752,4c6fd1bf,\Gallery 56\06 - Lisa (3)\,{Shemale Yum Dvd03~G56~06-3~06 - Lisa (3)}
lisad078.jpg,171858,6fe1cfa0,\Gallery 56\06 - Lisa (3)\,{Shemale Yum Dvd03~G56~06-3~06 - Lisa (3)}
lisad079.jpg,174752,1117d786,\Gallery 56\06 - Lisa (3)\,{Shemale Yum Dvd03~G56~06-3~06 - Lisa (3)}
lisad080.jpg,155611,5638162a,\Gallery 56\06 - Lisa (3)\,{Shemale Yum Dvd03~G56~06-3~06 - Lisa (3)}
lisad081.jpg,163098,a55ad69a,\Gallery 56\06 - Lisa (3)\,{Shemale Yum Dvd03~G56~06-3~06 - Lisa (3)}
lisad082.jpg,140027,6e3b5194,\Gallery 56\06 - Lisa (3)\,{Shemale Yum Dvd03~G56~06-3~06 - Lisa (3)}
lisad083.jpg,177157,2f27e3ec,\Gallery 56\06 - Lisa (3)\,{Shemale Yum Dvd03~G56~06-3~06 - Lisa (3)}
lisad084.jpg,151347,f21ae6bc,\Gallery 56\06 - Lisa (3)\,{Shemale Yum Dvd03~G56~06-3~06 - Lisa (3)}
lisad085.jpg,185691,4876ae12,\Gallery 56\06 - Lisa (3)\,{Shemale Yum Dvd03~G56~06-3~06 - Lisa (3)}
lisad086.jpg,136880,b8086b2a,\Gallery 56\06 - Lisa (3)\,{Shemale Yum Dvd03~G56~06-3~06 - Lisa (3)}
lisad087.jpg,186831,794a257c,\Gallery 56\06 - Lisa (3)\,{Shemale Yum Dvd03~G56~06-3~06 - Lisa (3)}
lisad088.jpg,174769,33739663,\Gallery 56\06 - Lisa (3)\,{Shemale Yum Dvd03~G56~06-3~06 - Lisa (3)}
lisad089.jpg,174978,deec2676,\Gallery 56\06 - Lisa (3)\,{Shemale Yum Dvd03~G56~06-3~06 - Lisa (3)}
lisad090.jpg,184188,f604193b,\Gallery 56\06 - Lisa (3)\,{Shemale Yum Dvd03~G56~06-3~06 - Lisa (3)}
lisad091.jpg,146786,19967177,\Gallery 56\06 - Lisa (3)\,{Shemale Yum Dvd03~G56~06-3~06 - Lisa (3)}
lisad092.jpg,160472,7c9b7a95,\Gallery 56\06 - Lisa (3)\,{Shemale Yum Dvd03~G56~06-3~06 - Lisa (3)}
lisad093.jpg,161625,0192e51e,\Gallery 56\06 - Lisa (3)\,{Shemale Yum Dvd03~G56~06-3~06 - Lisa (3)}
lisad094.jpg,150438,b87b1385,\Gallery 56\06 - Lisa (3)\,{Shemale Yum Dvd03~G56~06-3~06 - Lisa (3)}
lisad095.jpg,149005,d7ff8b78,\Gallery 56\06 - Lisa (3)\,{Shemale Yum Dvd03~G56~06-3~06 - Lisa (3)}
lisad096.jpg,151414,61ac57d7,\Gallery 56\06 - Lisa (3)\,{Shemale Yum Dvd03~G56~06-3~06 - Lisa (3)}
lisad097.jpg,156175,a9d66265,\Gallery 56\06 - Lisa (3)\,{Shemale Yum Dvd03~G56~06-3~06 - Lisa (3)}
lisad098.jpg,153107,71994fc3,\Gallery 56\06 - Lisa (3)\,{Shemale Yum Dvd03~G56~06-3~06 - Lisa (3)}
lisad099.jpg,150291,dd926d46,\Gallery 56\06 - Lisa (3)\,{Shemale Yum Dvd03~G56~06-3~06 - Lisa (3)}
lisad100.jpg,146323,a3b533bd,\Gallery 56\06 - Lisa (3)\,{Shemale Yum Dvd03~G56~06-3~06 - Lisa (3)}
lisad101.jpg,167370,a568d7cf,\Gallery 56\06 - Lisa (3)\,{Shemale Yum Dvd03~G56~06-3~06 - Lisa (3)}
lisad102.jpg,191336,085c2fb8,\Gallery 56\06 - Lisa (3)\,{Shemale Yum Dvd03~G56~06-3~06 - Lisa (3)}
lisad103.jpg,184630,8451305d,\Gallery 56\06 - Lisa (3)\,{Shemale Yum Dvd03~G56~06-3~06 - Lisa (3)}
lisad104.jpg,188917,8f803de4,\Gallery 56\06 - Lisa (3)\,{Shemale Yum Dvd03~G56~06-3~06 - Lisa (3)}
lisad105.jpg,192702,5b822f02,\Gallery 56\06 - Lisa (3)\,{Shemale Yum Dvd03~G56~06-3~06 - Lisa (3)}
lisad106.jpg,126634,6cae29bf,\Gallery 56\06 - Lisa (3)\,{Shemale Yum Dvd03~G56~06-3~06 - Lisa (3)}
lisad107.jpg,166187,2fe25e06,\Gallery 56\06 - Lisa (3)\,{Shemale Yum Dvd03~G56~06-3~06 - Lisa (3)}
lisad108.jpg,175484,d68d2c81,\Gallery 56\06 - Lisa (3)\,{Shemale Yum Dvd03~G56~06-3~06 - Lisa (3)}
lisad109.jpg,181075,8e5f7d78,\Gallery 56\06 - Lisa (3)\,{Shemale Yum Dvd03~G56~06-3~06 - Lisa (3)}
lisad110.jpg,187530,241c2201,\Gallery 56\06 - Lisa (3)\,{Shemale Yum Dvd03~G56~06-3~06 - Lisa (3)}
lisad111.jpg,149787,880785db,\Gallery 56\06 - Lisa (3)\,{Shemale Yum Dvd03~G56~06-3~06 - Lisa (3)}
lisae001.jpg,190933,519251f9,\Gallery 56\06 - Lisa (4)\,{Shemale Yum Dvd03~G56~06-4~06 - Lisa (4)}
lisae002.jpg,180047,eed46252,\Gallery 56\06 - Lisa (4)\,{Shemale Yum Dvd03~G56~06-4~06 - Lisa (4)}
lisae003.jpg,182382,10b43ed0,\Gallery 56\06 - Lisa (4)\,{Shemale Yum Dvd03~G56~06-4~06 - Lisa (4)}
lisae004.jpg,178423,dde3c536,\Gallery 56\06 - Lisa (4)\,{Shemale Yum Dvd03~G56~06-4~06 - Lisa (4)}
lisae005.jpg,166947,28a73403,\Gallery 56\06 - Lisa (4)\,{Shemale Yum Dvd03~G56~06-4~06 - Lisa (4)}
lisae006.jpg,167738,44877b4d,\Gallery 56\06 - Lisa (4)\,{Shemale Yum Dvd03~G56~06-4~06 - Lisa (4)}
lisae007.jpg,151338,2e1c1724,\Gallery 56\06 - Lisa (4)\,{Shemale Yum Dvd03~G56~06-4~06 - Lisa (4)}
lisae008.jpg,164448,f6dfa05b,\Gallery 56\06 - Lisa (4)\,{Shemale Yum Dvd03~G56~06-4~06 - Lisa (4)}
lisae009.jpg,153755,2869d812,\Gallery 56\06 - Lisa (4)\,{Shemale Yum Dvd03~G56~06-4~06 - Lisa (4)}
lisae010.jpg,170862,618d4199,\Gallery 56\06 - Lisa (4)\,{Shemale Yum Dvd03~G56~06-4~06 - Lisa (4)}
lisae011.jpg,141133,db3ead8c,\Gallery 56\06 - Lisa (4)\,{Shemale Yum Dvd03~G56~06-4~06 - Lisa (4)}
lisae012.jpg,145116,3647d8e2,\Gallery 56\06 - Lisa (4)\,{Shemale Yum Dvd03~G56~06-4~06 - Lisa (4)}
lisae013.jpg,134748,4c0876f8,\Gallery 56\06 - Lisa (4)\,{Shemale Yum Dvd03~G56~06-4~06 - Lisa (4)}
lisae014.jpg,133781,c891dda9,\Gallery 56\06 - Lisa (4)\,{Shemale Yum Dvd03~G56~06-4~06 - Lisa (4)}
lisae015.jpg,138098,b9478102,\Gallery 56\06 - Lisa (4)\,{Shemale Yum Dvd03~G56~06-4~06 - Lisa (4)}
lisae016.jpg,142513,c5d1a6e7,\Gallery 56\06 - Lisa (4)\,{Shemale Yum Dvd03~G56~06-4~06 - Lisa (4)}
lisae017.jpg,169864,e9ada41f,\Gallery 56\06 - Lisa (4)\,{Shemale Yum Dvd03~G56~06-4~06 - Lisa (4)}
lisae018.jpg,147909,4fb1cc36,\Gallery 56\06 - Lisa (4)\,{Shemale Yum Dvd03~G56~06-4~06 - Lisa (4)}
lisae019.jpg,119022,33dc7cf4,\Gallery 56\06 - Lisa (4)\,{Shemale Yum Dvd03~G56~06-4~06 - Lisa (4)}
lisae020.jpg,118816,2be64983,\Gallery 56\06 - Lisa (4)\,{Shemale Yum Dvd03~G56~06-4~06 - Lisa (4)}
lisae021.jpg,121024,bf536361,\Gallery 56\06 - Lisa (4)\,{Shemale Yum Dvd03~G56~06-4~06 - Lisa (4)}
lisae022.jpg,118487,0b49f85b,\Gallery 56\06 - Lisa (4)\,{Shemale Yum Dvd03~G56~06-4~06 - Lisa (4)}
lisae023.jpg,151723,a5765d6f,\Gallery 56\06 - Lisa (4)\,{Shemale Yum Dvd03~G56~06-4~06 - Lisa (4)}
lisae024.jpg,143907,5f092461,\Gallery 56\06 - Lisa (4)\,{Shemale Yum Dvd03~G56~06-4~06 - Lisa (4)}
lisae025.jpg,148416,17bcf76a,\Gallery 56\06 - Lisa (4)\,{Shemale Yum Dvd03~G56~06-4~06 - Lisa (4)}
lisae026.jpg,151154,065e6b08,\Gallery 56\06 - Lisa (4)\,{Shemale Yum Dvd03~G56~06-4~06 - Lisa (4)}
lisae027.jpg,139870,03adba13,\Gallery 56\06 - Lisa (4)\,{Shemale Yum Dvd03~G56~06-4~06 - Lisa (4)}
lisae028.jpg,142527,33720160,\Gallery 56\06 - Lisa (4)\,{Shemale Yum Dvd03~G56~06-4~06 - Lisa (4)}
lisae029.jpg,112939,34e6d5d8,\Gallery 56\06 - Lisa (4)\,{Shemale Yum Dvd03~G56~06-4~06 - Lisa (4)}
lisae030.jpg,156869,894ba050,\Gallery 56\06 - Lisa (4)\,{Shemale Yum Dvd03~G56~06-4~06 - Lisa (4)}
lisae031.jpg,156932,4158a708,\Gallery 56\06 - Lisa (4)\,{Shemale Yum Dvd03~G56~06-4~06 - Lisa (4)}
lisae032.jpg,157000,d7b5817c,\Gallery 56\06 - Lisa (4)\,{Shemale Yum Dvd03~G56~06-4~06 - Lisa (4)}
lisae033.jpg,142685,fd5dbaff,\Gallery 56\06 - Lisa (4)\,{Shemale Yum Dvd03~G56~06-4~06 - Lisa (4)}
lisae034.jpg,111064,7967c47a,\Gallery 56\06 - Lisa (4)\,{Shemale Yum Dvd03~G56~06-4~06 - Lisa (4)}
lisae035.jpg,122467,7aac3a15,\Gallery 56\06 - Lisa (4)\,{Shemale Yum Dvd03~G56~06-4~06 - Lisa (4)}
lisae036.jpg,118178,c0bb6980,\Gallery 56\06 - Lisa (4)\,{Shemale Yum Dvd03~G56~06-4~06 - Lisa (4)}
lisae037.jpg,108549,abfba971,\Gallery 56\06 - Lisa (4)\,{Shemale Yum Dvd03~G56~06-4~06 - Lisa (4)}
lisae038.jpg,127173,24dbcfb7,\Gallery 56\06 - Lisa (4)\,{Shemale Yum Dvd03~G56~06-4~06 - Lisa (4)}
lisae039.jpg,134684,02267162,\Gallery 56\06 - Lisa (4)\,{Shemale Yum Dvd03~G56~06-4~06 - Lisa (4)}
lisae040.jpg,134199,6e03116f,\Gallery 56\06 - Lisa (4)\,{Shemale Yum Dvd03~G56~06-4~06 - Lisa (4)}
lisae041.jpg,98908,060246dc,\Gallery 56\06 - Lisa (4)\,{Shemale Yum Dvd03~G56~06-4~06 - Lisa (4)}
lisae042.jpg,107894,5beadf51,\Gallery 56\06 - Lisa (4)\,{Shemale Yum Dvd03~G56~06-4~06 - Lisa (4)}
lisae043.jpg,118307,a02753bc,\Gallery 56\06 - Lisa (4)\,{Shemale Yum Dvd03~G56~06-4~06 - Lisa (4)}
lisae044.jpg,126868,53e9c114,\Gallery 56\06 - Lisa (4)\,{Shemale Yum Dvd03~G56~06-4~06 - Lisa (4)}
lisae045.jpg,128761,16a33c98,\Gallery 56\06 - Lisa (4)\,{Shemale Yum Dvd03~G56~06-4~06 - Lisa (4)}
lisae046.jpg,96479,3a908964,\Gallery 56\06 - Lisa (4)\,{Shemale Yum Dvd03~G56~06-4~06 - Lisa (4)}
lisae047.jpg,126136,d1731d36,\Gallery 56\06 - Lisa (4)\,{Shemale Yum Dvd03~G56~06-4~06 - Lisa (4)}
lisae048.jpg,88431,10ec8f84,\Gallery 56\06 - Lisa (4)\,{Shemale Yum Dvd03~G56~06-4~06 - Lisa (4)}
lisae049.jpg,128256,4da97aa3,\Gallery 56\06 - Lisa (4)\,{Shemale Yum Dvd03~G56~06-4~06 - Lisa (4)}
lisae050.jpg,96511,b12d519f,\Gallery 56\06 - Lisa (4)\,{Shemale Yum Dvd03~G56~06-4~06 - Lisa (4)}
lisae051.jpg,91450,c60ed5d4,\Gallery 56\06 - Lisa (4)\,{Shemale Yum Dvd03~G56~06-4~06 - Lisa (4)}
lisae052.jpg,91885,9fdf8a83,\Gallery 56\06 - Lisa (4)\,{Shemale Yum Dvd03~G56~06-4~06 - Lisa (4)}
lisae053.jpg,87070,c1dd9a7f,\Gallery 56\06 - Lisa (4)\,{Shemale Yum Dvd03~G56~06-4~06 - Lisa (4)}
lisae054.jpg,103301,870146a2,\Gallery 56\06 - Lisa (4)\,{Shemale Yum Dvd03~G56~06-4~06 - Lisa (4)}
lisae055.jpg,96572,885160be,\Gallery 56\06 - Lisa (4)\,{Shemale Yum Dvd03~G56~06-4~06 - Lisa (4)}
lisae056.jpg,120727,79c56f0a,\Gallery 56\06 - Lisa (4)\,{Shemale Yum Dvd03~G56~06-4~06 - Lisa (4)}
lisae057.jpg,130652,d9dc351e,\Gallery 56\06 - Lisa (4)\,{Shemale Yum Dvd03~G56~06-4~06 - Lisa (4)}
lisae058.jpg,125677,94fe1191,\Gallery 56\06 - Lisa (4)\,{Shemale Yum Dvd03~G56~06-4~06 - Lisa (4)}
lisae059.jpg,129740,b93b0469,\Gallery 56\06 - Lisa (4)\,{Shemale Yum Dvd03~G56~06-4~06 - Lisa (4)}
lisae060.jpg,130138,42775276,\Gallery 56\06 - Lisa (4)\,{Shemale Yum Dvd03~G56~06-4~06 - Lisa (4)}
lisae061.jpg,129397,901a8825,\Gallery 56\06 - Lisa (4)\,{Shemale Yum Dvd03~G56~06-4~06 - Lisa (4)}
lisae062.jpg,167282,cf2e23cd,\Gallery 56\06 - Lisa (4)\,{Shemale Yum Dvd03~G56~06-4~06 - Lisa (4)}
lisae063.jpg,166207,d6fe507a,\Gallery 56\06 - Lisa (4)\,{Shemale Yum Dvd03~G56~06-4~06 - Lisa (4)}
lisae064.jpg,169585,6db34cd4,\Gallery 56\06 - Lisa (4)\,{Shemale Yum Dvd03~G56~06-4~06 - Lisa (4)}
lisae065.jpg,191619,b9fa08a8,\Gallery 56\06 - Lisa (4)\,{Shemale Yum Dvd03~G56~06-4~06 - Lisa (4)}
lisae066.jpg,135810,d8316ac9,\Gallery 56\06 - Lisa (4)\,{Shemale Yum Dvd03~G56~06-4~06 - Lisa (4)}
lisae067.jpg,114129,7136ea09,\Gallery 56\06 - Lisa (4)\,{Shemale Yum Dvd03~G56~06-4~06 - Lisa (4)}
lisae068.jpg,117028,f051ce54,\Gallery 56\06 - Lisa (4)\,{Shemale Yum Dvd03~G56~06-4~06 - Lisa (4)}
lisae069.jpg,121784,7013a105,\Gallery 56\06 - Lisa (4)\,{Shemale Yum Dvd03~G56~06-4~06 - Lisa (4)}
lisae070.jpg,159301,49921bde,\Gallery 56\06 - Lisa (4)\,{Shemale Yum Dvd03~G56~06-4~06 - Lisa (4)}
lisae071.jpg,95516,bcaf7487,\Gallery 56\06 - Lisa (4)\,{Shemale Yum Dvd03~G56~06-4~06 - Lisa (4)}
lisae072.jpg,115531,566fc193,\Gallery 56\06 - Lisa (4)\,{Shemale Yum Dvd03~G56~06-4~06 - Lisa (4)}
lisae073.jpg,184973,8dfc017b,\Gallery 56\06 - Lisa (4)\,{Shemale Yum Dvd03~G56~06-4~06 - Lisa (4)}
lisae074.jpg,168963,436bbf1b,\Gallery 56\06 - Lisa (4)\,{Shemale Yum Dvd03~G56~06-4~06 - Lisa (4)}
lisae075.jpg,183528,b2ee4dcd,\Gallery 56\06 - Lisa (4)\,{Shemale Yum Dvd03~G56~06-4~06 - Lisa (4)}
lisae076.jpg,157535,2dd98eaf,\Gallery 56\06 - Lisa (4)\,{Shemale Yum Dvd03~G56~06-4~06 - Lisa (4)}
lisae077.jpg,156171,463a0cfe,\Gallery 56\06 - Lisa (4)\,{Shemale Yum Dvd03~G56~06-4~06 - Lisa (4)}
lisae078.jpg,125614,9bf18b8f,\Gallery 56\06 - Lisa (4)\,{Shemale Yum Dvd03~G56~06-4~06 - Lisa (4)}
lisae079.jpg,118355,895ae549,\Gallery 56\06 - Lisa (4)\,{Shemale Yum Dvd03~G56~06-4~06 - Lisa (4)}
lisae080.jpg,116757,057e2175,\Gallery 56\06 - Lisa (4)\,{Shemale Yum Dvd03~G56~06-4~06 - Lisa (4)}
lisae081.jpg,110634,9a2a1d8a,\Gallery 56\06 - Lisa (4)\,{Shemale Yum Dvd03~G56~06-4~06 - Lisa (4)}
lisae082.jpg,101614,c0cf38ff,\Gallery 56\06 - Lisa (4)\,{Shemale Yum Dvd03~G56~06-4~06 - Lisa (4)}
lisae083.jpg,116949,75a36f72,\Gallery 56\06 - Lisa (4)\,{Shemale Yum Dvd03~G56~06-4~06 - Lisa (4)}
lisae084.jpg,110736,5fd59b2a,\Gallery 56\06 - Lisa (4)\,{Shemale Yum Dvd03~G56~06-4~06 - Lisa (4)}
lisae085.jpg,149177,a0daf622,\Gallery 56\06 - Lisa (4)\,{Shemale Yum Dvd03~G56~06-4~06 - Lisa (4)}
lisae086.jpg,140768,07508f49,\Gallery 56\06 - Lisa (4)\,{Shemale Yum Dvd03~G56~06-4~06 - Lisa (4)}
lisae087.jpg,136911,559e32ee,\Gallery 56\06 - Lisa (4)\,{Shemale Yum Dvd03~G56~06-4~06 - Lisa (4)}
lisae088.jpg,117740,1575b259,\Gallery 56\06 - Lisa (4)\,{Shemale Yum Dvd03~G56~06-4~06 - Lisa (4)}
lisae089.jpg,139361,7f6b237c,\Gallery 56\06 - Lisa (4)\,{Shemale Yum Dvd03~G56~06-4~06 - Lisa (4)}
lisae090.jpg,158136,606b6ed3,\Gallery 56\06 - Lisa (4)\,{Shemale Yum Dvd03~G56~06-4~06 - Lisa (4)}
lisae091.jpg,200354,bb9b92b9,\Gallery 56\06 - Lisa (4)\,{Shemale Yum Dvd03~G56~06-4~06 - Lisa (4)}
lisae092.jpg,177403,71259088,\Gallery 56\06 - Lisa (4)\,{Shemale Yum Dvd03~G56~06-4~06 - Lisa (4)}
lisae093.jpg,102303,509ff59b,\Gallery 56\06 - Lisa (4)\,{Shemale Yum Dvd03~G56~06-4~06 - Lisa (4)}
lisae094.jpg,91352,5013e997,\Gallery 56\06 - Lisa (4)\,{Shemale Yum Dvd03~G56~06-4~06 - Lisa (4)}
lisae095.jpg,116401,ba3ed247,\Gallery 56\06 - Lisa (4)\,{Shemale Yum Dvd03~G56~06-4~06 - Lisa (4)}
lisae096.jpg,112032,91c50122,\Gallery 56\06 - Lisa (4)\,{Shemale Yum Dvd03~G56~06-4~06 - Lisa (4)}
lisae097.jpg,138616,6c250399,\Gallery 56\06 - Lisa (4)\,{Shemale Yum Dvd03~G56~06-4~06 - Lisa (4)}
lisae098.jpg,120109,222dcbcd,\Gallery 56\06 - Lisa (4)\,{Shemale Yum Dvd03~G56~06-4~06 - Lisa (4)}
sandra001.jpg,174957,7aaf6ce8,\Gallery 56\07 - Sandra\,{Shemale Yum Dvd03~G56~07~07 - Sandra}
sandra002.jpg,127484,2710af8a,\Gallery 56\07 - Sandra\,{Shemale Yum Dvd03~G56~07~07 - Sandra}
sandra003.jpg,126930,2901384d,\Gallery 56\07 - Sandra\,{Shemale Yum Dvd03~G56~07~07 - Sandra}
sandra005.jpg,142516,708e6fbc,\Gallery 56\07 - Sandra\,{Shemale Yum Dvd03~G56~07~07 - Sandra}
sandra006.jpg,144753,6cae9101,\Gallery 56\07 - Sandra\,{Shemale Yum Dvd03~G56~07~07 - Sandra}
sandra007.jpg,141501,47c55d79,\Gallery 56\07 - Sandra\,{Shemale Yum Dvd03~G56~07~07 - Sandra}
sandra008.jpg,137740,a793c1bb,\Gallery 56\07 - Sandra\,{Shemale Yum Dvd03~G56~07~07 - Sandra}
sandra009.jpg,119083,ee80e3ca,\Gallery 56\07 - Sandra\,{Shemale Yum Dvd03~G56~07~07 - Sandra}
sandra010.jpg,122236,e3b5e635,\Gallery 56\07 - Sandra\,{Shemale Yum Dvd03~G56~07~07 - Sandra}
sandra011.jpg,157543,243ef38d,\Gallery 56\07 - Sandra\,{Shemale Yum Dvd03~G56~07~07 - Sandra}
sandra013.jpg,84949,b8bf1877,\Gallery 56\07 - Sandra\,{Shemale Yum Dvd03~G56~07~07 - Sandra}
sandra014.jpg,137884,116d05d3,\Gallery 56\07 - Sandra\,{Shemale Yum Dvd03~G56~07~07 - Sandra}
sandra015.jpg,129275,0417140b,\Gallery 56\07 - Sandra\,{Shemale Yum Dvd03~G56~07~07 - Sandra}
sandra016.jpg,158131,2e599d1c,\Gallery 56\07 - Sandra\,{Shemale Yum Dvd03~G56~07~07 - Sandra}
sandra017.jpg,160180,1afbc431,\Gallery 56\07 - Sandra\,{Shemale Yum Dvd03~G56~07~07 - Sandra}
sandra018.jpg,154303,b7889363,\Gallery 56\07 - Sandra\,{Shemale Yum Dvd03~G56~07~07 - Sandra}
sandra019.jpg,133557,d2fe65f9,\Gallery 56\07 - Sandra\,{Shemale Yum Dvd03~G56~07~07 - Sandra}
sandra020.jpg,177094,a1e4c9a6,\Gallery 56\07 - Sandra\,{Shemale Yum Dvd03~G56~07~07 - Sandra}
sandra021.jpg,130689,238ff800,\Gallery 56\07 - Sandra\,{Shemale Yum Dvd03~G56~07~07 - Sandra}
sandra022.jpg,140418,6ef086c0,\Gallery 56\07 - Sandra\,{Shemale Yum Dvd03~G56~07~07 - Sandra}
sandra023.jpg,136781,f93cbaa5,\Gallery 56\07 - Sandra\,{Shemale Yum Dvd03~G56~07~07 - Sandra}
sandra024.jpg,132542,5039e7b9,\Gallery 56\07 - Sandra\,{Shemale Yum Dvd03~G56~07~07 - Sandra}
sandra025.jpg,136292,0cb099df,\Gallery 56\07 - Sandra\,{Shemale Yum Dvd03~G56~07~07 - Sandra}
sandra026.jpg,142656,c3a1402f,\Gallery 56\07 - Sandra\,{Shemale Yum Dvd03~G56~07~07 - Sandra}
sandra027.jpg,144062,0a7e0f4a,\Gallery 56\07 - Sandra\,{Shemale Yum Dvd03~G56~07~07 - Sandra}
sandra028.jpg,164588,9d5d524d,\Gallery 56\07 - Sandra\,{Shemale Yum Dvd03~G56~07~07 - Sandra}
sandra029.jpg,183882,2800c164,\Gallery 56\07 - Sandra\,{Shemale Yum Dvd03~G56~07~07 - Sandra}
sandra030.jpg,192219,e6a34002,\Gallery 56\07 - Sandra\,{Shemale Yum Dvd03~G56~07~07 - Sandra}
sandra031.jpg,171091,217d8caa,\Gallery 56\07 - Sandra\,{Shemale Yum Dvd03~G56~07~07 - Sandra}
sandra032.jpg,134285,2ae11ead,\Gallery 56\07 - Sandra\,{Shemale Yum Dvd03~G56~07~07 - Sandra}
sandra033.jpg,127919,4ebbdd37,\Gallery 56\07 - Sandra\,{Shemale Yum Dvd03~G56~07~07 - Sandra}
sandra034.jpg,150315,fbbda8e4,\Gallery 56\07 - Sandra\,{Shemale Yum Dvd03~G56~07~07 - Sandra}
sandra035.jpg,116084,9c7eee8e,\Gallery 56\07 - Sandra\,{Shemale Yum Dvd03~G56~07~07 - Sandra}
sandra037.jpg,118460,b989f023,\Gallery 56\07 - Sandra\,{Shemale Yum Dvd03~G56~07~07 - Sandra}
sandra038.jpg,108688,f9922172,\Gallery 56\07 - Sandra\,{Shemale Yum Dvd03~G56~07~07 - Sandra}
sandra039.jpg,112163,4e6bb0e9,\Gallery 56\07 - Sandra\,{Shemale Yum Dvd03~G56~07~07 - Sandra}
sandra040.jpg,122595,372ea04b,\Gallery 56\07 - Sandra\,{Shemale Yum Dvd03~G56~07~07 - Sandra}
sandra041.jpg,107490,1cd49c0a,\Gallery 56\07 - Sandra\,{Shemale Yum Dvd03~G56~07~07 - Sandra}
sandra042.jpg,109567,fc04c8c8,\Gallery 56\07 - Sandra\,{Shemale Yum Dvd03~G56~07~07 - Sandra}
sandra043.jpg,110674,710fdba4,\Gallery 56\07 - Sandra\,{Shemale Yum Dvd03~G56~07~07 - Sandra}
sandra048.jpg,166543,b9e5dcd3,\Gallery 56\07 - Sandra\,{Shemale Yum Dvd03~G56~07~07 - Sandra}
sandra050.jpg,191397,c7f137f3,\Gallery 56\07 - Sandra\,{Shemale Yum Dvd03~G56~07~07 - Sandra}
sandra052.jpg,172233,e393b20a,\Gallery 56\07 - Sandra\,{Shemale Yum Dvd03~G56~07~07 - Sandra}
sandra055.jpg,172018,a46c19d1,\Gallery 56\07 - Sandra\,{Shemale Yum Dvd03~G56~07~07 - Sandra}
sandra056.jpg,150066,4e0518a1,\Gallery 56\07 - Sandra\,{Shemale Yum Dvd03~G56~07~07 - Sandra}
sandra057.jpg,135394,d04f646f,\Gallery 56\07 - Sandra\,{Shemale Yum Dvd03~G56~07~07 - Sandra}
sandra059.jpg,119304,5d6fe458,\Gallery 56\07 - Sandra\,{Shemale Yum Dvd03~G56~07~07 - Sandra}
sandra060.jpg,137240,c0be4c2d,\Gallery 56\07 - Sandra\,{Shemale Yum Dvd03~G56~07~07 - Sandra}
sandra061.jpg,165080,8b84236a,\Gallery 56\07 - Sandra\,{Shemale Yum Dvd03~G56~07~07 - Sandra}
sandra062.jpg,168253,9e1881ca,\Gallery 56\07 - Sandra\,{Shemale Yum Dvd03~G56~07~07 - Sandra}
sandra069.jpg,149306,747bf0f5,\Gallery 56\07 - Sandra\,{Shemale Yum Dvd03~G56~07~07 - Sandra}
sandra071.jpg,122052,27a2935d,\Gallery 56\07 - Sandra\,{Shemale Yum Dvd03~G56~07~07 - Sandra}
sandra074.jpg,114593,fe5a2de0,\Gallery 56\07 - Sandra\,{Shemale Yum Dvd03~G56~07~07 - Sandra}
sandra077.jpg,152921,aa771beb,\Gallery 56\07 - Sandra\,{Shemale Yum Dvd03~G56~07~07 - Sandra}
sandra078.jpg,111262,8440e16c,\Gallery 56\07 - Sandra\,{Shemale Yum Dvd03~G56~07~07 - Sandra}
sandra081.jpg,116841,6d1b4259,\Gallery 56\07 - Sandra\,{Shemale Yum Dvd03~G56~07~07 - Sandra}
sandra082.jpg,123669,1a098676,\Gallery 56\07 - Sandra\,{Shemale Yum Dvd03~G56~07~07 - Sandra}
sandra083.jpg,116580,166e0f96,\Gallery 56\07 - Sandra\,{Shemale Yum Dvd03~G56~07~07 - Sandra}
sandra085.jpg,161327,b20d8b39,\Gallery 56\07 - Sandra\,{Shemale Yum Dvd03~G56~07~07 - Sandra}
sandra086.jpg,169142,9850b521,\Gallery 56\07 - Sandra\,{Shemale Yum Dvd03~G56~07~07 - Sandra}
sandra087.jpg,128042,de574d46,\Gallery 56\07 - Sandra\,{Shemale Yum Dvd03~G56~07~07 - Sandra}
sandra088.jpg,139780,3812ca74,\Gallery 56\07 - Sandra\,{Shemale Yum Dvd03~G56~07~07 - Sandra}
sandra089.jpg,158909,8d3cf6c4,\Gallery 56\07 - Sandra\,{Shemale Yum Dvd03~G56~07~07 - Sandra}
sandra090.jpg,171840,c8f0ea53,\Gallery 56\07 - Sandra\,{Shemale Yum Dvd03~G56~07~07 - Sandra}
sandra091.jpg,162538,5ad6df8e,\Gallery 56\07 - Sandra\,{Shemale Yum Dvd03~G56~07~07 - Sandra}
sandra093.jpg,171093,1337459a,\Gallery 56\07 - Sandra\,{Shemale Yum Dvd03~G56~07~07 - Sandra}
sandra094.jpg,174351,b06c4690,\Gallery 56\07 - Sandra\,{Shemale Yum Dvd03~G56~07~07 - Sandra}
sandra095.jpg,159961,5e30c633,\Gallery 56\07 - Sandra\,{Shemale Yum Dvd03~G56~07~07 - Sandra}
sandrapink004.jpg,163793,db9ac83b,\Gallery 56\07 - Sandra\,{Shemale Yum Dvd03~G56~07~07 - Sandra}
sandrapink047.jpg,136689,ddd764a0,\Gallery 56\07 - Sandra\,{Shemale Yum Dvd03~G56~07~07 - Sandra}
sandrab002.jpg,147450,3988e878,\Gallery 56\07 - Sandra (2)\,{Shemale Yum Dvd03~G56~07-2~07 - Sandra (2)}
sandrab003.jpg,154460,609ed30b,\Gallery 56\07 - Sandra (2)\,{Shemale Yum Dvd03~G56~07-2~07 - Sandra (2)}
sandrab004.jpg,156428,f1dd2601,\Gallery 56\07 - Sandra (2)\,{Shemale Yum Dvd03~G56~07-2~07 - Sandra (2)}
sandrab005.jpg,134772,48687f51,\Gallery 56\07 - Sandra (2)\,{Shemale Yum Dvd03~G56~07-2~07 - Sandra (2)}
sandrab006.jpg,152484,2c189e2b,\Gallery 56\07 - Sandra (2)\,{Shemale Yum Dvd03~G56~07-2~07 - Sandra (2)}
sandrab007.jpg,158941,9c48110f,\Gallery 56\07 - Sandra (2)\,{Shemale Yum Dvd03~G56~07-2~07 - Sandra (2)}
sandrab008.jpg,151635,187f8757,\Gallery 56\07 - Sandra (2)\,{Shemale Yum Dvd03~G56~07-2~07 - Sandra (2)}
sandrab009.jpg,142532,a9f259fd,\Gallery 56\07 - Sandra (2)\,{Shemale Yum Dvd03~G56~07-2~07 - Sandra (2)}
sandrab010.jpg,150228,6b4d827d,\Gallery 56\07 - Sandra (2)\,{Shemale Yum Dvd03~G56~07-2~07 - Sandra (2)}
sandrab011.jpg,135816,8e2bde28,\Gallery 56\07 - Sandra (2)\,{Shemale Yum Dvd03~G56~07-2~07 - Sandra (2)}
sandrab012.jpg,146050,446bddfa,\Gallery 56\07 - Sandra (2)\,{Shemale Yum Dvd03~G56~07-2~07 - Sandra (2)}
sandrab013.jpg,131065,d4ece135,\Gallery 56\07 - Sandra (2)\,{Shemale Yum Dvd03~G56~07-2~07 - Sandra (2)}
sandrab014.jpg,149685,a26e7f07,\Gallery 56\07 - Sandra (2)\,{Shemale Yum Dvd03~G56~07-2~07 - Sandra (2)}
sandrab015.jpg,151853,5816b592,\Gallery 56\07 - Sandra (2)\,{Shemale Yum Dvd03~G56~07-2~07 - Sandra (2)}
sandrab016.jpg,152647,09050d99,\Gallery 56\07 - Sandra (2)\,{Shemale Yum Dvd03~G56~07-2~07 - Sandra (2)}
sandrab017.jpg,135719,6c6d6110,\Gallery 56\07 - Sandra (2)\,{Shemale Yum Dvd03~G56~07-2~07 - Sandra (2)}
sandrab018.jpg,128700,ab2dc6d1,\Gallery 56\07 - Sandra (2)\,{Shemale Yum Dvd03~G56~07-2~07 - Sandra (2)}
sandrab019.jpg,138051,8c219b44,\Gallery 56\07 - Sandra (2)\,{Shemale Yum Dvd03~G56~07-2~07 - Sandra (2)}
sandrab020.jpg,154332,d7758fd1,\Gallery 56\07 - Sandra (2)\,{Shemale Yum Dvd03~G56~07-2~07 - Sandra (2)}
sandrab021.jpg,163181,8c04675c,\Gallery 56\07 - Sandra (2)\,{Shemale Yum Dvd03~G56~07-2~07 - Sandra (2)}
sandrab022.jpg,161517,c2ba3fe2,\Gallery 56\07 - Sandra (2)\,{Shemale Yum Dvd03~G56~07-2~07 - Sandra (2)}
sandrab023.jpg,141280,ebaaa510,\Gallery 56\07 - Sandra (2)\,{Shemale Yum Dvd03~G56~07-2~07 - Sandra (2)}
sandrab024.jpg,157388,4bb13472,\Gallery 56\07 - Sandra (2)\,{Shemale Yum Dvd03~G56~07-2~07 - Sandra (2)}
sandrab025.jpg,124804,d9e7176a,\Gallery 56\07 - Sandra (2)\,{Shemale Yum Dvd03~G56~07-2~07 - Sandra (2)}
sandrab026.jpg,143414,45b38487,\Gallery 56\07 - Sandra (2)\,{Shemale Yum Dvd03~G56~07-2~07 - Sandra (2)}
sandrab027.jpg,160458,07d2fc0f,\Gallery 56\07 - Sandra (2)\,{Shemale Yum Dvd03~G56~07-2~07 - Sandra (2)}
sandrab028.jpg,130893,7869c8d8,\Gallery 56\07 - Sandra (2)\,{Shemale Yum Dvd03~G56~07-2~07 - Sandra (2)}
sandrab029.jpg,220483,5d52fa50,\Gallery 56\07 - Sandra (2)\,{Shemale Yum Dvd03~G56~07-2~07 - Sandra (2)}
sandrab030.jpg,147489,6eb4293a,\Gallery 56\07 - Sandra (2)\,{Shemale Yum Dvd03~G56~07-2~07 - Sandra (2)}
sandrab031.jpg,145505,f6de2767,\Gallery 56\07 - Sandra (2)\,{Shemale Yum Dvd03~G56~07-2~07 - Sandra (2)}
sandrab032.jpg,144278,1412a4fa,\Gallery 56\07 - Sandra (2)\,{Shemale Yum Dvd03~G56~07-2~07 - Sandra (2)}
sandrab033.jpg,137266,293a7400,\Gallery 56\07 - Sandra (2)\,{Shemale Yum Dvd03~G56~07-2~07 - Sandra (2)}
sandrab034.jpg,137733,3ef2a46a,\Gallery 56\07 - Sandra (2)\,{Shemale Yum Dvd03~G56~07-2~07 - Sandra (2)}
sandrab035.jpg,145230,4e9e758b,\Gallery 56\07 - Sandra (2)\,{Shemale Yum Dvd03~G56~07-2~07 - Sandra (2)}
sandrab036.jpg,132995,461a7e41,\Gallery 56\07 - Sandra (2)\,{Shemale Yum Dvd03~G56~07-2~07 - Sandra (2)}
sandrab037.jpg,134917,c65c9d27,\Gallery 56\07 - Sandra (2)\,{Shemale Yum Dvd03~G56~07-2~07 - Sandra (2)}
sandrab038.jpg,144817,5452d77e,\Gallery 56\07 - Sandra (2)\,{Shemale Yum Dvd03~G56~07-2~07 - Sandra (2)}
sandrab039.jpg,137412,86209652,\Gallery 56\07 - Sandra (2)\,{Shemale Yum Dvd03~G56~07-2~07 - Sandra (2)}
sandrab040.jpg,132372,29cdf7ce,\Gallery 56\07 - Sandra (2)\,{Shemale Yum Dvd03~G56~07-2~07 - Sandra (2)}
sandrab041.jpg,139840,38517ae4,\Gallery 56\07 - Sandra (2)\,{Shemale Yum Dvd03~G56~07-2~07 - Sandra (2)}
sandrab042.jpg,139245,ff5a9710,\Gallery 56\07 - Sandra (2)\,{Shemale Yum Dvd03~G56~07-2~07 - Sandra (2)}
sandrab043.jpg,143737,2594987d,\Gallery 56\07 - Sandra (2)\,{Shemale Yum Dvd03~G56~07-2~07 - Sandra (2)}
sandrab044.jpg,121433,3ffee75d,\Gallery 56\07 - Sandra (2)\,{Shemale Yum Dvd03~G56~07-2~07 - Sandra (2)}
sandrab045.jpg,145704,405e0906,\Gallery 56\07 - Sandra (2)\,{Shemale Yum Dvd03~G56~07-2~07 - Sandra (2)}
sandrab046.jpg,136858,5dd72af1,\Gallery 56\07 - Sandra (2)\,{Shemale Yum Dvd03~G56~07-2~07 - Sandra (2)}
sandrab047.jpg,132936,5dd98d24,\Gallery 56\07 - Sandra (2)\,{Shemale Yum Dvd03~G56~07-2~07 - Sandra (2)}
sandrab048.jpg,135113,7c984727,\Gallery 56\07 - Sandra (2)\,{Shemale Yum Dvd03~G56~07-2~07 - Sandra (2)}
sandrab049.jpg,136498,5254b934,\Gallery 56\07 - Sandra (2)\,{Shemale Yum Dvd03~G56~07-2~07 - Sandra (2)}
sandrab050.jpg,144455,41a7b212,\Gallery 56\07 - Sandra (2)\,{Shemale Yum Dvd03~G56~07-2~07 - Sandra (2)}
sandrab051.jpg,126689,45ceb602,\Gallery 56\07 - Sandra (2)\,{Shemale Yum Dvd03~G56~07-2~07 - Sandra (2)}
sandrab052.jpg,140510,9bbc9da1,\Gallery 56\07 - Sandra (2)\,{Shemale Yum Dvd03~G56~07-2~07 - Sandra (2)}
sandrab053.jpg,141821,5faacbd7,\Gallery 56\07 - Sandra (2)\,{Shemale Yum Dvd03~G56~07-2~07 - Sandra (2)}
sandrab054.jpg,128116,d99aaf64,\Gallery 56\07 - Sandra (2)\,{Shemale Yum Dvd03~G56~07-2~07 - Sandra (2)}
sandrab055.jpg,141150,c72fe83c,\Gallery 56\07 - Sandra (2)\,{Shemale Yum Dvd03~G56~07-2~07 - Sandra (2)}
sandrab056.jpg,147232,74ba9ccc,\Gallery 56\07 - Sandra (2)\,{Shemale Yum Dvd03~G56~07-2~07 - Sandra (2)}
sandrab057.jpg,147998,fd576605,\Gallery 56\07 - Sandra (2)\,{Shemale Yum Dvd03~G56~07-2~07 - Sandra (2)}
sandrab058.jpg,195344,f2269be2,\Gallery 56\07 - Sandra (2)\,{Shemale Yum Dvd03~G56~07-2~07 - Sandra (2)}
sandrab059.jpg,181297,45b11a6d,\Gallery 56\07 - Sandra (2)\,{Shemale Yum Dvd03~G56~07-2~07 - Sandra (2)}
sandrab060.jpg,137204,94a16a98,\Gallery 56\07 - Sandra (2)\,{Shemale Yum Dvd03~G56~07-2~07 - Sandra (2)}
sandrab061.jpg,126920,eac23fec,\Gallery 56\07 - Sandra (2)\,{Shemale Yum Dvd03~G56~07-2~07 - Sandra (2)}
sandrab062.jpg,129296,0f0ea646,\Gallery 56\07 - Sandra (2)\,{Shemale Yum Dvd03~G56~07-2~07 - Sandra (2)}
sandrab063.jpg,137394,bf794844,\Gallery 56\07 - Sandra (2)\,{Shemale Yum Dvd03~G56~07-2~07 - Sandra (2)}
sandrab064.jpg,127488,1ed23343,\Gallery 56\07 - Sandra (2)\,{Shemale Yum Dvd03~G56~07-2~07 - Sandra (2)}
sandrab065.jpg,135870,cf0d567c,\Gallery 56\07 - Sandra (2)\,{Shemale Yum Dvd03~G56~07-2~07 - Sandra (2)}
sandrab066.jpg,117984,54af99b0,\Gallery 56\07 - Sandra (2)\,{Shemale Yum Dvd03~G56~07-2~07 - Sandra (2)}
sandrab067.jpg,134931,e6b9b722,\Gallery 56\07 - Sandra (2)\,{Shemale Yum Dvd03~G56~07-2~07 - Sandra (2)}
sandrab068.jpg,146203,54a5bfdf,\Gallery 56\07 - Sandra (2)\,{Shemale Yum Dvd03~G56~07-2~07 - Sandra (2)}
sandrab069.jpg,132669,86e7087e,\Gallery 56\07 - Sandra (2)\,{Shemale Yum Dvd03~G56~07-2~07 - Sandra (2)}
sandrab070.jpg,129980,1d96997e,\Gallery 56\07 - Sandra (2)\,{Shemale Yum Dvd03~G56~07-2~07 - Sandra (2)}
sandrab071.jpg,137045,d6f86e63,\Gallery 56\07 - Sandra (2)\,{Shemale Yum Dvd03~G56~07-2~07 - Sandra (2)}
sandrab072.jpg,140628,3aa3c3f3,\Gallery 56\07 - Sandra (2)\,{Shemale Yum Dvd03~G56~07-2~07 - Sandra (2)}
sandrab073.jpg,142231,1a1974c1,\Gallery 56\07 - Sandra (2)\,{Shemale Yum Dvd03~G56~07-2~07 - Sandra (2)}
sandrab074.jpg,126006,489a0da1,\Gallery 56\07 - Sandra (2)\,{Shemale Yum Dvd03~G56~07-2~07 - Sandra (2)}
sandrab075.jpg,127992,1d359bab,\Gallery 56\07 - Sandra (2)\,{Shemale Yum Dvd03~G56~07-2~07 - Sandra (2)}
sandrab076.jpg,152598,e60334fc,\Gallery 56\07 - Sandra (2)\,{Shemale Yum Dvd03~G56~07-2~07 - Sandra (2)}
sandrab077.jpg,174494,59c5c90b,\Gallery 56\07 - Sandra (2)\,{Shemale Yum Dvd03~G56~07-2~07 - Sandra (2)}
sandrab078.jpg,154383,a7f23c2e,\Gallery 56\07 - Sandra (2)\,{Shemale Yum Dvd03~G56~07-2~07 - Sandra (2)}
sandrab079.jpg,167120,d781d0cb,\Gallery 56\07 - Sandra (2)\,{Shemale Yum Dvd03~G56~07-2~07 - Sandra (2)}
sandrab080.jpg,162922,da7c14ad,\Gallery 56\07 - Sandra (2)\,{Shemale Yum Dvd03~G56~07-2~07 - Sandra (2)}
sandrab081.jpg,153341,dfde1e5c,\Gallery 56\07 - Sandra (2)\,{Shemale Yum Dvd03~G56~07-2~07 - Sandra (2)}
sandrab082.jpg,180117,37664569,\Gallery 56\07 - Sandra (2)\,{Shemale Yum Dvd03~G56~07-2~07 - Sandra (2)}
sandrab083.jpg,154714,8e3c7fb0,\Gallery 56\07 - Sandra (2)\,{Shemale Yum Dvd03~G56~07-2~07 - Sandra (2)}
sandrab084.jpg,182514,e61da8bd,\Gallery 56\07 - Sandra (2)\,{Shemale Yum Dvd03~G56~07-2~07 - Sandra (2)}
sandrab085.jpg,181686,0b0bde7b,\Gallery 56\07 - Sandra (2)\,{Shemale Yum Dvd03~G56~07-2~07 - Sandra (2)}
sandrab086.jpg,128990,39d50f49,\Gallery 56\07 - Sandra (2)\,{Shemale Yum Dvd03~G56~07-2~07 - Sandra (2)}
sandrab087.jpg,132263,561af3d1,\Gallery 56\07 - Sandra (2)\,{Shemale Yum Dvd03~G56~07-2~07 - Sandra (2)}
sandrab088.jpg,144323,2ffd9f67,\Gallery 56\07 - Sandra (2)\,{Shemale Yum Dvd03~G56~07-2~07 - Sandra (2)}
sandrab089.jpg,119596,3e24a242,\Gallery 56\07 - Sandra (2)\,{Shemale Yum Dvd03~G56~07-2~07 - Sandra (2)}
sandrab090.jpg,118037,4ae1d3e9,\Gallery 56\07 - Sandra (2)\,{Shemale Yum Dvd03~G56~07-2~07 - Sandra (2)}
sandrab091.jpg,120441,99073e0f,\Gallery 56\07 - Sandra (2)\,{Shemale Yum Dvd03~G56~07-2~07 - Sandra (2)}
stepany001.jpg,150847,fb2b8289,\Gallery 56\08 - Stephany\,{Shemale Yum Dvd03~G56~08~08 - Stephany}
stepany002.jpg,123905,a34437ca,\Gallery 56\08 - Stephany\,{Shemale Yum Dvd03~G56~08~08 - Stephany}
stepany004.jpg,154164,f100e625,\Gallery 56\08 - Stephany\,{Shemale Yum Dvd03~G56~08~08 - Stephany}
stepany005.jpg,150078,c725a5a5,\Gallery 56\08 - Stephany\,{Shemale Yum Dvd03~G56~08~08 - Stephany}
stepany006.jpg,149152,7fe0aa6d,\Gallery 56\08 - Stephany\,{Shemale Yum Dvd03~G56~08~08 - Stephany}
stepany007.jpg,118342,8a7bd5a3,\Gallery 56\08 - Stephany\,{Shemale Yum Dvd03~G56~08~08 - Stephany}
stepany008.jpg,141308,c5002e28,\Gallery 56\08 - Stephany\,{Shemale Yum Dvd03~G56~08~08 - Stephany}
stepany009.jpg,151171,fa04c025,\Gallery 56\08 - Stephany\,{Shemale Yum Dvd03~G56~08~08 - Stephany}
stepany010.jpg,165174,579119cf,\Gallery 56\08 - Stephany\,{Shemale Yum Dvd03~G56~08~08 - Stephany}
stepany011.jpg,160097,48ac747c,\Gallery 56\08 - Stephany\,{Shemale Yum Dvd03~G56~08~08 - Stephany}
stepany012.jpg,164739,5c08fab7,\Gallery 56\08 - Stephany\,{Shemale Yum Dvd03~G56~08~08 - Stephany}
stepany013.jpg,165476,adb9994b,\Gallery 56\08 - Stephany\,{Shemale Yum Dvd03~G56~08~08 - Stephany}
stepany014.jpg,149226,c75bc59f,\Gallery 56\08 - Stephany\,{Shemale Yum Dvd03~G56~08~08 - Stephany}
stepany015.jpg,140159,9958e59c,\Gallery 56\08 - Stephany\,{Shemale Yum Dvd03~G56~08~08 - Stephany}
stepany016.jpg,136977,e198e98e,\Gallery 56\08 - Stephany\,{Shemale Yum Dvd03~G56~08~08 - Stephany}
stepany017.jpg,164339,e742d8b0,\Gallery 56\08 - Stephany\,{Shemale Yum Dvd03~G56~08~08 - Stephany}
stepany018.jpg,147457,1e6142d2,\Gallery 56\08 - Stephany\,{Shemale Yum Dvd03~G56~08~08 - Stephany}
stepany019.jpg,150452,72ca8919,\Gallery 56\08 - Stephany\,{Shemale Yum Dvd03~G56~08~08 - Stephany}
stepany020.jpg,151667,a0a27bde,\Gallery 56\08 - Stephany\,{Shemale Yum Dvd03~G56~08~08 - Stephany}
stepany021.jpg,148897,b1c29133,\Gallery 56\08 - Stephany\,{Shemale Yum Dvd03~G56~08~08 - Stephany}
stepany022.jpg,151774,f896058c,\Gallery 56\08 - Stephany\,{Shemale Yum Dvd03~G56~08~08 - Stephany}
stepany023.jpg,122409,b034e041,\Gallery 56\08 - Stephany\,{Shemale Yum Dvd03~G56~08~08 - Stephany}
stepany024.jpg,135757,19c8036a,\Gallery 56\08 - Stephany\,{Shemale Yum Dvd03~G56~08~08 - Stephany}
stepany025.jpg,121770,e236c02d,\Gallery 56\08 - Stephany\,{Shemale Yum Dvd03~G56~08~08 - Stephany}
stepany026.jpg,155933,3802d9a0,\Gallery 56\08 - Stephany\,{Shemale Yum Dvd03~G56~08~08 - Stephany}
stepany027.jpg,156890,ccecf848,\Gallery 56\08 - Stephany\,{Shemale Yum Dvd03~G56~08~08 - Stephany}
stepany028.jpg,158233,23cddf96,\Gallery 56\08 - Stephany\,{Shemale Yum Dvd03~G56~08~08 - Stephany}
stepany029.jpg,127609,32910a56,\Gallery 56\08 - Stephany\,{Shemale Yum Dvd03~G56~08~08 - Stephany}
stepany030.jpg,152116,29d5d0b4,\Gallery 56\08 - Stephany\,{Shemale Yum Dvd03~G56~08~08 - Stephany}
stepany031.jpg,160202,8a196d6d,\Gallery 56\08 - Stephany\,{Shemale Yum Dvd03~G56~08~08 - Stephany}
stepany032.jpg,155497,a2536e09,\Gallery 56\08 - Stephany\,{Shemale Yum Dvd03~G56~08~08 - Stephany}
stepany033.jpg,157467,baed74a2,\Gallery 56\08 - Stephany\,{Shemale Yum Dvd03~G56~08~08 - Stephany}
stepany034.jpg,158714,ee4796da,\Gallery 56\08 - Stephany\,{Shemale Yum Dvd03~G56~08~08 - Stephany}
stepany035.jpg,145070,e65e32f3,\Gallery 56\08 - Stephany\,{Shemale Yum Dvd03~G56~08~08 - Stephany}
stepany036.jpg,121149,b3a160ca,\Gallery 56\08 - Stephany\,{Shemale Yum Dvd03~G56~08~08 - Stephany}
stepany037.jpg,122645,78938ecb,\Gallery 56\08 - Stephany\,{Shemale Yum Dvd03~G56~08~08 - Stephany}
stepany038.jpg,133984,672af0b8,\Gallery 56\08 - Stephany\,{Shemale Yum Dvd03~G56~08~08 - Stephany}
stepany040.jpg,140012,bec42ae8,\Gallery 56\08 - Stephany\,{Shemale Yum Dvd03~G56~08~08 - Stephany}
stepany041.jpg,111085,e9d9a7fb,\Gallery 56\08 - Stephany\,{Shemale Yum Dvd03~G56~08~08 - Stephany}
stepany042.jpg,123247,deb51f0f,\Gallery 56\08 - Stephany\,{Shemale Yum Dvd03~G56~08~08 - Stephany}
stepany043.jpg,140571,adb592df,\Gallery 56\08 - Stephany\,{Shemale Yum Dvd03~G56~08~08 - Stephany}
stepany044.jpg,120239,e605fadc,\Gallery 56\08 - Stephany\,{Shemale Yum Dvd03~G56~08~08 - Stephany}
stepany047.jpg,110063,4f25f614,\Gallery 56\08 - Stephany\,{Shemale Yum Dvd03~G56~08~08 - Stephany}
stepany048.jpg,130318,dbb8e41c,\Gallery 56\08 - Stephany\,{Shemale Yum Dvd03~G56~08~08 - Stephany}
stepany049.jpg,135556,e377c011,\Gallery 56\08 - Stephany\,{Shemale Yum Dvd03~G56~08~08 - Stephany}
stepany050.jpg,103854,cd0b9fa0,\Gallery 56\08 - Stephany\,{Shemale Yum Dvd03~G56~08~08 - Stephany}
stepany052.jpg,125373,9029e41f,\Gallery 56\08 - Stephany\,{Shemale Yum Dvd03~G56~08~08 - Stephany}
stepany054.jpg,118434,19b0fdcd,\Gallery 56\08 - Stephany\,{Shemale Yum Dvd03~G56~08~08 - Stephany}
stepany055.jpg,120714,44df7218,\Gallery 56\08 - Stephany\,{Shemale Yum Dvd03~G56~08~08 - Stephany}
stepany057.jpg,113519,b74ed331,\Gallery 56\08 - Stephany\,{Shemale Yum Dvd03~G56~08~08 - Stephany}
stepany058.jpg,103177,c1ca2e18,\Gallery 56\08 - Stephany\,{Shemale Yum Dvd03~G56~08~08 - Stephany}
stepany059.jpg,101171,bc49ed30,\Gallery 56\08 - Stephany\,{Shemale Yum Dvd03~G56~08~08 - Stephany}
stepany060.jpg,101987,59d7c07e,\Gallery 56\08 - Stephany\,{Shemale Yum Dvd03~G56~08~08 - Stephany}
stepany062.jpg,118246,f9adf04a,\Gallery 56\08 - Stephany\,{Shemale Yum Dvd03~G56~08~08 - Stephany}
stepany063.jpg,112148,04247f22,\Gallery 56\08 - Stephany\,{Shemale Yum Dvd03~G56~08~08 - Stephany}
stepany064.jpg,92408,68d219a4,\Gallery 56\08 - Stephany\,{Shemale Yum Dvd03~G56~08~08 - Stephany}
stepany065.jpg,107824,9f3a5959,\Gallery 56\08 - Stephany\,{Shemale Yum Dvd03~G56~08~08 - Stephany}
stepany066.jpg,112094,31c7e498,\Gallery 56\08 - Stephany\,{Shemale Yum Dvd03~G56~08~08 - Stephany}
stepany068.jpg,96101,5a09b292,\Gallery 56\08 - Stephany\,{Shemale Yum Dvd03~G56~08~08 - Stephany}
stepany069.jpg,114277,eb5f9e50,\Gallery 56\08 - Stephany\,{Shemale Yum Dvd03~G56~08~08 - Stephany}
stepany070.jpg,127141,9411cf16,\Gallery 56\08 - Stephany\,{Shemale Yum Dvd03~G56~08~08 - Stephany}
stepany071.jpg,110877,bb30d3ee,\Gallery 56\08 - Stephany\,{Shemale Yum Dvd03~G56~08~08 - Stephany}
stepany072.jpg,112827,25ea2600,\Gallery 56\08 - Stephany\,{Shemale Yum Dvd03~G56~08~08 - Stephany}
stepany075.jpg,110763,ad52dc37,\Gallery 56\08 - Stephany\,{Shemale Yum Dvd03~G56~08~08 - Stephany}
stepany076.jpg,113635,7ed6b876,\Gallery 56\08 - Stephany\,{Shemale Yum Dvd03~G56~08~08 - Stephany}
stepany077.jpg,112529,c871913f,\Gallery 56\08 - Stephany\,{Shemale Yum Dvd03~G56~08~08 - Stephany}
stepany078.jpg,111840,718647cb,\Gallery 56\08 - Stephany\,{Shemale Yum Dvd03~G56~08~08 - Stephany}
stepany079.jpg,168329,89747c53,\Gallery 56\08 - Stephany\,{Shemale Yum Dvd03~G56~08~08 - Stephany}
stepany080.jpg,163551,94716b53,\Gallery 56\08 - Stephany\,{Shemale Yum Dvd03~G56~08~08 - Stephany}
stepany081.jpg,128673,ef8ca211,\Gallery 56\08 - Stephany\,{Shemale Yum Dvd03~G56~08~08 - Stephany}
stepany082.jpg,131918,a9b10077,\Gallery 56\08 - Stephany\,{Shemale Yum Dvd03~G56~08~08 - Stephany}
stepany084.jpg,162628,1371c8f1,\Gallery 56\08 - Stephany\,{Shemale Yum Dvd03~G56~08~08 - Stephany}
stepany085.jpg,160710,732fb5e4,\Gallery 56\08 - Stephany\,{Shemale Yum Dvd03~G56~08~08 - Stephany}
stepany087.jpg,124502,6598ef47,\Gallery 56\08 - Stephany\,{Shemale Yum Dvd03~G56~08~08 - Stephany}
stepany088.jpg,132908,41893899,\Gallery 56\08 - Stephany\,{Shemale Yum Dvd03~G56~08~08 - Stephany}
stepany089.jpg,119768,ce914ab0,\Gallery 56\08 - Stephany\,{Shemale Yum Dvd03~G56~08~08 - Stephany}
stepany090.jpg,126742,2da5d4f7,\Gallery 56\08 - Stephany\,{Shemale Yum Dvd03~G56~08~08 - Stephany}
stepany091.jpg,107845,408534d9,\Gallery 56\08 - Stephany\,{Shemale Yum Dvd03~G56~08~08 - Stephany}
stepany092.jpg,128825,01fb8bac,\Gallery 56\08 - Stephany\,{Shemale Yum Dvd03~G56~08~08 - Stephany}
stepany093.jpg,125170,b53df45f,\Gallery 56\08 - Stephany\,{Shemale Yum Dvd03~G56~08~08 - Stephany}
stepany094.jpg,126949,35450c9f,\Gallery 56\08 - Stephany\,{Shemale Yum Dvd03~G56~08~08 - Stephany}
stepany095.jpg,137300,d65270c5,\Gallery 56\08 - Stephany\,{Shemale Yum Dvd03~G56~08~08 - Stephany}
stepany096.jpg,114094,a6480ad7,\Gallery 56\08 - Stephany\,{Shemale Yum Dvd03~G56~08~08 - Stephany}
stepany097.jpg,109208,cb6bf317,\Gallery 56\08 - Stephany\,{Shemale Yum Dvd03~G56~08~08 - Stephany}
stepany098.jpg,110008,41384eee,\Gallery 56\08 - Stephany\,{Shemale Yum Dvd03~G56~08~08 - Stephany}
stepany099.jpg,114211,8ad08a69,\Gallery 56\08 - Stephany\,{Shemale Yum Dvd03~G56~08~08 - Stephany}
stepany100.jpg,122098,2eb0f810,\Gallery 56\08 - Stephany\,{Shemale Yum Dvd03~G56~08~08 - Stephany}
stepany101.jpg,123821,c9f5ef71,\Gallery 56\08 - Stephany\,{Shemale Yum Dvd03~G56~08~08 - Stephany}
stepanyblack003.jpg,154113,0c0e7a73,\Gallery 56\08 - Stephany\,{Shemale Yum Dvd03~G56~08~08 - Stephany}
stepanyblack102.jpg,135705,db020477,\Gallery 56\08 - Stephany\,{Shemale Yum Dvd03~G56~08~08 - Stephany}
stephanyb001.jpg,141819,7b220464,\Gallery 56\08 - Stephany (2)\,{Shemale Yum Dvd03~G56~08-2~08 - Stephany (2)}
stephanyb002.jpg,139554,8c6d5bb0,\Gallery 56\08 - Stephany (2)\,{Shemale Yum Dvd03~G56~08-2~08 - Stephany (2)}
stephanyb003.jpg,130126,f0b36fd4,\Gallery 56\08 - Stephany (2)\,{Shemale Yum Dvd03~G56~08-2~08 - Stephany (2)}
stephanyb004.jpg,139205,2b75e580,\Gallery 56\08 - Stephany (2)\,{Shemale Yum Dvd03~G56~08-2~08 - Stephany (2)}
stephanyb005.jpg,159826,7b3b8224,\Gallery 56\08 - Stephany (2)\,{Shemale Yum Dvd03~G56~08-2~08 - Stephany (2)}
stephanyb006.jpg,162733,f2c6ba45,\Gallery 56\08 - Stephany (2)\,{Shemale Yum Dvd03~G56~08-2~08 - Stephany (2)}
stephanyb007.jpg,148694,e4783e82,\Gallery 56\08 - Stephany (2)\,{Shemale Yum Dvd03~G56~08-2~08 - Stephany (2)}
stephanyb008.jpg,154375,e443f648,\Gallery 56\08 - Stephany (2)\,{Shemale Yum Dvd03~G56~08-2~08 - Stephany (2)}
stephanyb009.jpg,160650,2a837dc9,\Gallery 56\08 - Stephany (2)\,{Shemale Yum Dvd03~G56~08-2~08 - Stephany (2)}
stephanyb010.jpg,160154,424e9d94,\Gallery 56\08 - Stephany (2)\,{Shemale Yum Dvd03~G56~08-2~08 - Stephany (2)}
stephanyb011.jpg,155848,1b09f299,\Gallery 56\08 - Stephany (2)\,{Shemale Yum Dvd03~G56~08-2~08 - Stephany (2)}
stephanyb012.jpg,145996,71f184e8,\Gallery 56\08 - Stephany (2)\,{Shemale Yum Dvd03~G56~08-2~08 - Stephany (2)}
stephanyb013.jpg,151321,360ecab2,\Gallery 56\08 - Stephany (2)\,{Shemale Yum Dvd03~G56~08-2~08 - Stephany (2)}
stephanyb014.jpg,168159,2f292a62,\Gallery 56\08 - Stephany (2)\,{Shemale Yum Dvd03~G56~08-2~08 - Stephany (2)}
stephanyb015.jpg,125484,286951f1,\Gallery 56\08 - Stephany (2)\,{Shemale Yum Dvd03~G56~08-2~08 - Stephany (2)}
stephanyb016.jpg,155656,d85067be,\Gallery 56\08 - Stephany (2)\,{Shemale Yum Dvd03~G56~08-2~08 - Stephany (2)}
stephanyb017.jpg,158276,b5765574,\Gallery 56\08 - Stephany (2)\,{Shemale Yum Dvd03~G56~08-2~08 - Stephany (2)}
stephanyb018.jpg,154846,154f0bc9,\Gallery 56\08 - Stephany (2)\,{Shemale Yum Dvd03~G56~08-2~08 - Stephany (2)}
stephanyb019.jpg,150343,03ac2713,\Gallery 56\08 - Stephany (2)\,{Shemale Yum Dvd03~G56~08-2~08 - Stephany (2)}
stephanyb020.jpg,159652,e8f16800,\Gallery 56\08 - Stephany (2)\,{Shemale Yum Dvd03~G56~08-2~08 - Stephany (2)}
stephanyb021.jpg,145108,29d98da6,\Gallery 56\08 - Stephany (2)\,{Shemale Yum Dvd03~G56~08-2~08 - Stephany (2)}
stephanyb022.jpg,140687,0ec4c471,\Gallery 56\08 - Stephany (2)\,{Shemale Yum Dvd03~G56~08-2~08 - Stephany (2)}
stephanyb023.jpg,136937,508f17e2,\Gallery 56\08 - Stephany (2)\,{Shemale Yum Dvd03~G56~08-2~08 - Stephany (2)}
stephanyb024.jpg,191666,84bd71d3,\Gallery 56\08 - Stephany (2)\,{Shemale Yum Dvd03~G56~08-2~08 - Stephany (2)}
stephanyb025.jpg,195798,cd4860f8,\Gallery 56\08 - Stephany (2)\,{Shemale Yum Dvd03~G56~08-2~08 - Stephany (2)}
stephanyb026.jpg,133631,ed92242d,\Gallery 56\08 - Stephany (2)\,{Shemale Yum Dvd03~G56~08-2~08 - Stephany (2)}
stephanyb027.jpg,125409,9d017769,\Gallery 56\08 - Stephany (2)\,{Shemale Yum Dvd03~G56~08-2~08 - Stephany (2)}
stephanyb028.jpg,150452,f51ff28f,\Gallery 56\08 - Stephany (2)\,{Shemale Yum Dvd03~G56~08-2~08 - Stephany (2)}
stephanyb029.jpg,155824,af0c0dfb,\Gallery 56\08 - Stephany (2)\,{Shemale Yum Dvd03~G56~08-2~08 - Stephany (2)}
stephanyb030.jpg,144007,d4cc50c2,\Gallery 56\08 - Stephany (2)\,{Shemale Yum Dvd03~G56~08-2~08 - Stephany (2)}
stephanyb031.jpg,156342,fb5e281f,\Gallery 56\08 - Stephany (2)\,{Shemale Yum Dvd03~G56~08-2~08 - Stephany (2)}
stephanyb032.jpg,126273,3630835f,\Gallery 56\08 - Stephany (2)\,{Shemale Yum Dvd03~G56~08-2~08 - Stephany (2)}
stephanyb033.jpg,155450,64a16e88,\Gallery 56\08 - Stephany (2)\,{Shemale Yum Dvd03~G56~08-2~08 - Stephany (2)}
stephanyb034.jpg,149167,1e544499,\Gallery 56\08 - Stephany (2)\,{Shemale Yum Dvd03~G56~08-2~08 - Stephany (2)}
stephanyb035.jpg,164087,3de42c57,\Gallery 56\08 - Stephany (2)\,{Shemale Yum Dvd03~G56~08-2~08 - Stephany (2)}
stephanyb036.jpg,148442,244f1f54,\Gallery 56\08 - Stephany (2)\,{Shemale Yum Dvd03~G56~08-2~08 - Stephany (2)}
stephanyb037.jpg,164134,466aadaa,\Gallery 56\08 - Stephany (2)\,{Shemale Yum Dvd03~G56~08-2~08 - Stephany (2)}
stephanyb038.jpg,149854,eddc1b0b,\Gallery 56\08 - Stephany (2)\,{Shemale Yum Dvd03~G56~08-2~08 - Stephany (2)}
stephanyb039.jpg,134790,eb6fdb4c,\Gallery 56\08 - Stephany (2)\,{Shemale Yum Dvd03~G56~08-2~08 - Stephany (2)}
stephanyb040.jpg,139303,5cc13a0f,\Gallery 56\08 - Stephany (2)\,{Shemale Yum Dvd03~G56~08-2~08 - Stephany (2)}
stephanyb041.jpg,141940,0bc7c80e,\Gallery 56\08 - Stephany (2)\,{Shemale Yum Dvd03~G56~08-2~08 - Stephany (2)}
stephanyb042.jpg,130097,c4773cb3,\Gallery 56\08 - Stephany (2)\,{Shemale Yum Dvd03~G56~08-2~08 - Stephany (2)}
stephanyb043.jpg,135372,557364ae,\Gallery 56\08 - Stephany (2)\,{Shemale Yum Dvd03~G56~08-2~08 - Stephany (2)}
stephanyb044.jpg,121777,e63a95e5,\Gallery 56\08 - Stephany (2)\,{Shemale Yum Dvd03~G56~08-2~08 - Stephany (2)}
stephanyb045.jpg,119033,b8a6d7e6,\Gallery 56\08 - Stephany (2)\,{Shemale Yum Dvd03~G56~08-2~08 - Stephany (2)}
stephanyb046.jpg,128200,ef711676,\Gallery 56\08 - Stephany (2)\,{Shemale Yum Dvd03~G56~08-2~08 - Stephany (2)}
stephanyb047.jpg,125694,4504a0b7,\Gallery 56\08 - Stephany (2)\,{Shemale Yum Dvd03~G56~08-2~08 - Stephany (2)}
stephanyb048.jpg,126955,c0cd42e3,\Gallery 56\08 - Stephany (2)\,{Shemale Yum Dvd03~G56~08-2~08 - Stephany (2)}
stephanyb049.jpg,122889,4783e290,\Gallery 56\08 - Stephany (2)\,{Shemale Yum Dvd03~G56~08-2~08 - Stephany (2)}
stephanyb050.jpg,134547,f5c0fac7,\Gallery 56\08 - Stephany (2)\,{Shemale Yum Dvd03~G56~08-2~08 - Stephany (2)}
stephanyb051.jpg,148556,8651135f,\Gallery 56\08 - Stephany (2)\,{Shemale Yum Dvd03~G56~08-2~08 - Stephany (2)}
stephanyb052.jpg,139450,6c052ecc,\Gallery 56\08 - Stephany (2)\,{Shemale Yum Dvd03~G56~08-2~08 - Stephany (2)}
stephanyb053.jpg,134174,f2fa5c8b,\Gallery 56\08 - Stephany (2)\,{Shemale Yum Dvd03~G56~08-2~08 - Stephany (2)}
stephanyb054.jpg,158893,c7c14164,\Gallery 56\08 - Stephany (2)\,{Shemale Yum Dvd03~G56~08-2~08 - Stephany (2)}
stephanyb055.jpg,160360,a66c4d23,\Gallery 56\08 - Stephany (2)\,{Shemale Yum Dvd03~G56~08-2~08 - Stephany (2)}
stephanyb056.jpg,166724,64b04562,\Gallery 56\08 - Stephany (2)\,{Shemale Yum Dvd03~G56~08-2~08 - Stephany (2)}
stephanyb057.jpg,179494,7dda41e4,\Gallery 56\08 - Stephany (2)\,{Shemale Yum Dvd03~G56~08-2~08 - Stephany (2)}
stephanyb058.jpg,166183,f8b98719,\Gallery 56\08 - Stephany (2)\,{Shemale Yum Dvd03~G56~08-2~08 - Stephany (2)}
stephanyb059.jpg,117780,7e7859b7,\Gallery 56\08 - Stephany (2)\,{Shemale Yum Dvd03~G56~08-2~08 - Stephany (2)}
stephanyb060.jpg,192354,8402c62f,\Gallery 56\08 - Stephany (2)\,{Shemale Yum Dvd03~G56~08-2~08 - Stephany (2)}
stephanyb061.jpg,198070,f7ff4649,\Gallery 56\08 - Stephany (2)\,{Shemale Yum Dvd03~G56~08-2~08 - Stephany (2)}
stephanyb062.jpg,170472,f58abd75,\Gallery 56\08 - Stephany (2)\,{Shemale Yum Dvd03~G56~08-2~08 - Stephany (2)}
stephanyb063.jpg,148671,cbb6fc5d,\Gallery 56\08 - Stephany (2)\,{Shemale Yum Dvd03~G56~08-2~08 - Stephany (2)}
stephanyb064.jpg,116693,5f231310,\Gallery 56\08 - Stephany (2)\,{Shemale Yum Dvd03~G56~08-2~08 - Stephany (2)}
stephanyb065.jpg,138061,27dc2976,\Gallery 56\08 - Stephany (2)\,{Shemale Yum Dvd03~G56~08-2~08 - Stephany (2)}
stephanyb066.jpg,131839,45bcf627,\Gallery 56\08 - Stephany (2)\,{Shemale Yum Dvd03~G56~08-2~08 - Stephany (2)}
stephanyb067.jpg,126733,9c1349fe,\Gallery 56\08 - Stephany (2)\,{Shemale Yum Dvd03~G56~08-2~08 - Stephany (2)}
stephanyb068.jpg,134615,eb9c18be,\Gallery 56\08 - Stephany (2)\,{Shemale Yum Dvd03~G56~08-2~08 - Stephany (2)}
stephanyb069.jpg,130397,eda58c24,\Gallery 56\08 - Stephany (2)\,{Shemale Yum Dvd03~G56~08-2~08 - Stephany (2)}
stephanyb070.jpg,148557,7b40d51a,\Gallery 56\08 - Stephany (2)\,{Shemale Yum Dvd03~G56~08-2~08 - Stephany (2)}
stephanyb071.jpg,127842,66193cec,\Gallery 56\08 - Stephany (2)\,{Shemale Yum Dvd03~G56~08-2~08 - Stephany (2)}
stephanyb072.jpg,133343,7d4db649,\Gallery 56\08 - Stephany (2)\,{Shemale Yum Dvd03~G56~08-2~08 - Stephany (2)}
stephanyb073.jpg,133584,b112fde7,\Gallery 56\08 - Stephany (2)\,{Shemale Yum Dvd03~G56~08-2~08 - Stephany (2)}
stephanyb074.jpg,194860,f12b4ee9,\Gallery 56\08 - Stephany (2)\,{Shemale Yum Dvd03~G56~08-2~08 - Stephany (2)}
stephanyb075.jpg,144253,6b848f81,\Gallery 56\08 - Stephany (2)\,{Shemale Yum Dvd03~G56~08-2~08 - Stephany (2)}
stephanyb076.jpg,139787,6facd4b3,\Gallery 56\08 - Stephany (2)\,{Shemale Yum Dvd03~G56~08-2~08 - Stephany (2)}
stephanyb077.jpg,149392,140c14c8,\Gallery 56\08 - Stephany (2)\,{Shemale Yum Dvd03~G56~08-2~08 - Stephany (2)}
stephanyb078.jpg,122451,b19b065a,\Gallery 56\08 - Stephany (2)\,{Shemale Yum Dvd03~G56~08-2~08 - Stephany (2)}
stephanyb079.jpg,143627,b66d5570,\Gallery 56\08 - Stephany (2)\,{Shemale Yum Dvd03~G56~08-2~08 - Stephany (2)}
stephanyb080.jpg,122151,843a2c0a,\Gallery 56\08 - Stephany (2)\,{Shemale Yum Dvd03~G56~08-2~08 - Stephany (2)}
stephanyb081.jpg,131730,77662af8,\Gallery 56\08 - Stephany (2)\,{Shemale Yum Dvd03~G56~08-2~08 - Stephany (2)}
stephanyb082.jpg,121396,7ea40e29,\Gallery 56\08 - Stephany (2)\,{Shemale Yum Dvd03~G56~08-2~08 - Stephany (2)}
stephanyb083.jpg,145271,087fabc8,\Gallery 56\08 - Stephany (2)\,{Shemale Yum Dvd03~G56~08-2~08 - Stephany (2)}
stephanyb084.jpg,154790,65f7a95d,\Gallery 56\08 - Stephany (2)\,{Shemale Yum Dvd03~G56~08-2~08 - Stephany (2)}
stephanyb085.jpg,130697,ba86c742,\Gallery 56\08 - Stephany (2)\,{Shemale Yum Dvd03~G56~08-2~08 - Stephany (2)}
stephanyb086.jpg,160059,2c788819,\Gallery 56\08 - Stephany (2)\,{Shemale Yum Dvd03~G56~08-2~08 - Stephany (2)}
stephanyb087.jpg,130662,fc018333,\Gallery 56\08 - Stephany (2)\,{Shemale Yum Dvd03~G56~08-2~08 - Stephany (2)}
stephanyb088.jpg,181430,55471f7f,\Gallery 56\08 - Stephany (2)\,{Shemale Yum Dvd03~G56~08-2~08 - Stephany (2)}
stephanyc3001.jpg,142037,d7009e35,\Gallery 56\08 - Stephany (3)\,{Shemale Yum Dvd03~G56~08-3~08 - Stephany (3)}
stephanyc3002.jpg,136855,3f308b73,\Gallery 56\08 - Stephany (3)\,{Shemale Yum Dvd03~G56~08-3~08 - Stephany (3)}
stephanyc3003.jpg,132135,545269fa,\Gallery 56\08 - Stephany (3)\,{Shemale Yum Dvd03~G56~08-3~08 - Stephany (3)}
stephanyc3004.jpg,122556,4eda410d,\Gallery 56\08 - Stephany (3)\,{Shemale Yum Dvd03~G56~08-3~08 - Stephany (3)}
stephanyc3005.jpg,125299,84f4a080,\Gallery 56\08 - Stephany (3)\,{Shemale Yum Dvd03~G56~08-3~08 - Stephany (3)}
stephanyc3006.jpg,109510,0a29ff9f,\Gallery 56\08 - Stephany (3)\,{Shemale Yum Dvd03~G56~08-3~08 - Stephany (3)}
stephanyc3007.jpg,136963,e277661b,\Gallery 56\08 - Stephany (3)\,{Shemale Yum Dvd03~G56~08-3~08 - Stephany (3)}
stephanyc3008.jpg,137859,d70ca1b6,\Gallery 56\08 - Stephany (3)\,{Shemale Yum Dvd03~G56~08-3~08 - Stephany (3)}
stephanyc3009.jpg,110008,bd0415cc,\Gallery 56\08 - Stephany (3)\,{Shemale Yum Dvd03~G56~08-3~08 - Stephany (3)}
stephanyc3010.jpg,112756,2529e1cd,\Gallery 56\08 - Stephany (3)\,{Shemale Yum Dvd03~G56~08-3~08 - Stephany (3)}
stephanyc3011.jpg,114465,f68efd20,\Gallery 56\08 - Stephany (3)\,{Shemale Yum Dvd03~G56~08-3~08 - Stephany (3)}
stephanyc3012.jpg,137990,d0b8f3d9,\Gallery 56\08 - Stephany (3)\,{Shemale Yum Dvd03~G56~08-3~08 - Stephany (3)}
stephanyc3013.jpg,109017,865e429d,\Gallery 56\08 - Stephany (3)\,{Shemale Yum Dvd03~G56~08-3~08 - Stephany (3)}
stephanyc3014.jpg,127071,e7213299,\Gallery 56\08 - Stephany (3)\,{Shemale Yum Dvd03~G56~08-3~08 - Stephany (3)}
stephanyc3015.jpg,119746,46686f6f,\Gallery 56\08 - Stephany (3)\,{Shemale Yum Dvd03~G56~08-3~08 - Stephany (3)}
stephanyc3016.jpg,123672,5eb4b2b2,\Gallery 56\08 - Stephany (3)\,{Shemale Yum Dvd03~G56~08-3~08 - Stephany (3)}
stephanyc3017.jpg,130666,13542cd8,\Gallery 56\08 - Stephany (3)\,{Shemale Yum Dvd03~G56~08-3~08 - Stephany (3)}
stephanyc3018.jpg,155718,db66943b,\Gallery 56\08 - Stephany (3)\,{Shemale Yum Dvd03~G56~08-3~08 - Stephany (3)}
stephanyc3019.jpg,132551,cc2b783b,\Gallery 56\08 - Stephany (3)\,{Shemale Yum Dvd03~G56~08-3~08 - Stephany (3)}
stephanyc3020.jpg,120298,0279ee0a,\Gallery 56\08 - Stephany (3)\,{Shemale Yum Dvd03~G56~08-3~08 - Stephany (3)}
stephanyc3021.jpg,124639,3f3cf99f,\Gallery 56\08 - Stephany (3)\,{Shemale Yum Dvd03~G56~08-3~08 - Stephany (3)}
stephanyc3022.jpg,136979,0576eec8,\Gallery 56\08 - Stephany (3)\,{Shemale Yum Dvd03~G56~08-3~08 - Stephany (3)}
stephanyc3023.jpg,134248,a0e81852,\Gallery 56\08 - Stephany (3)\,{Shemale Yum Dvd03~G56~08-3~08 - Stephany (3)}
stephanyc3024.jpg,120678,011b63bd,\Gallery 56\08 - Stephany (3)\,{Shemale Yum Dvd03~G56~08-3~08 - Stephany (3)}
stephanyc3025.jpg,140002,592d372a,\Gallery 56\08 - Stephany (3)\,{Shemale Yum Dvd03~G56~08-3~08 - Stephany (3)}
stephanyc3026.jpg,138493,33771e80,\Gallery 56\08 - Stephany (3)\,{Shemale Yum Dvd03~G56~08-3~08 - Stephany (3)}
stephanyc3027.jpg,169850,75dd4e76,\Gallery 56\08 - Stephany (3)\,{Shemale Yum Dvd03~G56~08-3~08 - Stephany (3)}
stephanyc3028.jpg,128804,36261b8c,\Gallery 56\08 - Stephany (3)\,{Shemale Yum Dvd03~G56~08-3~08 - Stephany (3)}
stephanyc3029.jpg,177128,b2f38a2f,\Gallery 56\08 - Stephany (3)\,{Shemale Yum Dvd03~G56~08-3~08 - Stephany (3)}
stephanyc3030.jpg,180113,34535ffe,\Gallery 56\08 - Stephany (3)\,{Shemale Yum Dvd03~G56~08-3~08 - Stephany (3)}
stephanyc3031.jpg,133458,dd411959,\Gallery 56\08 - Stephany (3)\,{Shemale Yum Dvd03~G56~08-3~08 - Stephany (3)}
stephanyc3032.jpg,120323,f0cda6d5,\Gallery 56\08 - Stephany (3)\,{Shemale Yum Dvd03~G56~08-3~08 - Stephany (3)}
stephanyc3033.jpg,127055,c4726f1e,\Gallery 56\08 - Stephany (3)\,{Shemale Yum Dvd03~G56~08-3~08 - Stephany (3)}
stephanyc3034.jpg,169372,6ef13a3b,\Gallery 56\08 - Stephany (3)\,{Shemale Yum Dvd03~G56~08-3~08 - Stephany (3)}
stephanyc3035.jpg,157143,f5048b38,\Gallery 56\08 - Stephany (3)\,{Shemale Yum Dvd03~G56~08-3~08 - Stephany (3)}
stephanyc3036.jpg,159671,3568e4cc,\Gallery 56\08 - Stephany (3)\,{Shemale Yum Dvd03~G56~08-3~08 - Stephany (3)}
stephanyc3037.jpg,167978,f0bea4fe,\Gallery 56\08 - Stephany (3)\,{Shemale Yum Dvd03~G56~08-3~08 - Stephany (3)}
stephanyc3038.jpg,143432,292973ea,\Gallery 56\08 - Stephany (3)\,{Shemale Yum Dvd03~G56~08-3~08 - Stephany (3)}
stephanyc3039.jpg,133425,72f4d90b,\Gallery 56\08 - Stephany (3)\,{Shemale Yum Dvd03~G56~08-3~08 - Stephany (3)}
stephanyc3040.jpg,156760,e2054d78,\Gallery 56\08 - Stephany (3)\,{Shemale Yum Dvd03~G56~08-3~08 - Stephany (3)}
stephanyc3041.jpg,157784,ac507b2c,\Gallery 56\08 - Stephany (3)\,{Shemale Yum Dvd03~G56~08-3~08 - Stephany (3)}
stephanyc3042.jpg,127454,af457882,\Gallery 56\08 - Stephany (3)\,{Shemale Yum Dvd03~G56~08-3~08 - Stephany (3)}
stephanyc3043.jpg,118089,a4051120,\Gallery 56\08 - Stephany (3)\,{Shemale Yum Dvd03~G56~08-3~08 - Stephany (3)}
stephanyc3044.jpg,127787,b18fc6aa,\Gallery 56\08 - Stephany (3)\,{Shemale Yum Dvd03~G56~08-3~08 - Stephany (3)}
stephanyc3045.jpg,131011,7564501f,\Gallery 56\08 - Stephany (3)\,{Shemale Yum Dvd03~G56~08-3~08 - Stephany (3)}
stephanyc3046.jpg,121012,077035e0,\Gallery 56\08 - Stephany (3)\,{Shemale Yum Dvd03~G56~08-3~08 - Stephany (3)}
stephanyc3047.jpg,168302,7e39c14f,\Gallery 56\08 - Stephany (3)\,{Shemale Yum Dvd03~G56~08-3~08 - Stephany (3)}
stephanyc3048.jpg,154151,9c8c88c0,\Gallery 56\08 - Stephany (3)\,{Shemale Yum Dvd03~G56~08-3~08 - Stephany (3)}
stephanyc3049.jpg,109160,d3cf8f01,\Gallery 56\08 - Stephany (3)\,{Shemale Yum Dvd03~G56~08-3~08 - Stephany (3)}
stephanyc3050.jpg,119057,a772494b,\Gallery 56\08 - Stephany (3)\,{Shemale Yum Dvd03~G56~08-3~08 - Stephany (3)}
stephanyc3051.jpg,141799,fd13d8a8,\Gallery 56\08 - Stephany (3)\,{Shemale Yum Dvd03~G56~08-3~08 - Stephany (3)}
stephanyc3052.jpg,142843,da304bf2,\Gallery 56\08 - Stephany (3)\,{Shemale Yum Dvd03~G56~08-3~08 - Stephany (3)}
stephanyc3053.jpg,138536,d12ab863,\Gallery 56\08 - Stephany (3)\,{Shemale Yum Dvd03~G56~08-3~08 - Stephany (3)}
stephanyc3054.jpg,147901,1dcd3cac,\Gallery 56\08 - Stephany (3)\,{Shemale Yum Dvd03~G56~08-3~08 - Stephany (3)}
stephanyc3055.jpg,128922,efe96e21,\Gallery 56\08 - Stephany (3)\,{Shemale Yum Dvd03~G56~08-3~08 - Stephany (3)}
stephanyc3056.jpg,132755,59d673ca,\Gallery 56\08 - Stephany (3)\,{Shemale Yum Dvd03~G56~08-3~08 - Stephany (3)}
stephanyc3057.jpg,130042,763adf5c,\Gallery 56\08 - Stephany (3)\,{Shemale Yum Dvd03~G56~08-3~08 - Stephany (3)}
stephanyc3058.jpg,156303,aa419587,\Gallery 56\08 - Stephany (3)\,{Shemale Yum Dvd03~G56~08-3~08 - Stephany (3)}
stephanyc3059.jpg,192504,4e71f01c,\Gallery 56\08 - Stephany (3)\,{Shemale Yum Dvd03~G56~08-3~08 - Stephany (3)}
stephanyc3060.jpg,133976,15390902,\Gallery 56\08 - Stephany (3)\,{Shemale Yum Dvd03~G56~08-3~08 - Stephany (3)}
stephanyc3061.jpg,183723,47d85f9c,\Gallery 56\08 - Stephany (3)\,{Shemale Yum Dvd03~G56~08-3~08 - Stephany (3)}
stephanyc3062.jpg,128244,8999299c,\Gallery 56\08 - Stephany (3)\,{Shemale Yum Dvd03~G56~08-3~08 - Stephany (3)}
stephanyc3063.jpg,111938,ed8c1804,\Gallery 56\08 - Stephany (3)\,{Shemale Yum Dvd03~G56~08-3~08 - Stephany (3)}
stephanyc3064.jpg,112852,791247b7,\Gallery 56\08 - Stephany (3)\,{Shemale Yum Dvd03~G56~08-3~08 - Stephany (3)}
stephanyc3065.jpg,112008,159212f7,\Gallery 56\08 - Stephany (3)\,{Shemale Yum Dvd03~G56~08-3~08 - Stephany (3)}
stephanyc3066.jpg,102277,7d51e695,\Gallery 56\08 - Stephany (3)\,{Shemale Yum Dvd03~G56~08-3~08 - Stephany (3)}
stephanyc3067.jpg,112071,35f32e30,\Gallery 56\08 - Stephany (3)\,{Shemale Yum Dvd03~G56~08-3~08 - Stephany (3)}
stephanyc3068.jpg,105377,7833da71,\Gallery 56\08 - Stephany (3)\,{Shemale Yum Dvd03~G56~08-3~08 - Stephany (3)}
stephanyc3069.jpg,103827,664ff92a,\Gallery 56\08 - Stephany (3)\,{Shemale Yum Dvd03~G56~08-3~08 - Stephany (3)}
stephanyc3070.jpg,124049,99b7dea9,\Gallery 56\08 - Stephany (3)\,{Shemale Yum Dvd03~G56~08-3~08 - Stephany (3)}
stephanyc3071.jpg,135083,4f96dc75,\Gallery 56\08 - Stephany (3)\,{Shemale Yum Dvd03~G56~08-3~08 - Stephany (3)}
stephanyc3072.jpg,127041,90d116cf,\Gallery 56\08 - Stephany (3)\,{Shemale Yum Dvd03~G56~08-3~08 - Stephany (3)}
stephanyc3073.jpg,139994,c13c475b,\Gallery 56\08 - Stephany (3)\,{Shemale Yum Dvd03~G56~08-3~08 - Stephany (3)}
stephanyc3074.jpg,119488,4120d7b4,\Gallery 56\08 - Stephany (3)\,{Shemale Yum Dvd03~G56~08-3~08 - Stephany (3)}
stephanyc3075.jpg,117111,0582f239,\Gallery 56\08 - Stephany (3)\,{Shemale Yum Dvd03~G56~08-3~08 - Stephany (3)}
stephanyc3076.jpg,121282,405bdd4c,\Gallery 56\08 - Stephany (3)\,{Shemale Yum Dvd03~G56~08-3~08 - Stephany (3)}
stephanyc3077.jpg,99348,7d7360a8,\Gallery 56\08 - Stephany (3)\,{Shemale Yum Dvd03~G56~08-3~08 - Stephany (3)}
stephanyc3078.jpg,109741,9868e82c,\Gallery 56\08 - Stephany (3)\,{Shemale Yum Dvd03~G56~08-3~08 - Stephany (3)}
stephanyc3079.jpg,97806,97d68331,\Gallery 56\08 - Stephany (3)\,{Shemale Yum Dvd03~G56~08-3~08 - Stephany (3)}
stephanyc3080.jpg,112976,1be53c9c,\Gallery 56\08 - Stephany (3)\,{Shemale Yum Dvd03~G56~08-3~08 - Stephany (3)}
stephanyc3081.jpg,115506,c2c880c4,\Gallery 56\08 - Stephany (3)\,{Shemale Yum Dvd03~G56~08-3~08 - Stephany (3)}
stephanyc3082.jpg,94187,35ca93ea,\Gallery 56\08 - Stephany (3)\,{Shemale Yum Dvd03~G56~08-3~08 - Stephany (3)}
stephanyc3083.jpg,105025,957540ef,\Gallery 56\08 - Stephany (3)\,{Shemale Yum Dvd03~G56~08-3~08 - Stephany (3)}
stephanyc3084.jpg,96316,3cb24ce9,\Gallery 56\08 - Stephany (3)\,{Shemale Yum Dvd03~G56~08-3~08 - Stephany (3)}
stephanyc4001.jpg,140076,9e98d269,\Gallery 56\08 - Stephany (4)\,{Shemale Yum Dvd03~G56~08-4~08 - Stephany (4)}
stephanyc4002.jpg,131722,4b6d931d,\Gallery 56\08 - Stephany (4)\,{Shemale Yum Dvd03~G56~08-4~08 - Stephany (4)}
stephanyc4003.jpg,119001,75623a5f,\Gallery 56\08 - Stephany (4)\,{Shemale Yum Dvd03~G56~08-4~08 - Stephany (4)}
stephanyc4004.jpg,101508,d72d8869,\Gallery 56\08 - Stephany (4)\,{Shemale Yum Dvd03~G56~08-4~08 - Stephany (4)}
stephanyc4005.jpg,136376,4461f1f3,\Gallery 56\08 - Stephany (4)\,{Shemale Yum Dvd03~G56~08-4~08 - Stephany (4)}
stephanyc4006.jpg,151419,a4228c93,\Gallery 56\08 - Stephany (4)\,{Shemale Yum Dvd03~G56~08-4~08 - Stephany (4)}
stephanyc4007.jpg,122085,c98ceadc,\Gallery 56\08 - Stephany (4)\,{Shemale Yum Dvd03~G56~08-4~08 - Stephany (4)}
stephanyc4008.jpg,126325,e3ba02ed,\Gallery 56\08 - Stephany (4)\,{Shemale Yum Dvd03~G56~08-4~08 - Stephany (4)}
stephanyc4009.jpg,143181,0d822c92,\Gallery 56\08 - Stephany (4)\,{Shemale Yum Dvd03~G56~08-4~08 - Stephany (4)}
stephanyc4010.jpg,128188,ead32f69,\Gallery 56\08 - Stephany (4)\,{Shemale Yum Dvd03~G56~08-4~08 - Stephany (4)}
stephanyc4011.jpg,124588,7e926d40,\Gallery 56\08 - Stephany (4)\,{Shemale Yum Dvd03~G56~08-4~08 - Stephany (4)}
stephanyc4012.jpg,142569,12107da5,\Gallery 56\08 - Stephany (4)\,{Shemale Yum Dvd03~G56~08-4~08 - Stephany (4)}
stephanyc4013.jpg,129588,73d8f121,\Gallery 56\08 - Stephany (4)\,{Shemale Yum Dvd03~G56~08-4~08 - Stephany (4)}
stephanyc4014.jpg,138619,1e70a567,\Gallery 56\08 - Stephany (4)\,{Shemale Yum Dvd03~G56~08-4~08 - Stephany (4)}
stephanyc4015.jpg,142503,1a469a12,\Gallery 56\08 - Stephany (4)\,{Shemale Yum Dvd03~G56~08-4~08 - Stephany (4)}
stephanyc4016.jpg,136732,4c32ee34,\Gallery 56\08 - Stephany (4)\,{Shemale Yum Dvd03~G56~08-4~08 - Stephany (4)}
stephanyc4017.jpg,136651,ffdb6fd2,\Gallery 56\08 - Stephany (4)\,{Shemale Yum Dvd03~G56~08-4~08 - Stephany (4)}
stephanyc4018.jpg,140075,42863005,\Gallery 56\08 - Stephany (4)\,{Shemale Yum Dvd03~G56~08-4~08 - Stephany (4)}
stephanyc4019.jpg,134303,560ed528,\Gallery 56\08 - Stephany (4)\,{Shemale Yum Dvd03~G56~08-4~08 - Stephany (4)}
stephanyc4020.jpg,152552,e103770e,\Gallery 56\08 - Stephany (4)\,{Shemale Yum Dvd03~G56~08-4~08 - Stephany (4)}
stephanyc4021.jpg,130930,20520955,\Gallery 56\08 - Stephany (4)\,{Shemale Yum Dvd03~G56~08-4~08 - Stephany (4)}
stephanyc4022.jpg,129755,0e420fa5,\Gallery 56\08 - Stephany (4)\,{Shemale Yum Dvd03~G56~08-4~08 - Stephany (4)}
stephanyc4023.jpg,134334,6df9db57,\Gallery 56\08 - Stephany (4)\,{Shemale Yum Dvd03~G56~08-4~08 - Stephany (4)}
stephanyc4024.jpg,137842,79a13548,\Gallery 56\08 - Stephany (4)\,{Shemale Yum Dvd03~G56~08-4~08 - Stephany (4)}
stephanyc4025.jpg,141257,079b6338,\Gallery 56\08 - Stephany (4)\,{Shemale Yum Dvd03~G56~08-4~08 - Stephany (4)}
stephanyc4026.jpg,141236,d53fc9d0,\Gallery 56\08 - Stephany (4)\,{Shemale Yum Dvd03~G56~08-4~08 - Stephany (4)}
stephanyc4027.jpg,132520,602c711c,\Gallery 56\08 - Stephany (4)\,{Shemale Yum Dvd03~G56~08-4~08 - Stephany (4)}
stephanyc4028.jpg,116528,0b4d97a1,\Gallery 56\08 - Stephany (4)\,{Shemale Yum Dvd03~G56~08-4~08 - Stephany (4)}
stephanyc4029.jpg,132952,c3417424,\Gallery 56\08 - Stephany (4)\,{Shemale Yum Dvd03~G56~08-4~08 - Stephany (4)}
stephanyc4030.jpg,130704,2aee2ec9,\Gallery 56\08 - Stephany (4)\,{Shemale Yum Dvd03~G56~08-4~08 - Stephany (4)}
stephanyc4031.jpg,123137,ae4aab32,\Gallery 56\08 - Stephany (4)\,{Shemale Yum Dvd03~G56~08-4~08 - Stephany (4)}
stephanyc4032.jpg,125486,422fe950,\Gallery 56\08 - Stephany (4)\,{Shemale Yum Dvd03~G56~08-4~08 - Stephany (4)}
stephanyc4033.jpg,134872,5315e905,\Gallery 56\08 - Stephany (4)\,{Shemale Yum Dvd03~G56~08-4~08 - Stephany (4)}
stephanyc4034.jpg,143935,243ee9a5,\Gallery 56\08 - Stephany (4)\,{Shemale Yum Dvd03~G56~08-4~08 - Stephany (4)}
stephanyc4035.jpg,149564,fe752275,\Gallery 56\08 - Stephany (4)\,{Shemale Yum Dvd03~G56~08-4~08 - Stephany (4)}
stephanyc4036.jpg,113711,c05edd07,\Gallery 56\08 - Stephany (4)\,{Shemale Yum Dvd03~G56~08-4~08 - Stephany (4)}
stephanyc4037.jpg,102521,36acaeaa,\Gallery 56\08 - Stephany (4)\,{Shemale Yum Dvd03~G56~08-4~08 - Stephany (4)}
stephanyc4038.jpg,130333,fd45355b,\Gallery 56\08 - Stephany (4)\,{Shemale Yum Dvd03~G56~08-4~08 - Stephany (4)}
stephanyc4039.jpg,141422,1affb1ca,\Gallery 56\08 - Stephany (4)\,{Shemale Yum Dvd03~G56~08-4~08 - Stephany (4)}
stephanyc4040.jpg,142702,fefdcbf9,\Gallery 56\08 - Stephany (4)\,{Shemale Yum Dvd03~G56~08-4~08 - Stephany (4)}
stephanyc4041.jpg,121260,bf812a43,\Gallery 56\08 - Stephany (4)\,{Shemale Yum Dvd03~G56~08-4~08 - Stephany (4)}
stephanyc4042.jpg,126652,359065ab,\Gallery 56\08 - Stephany (4)\,{Shemale Yum Dvd03~G56~08-4~08 - Stephany (4)}
stephanyc4043.jpg,136636,6319b798,\Gallery 56\08 - Stephany (4)\,{Shemale Yum Dvd03~G56~08-4~08 - Stephany (4)}
stephanyc4044.jpg,123312,90ac9547,\Gallery 56\08 - Stephany (4)\,{Shemale Yum Dvd03~G56~08-4~08 - Stephany (4)}
stephanyc4045.jpg,130338,df182a45,\Gallery 56\08 - Stephany (4)\,{Shemale Yum Dvd03~G56~08-4~08 - Stephany (4)}
stephanyc4046.jpg,137676,046f690c,\Gallery 56\08 - Stephany (4)\,{Shemale Yum Dvd03~G56~08-4~08 - Stephany (4)}
stephanyc4047.jpg,127199,149bf7fe,\Gallery 56\08 - Stephany (4)\,{Shemale Yum Dvd03~G56~08-4~08 - Stephany (4)}
stephanyc4048.jpg,123843,10cb9080,\Gallery 56\08 - Stephany (4)\,{Shemale Yum Dvd03~G56~08-4~08 - Stephany (4)}
stephanyc4049.jpg,124922,7abdb7ae,\Gallery 56\08 - Stephany (4)\,{Shemale Yum Dvd03~G56~08-4~08 - Stephany (4)}
stephanyc4050.jpg,122064,b4b340ef,\Gallery 56\08 - Stephany (4)\,{Shemale Yum Dvd03~G56~08-4~08 - Stephany (4)}
stephanyc4051.jpg,132849,92def89c,\Gallery 56\08 - Stephany (4)\,{Shemale Yum Dvd03~G56~08-4~08 - Stephany (4)}
stephanyc4052.jpg,128832,69f6d5f8,\Gallery 56\08 - Stephany (4)\,{Shemale Yum Dvd03~G56~08-4~08 - Stephany (4)}
stephanyc4053.jpg,92125,8daacb6e,\Gallery 56\08 - Stephany (4)\,{Shemale Yum Dvd03~G56~08-4~08 - Stephany (4)}
stephanyc4054.jpg,107313,c2e0fe70,\Gallery 56\08 - Stephany (4)\,{Shemale Yum Dvd03~G56~08-4~08 - Stephany (4)}
stephanyc4055.jpg,90429,ec6efd10,\Gallery 56\08 - Stephany (4)\,{Shemale Yum Dvd03~G56~08-4~08 - Stephany (4)}
stephanyc4056.jpg,116562,7856d99f,\Gallery 56\08 - Stephany (4)\,{Shemale Yum Dvd03~G56~08-4~08 - Stephany (4)}
stephanyc4057.jpg,124182,984e6196,\Gallery 56\08 - Stephany (4)\,{Shemale Yum Dvd03~G56~08-4~08 - Stephany (4)}
stephanyc4058.jpg,169860,e2bf3141,\Gallery 56\08 - Stephany (4)\,{Shemale Yum Dvd03~G56~08-4~08 - Stephany (4)}
stephanyc4059.jpg,118649,b0504f2b,\Gallery 56\08 - Stephany (4)\,{Shemale Yum Dvd03~G56~08-4~08 - Stephany (4)}
stephanyc4060.jpg,111541,f091f559,\Gallery 56\08 - Stephany (4)\,{Shemale Yum Dvd03~G56~08-4~08 - Stephany (4)}
stephanyc4061.jpg,117369,4c722d86,\Gallery 56\08 - Stephany (4)\,{Shemale Yum Dvd03~G56~08-4~08 - Stephany (4)}
stephanyc4062.jpg,107078,a1f229af,\Gallery 56\08 - Stephany (4)\,{Shemale Yum Dvd03~G56~08-4~08 - Stephany (4)}
stephanyc4063.jpg,87693,a5b84d13,\Gallery 56\08 - Stephany (4)\,{Shemale Yum Dvd03~G56~08-4~08 - Stephany (4)}
stephanyc4064.jpg,82059,d817cf0e,\Gallery 56\08 - Stephany (4)\,{Shemale Yum Dvd03~G56~08-4~08 - Stephany (4)}
stephanyc4065.jpg,98112,95123a72,\Gallery 56\08 - Stephany (4)\,{Shemale Yum Dvd03~G56~08-4~08 - Stephany (4)}
stephanyc4066.jpg,108411,4d2ee2ba,\Gallery 56\08 - Stephany (4)\,{Shemale Yum Dvd03~G56~08-4~08 - Stephany (4)}
stephanyc4067.jpg,123585,f61e7658,\Gallery 56\08 - Stephany (4)\,{Shemale Yum Dvd03~G56~08-4~08 - Stephany (4)}
stephanyc4068.jpg,95310,711cd301,\Gallery 56\08 - Stephany (4)\,{Shemale Yum Dvd03~G56~08-4~08 - Stephany (4)}
stephanyc4069.jpg,124328,0a8675a8,\Gallery 56\08 - Stephany (4)\,{Shemale Yum Dvd03~G56~08-4~08 - Stephany (4)}
stephanyc4070.jpg,90610,57da384a,\Gallery 56\08 - Stephany (4)\,{Shemale Yum Dvd03~G56~08-4~08 - Stephany (4)}
stephanyc4071.jpg,96051,433f70b7,\Gallery 56\08 - Stephany (4)\,{Shemale Yum Dvd03~G56~08-4~08 - Stephany (4)}
stephanyc4072.jpg,135856,182bd942,\Gallery 56\08 - Stephany (4)\,{Shemale Yum Dvd03~G56~08-4~08 - Stephany (4)}
stephanyc4073.jpg,137286,f130c290,\Gallery 56\08 - Stephany (4)\,{Shemale Yum Dvd03~G56~08-4~08 - Stephany (4)}
stephanyc4074.jpg,159550,0c5b6300,\Gallery 56\08 - Stephany (4)\,{Shemale Yum Dvd03~G56~08-4~08 - Stephany (4)}
stephanyc4075.jpg,182002,e138c2dc,\Gallery 56\08 - Stephany (4)\,{Shemale Yum Dvd03~G56~08-4~08 - Stephany (4)}
stephanyc4076.jpg,186055,3daa88e6,\Gallery 56\08 - Stephany (4)\,{Shemale Yum Dvd03~G56~08-4~08 - Stephany (4)}
stephanyc4077.jpg,182071,171b0d14,\Gallery 56\08 - Stephany (4)\,{Shemale Yum Dvd03~G56~08-4~08 - Stephany (4)}
stephanyc4078.jpg,178916,8147ed83,\Gallery 56\08 - Stephany (4)\,{Shemale Yum Dvd03~G56~08-4~08 - Stephany (4)}
stephanyc4079.jpg,160729,b6d755e8,\Gallery 56\08 - Stephany (4)\,{Shemale Yum Dvd03~G56~08-4~08 - Stephany (4)}
stephanyc4080.jpg,173165,302a68f3,\Gallery 56\08 - Stephany (4)\,{Shemale Yum Dvd03~G56~08-4~08 - Stephany (4)}
stephanyc4081.jpg,163011,09978b7f,\Gallery 56\08 - Stephany (4)\,{Shemale Yum Dvd03~G56~08-4~08 - Stephany (4)}
stephanyc4082.jpg,140208,59e9ccbc,\Gallery 56\08 - Stephany (4)\,{Shemale Yum Dvd03~G56~08-4~08 - Stephany (4)}
stephanyc4083.jpg,121403,23f6d8a2,\Gallery 56\08 - Stephany (4)\,{Shemale Yum Dvd03~G56~08-4~08 - Stephany (4)}
stephanyc4084.jpg,132058,7c641fbb,\Gallery 56\08 - Stephany (4)\,{Shemale Yum Dvd03~G56~08-4~08 - Stephany (4)}
stephanyc4085.jpg,129078,8fac6114,\Gallery 56\08 - Stephany (4)\,{Shemale Yum Dvd03~G56~08-4~08 - Stephany (4)}
stephanyc4086.jpg,137802,1cb0a434,\Gallery 56\08 - Stephany (4)\,{Shemale Yum Dvd03~G56~08-4~08 - Stephany (4)}
stephanyc4087.jpg,138668,d07d434c,\Gallery 56\08 - Stephany (4)\,{Shemale Yum Dvd03~G56~08-4~08 - Stephany (4)}
stephanyc4088.jpg,106527,a2ff6fd9,\Gallery 56\08 - Stephany (4)\,{Shemale Yum Dvd03~G56~08-4~08 - Stephany (4)}
stephanyc4089.jpg,108765,f6a72cf3,\Gallery 56\08 - Stephany (4)\,{Shemale Yum Dvd03~G56~08-4~08 - Stephany (4)}
stephanyc4090.jpg,121922,42a8b4db,\Gallery 56\08 - Stephany (4)\,{Shemale Yum Dvd03~G56~08-4~08 - Stephany (4)}
stephanyc4091.jpg,109112,5661a4bc,\Gallery 56\08 - Stephany (4)\,{Shemale Yum Dvd03~G56~08-4~08 - Stephany (4)}
stephanyc4092.jpg,116426,a187ca11,\Gallery 56\08 - Stephany (4)\,{Shemale Yum Dvd03~G56~08-4~08 - Stephany (4)}
toni001.jpg,182639,c8e7b285,\Gallery 56\09 - Toni\,{Shemale Yum Dvd03~G56~09~09 - Toni}
toni002.jpg,156051,714bea3c,\Gallery 56\09 - Toni\,{Shemale Yum Dvd03~G56~09~09 - Toni}
toni003.jpg,151455,e5523e4a,\Gallery 56\09 - Toni\,{Shemale Yum Dvd03~G56~09~09 - Toni}
toni004.jpg,113336,897ceafe,\Gallery 56\09 - Toni\,{Shemale Yum Dvd03~G56~09~09 - Toni}
toni005.jpg,127885,228161d2,\Gallery 56\09 - Toni\,{Shemale Yum Dvd03~G56~09~09 - Toni}
toni006.jpg,131577,eef3637b,\Gallery 56\09 - Toni\,{Shemale Yum Dvd03~G56~09~09 - Toni}
toni007.jpg,149641,2becf0e1,\Gallery 56\09 - Toni\,{Shemale Yum Dvd03~G56~09~09 - Toni}
toni008.jpg,153657,d276151d,\Gallery 56\09 - Toni\,{Shemale Yum Dvd03~G56~09~09 - Toni}
toni009.jpg,153062,e8ec2500,\Gallery 56\09 - Toni\,{Shemale Yum Dvd03~G56~09~09 - Toni}
toni010.jpg,139415,a2254e18,\Gallery 56\09 - Toni\,{Shemale Yum Dvd03~G56~09~09 - Toni}
toni011.jpg,151520,7e0aa0c7,\Gallery 56\09 - Toni\,{Shemale Yum Dvd03~G56~09~09 - Toni}
toni012.jpg,139102,2f0445c3,\Gallery 56\09 - Toni\,{Shemale Yum Dvd03~G56~09~09 - Toni}
toni013.jpg,127450,4c638267,\Gallery 56\09 - Toni\,{Shemale Yum Dvd03~G56~09~09 - Toni}
toni014.jpg,172131,3c3b5fbd,\Gallery 56\09 - Toni\,{Shemale Yum Dvd03~G56~09~09 - Toni}
toni015.jpg,143918,f77e982e,\Gallery 56\09 - Toni\,{Shemale Yum Dvd03~G56~09~09 - Toni}
toni016.jpg,134033,459b2ea9,\Gallery 56\09 - Toni\,{Shemale Yum Dvd03~G56~09~09 - Toni}
toni017.jpg,143287,d1226044,\Gallery 56\09 - Toni\,{Shemale Yum Dvd03~G56~09~09 - Toni}
toni018.jpg,142239,0ed7c17b,\Gallery 56\09 - Toni\,{Shemale Yum Dvd03~G56~09~09 - Toni}
toni019.jpg,143146,c4d212b5,\Gallery 56\09 - Toni\,{Shemale Yum Dvd03~G56~09~09 - Toni}
toni020.jpg,144190,e9daf5c2,\Gallery 56\09 - Toni\,{Shemale Yum Dvd03~G56~09~09 - Toni}
toni021.jpg,169597,7b16dd50,\Gallery 56\09 - Toni\,{Shemale Yum Dvd03~G56~09~09 - Toni}
toni022.jpg,172875,75a3334d,\Gallery 56\09 - Toni\,{Shemale Yum Dvd03~G56~09~09 - Toni}
toni023.jpg,162914,fff68d04,\Gallery 56\09 - Toni\,{Shemale Yum Dvd03~G56~09~09 - Toni}
toni024.jpg,169889,f4c349a5,\Gallery 56\09 - Toni\,{Shemale Yum Dvd03~G56~09~09 - Toni}
toni025.jpg,241999,2c31b0f7,\Gallery 56\09 - Toni\,{Shemale Yum Dvd03~G56~09~09 - Toni}
toni026.jpg,213640,a4b8ac83,\Gallery 56\09 - Toni\,{Shemale Yum Dvd03~G56~09~09 - Toni}
toni027.jpg,171703,35597f99,\Gallery 56\09 - Toni\,{Shemale Yum Dvd03~G56~09~09 - Toni}
toni028.jpg,173707,2fb8d149,\Gallery 56\09 - Toni\,{Shemale Yum Dvd03~G56~09~09 - Toni}
toni029.jpg,157814,30590f6f,\Gallery 56\09 - Toni\,{Shemale Yum Dvd03~G56~09~09 - Toni}
toni030.jpg,224009,3631bc65,\Gallery 56\09 - Toni\,{Shemale Yum Dvd03~G56~09~09 - Toni}
toni031.jpg,175878,cae88e9b,\Gallery 56\09 - Toni\,{Shemale Yum Dvd03~G56~09~09 - Toni}
toni032.jpg,212501,8ba457e6,\Gallery 56\09 - Toni\,{Shemale Yum Dvd03~G56~09~09 - Toni}
toni033.jpg,221682,a9cda4ae,\Gallery 56\09 - Toni\,{Shemale Yum Dvd03~G56~09~09 - Toni}
toni034.jpg,216431,c128fa23,\Gallery 56\09 - Toni\,{Shemale Yum Dvd03~G56~09~09 - Toni}
toni035.jpg,176716,2e6aa080,\Gallery 56\09 - Toni\,{Shemale Yum Dvd03~G56~09~09 - Toni}
toni036.jpg,168689,5c57d3da,\Gallery 56\09 - Toni\,{Shemale Yum Dvd03~G56~09~09 - Toni}
toni037.jpg,157618,f5e2e14e,\Gallery 56\09 - Toni\,{Shemale Yum Dvd03~G56~09~09 - Toni}
toni038.jpg,173326,fbc50ce6,\Gallery 56\09 - Toni\,{Shemale Yum Dvd03~G56~09~09 - Toni}
toni039.jpg,151689,562592f9,\Gallery 56\09 - Toni\,{Shemale Yum Dvd03~G56~09~09 - Toni}
toni040.jpg,174964,b8dc0bf6,\Gallery 56\09 - Toni\,{Shemale Yum Dvd03~G56~09~09 - Toni}
toni041.jpg,166952,5615f2b2,\Gallery 56\09 - Toni\,{Shemale Yum Dvd03~G56~09~09 - Toni}
toni042.jpg,195459,9b0de004,\Gallery 56\09 - Toni\,{Shemale Yum Dvd03~G56~09~09 - Toni}
toni043.jpg,185638,f93a83ae,\Gallery 56\09 - Toni\,{Shemale Yum Dvd03~G56~09~09 - Toni}
toni044.jpg,166866,d55ee16f,\Gallery 56\09 - Toni\,{Shemale Yum Dvd03~G56~09~09 - Toni}
toni045.jpg,168115,913453e9,\Gallery 56\09 - Toni\,{Shemale Yum Dvd03~G56~09~09 - Toni}
toni046.jpg,167573,570815a2,\Gallery 56\09 - Toni\,{Shemale Yum Dvd03~G56~09~09 - Toni}
toni047.jpg,202042,d88e850c,\Gallery 56\09 - Toni\,{Shemale Yum Dvd03~G56~09~09 - Toni}
toni048.jpg,169349,3524b4a5,\Gallery 56\09 - Toni\,{Shemale Yum Dvd03~G56~09~09 - Toni}
toni049.jpg,169077,1a71a0f5,\Gallery 56\09 - Toni\,{Shemale Yum Dvd03~G56~09~09 - Toni}
toni050.jpg,162056,ece4c4d2,\Gallery 56\09 - Toni\,{Shemale Yum Dvd03~G56~09~09 - Toni}
toni051.jpg,162472,99ffafbe,\Gallery 56\09 - Toni\,{Shemale Yum Dvd03~G56~09~09 - Toni}
toni052.jpg,156360,f035624d,\Gallery 56\09 - Toni\,{Shemale Yum Dvd03~G56~09~09 - Toni}
toni053.jpg,211539,b7ac650b,\Gallery 56\09 - Toni\,{Shemale Yum Dvd03~G56~09~09 - Toni}
toni054.jpg,213886,4921e61b,\Gallery 56\09 - Toni\,{Shemale Yum Dvd03~G56~09~09 - Toni}
toni055.jpg,180541,4f45c47e,\Gallery 56\09 - Toni\,{Shemale Yum Dvd03~G56~09~09 - Toni}
toni056.jpg,198427,9009ca48,\Gallery 56\09 - Toni\,{Shemale Yum Dvd03~G56~09~09 - Toni}
toni057.jpg,189825,0238caa7,\Gallery 56\09 - Toni\,{Shemale Yum Dvd03~G56~09~09 - Toni}
toni058.jpg,195349,ea30625d,\Gallery 56\09 - Toni\,{Shemale Yum Dvd03~G56~09~09 - Toni}
toni059.jpg,205758,8b8b6506,\Gallery 56\09 - Toni\,{Shemale Yum Dvd03~G56~09~09 - Toni}
toni060.jpg,233499,bfb54bc0,\Gallery 56\09 - Toni\,{Shemale Yum Dvd03~G56~09~09 - Toni}
toni061.jpg,210434,ceb8fc92,\Gallery 56\09 - Toni\,{Shemale Yum Dvd03~G56~09~09 - Toni}
toni062.jpg,162244,4103e0d1,\Gallery 56\09 - Toni\,{Shemale Yum Dvd03~G56~09~09 - Toni}
toni063.jpg,167275,5c29e5e8,\Gallery 56\09 - Toni\,{Shemale Yum Dvd03~G56~09~09 - Toni}
toni064.jpg,143680,8c9015b6,\Gallery 56\09 - Toni\,{Shemale Yum Dvd03~G56~09~09 - Toni}
toni065.jpg,216206,0672cb1c,\Gallery 56\09 - Toni\,{Shemale Yum Dvd03~G56~09~09 - Toni}
toni066.jpg,159118,47443171,\Gallery 56\09 - Toni\,{Shemale Yum Dvd03~G56~09~09 - Toni}
toni067.jpg,152729,9d2b68ad,\Gallery 56\09 - Toni\,{Shemale Yum Dvd03~G56~09~09 - Toni}
toni068.jpg,157016,8bc5761a,\Gallery 56\09 - Toni\,{Shemale Yum Dvd03~G56~09~09 - Toni}
toni069.jpg,150582,0012142a,\Gallery 56\09 - Toni\,{Shemale Yum Dvd03~G56~09~09 - Toni}
toni070.jpg,153823,c5b8c132,\Gallery 56\09 - Toni\,{Shemale Yum Dvd03~G56~09~09 - Toni}
toni071.jpg,165907,f7764a5a,\Gallery 56\09 - Toni\,{Shemale Yum Dvd03~G56~09~09 - Toni}
toni072.jpg,126967,d3f1d69a,\Gallery 56\09 - Toni\,{Shemale Yum Dvd03~G56~09~09 - Toni}
toni073.jpg,133539,a3862508,\Gallery 56\09 - Toni\,{Shemale Yum Dvd03~G56~09~09 - Toni}
toni074.jpg,136474,a09413db,\Gallery 56\09 - Toni\,{Shemale Yum Dvd03~G56~09~09 - Toni}
toni075.jpg,154375,bdb424b1,\Gallery 56\09 - Toni\,{Shemale Yum Dvd03~G56~09~09 - Toni}
toni076.jpg,152613,d41e3ff2,\Gallery 56\09 - Toni\,{Shemale Yum Dvd03~G56~09~09 - Toni}
toni077.jpg,183934,67b83429,\Gallery 56\09 - Toni\,{Shemale Yum Dvd03~G56~09~09 - Toni}
toni078.jpg,153152,a6b556bb,\Gallery 56\09 - Toni\,{Shemale Yum Dvd03~G56~09~09 - Toni}
toni079.jpg,164030,f386a9c1,\Gallery 56\09 - Toni\,{Shemale Yum Dvd03~G56~09~09 - Toni}
toni080.jpg,142006,5753691d,\Gallery 56\09 - Toni\,{Shemale Yum Dvd03~G56~09~09 - Toni}
toni081.jpg,128248,be917fa9,\Gallery 56\09 - Toni\,{Shemale Yum Dvd03~G56~09~09 - Toni}
toni082.jpg,137904,574f5789,\Gallery 56\09 - Toni\,{Shemale Yum Dvd03~G56~09~09 - Toni}
toni083.jpg,122309,576c449f,\Gallery 56\09 - Toni\,{Shemale Yum Dvd03~G56~09~09 - Toni}
toni084.jpg,123811,0d665e05,\Gallery 56\09 - Toni\,{Shemale Yum Dvd03~G56~09~09 - Toni}
toni085.jpg,126678,31c6f867,\Gallery 56\09 - Toni\,{Shemale Yum Dvd03~G56~09~09 - Toni}
toni086.jpg,153976,4d04bb93,\Gallery 56\09 - Toni\,{Shemale Yum Dvd03~G56~09~09 - Toni}
toni087.jpg,164842,8c270db2,\Gallery 56\09 - Toni\,{Shemale Yum Dvd03~G56~09~09 - Toni}
toni088.jpg,179217,fb122b04,\Gallery 56\09 - Toni\,{Shemale Yum Dvd03~G56~09~09 - Toni}
toni089.jpg,151849,42c2e11b,\Gallery 56\09 - Toni\,{Shemale Yum Dvd03~G56~09~09 - Toni}
toni090.jpg,179073,d28f2665,\Gallery 56\09 - Toni\,{Shemale Yum Dvd03~G56~09~09 - Toni}
toni091.jpg,163105,36276560,\Gallery 56\09 - Toni\,{Shemale Yum Dvd03~G56~09~09 - Toni}
toni092.jpg,227414,fb207b63,\Gallery 56\09 - Toni\,{Shemale Yum Dvd03~G56~09~09 - Toni}
toni093.jpg,155165,54165e84,\Gallery 56\09 - Toni\,{Shemale Yum Dvd03~G56~09~09 - Toni}
toni094.jpg,167272,5f4ebd1a,\Gallery 56\09 - Toni\,{Shemale Yum Dvd03~G56~09~09 - Toni}
toni095.jpg,151780,85cb91e2,\Gallery 56\09 - Toni\,{Shemale Yum Dvd03~G56~09~09 - Toni}
toni096.jpg,155252,07392a48,\Gallery 56\09 - Toni\,{Shemale Yum Dvd03~G56~09~09 - Toni}
toni097.jpg,222438,4d440349,\Gallery 56\09 - Toni\,{Shemale Yum Dvd03~G56~09~09 - Toni}
toni098.jpg,185459,fb23f602,\Gallery 56\09 - Toni\,{Shemale Yum Dvd03~G56~09~09 - Toni}
toni099.jpg,150780,293bef38,\Gallery 56\09 - Toni\,{Shemale Yum Dvd03~G56~09~09 - Toni}
toni100.jpg,155539,611d291c,\Gallery 56\09 - Toni\,{Shemale Yum Dvd03~G56~09~09 - Toni}
toni101.jpg,242645,6f693d83,\Gallery 56\09 - Toni\,{Shemale Yum Dvd03~G56~09~09 - Toni}
toni102.jpg,179475,973dd7c4,\Gallery 56\09 - Toni\,{Shemale Yum Dvd03~G56~09~09 - Toni}
toni103.jpg,181326,1ef6ac39,\Gallery 56\09 - Toni\,{Shemale Yum Dvd03~G56~09~09 - Toni}
toni104.jpg,194784,4169cfbe,\Gallery 56\09 - Toni\,{Shemale Yum Dvd03~G56~09~09 - Toni}
toni105.jpg,164808,77e6d3ec,\Gallery 56\09 - Toni\,{Shemale Yum Dvd03~G56~09~09 - Toni}
toni107.jpg,205314,49a0a25b,\Gallery 56\09 - Toni\,{Shemale Yum Dvd03~G56~09~09 - Toni}
toni108.jpg,170837,a375d28b,\Gallery 56\09 - Toni\,{Shemale Yum Dvd03~G56~09~09 - Toni}
toni109.jpg,186314,75bd7d75,\Gallery 56\09 - Toni\,{Shemale Yum Dvd03~G56~09~09 - Toni}
toni110.jpg,187509,8394f1b2,\Gallery 56\09 - Toni\,{Shemale Yum Dvd03~G56~09~09 - Toni}
toni111.jpg,153474,b5f8597e,\Gallery 56\09 - Toni\,{Shemale Yum Dvd03~G56~09~09 - Toni}
toni112.jpg,179324,c58cdf89,\Gallery 56\09 - Toni\,{Shemale Yum Dvd03~G56~09~09 - Toni}
toni113.jpg,170897,13ac8a7d,\Gallery 56\09 - Toni\,{Shemale Yum Dvd03~G56~09~09 - Toni}
toni114.jpg,170328,b5da19f7,\Gallery 56\09 - Toni\,{Shemale Yum Dvd03~G56~09~09 - Toni}
toni115.jpg,178757,84ef8bae,\Gallery 56\09 - Toni\,{Shemale Yum Dvd03~G56~09~09 - Toni}
toni116.jpg,173251,b0895abb,\Gallery 56\09 - Toni\,{Shemale Yum Dvd03~G56~09~09 - Toni}
toni117.jpg,227221,0452ed74,\Gallery 56\09 - Toni\,{Shemale Yum Dvd03~G56~09~09 - Toni}
toni118.jpg,156820,e4bd0ea0,\Gallery 56\09 - Toni\,{Shemale Yum Dvd03~G56~09~09 - Toni}
tonib2001.jpg,166424,dd5d57cf,\Gallery 56\09 - Toni (2)\,{Shemale Yum Dvd03~G56~09-2~09 - Toni (2)}
tonib2002.jpg,147958,9c50fbfc,\Gallery 56\09 - Toni (2)\,{Shemale Yum Dvd03~G56~09-2~09 - Toni (2)}
tonib2003.jpg,206330,92408a41,\Gallery 56\09 - Toni (2)\,{Shemale Yum Dvd03~G56~09-2~09 - Toni (2)}
tonib2004.jpg,167566,e2a14adc,\Gallery 56\09 - Toni (2)\,{Shemale Yum Dvd03~G56~09-2~09 - Toni (2)}
tonib2005.jpg,165111,4bf14619,\Gallery 56\09 - Toni (2)\,{Shemale Yum Dvd03~G56~09-2~09 - Toni (2)}
tonib2006.jpg,186659,386b6225,\Gallery 56\09 - Toni (2)\,{Shemale Yum Dvd03~G56~09-2~09 - Toni (2)}
tonib2007.jpg,188447,148274e5,\Gallery 56\09 - Toni (2)\,{Shemale Yum Dvd03~G56~09-2~09 - Toni (2)}
tonib2008.jpg,234781,4a9142ce,\Gallery 56\09 - Toni (2)\,{Shemale Yum Dvd03~G56~09-2~09 - Toni (2)}
tonib2009.jpg,212187,8fcd852d,\Gallery 56\09 - Toni (2)\,{Shemale Yum Dvd03~G56~09-2~09 - Toni (2)}
tonib2010.jpg,248797,bd2ee2ae,\Gallery 56\09 - Toni (2)\,{Shemale Yum Dvd03~G56~09-2~09 - Toni (2)}
tonib2011.jpg,298796,04592e44,\Gallery 56\09 - Toni (2)\,{Shemale Yum Dvd03~G56~09-2~09 - Toni (2)}
tonib2012.jpg,259088,6db0c51c,\Gallery 56\09 - Toni (2)\,{Shemale Yum Dvd03~G56~09-2~09 - Toni (2)}
tonib2013.jpg,202349,e9e5aeea,\Gallery 56\09 - Toni (2)\,{Shemale Yum Dvd03~G56~09-2~09 - Toni (2)}
tonib2014.jpg,184479,3abd00bd,\Gallery 56\09 - Toni (2)\,{Shemale Yum Dvd03~G56~09-2~09 - Toni (2)}
tonib2015.jpg,166103,6b1ed37d,\Gallery 56\09 - Toni (2)\,{Shemale Yum Dvd03~G56~09-2~09 - Toni (2)}
tonib2016.jpg,164789,3017b30e,\Gallery 56\09 - Toni (2)\,{Shemale Yum Dvd03~G56~09-2~09 - Toni (2)}
tonib2017.jpg,192309,7cc4f6f2,\Gallery 56\09 - Toni (2)\,{Shemale Yum Dvd03~G56~09-2~09 - Toni (2)}
tonib2018.jpg,192360,365cc7fa,\Gallery 56\09 - Toni (2)\,{Shemale Yum Dvd03~G56~09-2~09 - Toni (2)}
tonib2019.jpg,187895,caaec67c,\Gallery 56\09 - Toni (2)\,{Shemale Yum Dvd03~G56~09-2~09 - Toni (2)}
tonib2020.jpg,189223,c7a5effd,\Gallery 56\09 - Toni (2)\,{Shemale Yum Dvd03~G56~09-2~09 - Toni (2)}
tonib2021.jpg,187423,849bf20d,\Gallery 56\09 - Toni (2)\,{Shemale Yum Dvd03~G56~09-2~09 - Toni (2)}
tonib2022.jpg,193508,37094590,\Gallery 56\09 - Toni (2)\,{Shemale Yum Dvd03~G56~09-2~09 - Toni (2)}
tonib2023.jpg,188457,0d35000f,\Gallery 56\09 - Toni (2)\,{Shemale Yum Dvd03~G56~09-2~09 - Toni (2)}
tonib2024.jpg,195770,be49687b,\Gallery 56\09 - Toni (2)\,{Shemale Yum Dvd03~G56~09-2~09 - Toni (2)}
tonib2025.jpg,180359,a85870b5,\Gallery 56\09 - Toni (2)\,{Shemale Yum Dvd03~G56~09-2~09 - Toni (2)}
tonib2026.jpg,166194,2f6e10cd,\Gallery 56\09 - Toni (2)\,{Shemale Yum Dvd03~G56~09-2~09 - Toni (2)}
tonib2027.jpg,149297,a06c09f6,\Gallery 56\09 - Toni (2)\,{Shemale Yum Dvd03~G56~09-2~09 - Toni (2)}
tonib2028.jpg,142531,46ba47a1,\Gallery 56\09 - Toni (2)\,{Shemale Yum Dvd03~G56~09-2~09 - Toni (2)}
tonib2029.jpg,170862,a0f62034,\Gallery 56\09 - Toni (2)\,{Shemale Yum Dvd03~G56~09-2~09 - Toni (2)}
tonib2030.jpg,135332,be7ab238,\Gallery 56\09 - Toni (2)\,{Shemale Yum Dvd03~G56~09-2~09 - Toni (2)}
tonib2031.jpg,167999,294d8995,\Gallery 56\09 - Toni (2)\,{Shemale Yum Dvd03~G56~09-2~09 - Toni (2)}
tonib2032.jpg,177104,e140d6b5,\Gallery 56\09 - Toni (2)\,{Shemale Yum Dvd03~G56~09-2~09 - Toni (2)}
tonib2033.jpg,212444,27d05299,\Gallery 56\09 - Toni (2)\,{Shemale Yum Dvd03~G56~09-2~09 - Toni (2)}
tonib2034.jpg,227876,22e17467,\Gallery 56\09 - Toni (2)\,{Shemale Yum Dvd03~G56~09-2~09 - Toni (2)}
tonib2035.jpg,198768,4b8beed4,\Gallery 56\09 - Toni (2)\,{Shemale Yum Dvd03~G56~09-2~09 - Toni (2)}
tonib2036.jpg,186351,502dccd6,\Gallery 56\09 - Toni (2)\,{Shemale Yum Dvd03~G56~09-2~09 - Toni (2)}
tonib2037.jpg,169368,b802cc57,\Gallery 56\09 - Toni (2)\,{Shemale Yum Dvd03~G56~09-2~09 - Toni (2)}
tonib2038.jpg,191060,8449d512,\Gallery 56\09 - Toni (2)\,{Shemale Yum Dvd03~G56~09-2~09 - Toni (2)}
tonib2039.jpg,217176,697217b2,\Gallery 56\09 - Toni (2)\,{Shemale Yum Dvd03~G56~09-2~09 - Toni (2)}
tonib2040.jpg,234897,fcd50082,\Gallery 56\09 - Toni (2)\,{Shemale Yum Dvd03~G56~09-2~09 - Toni (2)}
tonib2041.jpg,122492,874e53c5,\Gallery 56\09 - Toni (2)\,{Shemale Yum Dvd03~G56~09-2~09 - Toni (2)}
tonib2042.jpg,101999,98199f43,\Gallery 56\09 - Toni (2)\,{Shemale Yum Dvd03~G56~09-2~09 - Toni (2)}
tonib2043.jpg,158929,be118792,\Gallery 56\09 - Toni (2)\,{Shemale Yum Dvd03~G56~09-2~09 - Toni (2)}
tonib2044.jpg,125747,37f3ccde,\Gallery 56\09 - Toni (2)\,{Shemale Yum Dvd03~G56~09-2~09 - Toni (2)}
tonib2045.jpg,146170,826f388e,\Gallery 56\09 - Toni (2)\,{Shemale Yum Dvd03~G56~09-2~09 - Toni (2)}
tonib2046.jpg,170760,28270e26,\Gallery 56\09 - Toni (2)\,{Shemale Yum Dvd03~G56~09-2~09 - Toni (2)}
tonib2047.jpg,159838,e8bd580d,\Gallery 56\09 - Toni (2)\,{Shemale Yum Dvd03~G56~09-2~09 - Toni (2)}
tonib2048.jpg,167785,6c77f1c6,\Gallery 56\09 - Toni (2)\,{Shemale Yum Dvd03~G56~09-2~09 - Toni (2)}
tonib2049.jpg,212616,ff765ad1,\Gallery 56\09 - Toni (2)\,{Shemale Yum Dvd03~G56~09-2~09 - Toni (2)}
tonib2050.jpg,173222,39a2ce8b,\Gallery 56\09 - Toni (2)\,{Shemale Yum Dvd03~G56~09-2~09 - Toni (2)}
tonib2051.jpg,269058,56cab232,\Gallery 56\09 - Toni (2)\,{Shemale Yum Dvd03~G56~09-2~09 - Toni (2)}
tonib2052.jpg,182922,73b5eeb9,\Gallery 56\09 - Toni (2)\,{Shemale Yum Dvd03~G56~09-2~09 - Toni (2)}
tonib2053.jpg,178591,07144bce,\Gallery 56\09 - Toni (2)\,{Shemale Yum Dvd03~G56~09-2~09 - Toni (2)}
tonib2054.jpg,192712,2ba9ee13,\Gallery 56\09 - Toni (2)\,{Shemale Yum Dvd03~G56~09-2~09 - Toni (2)}
tonib2055.jpg,162852,5a27be21,\Gallery 56\09 - Toni (2)\,{Shemale Yum Dvd03~G56~09-2~09 - Toni (2)}
tonib2056.jpg,253916,18cf6e3f,\Gallery 56\09 - Toni (2)\,{Shemale Yum Dvd03~G56~09-2~09 - Toni (2)}
tonib2057.jpg,136475,01965484,\Gallery 56\09 - Toni (2)\,{Shemale Yum Dvd03~G56~09-2~09 - Toni (2)}
tonib2058.jpg,129762,19519d51,\Gallery 56\09 - Toni (2)\,{Shemale Yum Dvd03~G56~09-2~09 - Toni (2)}
tonib2059.jpg,150486,116bc254,\Gallery 56\09 - Toni (2)\,{Shemale Yum Dvd03~G56~09-2~09 - Toni (2)}
tonib2060.jpg,168270,6cb8d683,\Gallery 56\09 - Toni (2)\,{Shemale Yum Dvd03~G56~09-2~09 - Toni (2)}
tonib2061.jpg,136156,cf96176e,\Gallery 56\09 - Toni (2)\,{Shemale Yum Dvd03~G56~09-2~09 - Toni (2)}
tonib3001.jpg,183002,ef825a41,\Gallery 56\09 - Toni (3)\,{Shemale Yum Dvd03~G56~09-3~09 - Toni (3)}
tonib3002.jpg,176809,ed063daf,\Gallery 56\09 - Toni (3)\,{Shemale Yum Dvd03~G56~09-3~09 - Toni (3)}
tonib3003.jpg,130645,d6c7b0e6,\Gallery 56\09 - Toni (3)\,{Shemale Yum Dvd03~G56~09-3~09 - Toni (3)}
tonib3004.jpg,133090,3b600e25,\Gallery 56\09 - Toni (3)\,{Shemale Yum Dvd03~G56~09-3~09 - Toni (3)}
tonib3005.jpg,171787,441df4d2,\Gallery 56\09 - Toni (3)\,{Shemale Yum Dvd03~G56~09-3~09 - Toni (3)}
tonib3006.jpg,170305,3e535139,\Gallery 56\09 - Toni (3)\,{Shemale Yum Dvd03~G56~09-3~09 - Toni (3)}
tonib3007.jpg,170794,4d35cfec,\Gallery 56\09 - Toni (3)\,{Shemale Yum Dvd03~G56~09-3~09 - Toni (3)}
tonib3008.jpg,173834,577fc8b9,\Gallery 56\09 - Toni (3)\,{Shemale Yum Dvd03~G56~09-3~09 - Toni (3)}
tonib3009.jpg,172518,abda09eb,\Gallery 56\09 - Toni (3)\,{Shemale Yum Dvd03~G56~09-3~09 - Toni (3)}
tonib3010.jpg,168579,ecc4bd19,\Gallery 56\09 - Toni (3)\,{Shemale Yum Dvd03~G56~09-3~09 - Toni (3)}
tonib3011.jpg,175794,187ef3a4,\Gallery 56\09 - Toni (3)\,{Shemale Yum Dvd03~G56~09-3~09 - Toni (3)}
tonib3012.jpg,184667,19dac75b,\Gallery 56\09 - Toni (3)\,{Shemale Yum Dvd03~G56~09-3~09 - Toni (3)}
tonib3013.jpg,162295,4b5596f8,\Gallery 56\09 - Toni (3)\,{Shemale Yum Dvd03~G56~09-3~09 - Toni (3)}
tonib3014.jpg,156881,eb0ed16e,\Gallery 56\09 - Toni (3)\,{Shemale Yum Dvd03~G56~09-3~09 - Toni (3)}
tonib3015.jpg,147783,4b51abae,\Gallery 56\09 - Toni (3)\,{Shemale Yum Dvd03~G56~09-3~09 - Toni (3)}
tonib3016.jpg,184686,5bf54268,\Gallery 56\09 - Toni (3)\,{Shemale Yum Dvd03~G56~09-3~09 - Toni (3)}
tonib3017.jpg,196690,e571390e,\Gallery 56\09 - Toni (3)\,{Shemale Yum Dvd03~G56~09-3~09 - Toni (3)}
tonib3018.jpg,177449,319a6556,\Gallery 56\09 - Toni (3)\,{Shemale Yum Dvd03~G56~09-3~09 - Toni (3)}
tonib3019.jpg,176790,a990a3cf,\Gallery 56\09 - Toni (3)\,{Shemale Yum Dvd03~G56~09-3~09 - Toni (3)}
tonib3020.jpg,191857,8be46d0b,\Gallery 56\09 - Toni (3)\,{Shemale Yum Dvd03~G56~09-3~09 - Toni (3)}
tonib3021.jpg,133983,278e4334,\Gallery 56\09 - Toni (3)\,{Shemale Yum Dvd03~G56~09-3~09 - Toni (3)}
tonib3022.jpg,187727,edefd56a,\Gallery 56\09 - Toni (3)\,{Shemale Yum Dvd03~G56~09-3~09 - Toni (3)}
tonib3023.jpg,175905,0af7109f,\Gallery 56\09 - Toni (3)\,{Shemale Yum Dvd03~G56~09-3~09 - Toni (3)}
tonib3024.jpg,185571,11c4afd8,\Gallery 56\09 - Toni (3)\,{Shemale Yum Dvd03~G56~09-3~09 - Toni (3)}
tonib3025.jpg,184689,a733ff22,\Gallery 56\09 - Toni (3)\,{Shemale Yum Dvd03~G56~09-3~09 - Toni (3)}
tonib3026.jpg,187497,a100d1a9,\Gallery 56\09 - Toni (3)\,{Shemale Yum Dvd03~G56~09-3~09 - Toni (3)}
tonib3027.jpg,181525,f442417d,\Gallery 56\09 - Toni (3)\,{Shemale Yum Dvd03~G56~09-3~09 - Toni (3)}
tonib3028.jpg,142521,e0bda815,\Gallery 56\09 - Toni (3)\,{Shemale Yum Dvd03~G56~09-3~09 - Toni (3)}
tonib3029.jpg,179546,1fa3bb94,\Gallery 56\09 - Toni (3)\,{Shemale Yum Dvd03~G56~09-3~09 - Toni (3)}
tonib3030.jpg,172272,649cf801,\Gallery 56\09 - Toni (3)\,{Shemale Yum Dvd03~G56~09-3~09 - Toni (3)}
tonib3031.jpg,178622,3ff17733,\Gallery 56\09 - Toni (3)\,{Shemale Yum Dvd03~G56~09-3~09 - Toni (3)}
tonib3032.jpg,137997,cd61e4ff,\Gallery 56\09 - Toni (3)\,{Shemale Yum Dvd03~G56~09-3~09 - Toni (3)}
tonib3033.jpg,192557,9d8b5bbc,\Gallery 56\09 - Toni (3)\,{Shemale Yum Dvd03~G56~09-3~09 - Toni (3)}
tonib3034.jpg,168828,e79521ac,\Gallery 56\09 - Toni (3)\,{Shemale Yum Dvd03~G56~09-3~09 - Toni (3)}
tonib3035.jpg,185673,d1563686,\Gallery 56\09 - Toni (3)\,{Shemale Yum Dvd03~G56~09-3~09 - Toni (3)}
tonib3036.jpg,184090,7e166f49,\Gallery 56\09 - Toni (3)\,{Shemale Yum Dvd03~G56~09-3~09 - Toni (3)}
tonib3037.jpg,183995,829546eb,\Gallery 56\09 - Toni (3)\,{Shemale Yum Dvd03~G56~09-3~09 - Toni (3)}
tonib3038.jpg,172094,9ce5fddd,\Gallery 56\09 - Toni (3)\,{Shemale Yum Dvd03~G56~09-3~09 - Toni (3)}
tonib3039.jpg,181254,b8c3841a,\Gallery 56\09 - Toni (3)\,{Shemale Yum Dvd03~G56~09-3~09 - Toni (3)}
tonib3040.jpg,120822,000f992c,\Gallery 56\09 - Toni (3)\,{Shemale Yum Dvd03~G56~09-3~09 - Toni (3)}
tonib3041.jpg,190775,e84dc3a6,\Gallery 56\09 - Toni (3)\,{Shemale Yum Dvd03~G56~09-3~09 - Toni (3)}
tonib3042.jpg,186837,d3b63170,\Gallery 56\09 - Toni (3)\,{Shemale Yum Dvd03~G56~09-3~09 - Toni (3)}
tonib3043.jpg,185437,642cc298,\Gallery 56\09 - Toni (3)\,{Shemale Yum Dvd03~G56~09-3~09 - Toni (3)}
tonib3044.jpg,189835,aa4e4c2c,\Gallery 56\09 - Toni (3)\,{Shemale Yum Dvd03~G56~09-3~09 - Toni (3)}
tonib3045.jpg,189850,d7044266,\Gallery 56\09 - Toni (3)\,{Shemale Yum Dvd03~G56~09-3~09 - Toni (3)}
tonib3046.jpg,176553,5b6e030a,\Gallery 56\09 - Toni (3)\,{Shemale Yum Dvd03~G56~09-3~09 - Toni (3)}
tonib3047.jpg,192429,227fb834,\Gallery 56\09 - Toni (3)\,{Shemale Yum Dvd03~G56~09-3~09 - Toni (3)}
tonib3048.jpg,170045,21ca7387,\Gallery 56\09 - Toni (3)\,{Shemale Yum Dvd03~G56~09-3~09 - Toni (3)}
tonib3049.jpg,173332,26f466ad,\Gallery 56\09 - Toni (3)\,{Shemale Yum Dvd03~G56~09-3~09 - Toni (3)}
tonib3050.jpg,177542,97f314cf,\Gallery 56\09 - Toni (3)\,{Shemale Yum Dvd03~G56~09-3~09 - Toni (3)}
tonib3051.jpg,191872,c7a201fa,\Gallery 56\09 - Toni (3)\,{Shemale Yum Dvd03~G56~09-3~09 - Toni (3)}
tonib3052.jpg,189677,a01e9fe4,\Gallery 56\09 - Toni (3)\,{Shemale Yum Dvd03~G56~09-3~09 - Toni (3)}
tonib3053.jpg,190789,ca755b59,\Gallery 56\09 - Toni (3)\,{Shemale Yum Dvd03~G56~09-3~09 - Toni (3)}
tonib3054.jpg,196128,d209daae,\Gallery 56\09 - Toni (3)\,{Shemale Yum Dvd03~G56~09-3~09 - Toni (3)}
tonib3055.jpg,182331,6dc90373,\Gallery 56\09 - Toni (3)\,{Shemale Yum Dvd03~G56~09-3~09 - Toni (3)}
tonib3056.jpg,142184,d602edbc,\Gallery 56\09 - Toni (3)\,{Shemale Yum Dvd03~G56~09-3~09 - Toni (3)}
tonib3057.jpg,138325,229c72f5,\Gallery 56\09 - Toni (3)\,{Shemale Yum Dvd03~G56~09-3~09 - Toni (3)}
tonib3058.jpg,147659,650680cc,\Gallery 56\09 - Toni (3)\,{Shemale Yum Dvd03~G56~09-3~09 - Toni (3)}
tonib3059.jpg,141870,46b8ffcc,\Gallery 56\09 - Toni (3)\,{Shemale Yum Dvd03~G56~09-3~09 - Toni (3)}
tonib3060.jpg,144843,20cf6442,\Gallery 56\09 - Toni (3)\,{Shemale Yum Dvd03~G56~09-3~09 - Toni (3)}
tonib3061.jpg,152047,484fcc5e,\Gallery 56\09 - Toni (3)\,{Shemale Yum Dvd03~G56~09-3~09 - Toni (3)}
tonib3062.jpg,142687,849f72b8,\Gallery 56\09 - Toni (3)\,{Shemale Yum Dvd03~G56~09-3~09 - Toni (3)}
tonib3063.jpg,129652,6bec5fcf,\Gallery 56\09 - Toni (3)\,{Shemale Yum Dvd03~G56~09-3~09 - Toni (3)}
tonib3064.jpg,152185,d4a7b14b,\Gallery 56\09 - Toni (3)\,{Shemale Yum Dvd03~G56~09-3~09 - Toni (3)}
tonib3065.jpg,146262,cb2a9065,\Gallery 56\09 - Toni (3)\,{Shemale Yum Dvd03~G56~09-3~09 - Toni (3)}
tonib3066.jpg,154728,0c773036,\Gallery 56\09 - Toni (3)\,{Shemale Yum Dvd03~G56~09-3~09 - Toni (3)}
tonib3067.jpg,122876,55566823,\Gallery 56\09 - Toni (3)\,{Shemale Yum Dvd03~G56~09-3~09 - Toni (3)}
tonib3068.jpg,155583,4bfde98c,\Gallery 56\09 - Toni (3)\,{Shemale Yum Dvd03~G56~09-3~09 - Toni (3)}
tonib3069.jpg,128002,82cbf7d5,\Gallery 56\09 - Toni (3)\,{Shemale Yum Dvd03~G56~09-3~09 - Toni (3)}
tonib3070.jpg,189237,8aebe8f0,\Gallery 56\09 - Toni (3)\,{Shemale Yum Dvd03~G56~09-3~09 - Toni (3)}
tonib3071.jpg,184498,1b050af6,\Gallery 56\09 - Toni (3)\,{Shemale Yum Dvd03~G56~09-3~09 - Toni (3)}
tonib3072.jpg,186062,48642f0c,\Gallery 56\09 - Toni (3)\,{Shemale Yum Dvd03~G56~09-3~09 - Toni (3)}
tonib3073.jpg,179914,7abfa33e,\Gallery 56\09 - Toni (3)\,{Shemale Yum Dvd03~G56~09-3~09 - Toni (3)}
tonib3074.jpg,197290,d3ff4c98,\Gallery 56\09 - Toni (3)\,{Shemale Yum Dvd03~G56~09-3~09 - Toni (3)}
tonib3075.jpg,181083,fe921021,\Gallery 56\09 - Toni (3)\,{Shemale Yum Dvd03~G56~09-3~09 - Toni (3)}
tonib3076.jpg,189643,24d682d4,\Gallery 56\09 - Toni (3)\,{Shemale Yum Dvd03~G56~09-3~09 - Toni (3)}
tonib3077.jpg,179463,0cf54ddd,\Gallery 56\09 - Toni (3)\,{Shemale Yum Dvd03~G56~09-3~09 - Toni (3)}
tonib3078.jpg,140313,e5850ce4,\Gallery 56\09 - Toni (3)\,{Shemale Yum Dvd03~G56~09-3~09 - Toni (3)}
tonib4001.jpg,177631,122852ed,\Gallery 56\09 - Toni (4)\,{Shemale Yum Dvd03~G56~09-4~09 - Toni (4)}
tonib4002.jpg,138928,372af83b,\Gallery 56\09 - Toni (4)\,{Shemale Yum Dvd03~G56~09-4~09 - Toni (4)}
tonib4003.jpg,135837,c0e41eb2,\Gallery 56\09 - Toni (4)\,{Shemale Yum Dvd03~G56~09-4~09 - Toni (4)}
tonib4004.jpg,111822,0df1171d,\Gallery 56\09 - Toni (4)\,{Shemale Yum Dvd03~G56~09-4~09 - Toni (4)}
tonib4005.jpg,117558,7e7fd850,\Gallery 56\09 - Toni (4)\,{Shemale Yum Dvd03~G56~09-4~09 - Toni (4)}
tonib4006.jpg,168767,6b049818,\Gallery 56\09 - Toni (4)\,{Shemale Yum Dvd03~G56~09-4~09 - Toni (4)}
tonib4007.jpg,137859,e90e70c8,\Gallery 56\09 - Toni (4)\,{Shemale Yum Dvd03~G56~09-4~09 - Toni (4)}
tonib4008.jpg,154898,0e1486c9,\Gallery 56\09 - Toni (4)\,{Shemale Yum Dvd03~G56~09-4~09 - Toni (4)}
tonib4009.jpg,122841,06cc20d1,\Gallery 56\09 - Toni (4)\,{Shemale Yum Dvd03~G56~09-4~09 - Toni (4)}
tonib4010.jpg,124748,149e3568,\Gallery 56\09 - Toni (4)\,{Shemale Yum Dvd03~G56~09-4~09 - Toni (4)}
tonib4011.jpg,134718,17e1e291,\Gallery 56\09 - Toni (4)\,{Shemale Yum Dvd03~G56~09-4~09 - Toni (4)}
tonib4012.jpg,160031,02f36fde,\Gallery 56\09 - Toni (4)\,{Shemale Yum Dvd03~G56~09-4~09 - Toni (4)}
tonib4013.jpg,178836,8e98244e,\Gallery 56\09 - Toni (4)\,{Shemale Yum Dvd03~G56~09-4~09 - Toni (4)}
tonib4014.jpg,178603,1b4c6aca,\Gallery 56\09 - Toni (4)\,{Shemale Yum Dvd03~G56~09-4~09 - Toni (4)}
tonib4015.jpg,180159,c94a07d8,\Gallery 56\09 - Toni (4)\,{Shemale Yum Dvd03~G56~09-4~09 - Toni (4)}
tonib4016.jpg,183475,4980f292,\Gallery 56\09 - Toni (4)\,{Shemale Yum Dvd03~G56~09-4~09 - Toni (4)}
tonib4017.jpg,148907,62228e94,\Gallery 56\09 - Toni (4)\,{Shemale Yum Dvd03~G56~09-4~09 - Toni (4)}
tonib4018.jpg,184033,ae202da5,\Gallery 56\09 - Toni (4)\,{Shemale Yum Dvd03~G56~09-4~09 - Toni (4)}
tonib4019.jpg,192076,ebd1fc1d,\Gallery 56\09 - Toni (4)\,{Shemale Yum Dvd03~G56~09-4~09 - Toni (4)}
tonib4020.jpg,188067,ca6d980b,\Gallery 56\09 - Toni (4)\,{Shemale Yum Dvd03~G56~09-4~09 - Toni (4)}
tonib4021.jpg,123215,27f7aa34,\Gallery 56\09 - Toni (4)\,{Shemale Yum Dvd03~G56~09-4~09 - Toni (4)}
tonib4022.jpg,127252,3e45e0bf,\Gallery 56\09 - Toni (4)\,{Shemale Yum Dvd03~G56~09-4~09 - Toni (4)}
tonib4023.jpg,126058,1c54907e,\Gallery 56\09 - Toni (4)\,{Shemale Yum Dvd03~G56~09-4~09 - Toni (4)}
tonib4024.jpg,133929,a1925f82,\Gallery 56\09 - Toni (4)\,{Shemale Yum Dvd03~G56~09-4~09 - Toni (4)}
tonib4025.jpg,129675,65d7eb93,\Gallery 56\09 - Toni (4)\,{Shemale Yum Dvd03~G56~09-4~09 - Toni (4)}
tonib4026.jpg,141336,1ae23658,\Gallery 56\09 - Toni (4)\,{Shemale Yum Dvd03~G56~09-4~09 - Toni (4)}
tonib4027.jpg,134750,f64714ce,\Gallery 56\09 - Toni (4)\,{Shemale Yum Dvd03~G56~09-4~09 - Toni (4)}
tonib4028.jpg,142069,084a628d,\Gallery 56\09 - Toni (4)\,{Shemale Yum Dvd03~G56~09-4~09 - Toni (4)}
tonib4029.jpg,144131,745927c3,\Gallery 56\09 - Toni (4)\,{Shemale Yum Dvd03~G56~09-4~09 - Toni (4)}
tonib4030.jpg,104196,08720eac,\Gallery 56\09 - Toni (4)\,{Shemale Yum Dvd03~G56~09-4~09 - Toni (4)}
tonib4031.jpg,144165,a5275e6f,\Gallery 56\09 - Toni (4)\,{Shemale Yum Dvd03~G56~09-4~09 - Toni (4)}
tonib4032.jpg,119405,74d5591e,\Gallery 56\09 - Toni (4)\,{Shemale Yum Dvd03~G56~09-4~09 - Toni (4)}
tonib4033.jpg,122944,83a2abf5,\Gallery 56\09 - Toni (4)\,{Shemale Yum Dvd03~G56~09-4~09 - Toni (4)}
tonib4034.jpg,138019,fe3d2532,\Gallery 56\09 - Toni (4)\,{Shemale Yum Dvd03~G56~09-4~09 - Toni (4)}
tonib4035.jpg,153440,0f4dc527,\Gallery 56\09 - Toni (4)\,{Shemale Yum Dvd03~G56~09-4~09 - Toni (4)}
tonib4036.jpg,163174,6eef790b,\Gallery 56\09 - Toni (4)\,{Shemale Yum Dvd03~G56~09-4~09 - Toni (4)}
tonib4037.jpg,171213,a9433d96,\Gallery 56\09 - Toni (4)\,{Shemale Yum Dvd03~G56~09-4~09 - Toni (4)}
tonib4038.jpg,173596,e67e5494,\Gallery 56\09 - Toni (4)\,{Shemale Yum Dvd03~G56~09-4~09 - Toni (4)}
tonib4039.jpg,174253,640d9fe0,\Gallery 56\09 - Toni (4)\,{Shemale Yum Dvd03~G56~09-4~09 - Toni (4)}
tonib4040.jpg,167506,db036d11,\Gallery 56\09 - Toni (4)\,{Shemale Yum Dvd03~G56~09-4~09 - Toni (4)}
tonib4041.jpg,200288,733ecbf2,\Gallery 56\09 - Toni (4)\,{Shemale Yum Dvd03~G56~09-4~09 - Toni (4)}
tonib4042.jpg,201484,5ea61f42,\Gallery 56\09 - Toni (4)\,{Shemale Yum Dvd03~G56~09-4~09 - Toni (4)}
tonib4043.jpg,194828,657445e6,\Gallery 56\09 - Toni (4)\,{Shemale Yum Dvd03~G56~09-4~09 - Toni (4)}
tonib4044.jpg,177969,748468c0,\Gallery 56\09 - Toni (4)\,{Shemale Yum Dvd03~G56~09-4~09 - Toni (4)}
tonib4045.jpg,168228,ef3998ad,\Gallery 56\09 - Toni (4)\,{Shemale Yum Dvd03~G56~09-4~09 - Toni (4)}
tonib4046.jpg,166438,faf18038,\Gallery 56\09 - Toni (4)\,{Shemale Yum Dvd03~G56~09-4~09 - Toni (4)}
tonib4047.jpg,187490,f1572cdc,\Gallery 56\09 - Toni (4)\,{Shemale Yum Dvd03~G56~09-4~09 - Toni (4)}
tonib4048.jpg,199923,54f3e4a8,\Gallery 56\09 - Toni (4)\,{Shemale Yum Dvd03~G56~09-4~09 - Toni (4)}
tonib4049.jpg,190864,021475cd,\Gallery 56\09 - Toni (4)\,{Shemale Yum Dvd03~G56~09-4~09 - Toni (4)}
tonib4050.jpg,146561,88c6dd20,\Gallery 56\09 - Toni (4)\,{Shemale Yum Dvd03~G56~09-4~09 - Toni (4)}
tonib4051.jpg,161502,e23c069a,\Gallery 56\09 - Toni (4)\,{Shemale Yum Dvd03~G56~09-4~09 - Toni (4)}
tonib4052.jpg,167824,787015cf,\Gallery 56\09 - Toni (4)\,{Shemale Yum Dvd03~G56~09-4~09 - Toni (4)}
tonib4053.jpg,175911,0711e417,\Gallery 56\09 - Toni (4)\,{Shemale Yum Dvd03~G56~09-4~09 - Toni (4)}
tonib4054.jpg,167661,24f0ee80,\Gallery 56\09 - Toni (4)\,{Shemale Yum Dvd03~G56~09-4~09 - Toni (4)}
tonib4055.jpg,162690,7679021d,\Gallery 56\09 - Toni (4)\,{Shemale Yum Dvd03~G56~09-4~09 - Toni (4)}
tonib4056.jpg,149757,dc9c9636,\Gallery 56\09 - Toni (4)\,{Shemale Yum Dvd03~G56~09-4~09 - Toni (4)}
tonib4057.jpg,164499,0e47a06a,\Gallery 56\09 - Toni (4)\,{Shemale Yum Dvd03~G56~09-4~09 - Toni (4)}
tonib4058.jpg,175102,49fd1a67,\Gallery 56\09 - Toni (4)\,{Shemale Yum Dvd03~G56~09-4~09 - Toni (4)}
tonib4059.jpg,149429,837dcda2,\Gallery 56\09 - Toni (4)\,{Shemale Yum Dvd03~G56~09-4~09 - Toni (4)}
tonib4060.jpg,157874,a8cd68e5,\Gallery 56\09 - Toni (4)\,{Shemale Yum Dvd03~G56~09-4~09 - Toni (4)}
tonib4061.jpg,165365,8ac41d3c,\Gallery 56\09 - Toni (4)\,{Shemale Yum Dvd03~G56~09-4~09 - Toni (4)}
tonib4062.jpg,180317,0a7a45af,\Gallery 56\09 - Toni (4)\,{Shemale Yum Dvd03~G56~09-4~09 - Toni (4)}
tonib4063.jpg,159702,2420c0c6,\Gallery 56\09 - Toni (4)\,{Shemale Yum Dvd03~G56~09-4~09 - Toni (4)}
tonib4064.jpg,188134,45bca09e,\Gallery 56\09 - Toni (4)\,{Shemale Yum Dvd03~G56~09-4~09 - Toni (4)}
tonib4065.jpg,184695,d847c8b1,\Gallery 56\09 - Toni (4)\,{Shemale Yum Dvd03~G56~09-4~09 - Toni (4)}
tonib4066.jpg,172629,9e252ccb,\Gallery 56\09 - Toni (4)\,{Shemale Yum Dvd03~G56~09-4~09 - Toni (4)}
tonib4067.jpg,165161,ffb8e162,\Gallery 56\09 - Toni (4)\,{Shemale Yum Dvd03~G56~09-4~09 - Toni (4)}
tonib4068.jpg,169689,5b13ee47,\Gallery 56\09 - Toni (4)\,{Shemale Yum Dvd03~G56~09-4~09 - Toni (4)}
tonib4069.jpg,174656,68da0fd7,\Gallery 56\09 - Toni (4)\,{Shemale Yum Dvd03~G56~09-4~09 - Toni (4)}
tonib4070.jpg,178231,bdc80253,\Gallery 56\09 - Toni (4)\,{Shemale Yum Dvd03~G56~09-4~09 - Toni (4)}
tonib4071.jpg,182673,44a79584,\Gallery 56\09 - Toni (4)\,{Shemale Yum Dvd03~G56~09-4~09 - Toni (4)}
tonib4072.jpg,184432,0ee92c86,\Gallery 56\09 - Toni (4)\,{Shemale Yum Dvd03~G56~09-4~09 - Toni (4)}
tonib4073.jpg,156734,d485fac7,\Gallery 56\09 - Toni (4)\,{Shemale Yum Dvd03~G56~09-4~09 - Toni (4)}
tonib4074.jpg,180824,63dcb769,\Gallery 56\09 - Toni (4)\,{Shemale Yum Dvd03~G56~09-4~09 - Toni (4)}
tonib4075.jpg,183495,3f3e2f34,\Gallery 56\09 - Toni (4)\,{Shemale Yum Dvd03~G56~09-4~09 - Toni (4)}
tonib4076.jpg,114106,01f71f44,\Gallery 56\09 - Toni (4)\,{Shemale Yum Dvd03~G56~09-4~09 - Toni (4)}
tonib4077.jpg,126699,fb2859d0,\Gallery 56\09 - Toni (4)\,{Shemale Yum Dvd03~G56~09-4~09 - Toni (4)}
tonib4078.jpg,129743,ca88368d,\Gallery 56\09 - Toni (4)\,{Shemale Yum Dvd03~G56~09-4~09 - Toni (4)}
tonib4079.jpg,159832,675893b9,\Gallery 56\09 - Toni (4)\,{Shemale Yum Dvd03~G56~09-4~09 - Toni (4)}
tonib4080.jpg,118690,efb02601,\Gallery 56\09 - Toni (4)\,{Shemale Yum Dvd03~G56~09-4~09 - Toni (4)}
tonib4081.jpg,145558,d6e55532,\Gallery 56\09 - Toni (4)\,{Shemale Yum Dvd03~G56~09-4~09 - Toni (4)}
tonib4082.jpg,207053,68629e0e,\Gallery 56\09 - Toni (4)\,{Shemale Yum Dvd03~G56~09-4~09 - Toni (4)}
tonib4083.jpg,135788,cb1e3171,\Gallery 56\09 - Toni (4)\,{Shemale Yum Dvd03~G56~09-4~09 - Toni (4)}
tonib4084.jpg,165623,1a96120c,\Gallery 56\09 - Toni (4)\,{Shemale Yum Dvd03~G56~09-4~09 - Toni (4)}
tonib4085.jpg,175426,dab88025,\Gallery 56\09 - Toni (4)\,{Shemale Yum Dvd03~G56~09-4~09 - Toni (4)}
tonib4086.jpg,199685,57bf4d62,\Gallery 56\09 - Toni (4)\,{Shemale Yum Dvd03~G56~09-4~09 - Toni (4)}
tonib4087.jpg,200383,557bedcb,\Gallery 56\09 - Toni (4)\,{Shemale Yum Dvd03~G56~09-4~09 - Toni (4)}
tonib4088.jpg,176476,51c2d0ef,\Gallery 56\09 - Toni (4)\,{Shemale Yum Dvd03~G56~09-4~09 - Toni (4)}
tonib4089.jpg,206803,023f581a,\Gallery 56\09 - Toni (4)\,{Shemale Yum Dvd03~G56~09-4~09 - Toni (4)}
tonib4090.jpg,174880,6d88e8d0,\Gallery 56\09 - Toni (4)\,{Shemale Yum Dvd03~G56~09-4~09 - Toni (4)}
tonib4091.jpg,181374,42334cfe,\Gallery 56\09 - Toni (4)\,{Shemale Yum Dvd03~G56~09-4~09 - Toni (4)}
tonib4092.jpg,161989,db2fa511,\Gallery 56\09 - Toni (4)\,{Shemale Yum Dvd03~G56~09-4~09 - Toni (4)}
tonib4093.jpg,152856,0c58f88f,\Gallery 56\09 - Toni (4)\,{Shemale Yum Dvd03~G56~09-4~09 - Toni (4)}
tonib4094.jpg,207662,f6ded718,\Gallery 56\09 - Toni (4)\,{Shemale Yum Dvd03~G56~09-4~09 - Toni (4)}
tonib4095.jpg,189149,3dc8f4ea,\Gallery 56\09 - Toni (4)\,{Shemale Yum Dvd03~G56~09-4~09 - Toni (4)}
tonib5001.jpg,99619,a852d48d,\Gallery 56\09 - Toni (5)\,{Shemale Yum Dvd03~G56~09-5~09 - Toni (5)}
tonib5002.jpg,112729,9938e79c,\Gallery 56\09 - Toni (5)\,{Shemale Yum Dvd03~G56~09-5~09 - Toni (5)}
tonib5003.jpg,97882,1587905c,\Gallery 56\09 - Toni (5)\,{Shemale Yum Dvd03~G56~09-5~09 - Toni (5)}
tonib5004.jpg,100181,0f94346d,\Gallery 56\09 - Toni (5)\,{Shemale Yum Dvd03~G56~09-5~09 - Toni (5)}
tonib5005.jpg,109008,056ac717,\Gallery 56\09 - Toni (5)\,{Shemale Yum Dvd03~G56~09-5~09 - Toni (5)}
tonib5006.jpg,103651,5b72a899,\Gallery 56\09 - Toni (5)\,{Shemale Yum Dvd03~G56~09-5~09 - Toni (5)}
tonib5007.jpg,97525,2d46b78d,\Gallery 56\09 - Toni (5)\,{Shemale Yum Dvd03~G56~09-5~09 - Toni (5)}
tonib5008.jpg,109996,8b2ec4b8,\Gallery 56\09 - Toni (5)\,{Shemale Yum Dvd03~G56~09-5~09 - Toni (5)}
tonib5009.jpg,127891,6e5091db,\Gallery 56\09 - Toni (5)\,{Shemale Yum Dvd03~G56~09-5~09 - Toni (5)}
tonib5010.jpg,140153,a93cb452,\Gallery 56\09 - Toni (5)\,{Shemale Yum Dvd03~G56~09-5~09 - Toni (5)}
tonib5011.jpg,139026,a81a4e02,\Gallery 56\09 - Toni (5)\,{Shemale Yum Dvd03~G56~09-5~09 - Toni (5)}
tonib5012.jpg,144028,76321a9f,\Gallery 56\09 - Toni (5)\,{Shemale Yum Dvd03~G56~09-5~09 - Toni (5)}
tonib5013.jpg,208423,a813de4f,\Gallery 56\09 - Toni (5)\,{Shemale Yum Dvd03~G56~09-5~09 - Toni (5)}
tonib5014.jpg,159637,62018583,\Gallery 56\09 - Toni (5)\,{Shemale Yum Dvd03~G56~09-5~09 - Toni (5)}
tonib5015.jpg,148377,1a10a300,\Gallery 56\09 - Toni (5)\,{Shemale Yum Dvd03~G56~09-5~09 - Toni (5)}
tonib5016.jpg,175095,cb442ddd,\Gallery 56\09 - Toni (5)\,{Shemale Yum Dvd03~G56~09-5~09 - Toni (5)}
tonib5017.jpg,173315,375e955c,\Gallery 56\09 - Toni (5)\,{Shemale Yum Dvd03~G56~09-5~09 - Toni (5)}
tonib5018.jpg,158236,eafadd9f,\Gallery 56\09 - Toni (5)\,{Shemale Yum Dvd03~G56~09-5~09 - Toni (5)}
tonib5019.jpg,157313,4c5b4dd6,\Gallery 56\09 - Toni (5)\,{Shemale Yum Dvd03~G56~09-5~09 - Toni (5)}
tonib5020.jpg,158798,c37324cc,\Gallery 56\09 - Toni (5)\,{Shemale Yum Dvd03~G56~09-5~09 - Toni (5)}
tonib5021.jpg,161512,09658714,\Gallery 56\09 - Toni (5)\,{Shemale Yum Dvd03~G56~09-5~09 - Toni (5)}
tonib5022.jpg,164711,e180664d,\Gallery 56\09 - Toni (5)\,{Shemale Yum Dvd03~G56~09-5~09 - Toni (5)}
tonib5023.jpg,172719,53ae238c,\Gallery 56\09 - Toni (5)\,{Shemale Yum Dvd03~G56~09-5~09 - Toni (5)}
tonib5024.jpg,171824,dd04c41d,\Gallery 56\09 - Toni (5)\,{Shemale Yum Dvd03~G56~09-5~09 - Toni (5)}
tonib5025.jpg,166519,86c86694,\Gallery 56\09 - Toni (5)\,{Shemale Yum Dvd03~G56~09-5~09 - Toni (5)}
tonib5026.jpg,175401,cb599bb4,\Gallery 56\09 - Toni (5)\,{Shemale Yum Dvd03~G56~09-5~09 - Toni (5)}
tonib5027.jpg,207120,0969a12a,\Gallery 56\09 - Toni (5)\,{Shemale Yum Dvd03~G56~09-5~09 - Toni (5)}
tonib5028.jpg,208663,2eb0740b,\Gallery 56\09 - Toni (5)\,{Shemale Yum Dvd03~G56~09-5~09 - Toni (5)}
tonib5029.jpg,205617,8d07aa49,\Gallery 56\09 - Toni (5)\,{Shemale Yum Dvd03~G56~09-5~09 - Toni (5)}
tonib5030.jpg,206433,bafe8a2f,\Gallery 56\09 - Toni (5)\,{Shemale Yum Dvd03~G56~09-5~09 - Toni (5)}
tonib5031.jpg,207890,8efe43e6,\Gallery 56\09 - Toni (5)\,{Shemale Yum Dvd03~G56~09-5~09 - Toni (5)}
tonib5032.jpg,174562,6aad62f9,\Gallery 56\09 - Toni (5)\,{Shemale Yum Dvd03~G56~09-5~09 - Toni (5)}
tonib5033.jpg,176273,87f42549,\Gallery 56\09 - Toni (5)\,{Shemale Yum Dvd03~G56~09-5~09 - Toni (5)}
tonib5034.jpg,179402,e7df1f0c,\Gallery 56\09 - Toni (5)\,{Shemale Yum Dvd03~G56~09-5~09 - Toni (5)}
tonib5035.jpg,181614,19487ac8,\Gallery 56\09 - Toni (5)\,{Shemale Yum Dvd03~G56~09-5~09 - Toni (5)}
tonib5036.jpg,196254,1519aeae,\Gallery 56\09 - Toni (5)\,{Shemale Yum Dvd03~G56~09-5~09 - Toni (5)}
tonib5037.jpg,192164,310ce5bd,\Gallery 56\09 - Toni (5)\,{Shemale Yum Dvd03~G56~09-5~09 - Toni (5)}
tonib5038.jpg,192122,a012b797,\Gallery 56\09 - Toni (5)\,{Shemale Yum Dvd03~G56~09-5~09 - Toni (5)}
tonib5039.jpg,191260,2cce50e6,\Gallery 56\09 - Toni (5)\,{Shemale Yum Dvd03~G56~09-5~09 - Toni (5)}
tonib5040.jpg,192880,f215624d,\Gallery 56\09 - Toni (5)\,{Shemale Yum Dvd03~G56~09-5~09 - Toni (5)}
tonib5041.jpg,191392,b976e30f,\Gallery 56\09 - Toni (5)\,{Shemale Yum Dvd03~G56~09-5~09 - Toni (5)}
tonib5042.jpg,195232,1e7c3a19,\Gallery 56\09 - Toni (5)\,{Shemale Yum Dvd03~G56~09-5~09 - Toni (5)}
tonib5043.jpg,188476,ea7f711b,\Gallery 56\09 - Toni (5)\,{Shemale Yum Dvd03~G56~09-5~09 - Toni (5)}
tonib5044.jpg,186128,706841ed,\Gallery 56\09 - Toni (5)\,{Shemale Yum Dvd03~G56~09-5~09 - Toni (5)}
tonib5045.jpg,208065,308a1a16,\Gallery 56\09 - Toni (5)\,{Shemale Yum Dvd03~G56~09-5~09 - Toni (5)}
tonib5046.jpg,198930,bdab58df,\Gallery 56\09 - Toni (5)\,{Shemale Yum Dvd03~G56~09-5~09 - Toni (5)}
tonib5047.jpg,172408,8e828592,\Gallery 56\09 - Toni (5)\,{Shemale Yum Dvd03~G56~09-5~09 - Toni (5)}
tonib5048.jpg,190800,93b40bad,\Gallery 56\09 - Toni (5)\,{Shemale Yum Dvd03~G56~09-5~09 - Toni (5)}
tonib5049.jpg,208972,6f50408e,\Gallery 56\09 - Toni (5)\,{Shemale Yum Dvd03~G56~09-5~09 - Toni (5)}
tonib5050.jpg,193094,a79c005a,\Gallery 56\09 - Toni (5)\,{Shemale Yum Dvd03~G56~09-5~09 - Toni (5)}
tonib5051.jpg,191091,25f860a0,\Gallery 56\09 - Toni (5)\,{Shemale Yum Dvd03~G56~09-5~09 - Toni (5)}
tonib5052.jpg,189804,70923f39,\Gallery 56\09 - Toni (5)\,{Shemale Yum Dvd03~G56~09-5~09 - Toni (5)}
tonib5053.jpg,160585,65cc5cb7,\Gallery 56\09 - Toni (5)\,{Shemale Yum Dvd03~G56~09-5~09 - Toni (5)}
tonib5054.jpg,164006,972cded4,\Gallery 56\09 - Toni (5)\,{Shemale Yum Dvd03~G56~09-5~09 - Toni (5)}
tonib5055.jpg,192633,c0e19535,\Gallery 56\09 - Toni (5)\,{Shemale Yum Dvd03~G56~09-5~09 - Toni (5)}
tonib5056.jpg,188649,4b6d1c71,\Gallery 56\09 - Toni (5)\,{Shemale Yum Dvd03~G56~09-5~09 - Toni (5)}
tonib5057.jpg,196568,3a2e1078,\Gallery 56\09 - Toni (5)\,{Shemale Yum Dvd03~G56~09-5~09 - Toni (5)}
tonib5058.jpg,136066,fb8c9309,\Gallery 56\09 - Toni (5)\,{Shemale Yum Dvd03~G56~09-5~09 - Toni (5)}
tonib5059.jpg,208814,796b39b6,\Gallery 56\09 - Toni (5)\,{Shemale Yum Dvd03~G56~09-5~09 - Toni (5)}
tonib5060.jpg,137214,b9c6577e,\Gallery 56\09 - Toni (5)\,{Shemale Yum Dvd03~G56~09-5~09 - Toni (5)}
tonib5061.jpg,183520,3e92ab5f,\Gallery 56\09 - Toni (5)\,{Shemale Yum Dvd03~G56~09-5~09 - Toni (5)}
tonib5062.jpg,160329,b8267681,\Gallery 56\09 - Toni (5)\,{Shemale Yum Dvd03~G56~09-5~09 - Toni (5)}
tonib5063.jpg,188149,c34771b2,\Gallery 56\09 - Toni (5)\,{Shemale Yum Dvd03~G56~09-5~09 - Toni (5)}
tonib5064.jpg,205420,127d5f5b,\Gallery 56\09 - Toni (5)\,{Shemale Yum Dvd03~G56~09-5~09 - Toni (5)}
tonib5065.jpg,200244,15c9d428,\Gallery 56\09 - Toni (5)\,{Shemale Yum Dvd03~G56~09-5~09 - Toni (5)}
tonib5066.jpg,195576,f9f33bdf,\Gallery 56\09 - Toni (5)\,{Shemale Yum Dvd03~G56~09-5~09 - Toni (5)}
tonib5067.jpg,152734,c30f34ab,\Gallery 56\09 - Toni (5)\,{Shemale Yum Dvd03~G56~09-5~09 - Toni (5)}
tonib5068.jpg,184672,1c0cbee9,\Gallery 56\09 - Toni (5)\,{Shemale Yum Dvd03~G56~09-5~09 - Toni (5)}
tonib5069.jpg,206230,9a560165,\Gallery 56\09 - Toni (5)\,{Shemale Yum Dvd03~G56~09-5~09 - Toni (5)}
tonib5070.jpg,184486,9dd6536e,\Gallery 56\09 - Toni (5)\,{Shemale Yum Dvd03~G56~09-5~09 - Toni (5)}
tonib5071.jpg,199592,904d86af,\Gallery 56\09 - Toni (5)\,{Shemale Yum Dvd03~G56~09-5~09 - Toni (5)}
tonib5072.jpg,182404,f2e9a4b4,\Gallery 56\09 - Toni (5)\,{Shemale Yum Dvd03~G56~09-5~09 - Toni (5)}
tonib5073.jpg,171719,bdd17b3c,\Gallery 56\09 - Toni (5)\,{Shemale Yum Dvd03~G56~09-5~09 - Toni (5)}
tonib5074.jpg,205046,fb0792a2,\Gallery 56\09 - Toni (5)\,{Shemale Yum Dvd03~G56~09-5~09 - Toni (5)}
tonib5075.jpg,210144,8850aded,\Gallery 56\09 - Toni (5)\,{Shemale Yum Dvd03~G56~09-5~09 - Toni (5)}
tonib5076.jpg,199442,01595d38,\Gallery 56\09 - Toni (5)\,{Shemale Yum Dvd03~G56~09-5~09 - Toni (5)}
angeleyes1001.jpg,167436,40a21095,\Gallery 56\10 - Goth Angel\,{Shemale Yum Dvd03~G56~10~10 - Goth Angel}
angeleyes1002.jpg,158690,2f8a9e44,\Gallery 56\10 - Goth Angel\,{Shemale Yum Dvd03~G56~10~10 - Goth Angel}
angeleyes1003.jpg,160026,cdf7882d,\Gallery 56\10 - Goth Angel\,{Shemale Yum Dvd03~G56~10~10 - Goth Angel}
angeleyes1004.jpg,163058,97512803,\Gallery 56\10 - Goth Angel\,{Shemale Yum Dvd03~G56~10~10 - Goth Angel}
angeleyes1005.jpg,170484,57a893ec,\Gallery 56\10 - Goth Angel\,{Shemale Yum Dvd03~G56~10~10 - Goth Angel}
angeleyes1006.jpg,179242,935266e6,\Gallery 56\10 - Goth Angel\,{Shemale Yum Dvd03~G56~10~10 - Goth Angel}
angeleyes1007.jpg,168604,b9282a05,\Gallery 56\10 - Goth Angel\,{Shemale Yum Dvd03~G56~10~10 - Goth Angel}
angeleyes1008.jpg,167676,baca3690,\Gallery 56\10 - Goth Angel\,{Shemale Yum Dvd03~G56~10~10 - Goth Angel}
angeleyes1009.jpg,166179,374e1292,\Gallery 56\10 - Goth Angel\,{Shemale Yum Dvd03~G56~10~10 - Goth Angel}
angeleyes1011.jpg,144596,84f4983d,\Gallery 56\10 - Goth Angel\,{Shemale Yum Dvd03~G56~10~10 - Goth Angel}
angeleyes1012.jpg,152998,0ec5aa1f,\Gallery 56\10 - Goth Angel\,{Shemale Yum Dvd03~G56~10~10 - Goth Angel}
angeleyes1015.jpg,137774,b11015eb,\Gallery 56\10 - Goth Angel\,{Shemale Yum Dvd03~G56~10~10 - Goth Angel}
angeleyes1016.jpg,120395,5d195720,\Gallery 56\10 - Goth Angel\,{Shemale Yum Dvd03~G56~10~10 - Goth Angel}
angeleyes1017.jpg,156933,464f1d14,\Gallery 56\10 - Goth Angel\,{Shemale Yum Dvd03~G56~10~10 - Goth Angel}
angeleyes1018.jpg,165268,5702e242,\Gallery 56\10 - Goth Angel\,{Shemale Yum Dvd03~G56~10~10 - Goth Angel}
angeleyes1019.jpg,155846,0a3994ce,\Gallery 56\10 - Goth Angel\,{Shemale Yum Dvd03~G56~10~10 - Goth Angel}
angeleyes1020.jpg,161752,8fafb662,\Gallery 56\10 - Goth Angel\,{Shemale Yum Dvd03~G56~10~10 - Goth Angel}
angeleyes1021.jpg,167528,493a370f,\Gallery 56\10 - Goth Angel\,{Shemale Yum Dvd03~G56~10~10 - Goth Angel}
angeleyes1022.jpg,168435,e5afa563,\Gallery 56\10 - Goth Angel\,{Shemale Yum Dvd03~G56~10~10 - Goth Angel}
angeleyes1023.jpg,155712,cfe5cd24,\Gallery 56\10 - Goth Angel\,{Shemale Yum Dvd03~G56~10~10 - Goth Angel}
angeleyes1024.jpg,140091,b483a0a0,\Gallery 56\10 - Goth Angel\,{Shemale Yum Dvd03~G56~10~10 - Goth Angel}
angeleyes1025.jpg,143572,5a5722de,\Gallery 56\10 - Goth Angel\,{Shemale Yum Dvd03~G56~10~10 - Goth Angel}
angeleyes1026.jpg,154855,dbd94692,\Gallery 56\10 - Goth Angel\,{Shemale Yum Dvd03~G56~10~10 - Goth Angel}
angeleyes1027.jpg,171156,32ba5261,\Gallery 56\10 - Goth Angel\,{Shemale Yum Dvd03~G56~10~10 - Goth Angel}
angeleyes1028.jpg,153122,c7d3c134,\Gallery 56\10 - Goth Angel\,{Shemale Yum Dvd03~G56~10~10 - Goth Angel}
angeleyes1029.jpg,158384,bebb6f16,\Gallery 56\10 - Goth Angel\,{Shemale Yum Dvd03~G56~10~10 - Goth Angel}
angeleyes1030.jpg,158834,c10b33dd,\Gallery 56\10 - Goth Angel\,{Shemale Yum Dvd03~G56~10~10 - Goth Angel}
angeleyes1031.jpg,171197,5f4108a8,\Gallery 56\10 - Goth Angel\,{Shemale Yum Dvd03~G56~10~10 - Goth Angel}
angeleyes1032.jpg,154921,4badfe69,\Gallery 56\10 - Goth Angel\,{Shemale Yum Dvd03~G56~10~10 - Goth Angel}
angeleyes1034.jpg,167280,e450d606,\Gallery 56\10 - Goth Angel\,{Shemale Yum Dvd03~G56~10~10 - Goth Angel}
angeleyes1035.jpg,163259,ffa9cc2f,\Gallery 56\10 - Goth Angel\,{Shemale Yum Dvd03~G56~10~10 - Goth Angel}
angeleyes1036.jpg,170808,2e096666,\Gallery 56\10 - Goth Angel\,{Shemale Yum Dvd03~G56~10~10 - Goth Angel}
angeleyes1037.jpg,157978,0e4bf9e1,\Gallery 56\10 - Goth Angel\,{Shemale Yum Dvd03~G56~10~10 - Goth Angel}
angeleyes1038.jpg,157482,dfd407a1,\Gallery 56\10 - Goth Angel\,{Shemale Yum Dvd03~G56~10~10 - Goth Angel}
angeleyes1039.jpg,144161,f290feb2,\Gallery 56\10 - Goth Angel\,{Shemale Yum Dvd03~G56~10~10 - Goth Angel}
angeleyes1040.jpg,149739,1ba120aa,\Gallery 56\10 - Goth Angel\,{Shemale Yum Dvd03~G56~10~10 - Goth Angel}
angeleyes1041.jpg,158107,9fe935eb,\Gallery 56\10 - Goth Angel\,{Shemale Yum Dvd03~G56~10~10 - Goth Angel}
angeleyes1042.jpg,156292,92b35918,\Gallery 56\10 - Goth Angel\,{Shemale Yum Dvd03~G56~10~10 - Goth Angel}
angeleyes1043.jpg,166988,dabfc8eb,\Gallery 56\10 - Goth Angel\,{Shemale Yum Dvd03~G56~10~10 - Goth Angel}
angeleyes1044.jpg,179216,4b999f96,\Gallery 56\10 - Goth Angel\,{Shemale Yum Dvd03~G56~10~10 - Goth Angel}
angeleyes1045.jpg,156975,36a5f3a5,\Gallery 56\10 - Goth Angel\,{Shemale Yum Dvd03~G56~10~10 - Goth Angel}
angeleyes1046.jpg,161586,24db7a7b,\Gallery 56\10 - Goth Angel\,{Shemale Yum Dvd03~G56~10~10 - Goth Angel}
angeleyes1047.jpg,159586,105d4e61,\Gallery 56\10 - Goth Angel\,{Shemale Yum Dvd03~G56~10~10 - Goth Angel}
angeleyes1048.jpg,167345,6f193fcc,\Gallery 56\10 - Goth Angel\,{Shemale Yum Dvd03~G56~10~10 - Goth Angel}
angeleyes1049.jpg,154579,56280d5e,\Gallery 56\10 - Goth Angel\,{Shemale Yum Dvd03~G56~10~10 - Goth Angel}
angeleyes1050.jpg,161628,ceae5618,\Gallery 56\10 - Goth Angel\,{Shemale Yum Dvd03~G56~10~10 - Goth Angel}
angeleyes1051.jpg,163283,08f9b0dc,\Gallery 56\10 - Goth Angel\,{Shemale Yum Dvd03~G56~10~10 - Goth Angel}
angeleyes1052.jpg,162567,ca94d176,\Gallery 56\10 - Goth Angel\,{Shemale Yum Dvd03~G56~10~10 - Goth Angel}
angeleyes1053.jpg,169544,422123ed,\Gallery 56\10 - Goth Angel\,{Shemale Yum Dvd03~G56~10~10 - Goth Angel}
angeleyes1054.jpg,134517,9cb424a6,\Gallery 56\10 - Goth Angel\,{Shemale Yum Dvd03~G56~10~10 - Goth Angel}
angeleyes1055.jpg,156306,72dd3f37,\Gallery 56\10 - Goth Angel\,{Shemale Yum Dvd03~G56~10~10 - Goth Angel}
angeleyes1057.jpg,156895,16878c53,\Gallery 56\10 - Goth Angel\,{Shemale Yum Dvd03~G56~10~10 - Goth Angel}
angeleyes1058.jpg,163076,276e3a8d,\Gallery 56\10 - Goth Angel\,{Shemale Yum Dvd03~G56~10~10 - Goth Angel}
angeleyes1059.jpg,164450,ebb2e7de,\Gallery 56\10 - Goth Angel\,{Shemale Yum Dvd03~G56~10~10 - Goth Angel}
angeleyes1060.jpg,165382,51f15354,\Gallery 56\10 - Goth Angel\,{Shemale Yum Dvd03~G56~10~10 - Goth Angel}
angeleyes1061.jpg,158599,1e815e3a,\Gallery 56\10 - Goth Angel\,{Shemale Yum Dvd03~G56~10~10 - Goth Angel}
angeleyes1062.jpg,152182,d6d83fb5,\Gallery 56\10 - Goth Angel\,{Shemale Yum Dvd03~G56~10~10 - Goth Angel}
angeleyes1063.jpg,161713,33746706,\Gallery 56\10 - Goth Angel\,{Shemale Yum Dvd03~G56~10~10 - Goth Angel}
angeleyes1064.jpg,159412,3a0e80bd,\Gallery 56\10 - Goth Angel\,{Shemale Yum Dvd03~G56~10~10 - Goth Angel}
angeleyes1065.jpg,162916,3f7527d8,\Gallery 56\10 - Goth Angel\,{Shemale Yum Dvd03~G56~10~10 - Goth Angel}
angeleyes1066.jpg,166143,0611bbb7,\Gallery 56\10 - Goth Angel\,{Shemale Yum Dvd03~G56~10~10 - Goth Angel}
angeleyes1067.jpg,164214,d50b1eca,\Gallery 56\10 - Goth Angel\,{Shemale Yum Dvd03~G56~10~10 - Goth Angel}
angeleyes1068.jpg,159070,2a1785e6,\Gallery 56\10 - Goth Angel\,{Shemale Yum Dvd03~G56~10~10 - Goth Angel}
angeleyes1069.jpg,162715,adf19fcc,\Gallery 56\10 - Goth Angel\,{Shemale Yum Dvd03~G56~10~10 - Goth Angel}
angeleyes1070.jpg,162741,0dee730d,\Gallery 56\10 - Goth Angel\,{Shemale Yum Dvd03~G56~10~10 - Goth Angel}
angeleyes1071.jpg,163549,7250f3de,\Gallery 56\10 - Goth Angel\,{Shemale Yum Dvd03~G56~10~10 - Goth Angel}
angeleyes1072.jpg,138317,75329d1a,\Gallery 56\10 - Goth Angel\,{Shemale Yum Dvd03~G56~10~10 - Goth Angel}
angeleyes1073.jpg,162760,b4721a92,\Gallery 56\10 - Goth Angel\,{Shemale Yum Dvd03~G56~10~10 - Goth Angel}
angeleyes1074.jpg,163824,028a37bb,\Gallery 56\10 - Goth Angel\,{Shemale Yum Dvd03~G56~10~10 - Goth Angel}
angeleyes1075.jpg,167495,2bafe8cb,\Gallery 56\10 - Goth Angel\,{Shemale Yum Dvd03~G56~10~10 - Goth Angel}
angeleyes1076.jpg,164211,b205bd09,\Gallery 56\10 - Goth Angel\,{Shemale Yum Dvd03~G56~10~10 - Goth Angel}
angeleyes1077.jpg,155958,7e1c171f,\Gallery 56\10 - Goth Angel\,{Shemale Yum Dvd03~G56~10~10 - Goth Angel}
angeleyes1078.jpg,167914,41a8e72a,\Gallery 56\10 - Goth Angel\,{Shemale Yum Dvd03~G56~10~10 - Goth Angel}
angeleyes1079.jpg,158024,addb1561,\Gallery 56\10 - Goth Angel\,{Shemale Yum Dvd03~G56~10~10 - Goth Angel}
angeleyes1080.jpg,164772,4327e240,\Gallery 56\10 - Goth Angel\,{Shemale Yum Dvd03~G56~10~10 - Goth Angel}
angeleyes1081.jpg,137810,f56074c8,\Gallery 56\10 - Goth Angel\,{Shemale Yum Dvd03~G56~10~10 - Goth Angel}
angeleyes1082.jpg,141439,da4150ee,\Gallery 56\10 - Goth Angel\,{Shemale Yum Dvd03~G56~10~10 - Goth Angel}
angeleyes1083.jpg,169822,68499d6d,\Gallery 56\10 - Goth Angel\,{Shemale Yum Dvd03~G56~10~10 - Goth Angel}
angeleyes1084.jpg,156839,0440229d,\Gallery 56\10 - Goth Angel\,{Shemale Yum Dvd03~G56~10~10 - Goth Angel}
angeleyes1087.jpg,164587,8ade6b75,\Gallery 56\10 - Goth Angel\,{Shemale Yum Dvd03~G56~10~10 - Goth Angel}
angeleyes1088.jpg,165868,17fdf01a,\Gallery 56\10 - Goth Angel\,{Shemale Yum Dvd03~G56~10~10 - Goth Angel}
angeleyes1089.jpg,167747,37132f13,\Gallery 56\10 - Goth Angel\,{Shemale Yum Dvd03~G56~10~10 - Goth Angel}
angeleyes1090.jpg,158175,274ac1f6,\Gallery 56\10 - Goth Angel\,{Shemale Yum Dvd03~G56~10~10 - Goth Angel}
angeleyes1091.jpg,150851,75952aad,\Gallery 56\10 - Goth Angel\,{Shemale Yum Dvd03~G56~10~10 - Goth Angel}
angeleyes1092.jpg,154795,ce940a6c,\Gallery 56\10 - Goth Angel\,{Shemale Yum Dvd03~G56~10~10 - Goth Angel}
angeleyes1093.jpg,175340,5506ce63,\Gallery 56\10 - Goth Angel\,{Shemale Yum Dvd03~G56~10~10 - Goth Angel}
angeleyes1094.jpg,162839,3b7a4ecf,\Gallery 56\10 - Goth Angel\,{Shemale Yum Dvd03~G56~10~10 - Goth Angel}
angeleyes1095.jpg,169926,b8cf0905,\Gallery 56\10 - Goth Angel\,{Shemale Yum Dvd03~G56~10~10 - Goth Angel}
angeleyes1096.jpg,160868,0b5a97b7,\Gallery 56\10 - Goth Angel\,{Shemale Yum Dvd03~G56~10~10 - Goth Angel}
angeleyes1097.jpg,165631,91736241,\Gallery 56\10 - Goth Angel\,{Shemale Yum Dvd03~G56~10~10 - Goth Angel}
angeleyes1098.jpg,157946,0c92617d,\Gallery 56\10 - Goth Angel\,{Shemale Yum Dvd03~G56~10~10 - Goth Angel}
angeleyes1099.jpg,167123,d897fb4a,\Gallery 56\10 - Goth Angel\,{Shemale Yum Dvd03~G56~10~10 - Goth Angel}
angeleyes1100.jpg,161200,7eb8c153,\Gallery 56\10 - Goth Angel\,{Shemale Yum Dvd03~G56~10~10 - Goth Angel}
angeleyes1101.jpg,166445,52293372,\Gallery 56\10 - Goth Angel\,{Shemale Yum Dvd03~G56~10~10 - Goth Angel}
angeleyes1102.jpg,166103,fb747392,\Gallery 56\10 - Goth Angel\,{Shemale Yum Dvd03~G56~10~10 - Goth Angel}
angeleyes1103.jpg,175080,b18dbf70,\Gallery 56\10 - Goth Angel\,{Shemale Yum Dvd03~G56~10~10 - Goth Angel}
angeleyes1104.jpg,134284,4f7b69d3,\Gallery 56\10 - Goth Angel\,{Shemale Yum Dvd03~G56~10~10 - Goth Angel}
angeleyes1105.jpg,159479,d21a2d02,\Gallery 56\10 - Goth Angel\,{Shemale Yum Dvd03~G56~10~10 - Goth Angel}
angeleyes1106.jpg,153929,91a99548,\Gallery 56\10 - Goth Angel\,{Shemale Yum Dvd03~G56~10~10 - Goth Angel}
angeleyes1108.jpg,175226,91d0c13c,\Gallery 56\10 - Goth Angel\,{Shemale Yum Dvd03~G56~10~10 - Goth Angel}
angeleyes1109.jpg,171737,7551ac6c,\Gallery 56\10 - Goth Angel\,{Shemale Yum Dvd03~G56~10~10 - Goth Angel}
angeleyes1110.jpg,154665,92cf4f8c,\Gallery 56\10 - Goth Angel\,{Shemale Yum Dvd03~G56~10~10 - Goth Angel}
angeleyes1111.jpg,175812,496b834b,\Gallery 56\10 - Goth Angel\,{Shemale Yum Dvd03~G56~10~10 - Goth Angel}
angeleyes1112.jpg,179753,4cab6ef4,\Gallery 56\10 - Goth Angel\,{Shemale Yum Dvd03~G56~10~10 - Goth Angel}
angeleyes1113.jpg,140589,c62d9dc2,\Gallery 56\10 - Goth Angel\,{Shemale Yum Dvd03~G56~10~10 - Goth Angel}
angeleyes1114.jpg,171998,a00f8212,\Gallery 56\10 - Goth Angel\,{Shemale Yum Dvd03~G56~10~10 - Goth Angel}
angeleyes1115.jpg,206467,a5008ec4,\Gallery 56\10 - Goth Angel\,{Shemale Yum Dvd03~G56~10~10 - Goth Angel}
angeleyes1116.jpg,170808,fd6af8e0,\Gallery 56\10 - Goth Angel\,{Shemale Yum Dvd03~G56~10~10 - Goth Angel}
angeleyes1117.jpg,172509,bbb97bc1,\Gallery 56\10 - Goth Angel\,{Shemale Yum Dvd03~G56~10~10 - Goth Angel}
angeleyes1118.jpg,171533,b5c2902c,\Gallery 56\10 - Goth Angel\,{Shemale Yum Dvd03~G56~10~10 - Goth Angel}
angeleyes1119.jpg,136532,549ac9e2,\Gallery 56\10 - Goth Angel\,{Shemale Yum Dvd03~G56~10~10 - Goth Angel}
angeleyes1120.jpg,158051,aadaa87a,\Gallery 56\10 - Goth Angel\,{Shemale Yum Dvd03~G56~10~10 - Goth Angel}
angeleyes2001.jpg,151219,4783ff9a,\Gallery 56\10 - Goth Angel (2)\,{Shemale Yum Dvd03~G56~10-2~10 - Goth Angel (2)}
angeleyes2002.jpg,161921,7ee7cf35,\Gallery 56\10 - Goth Angel (2)\,{Shemale Yum Dvd03~G56~10-2~10 - Goth Angel (2)}
angeleyes2003.jpg,124131,03d4920f,\Gallery 56\10 - Goth Angel (2)\,{Shemale Yum Dvd03~G56~10-2~10 - Goth Angel (2)}
angeleyes2004.jpg,124945,ce0678e0,\Gallery 56\10 - Goth Angel (2)\,{Shemale Yum Dvd03~G56~10-2~10 - Goth Angel (2)}
angeleyes2005.jpg,153697,e57d1315,\Gallery 56\10 - Goth Angel (2)\,{Shemale Yum Dvd03~G56~10-2~10 - Goth Angel (2)}
angeleyes2006.jpg,162459,fe04c954,\Gallery 56\10 - Goth Angel (2)\,{Shemale Yum Dvd03~G56~10-2~10 - Goth Angel (2)}
angeleyes2007.jpg,160036,77563798,\Gallery 56\10 - Goth Angel (2)\,{Shemale Yum Dvd03~G56~10-2~10 - Goth Angel (2)}
angeleyes2008.jpg,144918,45310862,\Gallery 56\10 - Goth Angel (2)\,{Shemale Yum Dvd03~G56~10-2~10 - Goth Angel (2)}
angeleyes2009.jpg,155807,27572a25,\Gallery 56\10 - Goth Angel (2)\,{Shemale Yum Dvd03~G56~10-2~10 - Goth Angel (2)}
angeleyes2010.jpg,161098,2132c097,\Gallery 56\10 - Goth Angel (2)\,{Shemale Yum Dvd03~G56~10-2~10 - Goth Angel (2)}
angeleyes2011.jpg,153774,45c45b7b,\Gallery 56\10 - Goth Angel (2)\,{Shemale Yum Dvd03~G56~10-2~10 - Goth Angel (2)}
angeleyes2012.jpg,150711,cd479831,\Gallery 56\10 - Goth Angel (2)\,{Shemale Yum Dvd03~G56~10-2~10 - Goth Angel (2)}
angeleyes2013.jpg,158033,26cf46f4,\Gallery 56\10 - Goth Angel (2)\,{Shemale Yum Dvd03~G56~10-2~10 - Goth Angel (2)}
angeleyes2014.jpg,165437,5081483c,\Gallery 56\10 - Goth Angel (2)\,{Shemale Yum Dvd03~G56~10-2~10 - Goth Angel (2)}
angeleyes2015.jpg,156137,34f89665,\Gallery 56\10 - Goth Angel (2)\,{Shemale Yum Dvd03~G56~10-2~10 - Goth Angel (2)}
angeleyes2016.jpg,154377,30b1a787,\Gallery 56\10 - Goth Angel (2)\,{Shemale Yum Dvd03~G56~10-2~10 - Goth Angel (2)}
angeleyes2017.jpg,140474,817b0338,\Gallery 56\10 - Goth Angel (2)\,{Shemale Yum Dvd03~G56~10-2~10 - Goth Angel (2)}
angeleyes2018.jpg,156329,69ade552,\Gallery 56\10 - Goth Angel (2)\,{Shemale Yum Dvd03~G56~10-2~10 - Goth Angel (2)}
angeleyes2019.jpg,141774,aa916355,\Gallery 56\10 - Goth Angel (2)\,{Shemale Yum Dvd03~G56~10-2~10 - Goth Angel (2)}
angeleyes2020.jpg,145131,c0324c9b,\Gallery 56\10 - Goth Angel (2)\,{Shemale Yum Dvd03~G56~10-2~10 - Goth Angel (2)}
angeleyes2021.jpg,143529,103dfc89,\Gallery 56\10 - Goth Angel (2)\,{Shemale Yum Dvd03~G56~10-2~10 - Goth Angel (2)}
angeleyes2022.jpg,136609,a5355aa5,\Gallery 56\10 - Goth Angel (2)\,{Shemale Yum Dvd03~G56~10-2~10 - Goth Angel (2)}
angeleyes2023.jpg,146887,6f6aa5b4,\Gallery 56\10 - Goth Angel (2)\,{Shemale Yum Dvd03~G56~10-2~10 - Goth Angel (2)}
angeleyes2024.jpg,135604,d481a938,\Gallery 56\10 - Goth Angel (2)\,{Shemale Yum Dvd03~G56~10-2~10 - Goth Angel (2)}
angeleyes2025.jpg,127582,31bfa29b,\Gallery 56\10 - Goth Angel (2)\,{Shemale Yum Dvd03~G56~10-2~10 - Goth Angel (2)}
angeleyes2026.jpg,144806,437a768f,\Gallery 56\10 - Goth Angel (2)\,{Shemale Yum Dvd03~G56~10-2~10 - Goth Angel (2)}
angeleyes2027.jpg,139652,f59a386c,\Gallery 56\10 - Goth Angel (2)\,{Shemale Yum Dvd03~G56~10-2~10 - Goth Angel (2)}
angeleyes2028.jpg,132125,47367f64,\Gallery 56\10 - Goth Angel (2)\,{Shemale Yum Dvd03~G56~10-2~10 - Goth Angel (2)}
angeleyes2029.jpg,131926,8dd3cb0a,\Gallery 56\10 - Goth Angel (2)\,{Shemale Yum Dvd03~G56~10-2~10 - Goth Angel (2)}
angeleyes2030.jpg,146784,97369059,\Gallery 56\10 - Goth Angel (2)\,{Shemale Yum Dvd03~G56~10-2~10 - Goth Angel (2)}
angeleyes2031.jpg,138469,735cc0ff,\Gallery 56\10 - Goth Angel (2)\,{Shemale Yum Dvd03~G56~10-2~10 - Goth Angel (2)}
angeleyes2032.jpg,142035,3fc8c123,\Gallery 56\10 - Goth Angel (2)\,{Shemale Yum Dvd03~G56~10-2~10 - Goth Angel (2)}
angeleyes2033.jpg,127515,bd08f08d,\Gallery 56\10 - Goth Angel (2)\,{Shemale Yum Dvd03~G56~10-2~10 - Goth Angel (2)}
angeleyes2034.jpg,138865,84f6ca73,\Gallery 56\10 - Goth Angel (2)\,{Shemale Yum Dvd03~G56~10-2~10 - Goth Angel (2)}
angeleyes2035.jpg,140731,e2bf831a,\Gallery 56\10 - Goth Angel (2)\,{Shemale Yum Dvd03~G56~10-2~10 - Goth Angel (2)}
angeleyes2036.jpg,161210,12e66488,\Gallery 56\10 - Goth Angel (2)\,{Shemale Yum Dvd03~G56~10-2~10 - Goth Angel (2)}
angeleyes2037.jpg,123056,02a94a2f,\Gallery 56\10 - Goth Angel (2)\,{Shemale Yum Dvd03~G56~10-2~10 - Goth Angel (2)}
angeleyes2038.jpg,113682,cfba14d7,\Gallery 56\10 - Goth Angel (2)\,{Shemale Yum Dvd03~G56~10-2~10 - Goth Angel (2)}
angeleyes2039.jpg,128969,655c454b,\Gallery 56\10 - Goth Angel (2)\,{Shemale Yum Dvd03~G56~10-2~10 - Goth Angel (2)}
angeleyes2041.jpg,122324,ccb54e17,\Gallery 56\10 - Goth Angel (2)\,{Shemale Yum Dvd03~G56~10-2~10 - Goth Angel (2)}
angeleyes2042.jpg,135570,5a0a7f07,\Gallery 56\10 - Goth Angel (2)\,{Shemale Yum Dvd03~G56~10-2~10 - Goth Angel (2)}
angeleyes2043.jpg,162334,367cc533,\Gallery 56\10 - Goth Angel (2)\,{Shemale Yum Dvd03~G56~10-2~10 - Goth Angel (2)}
angeleyes2044.jpg,133469,f69b3b73,\Gallery 56\10 - Goth Angel (2)\,{Shemale Yum Dvd03~G56~10-2~10 - Goth Angel (2)}
angeleyes2045.jpg,163248,8dcbc2a1,\Gallery 56\10 - Goth Angel (2)\,{Shemale Yum Dvd03~G56~10-2~10 - Goth Angel (2)}
angeleyes2046.jpg,127870,3d0c81b1,\Gallery 56\10 - Goth Angel (2)\,{Shemale Yum Dvd03~G56~10-2~10 - Goth Angel (2)}
angeleyes2047.jpg,144735,175bf019,\Gallery 56\10 - Goth Angel (2)\,{Shemale Yum Dvd03~G56~10-2~10 - Goth Angel (2)}
angeleyes2048.jpg,130506,627cec7e,\Gallery 56\10 - Goth Angel (2)\,{Shemale Yum Dvd03~G56~10-2~10 - Goth Angel (2)}
angeleyes2049.jpg,135318,3046807a,\Gallery 56\10 - Goth Angel (2)\,{Shemale Yum Dvd03~G56~10-2~10 - Goth Angel (2)}
angeleyes2050.jpg,119154,bf586305,\Gallery 56\10 - Goth Angel (2)\,{Shemale Yum Dvd03~G56~10-2~10 - Goth Angel (2)}
angeleyes2051.jpg,133118,a23f7393,\Gallery 56\10 - Goth Angel (2)\,{Shemale Yum Dvd03~G56~10-2~10 - Goth Angel (2)}
angeleyes2052.jpg,160057,ad79e56c,\Gallery 56\10 - Goth Angel (2)\,{Shemale Yum Dvd03~G56~10-2~10 - Goth Angel (2)}
angeleyes2053.jpg,138483,cb4cee53,\Gallery 56\10 - Goth Angel (2)\,{Shemale Yum Dvd03~G56~10-2~10 - Goth Angel (2)}
angeleyes2054.jpg,138489,a5cbd4c5,\Gallery 56\10 - Goth Angel (2)\,{Shemale Yum Dvd03~G56~10-2~10 - Goth Angel (2)}
angeleyes2055.jpg,133503,ab0f3097,\Gallery 56\10 - Goth Angel (2)\,{Shemale Yum Dvd03~G56~10-2~10 - Goth Angel (2)}
angeleyes2056.jpg,141643,bdb0eacb,\Gallery 56\10 - Goth Angel (2)\,{Shemale Yum Dvd03~G56~10-2~10 - Goth Angel (2)}
angeleyes2057.jpg,137465,2dcde594,\Gallery 56\10 - Goth Angel (2)\,{Shemale Yum Dvd03~G56~10-2~10 - Goth Angel (2)}
angeleyes2058.jpg,136495,628fc41c,\Gallery 56\10 - Goth Angel (2)\,{Shemale Yum Dvd03~G56~10-2~10 - Goth Angel (2)}
angeleyes2059.jpg,170812,8554bc9b,\Gallery 56\10 - Goth Angel (2)\,{Shemale Yum Dvd03~G56~10-2~10 - Goth Angel (2)}
angeleyes2060.jpg,178006,de434740,\Gallery 56\10 - Goth Angel (2)\,{Shemale Yum Dvd03~G56~10-2~10 - Goth Angel (2)}
angeleyes2061.jpg,130726,edf85f25,\Gallery 56\10 - Goth Angel (2)\,{Shemale Yum Dvd03~G56~10-2~10 - Goth Angel (2)}
angeleyes2062.jpg,130651,b39f94a2,\Gallery 56\10 - Goth Angel (2)\,{Shemale Yum Dvd03~G56~10-2~10 - Goth Angel (2)}
angeleyes2063.jpg,128529,2474b3ad,\Gallery 56\10 - Goth Angel (2)\,{Shemale Yum Dvd03~G56~10-2~10 - Goth Angel (2)}
angeleyes2064.jpg,144527,e8fe8d8a,\Gallery 56\10 - Goth Angel (2)\,{Shemale Yum Dvd03~G56~10-2~10 - Goth Angel (2)}
angeleyes2065.jpg,145558,d1a85827,\Gallery 56\10 - Goth Angel (2)\,{Shemale Yum Dvd03~G56~10-2~10 - Goth Angel (2)}
angeleyes2066.jpg,137755,65c0b3a7,\Gallery 56\10 - Goth Angel (2)\,{Shemale Yum Dvd03~G56~10-2~10 - Goth Angel (2)}
angeleyes2067.jpg,154698,cc79e016,\Gallery 56\10 - Goth Angel (2)\,{Shemale Yum Dvd03~G56~10-2~10 - Goth Angel (2)}
angeleyes2068.jpg,143468,4576a9f2,\Gallery 56\10 - Goth Angel (2)\,{Shemale Yum Dvd03~G56~10-2~10 - Goth Angel (2)}
angeleyes2069.jpg,138824,f8f572b9,\Gallery 56\10 - Goth Angel (2)\,{Shemale Yum Dvd03~G56~10-2~10 - Goth Angel (2)}
angeleyes2070.jpg,181478,337ece3e,\Gallery 56\10 - Goth Angel (2)\,{Shemale Yum Dvd03~G56~10-2~10 - Goth Angel (2)}
angeleyes2071.jpg,180703,4c222f03,\Gallery 56\10 - Goth Angel (2)\,{Shemale Yum Dvd03~G56~10-2~10 - Goth Angel (2)}
angeleyes2072.jpg,136770,35d1cbbc,\Gallery 56\10 - Goth Angel (2)\,{Shemale Yum Dvd03~G56~10-2~10 - Goth Angel (2)}
angeleyes2073.jpg,139448,e3f9ba77,\Gallery 56\10 - Goth Angel (2)\,{Shemale Yum Dvd03~G56~10-2~10 - Goth Angel (2)}
angeleyes2074.jpg,154981,acb2aec6,\Gallery 56\10 - Goth Angel (2)\,{Shemale Yum Dvd03~G56~10-2~10 - Goth Angel (2)}
angeleyes2075.jpg,164669,2dec1db9,\Gallery 56\10 - Goth Angel (2)\,{Shemale Yum Dvd03~G56~10-2~10 - Goth Angel (2)}
angeleyes2076.jpg,172453,9291882d,\Gallery 56\10 - Goth Angel (2)\,{Shemale Yum Dvd03~G56~10-2~10 - Goth Angel (2)}
angeleyes2077.jpg,126209,b87a3dc1,\Gallery 56\10 - Goth Angel (2)\,{Shemale Yum Dvd03~G56~10-2~10 - Goth Angel (2)}
angeleyes2078.jpg,178385,b6522b7e,\Gallery 56\10 - Goth Angel (2)\,{Shemale Yum Dvd03~G56~10-2~10 - Goth Angel (2)}
angeleyes2079.jpg,178740,531c71a2,\Gallery 56\10 - Goth Angel (2)\,{Shemale Yum Dvd03~G56~10-2~10 - Goth Angel (2)}
angeleyes2080.jpg,147197,59d5d0c1,\Gallery 56\10 - Goth Angel (2)\,{Shemale Yum Dvd03~G56~10-2~10 - Goth Angel (2)}
angeleyes2081.jpg,137462,c402fd06,\Gallery 56\10 - Goth Angel (2)\,{Shemale Yum Dvd03~G56~10-2~10 - Goth Angel (2)}
angeleyes2082.jpg,145659,d6c5c283,\Gallery 56\10 - Goth Angel (2)\,{Shemale Yum Dvd03~G56~10-2~10 - Goth Angel (2)}
angeleyes2083.jpg,165559,142585a9,\Gallery 56\10 - Goth Angel (2)\,{Shemale Yum Dvd03~G56~10-2~10 - Goth Angel (2)}
angeleyes2084.jpg,162045,cfc0cf14,\Gallery 56\10 - Goth Angel (2)\,{Shemale Yum Dvd03~G56~10-2~10 - Goth Angel (2)}
angeleyes2085.jpg,135205,62f0c3bf,\Gallery 56\10 - Goth Angel (2)\,{Shemale Yum Dvd03~G56~10-2~10 - Goth Angel (2)}
angeleyes2086.jpg,174980,4e2f359e,\Gallery 56\10 - Goth Angel (2)\,{Shemale Yum Dvd03~G56~10-2~10 - Goth Angel (2)}
angeleyes2087.jpg,121482,6c9f0db5,\Gallery 56\10 - Goth Angel (2)\,{Shemale Yum Dvd03~G56~10-2~10 - Goth Angel (2)}
angeleyes2088.jpg,159159,110a8098,\Gallery 56\10 - Goth Angel (2)\,{Shemale Yum Dvd03~G56~10-2~10 - Goth Angel (2)}
angeleyes2089.jpg,157711,a10a5db1,\Gallery 56\10 - Goth Angel (2)\,{Shemale Yum Dvd03~G56~10-2~10 - Goth Angel (2)}
angeleyes2090.jpg,139512,88ebfde2,\Gallery 56\10 - Goth Angel (2)\,{Shemale Yum Dvd03~G56~10-2~10 - Goth Angel (2)}
angeleyes2091.jpg,132520,bad1f2df,\Gallery 56\10 - Goth Angel (2)\,{Shemale Yum Dvd03~G56~10-2~10 - Goth Angel (2)}
angeleyes2092.jpg,172696,f8915975,\Gallery 56\10 - Goth Angel (2)\,{Shemale Yum Dvd03~G56~10-2~10 - Goth Angel (2)}
angeleyes2093.jpg,158130,7471ce45,\Gallery 56\10 - Goth Angel (2)\,{Shemale Yum Dvd03~G56~10-2~10 - Goth Angel (2)}
angeleyes2094.jpg,133739,5550b5ff,\Gallery 56\10 - Goth Angel (2)\,{Shemale Yum Dvd03~G56~10-2~10 - Goth Angel (2)}
angeleyes2095.jpg,126683,91287893,\Gallery 56\10 - Goth Angel (2)\,{Shemale Yum Dvd03~G56~10-2~10 - Goth Angel (2)}
angeleyes2096.jpg,177049,690ec6fe,\Gallery 56\10 - Goth Angel (2)\,{Shemale Yum Dvd03~G56~10-2~10 - Goth Angel (2)}
angeleyes2097.jpg,181988,75f2b264,\Gallery 56\10 - Goth Angel (2)\,{Shemale Yum Dvd03~G56~10-2~10 - Goth Angel (2)}
angeleyes2098.jpg,164230,bd003a66,\Gallery 56\10 - Goth Angel (2)\,{Shemale Yum Dvd03~G56~10-2~10 - Goth Angel (2)}
angeleyes2099.jpg,120400,a8cade7c,\Gallery 56\10 - Goth Angel (2)\,{Shemale Yum Dvd03~G56~10-2~10 - Goth Angel (2)}
angeleyes2101.jpg,158504,c274a616,\Gallery 56\10 - Goth Angel (2)\,{Shemale Yum Dvd03~G56~10-2~10 - Goth Angel (2)}
angeleyes2102.jpg,146225,de7dd8ec,\Gallery 56\10 - Goth Angel (2)\,{Shemale Yum Dvd03~G56~10-2~10 - Goth Angel (2)}
angeleyes2103.jpg,179616,d66e1fee,\Gallery 56\10 - Goth Angel (2)\,{Shemale Yum Dvd03~G56~10-2~10 - Goth Angel (2)}
angeleyes2104.jpg,142448,45c5ecc7,\Gallery 56\10 - Goth Angel (2)\,{Shemale Yum Dvd03~G56~10-2~10 - Goth Angel (2)}
angeleyes2105.jpg,181106,59577119,\Gallery 56\10 - Goth Angel (2)\,{Shemale Yum Dvd03~G56~10-2~10 - Goth Angel (2)}
angeleyes2106.jpg,152810,b052a531,\Gallery 56\10 - Goth Angel (2)\,{Shemale Yum Dvd03~G56~10-2~10 - Goth Angel (2)}
angeleyes2107.jpg,136461,09380032,\Gallery 56\10 - Goth Angel (2)\,{Shemale Yum Dvd03~G56~10-2~10 - Goth Angel (2)}
angeleyes2108.jpg,140896,d2cbed74,\Gallery 56\10 - Goth Angel (2)\,{Shemale Yum Dvd03~G56~10-2~10 - Goth Angel (2)}
angeleyes2109.jpg,128128,94aa4ca7,\Gallery 56\10 - Goth Angel (2)\,{Shemale Yum Dvd03~G56~10-2~10 - Goth Angel (2)}
angeleyes2110.jpg,145278,299d229e,\Gallery 56\10 - Goth Angel (2)\,{Shemale Yum Dvd03~G56~10-2~10 - Goth Angel (2)}
angeleyes2111.jpg,133202,e892fb06,\Gallery 56\10 - Goth Angel (2)\,{Shemale Yum Dvd03~G56~10-2~10 - Goth Angel (2)}
angeleyes2112.jpg,133368,e721826b,\Gallery 56\10 - Goth Angel (2)\,{Shemale Yum Dvd03~G56~10-2~10 - Goth Angel (2)}
angeleyes2113.jpg,147154,3b075a19,\Gallery 56\10 - Goth Angel (2)\,{Shemale Yum Dvd03~G56~10-2~10 - Goth Angel (2)}
angeleyes2114.jpg,142767,2b0cafeb,\Gallery 56\10 - Goth Angel (2)\,{Shemale Yum Dvd03~G56~10-2~10 - Goth Angel (2)}
angeleyes3001.jpg,164406,121d0894,\Gallery 56\10 - Goth Angel (3)\,{Shemale Yum Dvd03~G56~10-3~10 - Goth Angel (3)}
angeleyes3002.jpg,144622,305290c6,\Gallery 56\10 - Goth Angel (3)\,{Shemale Yum Dvd03~G56~10-3~10 - Goth Angel (3)}
angeleyes3003.jpg,162312,80852875,\Gallery 56\10 - Goth Angel (3)\,{Shemale Yum Dvd03~G56~10-3~10 - Goth Angel (3)}
angeleyes3004.jpg,171690,cafa9a1d,\Gallery 56\10 - Goth Angel (3)\,{Shemale Yum Dvd03~G56~10-3~10 - Goth Angel (3)}
angeleyes3005.jpg,151813,166e6216,\Gallery 56\10 - Goth Angel (3)\,{Shemale Yum Dvd03~G56~10-3~10 - Goth Angel (3)}
angeleyes3006.jpg,156837,001b72b9,\Gallery 56\10 - Goth Angel (3)\,{Shemale Yum Dvd03~G56~10-3~10 - Goth Angel (3)}
angeleyes3007.jpg,197772,f18c9fa1,\Gallery 56\10 - Goth Angel (3)\,{Shemale Yum Dvd03~G56~10-3~10 - Goth Angel (3)}
angeleyes3008.jpg,163534,de45aca7,\Gallery 56\10 - Goth Angel (3)\,{Shemale Yum Dvd03~G56~10-3~10 - Goth Angel (3)}
angeleyes3009.jpg,159408,cc259e62,\Gallery 56\10 - Goth Angel (3)\,{Shemale Yum Dvd03~G56~10-3~10 - Goth Angel (3)}
angeleyes3010.jpg,163581,951b2086,\Gallery 56\10 - Goth Angel (3)\,{Shemale Yum Dvd03~G56~10-3~10 - Goth Angel (3)}
angeleyes3011.jpg,186362,e10c7831,\Gallery 56\10 - Goth Angel (3)\,{Shemale Yum Dvd03~G56~10-3~10 - Goth Angel (3)}
angeleyes3012.jpg,177905,15ee5509,\Gallery 56\10 - Goth Angel (3)\,{Shemale Yum Dvd03~G56~10-3~10 - Goth Angel (3)}
angeleyes3013.jpg,174939,1fc7be95,\Gallery 56\10 - Goth Angel (3)\,{Shemale Yum Dvd03~G56~10-3~10 - Goth Angel (3)}
angeleyes3014.jpg,163013,a9ba3964,\Gallery 56\10 - Goth Angel (3)\,{Shemale Yum Dvd03~G56~10-3~10 - Goth Angel (3)}
angeleyes3015.jpg,153656,9d6c3636,\Gallery 56\10 - Goth Angel (3)\,{Shemale Yum Dvd03~G56~10-3~10 - Goth Angel (3)}
angeleyes3016.jpg,130783,663f7fa8,\Gallery 56\10 - Goth Angel (3)\,{Shemale Yum Dvd03~G56~10-3~10 - Goth Angel (3)}
angeleyes3017.jpg,179488,55e14f18,\Gallery 56\10 - Goth Angel (3)\,{Shemale Yum Dvd03~G56~10-3~10 - Goth Angel (3)}
angeleyes3018.jpg,158037,4c75401a,\Gallery 56\10 - Goth Angel (3)\,{Shemale Yum Dvd03~G56~10-3~10 - Goth Angel (3)}
angeleyes3019.jpg,166405,5b99f813,\Gallery 56\10 - Goth Angel (3)\,{Shemale Yum Dvd03~G56~10-3~10 - Goth Angel (3)}
angeleyes3020.jpg,174953,de448004,\Gallery 56\10 - Goth Angel (3)\,{Shemale Yum Dvd03~G56~10-3~10 - Goth Angel (3)}
angeleyes3021.jpg,165139,7a79a4d3,\Gallery 56\10 - Goth Angel (3)\,{Shemale Yum Dvd03~G56~10-3~10 - Goth Angel (3)}
angeleyes3022.jpg,142634,b3b86ea7,\Gallery 56\10 - Goth Angel (3)\,{Shemale Yum Dvd03~G56~10-3~10 - Goth Angel (3)}
angeleyes3023.jpg,162974,0717e19a,\Gallery 56\10 - Goth Angel (3)\,{Shemale Yum Dvd03~G56~10-3~10 - Goth Angel (3)}
angeleyes3024.jpg,148323,9a08eb70,\Gallery 56\10 - Goth Angel (3)\,{Shemale Yum Dvd03~G56~10-3~10 - Goth Angel (3)}
angeleyes3025.jpg,141440,bb1b3efb,\Gallery 56\10 - Goth Angel (3)\,{Shemale Yum Dvd03~G56~10-3~10 - Goth Angel (3)}
angeleyes3026.jpg,150610,5b85d6bf,\Gallery 56\10 - Goth Angel (3)\,{Shemale Yum Dvd03~G56~10-3~10 - Goth Angel (3)}
angeleyes3027.jpg,142972,ffed7961,\Gallery 56\10 - Goth Angel (3)\,{Shemale Yum Dvd03~G56~10-3~10 - Goth Angel (3)}
angeleyes3028.jpg,126326,f22948ef,\Gallery 56\10 - Goth Angel (3)\,{Shemale Yum Dvd03~G56~10-3~10 - Goth Angel (3)}
angeleyes3029.jpg,145978,b2285e83,\Gallery 56\10 - Goth Angel (3)\,{Shemale Yum Dvd03~G56~10-3~10 - Goth Angel (3)}
angeleyes3030.jpg,141585,4183a53e,\Gallery 56\10 - Goth Angel (3)\,{Shemale Yum Dvd03~G56~10-3~10 - Goth Angel (3)}
angeleyes3031.jpg,140622,6b09030a,\Gallery 56\10 - Goth Angel (3)\,{Shemale Yum Dvd03~G56~10-3~10 - Goth Angel (3)}
angeleyes3032.jpg,140455,cb51afb8,\Gallery 56\10 - Goth Angel (3)\,{Shemale Yum Dvd03~G56~10-3~10 - Goth Angel (3)}
angeleyes3033.jpg,165221,e6e977df,\Gallery 56\10 - Goth Angel (3)\,{Shemale Yum Dvd03~G56~10-3~10 - Goth Angel (3)}
angeleyes3034.jpg,169775,2119f18b,\Gallery 56\10 - Goth Angel (3)\,{Shemale Yum Dvd03~G56~10-3~10 - Goth Angel (3)}
angeleyes3035.jpg,157355,96207c34,\Gallery 56\10 - Goth Angel (3)\,{Shemale Yum Dvd03~G56~10-3~10 - Goth Angel (3)}
angeleyes3036.jpg,168068,8e503cf5,\Gallery 56\10 - Goth Angel (3)\,{Shemale Yum Dvd03~G56~10-3~10 - Goth Angel (3)}
angeleyes3037.jpg,142083,7456a67c,\Gallery 56\10 - Goth Angel (3)\,{Shemale Yum Dvd03~G56~10-3~10 - Goth Angel (3)}
angeleyes3038.jpg,136870,fc5deed2,\Gallery 56\10 - Goth Angel (3)\,{Shemale Yum Dvd03~G56~10-3~10 - Goth Angel (3)}
angeleyes3039.jpg,145776,fd8f5006,\Gallery 56\10 - Goth Angel (3)\,{Shemale Yum Dvd03~G56~10-3~10 - Goth Angel (3)}
angeleyes3040.jpg,135768,b9d09491,\Gallery 56\10 - Goth Angel (3)\,{Shemale Yum Dvd03~G56~10-3~10 - Goth Angel (3)}
angeleyes3041.jpg,175435,fdf4f295,\Gallery 56\10 - Goth Angel (3)\,{Shemale Yum Dvd03~G56~10-3~10 - Goth Angel (3)}
angeleyes3042.jpg,156559,74deffd6,\Gallery 56\10 - Goth Angel (3)\,{Shemale Yum Dvd03~G56~10-3~10 - Goth Angel (3)}
angeleyes3043.jpg,182200,c244b7d4,\Gallery 56\10 - Goth Angel (3)\,{Shemale Yum Dvd03~G56~10-3~10 - Goth Angel (3)}
angeleyes3044.jpg,172054,5479644d,\Gallery 56\10 - Goth Angel (3)\,{Shemale Yum Dvd03~G56~10-3~10 - Goth Angel (3)}
angeleyes3045.jpg,170277,e002e790,\Gallery 56\10 - Goth Angel (3)\,{Shemale Yum Dvd03~G56~10-3~10 - Goth Angel (3)}
angeleyes3046.jpg,149680,60e0fc23,\Gallery 56\10 - Goth Angel (3)\,{Shemale Yum Dvd03~G56~10-3~10 - Goth Angel (3)}
angeleyes3047.jpg,158298,28b9e995,\Gallery 56\10 - Goth Angel (3)\,{Shemale Yum Dvd03~G56~10-3~10 - Goth Angel (3)}
angeleyes3048.jpg,171871,f8c92a8c,\Gallery 56\10 - Goth Angel (3)\,{Shemale Yum Dvd03~G56~10-3~10 - Goth Angel (3)}
angeleyes3049.jpg,179655,a8fb9214,\Gallery 56\10 - Goth Angel (3)\,{Shemale Yum Dvd03~G56~10-3~10 - Goth Angel (3)}
angeleyes3050.jpg,158781,87b918aa,\Gallery 56\10 - Goth Angel (3)\,{Shemale Yum Dvd03~G56~10-3~10 - Goth Angel (3)}
angeleyes3051.jpg,182776,57fff6f2,\Gallery 56\10 - Goth Angel (3)\,{Shemale Yum Dvd03~G56~10-3~10 - Goth Angel (3)}
angeleyes3052.jpg,165042,c2c6bf57,\Gallery 56\10 - Goth Angel (3)\,{Shemale Yum Dvd03~G56~10-3~10 - Goth Angel (3)}
angeleyes3053.jpg,150950,f0f9e05d,\Gallery 56\10 - Goth Angel (3)\,{Shemale Yum Dvd03~G56~10-3~10 - Goth Angel (3)}
angeleyes3054.jpg,130253,6f4609df,\Gallery 56\10 - Goth Angel (3)\,{Shemale Yum Dvd03~G56~10-3~10 - Goth Angel (3)}
angeleyes3055.jpg,163777,bde61a94,\Gallery 56\10 - Goth Angel (3)\,{Shemale Yum Dvd03~G56~10-3~10 - Goth Angel (3)}
angeleyes3056.jpg,187251,6f2e2420,\Gallery 56\10 - Goth Angel (3)\,{Shemale Yum Dvd03~G56~10-3~10 - Goth Angel (3)}
angeleyes3057.jpg,180657,02e254a6,\Gallery 56\10 - Goth Angel (3)\,{Shemale Yum Dvd03~G56~10-3~10 - Goth Angel (3)}
angeleyes3058.jpg,143389,67156794,\Gallery 56\10 - Goth Angel (3)\,{Shemale Yum Dvd03~G56~10-3~10 - Goth Angel (3)}
angeleyes3059.jpg,153152,6750b27a,\Gallery 56\10 - Goth Angel (3)\,{Shemale Yum Dvd03~G56~10-3~10 - Goth Angel (3)}
angeleyes3060.jpg,145398,3290959e,\Gallery 56\10 - Goth Angel (3)\,{Shemale Yum Dvd03~G56~10-3~10 - Goth Angel (3)}
angeleyes3061.jpg,156910,ce834b38,\Gallery 56\10 - Goth Angel (3)\,{Shemale Yum Dvd03~G56~10-3~10 - Goth Angel (3)}
angeleyes3062.jpg,162955,b56a6d3d,\Gallery 56\10 - Goth Angel (3)\,{Shemale Yum Dvd03~G56~10-3~10 - Goth Angel (3)}
angeleyes3063.jpg,162726,c17c969e,\Gallery 56\10 - Goth Angel (3)\,{Shemale Yum Dvd03~G56~10-3~10 - Goth Angel (3)}
angeleyes3064.jpg,121599,ffee87a8,\Gallery 56\10 - Goth Angel (3)\,{Shemale Yum Dvd03~G56~10-3~10 - Goth Angel (3)}
angeleyes3065.jpg,156543,1394072a,\Gallery 56\10 - Goth Angel (3)\,{Shemale Yum Dvd03~G56~10-3~10 - Goth Angel (3)}
angeleyes3066.jpg,164285,fb2fed7a,\Gallery 56\10 - Goth Angel (3)\,{Shemale Yum Dvd03~G56~10-3~10 - Goth Angel (3)}
angeleyes3067.jpg,153898,55caaed4,\Gallery 56\10 - Goth Angel (3)\,{Shemale Yum Dvd03~G56~10-3~10 - Goth Angel (3)}
angeleyes3068.jpg,150638,0a391984,\Gallery 56\10 - Goth Angel (3)\,{Shemale Yum Dvd03~G56~10-3~10 - Goth Angel (3)}
angeleyes3069.jpg,129645,84a09cb2,\Gallery 56\10 - Goth Angel (3)\,{Shemale Yum Dvd03~G56~10-3~10 - Goth Angel (3)}
angeleyes3070.jpg,140114,0c2d4bf6,\Gallery 56\10 - Goth Angel (3)\,{Shemale Yum Dvd03~G56~10-3~10 - Goth Angel (3)}
angeleyes3071.jpg,135948,1846e114,\Gallery 56\10 - Goth Angel (3)\,{Shemale Yum Dvd03~G56~10-3~10 - Goth Angel (3)}
angeleyes3072.jpg,141894,5c0976fc,\Gallery 56\10 - Goth Angel (3)\,{Shemale Yum Dvd03~G56~10-3~10 - Goth Angel (3)}
angeleyes3073.jpg,135382,7cc8d2df,\Gallery 56\10 - Goth Angel (3)\,{Shemale Yum Dvd03~G56~10-3~10 - Goth Angel (3)}
angeleyes3074.jpg,159463,da96e392,\Gallery 56\10 - Goth Angel (3)\,{Shemale Yum Dvd03~G56~10-3~10 - Goth Angel (3)}
angeleyes3075.jpg,171604,3c942d3d,\Gallery 56\10 - Goth Angel (3)\,{Shemale Yum Dvd03~G56~10-3~10 - Goth Angel (3)}
angeleyes3076.jpg,167510,c0eeed15,\Gallery 56\10 - Goth Angel (3)\,{Shemale Yum Dvd03~G56~10-3~10 - Goth Angel (3)}
angeleyes3077.jpg,184050,8fe6b108,\Gallery 56\10 - Goth Angel (3)\,{Shemale Yum Dvd03~G56~10-3~10 - Goth Angel (3)}
angeleyes3078.jpg,159469,9e4f179f,\Gallery 56\10 - Goth Angel (3)\,{Shemale Yum Dvd03~G56~10-3~10 - Goth Angel (3)}
angeleyes3079.jpg,157868,009e6a36,\Gallery 56\10 - Goth Angel (3)\,{Shemale Yum Dvd03~G56~10-3~10 - Goth Angel (3)}
angeleyes3080.jpg,183522,6e566dc1,\Gallery 56\10 - Goth Angel (3)\,{Shemale Yum Dvd03~G56~10-3~10 - Goth Angel (3)}
angeleyes3081.jpg,163324,a4f26824,\Gallery 56\10 - Goth Angel (3)\,{Shemale Yum Dvd03~G56~10-3~10 - Goth Angel (3)}
angeleyes3082.jpg,170446,13b95ac6,\Gallery 56\10 - Goth Angel (3)\,{Shemale Yum Dvd03~G56~10-3~10 - Goth Angel (3)}
angeleyes3083.jpg,194753,8db4d103,\Gallery 56\10 - Goth Angel (3)\,{Shemale Yum Dvd03~G56~10-3~10 - Goth Angel (3)}
angeleyes3084.jpg,185199,923a3cc9,\Gallery 56\10 - Goth Angel (3)\,{Shemale Yum Dvd03~G56~10-3~10 - Goth Angel (3)}
angeleyes3085.jpg,178624,2ee45c8b,\Gallery 56\10 - Goth Angel (3)\,{Shemale Yum Dvd03~G56~10-3~10 - Goth Angel (3)}
angeleyes3086.jpg,153013,401095d9,\Gallery 56\10 - Goth Angel (3)\,{Shemale Yum Dvd03~G56~10-3~10 - Goth Angel (3)}
angeleyes3087.jpg,169208,11c3eeec,\Gallery 56\10 - Goth Angel (3)\,{Shemale Yum Dvd03~G56~10-3~10 - Goth Angel (3)}
angeleyes3088.jpg,195774,8e34c888,\Gallery 56\10 - Goth Angel (3)\,{Shemale Yum Dvd03~G56~10-3~10 - Goth Angel (3)}
angeleyes3089.jpg,183964,5daabf2d,\Gallery 56\10 - Goth Angel (3)\,{Shemale Yum Dvd03~G56~10-3~10 - Goth Angel (3)}
angeleyes3090.jpg,177946,d4c58834,\Gallery 56\10 - Goth Angel (3)\,{Shemale Yum Dvd03~G56~10-3~10 - Goth Angel (3)}
angeleyes3091.jpg,155993,520e4252,\Gallery 56\10 - Goth Angel (3)\,{Shemale Yum Dvd03~G56~10-3~10 - Goth Angel (3)}
angeleyes3092.jpg,156830,30c7f64a,\Gallery 56\10 - Goth Angel (3)\,{Shemale Yum Dvd03~G56~10-3~10 - Goth Angel (3)}
angeleyes3093.jpg,164279,463ce4a7,\Gallery 56\10 - Goth Angel (3)\,{Shemale Yum Dvd03~G56~10-3~10 - Goth Angel (3)}
angeleyes3094.jpg,154810,506ad076,\Gallery 56\10 - Goth Angel (3)\,{Shemale Yum Dvd03~G56~10-3~10 - Goth Angel (3)}
angeleyes3095.jpg,161303,0f9dc7cf,\Gallery 56\10 - Goth Angel (3)\,{Shemale Yum Dvd03~G56~10-3~10 - Goth Angel (3)}
angeleyes3096.jpg,173504,44b4ea29,\Gallery 56\10 - Goth Angel (3)\,{Shemale Yum Dvd03~G56~10-3~10 - Goth Angel (3)}
angeleyes3098.jpg,154523,d677a0f6,\Gallery 56\10 - Goth Angel (3)\,{Shemale Yum Dvd03~G56~10-3~10 - Goth Angel (3)}
angeleyes3099.jpg,165737,0b55c934,\Gallery 56\10 - Goth Angel (3)\,{Shemale Yum Dvd03~G56~10-3~10 - Goth Angel (3)}
angeleyes3100.jpg,163794,72dcefe3,\Gallery 56\10 - Goth Angel (3)\,{Shemale Yum Dvd03~G56~10-3~10 - Goth Angel (3)}
angeleyes3101.jpg,166435,9f3ed4c1,\Gallery 56\10 - Goth Angel (3)\,{Shemale Yum Dvd03~G56~10-3~10 - Goth Angel (3)}
angeleyes3102.jpg,167640,d60f05ac,\Gallery 56\10 - Goth Angel (3)\,{Shemale Yum Dvd03~G56~10-3~10 - Goth Angel (3)}
angeleyes3103.jpg,158109,19b1fd70,\Gallery 56\10 - Goth Angel (3)\,{Shemale Yum Dvd03~G56~10-3~10 - Goth Angel (3)}
angeleyes3104.jpg,103681,3a5a7f99,\Gallery 56\10 - Goth Angel (3)\,{Shemale Yum Dvd03~G56~10-3~10 - Goth Angel (3)}
angeleyes3105.jpg,162030,be751585,\Gallery 56\10 - Goth Angel (3)\,{Shemale Yum Dvd03~G56~10-3~10 - Goth Angel (3)}
angeleyes3106.jpg,154430,e910b1d9,\Gallery 56\10 - Goth Angel (3)\,{Shemale Yum Dvd03~G56~10-3~10 - Goth Angel (3)}
angeleyes3107.jpg,172179,e2121d92,\Gallery 56\10 - Goth Angel (3)\,{Shemale Yum Dvd03~G56~10-3~10 - Goth Angel (3)}
angeleyes3108.jpg,182456,92aca446,\Gallery 56\10 - Goth Angel (3)\,{Shemale Yum Dvd03~G56~10-3~10 - Goth Angel (3)}
angeleyes3109.jpg,163803,a9a3b79b,\Gallery 56\10 - Goth Angel (3)\,{Shemale Yum Dvd03~G56~10-3~10 - Goth Angel (3)}
angeleyes3110.jpg,179515,88352e7e,\Gallery 56\10 - Goth Angel (3)\,{Shemale Yum Dvd03~G56~10-3~10 - Goth Angel (3)}
angeleyes3111.jpg,169495,4e84df66,\Gallery 56\10 - Goth Angel (3)\,{Shemale Yum Dvd03~G56~10-3~10 - Goth Angel (3)}
angeleyes3112.jpg,185773,d7bcb44b,\Gallery 56\10 - Goth Angel (3)\,{Shemale Yum Dvd03~G56~10-3~10 - Goth Angel (3)}
angeleyes3113.jpg,170767,408baabf,\Gallery 56\10 - Goth Angel (3)\,{Shemale Yum Dvd03~G56~10-3~10 - Goth Angel (3)}
angeleyes3114.jpg,153630,5e337575,\Gallery 56\10 - Goth Angel (3)\,{Shemale Yum Dvd03~G56~10-3~10 - Goth Angel (3)}
angeleyes3115.jpg,163877,ef017b53,\Gallery 56\10 - Goth Angel (3)\,{Shemale Yum Dvd03~G56~10-3~10 - Goth Angel (3)}
angeleyes3116.jpg,178125,7e39ff75,\Gallery 56\10 - Goth Angel (3)\,{Shemale Yum Dvd03~G56~10-3~10 - Goth Angel (3)}
angeleyes3117.jpg,174575,a867808b,\Gallery 56\10 - Goth Angel (3)\,{Shemale Yum Dvd03~G56~10-3~10 - Goth Angel (3)}
angeleyes3118.jpg,162885,f082dc34,\Gallery 56\10 - Goth Angel (3)\,{Shemale Yum Dvd03~G56~10-3~10 - Goth Angel (3)}
angeleyes3119.jpg,156778,e85a78d6,\Gallery 56\10 - Goth Angel (3)\,{Shemale Yum Dvd03~G56~10-3~10 - Goth Angel (3)}
angeleyes3120.jpg,157396,623a9ad7,\Gallery 56\10 - Goth Angel (3)\,{Shemale Yum Dvd03~G56~10-3~10 - Goth Angel (3)}
angeleyes4001.jpg,195196,236ebf95,\Gallery 56\10 - Goth Angel (4)\,{Shemale Yum Dvd03~G56~10-4~10 - Goth Angel (4)}
angeleyes4002.jpg,128040,79957b5d,\Gallery 56\10 - Goth Angel (4)\,{Shemale Yum Dvd03~G56~10-4~10 - Goth Angel (4)}
angeleyes4003.jpg,150240,21774029,\Gallery 56\10 - Goth Angel (4)\,{Shemale Yum Dvd03~G56~10-4~10 - Goth Angel (4)}
angeleyes4004.jpg,188208,a917806d,\Gallery 56\10 - Goth Angel (4)\,{Shemale Yum Dvd03~G56~10-4~10 - Goth Angel (4)}
angeleyes4005.jpg,181445,835316f3,\Gallery 56\10 - Goth Angel (4)\,{Shemale Yum Dvd03~G56~10-4~10 - Goth Angel (4)}
angeleyes4006.jpg,147019,873e0813,\Gallery 56\10 - Goth Angel (4)\,{Shemale Yum Dvd03~G56~10-4~10 - Goth Angel (4)}
angeleyes4007.jpg,190584,352499a6,\Gallery 56\10 - Goth Angel (4)\,{Shemale Yum Dvd03~G56~10-4~10 - Goth Angel (4)}
angeleyes4008.jpg,182229,a0cb9ad3,\Gallery 56\10 - Goth Angel (4)\,{Shemale Yum Dvd03~G56~10-4~10 - Goth Angel (4)}
angeleyes4009.jpg,182978,7d5ccd53,\Gallery 56\10 - Goth Angel (4)\,{Shemale Yum Dvd03~G56~10-4~10 - Goth Angel (4)}
angeleyes4010.jpg,154771,416f4a3c,\Gallery 56\10 - Goth Angel (4)\,{Shemale Yum Dvd03~G56~10-4~10 - Goth Angel (4)}
angeleyes4011.jpg,135513,63dc8efd,\Gallery 56\10 - Goth Angel (4)\,{Shemale Yum Dvd03~G56~10-4~10 - Goth Angel (4)}
angeleyes4012.jpg,151250,044b54f1,\Gallery 56\10 - Goth Angel (4)\,{Shemale Yum Dvd03~G56~10-4~10 - Goth Angel (4)}
angeleyes4017.jpg,197099,56df4b0d,\Gallery 56\10 - Goth Angel (4)\,{Shemale Yum Dvd03~G56~10-4~10 - Goth Angel (4)}
angeleyes4018.jpg,181791,6c3e743c,\Gallery 56\10 - Goth Angel (4)\,{Shemale Yum Dvd03~G56~10-4~10 - Goth Angel (4)}
angeleyes4021.jpg,168473,b5b288f0,\Gallery 56\10 - Goth Angel (4)\,{Shemale Yum Dvd03~G56~10-4~10 - Goth Angel (4)}
angeleyes4022.jpg,165328,bd026a13,\Gallery 56\10 - Goth Angel (4)\,{Shemale Yum Dvd03~G56~10-4~10 - Goth Angel (4)}
angeleyes4023.jpg,159830,fa8bbf62,\Gallery 56\10 - Goth Angel (4)\,{Shemale Yum Dvd03~G56~10-4~10 - Goth Angel (4)}
angeleyes4024.jpg,173520,50d0a2ff,\Gallery 56\10 - Goth Angel (4)\,{Shemale Yum Dvd03~G56~10-4~10 - Goth Angel (4)}
angeleyes4025.jpg,156048,eab2de4e,\Gallery 56\10 - Goth Angel (4)\,{Shemale Yum Dvd03~G56~10-4~10 - Goth Angel (4)}
angeleyes4026.jpg,169689,809dcbe6,\Gallery 56\10 - Goth Angel (4)\,{Shemale Yum Dvd03~G56~10-4~10 - Goth Angel (4)}
angeleyes4027.jpg,171662,d02011bd,\Gallery 56\10 - Goth Angel (4)\,{Shemale Yum Dvd03~G56~10-4~10 - Goth Angel (4)}
angeleyes4028.jpg,164988,956fde6b,\Gallery 56\10 - Goth Angel (4)\,{Shemale Yum Dvd03~G56~10-4~10 - Goth Angel (4)}
angeleyes4029.jpg,148585,501aa19d,\Gallery 56\10 - Goth Angel (4)\,{Shemale Yum Dvd03~G56~10-4~10 - Goth Angel (4)}
angeleyes4030.jpg,146321,1b3c2ee7,\Gallery 56\10 - Goth Angel (4)\,{Shemale Yum Dvd03~G56~10-4~10 - Goth Angel (4)}
angeleyes4031.jpg,155412,b0ba73ee,\Gallery 56\10 - Goth Angel (4)\,{Shemale Yum Dvd03~G56~10-4~10 - Goth Angel (4)}
angeleyes4032.jpg,150510,1c8dcca6,\Gallery 56\10 - Goth Angel (4)\,{Shemale Yum Dvd03~G56~10-4~10 - Goth Angel (4)}
angeleyes4033.jpg,175303,6fefe548,\Gallery 56\10 - Goth Angel (4)\,{Shemale Yum Dvd03~G56~10-4~10 - Goth Angel (4)}
angeleyes4034.jpg,185477,f98d1d1b,\Gallery 56\10 - Goth Angel (4)\,{Shemale Yum Dvd03~G56~10-4~10 - Goth Angel (4)}
angeleyes4035.jpg,142668,9bc15759,\Gallery 56\10 - Goth Angel (4)\,{Shemale Yum Dvd03~G56~10-4~10 - Goth Angel (4)}
angeleyes4036.jpg,156791,5f2d7467,\Gallery 56\10 - Goth Angel (4)\,{Shemale Yum Dvd03~G56~10-4~10 - Goth Angel (4)}
angeleyes4037.jpg,135100,ceb81231,\Gallery 56\10 - Goth Angel (4)\,{Shemale Yum Dvd03~G56~10-4~10 - Goth Angel (4)}
angeleyes4038.jpg,176991,dffb8b2b,\Gallery 56\10 - Goth Angel (4)\,{Shemale Yum Dvd03~G56~10-4~10 - Goth Angel (4)}
angeleyes4039.jpg,139585,b205bb7d,\Gallery 56\10 - Goth Angel (4)\,{Shemale Yum Dvd03~G56~10-4~10 - Goth Angel (4)}
angeleyes4040.jpg,160157,51ee021f,\Gallery 56\10 - Goth Angel (4)\,{Shemale Yum Dvd03~G56~10-4~10 - Goth Angel (4)}
angeleyes4041.jpg,149944,803c5123,\Gallery 56\10 - Goth Angel (4)\,{Shemale Yum Dvd03~G56~10-4~10 - Goth Angel (4)}
angeleyes4042.jpg,129548,6d0a293e,\Gallery 56\10 - Goth Angel (4)\,{Shemale Yum Dvd03~G56~10-4~10 - Goth Angel (4)}
angeleyes4043.jpg,142359,ebf4a989,\Gallery 56\10 - Goth Angel (4)\,{Shemale Yum Dvd03~G56~10-4~10 - Goth Angel (4)}
angeleyes4044.jpg,143533,900644d6,\Gallery 56\10 - Goth Angel (4)\,{Shemale Yum Dvd03~G56~10-4~10 - Goth Angel (4)}
angeleyes4045.jpg,140680,e2b107e2,\Gallery 56\10 - Goth Angel (4)\,{Shemale Yum Dvd03~G56~10-4~10 - Goth Angel (4)}
angeleyes4046.jpg,180607,93b765e6,\Gallery 56\10 - Goth Angel (4)\,{Shemale Yum Dvd03~G56~10-4~10 - Goth Angel (4)}
angeleyes4047.jpg,134916,3370914b,\Gallery 56\10 - Goth Angel (4)\,{Shemale Yum Dvd03~G56~10-4~10 - Goth Angel (4)}
angeleyes4048.jpg,130360,93fbf5b9,\Gallery 56\10 - Goth Angel (4)\,{Shemale Yum Dvd03~G56~10-4~10 - Goth Angel (4)}
angeleyes4049.jpg,135976,3c64e7f8,\Gallery 56\10 - Goth Angel (4)\,{Shemale Yum Dvd03~G56~10-4~10 - Goth Angel (4)}
angeleyes4050.jpg,133416,2bb725a6,\Gallery 56\10 - Goth Angel (4)\,{Shemale Yum Dvd03~G56~10-4~10 - Goth Angel (4)}
angeleyes4051.jpg,131907,23cfa4fb,\Gallery 56\10 - Goth Angel (4)\,{Shemale Yum Dvd03~G56~10-4~10 - Goth Angel (4)}
angeleyes4052.jpg,151519,0f4e3b1a,\Gallery 56\10 - Goth Angel (4)\,{Shemale Yum Dvd03~G56~10-4~10 - Goth Angel (4)}
angeleyes4053.jpg,128740,f1b2a0d4,\Gallery 56\10 - Goth Angel (4)\,{Shemale Yum Dvd03~G56~10-4~10 - Goth Angel (4)}
angeleyes4054.jpg,133780,7525a9fb,\Gallery 56\10 - Goth Angel (4)\,{Shemale Yum Dvd03~G56~10-4~10 - Goth Angel (4)}
angeleyes4055.jpg,119325,662d01c1,\Gallery 56\10 - Goth Angel (4)\,{Shemale Yum Dvd03~G56~10-4~10 - Goth Angel (4)}
angeleyes4056.jpg,179106,d9974977,\Gallery 56\10 - Goth Angel (4)\,{Shemale Yum Dvd03~G56~10-4~10 - Goth Angel (4)}
angeleyes4057.jpg,182898,ab3e95e5,\Gallery 56\10 - Goth Angel (4)\,{Shemale Yum Dvd03~G56~10-4~10 - Goth Angel (4)}
angeleyes4059.jpg,191131,e2ef9ac1,\Gallery 56\10 - Goth Angel (4)\,{Shemale Yum Dvd03~G56~10-4~10 - Goth Angel (4)}
angeleyes4060.jpg,130242,aeb095a3,\Gallery 56\10 - Goth Angel (4)\,{Shemale Yum Dvd03~G56~10-4~10 - Goth Angel (4)}
angeleyes4061.jpg,133525,3dc76788,\Gallery 56\10 - Goth Angel (4)\,{Shemale Yum Dvd03~G56~10-4~10 - Goth Angel (4)}
angeleyes4062.jpg,167256,3dd190d6,\Gallery 56\10 - Goth Angel (4)\,{Shemale Yum Dvd03~G56~10-4~10 - Goth Angel (4)}
angeleyes4063.jpg,160497,fc488917,\Gallery 56\10 - Goth Angel (4)\,{Shemale Yum Dvd03~G56~10-4~10 - Goth Angel (4)}
angeleyes4064.jpg,193857,e459468b,\Gallery 56\10 - Goth Angel (4)\,{Shemale Yum Dvd03~G56~10-4~10 - Goth Angel (4)}
angeleyes4065.jpg,126031,3f099921,\Gallery 56\10 - Goth Angel (4)\,{Shemale Yum Dvd03~G56~10-4~10 - Goth Angel (4)}
angeleyes4066.jpg,162803,2efadd93,\Gallery 56\10 - Goth Angel (4)\,{Shemale Yum Dvd03~G56~10-4~10 - Goth Angel (4)}
angeleyes4067.jpg,150902,8596032d,\Gallery 56\10 - Goth Angel (4)\,{Shemale Yum Dvd03~G56~10-4~10 - Goth Angel (4)}
angeleyes4070.jpg,148120,b5a73565,\Gallery 56\10 - Goth Angel (4)\,{Shemale Yum Dvd03~G56~10-4~10 - Goth Angel (4)}
angeleyes4071.jpg,161936,5a1fde6d,\Gallery 56\10 - Goth Angel (4)\,{Shemale Yum Dvd03~G56~10-4~10 - Goth Angel (4)}
angeleyes4072.jpg,137866,85ce5abb,\Gallery 56\10 - Goth Angel (4)\,{Shemale Yum Dvd03~G56~10-4~10 - Goth Angel (4)}
angeleyes4073.jpg,76441,ec1b9f29,\Gallery 56\10 - Goth Angel (4)\,{Shemale Yum Dvd03~G56~10-4~10 - Goth Angel (4)}
angeleyes4074.jpg,150613,a0356493,\Gallery 56\10 - Goth Angel (4)\,{Shemale Yum Dvd03~G56~10-4~10 - Goth Angel (4)}
angeleyes4075.jpg,145319,4d431f67,\Gallery 56\10 - Goth Angel (4)\,{Shemale Yum Dvd03~G56~10-4~10 - Goth Angel (4)}
angeleyes4076.jpg,129488,1a2f514d,\Gallery 56\10 - Goth Angel (4)\,{Shemale Yum Dvd03~G56~10-4~10 - Goth Angel (4)}
angeleyes4077.jpg,123661,68e371ab,\Gallery 56\10 - Goth Angel (4)\,{Shemale Yum Dvd03~G56~10-4~10 - Goth Angel (4)}
angeleyes4079.jpg,137860,e90ce630,\Gallery 56\10 - Goth Angel (4)\,{Shemale Yum Dvd03~G56~10-4~10 - Goth Angel (4)}
angeleyes4080.jpg,139589,ae026ad3,\Gallery 56\10 - Goth Angel (4)\,{Shemale Yum Dvd03~G56~10-4~10 - Goth Angel (4)}
angeleyes4081.jpg,141520,02300e7e,\Gallery 56\10 - Goth Angel (4)\,{Shemale Yum Dvd03~G56~10-4~10 - Goth Angel (4)}
angeleyes4082.jpg,139334,4f87dc42,\Gallery 56\10 - Goth Angel (4)\,{Shemale Yum Dvd03~G56~10-4~10 - Goth Angel (4)}
angeleyes4083.jpg,121783,da709925,\Gallery 56\10 - Goth Angel (4)\,{Shemale Yum Dvd03~G56~10-4~10 - Goth Angel (4)}
angeleyes4084.jpg,121410,eefc73ec,\Gallery 56\10 - Goth Angel (4)\,{Shemale Yum Dvd03~G56~10-4~10 - Goth Angel (4)}
angeleyes4085.jpg,123094,aa8004c9,\Gallery 56\10 - Goth Angel (4)\,{Shemale Yum Dvd03~G56~10-4~10 - Goth Angel (4)}
angeleyes4086.jpg,128143,f9a8232c,\Gallery 56\10 - Goth Angel (4)\,{Shemale Yum Dvd03~G56~10-4~10 - Goth Angel (4)}
angeleyes4087.jpg,141840,9a35b25e,\Gallery 56\10 - Goth Angel (4)\,{Shemale Yum Dvd03~G56~10-4~10 - Goth Angel (4)}
angeleyes4088.jpg,142624,d63d245f,\Gallery 56\10 - Goth Angel (4)\,{Shemale Yum Dvd03~G56~10-4~10 - Goth Angel (4)}
angeleyes4089.jpg,130640,6aab4db9,\Gallery 56\10 - Goth Angel (4)\,{Shemale Yum Dvd03~G56~10-4~10 - Goth Angel (4)}
angeleyes4090.jpg,130562,06c5174f,\Gallery 56\10 - Goth Angel (4)\,{Shemale Yum Dvd03~G56~10-4~10 - Goth Angel (4)}
angeleyes4092.jpg,146271,9f845ffc,\Gallery 56\10 - Goth Angel (4)\,{Shemale Yum Dvd03~G56~10-4~10 - Goth Angel (4)}
angeleyes4093.jpg,147620,94d96511,\Gallery 56\10 - Goth Angel (4)\,{Shemale Yum Dvd03~G56~10-4~10 - Goth Angel (4)}
angeleyes4094.jpg,146581,8e4d4ea0,\Gallery 56\10 - Goth Angel (4)\,{Shemale Yum Dvd03~G56~10-4~10 - Goth Angel (4)}
angeleyes4095.jpg,82530,5cc33a1f,\Gallery 56\10 - Goth Angel (4)\,{Shemale Yum Dvd03~G56~10-4~10 - Goth Angel (4)}
angeleyes4096.jpg,185921,ad721215,\Gallery 56\10 - Goth Angel (4)\,{Shemale Yum Dvd03~G56~10-4~10 - Goth Angel (4)}
angeleyes4097.jpg,184724,aef38b74,\Gallery 56\10 - Goth Angel (4)\,{Shemale Yum Dvd03~G56~10-4~10 - Goth Angel (4)}
angeleyes4098.jpg,148395,8132e353,\Gallery 56\10 - Goth Angel (4)\,{Shemale Yum Dvd03~G56~10-4~10 - Goth Angel (4)}
angeleyes4099.jpg,151705,e2d7428c,\Gallery 56\10 - Goth Angel (4)\,{Shemale Yum Dvd03~G56~10-4~10 - Goth Angel (4)}
angeleyes4100.jpg,148952,c48ce0bc,\Gallery 56\10 - Goth Angel (4)\,{Shemale Yum Dvd03~G56~10-4~10 - Goth Angel (4)}
angeleyes4101.jpg,129566,adba48b3,\Gallery 56\10 - Goth Angel (4)\,{Shemale Yum Dvd03~G56~10-4~10 - Goth Angel (4)}
angeleyes4102.jpg,182728,df13859f,\Gallery 56\10 - Goth Angel (4)\,{Shemale Yum Dvd03~G56~10-4~10 - Goth Angel (4)}
angeleyes4103.jpg,150131,e62b866c,\Gallery 56\10 - Goth Angel (4)\,{Shemale Yum Dvd03~G56~10-4~10 - Goth Angel (4)}
angeleyes4104.jpg,156743,504721f9,\Gallery 56\10 - Goth Angel (4)\,{Shemale Yum Dvd03~G56~10-4~10 - Goth Angel (4)}
angeleyes4106.jpg,151251,71172b32,\Gallery 56\10 - Goth Angel (4)\,{Shemale Yum Dvd03~G56~10-4~10 - Goth Angel (4)}
angeleyes4107.jpg,117146,330ea2ce,\Gallery 56\10 - Goth Angel (4)\,{Shemale Yum Dvd03~G56~10-4~10 - Goth Angel (4)}
angeleyes4108.jpg,132462,adab5218,\Gallery 56\10 - Goth Angel (4)\,{Shemale Yum Dvd03~G56~10-4~10 - Goth Angel (4)}
angeleyes4109.jpg,138421,fcef208c,\Gallery 56\10 - Goth Angel (4)\,{Shemale Yum Dvd03~G56~10-4~10 - Goth Angel (4)}
angeleyes4110.jpg,135235,462616e9,\Gallery 56\10 - Goth Angel (4)\,{Shemale Yum Dvd03~G56~10-4~10 - Goth Angel (4)}
angeleyes4111.jpg,147571,6aadbb76,\Gallery 56\10 - Goth Angel (4)\,{Shemale Yum Dvd03~G56~10-4~10 - Goth Angel (4)}
angeleyes4112.jpg,141857,a419d352,\Gallery 56\10 - Goth Angel (4)\,{Shemale Yum Dvd03~G56~10-4~10 - Goth Angel (4)}
angeleyes4113.jpg,136566,3e466163,\Gallery 56\10 - Goth Angel (4)\,{Shemale Yum Dvd03~G56~10-4~10 - Goth Angel (4)}
angeleyes4114.jpg,174459,3043cc71,\Gallery 56\10 - Goth Angel (4)\,{Shemale Yum Dvd03~G56~10-4~10 - Goth Angel (4)}
angeleyes4115.jpg,140707,43026bdc,\Gallery 56\10 - Goth Angel (4)\,{Shemale Yum Dvd03~G56~10-4~10 - Goth Angel (4)}
angeleyes4116.jpg,144428,dd137cee,\Gallery 56\10 - Goth Angel (4)\,{Shemale Yum Dvd03~G56~10-4~10 - Goth Angel (4)}
angeleyes4117.jpg,150607,a1dd6167,\Gallery 56\10 - Goth Angel (4)\,{Shemale Yum Dvd03~G56~10-4~10 - Goth Angel (4)}
angeleyes4118.jpg,139800,e8928bad,\Gallery 56\10 - Goth Angel (4)\,{Shemale Yum Dvd03~G56~10-4~10 - Goth Angel (4)}
angeleyes5001.jpg,129191,197a043b,\Gallery 56\10 - Goth Angel (5)\,{Shemale Yum Dvd03~G56~10-5~10 - Goth Angel (5)}
angeleyes5002.jpg,146626,492567dd,\Gallery 56\10 - Goth Angel (5)\,{Shemale Yum Dvd03~G56~10-5~10 - Goth Angel (5)}
angeleyes5003.jpg,130349,b5d4a923,\Gallery 56\10 - Goth Angel (5)\,{Shemale Yum Dvd03~G56~10-5~10 - Goth Angel (5)}
angeleyes5004.jpg,133050,3d9cde74,\Gallery 56\10 - Goth Angel (5)\,{Shemale Yum Dvd03~G56~10-5~10 - Goth Angel (5)}
angeleyes5005.jpg,162552,9afc20c0,\Gallery 56\10 - Goth Angel (5)\,{Shemale Yum Dvd03~G56~10-5~10 - Goth Angel (5)}
angeleyes5006.jpg,156128,9ecac6f3,\Gallery 56\10 - Goth Angel (5)\,{Shemale Yum Dvd03~G56~10-5~10 - Goth Angel (5)}
angeleyes5007.jpg,151383,2101d63a,\Gallery 56\10 - Goth Angel (5)\,{Shemale Yum Dvd03~G56~10-5~10 - Goth Angel (5)}
angeleyes5008.jpg,107680,62badee1,\Gallery 56\10 - Goth Angel (5)\,{Shemale Yum Dvd03~G56~10-5~10 - Goth Angel (5)}
angeleyes5009.jpg,169059,0b587bf2,\Gallery 56\10 - Goth Angel (5)\,{Shemale Yum Dvd03~G56~10-5~10 - Goth Angel (5)}
angeleyes5010.jpg,157113,53f42e0b,\Gallery 56\10 - Goth Angel (5)\,{Shemale Yum Dvd03~G56~10-5~10 - Goth Angel (5)}
angeleyes5011.jpg,146223,c5faace0,\Gallery 56\10 - Goth Angel (5)\,{Shemale Yum Dvd03~G56~10-5~10 - Goth Angel (5)}
angeleyes5012.jpg,125508,8061d62f,\Gallery 56\10 - Goth Angel (5)\,{Shemale Yum Dvd03~G56~10-5~10 - Goth Angel (5)}
angeleyes5013.jpg,137946,6ed76406,\Gallery 56\10 - Goth Angel (5)\,{Shemale Yum Dvd03~G56~10-5~10 - Goth Angel (5)}
angeleyes5014.jpg,141365,2119d363,\Gallery 56\10 - Goth Angel (5)\,{Shemale Yum Dvd03~G56~10-5~10 - Goth Angel (5)}
angeleyes5015.jpg,132273,c9fcc8e2,\Gallery 56\10 - Goth Angel (5)\,{Shemale Yum Dvd03~G56~10-5~10 - Goth Angel (5)}
angeleyes5016.jpg,140232,21ceb0d8,\Gallery 56\10 - Goth Angel (5)\,{Shemale Yum Dvd03~G56~10-5~10 - Goth Angel (5)}
angeleyes5017.jpg,133567,a545ced2,\Gallery 56\10 - Goth Angel (5)\,{Shemale Yum Dvd03~G56~10-5~10 - Goth Angel (5)}
angeleyes5018.jpg,143333,49f56170,\Gallery 56\10 - Goth Angel (5)\,{Shemale Yum Dvd03~G56~10-5~10 - Goth Angel (5)}
angeleyes5019.jpg,111512,e2c3f2cd,\Gallery 56\10 - Goth Angel (5)\,{Shemale Yum Dvd03~G56~10-5~10 - Goth Angel (5)}
angeleyes5020.jpg,130306,c6af9721,\Gallery 56\10 - Goth Angel (5)\,{Shemale Yum Dvd03~G56~10-5~10 - Goth Angel (5)}
angeleyes5021.jpg,119937,4322e6ef,\Gallery 56\10 - Goth Angel (5)\,{Shemale Yum Dvd03~G56~10-5~10 - Goth Angel (5)}
angeleyes5022.jpg,114714,3892afba,\Gallery 56\10 - Goth Angel (5)\,{Shemale Yum Dvd03~G56~10-5~10 - Goth Angel (5)}
angeleyes5023.jpg,117798,6066f013,\Gallery 56\10 - Goth Angel (5)\,{Shemale Yum Dvd03~G56~10-5~10 - Goth Angel (5)}
angeleyes5024.jpg,131251,f08aacd0,\Gallery 56\10 - Goth Angel (5)\,{Shemale Yum Dvd03~G56~10-5~10 - Goth Angel (5)}
angeleyes5025.jpg,123418,c93abbdc,\Gallery 56\10 - Goth Angel (5)\,{Shemale Yum Dvd03~G56~10-5~10 - Goth Angel (5)}
angeleyes5026.jpg,101375,4a1f0717,\Gallery 56\10 - Goth Angel (5)\,{Shemale Yum Dvd03~G56~10-5~10 - Goth Angel (5)}
angeleyes5027.jpg,116852,55a378a5,\Gallery 56\10 - Goth Angel (5)\,{Shemale Yum Dvd03~G56~10-5~10 - Goth Angel (5)}
angeleyes5028.jpg,124587,84799025,\Gallery 56\10 - Goth Angel (5)\,{Shemale Yum Dvd03~G56~10-5~10 - Goth Angel (5)}
angeleyes5029.jpg,137721,cb033271,\Gallery 56\10 - Goth Angel (5)\,{Shemale Yum Dvd03~G56~10-5~10 - Goth Angel (5)}
angeleyes5030.jpg,124180,4b06eab5,\Gallery 56\10 - Goth Angel (5)\,{Shemale Yum Dvd03~G56~10-5~10 - Goth Angel (5)}
angeleyes5031.jpg,103474,e31b0411,\Gallery 56\10 - Goth Angel (5)\,{Shemale Yum Dvd03~G56~10-5~10 - Goth Angel (5)}
angeleyes5032.jpg,118889,f6ca16f5,\Gallery 56\10 - Goth Angel (5)\,{Shemale Yum Dvd03~G56~10-5~10 - Goth Angel (5)}
angeleyes5033.jpg,112464,d77dfa88,\Gallery 56\10 - Goth Angel (5)\,{Shemale Yum Dvd03~G56~10-5~10 - Goth Angel (5)}
angeleyes5034.jpg,107294,737321dd,\Gallery 56\10 - Goth Angel (5)\,{Shemale Yum Dvd03~G56~10-5~10 - Goth Angel (5)}
angeleyes5035.jpg,122788,ebef4056,\Gallery 56\10 - Goth Angel (5)\,{Shemale Yum Dvd03~G56~10-5~10 - Goth Angel (5)}
angeleyes5036.jpg,122186,64717e5c,\Gallery 56\10 - Goth Angel (5)\,{Shemale Yum Dvd03~G56~10-5~10 - Goth Angel (5)}
angeleyes5037.jpg,115500,1250a2a7,\Gallery 56\10 - Goth Angel (5)\,{Shemale Yum Dvd03~G56~10-5~10 - Goth Angel (5)}
angeleyes5038.jpg,133343,04709716,\Gallery 56\10 - Goth Angel (5)\,{Shemale Yum Dvd03~G56~10-5~10 - Goth Angel (5)}
angeleyes5039.jpg,155731,4e70f3cb,\Gallery 56\10 - Goth Angel (5)\,{Shemale Yum Dvd03~G56~10-5~10 - Goth Angel (5)}
angeleyes5040.jpg,139525,e242632c,\Gallery 56\10 - Goth Angel (5)\,{Shemale Yum Dvd03~G56~10-5~10 - Goth Angel (5)}
angeleyes5041.jpg,128507,0599f1df,\Gallery 56\10 - Goth Angel (5)\,{Shemale Yum Dvd03~G56~10-5~10 - Goth Angel (5)}
angeleyes5042.jpg,122532,200e4f16,\Gallery 56\10 - Goth Angel (5)\,{Shemale Yum Dvd03~G56~10-5~10 - Goth Angel (5)}
angeleyes5043.jpg,191650,d1084e01,\Gallery 56\10 - Goth Angel (5)\,{Shemale Yum Dvd03~G56~10-5~10 - Goth Angel (5)}
angeleyes5044.jpg,184472,4bf7e225,\Gallery 56\10 - Goth Angel (5)\,{Shemale Yum Dvd03~G56~10-5~10 - Goth Angel (5)}
angeleyes5045.jpg,166155,ea5f77d0,\Gallery 56\10 - Goth Angel (5)\,{Shemale Yum Dvd03~G56~10-5~10 - Goth Angel (5)}
angeleyes5046.jpg,122934,8859e631,\Gallery 56\10 - Goth Angel (5)\,{Shemale Yum Dvd03~G56~10-5~10 - Goth Angel (5)}
angeleyes5047.jpg,177303,1c92fc94,\Gallery 56\10 - Goth Angel (5)\,{Shemale Yum Dvd03~G56~10-5~10 - Goth Angel (5)}
angeleyes5048.jpg,153484,fc4412d1,\Gallery 56\10 - Goth Angel (5)\,{Shemale Yum Dvd03~G56~10-5~10 - Goth Angel (5)}
angeleyes5049.jpg,116614,071f0f45,\Gallery 56\10 - Goth Angel (5)\,{Shemale Yum Dvd03~G56~10-5~10 - Goth Angel (5)}
angeleyes5050.jpg,126172,9aa012a1,\Gallery 56\10 - Goth Angel (5)\,{Shemale Yum Dvd03~G56~10-5~10 - Goth Angel (5)}
angeleyes5051.jpg,159435,e6b7f057,\Gallery 56\10 - Goth Angel (5)\,{Shemale Yum Dvd03~G56~10-5~10 - Goth Angel (5)}
angeleyes5052.jpg,154043,c3a9018a,\Gallery 56\10 - Goth Angel (5)\,{Shemale Yum Dvd03~G56~10-5~10 - Goth Angel (5)}
angeleyes5053.jpg,144050,0e6fadcf,\Gallery 56\10 - Goth Angel (5)\,{Shemale Yum Dvd03~G56~10-5~10 - Goth Angel (5)}
angeleyes5054.jpg,128786,9eccd47f,\Gallery 56\10 - Goth Angel (5)\,{Shemale Yum Dvd03~G56~10-5~10 - Goth Angel (5)}
angeleyes5055.jpg,130341,3a16f883,\Gallery 56\10 - Goth Angel (5)\,{Shemale Yum Dvd03~G56~10-5~10 - Goth Angel (5)}
angeleyes5056.jpg,134237,5bcfca2d,\Gallery 56\10 - Goth Angel (5)\,{Shemale Yum Dvd03~G56~10-5~10 - Goth Angel (5)}
angeleyes5057.jpg,130818,6fc8d3cb,\Gallery 56\10 - Goth Angel (5)\,{Shemale Yum Dvd03~G56~10-5~10 - Goth Angel (5)}
angeleyes5058.jpg,126896,71db0f4d,\Gallery 56\10 - Goth Angel (5)\,{Shemale Yum Dvd03~G56~10-5~10 - Goth Angel (5)}
angeleyes5059.jpg,193125,7e99a730,\Gallery 56\10 - Goth Angel (5)\,{Shemale Yum Dvd03~G56~10-5~10 - Goth Angel (5)}
angeleyes5060.jpg,187027,af830646,\Gallery 56\10 - Goth Angel (5)\,{Shemale Yum Dvd03~G56~10-5~10 - Goth Angel (5)}
angeleyes5061.jpg,171663,80f75744,\Gallery 56\10 - Goth Angel (5)\,{Shemale Yum Dvd03~G56~10-5~10 - Goth Angel (5)}
angeleyes5062.jpg,170626,e7c9761a,\Gallery 56\10 - Goth Angel (5)\,{Shemale Yum Dvd03~G56~10-5~10 - Goth Angel (5)}
angeleyes5063.jpg,172910,8c9a3165,\Gallery 56\10 - Goth Angel (5)\,{Shemale Yum Dvd03~G56~10-5~10 - Goth Angel (5)}
angeleyes5064.jpg,179161,8d48a666,\Gallery 56\10 - Goth Angel (5)\,{Shemale Yum Dvd03~G56~10-5~10 - Goth Angel (5)}
angeleyes5065.jpg,121909,094cc5e8,\Gallery 56\10 - Goth Angel (5)\,{Shemale Yum Dvd03~G56~10-5~10 - Goth Angel (5)}
angeleyes5066.jpg,169568,ae22062d,\Gallery 56\10 - Goth Angel (5)\,{Shemale Yum Dvd03~G56~10-5~10 - Goth Angel (5)}
angeleyes5067.jpg,165298,07009ad9,\Gallery 56\10 - Goth Angel (5)\,{Shemale Yum Dvd03~G56~10-5~10 - Goth Angel (5)}
angeleyes5068.jpg,164258,80dc6122,\Gallery 56\10 - Goth Angel (5)\,{Shemale Yum Dvd03~G56~10-5~10 - Goth Angel (5)}
angeleyes5069.jpg,164066,9c5a7852,\Gallery 56\10 - Goth Angel (5)\,{Shemale Yum Dvd03~G56~10-5~10 - Goth Angel (5)}
angeleyes5070.jpg,171622,79ab1243,\Gallery 56\10 - Goth Angel (5)\,{Shemale Yum Dvd03~G56~10-5~10 - Goth Angel (5)}
angeleyes5071.jpg,130069,4402e7dd,\Gallery 56\10 - Goth Angel (5)\,{Shemale Yum Dvd03~G56~10-5~10 - Goth Angel (5)}
angeleyes5072.jpg,117875,e6b8f1ed,\Gallery 56\10 - Goth Angel (5)\,{Shemale Yum Dvd03~G56~10-5~10 - Goth Angel (5)}
angeleyes5073.jpg,129602,34cb6f55,\Gallery 56\10 - Goth Angel (5)\,{Shemale Yum Dvd03~G56~10-5~10 - Goth Angel (5)}
angeleyes5074.jpg,123449,74ca3876,\Gallery 56\10 - Goth Angel (5)\,{Shemale Yum Dvd03~G56~10-5~10 - Goth Angel (5)}
angeleyes5075.jpg,125441,e1a5c05d,\Gallery 56\10 - Goth Angel (5)\,{Shemale Yum Dvd03~G56~10-5~10 - Goth Angel (5)}
angeleyes5076.jpg,108308,bfa00bb0,\Gallery 56\10 - Goth Angel (5)\,{Shemale Yum Dvd03~G56~10-5~10 - Goth Angel (5)}
angeleyes5077.jpg,95999,5b36d8ae,\Gallery 56\10 - Goth Angel (5)\,{Shemale Yum Dvd03~G56~10-5~10 - Goth Angel (5)}
angeleyes5078.jpg,105384,2c820e0c,\Gallery 56\10 - Goth Angel (5)\,{Shemale Yum Dvd03~G56~10-5~10 - Goth Angel (5)}
angeleyes5079.jpg,171197,e4ab6d19,\Gallery 56\10 - Goth Angel (5)\,{Shemale Yum Dvd03~G56~10-5~10 - Goth Angel (5)}
angeleyes5080.jpg,107988,3be82270,\Gallery 56\10 - Goth Angel (5)\,{Shemale Yum Dvd03~G56~10-5~10 - Goth Angel (5)}
angeleyes5081.jpg,154933,2ff1fceb,\Gallery 56\10 - Goth Angel (5)\,{Shemale Yum Dvd03~G56~10-5~10 - Goth Angel (5)}
angeleyes5082.jpg,101890,d0714c8f,\Gallery 56\10 - Goth Angel (5)\,{Shemale Yum Dvd03~G56~10-5~10 - Goth Angel (5)}
angeleyes5083.jpg,111491,10032136,\Gallery 56\10 - Goth Angel (5)\,{Shemale Yum Dvd03~G56~10-5~10 - Goth Angel (5)}
angeleyes5084.jpg,183037,1ec64fc7,\Gallery 56\10 - Goth Angel (5)\,{Shemale Yum Dvd03~G56~10-5~10 - Goth Angel (5)}
angeleyes5085.jpg,143756,928b6046,\Gallery 56\10 - Goth Angel (5)\,{Shemale Yum Dvd03~G56~10-5~10 - Goth Angel (5)}
angeleyes5086.jpg,198994,8466ef5e,\Gallery 56\10 - Goth Angel (5)\,{Shemale Yum Dvd03~G56~10-5~10 - Goth Angel (5)}
angeleyes5087.jpg,173368,63619303,\Gallery 56\10 - Goth Angel (5)\,{Shemale Yum Dvd03~G56~10-5~10 - Goth Angel (5)}
angeleyes5088.jpg,152486,2c6debb4,\Gallery 56\10 - Goth Angel (5)\,{Shemale Yum Dvd03~G56~10-5~10 - Goth Angel (5)}
angeleyes5089.jpg,169653,a053a5a0,\Gallery 56\10 - Goth Angel (5)\,{Shemale Yum Dvd03~G56~10-5~10 - Goth Angel (5)}
angeleyes5090.jpg,150458,62889df1,\Gallery 56\10 - Goth Angel (5)\,{Shemale Yum Dvd03~G56~10-5~10 - Goth Angel (5)}
angeleyes6001.jpg,118290,aa6e9f9a,\Gallery 56\10 - Goth Angel (6)\,{Shemale Yum Dvd03~G56~10-6~10 - Goth Angel (6)}
angeleyes6002.jpg,120535,1044f70a,\Gallery 56\10 - Goth Angel (6)\,{Shemale Yum Dvd03~G56~10-6~10 - Goth Angel (6)}
angeleyes6003.jpg,122396,c106f20a,\Gallery 56\10 - Goth Angel (6)\,{Shemale Yum Dvd03~G56~10-6~10 - Goth Angel (6)}
angeleyes6004.jpg,112917,11cc0dca,\Gallery 56\10 - Goth Angel (6)\,{Shemale Yum Dvd03~G56~10-6~10 - Goth Angel (6)}
angeleyes6005.jpg,144527,00ddc03b,\Gallery 56\10 - Goth Angel (6)\,{Shemale Yum Dvd03~G56~10-6~10 - Goth Angel (6)}
angeleyes6006.jpg,135874,5b447f69,\Gallery 56\10 - Goth Angel (6)\,{Shemale Yum Dvd03~G56~10-6~10 - Goth Angel (6)}
angeleyes6007.jpg,159568,e4783b8b,\Gallery 56\10 - Goth Angel (6)\,{Shemale Yum Dvd03~G56~10-6~10 - Goth Angel (6)}
angeleyes6008.jpg,139606,6a93fdca,\Gallery 56\10 - Goth Angel (6)\,{Shemale Yum Dvd03~G56~10-6~10 - Goth Angel (6)}
angeleyes6009.jpg,130183,20cc3e5f,\Gallery 56\10 - Goth Angel (6)\,{Shemale Yum Dvd03~G56~10-6~10 - Goth Angel (6)}
angeleyes6010.jpg,100119,58db2c1b,\Gallery 56\10 - Goth Angel (6)\,{Shemale Yum Dvd03~G56~10-6~10 - Goth Angel (6)}
angeleyes6011.jpg,134539,1b7a1e9a,\Gallery 56\10 - Goth Angel (6)\,{Shemale Yum Dvd03~G56~10-6~10 - Goth Angel (6)}
angeleyes6012.jpg,133605,0ad5aa18,\Gallery 56\10 - Goth Angel (6)\,{Shemale Yum Dvd03~G56~10-6~10 - Goth Angel (6)}
angeleyes6013.jpg,122911,c78dab65,\Gallery 56\10 - Goth Angel (6)\,{Shemale Yum Dvd03~G56~10-6~10 - Goth Angel (6)}
angeleyes6014.jpg,138340,b5c244fd,\Gallery 56\10 - Goth Angel (6)\,{Shemale Yum Dvd03~G56~10-6~10 - Goth Angel (6)}
angeleyes6015.jpg,121037,4881e80e,\Gallery 56\10 - Goth Angel (6)\,{Shemale Yum Dvd03~G56~10-6~10 - Goth Angel (6)}
angeleyes6016.jpg,124715,0a19828b,\Gallery 56\10 - Goth Angel (6)\,{Shemale Yum Dvd03~G56~10-6~10 - Goth Angel (6)}
angeleyes6017.jpg,131408,78f7b584,\Gallery 56\10 - Goth Angel (6)\,{Shemale Yum Dvd03~G56~10-6~10 - Goth Angel (6)}
angeleyes6018.jpg,127440,5a3f4c30,\Gallery 56\10 - Goth Angel (6)\,{Shemale Yum Dvd03~G56~10-6~10 - Goth Angel (6)}
angeleyes6019.jpg,139346,ce4c34a8,\Gallery 56\10 - Goth Angel (6)\,{Shemale Yum Dvd03~G56~10-6~10 - Goth Angel (6)}
angeleyes6020.jpg,141789,8c8ff069,\Gallery 56\10 - Goth Angel (6)\,{Shemale Yum Dvd03~G56~10-6~10 - Goth Angel (6)}
angeleyes6021.jpg,136089,3bdf7411,\Gallery 56\10 - Goth Angel (6)\,{Shemale Yum Dvd03~G56~10-6~10 - Goth Angel (6)}
angeleyes6022.jpg,145181,14e8eae3,\Gallery 56\10 - Goth Angel (6)\,{Shemale Yum Dvd03~G56~10-6~10 - Goth Angel (6)}
angeleyes6023.jpg,128488,bcfe300e,\Gallery 56\10 - Goth Angel (6)\,{Shemale Yum Dvd03~G56~10-6~10 - Goth Angel (6)}
angeleyes6024.jpg,132800,5a08b237,\Gallery 56\10 - Goth Angel (6)\,{Shemale Yum Dvd03~G56~10-6~10 - Goth Angel (6)}
angeleyes6025.jpg,138569,e87471f2,\Gallery 56\10 - Goth Angel (6)\,{Shemale Yum Dvd03~G56~10-6~10 - Goth Angel (6)}
angeleyes6026.jpg,135321,1482a9dc,\Gallery 56\10 - Goth Angel (6)\,{Shemale Yum Dvd03~G56~10-6~10 - Goth Angel (6)}
angeleyes6027.jpg,174973,5d162130,\Gallery 56\10 - Goth Angel (6)\,{Shemale Yum Dvd03~G56~10-6~10 - Goth Angel (6)}
angeleyes6028.jpg,145592,ab6dc8f8,\Gallery 56\10 - Goth Angel (6)\,{Shemale Yum Dvd03~G56~10-6~10 - Goth Angel (6)}
angeleyes6029.jpg,168981,bba385f3,\Gallery 56\10 - Goth Angel (6)\,{Shemale Yum Dvd03~G56~10-6~10 - Goth Angel (6)}
angeleyes6030.jpg,152168,894ce417,\Gallery 56\10 - Goth Angel (6)\,{Shemale Yum Dvd03~G56~10-6~10 - Goth Angel (6)}
angeleyes6031.jpg,156038,55c87706,\Gallery 56\10 - Goth Angel (6)\,{Shemale Yum Dvd03~G56~10-6~10 - Goth Angel (6)}
angeleyes6032.jpg,164996,6374f70c,\Gallery 56\10 - Goth Angel (6)\,{Shemale Yum Dvd03~G56~10-6~10 - Goth Angel (6)}
angeleyes6033.jpg,148682,21018cd9,\Gallery 56\10 - Goth Angel (6)\,{Shemale Yum Dvd03~G56~10-6~10 - Goth Angel (6)}
angeleyes6034.jpg,148786,b549923b,\Gallery 56\10 - Goth Angel (6)\,{Shemale Yum Dvd03~G56~10-6~10 - Goth Angel (6)}
angeleyes6035.jpg,170627,b099944f,\Gallery 56\10 - Goth Angel (6)\,{Shemale Yum Dvd03~G56~10-6~10 - Goth Angel (6)}
angeleyes6036.jpg,150788,990e43f3,\Gallery 56\10 - Goth Angel (6)\,{Shemale Yum Dvd03~G56~10-6~10 - Goth Angel (6)}
angeleyes6037.jpg,160184,9f7576d7,\Gallery 56\10 - Goth Angel (6)\,{Shemale Yum Dvd03~G56~10-6~10 - Goth Angel (6)}
angeleyes6038.jpg,92960,c0feae89,\Gallery 56\10 - Goth Angel (6)\,{Shemale Yum Dvd03~G56~10-6~10 - Goth Angel (6)}
angeleyes6039.jpg,115078,30208567,\Gallery 56\10 - Goth Angel (6)\,{Shemale Yum Dvd03~G56~10-6~10 - Goth Angel (6)}
angeleyes6040.jpg,116558,a516a2dc,\Gallery 56\10 - Goth Angel (6)\,{Shemale Yum Dvd03~G56~10-6~10 - Goth Angel (6)}
angeleyes6041.jpg,155063,a50de952,\Gallery 56\10 - Goth Angel (6)\,{Shemale Yum Dvd03~G56~10-6~10 - Goth Angel (6)}
angeleyes6042.jpg,200538,0ecfe2a6,\Gallery 56\10 - Goth Angel (6)\,{Shemale Yum Dvd03~G56~10-6~10 - Goth Angel (6)}
angeleyes6043.jpg,144282,92d3a3ae,\Gallery 56\10 - Goth Angel (6)\,{Shemale Yum Dvd03~G56~10-6~10 - Goth Angel (6)}
angeleyes6044.jpg,126848,a027daad,\Gallery 56\10 - Goth Angel (6)\,{Shemale Yum Dvd03~G56~10-6~10 - Goth Angel (6)}
angeleyes6045.jpg,110887,4fb9fa1f,\Gallery 56\10 - Goth Angel (6)\,{Shemale Yum Dvd03~G56~10-6~10 - Goth Angel (6)}
angeleyes6046.jpg,136979,f89df85c,\Gallery 56\10 - Goth Angel (6)\,{Shemale Yum Dvd03~G56~10-6~10 - Goth Angel (6)}
angeleyes6047.jpg,123819,a4ee52de,\Gallery 56\10 - Goth Angel (6)\,{Shemale Yum Dvd03~G56~10-6~10 - Goth Angel (6)}
angeleyes6048.jpg,114412,0efbc600,\Gallery 56\10 - Goth Angel (6)\,{Shemale Yum Dvd03~G56~10-6~10 - Goth Angel (6)}
angeleyes6049.jpg,114290,fc9dcaba,\Gallery 56\10 - Goth Angel (6)\,{Shemale Yum Dvd03~G56~10-6~10 - Goth Angel (6)}
angeleyes6050.jpg,102476,c7e74a2b,\Gallery 56\10 - Goth Angel (6)\,{Shemale Yum Dvd03~G56~10-6~10 - Goth Angel (6)}
angeleyes6051.jpg,165966,96c499d7,\Gallery 56\10 - Goth Angel (6)\,{Shemale Yum Dvd03~G56~10-6~10 - Goth Angel (6)}
angeleyes6052.jpg,166389,7a7e0904,\Gallery 56\10 - Goth Angel (6)\,{Shemale Yum Dvd03~G56~10-6~10 - Goth Angel (6)}
angeleyes6053.jpg,140792,fd929e3c,\Gallery 56\10 - Goth Angel (6)\,{Shemale Yum Dvd03~G56~10-6~10 - Goth Angel (6)}
angeleyes6054.jpg,126639,eea0eaaa,\Gallery 56\10 - Goth Angel (6)\,{Shemale Yum Dvd03~G56~10-6~10 - Goth Angel (6)}
angeleyes6055.jpg,107375,bbc77305,\Gallery 56\10 - Goth Angel (6)\,{Shemale Yum Dvd03~G56~10-6~10 - Goth Angel (6)}
angeleyes6056.jpg,116082,8df2f704,\Gallery 56\10 - Goth Angel (6)\,{Shemale Yum Dvd03~G56~10-6~10 - Goth Angel (6)}
angeleyes6057.jpg,139394,424f6d54,\Gallery 56\10 - Goth Angel (6)\,{Shemale Yum Dvd03~G56~10-6~10 - Goth Angel (6)}
angeleyes6058.jpg,130390,0827c394,\Gallery 56\10 - Goth Angel (6)\,{Shemale Yum Dvd03~G56~10-6~10 - Goth Angel (6)}
angeleyes6059.jpg,129189,08b93aa6,\Gallery 56\10 - Goth Angel (6)\,{Shemale Yum Dvd03~G56~10-6~10 - Goth Angel (6)}
angeleyes6060.jpg,124026,774b8c76,\Gallery 56\10 - Goth Angel (6)\,{Shemale Yum Dvd03~G56~10-6~10 - Goth Angel (6)}
angeleyes6061.jpg,116954,77b644f0,\Gallery 56\10 - Goth Angel (6)\,{Shemale Yum Dvd03~G56~10-6~10 - Goth Angel (6)}
angeleyes6062.jpg,138237,43b9a32c,\Gallery 56\10 - Goth Angel (6)\,{Shemale Yum Dvd03~G56~10-6~10 - Goth Angel (6)}
angeleyes6063.jpg,176426,091a7a2e,\Gallery 56\10 - Goth Angel (6)\,{Shemale Yum Dvd03~G56~10-6~10 - Goth Angel (6)}
angeleyes6064.jpg,108989,937e7785,\Gallery 56\10 - Goth Angel (6)\,{Shemale Yum Dvd03~G56~10-6~10 - Goth Angel (6)}
angeleyes6065.jpg,117946,24e78bac,\Gallery 56\10 - Goth Angel (6)\,{Shemale Yum Dvd03~G56~10-6~10 - Goth Angel (6)}
angeleyes6066.jpg,122158,1521d26c,\Gallery 56\10 - Goth Angel (6)\,{Shemale Yum Dvd03~G56~10-6~10 - Goth Angel (6)}
angeleyes6067.jpg,118384,eae20d31,\Gallery 56\10 - Goth Angel (6)\,{Shemale Yum Dvd03~G56~10-6~10 - Goth Angel (6)}
angeleyes6068.jpg,116349,546fed24,\Gallery 56\10 - Goth Angel (6)\,{Shemale Yum Dvd03~G56~10-6~10 - Goth Angel (6)}
angeleyes6069.jpg,121715,008f88f4,\Gallery 56\10 - Goth Angel (6)\,{Shemale Yum Dvd03~G56~10-6~10 - Goth Angel (6)}
angeleyes6070.jpg,118559,4769c868,\Gallery 56\10 - Goth Angel (6)\,{Shemale Yum Dvd03~G56~10-6~10 - Goth Angel (6)}
angeleyes6071.jpg,123270,b26dd8dd,\Gallery 56\10 - Goth Angel (6)\,{Shemale Yum Dvd03~G56~10-6~10 - Goth Angel (6)}
angeleyes6072.jpg,111429,ec1a95e0,\Gallery 56\10 - Goth Angel (6)\,{Shemale Yum Dvd03~G56~10-6~10 - Goth Angel (6)}
angeleyes6073.jpg,112092,1cfa7c6c,\Gallery 56\10 - Goth Angel (6)\,{Shemale Yum Dvd03~G56~10-6~10 - Goth Angel (6)}
angeleyes6074.jpg,119900,7a5f8b5c,\Gallery 56\10 - Goth Angel (6)\,{Shemale Yum Dvd03~G56~10-6~10 - Goth Angel (6)}
angeleyes6075.jpg,138032,c7d1360a,\Gallery 56\10 - Goth Angel (6)\,{Shemale Yum Dvd03~G56~10-6~10 - Goth Angel (6)}
angeleyes6076.jpg,134956,d6625420,\Gallery 56\10 - Goth Angel (6)\,{Shemale Yum Dvd03~G56~10-6~10 - Goth Angel (6)}
angeleyes6077.jpg,117523,d0d1d96a,\Gallery 56\10 - Goth Angel (6)\,{Shemale Yum Dvd03~G56~10-6~10 - Goth Angel (6)}
angeleyes6078.jpg,141483,ffd93bad,\Gallery 56\10 - Goth Angel (6)\,{Shemale Yum Dvd03~G56~10-6~10 - Goth Angel (6)}
angeleyes6079.jpg,121551,39ab85a3,\Gallery 56\10 - Goth Angel (6)\,{Shemale Yum Dvd03~G56~10-6~10 - Goth Angel (6)}
angeleyes6080.jpg,121757,8de367ed,\Gallery 56\10 - Goth Angel (6)\,{Shemale Yum Dvd03~G56~10-6~10 - Goth Angel (6)}
angeleyes6081.jpg,124803,7df7841f,\Gallery 56\10 - Goth Angel (6)\,{Shemale Yum Dvd03~G56~10-6~10 - Goth Angel (6)}
angeleyes6082.jpg,101352,b28ebc6a,\Gallery 56\10 - Goth Angel (6)\,{Shemale Yum Dvd03~G56~10-6~10 - Goth Angel (6)}
angeleyes6083.jpg,108258,07fa9f3c,\Gallery 56\10 - Goth Angel (6)\,{Shemale Yum Dvd03~G56~10-6~10 - Goth Angel (6)}
angeleyes6084.jpg,128704,d800a1e6,\Gallery 56\10 - Goth Angel (6)\,{Shemale Yum Dvd03~G56~10-6~10 - Goth Angel (6)}
angeleyes6085.jpg,106477,53ae5950,\Gallery 56\10 - Goth Angel (6)\,{Shemale Yum Dvd03~G56~10-6~10 - Goth Angel (6)}
angeleyes6086.jpg,117613,07a91a44,\Gallery 56\10 - Goth Angel (6)\,{Shemale Yum Dvd03~G56~10-6~10 - Goth Angel (6)}
angeleyes6087.jpg,114991,9a281547,\Gallery 56\10 - Goth Angel (6)\,{Shemale Yum Dvd03~G56~10-6~10 - Goth Angel (6)}
angeleyes6088.jpg,125609,70521776,\Gallery 56\10 - Goth Angel (6)\,{Shemale Yum Dvd03~G56~10-6~10 - Goth Angel (6)}
angeleyes6089.jpg,101192,e3ad77b0,\Gallery 56\10 - Goth Angel (6)\,{Shemale Yum Dvd03~G56~10-6~10 - Goth Angel (6)}
angeleyes6090.jpg,113330,7043b744,\Gallery 56\10 - Goth Angel (6)\,{Shemale Yum Dvd03~G56~10-6~10 - Goth Angel (6)}
angeleyes6091.jpg,138562,484273d6,\Gallery 56\10 - Goth Angel (6)\,{Shemale Yum Dvd03~G56~10-6~10 - Goth Angel (6)}
angeleyes6092.jpg,122462,1caa9cbc,\Gallery 56\10 - Goth Angel (6)\,{Shemale Yum Dvd03~G56~10-6~10 - Goth Angel (6)}
angeleyes6093.jpg,113038,b30d9101,\Gallery 56\10 - Goth Angel (6)\,{Shemale Yum Dvd03~G56~10-6~10 - Goth Angel (6)}
angeleyes6094.jpg,118009,87e1277f,\Gallery 56\10 - Goth Angel (6)\,{Shemale Yum Dvd03~G56~10-6~10 - Goth Angel (6)}
angeleyes6095.jpg,127251,7c6c116c,\Gallery 56\10 - Goth Angel (6)\,{Shemale Yum Dvd03~G56~10-6~10 - Goth Angel (6)}
angeleyes6096.jpg,195980,fe35236e,\Gallery 56\10 - Goth Angel (6)\,{Shemale Yum Dvd03~G56~10-6~10 - Goth Angel (6)}
angeleyes6097.jpg,132812,e1149ebb,\Gallery 56\10 - Goth Angel (6)\,{Shemale Yum Dvd03~G56~10-6~10 - Goth Angel (6)}
angeleyes6098.jpg,225444,50ad65a0,\Gallery 56\10 - Goth Angel (6)\,{Shemale Yum Dvd03~G56~10-6~10 - Goth Angel (6)}
angeleyes6099.jpg,132901,95c4eaaa,\Gallery 56\10 - Goth Angel (6)\,{Shemale Yum Dvd03~G56~10-6~10 - Goth Angel (6)}
angeleyes6100.jpg,128731,a7735f8d,\Gallery 56\10 - Goth Angel (6)\,{Shemale Yum Dvd03~G56~10-6~10 - Goth Angel (6)}
angeleyes6101.jpg,145713,3117c6b3,\Gallery 56\10 - Goth Angel (6)\,{Shemale Yum Dvd03~G56~10-6~10 - Goth Angel (6)}
angeleyes6102.jpg,158366,d83db7a5,\Gallery 56\10 - Goth Angel (6)\,{Shemale Yum Dvd03~G56~10-6~10 - Goth Angel (6)}
angeleyes6103.jpg,87540,737e394a,\Gallery 56\10 - Goth Angel (6)\,{Shemale Yum Dvd03~G56~10-6~10 - Goth Angel (6)}
angeleyes6104.jpg,147219,a402dc86,\Gallery 56\10 - Goth Angel (6)\,{Shemale Yum Dvd03~G56~10-6~10 - Goth Angel (6)}
angeleyes6105.jpg,173018,c6e25ca4,\Gallery 56\10 - Goth Angel (6)\,{Shemale Yum Dvd03~G56~10-6~10 - Goth Angel (6)}
angeleyes6106.jpg,173471,efc37254,\Gallery 56\10 - Goth Angel (6)\,{Shemale Yum Dvd03~G56~10-6~10 - Goth Angel (6)}
angeleyes6107.jpg,139416,aa7ef8a9,\Gallery 56\10 - Goth Angel (6)\,{Shemale Yum Dvd03~G56~10-6~10 - Goth Angel (6)}
angeleyes6108.jpg,180100,6cc7d2a1,\Gallery 56\10 - Goth Angel (6)\,{Shemale Yum Dvd03~G56~10-6~10 - Goth Angel (6)}
angeleyes6109.jpg,187337,e8dc5472,\Gallery 56\10 - Goth Angel (6)\,{Shemale Yum Dvd03~G56~10-6~10 - Goth Angel (6)}
angeleyes6110.jpg,151529,ba40224a,\Gallery 56\10 - Goth Angel (6)\,{Shemale Yum Dvd03~G56~10-6~10 - Goth Angel (6)}
irene(105)006.jpg,157537,319e995d,\Gallery 59\02 - Irene\,{Shemale Yum Dvd03~G59~02~02 - Irene}
irene(105)064.jpg,165448,e4397d96,\Gallery 59\02 - Irene\,{Shemale Yum Dvd03~G59~02~02 - Irene}
irene002.jpg,150632,e8f53520,\Gallery 59\02 - Irene\,{Shemale Yum Dvd03~G59~02~02 - Irene}
irene003.jpg,161138,33890bb4,\Gallery 59\02 - Irene\,{Shemale Yum Dvd03~G59~02~02 - Irene}
irene005.jpg,174126,a6a2b0ea,\Gallery 59\02 - Irene\,{Shemale Yum Dvd03~G59~02~02 - Irene}
irene007.jpg,170983,18fa01f3,\Gallery 59\02 - Irene\,{Shemale Yum Dvd03~G59~02~02 - Irene}
irene008.jpg,176074,e81b0197,\Gallery 59\02 - Irene\,{Shemale Yum Dvd03~G59~02~02 - Irene}
irene009.jpg,132360,b7336bfb,\Gallery 59\02 - Irene\,{Shemale Yum Dvd03~G59~02~02 - Irene}
irene010.jpg,165691,c09ac7b1,\Gallery 59\02 - Irene\,{Shemale Yum Dvd03~G59~02~02 - Irene}
irene011.jpg,171115,b9b5476b,\Gallery 59\02 - Irene\,{Shemale Yum Dvd03~G59~02~02 - Irene}
irene012.jpg,169575,1e681f5d,\Gallery 59\02 - Irene\,{Shemale Yum Dvd03~G59~02~02 - Irene}
irene013.jpg,136202,6f493e44,\Gallery 59\02 - Irene\,{Shemale Yum Dvd03~G59~02~02 - Irene}
irene014.jpg,139053,7d194cc1,\Gallery 59\02 - Irene\,{Shemale Yum Dvd03~G59~02~02 - Irene}
irene016.jpg,134181,6478bf36,\Gallery 59\02 - Irene\,{Shemale Yum Dvd03~G59~02~02 - Irene}
irene017.jpg,164361,b17da283,\Gallery 59\02 - Irene\,{Shemale Yum Dvd03~G59~02~02 - Irene}
irene018.jpg,165260,75b568f1,\Gallery 59\02 - Irene\,{Shemale Yum Dvd03~G59~02~02 - Irene}
irene019.jpg,164007,543f5a6b,\Gallery 59\02 - Irene\,{Shemale Yum Dvd03~G59~02~02 - Irene}
irene020.jpg,160694,9ec3c311,\Gallery 59\02 - Irene\,{Shemale Yum Dvd03~G59~02~02 - Irene}
irene021.jpg,159755,2fc0f2aa,\Gallery 59\02 - Irene\,{Shemale Yum Dvd03~G59~02~02 - Irene}
irene022.jpg,153540,1844d5f5,\Gallery 59\02 - Irene\,{Shemale Yum Dvd03~G59~02~02 - Irene}
irene023.jpg,163294,72e55b97,\Gallery 59\02 - Irene\,{Shemale Yum Dvd03~G59~02~02 - Irene}
irene024.jpg,128989,0dac0e2c,\Gallery 59\02 - Irene\,{Shemale Yum Dvd03~G59~02~02 - Irene}
irene025.jpg,165674,fb88741e,\Gallery 59\02 - Irene\,{Shemale Yum Dvd03~G59~02~02 - Irene}
irene026.jpg,158178,99b65747,\Gallery 59\02 - Irene\,{Shemale Yum Dvd03~G59~02~02 - Irene}
irene027.jpg,134997,6001ca99,\Gallery 59\02 - Irene\,{Shemale Yum Dvd03~G59~02~02 - Irene}
irene028.jpg,133085,5c75d683,\Gallery 59\02 - Irene\,{Shemale Yum Dvd03~G59~02~02 - Irene}
irene029.jpg,124355,0f4c70d5,\Gallery 59\02 - Irene\,{Shemale Yum Dvd03~G59~02~02 - Irene}
irene030.jpg,145020,4dc945c9,\Gallery 59\02 - Irene\,{Shemale Yum Dvd03~G59~02~02 - Irene}
irene031.jpg,140902,85ab892c,\Gallery 59\02 - Irene\,{Shemale Yum Dvd03~G59~02~02 - Irene}
irene032.jpg,133095,292f192a,\Gallery 59\02 - Irene\,{Shemale Yum Dvd03~G59~02~02 - Irene}
irene033.jpg,145187,b212a400,\Gallery 59\02 - Irene\,{Shemale Yum Dvd03~G59~02~02 - Irene}
irene034.jpg,153963,19e9559e,\Gallery 59\02 - Irene\,{Shemale Yum Dvd03~G59~02~02 - Irene}
irene035.jpg,142893,a9367895,\Gallery 59\02 - Irene\,{Shemale Yum Dvd03~G59~02~02 - Irene}
irene036.jpg,163307,4a6e6673,\Gallery 59\02 - Irene\,{Shemale Yum Dvd03~G59~02~02 - Irene}
irene037.jpg,147068,250ef08a,\Gallery 59\02 - Irene\,{Shemale Yum Dvd03~G59~02~02 - Irene}
irene038.jpg,150965,175eb987,\Gallery 59\02 - Irene\,{Shemale Yum Dvd03~G59~02~02 - Irene}
irene039.jpg,156055,36a057a9,\Gallery 59\02 - Irene\,{Shemale Yum Dvd03~G59~02~02 - Irene}
irene040.jpg,169699,84edff15,\Gallery 59\02 - Irene\,{Shemale Yum Dvd03~G59~02~02 - Irene}
irene042.jpg,144791,9c1e8a7b,\Gallery 59\02 - Irene\,{Shemale Yum Dvd03~G59~02~02 - Irene}
irene043.jpg,137901,23f101db,\Gallery 59\02 - Irene\,{Shemale Yum Dvd03~G59~02~02 - Irene}
irene044.jpg,146167,7faeb0d5,\Gallery 59\02 - Irene\,{Shemale Yum Dvd03~G59~02~02 - Irene}
irene045.jpg,172205,6b5302ce,\Gallery 59\02 - Irene\,{Shemale Yum Dvd03~G59~02~02 - Irene}
irene046.jpg,175405,743ad421,\Gallery 59\02 - Irene\,{Shemale Yum Dvd03~G59~02~02 - Irene}
irene047.jpg,161638,8db1e26c,\Gallery 59\02 - Irene\,{Shemale Yum Dvd03~G59~02~02 - Irene}
irene048.jpg,145715,7ab0dd17,\Gallery 59\02 - Irene\,{Shemale Yum Dvd03~G59~02~02 - Irene}
irene049.jpg,154336,0e196bc8,\Gallery 59\02 - Irene\,{Shemale Yum Dvd03~G59~02~02 - Irene}
irene050.jpg,177704,1435b995,\Gallery 59\02 - Irene\,{Shemale Yum Dvd03~G59~02~02 - Irene}
irene051.jpg,163824,0972237f,\Gallery 59\02 - Irene\,{Shemale Yum Dvd03~G59~02~02 - Irene}
irene052.jpg,136605,d36e3e13,\Gallery 59\02 - Irene\,{Shemale Yum Dvd03~G59~02~02 - Irene}
irene053.jpg,169202,3c799ee7,\Gallery 59\02 - Irene\,{Shemale Yum Dvd03~G59~02~02 - Irene}
irene054.jpg,164933,2cee939d,\Gallery 59\02 - Irene\,{Shemale Yum Dvd03~G59~02~02 - Irene}
irene055.jpg,161804,d9c6414a,\Gallery 59\02 - Irene\,{Shemale Yum Dvd03~G59~02~02 - Irene}
irene056.jpg,139389,561e0e8a,\Gallery 59\02 - Irene\,{Shemale Yum Dvd03~G59~02~02 - Irene}
irene057.jpg,137600,96c3ee41,\Gallery 59\02 - Irene\,{Shemale Yum Dvd03~G59~02~02 - Irene}
irene058.jpg,146314,794fd77d,\Gallery 59\02 - Irene\,{Shemale Yum Dvd03~G59~02~02 - Irene}
irene059.jpg,161420,49f5d65e,\Gallery 59\02 - Irene\,{Shemale Yum Dvd03~G59~02~02 - Irene}
irene060.jpg,151746,c209ed64,\Gallery 59\02 - Irene\,{Shemale Yum Dvd03~G59~02~02 - Irene}
irene061.jpg,132809,fa282b7c,\Gallery 59\02 - Irene\,{Shemale Yum Dvd03~G59~02~02 - Irene}
irene062.jpg,166102,dd178e29,\Gallery 59\02 - Irene\,{Shemale Yum Dvd03~G59~02~02 - Irene}
irene063.jpg,140505,7b76fbfd,\Gallery 59\02 - Irene\,{Shemale Yum Dvd03~G59~02~02 - Irene}
irene065.jpg,146003,0c18e801,\Gallery 59\02 - Irene\,{Shemale Yum Dvd03~G59~02~02 - Irene}
irene066.jpg,134162,a2eb7753,\Gallery 59\02 - Irene\,{Shemale Yum Dvd03~G59~02~02 - Irene}
irene067.jpg,149733,08fe2db7,\Gallery 59\02 - Irene\,{Shemale Yum Dvd03~G59~02~02 - Irene}
irene068.jpg,133595,cfc7ace4,\Gallery 59\02 - Irene\,{Shemale Yum Dvd03~G59~02~02 - Irene}
irene069.jpg,173894,13cb56e1,\Gallery 59\02 - Irene\,{Shemale Yum Dvd03~G59~02~02 - Irene}
irene070.jpg,172090,1f4daee6,\Gallery 59\02 - Irene\,{Shemale Yum Dvd03~G59~02~02 - Irene}
irene071.jpg,153186,970c9bc1,\Gallery 59\02 - Irene\,{Shemale Yum Dvd03~G59~02~02 - Irene}
irene072.jpg,163576,a6f2aa3e,\Gallery 59\02 - Irene\,{Shemale Yum Dvd03~G59~02~02 - Irene}
irene073.jpg,178815,359ceada,\Gallery 59\02 - Irene\,{Shemale Yum Dvd03~G59~02~02 - Irene}
irene074.jpg,158040,450c388c,\Gallery 59\02 - Irene\,{Shemale Yum Dvd03~G59~02~02 - Irene}
irene075.jpg,163066,2492822e,\Gallery 59\02 - Irene\,{Shemale Yum Dvd03~G59~02~02 - Irene}
irene076.jpg,158455,cbb5ff49,\Gallery 59\02 - Irene\,{Shemale Yum Dvd03~G59~02~02 - Irene}
irene077.jpg,167734,aad4b759,\Gallery 59\02 - Irene\,{Shemale Yum Dvd03~G59~02~02 - Irene}
irene078.jpg,175683,b2bb9a94,\Gallery 59\02 - Irene\,{Shemale Yum Dvd03~G59~02~02 - Irene}
irene080.jpg,145411,ff336113,\Gallery 59\02 - Irene\,{Shemale Yum Dvd03~G59~02~02 - Irene}
irene081.jpg,154796,876269e9,\Gallery 59\02 - Irene\,{Shemale Yum Dvd03~G59~02~02 - Irene}
irene082.jpg,155968,72be1edf,\Gallery 59\02 - Irene\,{Shemale Yum Dvd03~G59~02~02 - Irene}
irene083.jpg,114505,b46dfe78,\Gallery 59\02 - Irene\,{Shemale Yum Dvd03~G59~02~02 - Irene}
irene084.jpg,105976,87a89cef,\Gallery 59\02 - Irene\,{Shemale Yum Dvd03~G59~02~02 - Irene}
irene085.jpg,149486,0ccb2d0d,\Gallery 59\02 - Irene\,{Shemale Yum Dvd03~G59~02~02 - Irene}
irene086.jpg,142944,b05730d7,\Gallery 59\02 - Irene\,{Shemale Yum Dvd03~G59~02~02 - Irene}
irene087.jpg,153607,8ded86dd,\Gallery 59\02 - Irene\,{Shemale Yum Dvd03~G59~02~02 - Irene}
irene092.jpg,143120,9c1033bb,\Gallery 59\02 - Irene\,{Shemale Yum Dvd03~G59~02~02 - Irene}
irene095.jpg,165699,60954648,\Gallery 59\02 - Irene\,{Shemale Yum Dvd03~G59~02~02 - Irene}
irene096.jpg,160026,57de1dd2,\Gallery 59\02 - Irene\,{Shemale Yum Dvd03~G59~02~02 - Irene}
irene099.jpg,150519,b1379fc7,\Gallery 59\02 - Irene\,{Shemale Yum Dvd03~G59~02~02 - Irene}
irene100.jpg,142826,472a952e,\Gallery 59\02 - Irene\,{Shemale Yum Dvd03~G59~02~02 - Irene}
irene101.jpg,161967,e3251845,\Gallery 59\02 - Irene\,{Shemale Yum Dvd03~G59~02~02 - Irene}
irene102.jpg,144700,4a1ad070,\Gallery 59\02 - Irene\,{Shemale Yum Dvd03~G59~02~02 - Irene}
irene103.jpg,132032,17c3a268,\Gallery 59\02 - Irene\,{Shemale Yum Dvd03~G59~02~02 - Irene}
irene104.jpg,148493,50aa6119,\Gallery 59\02 - Irene\,{Shemale Yum Dvd03~G59~02~02 - Irene}
jessica001.jpg,166214,93943d5e,\Gallery 59\03 - Jessica\,{Shemale Yum Dvd03~G59~03~03 - Jessica}
jessica002.jpg,158437,a2957697,\Gallery 59\03 - Jessica\,{Shemale Yum Dvd03~G59~03~03 - Jessica}
jessica003.jpg,148478,3194a159,\Gallery 59\03 - Jessica\,{Shemale Yum Dvd03~G59~03~03 - Jessica}
jessica004.jpg,168085,b891c5c4,\Gallery 59\03 - Jessica\,{Shemale Yum Dvd03~G59~03~03 - Jessica}
jessica005.jpg,166892,a69d259f,\Gallery 59\03 - Jessica\,{Shemale Yum Dvd03~G59~03~03 - Jessica}
jessica006.jpg,185954,926f2c07,\Gallery 59\03 - Jessica\,{Shemale Yum Dvd03~G59~03~03 - Jessica}
jessica007.jpg,190393,4b0dd4f7,\Gallery 59\03 - Jessica\,{Shemale Yum Dvd03~G59~03~03 - Jessica}
jessica008.jpg,182541,6080de5d,\Gallery 59\03 - Jessica\,{Shemale Yum Dvd03~G59~03~03 - Jessica}
jessica009.jpg,164744,5decc770,\Gallery 59\03 - Jessica\,{Shemale Yum Dvd03~G59~03~03 - Jessica}
jessica010.jpg,141029,17e27e16,\Gallery 59\03 - Jessica\,{Shemale Yum Dvd03~G59~03~03 - Jessica}
jessica011.jpg,148843,779f479d,\Gallery 59\03 - Jessica\,{Shemale Yum Dvd03~G59~03~03 - Jessica}
jessica012.jpg,147082,b43df6b4,\Gallery 59\03 - Jessica\,{Shemale Yum Dvd03~G59~03~03 - Jessica}
jessica013.jpg,111943,fb749c1d,\Gallery 59\03 - Jessica\,{Shemale Yum Dvd03~G59~03~03 - Jessica}
jessica014.jpg,166123,6f4fa0b6,\Gallery 59\03 - Jessica\,{Shemale Yum Dvd03~G59~03~03 - Jessica}
jessica015.jpg,155638,d93fec1a,\Gallery 59\03 - Jessica\,{Shemale Yum Dvd03~G59~03~03 - Jessica}
jessica016.jpg,149968,ad3c0702,\Gallery 59\03 - Jessica\,{Shemale Yum Dvd03~G59~03~03 - Jessica}
jessica017.jpg,150712,3c6e7cff,\Gallery 59\03 - Jessica\,{Shemale Yum Dvd03~G59~03~03 - Jessica}
jessica018.jpg,155565,5770b53a,\Gallery 59\03 - Jessica\,{Shemale Yum Dvd03~G59~03~03 - Jessica}
jessica019.jpg,183026,4e685bcf,\Gallery 59\03 - Jessica\,{Shemale Yum Dvd03~G59~03~03 - Jessica}
jessica020.jpg,175040,53ff1e35,\Gallery 59\03 - Jessica\,{Shemale Yum Dvd03~G59~03~03 - Jessica}
jessica021.jpg,157069,ee908fbd,\Gallery 59\03 - Jessica\,{Shemale Yum Dvd03~G59~03~03 - Jessica}
jessica022.jpg,157458,11549585,\Gallery 59\03 - Jessica\,{Shemale Yum Dvd03~G59~03~03 - Jessica}
jessica023.jpg,167877,f2e2ba99,\Gallery 59\03 - Jessica\,{Shemale Yum Dvd03~G59~03~03 - Jessica}
jessica024.jpg,161876,98653ce1,\Gallery 59\03 - Jessica\,{Shemale Yum Dvd03~G59~03~03 - Jessica}
jessica025.jpg,157100,c2a25c36,\Gallery 59\03 - Jessica\,{Shemale Yum Dvd03~G59~03~03 - Jessica}
jessica026.jpg,165191,f73a783b,\Gallery 59\03 - Jessica\,{Shemale Yum Dvd03~G59~03~03 - Jessica}
jessica027.jpg,173674,a94cd965,\Gallery 59\03 - Jessica\,{Shemale Yum Dvd03~G59~03~03 - Jessica}
jessica028.jpg,165668,81a84650,\Gallery 59\03 - Jessica\,{Shemale Yum Dvd03~G59~03~03 - Jessica}
jessica029.jpg,145037,c332cf55,\Gallery 59\03 - Jessica\,{Shemale Yum Dvd03~G59~03~03 - Jessica}
jessica030.jpg,172176,c6508ca6,\Gallery 59\03 - Jessica\,{Shemale Yum Dvd03~G59~03~03 - Jessica}
jessica031.jpg,139158,a9d70d93,\Gallery 59\03 - Jessica\,{Shemale Yum Dvd03~G59~03~03 - Jessica}
jessica032.jpg,162094,bc006f4b,\Gallery 59\03 - Jessica\,{Shemale Yum Dvd03~G59~03~03 - Jessica}
jessica033.jpg,153273,a44ec346,\Gallery 59\03 - Jessica\,{Shemale Yum Dvd03~G59~03~03 - Jessica}
jessica034.jpg,132373,8d859ded,\Gallery 59\03 - Jessica\,{Shemale Yum Dvd03~G59~03~03 - Jessica}
jessica035.jpg,139673,24ef51d5,\Gallery 59\03 - Jessica\,{Shemale Yum Dvd03~G59~03~03 - Jessica}
jessica036.jpg,135987,4c8994b5,\Gallery 59\03 - Jessica\,{Shemale Yum Dvd03~G59~03~03 - Jessica}
jessica037.jpg,156649,ffe57bca,\Gallery 59\03 - Jessica\,{Shemale Yum Dvd03~G59~03~03 - Jessica}
jessica038.jpg,158690,5fde061b,\Gallery 59\03 - Jessica\,{Shemale Yum Dvd03~G59~03~03 - Jessica}
jessica039.jpg,158367,bdd7de9e,\Gallery 59\03 - Jessica\,{Shemale Yum Dvd03~G59~03~03 - Jessica}
jessica040.jpg,155254,15ba437f,\Gallery 59\03 - Jessica\,{Shemale Yum Dvd03~G59~03~03 - Jessica}
jessica041.jpg,165156,923f733f,\Gallery 59\03 - Jessica\,{Shemale Yum Dvd03~G59~03~03 - Jessica}
jessica042.jpg,143223,95eff3dd,\Gallery 59\03 - Jessica\,{Shemale Yum Dvd03~G59~03~03 - Jessica}
jessica043.jpg,134853,b770f30c,\Gallery 59\03 - Jessica\,{Shemale Yum Dvd03~G59~03~03 - Jessica}
jessica044.jpg,142198,16a81bf1,\Gallery 59\03 - Jessica\,{Shemale Yum Dvd03~G59~03~03 - Jessica}
jessica045.jpg,151206,0b396083,\Gallery 59\03 - Jessica\,{Shemale Yum Dvd03~G59~03~03 - Jessica}
jessica046.jpg,146288,525b6086,\Gallery 59\03 - Jessica\,{Shemale Yum Dvd03~G59~03~03 - Jessica}
jessica047.jpg,138640,0aee4ccc,\Gallery 59\03 - Jessica\,{Shemale Yum Dvd03~G59~03~03 - Jessica}
jessica048.jpg,158084,2270bf1e,\Gallery 59\03 - Jessica\,{Shemale Yum Dvd03~G59~03~03 - Jessica}
jessica049.jpg,134494,af4177fe,\Gallery 59\03 - Jessica\,{Shemale Yum Dvd03~G59~03~03 - Jessica}
jessica050.jpg,136746,814a05f7,\Gallery 59\03 - Jessica\,{Shemale Yum Dvd03~G59~03~03 - Jessica}
jessica051.jpg,159982,855344d6,\Gallery 59\03 - Jessica\,{Shemale Yum Dvd03~G59~03~03 - Jessica}
jessica052.jpg,149103,7f722e3f,\Gallery 59\03 - Jessica\,{Shemale Yum Dvd03~G59~03~03 - Jessica}
jessica053.jpg,150528,f6bdd8d8,\Gallery 59\03 - Jessica\,{Shemale Yum Dvd03~G59~03~03 - Jessica}
jessica055.jpg,128773,a2e19d93,\Gallery 59\03 - Jessica\,{Shemale Yum Dvd03~G59~03~03 - Jessica}
jessica057.jpg,150474,e02bb3d2,\Gallery 59\03 - Jessica\,{Shemale Yum Dvd03~G59~03~03 - Jessica}
jessica058.jpg,169883,40a8ba0d,\Gallery 59\03 - Jessica\,{Shemale Yum Dvd03~G59~03~03 - Jessica}
jessica059.jpg,185105,7cb47234,\Gallery 59\03 - Jessica\,{Shemale Yum Dvd03~G59~03~03 - Jessica}
jessica060.jpg,160227,f0910fef,\Gallery 59\03 - Jessica\,{Shemale Yum Dvd03~G59~03~03 - Jessica}
jessica061.jpg,145111,1a4fd534,\Gallery 59\03 - Jessica\,{Shemale Yum Dvd03~G59~03~03 - Jessica}
jessica062.jpg,155558,53d8daaf,\Gallery 59\03 - Jessica\,{Shemale Yum Dvd03~G59~03~03 - Jessica}
jessica063.jpg,146810,31323224,\Gallery 59\03 - Jessica\,{Shemale Yum Dvd03~G59~03~03 - Jessica}
jessica064.jpg,128123,0eef27f3,\Gallery 59\03 - Jessica\,{Shemale Yum Dvd03~G59~03~03 - Jessica}
jessica065.jpg,184660,03f65f5d,\Gallery 59\03 - Jessica\,{Shemale Yum Dvd03~G59~03~03 - Jessica}
jessica066.jpg,166349,61bccc89,\Gallery 59\03 - Jessica\,{Shemale Yum Dvd03~G59~03~03 - Jessica}
jessica067.jpg,148762,949dd0e3,\Gallery 59\03 - Jessica\,{Shemale Yum Dvd03~G59~03~03 - Jessica}
jessica069.jpg,183141,aad90545,\Gallery 59\03 - Jessica\,{Shemale Yum Dvd03~G59~03~03 - Jessica}
jessica070.jpg,165921,5afee69c,\Gallery 59\03 - Jessica\,{Shemale Yum Dvd03~G59~03~03 - Jessica}
jessica071.jpg,161964,6b54181e,\Gallery 59\03 - Jessica\,{Shemale Yum Dvd03~G59~03~03 - Jessica}
jessica072.jpg,145218,65ddfd0f,\Gallery 59\03 - Jessica\,{Shemale Yum Dvd03~G59~03~03 - Jessica}
jessica073.jpg,158853,c23e974f,\Gallery 59\03 - Jessica\,{Shemale Yum Dvd03~G59~03~03 - Jessica}
jessica074.jpg,173300,e96d1cac,\Gallery 59\03 - Jessica\,{Shemale Yum Dvd03~G59~03~03 - Jessica}
jessica075.jpg,173595,92b04c94,\Gallery 59\03 - Jessica\,{Shemale Yum Dvd03~G59~03~03 - Jessica}
jessica076.jpg,168232,32603d21,\Gallery 59\03 - Jessica\,{Shemale Yum Dvd03~G59~03~03 - Jessica}
jessica077.jpg,158272,76953ae1,\Gallery 59\03 - Jessica\,{Shemale Yum Dvd03~G59~03~03 - Jessica}
jessica078.jpg,186635,5de4f425,\Gallery 59\03 - Jessica\,{Shemale Yum Dvd03~G59~03~03 - Jessica}
jessica079.jpg,198464,819ad662,\Gallery 59\03 - Jessica\,{Shemale Yum Dvd03~G59~03~03 - Jessica}
jessica080.jpg,138029,57036147,\Gallery 59\03 - Jessica\,{Shemale Yum Dvd03~G59~03~03 - Jessica}
jessica081.jpg,132573,760b3763,\Gallery 59\03 - Jessica\,{Shemale Yum Dvd03~G59~03~03 - Jessica}
jessica082.jpg,146024,2c264ce9,\Gallery 59\03 - Jessica\,{Shemale Yum Dvd03~G59~03~03 - Jessica}
jessica083.jpg,141802,837b505b,\Gallery 59\03 - Jessica\,{Shemale Yum Dvd03~G59~03~03 - Jessica}
jessica084.jpg,148473,c9a8ea61,\Gallery 59\03 - Jessica\,{Shemale Yum Dvd03~G59~03~03 - Jessica}
jessica085.jpg,146230,b83d7a9d,\Gallery 59\03 - Jessica\,{Shemale Yum Dvd03~G59~03~03 - Jessica}
jessica086.jpg,154307,9aed4bc1,\Gallery 59\03 - Jessica\,{Shemale Yum Dvd03~G59~03~03 - Jessica}
jessica087.jpg,141488,ce9ae28b,\Gallery 59\03 - Jessica\,{Shemale Yum Dvd03~G59~03~03 - Jessica}
jessica088.jpg,135575,7283aa86,\Gallery 59\03 - Jessica\,{Shemale Yum Dvd03~G59~03~03 - Jessica}
jessica089.jpg,135045,accefe05,\Gallery 59\03 - Jessica\,{Shemale Yum Dvd03~G59~03~03 - Jessica}
jessica090.jpg,145048,aa2a4fa3,\Gallery 59\03 - Jessica\,{Shemale Yum Dvd03~G59~03~03 - Jessica}
jessica091.jpg,144845,4c8de93d,\Gallery 59\03 - Jessica\,{Shemale Yum Dvd03~G59~03~03 - Jessica}
jessica092.jpg,143563,9ca4a4aa,\Gallery 59\03 - Jessica\,{Shemale Yum Dvd03~G59~03~03 - Jessica}
jessica093.jpg,163344,33fc220b,\Gallery 59\03 - Jessica\,{Shemale Yum Dvd03~G59~03~03 - Jessica}
jessica094.jpg,145651,8ac46a7d,\Gallery 59\03 - Jessica\,{Shemale Yum Dvd03~G59~03~03 - Jessica}
jessica095.jpg,133658,9b93404a,\Gallery 59\03 - Jessica\,{Shemale Yum Dvd03~G59~03~03 - Jessica}
jessica096.jpg,151983,796a5a15,\Gallery 59\03 - Jessica\,{Shemale Yum Dvd03~G59~03~03 - Jessica}
jessica097.jpg,146421,b855b693,\Gallery 59\03 - Jessica\,{Shemale Yum Dvd03~G59~03~03 - Jessica}
jessica098.jpg,155452,cce0b2e7,\Gallery 59\03 - Jessica\,{Shemale Yum Dvd03~G59~03~03 - Jessica}
jessicab001.jpg,149556,b2588576,\Gallery 59\03 - Jessica (2)\,{Shemale Yum Dvd03~G59~03-2~03 - Jessica (2)}
jessicab002.jpg,153016,012a7dc9,\Gallery 59\03 - Jessica (2)\,{Shemale Yum Dvd03~G59~03-2~03 - Jessica (2)}
jessicab003.jpg,144544,90c95841,\Gallery 59\03 - Jessica (2)\,{Shemale Yum Dvd03~G59~03-2~03 - Jessica (2)}
jessicab004.jpg,157921,f747657b,\Gallery 59\03 - Jessica (2)\,{Shemale Yum Dvd03~G59~03-2~03 - Jessica (2)}
jessicab005.jpg,152327,34da5141,\Gallery 59\03 - Jessica (2)\,{Shemale Yum Dvd03~G59~03-2~03 - Jessica (2)}
jessicab006.jpg,152730,11a9ff04,\Gallery 59\03 - Jessica (2)\,{Shemale Yum Dvd03~G59~03-2~03 - Jessica (2)}
jessicab007.jpg,160236,193fe24a,\Gallery 59\03 - Jessica (2)\,{Shemale Yum Dvd03~G59~03-2~03 - Jessica (2)}
jessicab008.jpg,174410,50e8d847,\Gallery 59\03 - Jessica (2)\,{Shemale Yum Dvd03~G59~03-2~03 - Jessica (2)}
jessicab009.jpg,152368,0c2bad1f,\Gallery 59\03 - Jessica (2)\,{Shemale Yum Dvd03~G59~03-2~03 - Jessica (2)}
jessicab010.jpg,143851,4f00c886,\Gallery 59\03 - Jessica (2)\,{Shemale Yum Dvd03~G59~03-2~03 - Jessica (2)}
jessicab011.jpg,138985,11a50aff,\Gallery 59\03 - Jessica (2)\,{Shemale Yum Dvd03~G59~03-2~03 - Jessica (2)}
jessicab012.jpg,136202,ae85eb69,\Gallery 59\03 - Jessica (2)\,{Shemale Yum Dvd03~G59~03-2~03 - Jessica (2)}
jessicab013.jpg,137035,aa3495cc,\Gallery 59\03 - Jessica (2)\,{Shemale Yum Dvd03~G59~03-2~03 - Jessica (2)}
jessicab014.jpg,137590,7933dcb9,\Gallery 59\03 - Jessica (2)\,{Shemale Yum Dvd03~G59~03-2~03 - Jessica (2)}
jessicab015.jpg,145864,967fd7f6,\Gallery 59\03 - Jessica (2)\,{Shemale Yum Dvd03~G59~03-2~03 - Jessica (2)}
jessicab016.jpg,149138,c1b52627,\Gallery 59\03 - Jessica (2)\,{Shemale Yum Dvd03~G59~03-2~03 - Jessica (2)}
jessicab017.jpg,138887,14f50036,\Gallery 59\03 - Jessica (2)\,{Shemale Yum Dvd03~G59~03-2~03 - Jessica (2)}
jessicab018.jpg,149908,f27b7523,\Gallery 59\03 - Jessica (2)\,{Shemale Yum Dvd03~G59~03-2~03 - Jessica (2)}
jessicab019.jpg,146624,74e1853e,\Gallery 59\03 - Jessica (2)\,{Shemale Yum Dvd03~G59~03-2~03 - Jessica (2)}
jessicab020.jpg,145358,181278fc,\Gallery 59\03 - Jessica (2)\,{Shemale Yum Dvd03~G59~03-2~03 - Jessica (2)}
jessicab021.jpg,144708,176ae1a2,\Gallery 59\03 - Jessica (2)\,{Shemale Yum Dvd03~G59~03-2~03 - Jessica (2)}
jessicab022.jpg,128699,e8f16c51,\Gallery 59\03 - Jessica (2)\,{Shemale Yum Dvd03~G59~03-2~03 - Jessica (2)}
jessicab023.jpg,130286,3ae9ebb2,\Gallery 59\03 - Jessica (2)\,{Shemale Yum Dvd03~G59~03-2~03 - Jessica (2)}
jessicab024.jpg,131019,64ca4edf,\Gallery 59\03 - Jessica (2)\,{Shemale Yum Dvd03~G59~03-2~03 - Jessica (2)}
jessicab025.jpg,146613,db7c5229,\Gallery 59\03 - Jessica (2)\,{Shemale Yum Dvd03~G59~03-2~03 - Jessica (2)}
jessicab026.jpg,159407,783857ef,\Gallery 59\03 - Jessica (2)\,{Shemale Yum Dvd03~G59~03-2~03 - Jessica (2)}
jessicab027.jpg,153782,2df97638,\Gallery 59\03 - Jessica (2)\,{Shemale Yum Dvd03~G59~03-2~03 - Jessica (2)}
jessicab028.jpg,141749,d9ac1c0f,\Gallery 59\03 - Jessica (2)\,{Shemale Yum Dvd03~G59~03-2~03 - Jessica (2)}
jessicab029.jpg,158987,0348c4ef,\Gallery 59\03 - Jessica (2)\,{Shemale Yum Dvd03~G59~03-2~03 - Jessica (2)}
jessicab030.jpg,162634,db220498,\Gallery 59\03 - Jessica (2)\,{Shemale Yum Dvd03~G59~03-2~03 - Jessica (2)}
jessicab031.jpg,148460,4a49fe9f,\Gallery 59\03 - Jessica (2)\,{Shemale Yum Dvd03~G59~03-2~03 - Jessica (2)}
jessicab032.jpg,154803,f51b94de,\Gallery 59\03 - Jessica (2)\,{Shemale Yum Dvd03~G59~03-2~03 - Jessica (2)}
jessicab033.jpg,124361,b8f261ec,\Gallery 59\03 - Jessica (2)\,{Shemale Yum Dvd03~G59~03-2~03 - Jessica (2)}
jessicab034.jpg,150072,29110a15,\Gallery 59\03 - Jessica (2)\,{Shemale Yum Dvd03~G59~03-2~03 - Jessica (2)}
jessicab035.jpg,159270,073bfa51,\Gallery 59\03 - Jessica (2)\,{Shemale Yum Dvd03~G59~03-2~03 - Jessica (2)}
jessicab036.jpg,161451,3331bfce,\Gallery 59\03 - Jessica (2)\,{Shemale Yum Dvd03~G59~03-2~03 - Jessica (2)}
jessicab037.jpg,163992,08a9854c,\Gallery 59\03 - Jessica (2)\,{Shemale Yum Dvd03~G59~03-2~03 - Jessica (2)}
jessicab038.jpg,148615,85c3c53f,\Gallery 59\03 - Jessica (2)\,{Shemale Yum Dvd03~G59~03-2~03 - Jessica (2)}
jessicab039.jpg,162492,5e993ceb,\Gallery 59\03 - Jessica (2)\,{Shemale Yum Dvd03~G59~03-2~03 - Jessica (2)}
jessicab040.jpg,154360,0a0f9ed2,\Gallery 59\03 - Jessica (2)\,{Shemale Yum Dvd03~G59~03-2~03 - Jessica (2)}
jessicab041.jpg,167593,18ec7736,\Gallery 59\03 - Jessica (2)\,{Shemale Yum Dvd03~G59~03-2~03 - Jessica (2)}
jessicab042.jpg,150829,027303a2,\Gallery 59\03 - Jessica (2)\,{Shemale Yum Dvd03~G59~03-2~03 - Jessica (2)}
jessicab043.jpg,145986,7f39d90f,\Gallery 59\03 - Jessica (2)\,{Shemale Yum Dvd03~G59~03-2~03 - Jessica (2)}
jessicab044.jpg,144720,73c69779,\Gallery 59\03 - Jessica (2)\,{Shemale Yum Dvd03~G59~03-2~03 - Jessica (2)}
jessicab045.jpg,151871,70137f99,\Gallery 59\03 - Jessica (2)\,{Shemale Yum Dvd03~G59~03-2~03 - Jessica (2)}
jessicab046.jpg,159708,0d236400,\Gallery 59\03 - Jessica (2)\,{Shemale Yum Dvd03~G59~03-2~03 - Jessica (2)}
jessicab047.jpg,159686,0350edf7,\Gallery 59\03 - Jessica (2)\,{Shemale Yum Dvd03~G59~03-2~03 - Jessica (2)}
jessicab048.jpg,142317,1fb2eb4e,\Gallery 59\03 - Jessica (2)\,{Shemale Yum Dvd03~G59~03-2~03 - Jessica (2)}
jessicab049.jpg,161439,f95f91bd,\Gallery 59\03 - Jessica (2)\,{Shemale Yum Dvd03~G59~03-2~03 - Jessica (2)}
jessicab050.jpg,160618,20944497,\Gallery 59\03 - Jessica (2)\,{Shemale Yum Dvd03~G59~03-2~03 - Jessica (2)}
jessicab051.jpg,155767,d770882a,\Gallery 59\03 - Jessica (2)\,{Shemale Yum Dvd03~G59~03-2~03 - Jessica (2)}
jessicab052.jpg,163449,67d67842,\Gallery 59\03 - Jessica (2)\,{Shemale Yum Dvd03~G59~03-2~03 - Jessica (2)}
jessicab053.jpg,167254,5cedb1a2,\Gallery 59\03 - Jessica (2)\,{Shemale Yum Dvd03~G59~03-2~03 - Jessica (2)}
jessicab054.jpg,131019,f939e893,\Gallery 59\03 - Jessica (2)\,{Shemale Yum Dvd03~G59~03-2~03 - Jessica (2)}
jessicab055.jpg,135810,1f7da93a,\Gallery 59\03 - Jessica (2)\,{Shemale Yum Dvd03~G59~03-2~03 - Jessica (2)}
jessicab056.jpg,144970,de8f21e6,\Gallery 59\03 - Jessica (2)\,{Shemale Yum Dvd03~G59~03-2~03 - Jessica (2)}
jessicab057.jpg,144336,c621fc6d,\Gallery 59\03 - Jessica (2)\,{Shemale Yum Dvd03~G59~03-2~03 - Jessica (2)}
jessicab058.jpg,141515,c71e4b93,\Gallery 59\03 - Jessica (2)\,{Shemale Yum Dvd03~G59~03-2~03 - Jessica (2)}
jessicab059.jpg,143216,1eb5bd75,\Gallery 59\03 - Jessica (2)\,{Shemale Yum Dvd03~G59~03-2~03 - Jessica (2)}
jessicab060.jpg,148664,78f6ae23,\Gallery 59\03 - Jessica (2)\,{Shemale Yum Dvd03~G59~03-2~03 - Jessica (2)}
jessicab061.jpg,149926,8ea14cb2,\Gallery 59\03 - Jessica (2)\,{Shemale Yum Dvd03~G59~03-2~03 - Jessica (2)}
jessicab062.jpg,147845,496bf919,\Gallery 59\03 - Jessica (2)\,{Shemale Yum Dvd03~G59~03-2~03 - Jessica (2)}
jessicab063.jpg,147709,5be07c25,\Gallery 59\03 - Jessica (2)\,{Shemale Yum Dvd03~G59~03-2~03 - Jessica (2)}
jessicab064.jpg,146173,07432efc,\Gallery 59\03 - Jessica (2)\,{Shemale Yum Dvd03~G59~03-2~03 - Jessica (2)}
jessicab065.jpg,135180,8d7a4dca,\Gallery 59\03 - Jessica (2)\,{Shemale Yum Dvd03~G59~03-2~03 - Jessica (2)}
jessicab066.jpg,132081,a77e6d16,\Gallery 59\03 - Jessica (2)\,{Shemale Yum Dvd03~G59~03-2~03 - Jessica (2)}
jessicab067.jpg,139117,03e3451a,\Gallery 59\03 - Jessica (2)\,{Shemale Yum Dvd03~G59~03-2~03 - Jessica (2)}
jessicab068.jpg,134753,2b919c07,\Gallery 59\03 - Jessica (2)\,{Shemale Yum Dvd03~G59~03-2~03 - Jessica (2)}
jessicab069.jpg,138311,b187189d,\Gallery 59\03 - Jessica (2)\,{Shemale Yum Dvd03~G59~03-2~03 - Jessica (2)}
jessicab070.jpg,128175,62aab6e1,\Gallery 59\03 - Jessica (2)\,{Shemale Yum Dvd03~G59~03-2~03 - Jessica (2)}
jessicab071.jpg,136418,ff73c57a,\Gallery 59\03 - Jessica (2)\,{Shemale Yum Dvd03~G59~03-2~03 - Jessica (2)}
jessicab072.jpg,136793,763a70a2,\Gallery 59\03 - Jessica (2)\,{Shemale Yum Dvd03~G59~03-2~03 - Jessica (2)}
jessicab073.jpg,127335,d0084688,\Gallery 59\03 - Jessica (2)\,{Shemale Yum Dvd03~G59~03-2~03 - Jessica (2)}
jessicab074.jpg,154989,110b96c5,\Gallery 59\03 - Jessica (2)\,{Shemale Yum Dvd03~G59~03-2~03 - Jessica (2)}
jessicab075.jpg,128043,59be0b20,\Gallery 59\03 - Jessica (2)\,{Shemale Yum Dvd03~G59~03-2~03 - Jessica (2)}
jessicab076.jpg,158881,8ab06b47,\Gallery 59\03 - Jessica (2)\,{Shemale Yum Dvd03~G59~03-2~03 - Jessica (2)}
jessicab077.jpg,90706,ab360813,\Gallery 59\03 - Jessica (2)\,{Shemale Yum Dvd03~G59~03-2~03 - Jessica (2)}
jessicab078.jpg,87940,2472a559,\Gallery 59\03 - Jessica (2)\,{Shemale Yum Dvd03~G59~03-2~03 - Jessica (2)}
jessicab079.jpg,123214,fb45a38b,\Gallery 59\03 - Jessica (2)\,{Shemale Yum Dvd03~G59~03-2~03 - Jessica (2)}
jessicab080.jpg,128343,ccbddde9,\Gallery 59\03 - Jessica (2)\,{Shemale Yum Dvd03~G59~03-2~03 - Jessica (2)}
jessicab081.jpg,150848,37b1cb30,\Gallery 59\03 - Jessica (2)\,{Shemale Yum Dvd03~G59~03-2~03 - Jessica (2)}
jessicab082.jpg,152322,dcc284d6,\Gallery 59\03 - Jessica (2)\,{Shemale Yum Dvd03~G59~03-2~03 - Jessica (2)}
jessicab083.jpg,162875,f86090a8,\Gallery 59\03 - Jessica (2)\,{Shemale Yum Dvd03~G59~03-2~03 - Jessica (2)}
jessicab084.jpg,166115,8e2938dc,\Gallery 59\03 - Jessica (2)\,{Shemale Yum Dvd03~G59~03-2~03 - Jessica (2)}
jessicab085.jpg,157840,85feaf97,\Gallery 59\03 - Jessica (2)\,{Shemale Yum Dvd03~G59~03-2~03 - Jessica (2)}
jessicab086.jpg,190905,e52d458e,\Gallery 59\03 - Jessica (2)\,{Shemale Yum Dvd03~G59~03-2~03 - Jessica (2)}
jessicab087.jpg,189933,4660199b,\Gallery 59\03 - Jessica (2)\,{Shemale Yum Dvd03~G59~03-2~03 - Jessica (2)}
jessicab088.jpg,188548,3b9e708e,\Gallery 59\03 - Jessica (2)\,{Shemale Yum Dvd03~G59~03-2~03 - Jessica (2)}
jessicab089.jpg,197656,7923af9c,\Gallery 59\03 - Jessica (2)\,{Shemale Yum Dvd03~G59~03-2~03 - Jessica (2)}
jessicab090.jpg,197092,c5a3eb8b,\Gallery 59\03 - Jessica (2)\,{Shemale Yum Dvd03~G59~03-2~03 - Jessica (2)}
jessicab091.jpg,193894,71ed8349,\Gallery 59\03 - Jessica (2)\,{Shemale Yum Dvd03~G59~03-2~03 - Jessica (2)}
jessicab092.jpg,145560,5683fff5,\Gallery 59\03 - Jessica (2)\,{Shemale Yum Dvd03~G59~03-2~03 - Jessica (2)}
jessicab093.jpg,149609,9103cf63,\Gallery 59\03 - Jessica (2)\,{Shemale Yum Dvd03~G59~03-2~03 - Jessica (2)}
roxanne002.jpg,165277,bf7475d2,\Gallery 59\04 - Roxanne\,{Shemale Yum Dvd03~G59~04~04 - Roxanne}
roxanne006.jpg,144003,07f5298b,\Gallery 59\04 - Roxanne\,{Shemale Yum Dvd03~G59~04~04 - Roxanne}
roxanne009.jpg,149859,f3404df3,\Gallery 59\04 - Roxanne\,{Shemale Yum Dvd03~G59~04~04 - Roxanne}
roxanne010.jpg,145028,6d5f9dc5,\Gallery 59\04 - Roxanne\,{Shemale Yum Dvd03~G59~04~04 - Roxanne}
roxanne011.jpg,150386,30e13ea1,\Gallery 59\04 - Roxanne\,{Shemale Yum Dvd03~G59~04~04 - Roxanne}
roxanne012.jpg,149475,62993a9e,\Gallery 59\04 - Roxanne\,{Shemale Yum Dvd03~G59~04~04 - Roxanne}
roxanne013.jpg,150326,80e9e026,\Gallery 59\04 - Roxanne\,{Shemale Yum Dvd03~G59~04~04 - Roxanne}
roxanne014.jpg,148909,85f0a169,\Gallery 59\04 - Roxanne\,{Shemale Yum Dvd03~G59~04~04 - Roxanne}
roxanne015.jpg,148799,a026e90e,\Gallery 59\04 - Roxanne\,{Shemale Yum Dvd03~G59~04~04 - Roxanne}
roxanne016.jpg,124370,1e32b305,\Gallery 59\04 - Roxanne\,{Shemale Yum Dvd03~G59~04~04 - Roxanne}
roxanne017.jpg,144798,28b36b17,\Gallery 59\04 - Roxanne\,{Shemale Yum Dvd03~G59~04~04 - Roxanne}
roxanne018.jpg,175326,a9c2b02d,\Gallery 59\04 - Roxanne\,{Shemale Yum Dvd03~G59~04~04 - Roxanne}
roxanne019.jpg,156391,8aba0442,\Gallery 59\04 - Roxanne\,{Shemale Yum Dvd03~G59~04~04 - Roxanne}
roxanne021.jpg,165170,f23bddef,\Gallery 59\04 - Roxanne\,{Shemale Yum Dvd03~G59~04~04 - Roxanne}
roxanne022.jpg,195064,b8d8eb6f,\Gallery 59\04 - Roxanne\,{Shemale Yum Dvd03~G59~04~04 - Roxanne}
roxanne023.jpg,149895,5bbfbe7f,\Gallery 59\04 - Roxanne\,{Shemale Yum Dvd03~G59~04~04 - Roxanne}
roxanne024.jpg,149294,9fcaa5cc,\Gallery 59\04 - Roxanne\,{Shemale Yum Dvd03~G59~04~04 - Roxanne}
roxanne025.jpg,149230,981c982d,\Gallery 59\04 - Roxanne\,{Shemale Yum Dvd03~G59~04~04 - Roxanne}
roxanne027.jpg,140484,b1262a63,\Gallery 59\04 - Roxanne\,{Shemale Yum Dvd03~G59~04~04 - Roxanne}
roxanne028.jpg,138436,3b290314,\Gallery 59\04 - Roxanne\,{Shemale Yum Dvd03~G59~04~04 - Roxanne}
roxanne029.jpg,140206,efeafd70,\Gallery 59\04 - Roxanne\,{Shemale Yum Dvd03~G59~04~04 - Roxanne}
roxanne030.jpg,140261,6500d6b3,\Gallery 59\04 - Roxanne\,{Shemale Yum Dvd03~G59~04~04 - Roxanne}
roxanne031.jpg,138314,b6602bb5,\Gallery 59\04 - Roxanne\,{Shemale Yum Dvd03~G59~04~04 - Roxanne}
roxanne032.jpg,139719,6f61d4fd,\Gallery 59\04 - Roxanne\,{Shemale Yum Dvd03~G59~04~04 - Roxanne}
roxanne033.jpg,135088,dd582608,\Gallery 59\04 - Roxanne\,{Shemale Yum Dvd03~G59~04~04 - Roxanne}
roxanne034.jpg,128194,d56ef418,\Gallery 59\04 - Roxanne\,{Shemale Yum Dvd03~G59~04~04 - Roxanne}
roxanne039.jpg,138006,9307debb,\Gallery 59\04 - Roxanne\,{Shemale Yum Dvd03~G59~04~04 - Roxanne}
roxanne040.jpg,135019,16d22c07,\Gallery 59\04 - Roxanne\,{Shemale Yum Dvd03~G59~04~04 - Roxanne}
roxanne041.jpg,138786,a015a88e,\Gallery 59\04 - Roxanne\,{Shemale Yum Dvd03~G59~04~04 - Roxanne}
roxanne042.jpg,166731,c660cc12,\Gallery 59\04 - Roxanne\,{Shemale Yum Dvd03~G59~04~04 - Roxanne}
roxanne043.jpg,153805,e15a24d3,\Gallery 59\04 - Roxanne\,{Shemale Yum Dvd03~G59~04~04 - Roxanne}
roxanne044.jpg,150604,f7d8c472,\Gallery 59\04 - Roxanne\,{Shemale Yum Dvd03~G59~04~04 - Roxanne}
roxanne045.jpg,159826,91ce6b2a,\Gallery 59\04 - Roxanne\,{Shemale Yum Dvd03~G59~04~04 - Roxanne}
roxanne047.jpg,223563,38238bc5,\Gallery 59\04 - Roxanne\,{Shemale Yum Dvd03~G59~04~04 - Roxanne}
roxanne048.jpg,172811,6df05183,\Gallery 59\04 - Roxanne\,{Shemale Yum Dvd03~G59~04~04 - Roxanne}
roxanne049.jpg,174988,57ab8b95,\Gallery 59\04 - Roxanne\,{Shemale Yum Dvd03~G59~04~04 - Roxanne}
roxanne050.jpg,170916,fee69058,\Gallery 59\04 - Roxanne\,{Shemale Yum Dvd03~G59~04~04 - Roxanne}
roxanne051.jpg,162123,a7ba9abb,\Gallery 59\04 - Roxanne\,{Shemale Yum Dvd03~G59~04~04 - Roxanne}
roxanne052.jpg,192609,863e8ac7,\Gallery 59\04 - Roxanne\,{Shemale Yum Dvd03~G59~04~04 - Roxanne}
roxanne053.jpg,191428,53c66292,\Gallery 59\04 - Roxanne\,{Shemale Yum Dvd03~G59~04~04 - Roxanne}
roxanne054.jpg,163372,8072739a,\Gallery 59\04 - Roxanne\,{Shemale Yum Dvd03~G59~04~04 - Roxanne}
roxanne055.jpg,210309,64c08722,\Gallery 59\04 - Roxanne\,{Shemale Yum Dvd03~G59~04~04 - Roxanne}
roxanne056.jpg,169309,0e49edb1,\Gallery 59\04 - Roxanne\,{Shemale Yum Dvd03~G59~04~04 - Roxanne}
roxanne057.jpg,172599,e24f6885,\Gallery 59\04 - Roxanne\,{Shemale Yum Dvd03~G59~04~04 - Roxanne}
roxanne058.jpg,186372,05f13c36,\Gallery 59\04 - Roxanne\,{Shemale Yum Dvd03~G59~04~04 - Roxanne}
roxanne059.jpg,191051,bd725a15,\Gallery 59\04 - Roxanne\,{Shemale Yum Dvd03~G59~04~04 - Roxanne}
roxanne060.jpg,194818,7a6d0c8b,\Gallery 59\04 - Roxanne\,{Shemale Yum Dvd03~G59~04~04 - Roxanne}
roxanne062.jpg,203136,d6b044a2,\Gallery 59\04 - Roxanne\,{Shemale Yum Dvd03~G59~04~04 - Roxanne}
roxanne066.jpg,140320,d26049aa,\Gallery 59\04 - Roxanne\,{Shemale Yum Dvd03~G59~04~04 - Roxanne}
roxanne067.jpg,133890,08daa17c,\Gallery 59\04 - Roxanne\,{Shemale Yum Dvd03~G59~04~04 - Roxanne}
roxanne068.jpg,152160,3947a0c6,\Gallery 59\04 - Roxanne\,{Shemale Yum Dvd03~G59~04~04 - Roxanne}
roxanne069.jpg,164339,acac2b95,\Gallery 59\04 - Roxanne\,{Shemale Yum Dvd03~G59~04~04 - Roxanne}
roxanne070.jpg,165831,459c1274,\Gallery 59\04 - Roxanne\,{Shemale Yum Dvd03~G59~04~04 - Roxanne}
roxanne071.jpg,153873,c27a2fc8,\Gallery 59\04 - Roxanne\,{Shemale Yum Dvd03~G59~04~04 - Roxanne}
roxanne072.jpg,150533,7ec94707,\Gallery 59\04 - Roxanne\,{Shemale Yum Dvd03~G59~04~04 - Roxanne}
roxanne074.jpg,154994,1cac77df,\Gallery 59\04 - Roxanne\,{Shemale Yum Dvd03~G59~04~04 - Roxanne}
roxanne075.jpg,162369,866cee8e,\Gallery 59\04 - Roxanne\,{Shemale Yum Dvd03~G59~04~04 - Roxanne}
roxanne076.jpg,158133,1e0c2be8,\Gallery 59\04 - Roxanne\,{Shemale Yum Dvd03~G59~04~04 - Roxanne}
roxanne077.jpg,115205,1211dddb,\Gallery 59\04 - Roxanne\,{Shemale Yum Dvd03~G59~04~04 - Roxanne}
roxanne078.jpg,153061,150d3ced,\Gallery 59\04 - Roxanne\,{Shemale Yum Dvd03~G59~04~04 - Roxanne}
roxanne079.jpg,148253,8fb89a3c,\Gallery 59\04 - Roxanne\,{Shemale Yum Dvd03~G59~04~04 - Roxanne}
roxanne080.jpg,163899,a4bed1bd,\Gallery 59\04 - Roxanne\,{Shemale Yum Dvd03~G59~04~04 - Roxanne}
roxanne081.jpg,156745,8c7a3384,\Gallery 59\04 - Roxanne\,{Shemale Yum Dvd03~G59~04~04 - Roxanne}
roxanne082.jpg,151365,6120ca88,\Gallery 59\04 - Roxanne\,{Shemale Yum Dvd03~G59~04~04 - Roxanne}
roxanne083.jpg,150186,4c785bb3,\Gallery 59\04 - Roxanne\,{Shemale Yum Dvd03~G59~04~04 - Roxanne}
roxanneb001.jpg,181397,fac39477,\Gallery 59\04 - Roxanne (2)\,{Shemale Yum Dvd03~G59~04-2~04 - Roxanne (2)}
roxanneb002.jpg,167236,ffdcc962,\Gallery 59\04 - Roxanne (2)\,{Shemale Yum Dvd03~G59~04-2~04 - Roxanne (2)}
roxanneb003.jpg,129064,69e59452,\Gallery 59\04 - Roxanne (2)\,{Shemale Yum Dvd03~G59~04-2~04 - Roxanne (2)}
roxanneb004.jpg,146306,d0ef6584,\Gallery 59\04 - Roxanne (2)\,{Shemale Yum Dvd03~G59~04-2~04 - Roxanne (2)}
roxanneb005.jpg,143167,601c1963,\Gallery 59\04 - Roxanne (2)\,{Shemale Yum Dvd03~G59~04-2~04 - Roxanne (2)}
roxanneb006.jpg,146122,7c9ff73e,\Gallery 59\04 - Roxanne (2)\,{Shemale Yum Dvd03~G59~04-2~04 - Roxanne (2)}
roxanneb007.jpg,150832,628f1038,\Gallery 59\04 - Roxanne (2)\,{Shemale Yum Dvd03~G59~04-2~04 - Roxanne (2)}
roxanneb008.jpg,139847,5d29ebac,\Gallery 59\04 - Roxanne (2)\,{Shemale Yum Dvd03~G59~04-2~04 - Roxanne (2)}
roxanneb009.jpg,142749,8f7207c4,\Gallery 59\04 - Roxanne (2)\,{Shemale Yum Dvd03~G59~04-2~04 - Roxanne (2)}
roxanneb010.jpg,134872,b70a395f,\Gallery 59\04 - Roxanne (2)\,{Shemale Yum Dvd03~G59~04-2~04 - Roxanne (2)}
roxanneb011.jpg,158975,84597cba,\Gallery 59\04 - Roxanne (2)\,{Shemale Yum Dvd03~G59~04-2~04 - Roxanne (2)}
roxanneb012.jpg,161233,3748cf48,\Gallery 59\04 - Roxanne (2)\,{Shemale Yum Dvd03~G59~04-2~04 - Roxanne (2)}
roxanneb013.jpg,162209,7f3645e2,\Gallery 59\04 - Roxanne (2)\,{Shemale Yum Dvd03~G59~04-2~04 - Roxanne (2)}
roxanneb014.jpg,144477,e20a1019,\Gallery 59\04 - Roxanne (2)\,{Shemale Yum Dvd03~G59~04-2~04 - Roxanne (2)}
roxanneb015.jpg,141286,049910b6,\Gallery 59\04 - Roxanne (2)\,{Shemale Yum Dvd03~G59~04-2~04 - Roxanne (2)}
roxanneb016.jpg,133035,43c7bb22,\Gallery 59\04 - Roxanne (2)\,{Shemale Yum Dvd03~G59~04-2~04 - Roxanne (2)}
roxanneb017.jpg,170998,26c1cba3,\Gallery 59\04 - Roxanne (2)\,{Shemale Yum Dvd03~G59~04-2~04 - Roxanne (2)}
roxanneb018.jpg,153684,6d5c53e4,\Gallery 59\04 - Roxanne (2)\,{Shemale Yum Dvd03~G59~04-2~04 - Roxanne (2)}
roxanneb019.jpg,174647,699f6378,\Gallery 59\04 - Roxanne (2)\,{Shemale Yum Dvd03~G59~04-2~04 - Roxanne (2)}
roxanneb020.jpg,183278,6f7dd008,\Gallery 59\04 - Roxanne (2)\,{Shemale Yum Dvd03~G59~04-2~04 - Roxanne (2)}
roxanneb021.jpg,115232,a8ea996a,\Gallery 59\04 - Roxanne (2)\,{Shemale Yum Dvd03~G59~04-2~04 - Roxanne (2)}
roxanneb022.jpg,153888,946e2821,\Gallery 59\04 - Roxanne (2)\,{Shemale Yum Dvd03~G59~04-2~04 - Roxanne (2)}
roxanneb023.jpg,169798,d6abd793,\Gallery 59\04 - Roxanne (2)\,{Shemale Yum Dvd03~G59~04-2~04 - Roxanne (2)}
roxanneb024.jpg,161981,ddcc2ae6,\Gallery 59\04 - Roxanne (2)\,{Shemale Yum Dvd03~G59~04-2~04 - Roxanne (2)}
roxanneb025.jpg,175300,0de520e5,\Gallery 59\04 - Roxanne (2)\,{Shemale Yum Dvd03~G59~04-2~04 - Roxanne (2)}
roxanneb026.jpg,178135,81ead69a,\Gallery 59\04 - Roxanne (2)\,{Shemale Yum Dvd03~G59~04-2~04 - Roxanne (2)}
roxanneb027.jpg,152457,ac64796f,\Gallery 59\04 - Roxanne (2)\,{Shemale Yum Dvd03~G59~04-2~04 - Roxanne (2)}
roxanneb028.jpg,159215,8650326a,\Gallery 59\04 - Roxanne (2)\,{Shemale Yum Dvd03~G59~04-2~04 - Roxanne (2)}
roxanneb029.jpg,166620,290b6615,\Gallery 59\04 - Roxanne (2)\,{Shemale Yum Dvd03~G59~04-2~04 - Roxanne (2)}
roxanneb030.jpg,176084,49386060,\Gallery 59\04 - Roxanne (2)\,{Shemale Yum Dvd03~G59~04-2~04 - Roxanne (2)}
roxanneb031.jpg,173449,27818093,\Gallery 59\04 - Roxanne (2)\,{Shemale Yum Dvd03~G59~04-2~04 - Roxanne (2)}
roxanneb032.jpg,170029,82dd6462,\Gallery 59\04 - Roxanne (2)\,{Shemale Yum Dvd03~G59~04-2~04 - Roxanne (2)}
roxanneb033.jpg,187134,26c52394,\Gallery 59\04 - Roxanne (2)\,{Shemale Yum Dvd03~G59~04-2~04 - Roxanne (2)}
roxanneb034.jpg,148909,29e5a145,\Gallery 59\04 - Roxanne (2)\,{Shemale Yum Dvd03~G59~04-2~04 - Roxanne (2)}
roxanneb035.jpg,143339,90bad565,\Gallery 59\04 - Roxanne (2)\,{Shemale Yum Dvd03~G59~04-2~04 - Roxanne (2)}
roxanneb036.jpg,137915,f524a576,\Gallery 59\04 - Roxanne (2)\,{Shemale Yum Dvd03~G59~04-2~04 - Roxanne (2)}
roxanneb037.jpg,138232,c103ee59,\Gallery 59\04 - Roxanne (2)\,{Shemale Yum Dvd03~G59~04-2~04 - Roxanne (2)}
roxanneb038.jpg,127060,a4fa8467,\Gallery 59\04 - Roxanne (2)\,{Shemale Yum Dvd03~G59~04-2~04 - Roxanne (2)}
roxanneb039.jpg,125887,2ded306a,\Gallery 59\04 - Roxanne (2)\,{Shemale Yum Dvd03~G59~04-2~04 - Roxanne (2)}
roxanneb040.jpg,139856,9c7ab2e4,\Gallery 59\04 - Roxanne (2)\,{Shemale Yum Dvd03~G59~04-2~04 - Roxanne (2)}
roxanneb041.jpg,160342,04cd1409,\Gallery 59\04 - Roxanne (2)\,{Shemale Yum Dvd03~G59~04-2~04 - Roxanne (2)}
roxanneb042.jpg,153720,5f139d53,\Gallery 59\04 - Roxanne (2)\,{Shemale Yum Dvd03~G59~04-2~04 - Roxanne (2)}
roxanneb043.jpg,153196,dd977364,\Gallery 59\04 - Roxanne (2)\,{Shemale Yum Dvd03~G59~04-2~04 - Roxanne (2)}
roxanneb044.jpg,143188,2c31854f,\Gallery 59\04 - Roxanne (2)\,{Shemale Yum Dvd03~G59~04-2~04 - Roxanne (2)}
roxanneb045.jpg,136841,ff52515f,\Gallery 59\04 - Roxanne (2)\,{Shemale Yum Dvd03~G59~04-2~04 - Roxanne (2)}
roxanneb046.jpg,127296,8137d314,\Gallery 59\04 - Roxanne (2)\,{Shemale Yum Dvd03~G59~04-2~04 - Roxanne (2)}
roxanneb047.jpg,129254,ecd30425,\Gallery 59\04 - Roxanne (2)\,{Shemale Yum Dvd03~G59~04-2~04 - Roxanne (2)}
roxanneb048.jpg,142354,93716544,\Gallery 59\04 - Roxanne (2)\,{Shemale Yum Dvd03~G59~04-2~04 - Roxanne (2)}
roxanneb049.jpg,150081,47cc3304,\Gallery 59\04 - Roxanne (2)\,{Shemale Yum Dvd03~G59~04-2~04 - Roxanne (2)}
roxanneb050.jpg,145902,44a99d9e,\Gallery 59\04 - Roxanne (2)\,{Shemale Yum Dvd03~G59~04-2~04 - Roxanne (2)}
roxanneb051.jpg,152461,16fa5bd9,\Gallery 59\04 - Roxanne (2)\,{Shemale Yum Dvd03~G59~04-2~04 - Roxanne (2)}
roxanneb052.jpg,137842,1d1af79b,\Gallery 59\04 - Roxanne (2)\,{Shemale Yum Dvd03~G59~04-2~04 - Roxanne (2)}
roxanneb053.jpg,112608,6bc01af8,\Gallery 59\04 - Roxanne (2)\,{Shemale Yum Dvd03~G59~04-2~04 - Roxanne (2)}
roxanneb054.jpg,115672,98e2e35b,\Gallery 59\04 - Roxanne (2)\,{Shemale Yum Dvd03~G59~04-2~04 - Roxanne (2)}
roxanneb055.jpg,119516,9084f328,\Gallery 59\04 - Roxanne (2)\,{Shemale Yum Dvd03~G59~04-2~04 - Roxanne (2)}
roxanneb056.jpg,122921,154fb406,\Gallery 59\04 - Roxanne (2)\,{Shemale Yum Dvd03~G59~04-2~04 - Roxanne (2)}
roxanneb057.jpg,123845,2d323d0e,\Gallery 59\04 - Roxanne (2)\,{Shemale Yum Dvd03~G59~04-2~04 - Roxanne (2)}
roxanneb058.jpg,129675,6997d6ef,\Gallery 59\04 - Roxanne (2)\,{Shemale Yum Dvd03~G59~04-2~04 - Roxanne (2)}
roxanneb059.jpg,119275,2d263e30,\Gallery 59\04 - Roxanne (2)\,{Shemale Yum Dvd03~G59~04-2~04 - Roxanne (2)}
roxanneb060.jpg,137911,18278cfd,\Gallery 59\04 - Roxanne (2)\,{Shemale Yum Dvd03~G59~04-2~04 - Roxanne (2)}
roxanneb061.jpg,134697,9409aaa0,\Gallery 59\04 - Roxanne (2)\,{Shemale Yum Dvd03~G59~04-2~04 - Roxanne (2)}
roxanneb062.jpg,168218,7a1ed610,\Gallery 59\04 - Roxanne (2)\,{Shemale Yum Dvd03~G59~04-2~04 - Roxanne (2)}
roxanneb063.jpg,138102,9d36a70f,\Gallery 59\04 - Roxanne (2)\,{Shemale Yum Dvd03~G59~04-2~04 - Roxanne (2)}
roxanneb064.jpg,192180,fb64f225,\Gallery 59\04 - Roxanne (2)\,{Shemale Yum Dvd03~G59~04-2~04 - Roxanne (2)}
roxanneb065.jpg,185355,0b7f4d0a,\Gallery 59\04 - Roxanne (2)\,{Shemale Yum Dvd03~G59~04-2~04 - Roxanne (2)}
roxanneb066.jpg,183473,08fd883b,\Gallery 59\04 - Roxanne (2)\,{Shemale Yum Dvd03~G59~04-2~04 - Roxanne (2)}
roxanneb067.jpg,128379,3a274784,\Gallery 59\04 - Roxanne (2)\,{Shemale Yum Dvd03~G59~04-2~04 - Roxanne (2)}
roxanneb068.jpg,163317,6035f7ee,\Gallery 59\04 - Roxanne (2)\,{Shemale Yum Dvd03~G59~04-2~04 - Roxanne (2)}
roxanneb069.jpg,156037,a9070ade,\Gallery 59\04 - Roxanne (2)\,{Shemale Yum Dvd03~G59~04-2~04 - Roxanne (2)}
roxanneb070.jpg,152425,18e8c7a9,\Gallery 59\04 - Roxanne (2)\,{Shemale Yum Dvd03~G59~04-2~04 - Roxanne (2)}
roxanneb071.jpg,149239,1363752b,\Gallery 59\04 - Roxanne (2)\,{Shemale Yum Dvd03~G59~04-2~04 - Roxanne (2)}
roxanneb072.jpg,151121,bd593af7,\Gallery 59\04 - Roxanne (2)\,{Shemale Yum Dvd03~G59~04-2~04 - Roxanne (2)}
roxanneb073.jpg,146072,e347be62,\Gallery 59\04 - Roxanne (2)\,{Shemale Yum Dvd03~G59~04-2~04 - Roxanne (2)}
roxanneb074.jpg,171109,9924c2f7,\Gallery 59\04 - Roxanne (2)\,{Shemale Yum Dvd03~G59~04-2~04 - Roxanne (2)}
roxanneb075.jpg,169156,74e9cd5d,\Gallery 59\04 - Roxanne (2)\,{Shemale Yum Dvd03~G59~04-2~04 - Roxanne (2)}
roxanneb076.jpg,147236,618b7dae,\Gallery 59\04 - Roxanne (2)\,{Shemale Yum Dvd03~G59~04-2~04 - Roxanne (2)}
roxanneb077.jpg,173672,3da5246a,\Gallery 59\04 - Roxanne (2)\,{Shemale Yum Dvd03~G59~04-2~04 - Roxanne (2)}
roxanneb078.jpg,174382,3cbcc39c,\Gallery 59\04 - Roxanne (2)\,{Shemale Yum Dvd03~G59~04-2~04 - Roxanne (2)}
roxanneb079.jpg,192392,c85a35fb,\Gallery 59\04 - Roxanne (2)\,{Shemale Yum Dvd03~G59~04-2~04 - Roxanne (2)}
roxanneb080.jpg,184452,d1c9c9cd,\Gallery 59\04 - Roxanne (2)\,{Shemale Yum Dvd03~G59~04-2~04 - Roxanne (2)}
roxanneb081.jpg,137924,2858df43,\Gallery 59\04 - Roxanne (2)\,{Shemale Yum Dvd03~G59~04-2~04 - Roxanne (2)}
roxanneb082.jpg,137508,5dd7a546,\Gallery 59\04 - Roxanne (2)\,{Shemale Yum Dvd03~G59~04-2~04 - Roxanne (2)}
roxanneb083.jpg,137164,89152c97,\Gallery 59\04 - Roxanne (2)\,{Shemale Yum Dvd03~G59~04-2~04 - Roxanne (2)}
roxanneb084.jpg,182824,6d56248b,\Gallery 59\04 - Roxanne (2)\,{Shemale Yum Dvd03~G59~04-2~04 - Roxanne (2)}
roxanneb085.jpg,189102,d652725e,\Gallery 59\04 - Roxanne (2)\,{Shemale Yum Dvd03~G59~04-2~04 - Roxanne (2)}
roxanneb086.jpg,135358,1171dda5,\Gallery 59\04 - Roxanne (2)\,{Shemale Yum Dvd03~G59~04-2~04 - Roxanne (2)}
roxanneb087.jpg,133061,1a9d81a3,\Gallery 59\04 - Roxanne (2)\,{Shemale Yum Dvd03~G59~04-2~04 - Roxanne (2)}
roxanneb088.jpg,164055,157fe410,\Gallery 59\04 - Roxanne (2)\,{Shemale Yum Dvd03~G59~04-2~04 - Roxanne (2)}
roxanneb089.jpg,133224,f6c2e288,\Gallery 59\04 - Roxanne (2)\,{Shemale Yum Dvd03~G59~04-2~04 - Roxanne (2)}
roxanneb3001.jpg,190417,c8bbfc6a,\Gallery 59\04 - Roxanne (3)\,{Shemale Yum Dvd03~G59~04-3~04 - Roxanne (3)}
roxanneb3002.jpg,179930,67cc3e54,\Gallery 59\04 - Roxanne (3)\,{Shemale Yum Dvd03~G59~04-3~04 - Roxanne (3)}
roxanneb3003.jpg,189150,4f2612c0,\Gallery 59\04 - Roxanne (3)\,{Shemale Yum Dvd03~G59~04-3~04 - Roxanne (3)}
roxanneb3004.jpg,185395,a17ae88a,\Gallery 59\04 - Roxanne (3)\,{Shemale Yum Dvd03~G59~04-3~04 - Roxanne (3)}
roxanneb3005.jpg,204316,55231903,\Gallery 59\04 - Roxanne (3)\,{Shemale Yum Dvd03~G59~04-3~04 - Roxanne (3)}
roxanneb3006.jpg,198386,7666ac22,\Gallery 59\04 - Roxanne (3)\,{Shemale Yum Dvd03~G59~04-3~04 - Roxanne (3)}
roxanneb3007.jpg,185305,9d374891,\Gallery 59\04 - Roxanne (3)\,{Shemale Yum Dvd03~G59~04-3~04 - Roxanne (3)}
roxanneb3008.jpg,189626,237aa72f,\Gallery 59\04 - Roxanne (3)\,{Shemale Yum Dvd03~G59~04-3~04 - Roxanne (3)}
roxanneb3009.jpg,211695,5e479c2a,\Gallery 59\04 - Roxanne (3)\,{Shemale Yum Dvd03~G59~04-3~04 - Roxanne (3)}
roxanneb3010.jpg,205310,1e9ef637,\Gallery 59\04 - Roxanne (3)\,{Shemale Yum Dvd03~G59~04-3~04 - Roxanne (3)}
roxanneb3011.jpg,183828,5fc6f392,\Gallery 59\04 - Roxanne (3)\,{Shemale Yum Dvd03~G59~04-3~04 - Roxanne (3)}
roxanneb3012.jpg,198483,fbd48920,\Gallery 59\04 - Roxanne (3)\,{Shemale Yum Dvd03~G59~04-3~04 - Roxanne (3)}
roxanneb3013.jpg,188184,201a1139,\Gallery 59\04 - Roxanne (3)\,{Shemale Yum Dvd03~G59~04-3~04 - Roxanne (3)}
roxanneb3014.jpg,162934,b70a6958,\Gallery 59\04 - Roxanne (3)\,{Shemale Yum Dvd03~G59~04-3~04 - Roxanne (3)}
roxanneb3015.jpg,211224,ab450344,\Gallery 59\04 - Roxanne (3)\,{Shemale Yum Dvd03~G59~04-3~04 - Roxanne (3)}
roxanneb3016.jpg,188351,e43e144f,\Gallery 59\04 - Roxanne (3)\,{Shemale Yum Dvd03~G59~04-3~04 - Roxanne (3)}
roxanneb3017.jpg,183273,7d307a1d,\Gallery 59\04 - Roxanne (3)\,{Shemale Yum Dvd03~G59~04-3~04 - Roxanne (3)}
roxanneb3018.jpg,190180,243b68b0,\Gallery 59\04 - Roxanne (3)\,{Shemale Yum Dvd03~G59~04-3~04 - Roxanne (3)}
roxanneb3019.jpg,184512,ccdeac0d,\Gallery 59\04 - Roxanne (3)\,{Shemale Yum Dvd03~G59~04-3~04 - Roxanne (3)}
roxanneb3020.jpg,201084,160bd9e9,\Gallery 59\04 - Roxanne (3)\,{Shemale Yum Dvd03~G59~04-3~04 - Roxanne (3)}
roxanneb3021.jpg,201900,0f4ace2b,\Gallery 59\04 - Roxanne (3)\,{Shemale Yum Dvd03~G59~04-3~04 - Roxanne (3)}
roxanneb3022.jpg,195368,e31e397f,\Gallery 59\04 - Roxanne (3)\,{Shemale Yum Dvd03~G59~04-3~04 - Roxanne (3)}
roxanneb3023.jpg,209984,b0a2cd2a,\Gallery 59\04 - Roxanne (3)\,{Shemale Yum Dvd03~G59~04-3~04 - Roxanne (3)}
roxanneb3024.jpg,211411,1d81c73b,\Gallery 59\04 - Roxanne (3)\,{Shemale Yum Dvd03~G59~04-3~04 - Roxanne (3)}
roxanneb3025.jpg,190197,b263b28f,\Gallery 59\04 - Roxanne (3)\,{Shemale Yum Dvd03~G59~04-3~04 - Roxanne (3)}
roxanneb3026.jpg,210450,d1495fa7,\Gallery 59\04 - Roxanne (3)\,{Shemale Yum Dvd03~G59~04-3~04 - Roxanne (3)}
roxanneb3027.jpg,202178,ce881d1f,\Gallery 59\04 - Roxanne (3)\,{Shemale Yum Dvd03~G59~04-3~04 - Roxanne (3)}
roxanneb3028.jpg,186400,10d63171,\Gallery 59\04 - Roxanne (3)\,{Shemale Yum Dvd03~G59~04-3~04 - Roxanne (3)}
roxanneb3029.jpg,182107,2441b267,\Gallery 59\04 - Roxanne (3)\,{Shemale Yum Dvd03~G59~04-3~04 - Roxanne (3)}
roxanneb3030.jpg,175511,41a8e895,\Gallery 59\04 - Roxanne (3)\,{Shemale Yum Dvd03~G59~04-3~04 - Roxanne (3)}
roxanneb3031.jpg,200387,17994a5e,\Gallery 59\04 - Roxanne (3)\,{Shemale Yum Dvd03~G59~04-3~04 - Roxanne (3)}
roxanneb3032.jpg,192701,d5662fb6,\Gallery 59\04 - Roxanne (3)\,{Shemale Yum Dvd03~G59~04-3~04 - Roxanne (3)}
roxanneb3033.jpg,195979,b57d798d,\Gallery 59\04 - Roxanne (3)\,{Shemale Yum Dvd03~G59~04-3~04 - Roxanne (3)}
roxanneb3034.jpg,188543,025173be,\Gallery 59\04 - Roxanne (3)\,{Shemale Yum Dvd03~G59~04-3~04 - Roxanne (3)}
roxanneb3035.jpg,181529,b3d9b20d,\Gallery 59\04 - Roxanne (3)\,{Shemale Yum Dvd03~G59~04-3~04 - Roxanne (3)}
roxanneb3036.jpg,193627,20601bad,\Gallery 59\04 - Roxanne (3)\,{Shemale Yum Dvd03~G59~04-3~04 - Roxanne (3)}
roxanneb3037.jpg,160643,f9cb8ed1,\Gallery 59\04 - Roxanne (3)\,{Shemale Yum Dvd03~G59~04-3~04 - Roxanne (3)}
roxanneb3038.jpg,197552,bf11a185,\Gallery 59\04 - Roxanne (3)\,{Shemale Yum Dvd03~G59~04-3~04 - Roxanne (3)}
roxanneb3039.jpg,177937,8698cc26,\Gallery 59\04 - Roxanne (3)\,{Shemale Yum Dvd03~G59~04-3~04 - Roxanne (3)}
roxanneb3040.jpg,177027,f76bc46b,\Gallery 59\04 - Roxanne (3)\,{Shemale Yum Dvd03~G59~04-3~04 - Roxanne (3)}
roxanneb3041.jpg,154630,9ae09ce1,\Gallery 59\04 - Roxanne (3)\,{Shemale Yum Dvd03~G59~04-3~04 - Roxanne (3)}
roxanneb3042.jpg,191274,ab9657e0,\Gallery 59\04 - Roxanne (3)\,{Shemale Yum Dvd03~G59~04-3~04 - Roxanne (3)}
roxanneb3043.jpg,173737,f12a2641,\Gallery 59\04 - Roxanne (3)\,{Shemale Yum Dvd03~G59~04-3~04 - Roxanne (3)}
roxanneb3044.jpg,208021,2a43f72b,\Gallery 59\04 - Roxanne (3)\,{Shemale Yum Dvd03~G59~04-3~04 - Roxanne (3)}
roxanneb3045.jpg,139214,01888738,\Gallery 59\04 - Roxanne (3)\,{Shemale Yum Dvd03~G59~04-3~04 - Roxanne (3)}
roxanneb3046.jpg,179471,a75d6b32,\Gallery 59\04 - Roxanne (3)\,{Shemale Yum Dvd03~G59~04-3~04 - Roxanne (3)}
roxanneb3047.jpg,161390,642fc642,\Gallery 59\04 - Roxanne (3)\,{Shemale Yum Dvd03~G59~04-3~04 - Roxanne (3)}
roxanneb3048.jpg,188805,03eb7b71,\Gallery 59\04 - Roxanne (3)\,{Shemale Yum Dvd03~G59~04-3~04 - Roxanne (3)}
roxanneb3049.jpg,187215,973cf063,\Gallery 59\04 - Roxanne (3)\,{Shemale Yum Dvd03~G59~04-3~04 - Roxanne (3)}
roxanneb3050.jpg,185829,39624316,\Gallery 59\04 - Roxanne (3)\,{Shemale Yum Dvd03~G59~04-3~04 - Roxanne (3)}
roxanneb3051.jpg,189559,8f6a53aa,\Gallery 59\04 - Roxanne (3)\,{Shemale Yum Dvd03~G59~04-3~04 - Roxanne (3)}
roxanneb3052.jpg,156628,a9b85e3e,\Gallery 59\04 - Roxanne (3)\,{Shemale Yum Dvd03~G59~04-3~04 - Roxanne (3)}
roxanneb3053.jpg,177882,e16aab58,\Gallery 59\04 - Roxanne (3)\,{Shemale Yum Dvd03~G59~04-3~04 - Roxanne (3)}
roxanneb3054.jpg,180997,1c0f9a30,\Gallery 59\04 - Roxanne (3)\,{Shemale Yum Dvd03~G59~04-3~04 - Roxanne (3)}
roxanneb3055.jpg,193049,af47838a,\Gallery 59\04 - Roxanne (3)\,{Shemale Yum Dvd03~G59~04-3~04 - Roxanne (3)}
roxanneb3056.jpg,198526,7aff7422,\Gallery 59\04 - Roxanne (3)\,{Shemale Yum Dvd03~G59~04-3~04 - Roxanne (3)}
roxanneb3057.jpg,191947,367615b7,\Gallery 59\04 - Roxanne (3)\,{Shemale Yum Dvd03~G59~04-3~04 - Roxanne (3)}
roxanneb3058.jpg,143998,12366e8e,\Gallery 59\04 - Roxanne (3)\,{Shemale Yum Dvd03~G59~04-3~04 - Roxanne (3)}
roxanneb3059.jpg,190202,688e3c44,\Gallery 59\04 - Roxanne (3)\,{Shemale Yum Dvd03~G59~04-3~04 - Roxanne (3)}
roxanneb3060.jpg,163703,575a9741,\Gallery 59\04 - Roxanne (3)\,{Shemale Yum Dvd03~G59~04-3~04 - Roxanne (3)}
roxanneb3061.jpg,204299,85d21cfb,\Gallery 59\04 - Roxanne (3)\,{Shemale Yum Dvd03~G59~04-3~04 - Roxanne (3)}
roxanneb3062.jpg,170172,1738bf91,\Gallery 59\04 - Roxanne (3)\,{Shemale Yum Dvd03~G59~04-3~04 - Roxanne (3)}
roxanneb3063.jpg,197449,57fa7df1,\Gallery 59\04 - Roxanne (3)\,{Shemale Yum Dvd03~G59~04-3~04 - Roxanne (3)}
roxanneb3064.jpg,207869,f04669f9,\Gallery 59\04 - Roxanne (3)\,{Shemale Yum Dvd03~G59~04-3~04 - Roxanne (3)}
roxanneb3065.jpg,202375,1437e2cf,\Gallery 59\04 - Roxanne (3)\,{Shemale Yum Dvd03~G59~04-3~04 - Roxanne (3)}
roxanneb3066.jpg,155834,c0a70667,\Gallery 59\04 - Roxanne (3)\,{Shemale Yum Dvd03~G59~04-3~04 - Roxanne (3)}
roxanneb3067.jpg,179554,d776b901,\Gallery 59\04 - Roxanne (3)\,{Shemale Yum Dvd03~G59~04-3~04 - Roxanne (3)}
roxanneb3068.jpg,175270,e1d5df6e,\Gallery 59\04 - Roxanne (3)\,{Shemale Yum Dvd03~G59~04-3~04 - Roxanne (3)}
roxanneb3069.jpg,180562,2ee0ae0b,\Gallery 59\04 - Roxanne (3)\,{Shemale Yum Dvd03~G59~04-3~04 - Roxanne (3)}
roxanneb3070.jpg,139040,0144fb85,\Gallery 59\04 - Roxanne (3)\,{Shemale Yum Dvd03~G59~04-3~04 - Roxanne (3)}
roxanneb3071.jpg,162686,7a31e2d0,\Gallery 59\04 - Roxanne (3)\,{Shemale Yum Dvd03~G59~04-3~04 - Roxanne (3)}
roxanneb3072.jpg,198872,66370ff6,\Gallery 59\04 - Roxanne (3)\,{Shemale Yum Dvd03~G59~04-3~04 - Roxanne (3)}
roxanneb3073.jpg,199931,95a281eb,\Gallery 59\04 - Roxanne (3)\,{Shemale Yum Dvd03~G59~04-3~04 - Roxanne (3)}
roxanneb3074.jpg,194375,c99ce476,\Gallery 59\04 - Roxanne (3)\,{Shemale Yum Dvd03~G59~04-3~04 - Roxanne (3)}
roxanneb3075.jpg,205912,5f48bd6f,\Gallery 59\04 - Roxanne (3)\,{Shemale Yum Dvd03~G59~04-3~04 - Roxanne (3)}
roxanneb3076.jpg,200812,272df5a8,\Gallery 59\04 - Roxanne (3)\,{Shemale Yum Dvd03~G59~04-3~04 - Roxanne (3)}
roxanneb3077.jpg,188116,ea85dfd9,\Gallery 59\04 - Roxanne (3)\,{Shemale Yum Dvd03~G59~04-3~04 - Roxanne (3)}
roxanneb3078.jpg,167091,13122c0d,\Gallery 59\04 - Roxanne (3)\,{Shemale Yum Dvd03~G59~04-3~04 - Roxanne (3)}
roxanneb3079.jpg,172985,0dec003b,\Gallery 59\04 - Roxanne (3)\,{Shemale Yum Dvd03~G59~04-3~04 - Roxanne (3)}
roxanneb3080.jpg,189579,a2b4bff7,\Gallery 59\04 - Roxanne (3)\,{Shemale Yum Dvd03~G59~04-3~04 - Roxanne (3)}
roxanneb3081.jpg,187110,b45c6e45,\Gallery 59\04 - Roxanne (3)\,{Shemale Yum Dvd03~G59~04-3~04 - Roxanne (3)}
roxanneb3082.jpg,195669,15cf2f85,\Gallery 59\04 - Roxanne (3)\,{Shemale Yum Dvd03~G59~04-3~04 - Roxanne (3)}
roxanneb3083.jpg,179508,e06a345f,\Gallery 59\04 - Roxanne (3)\,{Shemale Yum Dvd03~G59~04-3~04 - Roxanne (3)}
roxanneb4001.jpg,177526,1c73350b,\Gallery 59\04 - Roxanne (4)\,{Shemale Yum Dvd03~G59~04-4~04 - Roxanne (4)}
roxanneb4002.jpg,175198,ae843450,\Gallery 59\04 - Roxanne (4)\,{Shemale Yum Dvd03~G59~04-4~04 - Roxanne (4)}
roxanneb4003.jpg,178622,8f2f8b82,\Gallery 59\04 - Roxanne (4)\,{Shemale Yum Dvd03~G59~04-4~04 - Roxanne (4)}
roxanneb4004.jpg,162436,baf11e30,\Gallery 59\04 - Roxanne (4)\,{Shemale Yum Dvd03~G59~04-4~04 - Roxanne (4)}
roxanneb4005.jpg,160616,9f2d73e5,\Gallery 59\04 - Roxanne (4)\,{Shemale Yum Dvd03~G59~04-4~04 - Roxanne (4)}
roxanneb4006.jpg,181226,83a4528e,\Gallery 59\04 - Roxanne (4)\,{Shemale Yum Dvd03~G59~04-4~04 - Roxanne (4)}
roxanneb4007.jpg,183647,d5fde756,\Gallery 59\04 - Roxanne (4)\,{Shemale Yum Dvd03~G59~04-4~04 - Roxanne (4)}
roxanneb4008.jpg,161004,51f9ee34,\Gallery 59\04 - Roxanne (4)\,{Shemale Yum Dvd03~G59~04-4~04 - Roxanne (4)}
roxanneb4009.jpg,167955,68b4878d,\Gallery 59\04 - Roxanne (4)\,{Shemale Yum Dvd03~G59~04-4~04 - Roxanne (4)}
roxanneb4010.jpg,180492,ff75e312,\Gallery 59\04 - Roxanne (4)\,{Shemale Yum Dvd03~G59~04-4~04 - Roxanne (4)}
roxanneb4011.jpg,196409,6554d87b,\Gallery 59\04 - Roxanne (4)\,{Shemale Yum Dvd03~G59~04-4~04 - Roxanne (4)}
roxanneb4012.jpg,197812,810a1d5f,\Gallery 59\04 - Roxanne (4)\,{Shemale Yum Dvd03~G59~04-4~04 - Roxanne (4)}
roxanneb4013.jpg,181132,4cf548be,\Gallery 59\04 - Roxanne (4)\,{Shemale Yum Dvd03~G59~04-4~04 - Roxanne (4)}
roxanneb4014.jpg,171338,5d3af430,\Gallery 59\04 - Roxanne (4)\,{Shemale Yum Dvd03~G59~04-4~04 - Roxanne (4)}
roxanneb4015.jpg,155906,3cbe609a,\Gallery 59\04 - Roxanne (4)\,{Shemale Yum Dvd03~G59~04-4~04 - Roxanne (4)}
roxanneb4016.jpg,188279,b78bb458,\Gallery 59\04 - Roxanne (4)\,{Shemale Yum Dvd03~G59~04-4~04 - Roxanne (4)}
roxanneb4017.jpg,170050,6ba281ec,\Gallery 59\04 - Roxanne (4)\,{Shemale Yum Dvd03~G59~04-4~04 - Roxanne (4)}
roxanneb4018.jpg,187269,342f16c8,\Gallery 59\04 - Roxanne (4)\,{Shemale Yum Dvd03~G59~04-4~04 - Roxanne (4)}
roxanneb4019.jpg,154323,0dabbf4a,\Gallery 59\04 - Roxanne (4)\,{Shemale Yum Dvd03~G59~04-4~04 - Roxanne (4)}
roxanneb4020.jpg,146678,513e1de3,\Gallery 59\04 - Roxanne (4)\,{Shemale Yum Dvd03~G59~04-4~04 - Roxanne (4)}
roxanneb4021.jpg,182198,88d3655a,\Gallery 59\04 - Roxanne (4)\,{Shemale Yum Dvd03~G59~04-4~04 - Roxanne (4)}
roxanneb4022.jpg,187069,b9ece85e,\Gallery 59\04 - Roxanne (4)\,{Shemale Yum Dvd03~G59~04-4~04 - Roxanne (4)}
roxanneb4023.jpg,154075,653ec7d8,\Gallery 59\04 - Roxanne (4)\,{Shemale Yum Dvd03~G59~04-4~04 - Roxanne (4)}
roxanneb4024.jpg,179470,a61997d6,\Gallery 59\04 - Roxanne (4)\,{Shemale Yum Dvd03~G59~04-4~04 - Roxanne (4)}
roxanneb4025.jpg,153307,f9dee680,\Gallery 59\04 - Roxanne (4)\,{Shemale Yum Dvd03~G59~04-4~04 - Roxanne (4)}
roxanneb4026.jpg,141182,a8bb4e30,\Gallery 59\04 - Roxanne (4)\,{Shemale Yum Dvd03~G59~04-4~04 - Roxanne (4)}
roxanneb4027.jpg,156425,280a814b,\Gallery 59\04 - Roxanne (4)\,{Shemale Yum Dvd03~G59~04-4~04 - Roxanne (4)}
roxanneb4028.jpg,163964,ef2fc931,\Gallery 59\04 - Roxanne (4)\,{Shemale Yum Dvd03~G59~04-4~04 - Roxanne (4)}
roxanneb4029.jpg,149520,33f05e19,\Gallery 59\04 - Roxanne (4)\,{Shemale Yum Dvd03~G59~04-4~04 - Roxanne (4)}
roxanneb4030.jpg,197761,90955021,\Gallery 59\04 - Roxanne (4)\,{Shemale Yum Dvd03~G59~04-4~04 - Roxanne (4)}
roxanneb4031.jpg,178176,1bd68bbe,\Gallery 59\04 - Roxanne (4)\,{Shemale Yum Dvd03~G59~04-4~04 - Roxanne (4)}
roxanneb4032.jpg,163598,a4910833,\Gallery 59\04 - Roxanne (4)\,{Shemale Yum Dvd03~G59~04-4~04 - Roxanne (4)}
roxanneb4033.jpg,173620,d03732cd,\Gallery 59\04 - Roxanne (4)\,{Shemale Yum Dvd03~G59~04-4~04 - Roxanne (4)}
roxanneb4034.jpg,164086,24b34e2b,\Gallery 59\04 - Roxanne (4)\,{Shemale Yum Dvd03~G59~04-4~04 - Roxanne (4)}
roxanneb4035.jpg,171843,3dc616cc,\Gallery 59\04 - Roxanne (4)\,{Shemale Yum Dvd03~G59~04-4~04 - Roxanne (4)}
roxanneb4036.jpg,173686,d85ff92f,\Gallery 59\04 - Roxanne (4)\,{Shemale Yum Dvd03~G59~04-4~04 - Roxanne (4)}
roxanneb4037.jpg,167883,abb8c321,\Gallery 59\04 - Roxanne (4)\,{Shemale Yum Dvd03~G59~04-4~04 - Roxanne (4)}
roxanneb4038.jpg,152811,2bae392a,\Gallery 59\04 - Roxanne (4)\,{Shemale Yum Dvd03~G59~04-4~04 - Roxanne (4)}
roxanneb4039.jpg,145696,d5744ee9,\Gallery 59\04 - Roxanne (4)\,{Shemale Yum Dvd03~G59~04-4~04 - Roxanne (4)}
roxanneb4040.jpg,154429,cc962ab9,\Gallery 59\04 - Roxanne (4)\,{Shemale Yum Dvd03~G59~04-4~04 - Roxanne (4)}
roxanneb4041.jpg,164091,9a974fe5,\Gallery 59\04 - Roxanne (4)\,{Shemale Yum Dvd03~G59~04-4~04 - Roxanne (4)}
roxanneb4042.jpg,145511,49cdb9b9,\Gallery 59\04 - Roxanne (4)\,{Shemale Yum Dvd03~G59~04-4~04 - Roxanne (4)}
roxanneb4043.jpg,155018,7b4f464f,\Gallery 59\04 - Roxanne (4)\,{Shemale Yum Dvd03~G59~04-4~04 - Roxanne (4)}
roxanneb4044.jpg,150242,9bda9ac9,\Gallery 59\04 - Roxanne (4)\,{Shemale Yum Dvd03~G59~04-4~04 - Roxanne (4)}
roxanneb4045.jpg,146069,031509d2,\Gallery 59\04 - Roxanne (4)\,{Shemale Yum Dvd03~G59~04-4~04 - Roxanne (4)}
roxanneb4046.jpg,158023,ad53c4e1,\Gallery 59\04 - Roxanne (4)\,{Shemale Yum Dvd03~G59~04-4~04 - Roxanne (4)}
roxanneb4047.jpg,164638,8fa09e5d,\Gallery 59\04 - Roxanne (4)\,{Shemale Yum Dvd03~G59~04-4~04 - Roxanne (4)}
roxanneb4048.jpg,158527,d6bb6a8a,\Gallery 59\04 - Roxanne (4)\,{Shemale Yum Dvd03~G59~04-4~04 - Roxanne (4)}
roxanneb4049.jpg,168609,9ea77e87,\Gallery 59\04 - Roxanne (4)\,{Shemale Yum Dvd03~G59~04-4~04 - Roxanne (4)}
roxanneb4050.jpg,166413,2331ccef,\Gallery 59\04 - Roxanne (4)\,{Shemale Yum Dvd03~G59~04-4~04 - Roxanne (4)}
roxanneb4051.jpg,163590,65193a09,\Gallery 59\04 - Roxanne (4)\,{Shemale Yum Dvd03~G59~04-4~04 - Roxanne (4)}
roxanneb4052.jpg,155366,1ecf6f65,\Gallery 59\04 - Roxanne (4)\,{Shemale Yum Dvd03~G59~04-4~04 - Roxanne (4)}
roxanneb4053.jpg,149504,fca35335,\Gallery 59\04 - Roxanne (4)\,{Shemale Yum Dvd03~G59~04-4~04 - Roxanne (4)}
roxanneb4054.jpg,138459,3ca8402a,\Gallery 59\04 - Roxanne (4)\,{Shemale Yum Dvd03~G59~04-4~04 - Roxanne (4)}
roxanneb4055.jpg,146841,02f7f50b,\Gallery 59\04 - Roxanne (4)\,{Shemale Yum Dvd03~G59~04-4~04 - Roxanne (4)}
roxanneb4056.jpg,146453,a03640ac,\Gallery 59\04 - Roxanne (4)\,{Shemale Yum Dvd03~G59~04-4~04 - Roxanne (4)}
roxanneb4057.jpg,144997,46e315c4,\Gallery 59\04 - Roxanne (4)\,{Shemale Yum Dvd03~G59~04-4~04 - Roxanne (4)}
roxanneb4058.jpg,159717,8bce9841,\Gallery 59\04 - Roxanne (4)\,{Shemale Yum Dvd03~G59~04-4~04 - Roxanne (4)}
roxanneb4059.jpg,147245,5bc8bcd0,\Gallery 59\04 - Roxanne (4)\,{Shemale Yum Dvd03~G59~04-4~04 - Roxanne (4)}
roxanneb4060.jpg,135821,8c35f10a,\Gallery 59\04 - Roxanne (4)\,{Shemale Yum Dvd03~G59~04-4~04 - Roxanne (4)}
roxanneb4061.jpg,160037,66b6d988,\Gallery 59\04 - Roxanne (4)\,{Shemale Yum Dvd03~G59~04-4~04 - Roxanne (4)}
roxanneb4062.jpg,158871,149ba177,\Gallery 59\04 - Roxanne (4)\,{Shemale Yum Dvd03~G59~04-4~04 - Roxanne (4)}
roxanneb4063.jpg,161709,b565dffb,\Gallery 59\04 - Roxanne (4)\,{Shemale Yum Dvd03~G59~04-4~04 - Roxanne (4)}
roxanneb4064.jpg,152148,d97628b3,\Gallery 59\04 - Roxanne (4)\,{Shemale Yum Dvd03~G59~04-4~04 - Roxanne (4)}
roxanneb4065.jpg,163346,0a72228f,\Gallery 59\04 - Roxanne (4)\,{Shemale Yum Dvd03~G59~04-4~04 - Roxanne (4)}
roxanneb4066.jpg,159432,af5cf8cb,\Gallery 59\04 - Roxanne (4)\,{Shemale Yum Dvd03~G59~04-4~04 - Roxanne (4)}
roxanneb4067.jpg,149998,04b50b71,\Gallery 59\04 - Roxanne (4)\,{Shemale Yum Dvd03~G59~04-4~04 - Roxanne (4)}
roxanneb4068.jpg,147102,d3003479,\Gallery 59\04 - Roxanne (4)\,{Shemale Yum Dvd03~G59~04-4~04 - Roxanne (4)}
roxanneb4069.jpg,213363,4ddb16bd,\Gallery 59\04 - Roxanne (4)\,{Shemale Yum Dvd03~G59~04-4~04 - Roxanne (4)}
roxanneb4070.jpg,169624,ce0ed155,\Gallery 59\04 - Roxanne (4)\,{Shemale Yum Dvd03~G59~04-4~04 - Roxanne (4)}
roxanneb4071.jpg,162029,37217950,\Gallery 59\04 - Roxanne (4)\,{Shemale Yum Dvd03~G59~04-4~04 - Roxanne (4)}
roxanneb4072.jpg,144523,eb46a0c3,\Gallery 59\04 - Roxanne (4)\,{Shemale Yum Dvd03~G59~04-4~04 - Roxanne (4)}
roxanneb4073.jpg,151651,cb2f801f,\Gallery 59\04 - Roxanne (4)\,{Shemale Yum Dvd03~G59~04-4~04 - Roxanne (4)}
roxanneb4074.jpg,138783,d5bd7950,\Gallery 59\04 - Roxanne (4)\,{Shemale Yum Dvd03~G59~04-4~04 - Roxanne (4)}
roxanneb4075.jpg,153917,2617fb90,\Gallery 59\04 - Roxanne (4)\,{Shemale Yum Dvd03~G59~04-4~04 - Roxanne (4)}
roxanneb4076.jpg,147278,62e8025d,\Gallery 59\04 - Roxanne (4)\,{Shemale Yum Dvd03~G59~04-4~04 - Roxanne (4)}
roxanneb4077.jpg,193686,56dbf0e0,\Gallery 59\04 - Roxanne (4)\,{Shemale Yum Dvd03~G59~04-4~04 - Roxanne (4)}
roxanneb4078.jpg,180012,e279f295,\Gallery 59\04 - Roxanne (4)\,{Shemale Yum Dvd03~G59~04-4~04 - Roxanne (4)}
roxanneb4079.jpg,189992,077466cf,\Gallery 59\04 - Roxanne (4)\,{Shemale Yum Dvd03~G59~04-4~04 - Roxanne (4)}
roxanneb4080.jpg,189895,4fa31fd7,\Gallery 59\04 - Roxanne (4)\,{Shemale Yum Dvd03~G59~04-4~04 - Roxanne (4)}
roxanneb4081.jpg,179779,7740e59f,\Gallery 59\04 - Roxanne (4)\,{Shemale Yum Dvd03~G59~04-4~04 - Roxanne (4)}
roxanneb4082.jpg,192335,09c3c7be,\Gallery 59\04 - Roxanne (4)\,{Shemale Yum Dvd03~G59~04-4~04 - Roxanne (4)}
roxanneb4083.jpg,204020,7a9ddb4c,\Gallery 59\04 - Roxanne (4)\,{Shemale Yum Dvd03~G59~04-4~04 - Roxanne (4)}
roxanneb4084.jpg,195027,b2ad3cbd,\Gallery 59\04 - Roxanne (4)\,{Shemale Yum Dvd03~G59~04-4~04 - Roxanne (4)}
roxanneb4085.jpg,185454,01e73511,\Gallery 59\04 - Roxanne (4)\,{Shemale Yum Dvd03~G59~04-4~04 - Roxanne (4)}
roxanneb4086.jpg,157173,cf4003b1,\Gallery 59\04 - Roxanne (4)\,{Shemale Yum Dvd03~G59~04-4~04 - Roxanne (4)}
roxanneb4087.jpg,160599,70090d7d,\Gallery 59\04 - Roxanne (4)\,{Shemale Yum Dvd03~G59~04-4~04 - Roxanne (4)}
roxanneb4088.jpg,185391,df0eaad6,\Gallery 59\04 - Roxanne (4)\,{Shemale Yum Dvd03~G59~04-4~04 - Roxanne (4)}
roxanneb4089.jpg,186543,e0a78782,\Gallery 59\04 - Roxanne (4)\,{Shemale Yum Dvd03~G59~04-4~04 - Roxanne (4)}
roxanneb4090.jpg,179569,175c8aaf,\Gallery 59\04 - Roxanne (4)\,{Shemale Yum Dvd03~G59~04-4~04 - Roxanne (4)}
roxanneb4091.jpg,205941,c7c25a4d,\Gallery 59\04 - Roxanne (4)\,{Shemale Yum Dvd03~G59~04-4~04 - Roxanne (4)}
roxanneb4092.jpg,136124,f2a0b22c,\Gallery 59\04 - Roxanne (4)\,{Shemale Yum Dvd03~G59~04-4~04 - Roxanne (4)}
roxanneb4093.jpg,139892,17477632,\Gallery 59\04 - Roxanne (4)\,{Shemale Yum Dvd03~G59~04-4~04 - Roxanne (4)}
roxanneb4094.jpg,152071,f3f9ca5d,\Gallery 59\04 - Roxanne (4)\,{Shemale Yum Dvd03~G59~04-4~04 - Roxanne (4)}
roxanneb4095.jpg,149031,ccf2963b,\Gallery 59\04 - Roxanne (4)\,{Shemale Yum Dvd03~G59~04-4~04 - Roxanne (4)}
roxanneb4096.jpg,149918,fb899544,\Gallery 59\04 - Roxanne (4)\,{Shemale Yum Dvd03~G59~04-4~04 - Roxanne (4)}
roxanneb4097.jpg,141324,3ae7da4e,\Gallery 59\04 - Roxanne (4)\,{Shemale Yum Dvd03~G59~04-4~04 - Roxanne (4)}
roxanneb4098.jpg,138234,7c2e7c54,\Gallery 59\04 - Roxanne (4)\,{Shemale Yum Dvd03~G59~04-4~04 - Roxanne (4)}
roxanneb4099.jpg,169225,91e39dfb,\Gallery 59\04 - Roxanne (4)\,{Shemale Yum Dvd03~G59~04-4~04 - Roxanne (4)}
roxanneb4100.jpg,127043,7f31433d,\Gallery 59\04 - Roxanne (4)\,{Shemale Yum Dvd03~G59~04-4~04 - Roxanne (4)}
roxanneb4101.jpg,151320,848a7f94,\Gallery 59\04 - Roxanne (4)\,{Shemale Yum Dvd03~G59~04-4~04 - Roxanne (4)}
roxanneb4102.jpg,122953,aeee3995,\Gallery 59\04 - Roxanne (4)\,{Shemale Yum Dvd03~G59~04-4~04 - Roxanne (4)}
roxanneb4103.jpg,185290,1f40cc15,\Gallery 59\04 - Roxanne (4)\,{Shemale Yum Dvd03~G59~04-4~04 - Roxanne (4)}
frederica001.jpg,157493,d9d25a7d,\Gallery 59\01 - Frederica\,{Shemale Yum Dvd03~G59~01~01 - Frederica}
frederica002.jpg,162976,f434d1e9,\Gallery 59\01 - Frederica\,{Shemale Yum Dvd03~G59~01~01 - Frederica}
frederica003.jpg,160360,470760d8,\Gallery 59\01 - Frederica\,{Shemale Yum Dvd03~G59~01~01 - Frederica}
frederica007.jpg,139893,b4a9780e,\Gallery 59\01 - Frederica\,{Shemale Yum Dvd03~G59~01~01 - Frederica}
frederica008.jpg,153933,1e2d5cc0,\Gallery 59\01 - Frederica\,{Shemale Yum Dvd03~G59~01~01 - Frederica}
frederica009.jpg,125318,3542589c,\Gallery 59\01 - Frederica\,{Shemale Yum Dvd03~G59~01~01 - Frederica}
frederica010.jpg,145178,e727ef42,\Gallery 59\01 - Frederica\,{Shemale Yum Dvd03~G59~01~01 - Frederica}
frederica011.jpg,142817,111adc70,\Gallery 59\01 - Frederica\,{Shemale Yum Dvd03~G59~01~01 - Frederica}
frederica012.jpg,137131,8de96656,\Gallery 59\01 - Frederica\,{Shemale Yum Dvd03~G59~01~01 - Frederica}
frederica014.jpg,177394,cf559a96,\Gallery 59\01 - Frederica\,{Shemale Yum Dvd03~G59~01~01 - Frederica}
frederica015.jpg,171927,234495a4,\Gallery 59\01 - Frederica\,{Shemale Yum Dvd03~G59~01~01 - Frederica}
frederica016.jpg,171272,dfdf0b55,\Gallery 59\01 - Frederica\,{Shemale Yum Dvd03~G59~01~01 - Frederica}
frederica017.jpg,168027,b71b4081,\Gallery 59\01 - Frederica\,{Shemale Yum Dvd03~G59~01~01 - Frederica}
frederica018.jpg,156800,0c261c9b,\Gallery 59\01 - Frederica\,{Shemale Yum Dvd03~G59~01~01 - Frederica}
frederica019.jpg,158771,1a6a0ccb,\Gallery 59\01 - Frederica\,{Shemale Yum Dvd03~G59~01~01 - Frederica}
frederica021.jpg,174237,e1d876a9,\Gallery 59\01 - Frederica\,{Shemale Yum Dvd03~G59~01~01 - Frederica}
frederica022.jpg,154111,c0dc201e,\Gallery 59\01 - Frederica\,{Shemale Yum Dvd03~G59~01~01 - Frederica}
frederica023.jpg,173115,e2d98718,\Gallery 59\01 - Frederica\,{Shemale Yum Dvd03~G59~01~01 - Frederica}
frederica024.jpg,163755,84f57113,\Gallery 59\01 - Frederica\,{Shemale Yum Dvd03~G59~01~01 - Frederica}
frederica027.jpg,162428,a4bcd589,\Gallery 59\01 - Frederica\,{Shemale Yum Dvd03~G59~01~01 - Frederica}
frederica028.jpg,168018,cf30eee4,\Gallery 59\01 - Frederica\,{Shemale Yum Dvd03~G59~01~01 - Frederica}
frederica029.jpg,135899,3838ed5b,\Gallery 59\01 - Frederica\,{Shemale Yum Dvd03~G59~01~01 - Frederica}
frederica031.jpg,123439,8db509c5,\Gallery 59\01 - Frederica\,{Shemale Yum Dvd03~G59~01~01 - Frederica}
frederica032.jpg,162945,cff0b08a,\Gallery 59\01 - Frederica\,{Shemale Yum Dvd03~G59~01~01 - Frederica}
frederica033.jpg,131261,3d837cb3,\Gallery 59\01 - Frederica\,{Shemale Yum Dvd03~G59~01~01 - Frederica}
frederica034.jpg,160824,5c7c43ee,\Gallery 59\01 - Frederica\,{Shemale Yum Dvd03~G59~01~01 - Frederica}
frederica035.jpg,131365,b1cb585b,\Gallery 59\01 - Frederica\,{Shemale Yum Dvd03~G59~01~01 - Frederica}
frederica036.jpg,129986,b298fa51,\Gallery 59\01 - Frederica\,{Shemale Yum Dvd03~G59~01~01 - Frederica}
frederica037.jpg,135288,e6de6379,\Gallery 59\01 - Frederica\,{Shemale Yum Dvd03~G59~01~01 - Frederica}
frederica038.jpg,142130,87f93fe9,\Gallery 59\01 - Frederica\,{Shemale Yum Dvd03~G59~01~01 - Frederica}
frederica040.jpg,139179,e683ce67,\Gallery 59\01 - Frederica\,{Shemale Yum Dvd03~G59~01~01 - Frederica}
frederica041.jpg,137880,256844b1,\Gallery 59\01 - Frederica\,{Shemale Yum Dvd03~G59~01~01 - Frederica}
frederica043.jpg,177057,702fdb2e,\Gallery 59\01 - Frederica\,{Shemale Yum Dvd03~G59~01~01 - Frederica}
frederica044.jpg,186476,f2138727,\Gallery 59\01 - Frederica\,{Shemale Yum Dvd03~G59~01~01 - Frederica}
frederica045.jpg,164636,b3b60271,\Gallery 59\01 - Frederica\,{Shemale Yum Dvd03~G59~01~01 - Frederica}
frederica046.jpg,169165,5a23abc9,\Gallery 59\01 - Frederica\,{Shemale Yum Dvd03~G59~01~01 - Frederica}
frederica047.jpg,179711,f20cc53f,\Gallery 59\01 - Frederica\,{Shemale Yum Dvd03~G59~01~01 - Frederica}
frederica048.jpg,193650,e1040cb9,\Gallery 59\01 - Frederica\,{Shemale Yum Dvd03~G59~01~01 - Frederica}
frederica050.jpg,132257,5b4fecef,\Gallery 59\01 - Frederica\,{Shemale Yum Dvd03~G59~01~01 - Frederica}
frederica051.jpg,144114,89139f00,\Gallery 59\01 - Frederica\,{Shemale Yum Dvd03~G59~01~01 - Frederica}
frederica052.jpg,156613,28f72eaf,\Gallery 59\01 - Frederica\,{Shemale Yum Dvd03~G59~01~01 - Frederica}
frederica053.jpg,134966,2ac6f5a3,\Gallery 59\01 - Frederica\,{Shemale Yum Dvd03~G59~01~01 - Frederica}
frederica054.jpg,151402,47214014,\Gallery 59\01 - Frederica\,{Shemale Yum Dvd03~G59~01~01 - Frederica}
frederica056.jpg,138483,85f65b76,\Gallery 59\01 - Frederica\,{Shemale Yum Dvd03~G59~01~01 - Frederica}
frederica057.jpg,164991,d8163590,\Gallery 59\01 - Frederica\,{Shemale Yum Dvd03~G59~01~01 - Frederica}
frederica059.jpg,122878,e45e60ce,\Gallery 59\01 - Frederica\,{Shemale Yum Dvd03~G59~01~01 - Frederica}
frederica060.jpg,105848,b16147b1,\Gallery 59\01 - Frederica\,{Shemale Yum Dvd03~G59~01~01 - Frederica}
frederica061.jpg,118377,43536a2d,\Gallery 59\01 - Frederica\,{Shemale Yum Dvd03~G59~01~01 - Frederica}
frederica062.jpg,136966,ac118c40,\Gallery 59\01 - Frederica\,{Shemale Yum Dvd03~G59~01~01 - Frederica}
frederica063.jpg,134631,3231637e,\Gallery 59\01 - Frederica\,{Shemale Yum Dvd03~G59~01~01 - Frederica}
frederica064.jpg,128302,bb387881,\Gallery 59\01 - Frederica\,{Shemale Yum Dvd03~G59~01~01 - Frederica}
frederica065.jpg,131520,c7529549,\Gallery 59\01 - Frederica\,{Shemale Yum Dvd03~G59~01~01 - Frederica}
frederica067.jpg,118936,630b33f2,\Gallery 59\01 - Frederica\,{Shemale Yum Dvd03~G59~01~01 - Frederica}
frederica068.jpg,114071,3bfd8cb6,\Gallery 59\01 - Frederica\,{Shemale Yum Dvd03~G59~01~01 - Frederica}
frederica069.jpg,123506,02ed1e43,\Gallery 59\01 - Frederica\,{Shemale Yum Dvd03~G59~01~01 - Frederica}
frederica071.jpg,179451,b9b1a1e2,\Gallery 59\01 - Frederica\,{Shemale Yum Dvd03~G59~01~01 - Frederica}
frederica072.jpg,129082,1aa394f8,\Gallery 59\01 - Frederica\,{Shemale Yum Dvd03~G59~01~01 - Frederica}
frederica073.jpg,123069,e3a888fe,\Gallery 59\01 - Frederica\,{Shemale Yum Dvd03~G59~01~01 - Frederica}
frederica074.jpg,104401,86632589,\Gallery 59\01 - Frederica\,{Shemale Yum Dvd03~G59~01~01 - Frederica}
frederica075.jpg,144547,23af7afe,\Gallery 59\01 - Frederica\,{Shemale Yum Dvd03~G59~01~01 - Frederica}
frederica076.jpg,142149,0eba942c,\Gallery 59\01 - Frederica\,{Shemale Yum Dvd03~G59~01~01 - Frederica}
frederica077.jpg,143605,e7d45875,\Gallery 59\01 - Frederica\,{Shemale Yum Dvd03~G59~01~01 - Frederica}
frederica078.jpg,166126,874a05ef,\Gallery 59\01 - Frederica\,{Shemale Yum Dvd03~G59~01~01 - Frederica}
frederica079.jpg,170604,b38a3c40,\Gallery 59\01 - Frederica\,{Shemale Yum Dvd03~G59~01~01 - Frederica}
frederica080.jpg,136231,1f1f871d,\Gallery 59\01 - Frederica\,{Shemale Yum Dvd03~G59~01~01 - Frederica}
frederica081.jpg,128218,ea186c69,\Gallery 59\01 - Frederica\,{Shemale Yum Dvd03~G59~01~01 - Frederica}
frederica082.jpg,133232,f8dbdcaa,\Gallery 59\01 - Frederica\,{Shemale Yum Dvd03~G59~01~01 - Frederica}
frederica084.jpg,112418,494abd3c,\Gallery 59\01 - Frederica\,{Shemale Yum Dvd03~G59~01~01 - Frederica}
frederica085.jpg,113720,c10e7e14,\Gallery 59\01 - Frederica\,{Shemale Yum Dvd03~G59~01~01 - Frederica}
frederica086.jpg,133412,8effc9ba,\Gallery 59\01 - Frederica\,{Shemale Yum Dvd03~G59~01~01 - Frederica}
fredericablack005.jpg,124835,13721c92,\Gallery 59\01 - Frederica\,{Shemale Yum Dvd03~G59~01~01 - Frederica}
fredericablack066.jpg,87343,d6a9d278,\Gallery 59\01 - Frederica\,{Shemale Yum Dvd03~G59~01~01 - Frederica}
fabiolab001.jpg,177054,c7c28139,\Gallery 59\01 - Frederica (2)\,{Shemale Yum Dvd03~G59~01-2~01 - Frederica (2)}
fabiolab002.jpg,179501,2545150c,\Gallery 59\01 - Frederica (2)\,{Shemale Yum Dvd03~G59~01-2~01 - Frederica (2)}
fabiolab003.jpg,154504,216a2177,\Gallery 59\01 - Frederica (2)\,{Shemale Yum Dvd03~G59~01-2~01 - Frederica (2)}
fabiolab004.jpg,158986,47941e3e,\Gallery 59\01 - Frederica (2)\,{Shemale Yum Dvd03~G59~01-2~01 - Frederica (2)}
fabiolab005.jpg,174841,f291a6cf,\Gallery 59\01 - Frederica (2)\,{Shemale Yum Dvd03~G59~01-2~01 - Frederica (2)}
fabiolab006.jpg,175717,b79d5caa,\Gallery 59\01 - Frederica (2)\,{Shemale Yum Dvd03~G59~01-2~01 - Frederica (2)}
fabiolab007.jpg,186401,e81b6d1a,\Gallery 59\01 - Frederica (2)\,{Shemale Yum Dvd03~G59~01-2~01 - Frederica (2)}
fabiolab008.jpg,188572,c29f71e5,\Gallery 59\01 - Frederica (2)\,{Shemale Yum Dvd03~G59~01-2~01 - Frederica (2)}
fabiolab009.jpg,146764,24949ce4,\Gallery 59\01 - Frederica (2)\,{Shemale Yum Dvd03~G59~01-2~01 - Frederica (2)}
fabiolab010.jpg,180243,3bda1161,\Gallery 59\01 - Frederica (2)\,{Shemale Yum Dvd03~G59~01-2~01 - Frederica (2)}
fabiolab011.jpg,154209,c9598541,\Gallery 59\01 - Frederica (2)\,{Shemale Yum Dvd03~G59~01-2~01 - Frederica (2)}
fabiolab012.jpg,146532,2c92ca5e,\Gallery 59\01 - Frederica (2)\,{Shemale Yum Dvd03~G59~01-2~01 - Frederica (2)}
fabiolab013.jpg,177016,3533c4b9,\Gallery 59\01 - Frederica (2)\,{Shemale Yum Dvd03~G59~01-2~01 - Frederica (2)}
fabiolab014.jpg,157922,56ab8897,\Gallery 59\01 - Frederica (2)\,{Shemale Yum Dvd03~G59~01-2~01 - Frederica (2)}
fabiolab015.jpg,182157,1681219b,\Gallery 59\01 - Frederica (2)\,{Shemale Yum Dvd03~G59~01-2~01 - Frederica (2)}
fabiolab016.jpg,170242,829c68d2,\Gallery 59\01 - Frederica (2)\,{Shemale Yum Dvd03~G59~01-2~01 - Frederica (2)}
fabiolab017.jpg,180286,5bfceef9,\Gallery 59\01 - Frederica (2)\,{Shemale Yum Dvd03~G59~01-2~01 - Frederica (2)}
fabiolab018.jpg,174980,25704b34,\Gallery 59\01 - Frederica (2)\,{Shemale Yum Dvd03~G59~01-2~01 - Frederica (2)}
fabiolab019.jpg,130151,5aa6cff4,\Gallery 59\01 - Frederica (2)\,{Shemale Yum Dvd03~G59~01-2~01 - Frederica (2)}
fabiolab020.jpg,182227,b02ad4d1,\Gallery 59\01 - Frederica (2)\,{Shemale Yum Dvd03~G59~01-2~01 - Frederica (2)}
fabiolab021.jpg,191478,35bd9de9,\Gallery 59\01 - Frederica (2)\,{Shemale Yum Dvd03~G59~01-2~01 - Frederica (2)}
fabiolab022.jpg,184845,338c272b,\Gallery 59\01 - Frederica (2)\,{Shemale Yum Dvd03~G59~01-2~01 - Frederica (2)}
fabiolab023.jpg,165294,ba24f102,\Gallery 59\01 - Frederica (2)\,{Shemale Yum Dvd03~G59~01-2~01 - Frederica (2)}
fabiolab024.jpg,169564,e3fa8f56,\Gallery 59\01 - Frederica (2)\,{Shemale Yum Dvd03~G59~01-2~01 - Frederica (2)}
fabiolab025.jpg,177050,9d27a35b,\Gallery 59\01 - Frederica (2)\,{Shemale Yum Dvd03~G59~01-2~01 - Frederica (2)}
fabiolab026.jpg,174931,2dccb5b5,\Gallery 59\01 - Frederica (2)\,{Shemale Yum Dvd03~G59~01-2~01 - Frederica (2)}
fabiolab027.jpg,150350,0742c3a6,\Gallery 59\01 - Frederica (2)\,{Shemale Yum Dvd03~G59~01-2~01 - Frederica (2)}
fabiolab028.jpg,156933,8c5cb244,\Gallery 59\01 - Frederica (2)\,{Shemale Yum Dvd03~G59~01-2~01 - Frederica (2)}
fabiolab029.jpg,172310,6621bc97,\Gallery 59\01 - Frederica (2)\,{Shemale Yum Dvd03~G59~01-2~01 - Frederica (2)}
fabiolab030.jpg,157382,66c98b79,\Gallery 59\01 - Frederica (2)\,{Shemale Yum Dvd03~G59~01-2~01 - Frederica (2)}
fabiolab031.jpg,155872,d5743c1b,\Gallery 59\01 - Frederica (2)\,{Shemale Yum Dvd03~G59~01-2~01 - Frederica (2)}
fabiolab032.jpg,155589,5168b7d8,\Gallery 59\01 - Frederica (2)\,{Shemale Yum Dvd03~G59~01-2~01 - Frederica (2)}
fabiolab033.jpg,157847,ec0bb690,\Gallery 59\01 - Frederica (2)\,{Shemale Yum Dvd03~G59~01-2~01 - Frederica (2)}
fabiolab034.jpg,161006,b07eba60,\Gallery 59\01 - Frederica (2)\,{Shemale Yum Dvd03~G59~01-2~01 - Frederica (2)}
fabiolab035.jpg,160815,ae78c867,\Gallery 59\01 - Frederica (2)\,{Shemale Yum Dvd03~G59~01-2~01 - Frederica (2)}
fabiolab036.jpg,122092,5fa67449,\Gallery 59\01 - Frederica (2)\,{Shemale Yum Dvd03~G59~01-2~01 - Frederica (2)}
fabiolab037.jpg,127242,5fe126cd,\Gallery 59\01 - Frederica (2)\,{Shemale Yum Dvd03~G59~01-2~01 - Frederica (2)}
fabiolab038.jpg,146307,4cf0e57f,\Gallery 59\01 - Frederica (2)\,{Shemale Yum Dvd03~G59~01-2~01 - Frederica (2)}
fabiolab039.jpg,160619,f1eb3441,\Gallery 59\01 - Frederica (2)\,{Shemale Yum Dvd03~G59~01-2~01 - Frederica (2)}
fabiolab040.jpg,139210,6709765f,\Gallery 59\01 - Frederica (2)\,{Shemale Yum Dvd03~G59~01-2~01 - Frederica (2)}
fabiolab041.jpg,127385,55d9f201,\Gallery 59\01 - Frederica (2)\,{Shemale Yum Dvd03~G59~01-2~01 - Frederica (2)}
fabiolab042.jpg,136382,20534a38,\Gallery 59\01 - Frederica (2)\,{Shemale Yum Dvd03~G59~01-2~01 - Frederica (2)}
fabiolab043.jpg,133439,0e11a4ba,\Gallery 59\01 - Frederica (2)\,{Shemale Yum Dvd03~G59~01-2~01 - Frederica (2)}
fabiolab044.jpg,159340,6e4abe6d,\Gallery 59\01 - Frederica (2)\,{Shemale Yum Dvd03~G59~01-2~01 - Frederica (2)}
fabiolab045.jpg,143388,289d1cda,\Gallery 59\01 - Frederica (2)\,{Shemale Yum Dvd03~G59~01-2~01 - Frederica (2)}
fabiolab046.jpg,145762,6b57470a,\Gallery 59\01 - Frederica (2)\,{Shemale Yum Dvd03~G59~01-2~01 - Frederica (2)}
fabiolab047.jpg,164969,6fe89e6a,\Gallery 59\01 - Frederica (2)\,{Shemale Yum Dvd03~G59~01-2~01 - Frederica (2)}
fabiolab048.jpg,108434,aabec3a9,\Gallery 59\01 - Frederica (2)\,{Shemale Yum Dvd03~G59~01-2~01 - Frederica (2)}
fabiolab049.jpg,137105,8b32290f,\Gallery 59\01 - Frederica (2)\,{Shemale Yum Dvd03~G59~01-2~01 - Frederica (2)}
fabiolab050.jpg,134474,8ba0210a,\Gallery 59\01 - Frederica (2)\,{Shemale Yum Dvd03~G59~01-2~01 - Frederica (2)}
fabiolab051.jpg,124803,1b28e0b9,\Gallery 59\01 - Frederica (2)\,{Shemale Yum Dvd03~G59~01-2~01 - Frederica (2)}
fabiolab052.jpg,143820,07f57c8d,\Gallery 59\01 - Frederica (2)\,{Shemale Yum Dvd03~G59~01-2~01 - Frederica (2)}
fabiolab053.jpg,148762,e36712e3,\Gallery 59\01 - Frederica (2)\,{Shemale Yum Dvd03~G59~01-2~01 - Frederica (2)}
fabiolab054.jpg,133506,d7ebb1fa,\Gallery 59\01 - Frederica (2)\,{Shemale Yum Dvd03~G59~01-2~01 - Frederica (2)}
fabiolab055.jpg,178296,381fb3d7,\Gallery 59\01 - Frederica (2)\,{Shemale Yum Dvd03~G59~01-2~01 - Frederica (2)}
fabiolab056.jpg,173232,6af833ae,\Gallery 59\01 - Frederica (2)\,{Shemale Yum Dvd03~G59~01-2~01 - Frederica (2)}
fabiolab057.jpg,171751,016d15e6,\Gallery 59\01 - Frederica (2)\,{Shemale Yum Dvd03~G59~01-2~01 - Frederica (2)}
fabiolab058.jpg,177471,8a139817,\Gallery 59\01 - Frederica (2)\,{Shemale Yum Dvd03~G59~01-2~01 - Frederica (2)}
fabiolab059.jpg,177172,c63df186,\Gallery 59\01 - Frederica (2)\,{Shemale Yum Dvd03~G59~01-2~01 - Frederica (2)}
fabiolab060.jpg,133295,9dc79b52,\Gallery 59\01 - Frederica (2)\,{Shemale Yum Dvd03~G59~01-2~01 - Frederica (2)}
fabiolab061.jpg,140767,10c34ac5,\Gallery 59\01 - Frederica (2)\,{Shemale Yum Dvd03~G59~01-2~01 - Frederica (2)}
fabiolab062.jpg,123436,9008c624,\Gallery 59\01 - Frederica (2)\,{Shemale Yum Dvd03~G59~01-2~01 - Frederica (2)}
fabiolab063.jpg,133100,f08fc191,\Gallery 59\01 - Frederica (2)\,{Shemale Yum Dvd03~G59~01-2~01 - Frederica (2)}
fabiolab064.jpg,129621,45e63998,\Gallery 59\01 - Frederica (2)\,{Shemale Yum Dvd03~G59~01-2~01 - Frederica (2)}
fabiolab065.jpg,129459,73f2412f,\Gallery 59\01 - Frederica (2)\,{Shemale Yum Dvd03~G59~01-2~01 - Frederica (2)}
fabiolab066.jpg,117884,75220a49,\Gallery 59\01 - Frederica (2)\,{Shemale Yum Dvd03~G59~01-2~01 - Frederica (2)}
fabiolab067.jpg,113078,a3264e2a,\Gallery 59\01 - Frederica (2)\,{Shemale Yum Dvd03~G59~01-2~01 - Frederica (2)}
fabiolab068.jpg,150569,b4e5738e,\Gallery 59\01 - Frederica (2)\,{Shemale Yum Dvd03~G59~01-2~01 - Frederica (2)}
fabiolab069.jpg,150298,170bde42,\Gallery 59\01 - Frederica (2)\,{Shemale Yum Dvd03~G59~01-2~01 - Frederica (2)}
fabiolab070.jpg,179232,7c35a0bd,\Gallery 59\01 - Frederica (2)\,{Shemale Yum Dvd03~G59~01-2~01 - Frederica (2)}
fabiolab071.jpg,196360,7deab3d6,\Gallery 59\01 - Frederica (2)\,{Shemale Yum Dvd03~G59~01-2~01 - Frederica (2)}
fabiolab072.jpg,151515,3628db6e,\Gallery 59\01 - Frederica (2)\,{Shemale Yum Dvd03~G59~01-2~01 - Frederica (2)}
fabiolab073.jpg,155038,8681c092,\Gallery 59\01 - Frederica (2)\,{Shemale Yum Dvd03~G59~01-2~01 - Frederica (2)}
fabiolab074.jpg,160598,20f44e26,\Gallery 59\01 - Frederica (2)\,{Shemale Yum Dvd03~G59~01-2~01 - Frederica (2)}
fabiolab075.jpg,165765,11e6d13a,\Gallery 59\01 - Frederica (2)\,{Shemale Yum Dvd03~G59~01-2~01 - Frederica (2)}
fabiolab076.jpg,148844,c8bd3a08,\Gallery 59\01 - Frederica (2)\,{Shemale Yum Dvd03~G59~01-2~01 - Frederica (2)}
frederica3001.jpg,180127,c90bd90a,\Gallery 59\01 - Frederica (3)\,{Shemale Yum Dvd03~G59~01-3~01 - Frederica (3)}
frederica3002.jpg,185557,d469b363,\Gallery 59\01 - Frederica (3)\,{Shemale Yum Dvd03~G59~01-3~01 - Frederica (3)}
frederica3003.jpg,177068,a6fa45f9,\Gallery 59\01 - Frederica (3)\,{Shemale Yum Dvd03~G59~01-3~01 - Frederica (3)}
frederica3004.jpg,175485,f8d445c1,\Gallery 59\01 - Frederica (3)\,{Shemale Yum Dvd03~G59~01-3~01 - Frederica (3)}
frederica3005.jpg,180733,b1fbc920,\Gallery 59\01 - Frederica (3)\,{Shemale Yum Dvd03~G59~01-3~01 - Frederica (3)}
frederica3006.jpg,180970,9ea30965,\Gallery 59\01 - Frederica (3)\,{Shemale Yum Dvd03~G59~01-3~01 - Frederica (3)}
frederica3007.jpg,179656,d83c4349,\Gallery 59\01 - Frederica (3)\,{Shemale Yum Dvd03~G59~01-3~01 - Frederica (3)}
frederica3008.jpg,192644,ba5c1c5e,\Gallery 59\01 - Frederica (3)\,{Shemale Yum Dvd03~G59~01-3~01 - Frederica (3)}
frederica3009.jpg,178042,fbb257cd,\Gallery 59\01 - Frederica (3)\,{Shemale Yum Dvd03~G59~01-3~01 - Frederica (3)}
frederica3010.jpg,171973,f13ddedd,\Gallery 59\01 - Frederica (3)\,{Shemale Yum Dvd03~G59~01-3~01 - Frederica (3)}
frederica3011.jpg,184901,1c8c1d6a,\Gallery 59\01 - Frederica (3)\,{Shemale Yum Dvd03~G59~01-3~01 - Frederica (3)}
frederica3012.jpg,167270,2809fceb,\Gallery 59\01 - Frederica (3)\,{Shemale Yum Dvd03~G59~01-3~01 - Frederica (3)}
frederica3013.jpg,172941,6d98661a,\Gallery 59\01 - Frederica (3)\,{Shemale Yum Dvd03~G59~01-3~01 - Frederica (3)}
frederica3014.jpg,161491,e9ae0764,\Gallery 59\01 - Frederica (3)\,{Shemale Yum Dvd03~G59~01-3~01 - Frederica (3)}
frederica3015.jpg,162526,ee0b7888,\Gallery 59\01 - Frederica (3)\,{Shemale Yum Dvd03~G59~01-3~01 - Frederica (3)}
frederica3016.jpg,155853,8c7c9c29,\Gallery 59\01 - Frederica (3)\,{Shemale Yum Dvd03~G59~01-3~01 - Frederica (3)}
frederica3017.jpg,155155,7d20bdf9,\Gallery 59\01 - Frederica (3)\,{Shemale Yum Dvd03~G59~01-3~01 - Frederica (3)}
frederica3018.jpg,166842,34f45a37,\Gallery 59\01 - Frederica (3)\,{Shemale Yum Dvd03~G59~01-3~01 - Frederica (3)}
frederica3019.jpg,208346,7ff92da2,\Gallery 59\01 - Frederica (3)\,{Shemale Yum Dvd03~G59~01-3~01 - Frederica (3)}
frederica3020.jpg,197286,79b85ae6,\Gallery 59\01 - Frederica (3)\,{Shemale Yum Dvd03~G59~01-3~01 - Frederica (3)}
frederica3021.jpg,164641,a20bc688,\Gallery 59\01 - Frederica (3)\,{Shemale Yum Dvd03~G59~01-3~01 - Frederica (3)}
frederica3022.jpg,162486,c7bb12b6,\Gallery 59\01 - Frederica (3)\,{Shemale Yum Dvd03~G59~01-3~01 - Frederica (3)}
frederica3023.jpg,201863,ce9097d2,\Gallery 59\01 - Frederica (3)\,{Shemale Yum Dvd03~G59~01-3~01 - Frederica (3)}
frederica3024.jpg,208604,d0695421,\Gallery 59\01 - Frederica (3)\,{Shemale Yum Dvd03~G59~01-3~01 - Frederica (3)}
frederica3025.jpg,179466,b89ec926,\Gallery 59\01 - Frederica (3)\,{Shemale Yum Dvd03~G59~01-3~01 - Frederica (3)}
frederica3026.jpg,207872,98858a87,\Gallery 59\01 - Frederica (3)\,{Shemale Yum Dvd03~G59~01-3~01 - Frederica (3)}
frederica3027.jpg,187462,eb064070,\Gallery 59\01 - Frederica (3)\,{Shemale Yum Dvd03~G59~01-3~01 - Frederica (3)}
frederica3028.jpg,199662,bfc4d0c9,\Gallery 59\01 - Frederica (3)\,{Shemale Yum Dvd03~G59~01-3~01 - Frederica (3)}
frederica3029.jpg,189186,7cd9d2d5,\Gallery 59\01 - Frederica (3)\,{Shemale Yum Dvd03~G59~01-3~01 - Frederica (3)}
frederica3030.jpg,179378,b8ccb0e8,\Gallery 59\01 - Frederica (3)\,{Shemale Yum Dvd03~G59~01-3~01 - Frederica (3)}
frederica3031.jpg,196856,ad8f375c,\Gallery 59\01 - Frederica (3)\,{Shemale Yum Dvd03~G59~01-3~01 - Frederica (3)}
frederica3032.jpg,179295,785bb59f,\Gallery 59\01 - Frederica (3)\,{Shemale Yum Dvd03~G59~01-3~01 - Frederica (3)}
frederica3033.jpg,187295,2d15417e,\Gallery 59\01 - Frederica (3)\,{Shemale Yum Dvd03~G59~01-3~01 - Frederica (3)}
frederica3034.jpg,182488,68eaaa2e,\Gallery 59\01 - Frederica (3)\,{Shemale Yum Dvd03~G59~01-3~01 - Frederica (3)}
frederica3035.jpg,187795,30e4e31a,\Gallery 59\01 - Frederica (3)\,{Shemale Yum Dvd03~G59~01-3~01 - Frederica (3)}
frederica3036.jpg,169430,34009827,\Gallery 59\01 - Frederica (3)\,{Shemale Yum Dvd03~G59~01-3~01 - Frederica (3)}
frederica3037.jpg,164055,881e0446,\Gallery 59\01 - Frederica (3)\,{Shemale Yum Dvd03~G59~01-3~01 - Frederica (3)}
frederica3038.jpg,155696,489582f1,\Gallery 59\01 - Frederica (3)\,{Shemale Yum Dvd03~G59~01-3~01 - Frederica (3)}
frederica3039.jpg,171708,4b02be87,\Gallery 59\01 - Frederica (3)\,{Shemale Yum Dvd03~G59~01-3~01 - Frederica (3)}
frederica3040.jpg,183054,6ba0e877,\Gallery 59\01 - Frederica (3)\,{Shemale Yum Dvd03~G59~01-3~01 - Frederica (3)}
frederica3041.jpg,162287,36213b27,\Gallery 59\01 - Frederica (3)\,{Shemale Yum Dvd03~G59~01-3~01 - Frederica (3)}
frederica3042.jpg,170745,0451b281,\Gallery 59\01 - Frederica (3)\,{Shemale Yum Dvd03~G59~01-3~01 - Frederica (3)}
frederica3043.jpg,163236,cadc0f61,\Gallery 59\01 - Frederica (3)\,{Shemale Yum Dvd03~G59~01-3~01 - Frederica (3)}
frederica3044.jpg,170760,78dde1ae,\Gallery 59\01 - Frederica (3)\,{Shemale Yum Dvd03~G59~01-3~01 - Frederica (3)}
frederica3045.jpg,179203,1c466490,\Gallery 59\01 - Frederica (3)\,{Shemale Yum Dvd03~G59~01-3~01 - Frederica (3)}
frederica3046.jpg,165485,c467ab77,\Gallery 59\01 - Frederica (3)\,{Shemale Yum Dvd03~G59~01-3~01 - Frederica (3)}
frederica3047.jpg,168248,e5e8c0ac,\Gallery 59\01 - Frederica (3)\,{Shemale Yum Dvd03~G59~01-3~01 - Frederica (3)}
frederica3048.jpg,171336,53454380,\Gallery 59\01 - Frederica (3)\,{Shemale Yum Dvd03~G59~01-3~01 - Frederica (3)}
frederica3049.jpg,168379,d58b8ab6,\Gallery 59\01 - Frederica (3)\,{Shemale Yum Dvd03~G59~01-3~01 - Frederica (3)}
frederica3050.jpg,157215,1a6c841f,\Gallery 59\01 - Frederica (3)\,{Shemale Yum Dvd03~G59~01-3~01 - Frederica (3)}
frederica3051.jpg,162786,81a5ff11,\Gallery 59\01 - Frederica (3)\,{Shemale Yum Dvd03~G59~01-3~01 - Frederica (3)}
frederica3052.jpg,153646,0d7539af,\Gallery 59\01 - Frederica (3)\,{Shemale Yum Dvd03~G59~01-3~01 - Frederica (3)}
frederica3053.jpg,147354,f1daad44,\Gallery 59\01 - Frederica (3)\,{Shemale Yum Dvd03~G59~01-3~01 - Frederica (3)}
frederica3054.jpg,154616,9d042638,\Gallery 59\01 - Frederica (3)\,{Shemale Yum Dvd03~G59~01-3~01 - Frederica (3)}
frederica3055.jpg,148355,3895d068,\Gallery 59\01 - Frederica (3)\,{Shemale Yum Dvd03~G59~01-3~01 - Frederica (3)}
frederica3056.jpg,150773,a706827d,\Gallery 59\01 - Frederica (3)\,{Shemale Yum Dvd03~G59~01-3~01 - Frederica (3)}
frederica3057.jpg,148860,0dad9f47,\Gallery 59\01 - Frederica (3)\,{Shemale Yum Dvd03~G59~01-3~01 - Frederica (3)}
frederica3058.jpg,158723,3dac4321,\Gallery 59\01 - Frederica (3)\,{Shemale Yum Dvd03~G59~01-3~01 - Frederica (3)}
frederica3059.jpg,149191,d4fb871f,\Gallery 59\01 - Frederica (3)\,{Shemale Yum Dvd03~G59~01-3~01 - Frederica (3)}
frederica3060.jpg,146677,fcc602b4,\Gallery 59\01 - Frederica (3)\,{Shemale Yum Dvd03~G59~01-3~01 - Frederica (3)}
frederica3061.jpg,154449,a4cde1eb,\Gallery 59\01 - Frederica (3)\,{Shemale Yum Dvd03~G59~01-3~01 - Frederica (3)}
frederica3062.jpg,157475,985801f0,\Gallery 59\01 - Frederica (3)\,{Shemale Yum Dvd03~G59~01-3~01 - Frederica (3)}
frederica3063.jpg,153900,f636669d,\Gallery 59\01 - Frederica (3)\,{Shemale Yum Dvd03~G59~01-3~01 - Frederica (3)}
frederica3064.jpg,152641,d02019fc,\Gallery 59\01 - Frederica (3)\,{Shemale Yum Dvd03~G59~01-3~01 - Frederica (3)}
frederica3065.jpg,157186,7bf0fd83,\Gallery 59\01 - Frederica (3)\,{Shemale Yum Dvd03~G59~01-3~01 - Frederica (3)}
frederica3066.jpg,149098,674f112a,\Gallery 59\01 - Frederica (3)\,{Shemale Yum Dvd03~G59~01-3~01 - Frederica (3)}
frederica3067.jpg,154065,7875b387,\Gallery 59\01 - Frederica (3)\,{Shemale Yum Dvd03~G59~01-3~01 - Frederica (3)}
frederica3068.jpg,151739,349f0e97,\Gallery 59\01 - Frederica (3)\,{Shemale Yum Dvd03~G59~01-3~01 - Frederica (3)}
frederica3069.jpg,149456,e1b7fffb,\Gallery 59\01 - Frederica (3)\,{Shemale Yum Dvd03~G59~01-3~01 - Frederica (3)}
frederica3070.jpg,164172,df7f6062,\Gallery 59\01 - Frederica (3)\,{Shemale Yum Dvd03~G59~01-3~01 - Frederica (3)}
frederica3071.jpg,174981,42e8e9db,\Gallery 59\01 - Frederica (3)\,{Shemale Yum Dvd03~G59~01-3~01 - Frederica (3)}
frederica3072.jpg,175662,73673033,\Gallery 59\01 - Frederica (3)\,{Shemale Yum Dvd03~G59~01-3~01 - Frederica (3)}
frederica3073.jpg,145433,8758b5b8,\Gallery 59\01 - Frederica (3)\,{Shemale Yum Dvd03~G59~01-3~01 - Frederica (3)}
frederica3074.jpg,162311,b017745b,\Gallery 59\01 - Frederica (3)\,{Shemale Yum Dvd03~G59~01-3~01 - Frederica (3)}
frederica3075.jpg,156512,404df6f5,\Gallery 59\01 - Frederica (3)\,{Shemale Yum Dvd03~G59~01-3~01 - Frederica (3)}
frederica3076.jpg,165185,9a306928,\Gallery 59\01 - Frederica (3)\,{Shemale Yum Dvd03~G59~01-3~01 - Frederica (3)}
frederica3077.jpg,178631,df3e2b07,\Gallery 59\01 - Frederica (3)\,{Shemale Yum Dvd03~G59~01-3~01 - Frederica (3)}
frederica3078.jpg,187423,1e37e986,\Gallery 59\01 - Frederica (3)\,{Shemale Yum Dvd03~G59~01-3~01 - Frederica (3)}
frederica3079.jpg,167909,1cf1b2c2,\Gallery 59\01 - Frederica (3)\,{Shemale Yum Dvd03~G59~01-3~01 - Frederica (3)}
frederica3080.jpg,172539,afc9af1f,\Gallery 59\01 - Frederica (3)\,{Shemale Yum Dvd03~G59~01-3~01 - Frederica (3)}
frederica3081.jpg,130140,c9f77400,\Gallery 59\01 - Frederica (3)\,{Shemale Yum Dvd03~G59~01-3~01 - Frederica (3)}
frederica3082.jpg,199332,bd8848c8,\Gallery 59\01 - Frederica (3)\,{Shemale Yum Dvd03~G59~01-3~01 - Frederica (3)}
frederica3083.jpg,203443,d74a3cc3,\Gallery 59\01 - Frederica (3)\,{Shemale Yum Dvd03~G59~01-3~01 - Frederica (3)}
frederica3084.jpg,152210,8a19fe4e,\Gallery 59\01 - Frederica (3)\,{Shemale Yum Dvd03~G59~01-3~01 - Frederica (3)}
frederica3085.jpg,208016,a7d8dd51,\Gallery 59\01 - Frederica (3)\,{Shemale Yum Dvd03~G59~01-3~01 - Frederica (3)}
frederica3086.jpg,156252,3492ff26,\Gallery 59\01 - Frederica (3)\,{Shemale Yum Dvd03~G59~01-3~01 - Frederica (3)}
frederica3087.jpg,183774,05d382f9,\Gallery 59\01 - Frederica (3)\,{Shemale Yum Dvd03~G59~01-3~01 - Frederica (3)}
frederica3088.jpg,180827,69208f22,\Gallery 59\01 - Frederica (3)\,{Shemale Yum Dvd03~G59~01-3~01 - Frederica (3)}
frederica3089.jpg,174339,a036746c,\Gallery 59\01 - Frederica (3)\,{Shemale Yum Dvd03~G59~01-3~01 - Frederica (3)}
frederica3090.jpg,156463,07ffb75e,\Gallery 59\01 - Frederica (3)\,{Shemale Yum Dvd03~G59~01-3~01 - Frederica (3)}
frederica3091.jpg,166640,68f26a47,\Gallery 59\01 - Frederica (3)\,{Shemale Yum Dvd03~G59~01-3~01 - Frederica (3)}
frederica3092.jpg,149906,4589b9be,\Gallery 59\01 - Frederica (3)\,{Shemale Yum Dvd03~G59~01-3~01 - Frederica (3)}
frederica3093.jpg,151928,09d3ae3d,\Gallery 59\01 - Frederica (3)\,{Shemale Yum Dvd03~G59~01-3~01 - Frederica (3)}
frederica3094.jpg,140927,81fb465d,\Gallery 59\01 - Frederica (3)\,{Shemale Yum Dvd03~G59~01-3~01 - Frederica (3)}
frederica3095.jpg,143147,99232a7a,\Gallery 59\01 - Frederica (3)\,{Shemale Yum Dvd03~G59~01-3~01 - Frederica (3)}
frederica3096.jpg,162322,999ccf33,\Gallery 59\01 - Frederica (3)\,{Shemale Yum Dvd03~G59~01-3~01 - Frederica (3)}
frederica3097.jpg,151057,49a6a5f1,\Gallery 59\01 - Frederica (3)\,{Shemale Yum Dvd03~G59~01-3~01 - Frederica (3)}
frederica3098.jpg,197351,7f3449d6,\Gallery 59\01 - Frederica (3)\,{Shemale Yum Dvd03~G59~01-3~01 - Frederica (3)}
frederica3099.jpg,189272,d3d6e450,\Gallery 59\01 - Frederica (3)\,{Shemale Yum Dvd03~G59~01-3~01 - Frederica (3)}
frederica3100.jpg,148665,548d1709,\Gallery 59\01 - Frederica (3)\,{Shemale Yum Dvd03~G59~01-3~01 - Frederica (3)}
frederica3101.jpg,139905,1cf753d2,\Gallery 59\01 - Frederica (3)\,{Shemale Yum Dvd03~G59~01-3~01 - Frederica (3)}
frederica3102.jpg,185596,51de913b,\Gallery 59\01 - Frederica (3)\,{Shemale Yum Dvd03~G59~01-3~01 - Frederica (3)}
frederica3103.jpg,202846,b68e3ecd,\Gallery 59\01 - Frederica (3)\,{Shemale Yum Dvd03~G59~01-3~01 - Frederica (3)}
frederica3104.jpg,191008,67f82a93,\Gallery 59\01 - Frederica (3)\,{Shemale Yum Dvd03~G59~01-3~01 - Frederica (3)}
frederica3105.jpg,152095,7a38d582,\Gallery 59\01 - Frederica (3)\,{Shemale Yum Dvd03~G59~01-3~01 - Frederica (3)}
frederica3106.jpg,155593,1246f7c1,\Gallery 59\01 - Frederica (3)\,{Shemale Yum Dvd03~G59~01-3~01 - Frederica (3)}
frederica3107.jpg,156270,5beecccb,\Gallery 59\01 - Frederica (3)\,{Shemale Yum Dvd03~G59~01-3~01 - Frederica (3)}
frederica3108.jpg,149365,dc32b04e,\Gallery 59\01 - Frederica (3)\,{Shemale Yum Dvd03~G59~01-3~01 - Frederica (3)}
frederica3109.jpg,149881,2034b910,\Gallery 59\01 - Frederica (3)\,{Shemale Yum Dvd03~G59~01-3~01 - Frederica (3)}
frederica3110.jpg,148352,cbff122e,\Gallery 59\01 - Frederica (3)\,{Shemale Yum Dvd03~G59~01-3~01 - Frederica (3)}
frederica3111.jpg,145882,72720e8b,\Gallery 59\01 - Frederica (3)\,{Shemale Yum Dvd03~G59~01-3~01 - Frederica (3)}
frederica3112.jpg,176995,b6b6c2ef,\Gallery 59\01 - Frederica (3)\,{Shemale Yum Dvd03~G59~01-3~01 - Frederica (3)}
frederica3113.jpg,178755,280a85ba,\Gallery 59\01 - Frederica (3)\,{Shemale Yum Dvd03~G59~01-3~01 - Frederica (3)}
frederica3114.jpg,212135,4d03a645,\Gallery 59\01 - Frederica (3)\,{Shemale Yum Dvd03~G59~01-3~01 - Frederica (3)}
frederica3115.jpg,199683,c0a1b766,\Gallery 59\01 - Frederica (3)\,{Shemale Yum Dvd03~G59~01-3~01 - Frederica (3)}
frederica3116.jpg,206098,f894b352,\Gallery 59\01 - Frederica (3)\,{Shemale Yum Dvd03~G59~01-3~01 - Frederica (3)}
frederica3117.jpg,201773,3d477624,\Gallery 59\01 - Frederica (3)\,{Shemale Yum Dvd03~G59~01-3~01 - Frederica (3)}
frederica3118.jpg,187363,d6d3c12b,\Gallery 59\01 - Frederica (3)\,{Shemale Yum Dvd03~G59~01-3~01 - Frederica (3)}
frederica3119.jpg,200721,be24a4b3,\Gallery 59\01 - Frederica (3)\,{Shemale Yum Dvd03~G59~01-3~01 - Frederica (3)}
frederica3120.jpg,197849,a617a636,\Gallery 59\01 - Frederica (3)\,{Shemale Yum Dvd03~G59~01-3~01 - Frederica (3)}
frederica3121.jpg,203108,745d5648,\Gallery 59\01 - Frederica (3)\,{Shemale Yum Dvd03~G59~01-3~01 - Frederica (3)}
frederica3122.jpg,194180,ccc830eb,\Gallery 59\01 - Frederica (3)\,{Shemale Yum Dvd03~G59~01-3~01 - Frederica (3)}
frederica3123.jpg,192604,d23f98b4,\Gallery 59\01 - Frederica (3)\,{Shemale Yum Dvd03~G59~01-3~01 - Frederica (3)}
frederica3124.jpg,196342,5b9b44c2,\Gallery 59\01 - Frederica (3)\,{Shemale Yum Dvd03~G59~01-3~01 - Frederica (3)}
frederica3125.jpg,151827,e3017352,\Gallery 59\01 - Frederica (3)\,{Shemale Yum Dvd03~G59~01-3~01 - Frederica (3)}
frederica3126.jpg,156679,f0f044c1,\Gallery 59\01 - Frederica (3)\,{Shemale Yum Dvd03~G59~01-3~01 - Frederica (3)}
frederica3127.jpg,146895,fff50efe,\Gallery 59\01 - Frederica (3)\,{Shemale Yum Dvd03~G59~01-3~01 - Frederica (3)}
frederica3128.jpg,146473,0548ed16,\Gallery 59\01 - Frederica (3)\,{Shemale Yum Dvd03~G59~01-3~01 - Frederica (3)}
frederica3129.jpg,200294,8b8af76c,\Gallery 59\01 - Frederica (3)\,{Shemale Yum Dvd03~G59~01-3~01 - Frederica (3)}
frederica3130.jpg,208100,fca3b57c,\Gallery 59\01 - Frederica (3)\,{Shemale Yum Dvd03~G59~01-3~01 - Frederica (3)}
frederica3131.jpg,200949,5cccd272,\Gallery 59\01 - Frederica (3)\,{Shemale Yum Dvd03~G59~01-3~01 - Frederica (3)}
frederica3132.jpg,206168,851f56bc,\Gallery 59\01 - Frederica (3)\,{Shemale Yum Dvd03~G59~01-3~01 - Frederica (3)}
frederica3133.jpg,210812,52405053,\Gallery 59\01 - Frederica (3)\,{Shemale Yum Dvd03~G59~01-3~01 - Frederica (3)}
frederica4001.jpg,177914,37ce9fa2,\Gallery 59\01 - Frederica (4)\,{Shemale Yum Dvd03~G59~01-4~01 - Frederica (4)}
frederica4002.jpg,205171,580cb963,\Gallery 59\01 - Frederica (4)\,{Shemale Yum Dvd03~G59~01-4~01 - Frederica (4)}
frederica4003.jpg,203614,177e9d99,\Gallery 59\01 - Frederica (4)\,{Shemale Yum Dvd03~G59~01-4~01 - Frederica (4)}
frederica4004.jpg,200054,59e396d6,\Gallery 59\01 - Frederica (4)\,{Shemale Yum Dvd03~G59~01-4~01 - Frederica (4)}
frederica4005.jpg,188072,2c107b19,\Gallery 59\01 - Frederica (4)\,{Shemale Yum Dvd03~G59~01-4~01 - Frederica (4)}
frederica4006.jpg,206701,3cf71ebb,\Gallery 59\01 - Frederica (4)\,{Shemale Yum Dvd03~G59~01-4~01 - Frederica (4)}
frederica4007.jpg,192152,6257eb1b,\Gallery 59\01 - Frederica (4)\,{Shemale Yum Dvd03~G59~01-4~01 - Frederica (4)}
frederica4008.jpg,186987,c2db17b9,\Gallery 59\01 - Frederica (4)\,{Shemale Yum Dvd03~G59~01-4~01 - Frederica (4)}
frederica4009.jpg,186897,351cc761,\Gallery 59\01 - Frederica (4)\,{Shemale Yum Dvd03~G59~01-4~01 - Frederica (4)}
frederica4010.jpg,200574,2b4801a0,\Gallery 59\01 - Frederica (4)\,{Shemale Yum Dvd03~G59~01-4~01 - Frederica (4)}
frederica4011.jpg,182886,ef8341dd,\Gallery 59\01 - Frederica (4)\,{Shemale Yum Dvd03~G59~01-4~01 - Frederica (4)}
frederica4012.jpg,189917,3fd73c4f,\Gallery 59\01 - Frederica (4)\,{Shemale Yum Dvd03~G59~01-4~01 - Frederica (4)}
frederica4013.jpg,199608,01c14464,\Gallery 59\01 - Frederica (4)\,{Shemale Yum Dvd03~G59~01-4~01 - Frederica (4)}
frederica4014.jpg,193087,fa8db719,\Gallery 59\01 - Frederica (4)\,{Shemale Yum Dvd03~G59~01-4~01 - Frederica (4)}
frederica4015.jpg,187560,9ae11d71,\Gallery 59\01 - Frederica (4)\,{Shemale Yum Dvd03~G59~01-4~01 - Frederica (4)}
frederica4016.jpg,190918,7f184303,\Gallery 59\01 - Frederica (4)\,{Shemale Yum Dvd03~G59~01-4~01 - Frederica (4)}
frederica4017.jpg,198113,92caa5b8,\Gallery 59\01 - Frederica (4)\,{Shemale Yum Dvd03~G59~01-4~01 - Frederica (4)}
frederica4018.jpg,189347,fa6f07d7,\Gallery 59\01 - Frederica (4)\,{Shemale Yum Dvd03~G59~01-4~01 - Frederica (4)}
frederica4019.jpg,195307,ef5b62bb,\Gallery 59\01 - Frederica (4)\,{Shemale Yum Dvd03~G59~01-4~01 - Frederica (4)}
frederica4020.jpg,186703,22456ad3,\Gallery 59\01 - Frederica (4)\,{Shemale Yum Dvd03~G59~01-4~01 - Frederica (4)}
frederica4021.jpg,190938,ddc5b108,\Gallery 59\01 - Frederica (4)\,{Shemale Yum Dvd03~G59~01-4~01 - Frederica (4)}
frederica4022.jpg,181064,1c3571a3,\Gallery 59\01 - Frederica (4)\,{Shemale Yum Dvd03~G59~01-4~01 - Frederica (4)}
frederica4023.jpg,169656,099da66e,\Gallery 59\01 - Frederica (4)\,{Shemale Yum Dvd03~G59~01-4~01 - Frederica (4)}
frederica4024.jpg,170572,1a1cc3e5,\Gallery 59\01 - Frederica (4)\,{Shemale Yum Dvd03~G59~01-4~01 - Frederica (4)}
frederica4025.jpg,186332,96a0f988,\Gallery 59\01 - Frederica (4)\,{Shemale Yum Dvd03~G59~01-4~01 - Frederica (4)}
frederica4026.jpg,179789,d3f78dc9,\Gallery 59\01 - Frederica (4)\,{Shemale Yum Dvd03~G59~01-4~01 - Frederica (4)}
frederica4027.jpg,183778,b0f855ed,\Gallery 59\01 - Frederica (4)\,{Shemale Yum Dvd03~G59~01-4~01 - Frederica (4)}
frederica4028.jpg,188641,d8699be8,\Gallery 59\01 - Frederica (4)\,{Shemale Yum Dvd03~G59~01-4~01 - Frederica (4)}
frederica4029.jpg,188606,49f266e0,\Gallery 59\01 - Frederica (4)\,{Shemale Yum Dvd03~G59~01-4~01 - Frederica (4)}
frederica4030.jpg,198358,5216fd4e,\Gallery 59\01 - Frederica (4)\,{Shemale Yum Dvd03~G59~01-4~01 - Frederica (4)}
frederica4031.jpg,178024,18021e7a,\Gallery 59\01 - Frederica (4)\,{Shemale Yum Dvd03~G59~01-4~01 - Frederica (4)}
frederica4032.jpg,167658,eca027f2,\Gallery 59\01 - Frederica (4)\,{Shemale Yum Dvd03~G59~01-4~01 - Frederica (4)}
frederica4033.jpg,162061,3613fbc6,\Gallery 59\01 - Frederica (4)\,{Shemale Yum Dvd03~G59~01-4~01 - Frederica (4)}
frederica4034.jpg,198824,56fb6c33,\Gallery 59\01 - Frederica (4)\,{Shemale Yum Dvd03~G59~01-4~01 - Frederica (4)}
frederica4035.jpg,199304,d7d22ee2,\Gallery 59\01 - Frederica (4)\,{Shemale Yum Dvd03~G59~01-4~01 - Frederica (4)}
frederica4036.jpg,180775,4ede9c37,\Gallery 59\01 - Frederica (4)\,{Shemale Yum Dvd03~G59~01-4~01 - Frederica (4)}
frederica4037.jpg,174377,0b4ffb3f,\Gallery 59\01 - Frederica (4)\,{Shemale Yum Dvd03~G59~01-4~01 - Frederica (4)}
frederica4038.jpg,199840,7d7338e8,\Gallery 59\01 - Frederica (4)\,{Shemale Yum Dvd03~G59~01-4~01 - Frederica (4)}
frederica4039.jpg,184987,e865b918,\Gallery 59\01 - Frederica (4)\,{Shemale Yum Dvd03~G59~01-4~01 - Frederica (4)}
frederica4040.jpg,198049,5f25c682,\Gallery 59\01 - Frederica (4)\,{Shemale Yum Dvd03~G59~01-4~01 - Frederica (4)}
frederica4041.jpg,177964,ad008d34,\Gallery 59\01 - Frederica (4)\,{Shemale Yum Dvd03~G59~01-4~01 - Frederica (4)}
frederica4042.jpg,170135,7c598bd7,\Gallery 59\01 - Frederica (4)\,{Shemale Yum Dvd03~G59~01-4~01 - Frederica (4)}
frederica4043.jpg,178146,31c2dc09,\Gallery 59\01 - Frederica (4)\,{Shemale Yum Dvd03~G59~01-4~01 - Frederica (4)}
frederica4044.jpg,180214,6e5143f1,\Gallery 59\01 - Frederica (4)\,{Shemale Yum Dvd03~G59~01-4~01 - Frederica (4)}
frederica4045.jpg,177454,79f25d93,\Gallery 59\01 - Frederica (4)\,{Shemale Yum Dvd03~G59~01-4~01 - Frederica (4)}
frederica4046.jpg,179374,bf18d11d,\Gallery 59\01 - Frederica (4)\,{Shemale Yum Dvd03~G59~01-4~01 - Frederica (4)}
frederica4047.jpg,170646,9acbdba3,\Gallery 59\01 - Frederica (4)\,{Shemale Yum Dvd03~G59~01-4~01 - Frederica (4)}
frederica4048.jpg,178973,41f204de,\Gallery 59\01 - Frederica (4)\,{Shemale Yum Dvd03~G59~01-4~01 - Frederica (4)}
frederica4049.jpg,175123,f48943d9,\Gallery 59\01 - Frederica (4)\,{Shemale Yum Dvd03~G59~01-4~01 - Frederica (4)}
frederica4050.jpg,164211,5c1aafab,\Gallery 59\01 - Frederica (4)\,{Shemale Yum Dvd03~G59~01-4~01 - Frederica (4)}
frederica4051.jpg,178979,52d76c34,\Gallery 59\01 - Frederica (4)\,{Shemale Yum Dvd03~G59~01-4~01 - Frederica (4)}
frederica4052.jpg,177125,6428aa9a,\Gallery 59\01 - Frederica (4)\,{Shemale Yum Dvd03~G59~01-4~01 - Frederica (4)}
frederica4053.jpg,164561,44dcddbd,\Gallery 59\01 - Frederica (4)\,{Shemale Yum Dvd03~G59~01-4~01 - Frederica (4)}
frederica4054.jpg,173194,fecc518b,\Gallery 59\01 - Frederica (4)\,{Shemale Yum Dvd03~G59~01-4~01 - Frederica (4)}
frederica4055.jpg,173427,5332b0b3,\Gallery 59\01 - Frederica (4)\,{Shemale Yum Dvd03~G59~01-4~01 - Frederica (4)}
frederica4056.jpg,172412,8595e07e,\Gallery 59\01 - Frederica (4)\,{Shemale Yum Dvd03~G59~01-4~01 - Frederica (4)}
frederica4057.jpg,167113,78284ee6,\Gallery 59\01 - Frederica (4)\,{Shemale Yum Dvd03~G59~01-4~01 - Frederica (4)}
frederica4058.jpg,173045,466acac7,\Gallery 59\01 - Frederica (4)\,{Shemale Yum Dvd03~G59~01-4~01 - Frederica (4)}
frederica4059.jpg,155393,2f91eba8,\Gallery 59\01 - Frederica (4)\,{Shemale Yum Dvd03~G59~01-4~01 - Frederica (4)}
frederica4060.jpg,171179,24495538,\Gallery 59\01 - Frederica (4)\,{Shemale Yum Dvd03~G59~01-4~01 - Frederica (4)}
frederica4061.jpg,174299,9a2ceba4,\Gallery 59\01 - Frederica (4)\,{Shemale Yum Dvd03~G59~01-4~01 - Frederica (4)}
frederica4062.jpg,159846,13ae297a,\Gallery 59\01 - Frederica (4)\,{Shemale Yum Dvd03~G59~01-4~01 - Frederica (4)}
frederica4063.jpg,165813,8fe41cec,\Gallery 59\01 - Frederica (4)\,{Shemale Yum Dvd03~G59~01-4~01 - Frederica (4)}
frederica4064.jpg,168195,ecb08208,\Gallery 59\01 - Frederica (4)\,{Shemale Yum Dvd03~G59~01-4~01 - Frederica (4)}
frederica4065.jpg,158442,86a2fce5,\Gallery 59\01 - Frederica (4)\,{Shemale Yum Dvd03~G59~01-4~01 - Frederica (4)}
frederica4066.jpg,191468,9bdca2a9,\Gallery 59\01 - Frederica (4)\,{Shemale Yum Dvd03~G59~01-4~01 - Frederica (4)}
frederica4067.jpg,173702,cfec2ac2,\Gallery 59\01 - Frederica (4)\,{Shemale Yum Dvd03~G59~01-4~01 - Frederica (4)}
frederica4068.jpg,177474,dd4975e1,\Gallery 59\01 - Frederica (4)\,{Shemale Yum Dvd03~G59~01-4~01 - Frederica (4)}
frederica4069.jpg,202358,98ad897f,\Gallery 59\01 - Frederica (4)\,{Shemale Yum Dvd03~G59~01-4~01 - Frederica (4)}
frederica4070.jpg,186462,45f89269,\Gallery 59\01 - Frederica (4)\,{Shemale Yum Dvd03~G59~01-4~01 - Frederica (4)}
frederica4071.jpg,170843,d175f9cd,\Gallery 59\01 - Frederica (4)\,{Shemale Yum Dvd03~G59~01-4~01 - Frederica (4)}
frederica4072.jpg,172110,ad89e056,\Gallery 59\01 - Frederica (4)\,{Shemale Yum Dvd03~G59~01-4~01 - Frederica (4)}
frederica4073.jpg,166120,b6725b3e,\Gallery 59\01 - Frederica (4)\,{Shemale Yum Dvd03~G59~01-4~01 - Frederica (4)}
frederica4074.jpg,167328,255078ba,\Gallery 59\01 - Frederica (4)\,{Shemale Yum Dvd03~G59~01-4~01 - Frederica (4)}
frederica4075.jpg,204592,a71c97b9,\Gallery 59\01 - Frederica (4)\,{Shemale Yum Dvd03~G59~01-4~01 - Frederica (4)}
frederica4076.jpg,179348,2c259c81,\Gallery 59\01 - Frederica (4)\,{Shemale Yum Dvd03~G59~01-4~01 - Frederica (4)}
frederica4077.jpg,178915,d0548169,\Gallery 59\01 - Frederica (4)\,{Shemale Yum Dvd03~G59~01-4~01 - Frederica (4)}
frederica4078.jpg,180916,d379a5b2,\Gallery 59\01 - Frederica (4)\,{Shemale Yum Dvd03~G59~01-4~01 - Frederica (4)}
frederica4079.jpg,179969,3306e609,\Gallery 59\01 - Frederica (4)\,{Shemale Yum Dvd03~G59~01-4~01 - Frederica (4)}
frederica4080.jpg,158749,5c5c0c7f,\Gallery 59\01 - Frederica (4)\,{Shemale Yum Dvd03~G59~01-4~01 - Frederica (4)}
frederica4081.jpg,164646,c3da8dd9,\Gallery 59\01 - Frederica (4)\,{Shemale Yum Dvd03~G59~01-4~01 - Frederica (4)}
frederica4082.jpg,170241,548cd3f3,\Gallery 59\01 - Frederica (4)\,{Shemale Yum Dvd03~G59~01-4~01 - Frederica (4)}
frederica4083.jpg,161320,3e2ee719,\Gallery 59\01 - Frederica (4)\,{Shemale Yum Dvd03~G59~01-4~01 - Frederica (4)}
frederica4084.jpg,153956,7ba4ff75,\Gallery 59\01 - Frederica (4)\,{Shemale Yum Dvd03~G59~01-4~01 - Frederica (4)}
frederica4085.jpg,159939,66bcacba,\Gallery 59\01 - Frederica (4)\,{Shemale Yum Dvd03~G59~01-4~01 - Frederica (4)}
frederica4086.jpg,154854,4ce0c2b3,\Gallery 59\01 - Frederica (4)\,{Shemale Yum Dvd03~G59~01-4~01 - Frederica (4)}
frederica4087.jpg,141860,86a17957,\Gallery 59\01 - Frederica (4)\,{Shemale Yum Dvd03~G59~01-4~01 - Frederica (4)}
frederica4088.jpg,149864,ac7c472f,\Gallery 59\01 - Frederica (4)\,{Shemale Yum Dvd03~G59~01-4~01 - Frederica (4)}
frederica4089.jpg,149351,0d8d0c24,\Gallery 59\01 - Frederica (4)\,{Shemale Yum Dvd03~G59~01-4~01 - Frederica (4)}
frederica4090.jpg,175839,f8e424d7,\Gallery 59\01 - Frederica (4)\,{Shemale Yum Dvd03~G59~01-4~01 - Frederica (4)}
frederica4091.jpg,151516,6d27af64,\Gallery 59\01 - Frederica (4)\,{Shemale Yum Dvd03~G59~01-4~01 - Frederica (4)}
frederica4092.jpg,153424,65241dd4,\Gallery 59\01 - Frederica (4)\,{Shemale Yum Dvd03~G59~01-4~01 - Frederica (4)}
frederica4093.jpg,150128,d6bd0572,\Gallery 59\01 - Frederica (4)\,{Shemale Yum Dvd03~G59~01-4~01 - Frederica (4)}
frederica4094.jpg,141001,d3bd2689,\Gallery 59\01 - Frederica (4)\,{Shemale Yum Dvd03~G59~01-4~01 - Frederica (4)}
frederica4095.jpg,159610,aa65c95c,\Gallery 59\01 - Frederica (4)\,{Shemale Yum Dvd03~G59~01-4~01 - Frederica (4)}
frederica4096.jpg,142622,58244c6c,\Gallery 59\01 - Frederica (4)\,{Shemale Yum Dvd03~G59~01-4~01 - Frederica (4)}
frederica4097.jpg,160200,9b514fd3,\Gallery 59\01 - Frederica (4)\,{Shemale Yum Dvd03~G59~01-4~01 - Frederica (4)}
frederica4098.jpg,207934,ef3e3ca5,\Gallery 59\01 - Frederica (4)\,{Shemale Yum Dvd03~G59~01-4~01 - Frederica (4)}
frederica4099.jpg,208776,893a0166,\Gallery 59\01 - Frederica (4)\,{Shemale Yum Dvd03~G59~01-4~01 - Frederica (4)}
frederica4100.jpg,192590,766c5c2e,\Gallery 59\01 - Frederica (4)\,{Shemale Yum Dvd03~G59~01-4~01 - Frederica (4)}
frederica4101.jpg,187825,695a4520,\Gallery 59\01 - Frederica (4)\,{Shemale Yum Dvd03~G59~01-4~01 - Frederica (4)}
frederica4102.jpg,159230,45fe4b23,\Gallery 59\01 - Frederica (4)\,{Shemale Yum Dvd03~G59~01-4~01 - Frederica (4)}
frederica4103.jpg,200843,5cd166b0,\Gallery 59\01 - Frederica (4)\,{Shemale Yum Dvd03~G59~01-4~01 - Frederica (4)}
frederica4104.jpg,167573,55b5fd3e,\Gallery 59\01 - Frederica (4)\,{Shemale Yum Dvd03~G59~01-4~01 - Frederica (4)}
frederica4105.jpg,151925,9a081146,\Gallery 59\01 - Frederica (4)\,{Shemale Yum Dvd03~G59~01-4~01 - Frederica (4)}
frederica4106.jpg,167372,bcf754e7,\Gallery 59\01 - Frederica (4)\,{Shemale Yum Dvd03~G59~01-4~01 - Frederica (4)}
frederica4107.jpg,163179,6fc1733b,\Gallery 59\01 - Frederica (4)\,{Shemale Yum Dvd03~G59~01-4~01 - Frederica (4)}
frederica4108.jpg,176662,289a29b4,\Gallery 59\01 - Frederica (4)\,{Shemale Yum Dvd03~G59~01-4~01 - Frederica (4)}
frederica4109.jpg,164826,b431edbc,\Gallery 59\01 - Frederica (4)\,{Shemale Yum Dvd03~G59~01-4~01 - Frederica (4)}
vivianne001.jpg,104122,06f8a63c,\Gallery 59\05 - Vivianne\,{Shemale Yum Dvd03~G59~05~05 - Vivianne}
vivianne002.jpg,119567,a716ecaa,\Gallery 59\05 - Vivianne\,{Shemale Yum Dvd03~G59~05~05 - Vivianne}
vivianne003.jpg,147572,c081d90b,\Gallery 59\05 - Vivianne\,{Shemale Yum Dvd03~G59~05~05 - Vivianne}
vivianne011.jpg,119617,c223f3b1,\Gallery 59\05 - Vivianne\,{Shemale Yum Dvd03~G59~05~05 - Vivianne}
vivianne012.jpg,131068,1bcd69b8,\Gallery 59\05 - Vivianne\,{Shemale Yum Dvd03~G59~05~05 - Vivianne}
vivianne013.jpg,127332,b8fdca98,\Gallery 59\05 - Vivianne\,{Shemale Yum Dvd03~G59~05~05 - Vivianne}
vivianne015.jpg,131501,05d2c864,\Gallery 59\05 - Vivianne\,{Shemale Yum Dvd03~G59~05~05 - Vivianne}
vivianne017.jpg,128016,b89abe2a,\Gallery 59\05 - Vivianne\,{Shemale Yum Dvd03~G59~05~05 - Vivianne}
vivianne018.jpg,126150,d45f128c,\Gallery 59\05 - Vivianne\,{Shemale Yum Dvd03~G59~05~05 - Vivianne}
vivianne019.jpg,144403,c3f01582,\Gallery 59\05 - Vivianne\,{Shemale Yum Dvd03~G59~05~05 - Vivianne}
vivianne020.jpg,138164,7b0d6368,\Gallery 59\05 - Vivianne\,{Shemale Yum Dvd03~G59~05~05 - Vivianne}
vivianne021.jpg,141911,d47d5b46,\Gallery 59\05 - Vivianne\,{Shemale Yum Dvd03~G59~05~05 - Vivianne}
vivianne022.jpg,123873,05b07d34,\Gallery 59\05 - Vivianne\,{Shemale Yum Dvd03~G59~05~05 - Vivianne}
vivianne023.jpg,101107,6c29c3ee,\Gallery 59\05 - Vivianne\,{Shemale Yum Dvd03~G59~05~05 - Vivianne}
vivianne024.jpg,134841,59a38d97,\Gallery 59\05 - Vivianne\,{Shemale Yum Dvd03~G59~05~05 - Vivianne}
vivianne025.jpg,139979,1028ac4a,\Gallery 59\05 - Vivianne\,{Shemale Yum Dvd03~G59~05~05 - Vivianne}
vivianne026.jpg,145161,5768a740,\Gallery 59\05 - Vivianne\,{Shemale Yum Dvd03~G59~05~05 - Vivianne}
vivianne027.jpg,134838,431eea7d,\Gallery 59\05 - Vivianne\,{Shemale Yum Dvd03~G59~05~05 - Vivianne}
vivianne029.jpg,149598,4cbe4481,\Gallery 59\05 - Vivianne\,{Shemale Yum Dvd03~G59~05~05 - Vivianne}
vivianne030.jpg,126145,9218c4fc,\Gallery 59\05 - Vivianne\,{Shemale Yum Dvd03~G59~05~05 - Vivianne}
vivianne031.jpg,135400,e72e2bc3,\Gallery 59\05 - Vivianne\,{Shemale Yum Dvd03~G59~05~05 - Vivianne}
vivianne032.jpg,144673,b0709afe,\Gallery 59\05 - Vivianne\,{Shemale Yum Dvd03~G59~05~05 - Vivianne}
vivianne035.jpg,138645,ed7661d2,\Gallery 59\05 - Vivianne\,{Shemale Yum Dvd03~G59~05~05 - Vivianne}
vivianne036.jpg,153699,7ad6988e,\Gallery 59\05 - Vivianne\,{Shemale Yum Dvd03~G59~05~05 - Vivianne}
vivianne040.jpg,118009,355e266b,\Gallery 59\05 - Vivianne\,{Shemale Yum Dvd03~G59~05~05 - Vivianne}
vivianne041.jpg,101963,1c1071bd,\Gallery 59\05 - Vivianne\,{Shemale Yum Dvd03~G59~05~05 - Vivianne}
vivianne042.jpg,123967,ce549c3f,\Gallery 59\05 - Vivianne\,{Shemale Yum Dvd03~G59~05~05 - Vivianne}
vivianne043.jpg,110775,68996773,\Gallery 59\05 - Vivianne\,{Shemale Yum Dvd03~G59~05~05 - Vivianne}
vivianne046.jpg,111622,783ce635,\Gallery 59\05 - Vivianne\,{Shemale Yum Dvd03~G59~05~05 - Vivianne}
vivianne047.jpg,113240,449f43c7,\Gallery 59\05 - Vivianne\,{Shemale Yum Dvd03~G59~05~05 - Vivianne}
vivianne048.jpg,113723,9ef5d2fd,\Gallery 59\05 - Vivianne\,{Shemale Yum Dvd03~G59~05~05 - Vivianne}
vivianne049.jpg,122454,50a5f0e0,\Gallery 59\05 - Vivianne\,{Shemale Yum Dvd03~G59~05~05 - Vivianne}
vivianne050.jpg,138774,9a4bc42e,\Gallery 59\05 - Vivianne\,{Shemale Yum Dvd03~G59~05~05 - Vivianne}
vivianne051.jpg,153964,d67a5606,\Gallery 59\05 - Vivianne\,{Shemale Yum Dvd03~G59~05~05 - Vivianne}
vivianne052.jpg,150666,4cafc78b,\Gallery 59\05 - Vivianne\,{Shemale Yum Dvd03~G59~05~05 - Vivianne}
vivianne053.jpg,158619,133a70bf,\Gallery 59\05 - Vivianne\,{Shemale Yum Dvd03~G59~05~05 - Vivianne}
vivianne055.jpg,115449,1eeeaa17,\Gallery 59\05 - Vivianne\,{Shemale Yum Dvd03~G59~05~05 - Vivianne}
vivianne057.jpg,104852,fbdac49a,\Gallery 59\05 - Vivianne\,{Shemale Yum Dvd03~G59~05~05 - Vivianne}
vivianne058.jpg,102515,2408a34b,\Gallery 59\05 - Vivianne\,{Shemale Yum Dvd03~G59~05~05 - Vivianne}
vivianne059.jpg,153790,dfe8a95a,\Gallery 59\05 - Vivianne\,{Shemale Yum Dvd03~G59~05~05 - Vivianne}
vivianne061.jpg,161679,c9c18764,\Gallery 59\05 - Vivianne\,{Shemale Yum Dvd03~G59~05~05 - Vivianne}
vivianne068.jpg,153162,1a0d5791,\Gallery 59\05 - Vivianne\,{Shemale Yum Dvd03~G59~05~05 - Vivianne}
vivianne071.jpg,149357,fc6680f2,\Gallery 59\05 - Vivianne\,{Shemale Yum Dvd03~G59~05~05 - Vivianne}
vivianne072.jpg,126784,64c64084,\Gallery 59\05 - Vivianne\,{Shemale Yum Dvd03~G59~05~05 - Vivianne}
vivianne073.jpg,124838,2dce8b73,\Gallery 59\05 - Vivianne\,{Shemale Yum Dvd03~G59~05~05 - Vivianne}
vivianne074.jpg,91973,44ac983f,\Gallery 59\05 - Vivianne\,{Shemale Yum Dvd03~G59~05~05 - Vivianne}
vivianne075.jpg,95250,cadcd9f8,\Gallery 59\05 - Vivianne\,{Shemale Yum Dvd03~G59~05~05 - Vivianne}
vivianne076.jpg,108498,8dda3f66,\Gallery 59\05 - Vivianne\,{Shemale Yum Dvd03~G59~05~05 - Vivianne}
vivianne080.jpg,167927,557e3bdb,\Gallery 59\05 - Vivianne\,{Shemale Yum Dvd03~G59~05~05 - Vivianne}
vivianne084.jpg,139317,b6676002,\Gallery 59\05 - Vivianne\,{Shemale Yum Dvd03~G59~05~05 - Vivianne}
vivianne087.jpg,113788,65707626,\Gallery 59\05 - Vivianne\,{Shemale Yum Dvd03~G59~05~05 - Vivianne}
vivianne092.jpg,93310,3340981d,\Gallery 59\05 - Vivianne\,{Shemale Yum Dvd03~G59~05~05 - Vivianne}
vivianne093.jpg,93157,7458c80a,\Gallery 59\05 - Vivianne\,{Shemale Yum Dvd03~G59~05~05 - Vivianne}
vivianne095.jpg,146511,543dd57e,\Gallery 59\05 - Vivianne\,{Shemale Yum Dvd03~G59~05~05 - Vivianne}
vivianne096.jpg,142544,1597dc88,\Gallery 59\05 - Vivianne\,{Shemale Yum Dvd03~G59~05~05 - Vivianne}
vivianne097.jpg,104726,c34616dd,\Gallery 59\05 - Vivianne\,{Shemale Yum Dvd03~G59~05~05 - Vivianne}
vivianne099.jpg,122213,ac68bf4a,\Gallery 59\05 - Vivianne\,{Shemale Yum Dvd03~G59~05~05 - Vivianne}
vivianne101.jpg,86804,da0ff325,\Gallery 59\05 - Vivianne\,{Shemale Yum Dvd03~G59~05~05 - Vivianne}
vivianne102.jpg,118011,1b82031b,\Gallery 59\05 - Vivianne\,{Shemale Yum Dvd03~G59~05~05 - Vivianne}
vivianne103.jpg,92040,fb553f5f,\Gallery 59\05 - Vivianne\,{Shemale Yum Dvd03~G59~05~05 - Vivianne}
vivianne104.jpg,98404,34cb0bf1,\Gallery 59\05 - Vivianne\,{Shemale Yum Dvd03~G59~05~05 - Vivianne}
vivianne106.jpg,120621,cdf9d692,\Gallery 59\05 - Vivianne\,{Shemale Yum Dvd03~G59~05~05 - Vivianne}
vivianne107.jpg,111321,7cef795f,\Gallery 59\05 - Vivianne\,{Shemale Yum Dvd03~G59~05~05 - Vivianne}
vivianne108.jpg,144486,2d9ab884,\Gallery 59\05 - Vivianne\,{Shemale Yum Dvd03~G59~05~05 - Vivianne}
vivianne109.jpg,134653,56c2c263,\Gallery 59\05 - Vivianne\,{Shemale Yum Dvd03~G59~05~05 - Vivianne}
vivianne110.jpg,95995,b23ae301,\Gallery 59\05 - Vivianne\,{Shemale Yum Dvd03~G59~05~05 - Vivianne}
vivianne112.jpg,91577,cf6c360d,\Gallery 59\05 - Vivianne\,{Shemale Yum Dvd03~G59~05~05 - Vivianne}
vivianne113.jpg,104391,5bc3d64b,\Gallery 59\05 - Vivianne\,{Shemale Yum Dvd03~G59~05~05 - Vivianne}
vivianne114.jpg,116197,bdb3d87f,\Gallery 59\05 - Vivianne\,{Shemale Yum Dvd03~G59~05~05 - Vivianne}
fiona001.jpg,156626,1447c1d4,\Gallery 59\06 - Fiona\,{Shemale Yum Dvd03~G59~06~06 - Fiona}
fiona003.jpg,154937,db72ede3,\Gallery 59\06 - Fiona\,{Shemale Yum Dvd03~G59~06~06 - Fiona}
fiona004.jpg,158989,1ef4aee1,\Gallery 59\06 - Fiona\,{Shemale Yum Dvd03~G59~06~06 - Fiona}
fiona005.jpg,170568,d0d54648,\Gallery 59\06 - Fiona\,{Shemale Yum Dvd03~G59~06~06 - Fiona}
fiona006.jpg,159851,4bcbd902,\Gallery 59\06 - Fiona\,{Shemale Yum Dvd03~G59~06~06 - Fiona}
fiona007.jpg,152684,fc947065,\Gallery 59\06 - Fiona\,{Shemale Yum Dvd03~G59~06~06 - Fiona}
fiona008.jpg,170479,6921f7e0,\Gallery 59\06 - Fiona\,{Shemale Yum Dvd03~G59~06~06 - Fiona}
fiona009.jpg,160428,b0596182,\Gallery 59\06 - Fiona\,{Shemale Yum Dvd03~G59~06~06 - Fiona}
fiona010.jpg,151695,66b08213,\Gallery 59\06 - Fiona\,{Shemale Yum Dvd03~G59~06~06 - Fiona}
fiona011.jpg,163980,e45cef18,\Gallery 59\06 - Fiona\,{Shemale Yum Dvd03~G59~06~06 - Fiona}
fiona012.jpg,158497,0358edc4,\Gallery 59\06 - Fiona\,{Shemale Yum Dvd03~G59~06~06 - Fiona}
fiona014.jpg,149719,a00e1b4f,\Gallery 59\06 - Fiona\,{Shemale Yum Dvd03~G59~06~06 - Fiona}
fiona015.jpg,170166,193c7c54,\Gallery 59\06 - Fiona\,{Shemale Yum Dvd03~G59~06~06 - Fiona}
fiona016.jpg,167719,eaaa4bb2,\Gallery 59\06 - Fiona\,{Shemale Yum Dvd03~G59~06~06 - Fiona}
fiona017.jpg,152103,6e799a1e,\Gallery 59\06 - Fiona\,{Shemale Yum Dvd03~G59~06~06 - Fiona}
fiona018.jpg,167862,49c8444a,\Gallery 59\06 - Fiona\,{Shemale Yum Dvd03~G59~06~06 - Fiona}
fiona019.jpg,159451,478e0dad,\Gallery 59\06 - Fiona\,{Shemale Yum Dvd03~G59~06~06 - Fiona}
fiona020.jpg,149361,9ecf49c5,\Gallery 59\06 - Fiona\,{Shemale Yum Dvd03~G59~06~06 - Fiona}
fiona021.jpg,166910,519656b3,\Gallery 59\06 - Fiona\,{Shemale Yum Dvd03~G59~06~06 - Fiona}
fiona022.jpg,159349,6a449a5f,\Gallery 59\06 - Fiona\,{Shemale Yum Dvd03~G59~06~06 - Fiona}
fiona023.jpg,166443,f9ed70ca,\Gallery 59\06 - Fiona\,{Shemale Yum Dvd03~G59~06~06 - Fiona}
fiona024.jpg,171077,0b5dae09,\Gallery 59\06 - Fiona\,{Shemale Yum Dvd03~G59~06~06 - Fiona}
fiona025.jpg,141707,0412f635,\Gallery 59\06 - Fiona\,{Shemale Yum Dvd03~G59~06~06 - Fiona}
fiona026.jpg,141382,242c4ae2,\Gallery 59\06 - Fiona\,{Shemale Yum Dvd03~G59~06~06 - Fiona}
fiona027.jpg,169239,e2544b2f,\Gallery 59\06 - Fiona\,{Shemale Yum Dvd03~G59~06~06 - Fiona}
fiona029.jpg,164867,3cc4c28f,\Gallery 59\06 - Fiona\,{Shemale Yum Dvd03~G59~06~06 - Fiona}
fiona030.jpg,164615,0bfc3481,\Gallery 59\06 - Fiona\,{Shemale Yum Dvd03~G59~06~06 - Fiona}
fiona031.jpg,167131,6508517e,\Gallery 59\06 - Fiona\,{Shemale Yum Dvd03~G59~06~06 - Fiona}
fiona032.jpg,148979,cac41edc,\Gallery 59\06 - Fiona\,{Shemale Yum Dvd03~G59~06~06 - Fiona}
fiona033.jpg,158165,1c183031,\Gallery 59\06 - Fiona\,{Shemale Yum Dvd03~G59~06~06 - Fiona}
fiona034.jpg,146280,d9aff6ec,\Gallery 59\06 - Fiona\,{Shemale Yum Dvd03~G59~06~06 - Fiona}
fiona035.jpg,161178,60feb8a2,\Gallery 59\06 - Fiona\,{Shemale Yum Dvd03~G59~06~06 - Fiona}
fiona036.jpg,156220,2e544cf2,\Gallery 59\06 - Fiona\,{Shemale Yum Dvd03~G59~06~06 - Fiona}
fiona038.jpg,143334,9aa3ea66,\Gallery 59\06 - Fiona\,{Shemale Yum Dvd03~G59~06~06 - Fiona}
fiona039.jpg,162504,7984a1ae,\Gallery 59\06 - Fiona\,{Shemale Yum Dvd03~G59~06~06 - Fiona}
fiona040.jpg,158960,aef006c4,\Gallery 59\06 - Fiona\,{Shemale Yum Dvd03~G59~06~06 - Fiona}
fiona041.jpg,169772,511c6cbe,\Gallery 59\06 - Fiona\,{Shemale Yum Dvd03~G59~06~06 - Fiona}
fiona042.jpg,149718,16b2c2ed,\Gallery 59\06 - Fiona\,{Shemale Yum Dvd03~G59~06~06 - Fiona}
fiona043.jpg,165458,6e65231b,\Gallery 59\06 - Fiona\,{Shemale Yum Dvd03~G59~06~06 - Fiona}
fiona044.jpg,170021,8c689626,\Gallery 59\06 - Fiona\,{Shemale Yum Dvd03~G59~06~06 - Fiona}
fiona047.jpg,122348,96d98dc4,\Gallery 59\06 - Fiona\,{Shemale Yum Dvd03~G59~06~06 - Fiona}
fiona048.jpg,168867,92665ee4,\Gallery 59\06 - Fiona\,{Shemale Yum Dvd03~G59~06~06 - Fiona}
fiona049.jpg,176382,3dbc1a8b,\Gallery 59\06 - Fiona\,{Shemale Yum Dvd03~G59~06~06 - Fiona}
fiona050.jpg,178890,ea0342d1,\Gallery 59\06 - Fiona\,{Shemale Yum Dvd03~G59~06~06 - Fiona}
fiona051.jpg,167884,be733520,\Gallery 59\06 - Fiona\,{Shemale Yum Dvd03~G59~06~06 - Fiona}
fiona052.jpg,137310,a48d182d,\Gallery 59\06 - Fiona\,{Shemale Yum Dvd03~G59~06~06 - Fiona}
fiona053.jpg,156465,c2b5b733,\Gallery 59\06 - Fiona\,{Shemale Yum Dvd03~G59~06~06 - Fiona}
fiona054.jpg,154998,6f3521eb,\Gallery 59\06 - Fiona\,{Shemale Yum Dvd03~G59~06~06 - Fiona}
fiona055.jpg,138079,3b13714f,\Gallery 59\06 - Fiona\,{Shemale Yum Dvd03~G59~06~06 - Fiona}
fiona056.jpg,145650,93a44231,\Gallery 59\06 - Fiona\,{Shemale Yum Dvd03~G59~06~06 - Fiona}
fiona058.jpg,117398,6ec64e37,\Gallery 59\06 - Fiona\,{Shemale Yum Dvd03~G59~06~06 - Fiona}
fiona060.jpg,155302,542fad3d,\Gallery 59\06 - Fiona\,{Shemale Yum Dvd03~G59~06~06 - Fiona}
fiona061.jpg,154629,cde412de,\Gallery 59\06 - Fiona\,{Shemale Yum Dvd03~G59~06~06 - Fiona}
fiona064.jpg,169889,e0d137a7,\Gallery 59\06 - Fiona\,{Shemale Yum Dvd03~G59~06~06 - Fiona}
fiona065.jpg,155370,64821a8d,\Gallery 59\06 - Fiona\,{Shemale Yum Dvd03~G59~06~06 - Fiona}
fiona066.jpg,166988,f5d0f966,\Gallery 59\06 - Fiona\,{Shemale Yum Dvd03~G59~06~06 - Fiona}
fiona067.jpg,162202,12507234,\Gallery 59\06 - Fiona\,{Shemale Yum Dvd03~G59~06~06 - Fiona}
fiona068.jpg,144450,eb0eede1,\Gallery 59\06 - Fiona\,{Shemale Yum Dvd03~G59~06~06 - Fiona}
fiona069.jpg,168923,54e8ae9e,\Gallery 59\06 - Fiona\,{Shemale Yum Dvd03~G59~06~06 - Fiona}
fiona070.jpg,150059,d1fdc6e6,\Gallery 59\06 - Fiona\,{Shemale Yum Dvd03~G59~06~06 - Fiona}
fiona071.jpg,160506,c0893b6f,\Gallery 59\06 - Fiona\,{Shemale Yum Dvd03~G59~06~06 - Fiona}
fiona076.jpg,155238,76861947,\Gallery 59\06 - Fiona\,{Shemale Yum Dvd03~G59~06~06 - Fiona}
fiona077.jpg,157553,731cfd3c,\Gallery 59\06 - Fiona\,{Shemale Yum Dvd03~G59~06~06 - Fiona}
fiona078.jpg,155468,4af97391,\Gallery 59\06 - Fiona\,{Shemale Yum Dvd03~G59~06~06 - Fiona}
fiona082.jpg,161817,fd55f89b,\Gallery 59\06 - Fiona\,{Shemale Yum Dvd03~G59~06~06 - Fiona}
fiona083.jpg,154404,9f213712,\Gallery 59\06 - Fiona\,{Shemale Yum Dvd03~G59~06~06 - Fiona}
fiona084.jpg,163817,3d3bfc3c,\Gallery 59\06 - Fiona\,{Shemale Yum Dvd03~G59~06~06 - Fiona}
fiona085.jpg,162070,a116edb2,\Gallery 59\06 - Fiona\,{Shemale Yum Dvd03~G59~06~06 - Fiona}
fiona086.jpg,137753,a93cbe23,\Gallery 59\06 - Fiona\,{Shemale Yum Dvd03~G59~06~06 - Fiona}
fiona089.jpg,158497,d8f48cd8,\Gallery 59\06 - Fiona\,{Shemale Yum Dvd03~G59~06~06 - Fiona}
fiona090.jpg,167116,84388235,\Gallery 59\06 - Fiona\,{Shemale Yum Dvd03~G59~06~06 - Fiona}
fiona091.jpg,159867,9242f87d,\Gallery 59\06 - Fiona\,{Shemale Yum Dvd03~G59~06~06 - Fiona}
fiona092.jpg,162721,26675b0d,\Gallery 59\06 - Fiona\,{Shemale Yum Dvd03~G59~06~06 - Fiona}
fiona093.jpg,158502,7c5ce192,\Gallery 59\06 - Fiona\,{Shemale Yum Dvd03~G59~06~06 - Fiona}
fiona095.jpg,149481,5edb2bf8,\Gallery 59\06 - Fiona\,{Shemale Yum Dvd03~G59~06~06 - Fiona}
fiona096.jpg,164915,10702c05,\Gallery 59\06 - Fiona\,{Shemale Yum Dvd03~G59~06~06 - Fiona}
fiona097.jpg,132383,3cee041c,\Gallery 59\06 - Fiona\,{Shemale Yum Dvd03~G59~06~06 - Fiona}
fiona098.jpg,140857,66634652,\Gallery 59\06 - Fiona\,{Shemale Yum Dvd03~G59~06~06 - Fiona}
fiona099.jpg,142573,44fcaacf,\Gallery 59\06 - Fiona\,{Shemale Yum Dvd03~G59~06~06 - Fiona}
fiona100.jpg,155450,63bd79ac,\Gallery 59\06 - Fiona\,{Shemale Yum Dvd03~G59~06~06 - Fiona}
fiona101.jpg,171645,8584f7fd,\Gallery 59\06 - Fiona\,{Shemale Yum Dvd03~G59~06~06 - Fiona}
fiona102.jpg,163635,f27bd04b,\Gallery 59\06 - Fiona\,{Shemale Yum Dvd03~G59~06~06 - Fiona}
fiona103.jpg,137761,0ecff697,\Gallery 59\06 - Fiona\,{Shemale Yum Dvd03~G59~06~06 - Fiona}
fiona107.jpg,155536,8a20dfa7,\Gallery 59\06 - Fiona\,{Shemale Yum Dvd03~G59~06~06 - Fiona}
fiona108.jpg,161731,b4c023e8,\Gallery 59\06 - Fiona\,{Shemale Yum Dvd03~G59~06~06 - Fiona}
fiona112.jpg,160984,9eb2a8ea,\Gallery 59\06 - Fiona\,{Shemale Yum Dvd03~G59~06~06 - Fiona}
fiona113.jpg,155403,ce26e700,\Gallery 59\06 - Fiona\,{Shemale Yum Dvd03~G59~06~06 - Fiona}
fiona114.jpg,197432,be1af6e1,\Gallery 59\06 - Fiona\,{Shemale Yum Dvd03~G59~06~06 - Fiona}
fiona115.jpg,159708,13410386,\Gallery 59\06 - Fiona\,{Shemale Yum Dvd03~G59~06~06 - Fiona}
fiona116.jpg,169712,607d3f07,\Gallery 59\06 - Fiona\,{Shemale Yum Dvd03~G59~06~06 - Fiona}
fiona117.jpg,151244,8a3bae48,\Gallery 59\06 - Fiona\,{Shemale Yum Dvd03~G59~06~06 - Fiona}
fionablack002.jpg,134653,18442a88,\Gallery 59\06 - Fiona\,{Shemale Yum Dvd03~G59~06~06 - Fiona}
fionablack094.jpg,134319,1f74f825,\Gallery 59\06 - Fiona\,{Shemale Yum Dvd03~G59~06~06 - Fiona}
fionab001.jpg,181086,4b04237f,\Gallery 59\06 - Fiona (2)\,{Shemale Yum Dvd03~G59~06-2~06 - Fiona (2)}
fionab002.jpg,170541,5421ea1c,\Gallery 59\06 - Fiona (2)\,{Shemale Yum Dvd03~G59~06-2~06 - Fiona (2)}
fionab003.jpg,169669,fec8bf85,\Gallery 59\06 - Fiona (2)\,{Shemale Yum Dvd03~G59~06-2~06 - Fiona (2)}
fionab004.jpg,165259,8b145f12,\Gallery 59\06 - Fiona (2)\,{Shemale Yum Dvd03~G59~06-2~06 - Fiona (2)}
fionab005.jpg,114745,b0e817c4,\Gallery 59\06 - Fiona (2)\,{Shemale Yum Dvd03~G59~06-2~06 - Fiona (2)}
fionab006.jpg,177264,f656b60b,\Gallery 59\06 - Fiona (2)\,{Shemale Yum Dvd03~G59~06-2~06 - Fiona (2)}
fionab007.jpg,165719,c825d34c,\Gallery 59\06 - Fiona (2)\,{Shemale Yum Dvd03~G59~06-2~06 - Fiona (2)}
fionab008.jpg,158899,04dca7f6,\Gallery 59\06 - Fiona (2)\,{Shemale Yum Dvd03~G59~06-2~06 - Fiona (2)}
fionab009.jpg,180840,02f7ab0f,\Gallery 59\06 - Fiona (2)\,{Shemale Yum Dvd03~G59~06-2~06 - Fiona (2)}
fionab010.jpg,168286,5648f89a,\Gallery 59\06 - Fiona (2)\,{Shemale Yum Dvd03~G59~06-2~06 - Fiona (2)}
fionab011.jpg,159791,082c86e5,\Gallery 59\06 - Fiona (2)\,{Shemale Yum Dvd03~G59~06-2~06 - Fiona (2)}
fionab012.jpg,142953,f7d11406,\Gallery 59\06 - Fiona (2)\,{Shemale Yum Dvd03~G59~06-2~06 - Fiona (2)}
fionab013.jpg,137098,272f356d,\Gallery 59\06 - Fiona (2)\,{Shemale Yum Dvd03~G59~06-2~06 - Fiona (2)}
fionab014.jpg,175518,88e74c2f,\Gallery 59\06 - Fiona (2)\,{Shemale Yum Dvd03~G59~06-2~06 - Fiona (2)}
fionab015.jpg,162373,0c781b09,\Gallery 59\06 - Fiona (2)\,{Shemale Yum Dvd03~G59~06-2~06 - Fiona (2)}
fionab016.jpg,159867,baa961a9,\Gallery 59\06 - Fiona (2)\,{Shemale Yum Dvd03~G59~06-2~06 - Fiona (2)}
fionab017.jpg,153641,435a3d6b,\Gallery 59\06 - Fiona (2)\,{Shemale Yum Dvd03~G59~06-2~06 - Fiona (2)}
fionab018.jpg,163653,14825b37,\Gallery 59\06 - Fiona (2)\,{Shemale Yum Dvd03~G59~06-2~06 - Fiona (2)}
fionab019.jpg,153528,1a4eb325,\Gallery 59\06 - Fiona (2)\,{Shemale Yum Dvd03~G59~06-2~06 - Fiona (2)}
fionab020.jpg,155825,c065840c,\Gallery 59\06 - Fiona (2)\,{Shemale Yum Dvd03~G59~06-2~06 - Fiona (2)}
fionab021.jpg,157636,38ed670c,\Gallery 59\06 - Fiona (2)\,{Shemale Yum Dvd03~G59~06-2~06 - Fiona (2)}
fionab022.jpg,150809,73d7fe34,\Gallery 59\06 - Fiona (2)\,{Shemale Yum Dvd03~G59~06-2~06 - Fiona (2)}
fionab023.jpg,158471,8e56270c,\Gallery 59\06 - Fiona (2)\,{Shemale Yum Dvd03~G59~06-2~06 - Fiona (2)}
fionab024.jpg,145285,a4e4b577,\Gallery 59\06 - Fiona (2)\,{Shemale Yum Dvd03~G59~06-2~06 - Fiona (2)}
fionab025.jpg,141596,8c4d03d7,\Gallery 59\06 - Fiona (2)\,{Shemale Yum Dvd03~G59~06-2~06 - Fiona (2)}
fionab026.jpg,150771,e5c7abfd,\Gallery 59\06 - Fiona (2)\,{Shemale Yum Dvd03~G59~06-2~06 - Fiona (2)}
fionab027.jpg,148340,ab10fb74,\Gallery 59\06 - Fiona (2)\,{Shemale Yum Dvd03~G59~06-2~06 - Fiona (2)}
fionab028.jpg,146188,aed97111,\Gallery 59\06 - Fiona (2)\,{Shemale Yum Dvd03~G59~06-2~06 - Fiona (2)}
fionab029.jpg,159269,4420adc4,\Gallery 59\06 - Fiona (2)\,{Shemale Yum Dvd03~G59~06-2~06 - Fiona (2)}
fionab030.jpg,145905,48258edb,\Gallery 59\06 - Fiona (2)\,{Shemale Yum Dvd03~G59~06-2~06 - Fiona (2)}
fionab031.jpg,152325,e73566c9,\Gallery 59\06 - Fiona (2)\,{Shemale Yum Dvd03~G59~06-2~06 - Fiona (2)}
fionab032.jpg,156995,e1e1fdb5,\Gallery 59\06 - Fiona (2)\,{Shemale Yum Dvd03~G59~06-2~06 - Fiona (2)}
fionab033.jpg,147455,a4c6ff80,\Gallery 59\06 - Fiona (2)\,{Shemale Yum Dvd03~G59~06-2~06 - Fiona (2)}
fionab034.jpg,144033,ff927857,\Gallery 59\06 - Fiona (2)\,{Shemale Yum Dvd03~G59~06-2~06 - Fiona (2)}
fionab035.jpg,170494,10363b42,\Gallery 59\06 - Fiona (2)\,{Shemale Yum Dvd03~G59~06-2~06 - Fiona (2)}
fionab036.jpg,162020,8845fcbf,\Gallery 59\06 - Fiona (2)\,{Shemale Yum Dvd03~G59~06-2~06 - Fiona (2)}
fionab037.jpg,171865,5fa716ec,\Gallery 59\06 - Fiona (2)\,{Shemale Yum Dvd03~G59~06-2~06 - Fiona (2)}
fionab038.jpg,151309,9f2910c3,\Gallery 59\06 - Fiona (2)\,{Shemale Yum Dvd03~G59~06-2~06 - Fiona (2)}
fionab039.jpg,177128,76329917,\Gallery 59\06 - Fiona (2)\,{Shemale Yum Dvd03~G59~06-2~06 - Fiona (2)}
fionab040.jpg,151976,427d9f69,\Gallery 59\06 - Fiona (2)\,{Shemale Yum Dvd03~G59~06-2~06 - Fiona (2)}
fionab041.jpg,176495,226b14c8,\Gallery 59\06 - Fiona (2)\,{Shemale Yum Dvd03~G59~06-2~06 - Fiona (2)}
fionab042.jpg,175794,c318b84d,\Gallery 59\06 - Fiona (2)\,{Shemale Yum Dvd03~G59~06-2~06 - Fiona (2)}
fionab043.jpg,165137,07ee0e72,\Gallery 59\06 - Fiona (2)\,{Shemale Yum Dvd03~G59~06-2~06 - Fiona (2)}
fionab044.jpg,155290,e5b2698d,\Gallery 59\06 - Fiona (2)\,{Shemale Yum Dvd03~G59~06-2~06 - Fiona (2)}
fionab045.jpg,165553,cf72a4bd,\Gallery 59\06 - Fiona (2)\,{Shemale Yum Dvd03~G59~06-2~06 - Fiona (2)}
fionab046.jpg,147745,9f1c481f,\Gallery 59\06 - Fiona (2)\,{Shemale Yum Dvd03~G59~06-2~06 - Fiona (2)}
fionab047.jpg,170390,ea03177c,\Gallery 59\06 - Fiona (2)\,{Shemale Yum Dvd03~G59~06-2~06 - Fiona (2)}
fionab048.jpg,184404,6aef4c18,\Gallery 59\06 - Fiona (2)\,{Shemale Yum Dvd03~G59~06-2~06 - Fiona (2)}
fionab049.jpg,182963,8b318580,\Gallery 59\06 - Fiona (2)\,{Shemale Yum Dvd03~G59~06-2~06 - Fiona (2)}
fionab050.jpg,150430,920d08d1,\Gallery 59\06 - Fiona (2)\,{Shemale Yum Dvd03~G59~06-2~06 - Fiona (2)}
fionab051.jpg,152565,95698b85,\Gallery 59\06 - Fiona (2)\,{Shemale Yum Dvd03~G59~06-2~06 - Fiona (2)}
fionab052.jpg,158673,3f586ab4,\Gallery 59\06 - Fiona (2)\,{Shemale Yum Dvd03~G59~06-2~06 - Fiona (2)}
fionab053.jpg,168119,3538bbbd,\Gallery 59\06 - Fiona (2)\,{Shemale Yum Dvd03~G59~06-2~06 - Fiona (2)}
fionab054.jpg,172405,476fd66b,\Gallery 59\06 - Fiona (2)\,{Shemale Yum Dvd03~G59~06-2~06 - Fiona (2)}
fionab055.jpg,177847,f1712bf5,\Gallery 59\06 - Fiona (2)\,{Shemale Yum Dvd03~G59~06-2~06 - Fiona (2)}
fionab056.jpg,169927,e86b307f,\Gallery 59\06 - Fiona (2)\,{Shemale Yum Dvd03~G59~06-2~06 - Fiona (2)}
fionab057.jpg,176989,4059014d,\Gallery 59\06 - Fiona (2)\,{Shemale Yum Dvd03~G59~06-2~06 - Fiona (2)}
fionab058.jpg,171786,0a643e22,\Gallery 59\06 - Fiona (2)\,{Shemale Yum Dvd03~G59~06-2~06 - Fiona (2)}
fionab059.jpg,153255,d02ed179,\Gallery 59\06 - Fiona (2)\,{Shemale Yum Dvd03~G59~06-2~06 - Fiona (2)}
fionab060.jpg,148575,62473e8c,\Gallery 59\06 - Fiona (2)\,{Shemale Yum Dvd03~G59~06-2~06 - Fiona (2)}
fionab061.jpg,164087,a0eda7e9,\Gallery 59\06 - Fiona (2)\,{Shemale Yum Dvd03~G59~06-2~06 - Fiona (2)}
fionab062.jpg,143260,f2fe65b9,\Gallery 59\06 - Fiona (2)\,{Shemale Yum Dvd03~G59~06-2~06 - Fiona (2)}
fionab063.jpg,155977,b183a250,\Gallery 59\06 - Fiona (2)\,{Shemale Yum Dvd03~G59~06-2~06 - Fiona (2)}
fionab064.jpg,148610,c5fe7915,\Gallery 59\06 - Fiona (2)\,{Shemale Yum Dvd03~G59~06-2~06 - Fiona (2)}
fionab065.jpg,178050,a5bd5a46,\Gallery 59\06 - Fiona (2)\,{Shemale Yum Dvd03~G59~06-2~06 - Fiona (2)}
fionab066.jpg,161955,c0cb0ca2,\Gallery 59\06 - Fiona (2)\,{Shemale Yum Dvd03~G59~06-2~06 - Fiona (2)}
fionab067.jpg,167659,11a36b9b,\Gallery 59\06 - Fiona (2)\,{Shemale Yum Dvd03~G59~06-2~06 - Fiona (2)}
fionab068.jpg,183568,68284ceb,\Gallery 59\06 - Fiona (2)\,{Shemale Yum Dvd03~G59~06-2~06 - Fiona (2)}
fionab069.jpg,176581,fc779cde,\Gallery 59\06 - Fiona (2)\,{Shemale Yum Dvd03~G59~06-2~06 - Fiona (2)}
fionab070.jpg,188971,2a00204c,\Gallery 59\06 - Fiona (2)\,{Shemale Yum Dvd03~G59~06-2~06 - Fiona (2)}
fionab071.jpg,173042,4eed5e98,\Gallery 59\06 - Fiona (2)\,{Shemale Yum Dvd03~G59~06-2~06 - Fiona (2)}
fionab072.jpg,191349,f2cfb148,\Gallery 59\06 - Fiona (2)\,{Shemale Yum Dvd03~G59~06-2~06 - Fiona (2)}
fionab073.jpg,151636,b87d615c,\Gallery 59\06 - Fiona (2)\,{Shemale Yum Dvd03~G59~06-2~06 - Fiona (2)}
fionab074.jpg,146798,edc8f253,\Gallery 59\06 - Fiona (2)\,{Shemale Yum Dvd03~G59~06-2~06 - Fiona (2)}
fionab075.jpg,164477,4c7af662,\Gallery 59\06 - Fiona (2)\,{Shemale Yum Dvd03~G59~06-2~06 - Fiona (2)}
fionab076.jpg,170268,7fc66964,\Gallery 59\06 - Fiona (2)\,{Shemale Yum Dvd03~G59~06-2~06 - Fiona (2)}
fionab077.jpg,180666,f07aed7f,\Gallery 59\06 - Fiona (2)\,{Shemale Yum Dvd03~G59~06-2~06 - Fiona (2)}
fionab078.jpg,160191,1d15b6f3,\Gallery 59\06 - Fiona (2)\,{Shemale Yum Dvd03~G59~06-2~06 - Fiona (2)}
fionab079.jpg,168081,089a8f5f,\Gallery 59\06 - Fiona (2)\,{Shemale Yum Dvd03~G59~06-2~06 - Fiona (2)}
fionab080.jpg,182830,cc240e16,\Gallery 59\06 - Fiona (2)\,{Shemale Yum Dvd03~G59~06-2~06 - Fiona (2)}
fionab081.jpg,177483,6fb7b87c,\Gallery 59\06 - Fiona (2)\,{Shemale Yum Dvd03~G59~06-2~06 - Fiona (2)}
fionab082.jpg,173999,63eff74f,\Gallery 59\06 - Fiona (2)\,{Shemale Yum Dvd03~G59~06-2~06 - Fiona (2)}
fionab083.jpg,173592,99a325d2,\Gallery 59\06 - Fiona (2)\,{Shemale Yum Dvd03~G59~06-2~06 - Fiona (2)}
fionab084.jpg,154299,7b2f03c9,\Gallery 59\06 - Fiona (2)\,{Shemale Yum Dvd03~G59~06-2~06 - Fiona (2)}
fionab085.jpg,169546,b99c6d98,\Gallery 59\06 - Fiona (2)\,{Shemale Yum Dvd03~G59~06-2~06 - Fiona (2)}
fionab086.jpg,176609,4084cf56,\Gallery 59\06 - Fiona (2)\,{Shemale Yum Dvd03~G59~06-2~06 - Fiona (2)}
fionab087.jpg,155157,bc99ece4,\Gallery 59\06 - Fiona (2)\,{Shemale Yum Dvd03~G59~06-2~06 - Fiona (2)}
fionab088.jpg,184163,1b3c2b58,\Gallery 59\06 - Fiona (2)\,{Shemale Yum Dvd03~G59~06-2~06 - Fiona (2)}
isis2001.jpg,118227,de41d120,\Gallery 59\07 - Isis\,{Shemale Yum Dvd03~G59~07~07 - Isis}
isis2002.jpg,118627,65dfef8a,\Gallery 59\07 - Isis\,{Shemale Yum Dvd03~G59~07~07 - Isis}
isis2003.jpg,133270,2cf54f73,\Gallery 59\07 - Isis\,{Shemale Yum Dvd03~G59~07~07 - Isis}
isis2004.jpg,132954,97bdf87c,\Gallery 59\07 - Isis\,{Shemale Yum Dvd03~G59~07~07 - Isis}
isis2005.jpg,150273,a2445456,\Gallery 59\07 - Isis\,{Shemale Yum Dvd03~G59~07~07 - Isis}
isis2006.jpg,126723,f4941bf5,\Gallery 59\07 - Isis\,{Shemale Yum Dvd03~G59~07~07 - Isis}
isis2007.jpg,117753,d5207048,\Gallery 59\07 - Isis\,{Shemale Yum Dvd03~G59~07~07 - Isis}
isis2008.jpg,113760,d3e4c4d5,\Gallery 59\07 - Isis\,{Shemale Yum Dvd03~G59~07~07 - Isis}
isis2009.jpg,131487,00f8a295,\Gallery 59\07 - Isis\,{Shemale Yum Dvd03~G59~07~07 - Isis}
isis2010.jpg,143426,926c935e,\Gallery 59\07 - Isis\,{Shemale Yum Dvd03~G59~07~07 - Isis}
isis2011.jpg,137183,9edfd918,\Gallery 59\07 - Isis\,{Shemale Yum Dvd03~G59~07~07 - Isis}
isis2012.jpg,135503,daa7ef5e,\Gallery 59\07 - Isis\,{Shemale Yum Dvd03~G59~07~07 - Isis}
isis2013.jpg,107414,ee2865f0,\Gallery 59\07 - Isis\,{Shemale Yum Dvd03~G59~07~07 - Isis}
isis2014.jpg,125743,37b6b2ec,\Gallery 59\07 - Isis\,{Shemale Yum Dvd03~G59~07~07 - Isis}
isis2015.jpg,135060,2a0e3f54,\Gallery 59\07 - Isis\,{Shemale Yum Dvd03~G59~07~07 - Isis}
isis2016.jpg,139959,7a970d32,\Gallery 59\07 - Isis\,{Shemale Yum Dvd03~G59~07~07 - Isis}
isis2017.jpg,152715,c9a7e736,\Gallery 59\07 - Isis\,{Shemale Yum Dvd03~G59~07~07 - Isis}
isis2018.jpg,166998,e1530afb,\Gallery 59\07 - Isis\,{Shemale Yum Dvd03~G59~07~07 - Isis}
isis2019.jpg,153195,973bae6c,\Gallery 59\07 - Isis\,{Shemale Yum Dvd03~G59~07~07 - Isis}
isis2020.jpg,120675,ae6c9aae,\Gallery 59\07 - Isis\,{Shemale Yum Dvd03~G59~07~07 - Isis}
isis2021.jpg,159599,e01efe7a,\Gallery 59\07 - Isis\,{Shemale Yum Dvd03~G59~07~07 - Isis}
isis2022.jpg,163969,9cfac507,\Gallery 59\07 - Isis\,{Shemale Yum Dvd03~G59~07~07 - Isis}
isis2023.jpg,135129,c24a6f05,\Gallery 59\07 - Isis\,{Shemale Yum Dvd03~G59~07~07 - Isis}
isis2024.jpg,157847,371d9167,\Gallery 59\07 - Isis\,{Shemale Yum Dvd03~G59~07~07 - Isis}
isis2025.jpg,143009,ba74d761,\Gallery 59\07 - Isis\,{Shemale Yum Dvd03~G59~07~07 - Isis}
isis2026.jpg,158711,e7602967,\Gallery 59\07 - Isis\,{Shemale Yum Dvd03~G59~07~07 - Isis}
isis2027.jpg,164848,e2a0e5d0,\Gallery 59\07 - Isis\,{Shemale Yum Dvd03~G59~07~07 - Isis}
isis2028.jpg,156819,ffc5d2e5,\Gallery 59\07 - Isis\,{Shemale Yum Dvd03~G59~07~07 - Isis}
isis2029.jpg,135171,aa058673,\Gallery 59\07 - Isis\,{Shemale Yum Dvd03~G59~07~07 - Isis}
isis2030.jpg,133828,37b43f38,\Gallery 59\07 - Isis\,{Shemale Yum Dvd03~G59~07~07 - Isis}
isis2031.jpg,133433,a854e310,\Gallery 59\07 - Isis\,{Shemale Yum Dvd03~G59~07~07 - Isis}
isis2032.jpg,157631,e63bb6ac,\Gallery 59\07 - Isis\,{Shemale Yum Dvd03~G59~07~07 - Isis}
isis2033.jpg,151145,5645e638,\Gallery 59\07 - Isis\,{Shemale Yum Dvd03~G59~07~07 - Isis}
isis2034.jpg,162702,81730dcb,\Gallery 59\07 - Isis\,{Shemale Yum Dvd03~G59~07~07 - Isis}
isis2035.jpg,159679,b10f2174,\Gallery 59\07 - Isis\,{Shemale Yum Dvd03~G59~07~07 - Isis}
isis2036.jpg,185563,4f315a75,\Gallery 59\07 - Isis\,{Shemale Yum Dvd03~G59~07~07 - Isis}
isis2037.jpg,151473,eb1b35dd,\Gallery 59\07 - Isis\,{Shemale Yum Dvd03~G59~07~07 - Isis}
isis2038.jpg,152215,9696d5cb,\Gallery 59\07 - Isis\,{Shemale Yum Dvd03~G59~07~07 - Isis}
isis2039.jpg,163628,772b1330,\Gallery 59\07 - Isis\,{Shemale Yum Dvd03~G59~07~07 - Isis}
isis2040.jpg,155334,31593dcc,\Gallery 59\07 - Isis\,{Shemale Yum Dvd03~G59~07~07 - Isis}
isis2041.jpg,137101,ae5a6664,\Gallery 59\07 - Isis\,{Shemale Yum Dvd03~G59~07~07 - Isis}
isis2042.jpg,162807,a341c520,\Gallery 59\07 - Isis\,{Shemale Yum Dvd03~G59~07~07 - Isis}
isis2043.jpg,125928,c9351e9f,\Gallery 59\07 - Isis\,{Shemale Yum Dvd03~G59~07~07 - Isis}
isis2044.jpg,134144,bd30158a,\Gallery 59\07 - Isis\,{Shemale Yum Dvd03~G59~07~07 - Isis}
isis2045.jpg,170226,73d42db5,\Gallery 59\07 - Isis\,{Shemale Yum Dvd03~G59~07~07 - Isis}
isis2046.jpg,153411,c334d01a,\Gallery 59\07 - Isis\,{Shemale Yum Dvd03~G59~07~07 - Isis}
isis2047.jpg,164162,b8ad9bea,\Gallery 59\07 - Isis\,{Shemale Yum Dvd03~G59~07~07 - Isis}
isis2048.jpg,159913,eb9e1803,\Gallery 59\07 - Isis\,{Shemale Yum Dvd03~G59~07~07 - Isis}
isis2049.jpg,176306,932e2fcf,\Gallery 59\07 - Isis\,{Shemale Yum Dvd03~G59~07~07 - Isis}
isis2050.jpg,158964,b0fab088,\Gallery 59\07 - Isis\,{Shemale Yum Dvd03~G59~07~07 - Isis}
isis2051.jpg,155653,2f10c571,\Gallery 59\07 - Isis\,{Shemale Yum Dvd03~G59~07~07 - Isis}
isis2052.jpg,166613,fac1f3b6,\Gallery 59\07 - Isis\,{Shemale Yum Dvd03~G59~07~07 - Isis}
isis2053.jpg,152036,1ca418e8,\Gallery 59\07 - Isis\,{Shemale Yum Dvd03~G59~07~07 - Isis}
isis2054.jpg,151827,dd7b8a00,\Gallery 59\07 - Isis\,{Shemale Yum Dvd03~G59~07~07 - Isis}
isis2055.jpg,154100,e2594667,\Gallery 59\07 - Isis\,{Shemale Yum Dvd03~G59~07~07 - Isis}
isis2056.jpg,162535,3c0d714a,\Gallery 59\07 - Isis\,{Shemale Yum Dvd03~G59~07~07 - Isis}
isis2057.jpg,162517,dec9b66d,\Gallery 59\07 - Isis\,{Shemale Yum Dvd03~G59~07~07 - Isis}
isis2058.jpg,166744,505065dd,\Gallery 59\07 - Isis\,{Shemale Yum Dvd03~G59~07~07 - Isis}
isis2059.jpg,162317,25491005,\Gallery 59\07 - Isis\,{Shemale Yum Dvd03~G59~07~07 - Isis}
isis2060.jpg,157977,0b86a840,\Gallery 59\07 - Isis\,{Shemale Yum Dvd03~G59~07~07 - Isis}
isis2061.jpg,152147,60ac38e7,\Gallery 59\07 - Isis\,{Shemale Yum Dvd03~G59~07~07 - Isis}
isis2062.jpg,164925,c316fc00,\Gallery 59\07 - Isis\,{Shemale Yum Dvd03~G59~07~07 - Isis}
isis2063.jpg,160986,2c1e0391,\Gallery 59\07 - Isis\,{Shemale Yum Dvd03~G59~07~07 - Isis}
isis2064.jpg,152724,3cb56fed,\Gallery 59\07 - Isis\,{Shemale Yum Dvd03~G59~07~07 - Isis}
isis2065.jpg,133644,431885c1,\Gallery 59\07 - Isis\,{Shemale Yum Dvd03~G59~07~07 - Isis}
isis2066.jpg,158492,e15c8504,\Gallery 59\07 - Isis\,{Shemale Yum Dvd03~G59~07~07 - Isis}
isis2067.jpg,128413,cd58e1b9,\Gallery 59\07 - Isis\,{Shemale Yum Dvd03~G59~07~07 - Isis}
isis2068.jpg,160519,68b31807,\Gallery 59\07 - Isis\,{Shemale Yum Dvd03~G59~07~07 - Isis}
isis2069.jpg,155859,717565a1,\Gallery 59\07 - Isis\,{Shemale Yum Dvd03~G59~07~07 - Isis}
isis2070.jpg,159059,5c46d1be,\Gallery 59\07 - Isis\,{Shemale Yum Dvd03~G59~07~07 - Isis}
isis2071.jpg,162262,6bd7fcfc,\Gallery 59\07 - Isis\,{Shemale Yum Dvd03~G59~07~07 - Isis}
isis2072.jpg,157639,f5e3af03,\Gallery 59\07 - Isis\,{Shemale Yum Dvd03~G59~07~07 - Isis}
isis2073.jpg,151729,948ebe26,\Gallery 59\07 - Isis\,{Shemale Yum Dvd03~G59~07~07 - Isis}
isis2074.jpg,159390,b6ebc814,\Gallery 59\07 - Isis\,{Shemale Yum Dvd03~G59~07~07 - Isis}
isis2075.jpg,139835,05956532,\Gallery 59\07 - Isis\,{Shemale Yum Dvd03~G59~07~07 - Isis}
isis2076.jpg,160123,c384a7b6,\Gallery 59\07 - Isis\,{Shemale Yum Dvd03~G59~07~07 - Isis}
isis2077.jpg,156775,a7e9f3e4,\Gallery 59\07 - Isis\,{Shemale Yum Dvd03~G59~07~07 - Isis}
isis2078.jpg,156373,5dbae77a,\Gallery 59\07 - Isis\,{Shemale Yum Dvd03~G59~07~07 - Isis}
isis2079.jpg,163497,ce737389,\Gallery 59\07 - Isis\,{Shemale Yum Dvd03~G59~07~07 - Isis}
isis2080.jpg,152924,ba97f3d6,\Gallery 59\07 - Isis\,{Shemale Yum Dvd03~G59~07~07 - Isis}
isis2081.jpg,161567,87821cd6,\Gallery 59\07 - Isis\,{Shemale Yum Dvd03~G59~07~07 - Isis}
isis2082.jpg,148703,f3233afd,\Gallery 59\07 - Isis\,{Shemale Yum Dvd03~G59~07~07 - Isis}
isis2083.jpg,159186,853f76ac,\Gallery 59\07 - Isis\,{Shemale Yum Dvd03~G59~07~07 - Isis}
isis2084.jpg,159798,136b507f,\Gallery 59\07 - Isis\,{Shemale Yum Dvd03~G59~07~07 - Isis}
isis2085.jpg,152941,4788c8be,\Gallery 59\07 - Isis\,{Shemale Yum Dvd03~G59~07~07 - Isis}
isis2086.jpg,181979,3f824c31,\Gallery 59\07 - Isis\,{Shemale Yum Dvd03~G59~07~07 - Isis}
isis2087.jpg,166194,9efbe278,\Gallery 59\07 - Isis\,{Shemale Yum Dvd03~G59~07~07 - Isis}
isis2088.jpg,165122,ee0dee7b,\Gallery 59\07 - Isis\,{Shemale Yum Dvd03~G59~07~07 - Isis}
isis2089.jpg,144808,94ed810e,\Gallery 59\07 - Isis\,{Shemale Yum Dvd03~G59~07~07 - Isis}
isis2090.jpg,137309,ccf96d7c,\Gallery 59\07 - Isis\,{Shemale Yum Dvd03~G59~07~07 - Isis}
isis2091.jpg,149497,959a052c,\Gallery 59\07 - Isis\,{Shemale Yum Dvd03~G59~07~07 - Isis}
isis2092.jpg,152887,39e49da6,\Gallery 59\07 - Isis\,{Shemale Yum Dvd03~G59~07~07 - Isis}
isis2093.jpg,155720,fb638127,\Gallery 59\07 - Isis\,{Shemale Yum Dvd03~G59~07~07 - Isis}
isis2094.jpg,166102,01af6fbf,\Gallery 59\07 - Isis\,{Shemale Yum Dvd03~G59~07~07 - Isis}
isis2095.jpg,151637,0bca2da8,\Gallery 59\07 - Isis\,{Shemale Yum Dvd03~G59~07~07 - Isis}
isis2096.jpg,135740,d76e79e7,\Gallery 59\07 - Isis\,{Shemale Yum Dvd03~G59~07~07 - Isis}
isis2097.jpg,163103,e3d27b0d,\Gallery 59\07 - Isis\,{Shemale Yum Dvd03~G59~07~07 - Isis}
isis2098.jpg,162815,0e241e40,\Gallery 59\07 - Isis\,{Shemale Yum Dvd03~G59~07~07 - Isis}
isis2099.jpg,152785,f8611ca3,\Gallery 59\07 - Isis\,{Shemale Yum Dvd03~G59~07~07 - Isis}
isis2100.jpg,156230,734bdd15,\Gallery 59\07 - Isis\,{Shemale Yum Dvd03~G59~07~07 - Isis}
isis2101.jpg,157678,16226afb,\Gallery 59\07 - Isis\,{Shemale Yum Dvd03~G59~07~07 - Isis}
isis2102.jpg,154698,b434f1df,\Gallery 59\07 - Isis\,{Shemale Yum Dvd03~G59~07~07 - Isis}
isis2103.jpg,171988,887db4d3,\Gallery 59\07 - Isis\,{Shemale Yum Dvd03~G59~07~07 - Isis}
isis2104.jpg,154409,449f9bd9,\Gallery 59\07 - Isis\,{Shemale Yum Dvd03~G59~07~07 - Isis}
isis2105.jpg,163928,38c57d8e,\Gallery 59\07 - Isis\,{Shemale Yum Dvd03~G59~07~07 - Isis}
isis2106.jpg,149682,10a99726,\Gallery 59\07 - Isis\,{Shemale Yum Dvd03~G59~07~07 - Isis}
isis2108.jpg,150938,6e29ee17,\Gallery 59\07 - Isis\,{Shemale Yum Dvd03~G59~07~07 - Isis}
isis2109.jpg,164507,e9010658,\Gallery 59\07 - Isis\,{Shemale Yum Dvd03~G59~07~07 - Isis}
isis2110.jpg,163817,6141b174,\Gallery 59\07 - Isis\,{Shemale Yum Dvd03~G59~07~07 - Isis}
isis2111.jpg,164125,7a6d94d9,\Gallery 59\07 - Isis\,{Shemale Yum Dvd03~G59~07~07 - Isis}
isis2112.jpg,151032,c7beb9ff,\Gallery 59\07 - Isis\,{Shemale Yum Dvd03~G59~07~07 - Isis}
isis2113.jpg,165596,ce4dc051,\Gallery 59\07 - Isis\,{Shemale Yum Dvd03~G59~07~07 - Isis}
isis2114.jpg,150349,eed3b10e,\Gallery 59\07 - Isis\,{Shemale Yum Dvd03~G59~07~07 - Isis}
isis2115.jpg,126905,e38862d0,\Gallery 59\07 - Isis\,{Shemale Yum Dvd03~G59~07~07 - Isis}
isis2116.jpg,157044,3e62bff6,\Gallery 59\07 - Isis\,{Shemale Yum Dvd03~G59~07~07 - Isis}
isis2117.jpg,179040,eb5ce876,\Gallery 59\07 - Isis\,{Shemale Yum Dvd03~G59~07~07 - Isis}
isis2118.jpg,186959,436b67c2,\Gallery 59\07 - Isis\,{Shemale Yum Dvd03~G59~07~07 - Isis}
isis2119.jpg,133692,f6d7105a,\Gallery 59\07 - Isis\,{Shemale Yum Dvd03~G59~07~07 - Isis}
isis2120.jpg,168828,27d5ec29,\Gallery 59\07 - Isis\,{Shemale Yum Dvd03~G59~07~07 - Isis}
isis2121.jpg,160148,e51290a2,\Gallery 59\07 - Isis\,{Shemale Yum Dvd03~G59~07~07 - Isis}
isis2122.jpg,162055,8a721af8,\Gallery 59\07 - Isis\,{Shemale Yum Dvd03~G59~07~07 - Isis}
isis2123.jpg,162676,ad7fdc50,\Gallery 59\07 - Isis\,{Shemale Yum Dvd03~G59~07~07 - Isis}
isis2124.jpg,159584,96234788,\Gallery 59\07 - Isis\,{Shemale Yum Dvd03~G59~07~07 - Isis}
isis2125.jpg,163704,57834129,\Gallery 59\07 - Isis\,{Shemale Yum Dvd03~G59~07~07 - Isis}
isis2126.jpg,149074,6f0ffd63,\Gallery 59\07 - Isis\,{Shemale Yum Dvd03~G59~07~07 - Isis}
isis2127.jpg,149074,96fcccc1,\Gallery 59\07 - Isis\,{Shemale Yum Dvd03~G59~07~07 - Isis}
isis2128.jpg,167931,1799d0eb,\Gallery 59\07 - Isis\,{Shemale Yum Dvd03~G59~07~07 - Isis}
isis2129.jpg,151618,b66b19b6,\Gallery 59\07 - Isis\,{Shemale Yum Dvd03~G59~07~07 - Isis}
isis2130.jpg,162911,d9cef5ac,\Gallery 59\07 - Isis\,{Shemale Yum Dvd03~G59~07~07 - Isis}
isis2131.jpg,162470,308bcb48,\Gallery 59\07 - Isis\,{Shemale Yum Dvd03~G59~07~07 - Isis}
isis2132.jpg,155107,1c93bdfb,\Gallery 59\07 - Isis\,{Shemale Yum Dvd03~G59~07~07 - Isis}
isis2133.jpg,164109,a312699c,\Gallery 59\07 - Isis\,{Shemale Yum Dvd03~G59~07~07 - Isis}
isis2134.jpg,165415,90029c42,\Gallery 59\07 - Isis\,{Shemale Yum Dvd03~G59~07~07 - Isis}
jay001.jpg,159345,6fc9c7fd,\Gallery 59\08 -Jay\,{Shemale Yum Dvd03~G59~08~08 -Jay}
jay002.jpg,178180,5745c17a,\Gallery 59\08 -Jay\,{Shemale Yum Dvd03~G59~08~08 -Jay}
jay003.jpg,159923,2c4055c7,\Gallery 59\08 -Jay\,{Shemale Yum Dvd03~G59~08~08 -Jay}
jay004.jpg,163335,c14ba31d,\Gallery 59\08 -Jay\,{Shemale Yum Dvd03~G59~08~08 -Jay}
jay005.jpg,163979,64d6da53,\Gallery 59\08 -Jay\,{Shemale Yum Dvd03~G59~08~08 -Jay}
jay007.jpg,156235,1376f20e,\Gallery 59\08 -Jay\,{Shemale Yum Dvd03~G59~08~08 -Jay}
jay008.jpg,160444,db595d53,\Gallery 59\08 -Jay\,{Shemale Yum Dvd03~G59~08~08 -Jay}
jay009.jpg,157741,2017c82e,\Gallery 59\08 -Jay\,{Shemale Yum Dvd03~G59~08~08 -Jay}
jay010.jpg,152959,cbb052bd,\Gallery 59\08 -Jay\,{Shemale Yum Dvd03~G59~08~08 -Jay}
jay011.jpg,167073,84471328,\Gallery 59\08 -Jay\,{Shemale Yum Dvd03~G59~08~08 -Jay}
jay012.jpg,165139,bed9fab6,\Gallery 59\08 -Jay\,{Shemale Yum Dvd03~G59~08~08 -Jay}
jay013.jpg,164335,583729fb,\Gallery 59\08 -Jay\,{Shemale Yum Dvd03~G59~08~08 -Jay}
jay014.jpg,157584,78a8207b,\Gallery 59\08 -Jay\,{Shemale Yum Dvd03~G59~08~08 -Jay}
jay015.jpg,149214,3a6b2f7c,\Gallery 59\08 -Jay\,{Shemale Yum Dvd03~G59~08~08 -Jay}
jay016.jpg,153967,8fe550ca,\Gallery 59\08 -Jay\,{Shemale Yum Dvd03~G59~08~08 -Jay}
jay017.jpg,153019,134a8e4e,\Gallery 59\08 -Jay\,{Shemale Yum Dvd03~G59~08~08 -Jay}
jay018.jpg,150713,2d10898f,\Gallery 59\08 -Jay\,{Shemale Yum Dvd03~G59~08~08 -Jay}
jay019.jpg,144037,2e2bbc4e,\Gallery 59\08 -Jay\,{Shemale Yum Dvd03~G59~08~08 -Jay}
jay020.jpg,163723,464bd381,\Gallery 59\08 -Jay\,{Shemale Yum Dvd03~G59~08~08 -Jay}
jay021.jpg,154857,3e5a244f,\Gallery 59\08 -Jay\,{Shemale Yum Dvd03~G59~08~08 -Jay}
jay022.jpg,165852,7aef2737,\Gallery 59\08 -Jay\,{Shemale Yum Dvd03~G59~08~08 -Jay}
jay023.jpg,161058,6d4e87dc,\Gallery 59\08 -Jay\,{Shemale Yum Dvd03~G59~08~08 -Jay}
jay024.jpg,150084,beda952d,\Gallery 59\08 -Jay\,{Shemale Yum Dvd03~G59~08~08 -Jay}
jay025.jpg,150447,5c5106a2,\Gallery 59\08 -Jay\,{Shemale Yum Dvd03~G59~08~08 -Jay}
jay026.jpg,134759,54ff1663,\Gallery 59\08 -Jay\,{Shemale Yum Dvd03~G59~08~08 -Jay}
jay027.jpg,143298,3f112642,\Gallery 59\08 -Jay\,{Shemale Yum Dvd03~G59~08~08 -Jay}
jay028.jpg,169450,5020b74c,\Gallery 59\08 -Jay\,{Shemale Yum Dvd03~G59~08~08 -Jay}
jay029.jpg,159617,1c43d046,\Gallery 59\08 -Jay\,{Shemale Yum Dvd03~G59~08~08 -Jay}
jay030.jpg,157406,161a900a,\Gallery 59\08 -Jay\,{Shemale Yum Dvd03~G59~08~08 -Jay}
jay031.jpg,146831,ba22c4e6,\Gallery 59\08 -Jay\,{Shemale Yum Dvd03~G59~08~08 -Jay}
jay032.jpg,165796,93bd8602,\Gallery 59\08 -Jay\,{Shemale Yum Dvd03~G59~08~08 -Jay}
jay033.jpg,159854,f153b660,\Gallery 59\08 -Jay\,{Shemale Yum Dvd03~G59~08~08 -Jay}
jay034.jpg,159828,b3a2ac43,\Gallery 59\08 -Jay\,{Shemale Yum Dvd03~G59~08~08 -Jay}
jay035.jpg,155617,0f9874f8,\Gallery 59\08 -Jay\,{Shemale Yum Dvd03~G59~08~08 -Jay}
jay036.jpg,151905,1a0a424e,\Gallery 59\08 -Jay\,{Shemale Yum Dvd03~G59~08~08 -Jay}
jay037.jpg,148871,58618b72,\Gallery 59\08 -Jay\,{Shemale Yum Dvd03~G59~08~08 -Jay}
jay038.jpg,143293,9581e3aa,\Gallery 59\08 -Jay\,{Shemale Yum Dvd03~G59~08~08 -Jay}
jay039.jpg,148897,2507cd38,\Gallery 59\08 -Jay\,{Shemale Yum Dvd03~G59~08~08 -Jay}
jay040.jpg,129918,44dcf7a7,\Gallery 59\08 -Jay\,{Shemale Yum Dvd03~G59~08~08 -Jay}
jay041.jpg,143064,6614ba07,\Gallery 59\08 -Jay\,{Shemale Yum Dvd03~G59~08~08 -Jay}
jay042.jpg,155492,78d08c27,\Gallery 59\08 -Jay\,{Shemale Yum Dvd03~G59~08~08 -Jay}
jay043.jpg,145673,3ec948a5,\Gallery 59\08 -Jay\,{Shemale Yum Dvd03~G59~08~08 -Jay}
jay044.jpg,142744,6660ba8a,\Gallery 59\08 -Jay\,{Shemale Yum Dvd03~G59~08~08 -Jay}
jay045.jpg,148850,83259922,\Gallery 59\08 -Jay\,{Shemale Yum Dvd03~G59~08~08 -Jay}
jay046.jpg,157322,534ce179,\Gallery 59\08 -Jay\,{Shemale Yum Dvd03~G59~08~08 -Jay}
jay047.jpg,153096,fd4817f3,\Gallery 59\08 -Jay\,{Shemale Yum Dvd03~G59~08~08 -Jay}
jay048.jpg,154353,72183a79,\Gallery 59\08 -Jay\,{Shemale Yum Dvd03~G59~08~08 -Jay}
jay049.jpg,155962,a3f185d4,\Gallery 59\08 -Jay\,{Shemale Yum Dvd03~G59~08~08 -Jay}
jay050.jpg,145301,6a260253,\Gallery 59\08 -Jay\,{Shemale Yum Dvd03~G59~08~08 -Jay}
jay051.jpg,154214,ef8b3505,\Gallery 59\08 -Jay\,{Shemale Yum Dvd03~G59~08~08 -Jay}
jay052.jpg,147516,e0cb362b,\Gallery 59\08 -Jay\,{Shemale Yum Dvd03~G59~08~08 -Jay}
jay053.jpg,161761,c9303420,\Gallery 59\08 -Jay\,{Shemale Yum Dvd03~G59~08~08 -Jay}
jay054.jpg,141948,0e358dc8,\Gallery 59\08 -Jay\,{Shemale Yum Dvd03~G59~08~08 -Jay}
jay055.jpg,134041,c98d75f6,\Gallery 59\08 -Jay\,{Shemale Yum Dvd03~G59~08~08 -Jay}
jay056.jpg,143465,b0b3fcd9,\Gallery 59\08 -Jay\,{Shemale Yum Dvd03~G59~08~08 -Jay}
jay057.jpg,147637,a03e2032,\Gallery 59\08 -Jay\,{Shemale Yum Dvd03~G59~08~08 -Jay}
jay058.jpg,154650,f86d40bb,\Gallery 59\08 -Jay\,{Shemale Yum Dvd03~G59~08~08 -Jay}
jay059.jpg,177697,2b241e51,\Gallery 59\08 -Jay\,{Shemale Yum Dvd03~G59~08~08 -Jay}
jay060.jpg,157779,c9c48972,\Gallery 59\08 -Jay\,{Shemale Yum Dvd03~G59~08~08 -Jay}
jay061.jpg,154557,1c1dea6d,\Gallery 59\08 -Jay\,{Shemale Yum Dvd03~G59~08~08 -Jay}
jay062.jpg,152880,680fb0e4,\Gallery 59\08 -Jay\,{Shemale Yum Dvd03~G59~08~08 -Jay}
jay063.jpg,149033,832e4178,\Gallery 59\08 -Jay\,{Shemale Yum Dvd03~G59~08~08 -Jay}
jay064.jpg,131751,387c2e5c,\Gallery 59\08 -Jay\,{Shemale Yum Dvd03~G59~08~08 -Jay}
jay065.jpg,143258,a9b948a4,\Gallery 59\08 -Jay\,{Shemale Yum Dvd03~G59~08~08 -Jay}
jay066.jpg,156083,feefd509,\Gallery 59\08 -Jay\,{Shemale Yum Dvd03~G59~08~08 -Jay}
jay067.jpg,139766,59e7ae1b,\Gallery 59\08 -Jay\,{Shemale Yum Dvd03~G59~08~08 -Jay}
jay068.jpg,163210,a1f5fbdb,\Gallery 59\08 -Jay\,{Shemale Yum Dvd03~G59~08~08 -Jay}
jay069.jpg,123296,2dd32d30,\Gallery 59\08 -Jay\,{Shemale Yum Dvd03~G59~08~08 -Jay}
jay070.jpg,178792,e5aacc9e,\Gallery 59\08 -Jay\,{Shemale Yum Dvd03~G59~08~08 -Jay}
jay072.jpg,124575,f3105efe,\Gallery 59\08 -Jay\,{Shemale Yum Dvd03~G59~08~08 -Jay}
jay073.jpg,137948,654f7da5,\Gallery 59\08 -Jay\,{Shemale Yum Dvd03~G59~08~08 -Jay}
jay074.jpg,152735,3767dad5,\Gallery 59\08 -Jay\,{Shemale Yum Dvd03~G59~08~08 -Jay}
jay077.jpg,100290,7a0ea4b5,\Gallery 59\08 -Jay\,{Shemale Yum Dvd03~G59~08~08 -Jay}
jay078.jpg,109411,bc681e6a,\Gallery 59\08 -Jay\,{Shemale Yum Dvd03~G59~08~08 -Jay}
jay079.jpg,114221,0bc0fc25,\Gallery 59\08 -Jay\,{Shemale Yum Dvd03~G59~08~08 -Jay}
jay080.jpg,117645,a2150582,\Gallery 59\08 -Jay\,{Shemale Yum Dvd03~G59~08~08 -Jay}
jay081.jpg,117642,2a89aa1d,\Gallery 59\08 -Jay\,{Shemale Yum Dvd03~G59~08~08 -Jay}
jay082.jpg,124054,8332889d,\Gallery 59\08 -Jay\,{Shemale Yum Dvd03~G59~08~08 -Jay}
jay084.jpg,143830,35eb90c4,\Gallery 59\08 -Jay\,{Shemale Yum Dvd03~G59~08~08 -Jay}
jay085.jpg,153393,7c7ded1d,\Gallery 59\08 -Jay\,{Shemale Yum Dvd03~G59~08~08 -Jay}
jay086.jpg,157169,07b3caf2,\Gallery 59\08 -Jay\,{Shemale Yum Dvd03~G59~08~08 -Jay}
jay087.jpg,133018,053faad3,\Gallery 59\08 -Jay\,{Shemale Yum Dvd03~G59~08~08 -Jay}
jayred006.jpg,117681,24623e7a,\Gallery 59\08 -Jay\,{Shemale Yum Dvd03~G59~08~08 -Jay}
jayred083.jpg,99262,3ec26c9b,\Gallery 59\08 -Jay\,{Shemale Yum Dvd03~G59~08~08 -Jay}
jayb001.jpg,173251,2385e310,\Gallery 59\08 - Jay (2)\,{Shemale Yum Dvd03~G59~08-2~08 - Jay (2)}
jayb002.jpg,167178,0a0f6abf,\Gallery 59\08 - Jay (2)\,{Shemale Yum Dvd03~G59~08-2~08 - Jay (2)}
jayb003.jpg,173735,4ed903cb,\Gallery 59\08 - Jay (2)\,{Shemale Yum Dvd03~G59~08-2~08 - Jay (2)}
jayb004.jpg,172539,0c721a9f,\Gallery 59\08 - Jay (2)\,{Shemale Yum Dvd03~G59~08-2~08 - Jay (2)}
jayb005.jpg,159061,5057ae83,\Gallery 59\08 - Jay (2)\,{Shemale Yum Dvd03~G59~08-2~08 - Jay (2)}
jayb006.jpg,151412,a805e18c,\Gallery 59\08 - Jay (2)\,{Shemale Yum Dvd03~G59~08-2~08 - Jay (2)}
jayb007.jpg,178780,b35afa21,\Gallery 59\08 - Jay (2)\,{Shemale Yum Dvd03~G59~08-2~08 - Jay (2)}
jayb008.jpg,138362,8b3ed11d,\Gallery 59\08 - Jay (2)\,{Shemale Yum Dvd03~G59~08-2~08 - Jay (2)}
jayb009.jpg,167264,b1bd5d31,\Gallery 59\08 - Jay (2)\,{Shemale Yum Dvd03~G59~08-2~08 - Jay (2)}
jayb010.jpg,169308,e0ad32d2,\Gallery 59\08 - Jay (2)\,{Shemale Yum Dvd03~G59~08-2~08 - Jay (2)}
jayb011.jpg,175014,f28f5acd,\Gallery 59\08 - Jay (2)\,{Shemale Yum Dvd03~G59~08-2~08 - Jay (2)}
jayb012.jpg,186825,2a85643e,\Gallery 59\08 - Jay (2)\,{Shemale Yum Dvd03~G59~08-2~08 - Jay (2)}
jayb013.jpg,163449,519e26d0,\Gallery 59\08 - Jay (2)\,{Shemale Yum Dvd03~G59~08-2~08 - Jay (2)}
jayb014.jpg,203454,49f80317,\Gallery 59\08 - Jay (2)\,{Shemale Yum Dvd03~G59~08-2~08 - Jay (2)}
jayb015.jpg,171557,4872c2b7,\Gallery 59\08 - Jay (2)\,{Shemale Yum Dvd03~G59~08-2~08 - Jay (2)}
jayb016.jpg,170616,ae30b4e0,\Gallery 59\08 - Jay (2)\,{Shemale Yum Dvd03~G59~08-2~08 - Jay (2)}
jayb017.jpg,175877,46ffb6a0,\Gallery 59\08 - Jay (2)\,{Shemale Yum Dvd03~G59~08-2~08 - Jay (2)}
jayb018.jpg,177717,6f7e123b,\Gallery 59\08 - Jay (2)\,{Shemale Yum Dvd03~G59~08-2~08 - Jay (2)}
jayb019.jpg,168805,ca4b7c0e,\Gallery 59\08 - Jay (2)\,{Shemale Yum Dvd03~G59~08-2~08 - Jay (2)}
jayb020.jpg,132331,bb697115,\Gallery 59\08 - Jay (2)\,{Shemale Yum Dvd03~G59~08-2~08 - Jay (2)}
jayb021.jpg,156375,612dca8e,\Gallery 59\08 - Jay (2)\,{Shemale Yum Dvd03~G59~08-2~08 - Jay (2)}
jayb022.jpg,160697,9c2724b6,\Gallery 59\08 - Jay (2)\,{Shemale Yum Dvd03~G59~08-2~08 - Jay (2)}
jayb023.jpg,161791,f5188480,\Gallery 59\08 - Jay (2)\,{Shemale Yum Dvd03~G59~08-2~08 - Jay (2)}
jayb024.jpg,175602,8f36274e,\Gallery 59\08 - Jay (2)\,{Shemale Yum Dvd03~G59~08-2~08 - Jay (2)}
jayb025.jpg,153097,20671e67,\Gallery 59\08 - Jay (2)\,{Shemale Yum Dvd03~G59~08-2~08 - Jay (2)}
jayb026.jpg,158866,c8b60b1e,\Gallery 59\08 - Jay (2)\,{Shemale Yum Dvd03~G59~08-2~08 - Jay (2)}
jayb027.jpg,154223,ea40454f,\Gallery 59\08 - Jay (2)\,{Shemale Yum Dvd03~G59~08-2~08 - Jay (2)}
jayb028.jpg,148664,29ee6e58,\Gallery 59\08 - Jay (2)\,{Shemale Yum Dvd03~G59~08-2~08 - Jay (2)}
jayb029.jpg,154931,08bb0c6e,\Gallery 59\08 - Jay (2)\,{Shemale Yum Dvd03~G59~08-2~08 - Jay (2)}
jayb030.jpg,145295,16681b66,\Gallery 59\08 - Jay (2)\,{Shemale Yum Dvd03~G59~08-2~08 - Jay (2)}
jayb031.jpg,185856,b20c43f2,\Gallery 59\08 - Jay (2)\,{Shemale Yum Dvd03~G59~08-2~08 - Jay (2)}
jayb032.jpg,182614,b31eac41,\Gallery 59\08 - Jay (2)\,{Shemale Yum Dvd03~G59~08-2~08 - Jay (2)}
jayb033.jpg,187810,48647b33,\Gallery 59\08 - Jay (2)\,{Shemale Yum Dvd03~G59~08-2~08 - Jay (2)}
jayb034.jpg,186370,29e41991,\Gallery 59\08 - Jay (2)\,{Shemale Yum Dvd03~G59~08-2~08 - Jay (2)}
jayb035.jpg,159096,4765adb5,\Gallery 59\08 - Jay (2)\,{Shemale Yum Dvd03~G59~08-2~08 - Jay (2)}
jayb036.jpg,153903,61195486,\Gallery 59\08 - Jay (2)\,{Shemale Yum Dvd03~G59~08-2~08 - Jay (2)}
jayb037.jpg,190611,21981713,\Gallery 59\08 - Jay (2)\,{Shemale Yum Dvd03~G59~08-2~08 - Jay (2)}
jayb038.jpg,135661,b5fcaea2,\Gallery 59\08 - Jay (2)\,{Shemale Yum Dvd03~G59~08-2~08 - Jay (2)}
jayb039.jpg,154313,951c3329,\Gallery 59\08 - Jay (2)\,{Shemale Yum Dvd03~G59~08-2~08 - Jay (2)}
jayb040.jpg,149199,fc8d778b,\Gallery 59\08 - Jay (2)\,{Shemale Yum Dvd03~G59~08-2~08 - Jay (2)}
jayb041.jpg,152669,e7fa6576,\Gallery 59\08 - Jay (2)\,{Shemale Yum Dvd03~G59~08-2~08 - Jay (2)}
jayb042.jpg,182009,bc9e5b3e,\Gallery 59\08 - Jay (2)\,{Shemale Yum Dvd03~G59~08-2~08 - Jay (2)}
jayb043.jpg,175170,c25e04e7,\Gallery 59\08 - Jay (2)\,{Shemale Yum Dvd03~G59~08-2~08 - Jay (2)}
jayb044.jpg,171440,a4a569bd,\Gallery 59\08 - Jay (2)\,{Shemale Yum Dvd03~G59~08-2~08 - Jay (2)}
jayb045.jpg,130291,9a9aafb0,\Gallery 59\08 - Jay (2)\,{Shemale Yum Dvd03~G59~08-2~08 - Jay (2)}
jayb046.jpg,150534,623455ab,\Gallery 59\08 - Jay (2)\,{Shemale Yum Dvd03~G59~08-2~08 - Jay (2)}
jayb047.jpg,157707,6658fb39,\Gallery 59\08 - Jay (2)\,{Shemale Yum Dvd03~G59~08-2~08 - Jay (2)}
jayb048.jpg,124580,1c6bd9bc,\Gallery 59\08 - Jay (2)\,{Shemale Yum Dvd03~G59~08-2~08 - Jay (2)}
jayb049.jpg,141901,776652ea,\Gallery 59\08 - Jay (2)\,{Shemale Yum Dvd03~G59~08-2~08 - Jay (2)}
jayb050.jpg,130782,a1fb4a7b,\Gallery 59\08 - Jay (2)\,{Shemale Yum Dvd03~G59~08-2~08 - Jay (2)}
jayb051.jpg,142985,e9b90c83,\Gallery 59\08 - Jay (2)\,{Shemale Yum Dvd03~G59~08-2~08 - Jay (2)}
jayb052.jpg,141029,00738fb1,\Gallery 59\08 - Jay (2)\,{Shemale Yum Dvd03~G59~08-2~08 - Jay (2)}
jayb053.jpg,137212,50f018ed,\Gallery 59\08 - Jay (2)\,{Shemale Yum Dvd03~G59~08-2~08 - Jay (2)}
jayb054.jpg,161447,be7474ef,\Gallery 59\08 - Jay (2)\,{Shemale Yum Dvd03~G59~08-2~08 - Jay (2)}
jayb055.jpg,138450,db6d7e5a,\Gallery 59\08 - Jay (2)\,{Shemale Yum Dvd03~G59~08-2~08 - Jay (2)}
jayb056.jpg,137166,e41b20ac,\Gallery 59\08 - Jay (2)\,{Shemale Yum Dvd03~G59~08-2~08 - Jay (2)}
jayb057.jpg,141997,538a5ef9,\Gallery 59\08 - Jay (2)\,{Shemale Yum Dvd03~G59~08-2~08 - Jay (2)}
jayb058.jpg,147440,d010477c,\Gallery 59\08 - Jay (2)\,{Shemale Yum Dvd03~G59~08-2~08 - Jay (2)}
jayb059.jpg,117000,cad6c420,\Gallery 59\08 - Jay (2)\,{Shemale Yum Dvd03~G59~08-2~08 - Jay (2)}
jayb060.jpg,140436,5bf8610f,\Gallery 59\08 - Jay (2)\,{Shemale Yum Dvd03~G59~08-2~08 - Jay (2)}
jayb061.jpg,134421,8583d91b,\Gallery 59\08 - Jay (2)\,{Shemale Yum Dvd03~G59~08-2~08 - Jay (2)}
jayb062.jpg,139994,6687a535,\Gallery 59\08 - Jay (2)\,{Shemale Yum Dvd03~G59~08-2~08 - Jay (2)}
jayb063.jpg,131744,99d98b42,\Gallery 59\08 - Jay (2)\,{Shemale Yum Dvd03~G59~08-2~08 - Jay (2)}
jayb064.jpg,107767,611df977,\Gallery 59\08 - Jay (2)\,{Shemale Yum Dvd03~G59~08-2~08 - Jay (2)}
jayb065.jpg,130311,262742fe,\Gallery 59\08 - Jay (2)\,{Shemale Yum Dvd03~G59~08-2~08 - Jay (2)}
jayb066.jpg,96296,d0bf9213,\Gallery 59\08 - Jay (2)\,{Shemale Yum Dvd03~G59~08-2~08 - Jay (2)}
jayb067.jpg,146354,8cce989e,\Gallery 59\08 - Jay (2)\,{Shemale Yum Dvd03~G59~08-2~08 - Jay (2)}
jayb068.jpg,141861,6f29fd4c,\Gallery 59\08 - Jay (2)\,{Shemale Yum Dvd03~G59~08-2~08 - Jay (2)}
jayb069.jpg,140225,0185efbe,\Gallery 59\08 - Jay (2)\,{Shemale Yum Dvd03~G59~08-2~08 - Jay (2)}
jayb070.jpg,127125,87667fb1,\Gallery 59\08 - Jay (2)\,{Shemale Yum Dvd03~G59~08-2~08 - Jay (2)}
jayb071.jpg,127899,33bdb3b7,\Gallery 59\08 - Jay (2)\,{Shemale Yum Dvd03~G59~08-2~08 - Jay (2)}
jayb072.jpg,167542,e77eafd3,\Gallery 59\08 - Jay (2)\,{Shemale Yum Dvd03~G59~08-2~08 - Jay (2)}
jayb073.jpg,134075,0901c8f1,\Gallery 59\08 - Jay (2)\,{Shemale Yum Dvd03~G59~08-2~08 - Jay (2)}
jayb074.jpg,135106,bf920cf6,\Gallery 59\08 - Jay (2)\,{Shemale Yum Dvd03~G59~08-2~08 - Jay (2)}
jayb075.jpg,139094,463d0ab1,\Gallery 59\08 - Jay (2)\,{Shemale Yum Dvd03~G59~08-2~08 - Jay (2)}
jayb076.jpg,186312,df926a21,\Gallery 59\08 - Jay (2)\,{Shemale Yum Dvd03~G59~08-2~08 - Jay (2)}
jayb077.jpg,179644,c616528a,\Gallery 59\08 - Jay (2)\,{Shemale Yum Dvd03~G59~08-2~08 - Jay (2)}
jayb078.jpg,146044,bc1e5849,\Gallery 59\08 - Jay (2)\,{Shemale Yum Dvd03~G59~08-2~08 - Jay (2)}
jayb079.jpg,134243,3463deeb,\Gallery 59\08 - Jay (2)\,{Shemale Yum Dvd03~G59~08-2~08 - Jay (2)}
jayb080.jpg,144721,8ee96951,\Gallery 59\08 - Jay (2)\,{Shemale Yum Dvd03~G59~08-2~08 - Jay (2)}
jayb081.jpg,148849,ad252cbf,\Gallery 59\08 - Jay (2)\,{Shemale Yum Dvd03~G59~08-2~08 - Jay (2)}
jayb082.jpg,182542,dafeac41,\Gallery 59\08 - Jay (2)\,{Shemale Yum Dvd03~G59~08-2~08 - Jay (2)}
jayb083.jpg,109009,12f6235d,\Gallery 59\08 - Jay (2)\,{Shemale Yum Dvd03~G59~08-2~08 - Jay (2)}
jayb084.jpg,125293,ccc28c4e,\Gallery 59\08 - Jay (2)\,{Shemale Yum Dvd03~G59~08-2~08 - Jay (2)}
jayb085.jpg,134261,761368b8,\Gallery 59\08 - Jay (2)\,{Shemale Yum Dvd03~G59~08-2~08 - Jay (2)}
jayb086.jpg,110850,df36ba56,\Gallery 59\08 - Jay (2)\,{Shemale Yum Dvd03~G59~08-2~08 - Jay (2)}
jayb087.jpg,131468,77324d59,\Gallery 59\08 - Jay (2)\,{Shemale Yum Dvd03~G59~08-2~08 - Jay (2)}
jayb088.jpg,144825,881ae7c5,\Gallery 59\08 - Jay (2)\,{Shemale Yum Dvd03~G59~08-2~08 - Jay (2)}
jayb089.jpg,174679,fe6bcb08,\Gallery 59\08 - Jay (2)\,{Shemale Yum Dvd03~G59~08-2~08 - Jay (2)}
jayb090.jpg,95696,8870ee70,\Gallery 59\08 - Jay (2)\,{Shemale Yum Dvd03~G59~08-2~08 - Jay (2)}
jay3001.jpg,140148,32853b09,\Gallery 59\08 - Jay (3)\,{Shemale Yum Dvd03~G59~08-3~08 - Jay (3)}
jay3002.jpg,137317,3efaa593,\Gallery 59\08 - Jay (3)\,{Shemale Yum Dvd03~G59~08-3~08 - Jay (3)}
jay3003.jpg,125719,a8bbe5ce,\Gallery 59\08 - Jay (3)\,{Shemale Yum Dvd03~G59~08-3~08 - Jay (3)}
jay3004.jpg,135908,ef61fc4d,\Gallery 59\08 - Jay (3)\,{Shemale Yum Dvd03~G59~08-3~08 - Jay (3)}
jay3005.jpg,138156,cf08cf2e,\Gallery 59\08 - Jay (3)\,{Shemale Yum Dvd03~G59~08-3~08 - Jay (3)}
jay3006.jpg,139558,0de81c7e,\Gallery 59\08 - Jay (3)\,{Shemale Yum Dvd03~G59~08-3~08 - Jay (3)}
jay3007.jpg,108856,141388cf,\Gallery 59\08 - Jay (3)\,{Shemale Yum Dvd03~G59~08-3~08 - Jay (3)}
jay3008.jpg,141032,f8649665,\Gallery 59\08 - Jay (3)\,{Shemale Yum Dvd03~G59~08-3~08 - Jay (3)}
jay3009.jpg,122887,f9946a63,\Gallery 59\08 - Jay (3)\,{Shemale Yum Dvd03~G59~08-3~08 - Jay (3)}
jay3010.jpg,135025,86af71e2,\Gallery 59\08 - Jay (3)\,{Shemale Yum Dvd03~G59~08-3~08 - Jay (3)}
jay3011.jpg,135224,974c895f,\Gallery 59\08 - Jay (3)\,{Shemale Yum Dvd03~G59~08-3~08 - Jay (3)}
jay3012.jpg,127711,af0dba36,\Gallery 59\08 - Jay (3)\,{Shemale Yum Dvd03~G59~08-3~08 - Jay (3)}
jay3013.jpg,123846,568a3573,\Gallery 59\08 - Jay (3)\,{Shemale Yum Dvd03~G59~08-3~08 - Jay (3)}
jay3014.jpg,124313,4ca5c6ca,\Gallery 59\08 - Jay (3)\,{Shemale Yum Dvd03~G59~08-3~08 - Jay (3)}
jay3015.jpg,128644,4f8e21b4,\Gallery 59\08 - Jay (3)\,{Shemale Yum Dvd03~G59~08-3~08 - Jay (3)}
jay3016.jpg,104475,7567374f,\Gallery 59\08 - Jay (3)\,{Shemale Yum Dvd03~G59~08-3~08 - Jay (3)}
jay3017.jpg,130940,948e5ed5,\Gallery 59\08 - Jay (3)\,{Shemale Yum Dvd03~G59~08-3~08 - Jay (3)}
jay3018.jpg,106359,5699b787,\Gallery 59\08 - Jay (3)\,{Shemale Yum Dvd03~G59~08-3~08 - Jay (3)}
jay3019.jpg,137203,4984464a,\Gallery 59\08 - Jay (3)\,{Shemale Yum Dvd03~G59~08-3~08 - Jay (3)}
jay3020.jpg,141803,96953374,\Gallery 59\08 - Jay (3)\,{Shemale Yum Dvd03~G59~08-3~08 - Jay (3)}
jay3021.jpg,152269,02c32a04,\Gallery 59\08 - Jay (3)\,{Shemale Yum Dvd03~G59~08-3~08 - Jay (3)}
jay3022.jpg,135257,63348227,\Gallery 59\08 - Jay (3)\,{Shemale Yum Dvd03~G59~08-3~08 - Jay (3)}
jay3023.jpg,123493,859b1e67,\Gallery 59\08 - Jay (3)\,{Shemale Yum Dvd03~G59~08-3~08 - Jay (3)}
jay3024.jpg,170660,60df8490,\Gallery 59\08 - Jay (3)\,{Shemale Yum Dvd03~G59~08-3~08 - Jay (3)}
jay3025.jpg,131261,41988467,\Gallery 59\08 - Jay (3)\,{Shemale Yum Dvd03~G59~08-3~08 - Jay (3)}
jay3026.jpg,122485,4a38e382,\Gallery 59\08 - Jay (3)\,{Shemale Yum Dvd03~G59~08-3~08 - Jay (3)}
jay3027.jpg,134805,5021ffc8,\Gallery 59\08 - Jay (3)\,{Shemale Yum Dvd03~G59~08-3~08 - Jay (3)}
jay3028.jpg,133547,ced1f7e9,\Gallery 59\08 - Jay (3)\,{Shemale Yum Dvd03~G59~08-3~08 - Jay (3)}
jay3029.jpg,135885,d5f70c5e,\Gallery 59\08 - Jay (3)\,{Shemale Yum Dvd03~G59~08-3~08 - Jay (3)}
jay3030.jpg,122694,c41067ed,\Gallery 59\08 - Jay (3)\,{Shemale Yum Dvd03~G59~08-3~08 - Jay (3)}
jay3031.jpg,141498,6155c3e5,\Gallery 59\08 - Jay (3)\,{Shemale Yum Dvd03~G59~08-3~08 - Jay (3)}
jay3032.jpg,134487,ba927e18,\Gallery 59\08 - Jay (3)\,{Shemale Yum Dvd03~G59~08-3~08 - Jay (3)}
jay3033.jpg,129575,ae809ac1,\Gallery 59\08 - Jay (3)\,{Shemale Yum Dvd03~G59~08-3~08 - Jay (3)}
jay3034.jpg,188318,ff9a4a94,\Gallery 59\08 - Jay (3)\,{Shemale Yum Dvd03~G59~08-3~08 - Jay (3)}
jay3035.jpg,191828,3e7b6c7a,\Gallery 59\08 - Jay (3)\,{Shemale Yum Dvd03~G59~08-3~08 - Jay (3)}
jay3036.jpg,178141,99d969d9,\Gallery 59\08 - Jay (3)\,{Shemale Yum Dvd03~G59~08-3~08 - Jay (3)}
jay3037.jpg,172639,5da934c6,\Gallery 59\08 - Jay (3)\,{Shemale Yum Dvd03~G59~08-3~08 - Jay (3)}
jay3038.jpg,180622,57b0a0b4,\Gallery 59\08 - Jay (3)\,{Shemale Yum Dvd03~G59~08-3~08 - Jay (3)}
jay3039.jpg,154779,01db7e5c,\Gallery 59\08 - Jay (3)\,{Shemale Yum Dvd03~G59~08-3~08 - Jay (3)}
jay3040.jpg,178464,f9717334,\Gallery 59\08 - Jay (3)\,{Shemale Yum Dvd03~G59~08-3~08 - Jay (3)}
jay3041.jpg,145061,7602b601,\Gallery 59\08 - Jay (3)\,{Shemale Yum Dvd03~G59~08-3~08 - Jay (3)}
jay3042.jpg,133992,75f14c75,\Gallery 59\08 - Jay (3)\,{Shemale Yum Dvd03~G59~08-3~08 - Jay (3)}
jay3043.jpg,155309,0cd4d5d5,\Gallery 59\08 - Jay (3)\,{Shemale Yum Dvd03~G59~08-3~08 - Jay (3)}
jay3044.jpg,133816,d794b3ea,\Gallery 59\08 - Jay (3)\,{Shemale Yum Dvd03~G59~08-3~08 - Jay (3)}
jay3045.jpg,155584,dea52c73,\Gallery 59\08 - Jay (3)\,{Shemale Yum Dvd03~G59~08-3~08 - Jay (3)}
jay3046.jpg,129540,f74e3edf,\Gallery 59\08 - Jay (3)\,{Shemale Yum Dvd03~G59~08-3~08 - Jay (3)}
jay3047.jpg,94027,e8389855,\Gallery 59\08 - Jay (3)\,{Shemale Yum Dvd03~G59~08-3~08 - Jay (3)}
jay3048.jpg,148453,524e964e,\Gallery 59\08 - Jay (3)\,{Shemale Yum Dvd03~G59~08-3~08 - Jay (3)}
jay3049.jpg,118140,f3db0bb9,\Gallery 59\08 - Jay (3)\,{Shemale Yum Dvd03~G59~08-3~08 - Jay (3)}
jay3050.jpg,149003,efb2b99b,\Gallery 59\08 - Jay (3)\,{Shemale Yum Dvd03~G59~08-3~08 - Jay (3)}
jay3051.jpg,193264,a92ecc3e,\Gallery 59\08 - Jay (3)\,{Shemale Yum Dvd03~G59~08-3~08 - Jay (3)}
jay3052.jpg,191378,7021c65a,\Gallery 59\08 - Jay (3)\,{Shemale Yum Dvd03~G59~08-3~08 - Jay (3)}
jay3053.jpg,182863,54678f57,\Gallery 59\08 - Jay (3)\,{Shemale Yum Dvd03~G59~08-3~08 - Jay (3)}
jay3054.jpg,173976,b7ee7345,\Gallery 59\08 - Jay (3)\,{Shemale Yum Dvd03~G59~08-3~08 - Jay (3)}
jay3055.jpg,186940,82f0a854,\Gallery 59\08 - Jay (3)\,{Shemale Yum Dvd03~G59~08-3~08 - Jay (3)}
jay3056.jpg,120203,ffbc54b7,\Gallery 59\08 - Jay (3)\,{Shemale Yum Dvd03~G59~08-3~08 - Jay (3)}
jay3057.jpg,139484,64dcab30,\Gallery 59\08 - Jay (3)\,{Shemale Yum Dvd03~G59~08-3~08 - Jay (3)}
jay3058.jpg,130808,b32ab294,\Gallery 59\08 - Jay (3)\,{Shemale Yum Dvd03~G59~08-3~08 - Jay (3)}
jay3059.jpg,122613,ba084808,\Gallery 59\08 - Jay (3)\,{Shemale Yum Dvd03~G59~08-3~08 - Jay (3)}
jay3060.jpg,126407,7ef61182,\Gallery 59\08 - Jay (3)\,{Shemale Yum Dvd03~G59~08-3~08 - Jay (3)}
jay3061.jpg,112984,afb11ed1,\Gallery 59\08 - Jay (3)\,{Shemale Yum Dvd03~G59~08-3~08 - Jay (3)}
jay3062.jpg,191376,6b9e054e,\Gallery 59\08 - Jay (3)\,{Shemale Yum Dvd03~G59~08-3~08 - Jay (3)}
jay3063.jpg,174345,704c2eca,\Gallery 59\08 - Jay (3)\,{Shemale Yum Dvd03~G59~08-3~08 - Jay (3)}
jay3064.jpg,184153,27b2b7e0,\Gallery 59\08 - Jay (3)\,{Shemale Yum Dvd03~G59~08-3~08 - Jay (3)}
jay3065.jpg,189114,43be832b,\Gallery 59\08 - Jay (3)\,{Shemale Yum Dvd03~G59~08-3~08 - Jay (3)}
jay3066.jpg,118512,13b878b5,\Gallery 59\08 - Jay (3)\,{Shemale Yum Dvd03~G59~08-3~08 - Jay (3)}
jay3067.jpg,108889,90982dfa,\Gallery 59\08 - Jay (3)\,{Shemale Yum Dvd03~G59~08-3~08 - Jay (3)}
jay3068.jpg,149371,df7a91af,\Gallery 59\08 - Jay (3)\,{Shemale Yum Dvd03~G59~08-3~08 - Jay (3)}
jay3069.jpg,110139,1e7886eb,\Gallery 59\08 - Jay (3)\,{Shemale Yum Dvd03~G59~08-3~08 - Jay (3)}
jay3070.jpg,116264,021bea81,\Gallery 59\08 - Jay (3)\,{Shemale Yum Dvd03~G59~08-3~08 - Jay (3)}
jay3071.jpg,141158,2790f0f8,\Gallery 59\08 - Jay (3)\,{Shemale Yum Dvd03~G59~08-3~08 - Jay (3)}
jay3072.jpg,139665,84d4b433,\Gallery 59\08 - Jay (3)\,{Shemale Yum Dvd03~G59~08-3~08 - Jay (3)}
jay3073.jpg,142066,2da91005,\Gallery 59\08 - Jay (3)\,{Shemale Yum Dvd03~G59~08-3~08 - Jay (3)}
jay3074.jpg,130524,05e087ac,\Gallery 59\08 - Jay (3)\,{Shemale Yum Dvd03~G59~08-3~08 - Jay (3)}
jay3075.jpg,103084,377152fa,\Gallery 59\08 - Jay (3)\,{Shemale Yum Dvd03~G59~08-3~08 - Jay (3)}
jay3076.jpg,112060,06c04f58,\Gallery 59\08 - Jay (3)\,{Shemale Yum Dvd03~G59~08-3~08 - Jay (3)}
jay3077.jpg,102640,24edf50b,\Gallery 59\08 - Jay (3)\,{Shemale Yum Dvd03~G59~08-3~08 - Jay (3)}
jay3078.jpg,131196,f7ebadf3,\Gallery 59\08 - Jay (3)\,{Shemale Yum Dvd03~G59~08-3~08 - Jay (3)}
jay3079.jpg,99358,566e5dc6,\Gallery 59\08 - Jay (3)\,{Shemale Yum Dvd03~G59~08-3~08 - Jay (3)}
jay3080.jpg,94521,389122b4,\Gallery 59\08 - Jay (3)\,{Shemale Yum Dvd03~G59~08-3~08 - Jay (3)}
jay3081.jpg,109368,2fb53a5c,\Gallery 59\08 - Jay (3)\,{Shemale Yum Dvd03~G59~08-3~08 - Jay (3)}
jay3082.jpg,100511,27d9f76a,\Gallery 59\08 - Jay (3)\,{Shemale Yum Dvd03~G59~08-3~08 - Jay (3)}
jay3083.jpg,121990,0aa3dffb,\Gallery 59\08 - Jay (3)\,{Shemale Yum Dvd03~G59~08-3~08 - Jay (3)}
jay3084.jpg,132685,147d49f9,\Gallery 59\08 - Jay (3)\,{Shemale Yum Dvd03~G59~08-3~08 - Jay (3)}
jay3085.jpg,131820,307ed095,\Gallery 59\08 - Jay (3)\,{Shemale Yum Dvd03~G59~08-3~08 - Jay (3)}
jay3086.jpg,141757,9e11411f,\Gallery 59\08 - Jay (3)\,{Shemale Yum Dvd03~G59~08-3~08 - Jay (3)}
jay3087.jpg,140386,b24c406f,\Gallery 59\08 - Jay (3)\,{Shemale Yum Dvd03~G59~08-3~08 - Jay (3)}
jay3088.jpg,143279,e9752cdf,\Gallery 59\08 - Jay (3)\,{Shemale Yum Dvd03~G59~08-3~08 - Jay (3)}
jay3089.jpg,140497,c5636e23,\Gallery 59\08 - Jay (3)\,{Shemale Yum Dvd03~G59~08-3~08 - Jay (3)}
jay3090.jpg,138962,b1eb4079,\Gallery 59\08 - Jay (3)\,{Shemale Yum Dvd03~G59~08-3~08 - Jay (3)}
jay3091.jpg,103627,a6325269,\Gallery 59\08 - Jay (3)\,{Shemale Yum Dvd03~G59~08-3~08 - Jay (3)}
jay3092.jpg,112922,73a7574c,\Gallery 59\08 - Jay (3)\,{Shemale Yum Dvd03~G59~08-3~08 - Jay (3)}
jay3093.jpg,114638,14633802,\Gallery 59\08 - Jay (3)\,{Shemale Yum Dvd03~G59~08-3~08 - Jay (3)}
jay3094.jpg,106191,0597a434,\Gallery 59\08 - Jay (3)\,{Shemale Yum Dvd03~G59~08-3~08 - Jay (3)}
jay3095.jpg,114282,83746c09,\Gallery 59\08 - Jay (3)\,{Shemale Yum Dvd03~G59~08-3~08 - Jay (3)}
jay3096.jpg,113766,b2dfc8d1,\Gallery 59\08 - Jay (3)\,{Shemale Yum Dvd03~G59~08-3~08 - Jay (3)}
jay3097.jpg,108368,6bb50588,\Gallery 59\08 - Jay (3)\,{Shemale Yum Dvd03~G59~08-3~08 - Jay (3)}
jay3098.jpg,118353,5a0b808f,\Gallery 59\08 - Jay (3)\,{Shemale Yum Dvd03~G59~08-3~08 - Jay (3)}
jay3099.jpg,120352,071f3de4,\Gallery 59\08 - Jay (3)\,{Shemale Yum Dvd03~G59~08-3~08 - Jay (3)}
jay3100.jpg,119355,92ec6d95,\Gallery 59\08 - Jay (3)\,{Shemale Yum Dvd03~G59~08-3~08 - Jay (3)}
jay3101.jpg,133150,e262f1cf,\Gallery 59\08 - Jay (3)\,{Shemale Yum Dvd03~G59~08-3~08 - Jay (3)}
jay3102.jpg,120922,f65e76e8,\Gallery 59\08 - Jay (3)\,{Shemale Yum Dvd03~G59~08-3~08 - Jay (3)}
jay3103.jpg,108708,2a372228,\Gallery 59\08 - Jay (3)\,{Shemale Yum Dvd03~G59~08-3~08 - Jay (3)}
jay3104.jpg,110733,c1e812d8,\Gallery 59\08 - Jay (3)\,{Shemale Yum Dvd03~G59~08-3~08 - Jay (3)}
jay3105.jpg,108864,e027e7a4,\Gallery 59\08 - Jay (3)\,{Shemale Yum Dvd03~G59~08-3~08 - Jay (3)}
jay3106.jpg,139381,e78dd971,\Gallery 59\08 - Jay (3)\,{Shemale Yum Dvd03~G59~08-3~08 - Jay (3)}
jay3107.jpg,110004,a6516e63,\Gallery 59\08 - Jay (3)\,{Shemale Yum Dvd03~G59~08-3~08 - Jay (3)}
jay3108.jpg,112589,52928e64,\Gallery 59\08 - Jay (3)\,{Shemale Yum Dvd03~G59~08-3~08 - Jay (3)}
jay3109.jpg,110395,7735a52e,\Gallery 59\08 - Jay (3)\,{Shemale Yum Dvd03~G59~08-3~08 - Jay (3)}
jay3110.jpg,123477,94b22af3,\Gallery 59\08 - Jay (3)\,{Shemale Yum Dvd03~G59~08-3~08 - Jay (3)}
jay3111.jpg,136900,0ec06a53,\Gallery 59\08 - Jay (3)\,{Shemale Yum Dvd03~G59~08-3~08 - Jay (3)}
jay3112.jpg,181838,e7c36283,\Gallery 59\08 - Jay (3)\,{Shemale Yum Dvd03~G59~08-3~08 - Jay (3)}
jay3113.jpg,128152,e55a7bcc,\Gallery 59\08 - Jay (3)\,{Shemale Yum Dvd03~G59~08-3~08 - Jay (3)}
jay3114.jpg,123694,14459744,\Gallery 59\08 - Jay (3)\,{Shemale Yum Dvd03~G59~08-3~08 - Jay (3)}
jay3115.jpg,124950,97582414,\Gallery 59\08 - Jay (3)\,{Shemale Yum Dvd03~G59~08-3~08 - Jay (3)}
jay3116.jpg,133056,8c01bd7d,\Gallery 59\08 - Jay (3)\,{Shemale Yum Dvd03~G59~08-3~08 - Jay (3)}
jenny1001.jpg,154030,122f1681,\Gallery 59\09 - Jenny\,{Shemale Yum Dvd03~G59~09~09 - Jenny}
jenny1002.jpg,157909,1435ac37,\Gallery 59\09 - Jenny\,{Shemale Yum Dvd03~G59~09~09 - Jenny}
jenny1003.jpg,141148,63a2c838,\Gallery 59\09 - Jenny\,{Shemale Yum Dvd03~G59~09~09 - Jenny}
jenny1004.jpg,150375,502856ac,\Gallery 59\09 - Jenny\,{Shemale Yum Dvd03~G59~09~09 - Jenny}
jenny1005.jpg,129745,3c18a35a,\Gallery 59\09 - Jenny\,{Shemale Yum Dvd03~G59~09~09 - Jenny}
jenny1006.jpg,154530,54eeb296,\Gallery 59\09 - Jenny\,{Shemale Yum Dvd03~G59~09~09 - Jenny}
jenny1007.jpg,138893,95a0ccc6,\Gallery 59\09 - Jenny\,{Shemale Yum Dvd03~G59~09~09 - Jenny}
jenny1008.jpg,159569,426de1f8,\Gallery 59\09 - Jenny\,{Shemale Yum Dvd03~G59~09~09 - Jenny}
jenny1009.jpg,155623,ba9d097e,\Gallery 59\09 - Jenny\,{Shemale Yum Dvd03~G59~09~09 - Jenny}
jenny1010.jpg,175845,7438fe65,\Gallery 59\09 - Jenny\,{Shemale Yum Dvd03~G59~09~09 - Jenny}
jenny1011.jpg,157249,8beb6360,\Gallery 59\09 - Jenny\,{Shemale Yum Dvd03~G59~09~09 - Jenny}
jenny1012.jpg,189073,35c64bc0,\Gallery 59\09 - Jenny\,{Shemale Yum Dvd03~G59~09~09 - Jenny}
jenny1013.jpg,156283,8a530888,\Gallery 59\09 - Jenny\,{Shemale Yum Dvd03~G59~09~09 - Jenny}
jenny1014.jpg,150056,b4ee388a,\Gallery 59\09 - Jenny\,{Shemale Yum Dvd03~G59~09~09 - Jenny}
jenny1016.jpg,154513,1bc747f5,\Gallery 59\09 - Jenny\,{Shemale Yum Dvd03~G59~09~09 - Jenny}
jenny1017.jpg,135523,eefd8260,\Gallery 59\09 - Jenny\,{Shemale Yum Dvd03~G59~09~09 - Jenny}
jenny1018.jpg,157753,71290f43,\Gallery 59\09 - Jenny\,{Shemale Yum Dvd03~G59~09~09 - Jenny}
jenny1019.jpg,150106,c30d824b,\Gallery 59\09 - Jenny\,{Shemale Yum Dvd03~G59~09~09 - Jenny}
jenny1020.jpg,143332,05b90749,\Gallery 59\09 - Jenny\,{Shemale Yum Dvd03~G59~09~09 - Jenny}
jenny1021.jpg,141614,609b013d,\Gallery 59\09 - Jenny\,{Shemale Yum Dvd03~G59~09~09 - Jenny}
jenny1022.jpg,151786,fad0237c,\Gallery 59\09 - Jenny\,{Shemale Yum Dvd03~G59~09~09 - Jenny}
jenny1023.jpg,156945,4f8afcb7,\Gallery 59\09 - Jenny\,{Shemale Yum Dvd03~G59~09~09 - Jenny}
jenny1024.jpg,161951,49f43f8f,\Gallery 59\09 - Jenny\,{Shemale Yum Dvd03~G59~09~09 - Jenny}
jenny1025.jpg,144284,7d7fab4b,\Gallery 59\09 - Jenny\,{Shemale Yum Dvd03~G59~09~09 - Jenny}
jenny1026.jpg,155998,6b33f1cc,\Gallery 59\09 - Jenny\,{Shemale Yum Dvd03~G59~09~09 - Jenny}
jenny1027.jpg,135572,60afad2d,\Gallery 59\09 - Jenny\,{Shemale Yum Dvd03~G59~09~09 - Jenny}
jenny1028.jpg,132658,4495d826,\Gallery 59\09 - Jenny\,{Shemale Yum Dvd03~G59~09~09 - Jenny}
jenny1029.jpg,131777,446abc50,\Gallery 59\09 - Jenny\,{Shemale Yum Dvd03~G59~09~09 - Jenny}
jenny1030.jpg,159737,a4cb22ed,\Gallery 59\09 - Jenny\,{Shemale Yum Dvd03~G59~09~09 - Jenny}
jenny1031.jpg,142732,b0654cfc,\Gallery 59\09 - Jenny\,{Shemale Yum Dvd03~G59~09~09 - Jenny}
jenny1033.jpg,161548,831f2d7d,\Gallery 59\09 - Jenny\,{Shemale Yum Dvd03~G59~09~09 - Jenny}
jenny1034.jpg,175326,7e9aec9d,\Gallery 59\09 - Jenny\,{Shemale Yum Dvd03~G59~09~09 - Jenny}
jenny1035.jpg,150809,f7db7729,\Gallery 59\09 - Jenny\,{Shemale Yum Dvd03~G59~09~09 - Jenny}
jenny1036.jpg,156482,0a851d17,\Gallery 59\09 - Jenny\,{Shemale Yum Dvd03~G59~09~09 - Jenny}
jenny1037.jpg,150358,021b32b7,\Gallery 59\09 - Jenny\,{Shemale Yum Dvd03~G59~09~09 - Jenny}
jenny1038.jpg,155801,1bc1698f,\Gallery 59\09 - Jenny\,{Shemale Yum Dvd03~G59~09~09 - Jenny}
jenny1039.jpg,142458,05caa651,\Gallery 59\09 - Jenny\,{Shemale Yum Dvd03~G59~09~09 - Jenny}
jenny1040.jpg,166775,c4b58414,\Gallery 59\09 - Jenny\,{Shemale Yum Dvd03~G59~09~09 - Jenny}
jenny1041.jpg,154143,e590f2a5,\Gallery 59\09 - Jenny\,{Shemale Yum Dvd03~G59~09~09 - Jenny}
jenny1042.jpg,140197,9ddb1d12,\Gallery 59\09 - Jenny\,{Shemale Yum Dvd03~G59~09~09 - Jenny}
jenny1043.jpg,165393,01538235,\Gallery 59\09 - Jenny\,{Shemale Yum Dvd03~G59~09~09 - Jenny}
jenny1044.jpg,162471,9a6a53ce,\Gallery 59\09 - Jenny\,{Shemale Yum Dvd03~G59~09~09 - Jenny}
jenny1045.jpg,142965,22932b60,\Gallery 59\09 - Jenny\,{Shemale Yum Dvd03~G59~09~09 - Jenny}
jenny1046.jpg,149206,06e00e74,\Gallery 59\09 - Jenny\,{Shemale Yum Dvd03~G59~09~09 - Jenny}
jenny1047.jpg,150231,19f603c2,\Gallery 59\09 - Jenny\,{Shemale Yum Dvd03~G59~09~09 - Jenny}
jenny1048.jpg,148557,628e2210,\Gallery 59\09 - Jenny\,{Shemale Yum Dvd03~G59~09~09 - Jenny}
jenny1049.jpg,153879,a8f5d3fb,\Gallery 59\09 - Jenny\,{Shemale Yum Dvd03~G59~09~09 - Jenny}
jenny1050.jpg,175331,0b50239e,\Gallery 59\09 - Jenny\,{Shemale Yum Dvd03~G59~09~09 - Jenny}
jenny1051.jpg,156670,7503bb24,\Gallery 59\09 - Jenny\,{Shemale Yum Dvd03~G59~09~09 - Jenny}
jenny1052.jpg,166425,7d3b2255,\Gallery 59\09 - Jenny\,{Shemale Yum Dvd03~G59~09~09 - Jenny}
jenny1053.jpg,184929,3d81fef9,\Gallery 59\09 - Jenny\,{Shemale Yum Dvd03~G59~09~09 - Jenny}
jenny1054.jpg,155096,fa081980,\Gallery 59\09 - Jenny\,{Shemale Yum Dvd03~G59~09~09 - Jenny}
jenny1055.jpg,195753,dd87dbee,\Gallery 59\09 - Jenny\,{Shemale Yum Dvd03~G59~09~09 - Jenny}
jenny1056.jpg,161865,ed98f094,\Gallery 59\09 - Jenny\,{Shemale Yum Dvd03~G59~09~09 - Jenny}
jenny1057.jpg,166429,5fd9ae8d,\Gallery 59\09 - Jenny\,{Shemale Yum Dvd03~G59~09~09 - Jenny}
jenny1058.jpg,171833,262f49ac,\Gallery 59\09 - Jenny\,{Shemale Yum Dvd03~G59~09~09 - Jenny}
jenny1059.jpg,156266,afca87d0,\Gallery 59\09 - Jenny\,{Shemale Yum Dvd03~G59~09~09 - Jenny}
jenny1060.jpg,151546,09ba1dc8,\Gallery 59\09 - Jenny\,{Shemale Yum Dvd03~G59~09~09 - Jenny}
jenny1061.jpg,160164,e825bed6,\Gallery 59\09 - Jenny\,{Shemale Yum Dvd03~G59~09~09 - Jenny}
jenny1062.jpg,130331,50c158e3,\Gallery 59\09 - Jenny\,{Shemale Yum Dvd03~G59~09~09 - Jenny}
jenny1063.jpg,129883,1dca1bff,\Gallery 59\09 - Jenny\,{Shemale Yum Dvd03~G59~09~09 - Jenny}
jenny1064.jpg,126836,75c42e13,\Gallery 59\09 - Jenny\,{Shemale Yum Dvd03~G59~09~09 - Jenny}
jenny1065.jpg,121538,b5fea6a4,\Gallery 59\09 - Jenny\,{Shemale Yum Dvd03~G59~09~09 - Jenny}
jenny1066.jpg,119082,ba274491,\Gallery 59\09 - Jenny\,{Shemale Yum Dvd03~G59~09~09 - Jenny}
jenny1067.jpg,137124,c769a77e,\Gallery 59\09 - Jenny\,{Shemale Yum Dvd03~G59~09~09 - Jenny}
jenny1068.jpg,142199,eaec0861,\Gallery 59\09 - Jenny\,{Shemale Yum Dvd03~G59~09~09 - Jenny}
jenny1069.jpg,124773,bf1b3155,\Gallery 59\09 - Jenny\,{Shemale Yum Dvd03~G59~09~09 - Jenny}
jenny1070.jpg,127627,278b79e2,\Gallery 59\09 - Jenny\,{Shemale Yum Dvd03~G59~09~09 - Jenny}
jenny1071.jpg,148765,4ab94133,\Gallery 59\09 - Jenny\,{Shemale Yum Dvd03~G59~09~09 - Jenny}
jenny1072.jpg,123083,49ea3b9d,\Gallery 59\09 - Jenny\,{Shemale Yum Dvd03~G59~09~09 - Jenny}
jenny1073.jpg,128416,79e35dc3,\Gallery 59\09 - Jenny\,{Shemale Yum Dvd03~G59~09~09 - Jenny}
jenny1074.jpg,132944,c67d9580,\Gallery 59\09 - Jenny\,{Shemale Yum Dvd03~G59~09~09 - Jenny}
jenny1075.jpg,125109,745a65f6,\Gallery 59\09 - Jenny\,{Shemale Yum Dvd03~G59~09~09 - Jenny}
jenny1076.jpg,113466,5a0ed5e6,\Gallery 59\09 - Jenny\,{Shemale Yum Dvd03~G59~09~09 - Jenny}
jenny1077.jpg,127340,b77b390d,\Gallery 59\09 - Jenny\,{Shemale Yum Dvd03~G59~09~09 - Jenny}
jenny1078.jpg,146737,d03df29a,\Gallery 59\09 - Jenny\,{Shemale Yum Dvd03~G59~09~09 - Jenny}
jenny1079.jpg,127173,47de9f00,\Gallery 59\09 - Jenny\,{Shemale Yum Dvd03~G59~09~09 - Jenny}
jenny1080.jpg,123990,dce6bd92,\Gallery 59\09 - Jenny\,{Shemale Yum Dvd03~G59~09~09 - Jenny}
jenny1081.jpg,122634,29a562cb,\Gallery 59\09 - Jenny\,{Shemale Yum Dvd03~G59~09~09 - Jenny}
jenny1082.jpg,139747,a6e0f7d6,\Gallery 59\09 - Jenny\,{Shemale Yum Dvd03~G59~09~09 - Jenny}
jenny1083.jpg,197404,a40f029c,\Gallery 59\09 - Jenny\,{Shemale Yum Dvd03~G59~09~09 - Jenny}
jenny1084.jpg,149775,4b2b7443,\Gallery 59\09 - Jenny\,{Shemale Yum Dvd03~G59~09~09 - Jenny}
jenny1085.jpg,149840,c75bfa49,\Gallery 59\09 - Jenny\,{Shemale Yum Dvd03~G59~09~09 - Jenny}
jenny1086.jpg,140752,8001d943,\Gallery 59\09 - Jenny\,{Shemale Yum Dvd03~G59~09~09 - Jenny}
jenny1087.jpg,115164,35a87880,\Gallery 59\09 - Jenny\,{Shemale Yum Dvd03~G59~09~09 - Jenny}
jenny1088.jpg,153886,1a19e7eb,\Gallery 59\09 - Jenny\,{Shemale Yum Dvd03~G59~09~09 - Jenny}
jenny1089.jpg,153270,56d249e9,\Gallery 59\09 - Jenny\,{Shemale Yum Dvd03~G59~09~09 - Jenny}
jenny1090.jpg,163508,fdaead75,\Gallery 59\09 - Jenny\,{Shemale Yum Dvd03~G59~09~09 - Jenny}
jenny1091.jpg,149252,ec21cc74,\Gallery 59\09 - Jenny\,{Shemale Yum Dvd03~G59~09~09 - Jenny}
jenny1092.jpg,143468,2e2b6cb9,\Gallery 59\09 - Jenny\,{Shemale Yum Dvd03~G59~09~09 - Jenny}
jenny1094.jpg,149975,b0a05120,\Gallery 59\09 - Jenny\,{Shemale Yum Dvd03~G59~09~09 - Jenny}
jenny1095.jpg,164379,97882c6a,\Gallery 59\09 - Jenny\,{Shemale Yum Dvd03~G59~09~09 - Jenny}
jenny1096.jpg,141232,b916ef1b,\Gallery 59\09 - Jenny\,{Shemale Yum Dvd03~G59~09~09 - Jenny}
jenny1097.jpg,186730,03d8c875,\Gallery 59\09 - Jenny\,{Shemale Yum Dvd03~G59~09~09 - Jenny}
jenny1098.jpg,157433,24ba99ee,\Gallery 59\09 - Jenny\,{Shemale Yum Dvd03~G59~09~09 - Jenny}
jenny1099.jpg,129228,22724963,\Gallery 59\09 - Jenny\,{Shemale Yum Dvd03~G59~09~09 - Jenny}
jenny1100.jpg,139137,88054fc7,\Gallery 59\09 - Jenny\,{Shemale Yum Dvd03~G59~09~09 - Jenny}
jenny1101.jpg,142174,329e262c,\Gallery 59\09 - Jenny\,{Shemale Yum Dvd03~G59~09~09 - Jenny}
jenny1102.jpg,140623,dedb150b,\Gallery 59\09 - Jenny\,{Shemale Yum Dvd03~G59~09~09 - Jenny}
jenny1103.jpg,177939,0df7a838,\Gallery 59\09 - Jenny\,{Shemale Yum Dvd03~G59~09~09 - Jenny}
jenny1104.jpg,144338,37544f36,\Gallery 59\09 - Jenny\,{Shemale Yum Dvd03~G59~09~09 - Jenny}
jenny1105.jpg,151622,16c4bbce,\Gallery 59\09 - Jenny\,{Shemale Yum Dvd03~G59~09~09 - Jenny}
jenny1106.jpg,159350,3c6f6f61,\Gallery 59\09 - Jenny\,{Shemale Yum Dvd03~G59~09~09 - Jenny}
jenny1107.jpg,137680,209365e4,\Gallery 59\09 - Jenny\,{Shemale Yum Dvd03~G59~09~09 - Jenny}
jenny1108.jpg,154290,42972917,\Gallery 59\09 - Jenny\,{Shemale Yum Dvd03~G59~09~09 - Jenny}
jenny1109.jpg,125990,4c0a075f,\Gallery 59\09 - Jenny\,{Shemale Yum Dvd03~G59~09~09 - Jenny}
jenny1112.jpg,149640,240213b7,\Gallery 59\09 - Jenny\,{Shemale Yum Dvd03~G59~09~09 - Jenny}
jenny1113.jpg,128328,cf9d7ab4,\Gallery 59\09 - Jenny\,{Shemale Yum Dvd03~G59~09~09 - Jenny}
jenny2001.jpg,79470,aaefb66a,\Gallery 59\09 - Jenny (2)\,{Shemale Yum Dvd03~G59~09-2~09 - Jenny (2)}
jenny2002.jpg,143834,c25452fc,\Gallery 59\09 - Jenny (2)\,{Shemale Yum Dvd03~G59~09-2~09 - Jenny (2)}
jenny2003.jpg,141616,3d442ad3,\Gallery 59\09 - Jenny (2)\,{Shemale Yum Dvd03~G59~09-2~09 - Jenny (2)}
jenny2004.jpg,123325,0931fa69,\Gallery 59\09 - Jenny (2)\,{Shemale Yum Dvd03~G59~09-2~09 - Jenny (2)}
jenny2005.jpg,137464,d8f645fb,\Gallery 59\09 - Jenny (2)\,{Shemale Yum Dvd03~G59~09-2~09 - Jenny (2)}
jenny2006.jpg,119544,ff92790b,\Gallery 59\09 - Jenny (2)\,{Shemale Yum Dvd03~G59~09-2~09 - Jenny (2)}
jenny2007.jpg,122618,ae3fa4ee,\Gallery 59\09 - Jenny (2)\,{Shemale Yum Dvd03~G59~09-2~09 - Jenny (2)}
jenny2008.jpg,120318,42626b09,\Gallery 59\09 - Jenny (2)\,{Shemale Yum Dvd03~G59~09-2~09 - Jenny (2)}
jenny2009.jpg,126637,db231213,\Gallery 59\09 - Jenny (2)\,{Shemale Yum Dvd03~G59~09-2~09 - Jenny (2)}
jenny2010.jpg,133686,b8ce4bf9,\Gallery 59\09 - Jenny (2)\,{Shemale Yum Dvd03~G59~09-2~09 - Jenny (2)}
jenny2012.jpg,136944,7010f457,\Gallery 59\09 - Jenny (2)\,{Shemale Yum Dvd03~G59~09-2~09 - Jenny (2)}
jenny2013.jpg,127875,ec68eb50,\Gallery 59\09 - Jenny (2)\,{Shemale Yum Dvd03~G59~09-2~09 - Jenny (2)}
jenny2014.jpg,128282,3f9235fc,\Gallery 59\09 - Jenny (2)\,{Shemale Yum Dvd03~G59~09-2~09 - Jenny (2)}
jenny2015.jpg,126402,e7a2388a,\Gallery 59\09 - Jenny (2)\,{Shemale Yum Dvd03~G59~09-2~09 - Jenny (2)}
jenny2016.jpg,122292,ac9c9f86,\Gallery 59\09 - Jenny (2)\,{Shemale Yum Dvd03~G59~09-2~09 - Jenny (2)}
jenny2019.jpg,124455,9c43a38b,\Gallery 59\09 - Jenny (2)\,{Shemale Yum Dvd03~G59~09-2~09 - Jenny (2)}
jenny2020.jpg,137276,5c9e3c12,\Gallery 59\09 - Jenny (2)\,{Shemale Yum Dvd03~G59~09-2~09 - Jenny (2)}
jenny2021.jpg,133027,5d417b11,\Gallery 59\09 - Jenny (2)\,{Shemale Yum Dvd03~G59~09-2~09 - Jenny (2)}
jenny2023.jpg,119072,bc775155,\Gallery 59\09 - Jenny (2)\,{Shemale Yum Dvd03~G59~09-2~09 - Jenny (2)}
jenny2024.jpg,129635,236699cd,\Gallery 59\09 - Jenny (2)\,{Shemale Yum Dvd03~G59~09-2~09 - Jenny (2)}
jenny2025.jpg,138732,0e47643c,\Gallery 59\09 - Jenny (2)\,{Shemale Yum Dvd03~G59~09-2~09 - Jenny (2)}
jenny2026.jpg,140626,1f563d06,\Gallery 59\09 - Jenny (2)\,{Shemale Yum Dvd03~G59~09-2~09 - Jenny (2)}
jenny2027.jpg,148592,696ad3a3,\Gallery 59\09 - Jenny (2)\,{Shemale Yum Dvd03~G59~09-2~09 - Jenny (2)}
jenny2029.jpg,122425,3727f07a,\Gallery 59\09 - Jenny (2)\,{Shemale Yum Dvd03~G59~09-2~09 - Jenny (2)}
jenny2030.jpg,165689,a3678e9c,\Gallery 59\09 - Jenny (2)\,{Shemale Yum Dvd03~G59~09-2~09 - Jenny (2)}
jenny2031.jpg,184930,d7216838,\Gallery 59\09 - Jenny (2)\,{Shemale Yum Dvd03~G59~09-2~09 - Jenny (2)}
jenny2032.jpg,139502,4f541eb2,\Gallery 59\09 - Jenny (2)\,{Shemale Yum Dvd03~G59~09-2~09 - Jenny (2)}
jenny2033.jpg,147887,8ea77030,\Gallery 59\09 - Jenny (2)\,{Shemale Yum Dvd03~G59~09-2~09 - Jenny (2)}
jenny2034.jpg,148321,827606ef,\Gallery 59\09 - Jenny (2)\,{Shemale Yum Dvd03~G59~09-2~09 - Jenny (2)}
jenny2035.jpg,174061,66e1f23a,\Gallery 59\09 - Jenny (2)\,{Shemale Yum Dvd03~G59~09-2~09 - Jenny (2)}
jenny2036.jpg,147874,aae9eb62,\Gallery 59\09 - Jenny (2)\,{Shemale Yum Dvd03~G59~09-2~09 - Jenny (2)}
jenny2037.jpg,141790,6eddd81f,\Gallery 59\09 - Jenny (2)\,{Shemale Yum Dvd03~G59~09-2~09 - Jenny (2)}
jenny2038.jpg,182334,2fe4f94d,\Gallery 59\09 - Jenny (2)\,{Shemale Yum Dvd03~G59~09-2~09 - Jenny (2)}
jenny2039.jpg,124306,a4254f1f,\Gallery 59\09 - Jenny (2)\,{Shemale Yum Dvd03~G59~09-2~09 - Jenny (2)}
jenny2040.jpg,196051,7c951ca7,\Gallery 59\09 - Jenny (2)\,{Shemale Yum Dvd03~G59~09-2~09 - Jenny (2)}
jenny2041.jpg,130290,0faf4f9f,\Gallery 59\09 - Jenny (2)\,{Shemale Yum Dvd03~G59~09-2~09 - Jenny (2)}
jenny2042.jpg,147885,6b8174a9,\Gallery 59\09 - Jenny (2)\,{Shemale Yum Dvd03~G59~09-2~09 - Jenny (2)}
jenny2043.jpg,143551,a60e453b,\Gallery 59\09 - Jenny (2)\,{Shemale Yum Dvd03~G59~09-2~09 - Jenny (2)}
jenny2044.jpg,136410,96a47fa1,\Gallery 59\09 - Jenny (2)\,{Shemale Yum Dvd03~G59~09-2~09 - Jenny (2)}
jenny2045.jpg,127210,0b7b86ed,\Gallery 59\09 - Jenny (2)\,{Shemale Yum Dvd03~G59~09-2~09 - Jenny (2)}
jenny2046.jpg,142054,c5a8013a,\Gallery 59\09 - Jenny (2)\,{Shemale Yum Dvd03~G59~09-2~09 - Jenny (2)}
jenny2047.jpg,146243,ccc759dc,\Gallery 59\09 - Jenny (2)\,{Shemale Yum Dvd03~G59~09-2~09 - Jenny (2)}
jenny2048.jpg,154000,06409ae0,\Gallery 59\09 - Jenny (2)\,{Shemale Yum Dvd03~G59~09-2~09 - Jenny (2)}
jenny2049.jpg,180349,68eb1f80,\Gallery 59\09 - Jenny (2)\,{Shemale Yum Dvd03~G59~09-2~09 - Jenny (2)}
jenny2050.jpg,139611,91870f65,\Gallery 59\09 - Jenny (2)\,{Shemale Yum Dvd03~G59~09-2~09 - Jenny (2)}
jenny2051.jpg,129910,cbbc78a1,\Gallery 59\09 - Jenny (2)\,{Shemale Yum Dvd03~G59~09-2~09 - Jenny (2)}
jenny2052.jpg,201209,8fc66bdb,\Gallery 59\09 - Jenny (2)\,{Shemale Yum Dvd03~G59~09-2~09 - Jenny (2)}
jenny2053.jpg,124928,fbd1f2a7,\Gallery 59\09 - Jenny (2)\,{Shemale Yum Dvd03~G59~09-2~09 - Jenny (2)}
jenny2054.jpg,121581,a37b1cb2,\Gallery 59\09 - Jenny (2)\,{Shemale Yum Dvd03~G59~09-2~09 - Jenny (2)}
jenny2055.jpg,120663,bd63edee,\Gallery 59\09 - Jenny (2)\,{Shemale Yum Dvd03~G59~09-2~09 - Jenny (2)}
jenny2056.jpg,121869,09391d08,\Gallery 59\09 - Jenny (2)\,{Shemale Yum Dvd03~G59~09-2~09 - Jenny (2)}
jenny2057.jpg,141579,3e552d70,\Gallery 59\09 - Jenny (2)\,{Shemale Yum Dvd03~G59~09-2~09 - Jenny (2)}
jenny2058.jpg,122685,61d85a9b,\Gallery 59\09 - Jenny (2)\,{Shemale Yum Dvd03~G59~09-2~09 - Jenny (2)}
jenny2059.jpg,117569,4e3b0b8a,\Gallery 59\09 - Jenny (2)\,{Shemale Yum Dvd03~G59~09-2~09 - Jenny (2)}
jenny2060.jpg,142503,6c29f54f,\Gallery 59\09 - Jenny (2)\,{Shemale Yum Dvd03~G59~09-2~09 - Jenny (2)}
jenny2061.jpg,131805,6c01d046,\Gallery 59\09 - Jenny (2)\,{Shemale Yum Dvd03~G59~09-2~09 - Jenny (2)}
jenny2062.jpg,123526,6de76d07,\Gallery 59\09 - Jenny (2)\,{Shemale Yum Dvd03~G59~09-2~09 - Jenny (2)}
jenny2063.jpg,101315,2bbcccc9,\Gallery 59\09 - Jenny (2)\,{Shemale Yum Dvd03~G59~09-2~09 - Jenny (2)}
jenny2064.jpg,140399,1c17fc1b,\Gallery 59\09 - Jenny (2)\,{Shemale Yum Dvd03~G59~09-2~09 - Jenny (2)}
jenny2065.jpg,145658,08333f37,\Gallery 59\09 - Jenny (2)\,{Shemale Yum Dvd03~G59~09-2~09 - Jenny (2)}
jenny2066.jpg,138142,8d7ae9fe,\Gallery 59\09 - Jenny (2)\,{Shemale Yum Dvd03~G59~09-2~09 - Jenny (2)}
jenny2067.jpg,191916,37cd0c73,\Gallery 59\09 - Jenny (2)\,{Shemale Yum Dvd03~G59~09-2~09 - Jenny (2)}
jenny2068.jpg,164238,f2c46bd1,\Gallery 59\09 - Jenny (2)\,{Shemale Yum Dvd03~G59~09-2~09 - Jenny (2)}
jenny2069.jpg,169225,b289c8b9,\Gallery 59\09 - Jenny (2)\,{Shemale Yum Dvd03~G59~09-2~09 - Jenny (2)}
jenny2070.jpg,132061,180acfea,\Gallery 59\09 - Jenny (2)\,{Shemale Yum Dvd03~G59~09-2~09 - Jenny (2)}
jenny2071.jpg,138347,2cd0e706,\Gallery 59\09 - Jenny (2)\,{Shemale Yum Dvd03~G59~09-2~09 - Jenny (2)}
jenny2072.jpg,127863,8c089592,\Gallery 59\09 - Jenny (2)\,{Shemale Yum Dvd03~G59~09-2~09 - Jenny (2)}
jenny2073.jpg,146065,fbe18fb0,\Gallery 59\09 - Jenny (2)\,{Shemale Yum Dvd03~G59~09-2~09 - Jenny (2)}
jenny2074.jpg,186066,c4f4413d,\Gallery 59\09 - Jenny (2)\,{Shemale Yum Dvd03~G59~09-2~09 - Jenny (2)}
jenny2075.jpg,187324,4f35bef9,\Gallery 59\09 - Jenny (2)\,{Shemale Yum Dvd03~G59~09-2~09 - Jenny (2)}
jenny2076.jpg,146806,1c636760,\Gallery 59\09 - Jenny (2)\,{Shemale Yum Dvd03~G59~09-2~09 - Jenny (2)}
jenny2077.jpg,116283,1a3fb32e,\Gallery 59\09 - Jenny (2)\,{Shemale Yum Dvd03~G59~09-2~09 - Jenny (2)}
jenny2078.jpg,117473,be81638e,\Gallery 59\09 - Jenny (2)\,{Shemale Yum Dvd03~G59~09-2~09 - Jenny (2)}
jenny2079.jpg,135932,d891d0ef,\Gallery 59\09 - Jenny (2)\,{Shemale Yum Dvd03~G59~09-2~09 - Jenny (2)}
jenny2080.jpg,126466,7b592984,\Gallery 59\09 - Jenny (2)\,{Shemale Yum Dvd03~G59~09-2~09 - Jenny (2)}
jenny2081.jpg,139129,48e8c43b,\Gallery 59\09 - Jenny (2)\,{Shemale Yum Dvd03~G59~09-2~09 - Jenny (2)}
jenny2082.jpg,129592,5d522276,\Gallery 59\09 - Jenny (2)\,{Shemale Yum Dvd03~G59~09-2~09 - Jenny (2)}
jenny2083.jpg,126446,cc566913,\Gallery 59\09 - Jenny (2)\,{Shemale Yum Dvd03~G59~09-2~09 - Jenny (2)}
jenny2084.jpg,150868,adc0474a,\Gallery 59\09 - Jenny (2)\,{Shemale Yum Dvd03~G59~09-2~09 - Jenny (2)}
jenny2085.jpg,137557,9511d058,\Gallery 59\09 - Jenny (2)\,{Shemale Yum Dvd03~G59~09-2~09 - Jenny (2)}
jenny2086.jpg,137548,c76aa8fe,\Gallery 59\09 - Jenny (2)\,{Shemale Yum Dvd03~G59~09-2~09 - Jenny (2)}
jenny2087.jpg,140667,91469c0e,\Gallery 59\09 - Jenny (2)\,{Shemale Yum Dvd03~G59~09-2~09 - Jenny (2)}
jenny2088.jpg,148517,e1f130d1,\Gallery 59\09 - Jenny (2)\,{Shemale Yum Dvd03~G59~09-2~09 - Jenny (2)}
jenny2089.jpg,144883,d1ec323c,\Gallery 59\09 - Jenny (2)\,{Shemale Yum Dvd03~G59~09-2~09 - Jenny (2)}
jenny2090.jpg,147663,28632aa0,\Gallery 59\09 - Jenny (2)\,{Shemale Yum Dvd03~G59~09-2~09 - Jenny (2)}
jenny2091.jpg,197072,cabcc96a,\Gallery 59\09 - Jenny (2)\,{Shemale Yum Dvd03~G59~09-2~09 - Jenny (2)}
jenny2092.jpg,173437,e5bfef8c,\Gallery 59\09 - Jenny (2)\,{Shemale Yum Dvd03~G59~09-2~09 - Jenny (2)}
jenny2093.jpg,126704,7261e2a7,\Gallery 59\09 - Jenny (2)\,{Shemale Yum Dvd03~G59~09-2~09 - Jenny (2)}
jenny2094.jpg,143191,dfa1c9ec,\Gallery 59\09 - Jenny (2)\,{Shemale Yum Dvd03~G59~09-2~09 - Jenny (2)}
jenny2095.jpg,137437,19237ef1,\Gallery 59\09 - Jenny (2)\,{Shemale Yum Dvd03~G59~09-2~09 - Jenny (2)}
jenny2096.jpg,142557,7e40455c,\Gallery 59\09 - Jenny (2)\,{Shemale Yum Dvd03~G59~09-2~09 - Jenny (2)}
jenny2097.jpg,137479,a0ccba43,\Gallery 59\09 - Jenny (2)\,{Shemale Yum Dvd03~G59~09-2~09 - Jenny (2)}
jenny2098.jpg,134676,56a2f21c,\Gallery 59\09 - Jenny (2)\,{Shemale Yum Dvd03~G59~09-2~09 - Jenny (2)}
jenny2099.jpg,154877,23e210ea,\Gallery 59\09 - Jenny (2)\,{Shemale Yum Dvd03~G59~09-2~09 - Jenny (2)}
jenny2100.jpg,138002,60e3419f,\Gallery 59\09 - Jenny (2)\,{Shemale Yum Dvd03~G59~09-2~09 - Jenny (2)}
jenny2101.jpg,155219,14396ea2,\Gallery 59\09 - Jenny (2)\,{Shemale Yum Dvd03~G59~09-2~09 - Jenny (2)}
jenny2102.jpg,139453,5bc42f3c,\Gallery 59\09 - Jenny (2)\,{Shemale Yum Dvd03~G59~09-2~09 - Jenny (2)}
jenny2103.jpg,134769,9fc1a643,\Gallery 59\09 - Jenny (2)\,{Shemale Yum Dvd03~G59~09-2~09 - Jenny (2)}
jenny2104.jpg,152402,2de773b5,\Gallery 59\09 - Jenny (2)\,{Shemale Yum Dvd03~G59~09-2~09 - Jenny (2)}
jenny2105.jpg,140360,87f9f43f,\Gallery 59\09 - Jenny (2)\,{Shemale Yum Dvd03~G59~09-2~09 - Jenny (2)}
jenny2106.jpg,157939,4c4e6f84,\Gallery 59\09 - Jenny (2)\,{Shemale Yum Dvd03~G59~09-2~09 - Jenny (2)}
jenny2107.jpg,162789,69dd640c,\Gallery 59\09 - Jenny (2)\,{Shemale Yum Dvd03~G59~09-2~09 - Jenny (2)}
jenny2108.jpg,181751,768897d5,\Gallery 59\09 - Jenny (2)\,{Shemale Yum Dvd03~G59~09-2~09 - Jenny (2)}
jenny2109.jpg,185569,47bcb12d,\Gallery 59\09 - Jenny (2)\,{Shemale Yum Dvd03~G59~09-2~09 - Jenny (2)}
jenny2110.jpg,124517,54ef7ca0,\Gallery 59\09 - Jenny (2)\,{Shemale Yum Dvd03~G59~09-2~09 - Jenny (2)}
jenny2111.jpg,133307,734bef7d,\Gallery 59\09 - Jenny (2)\,{Shemale Yum Dvd03~G59~09-2~09 - Jenny (2)}
jenny2112.jpg,122243,85e1c40f,\Gallery 59\09 - Jenny (2)\,{Shemale Yum Dvd03~G59~09-2~09 - Jenny (2)}
jenny2113.jpg,130958,87b9fc49,\Gallery 59\09 - Jenny (2)\,{Shemale Yum Dvd03~G59~09-2~09 - Jenny (2)}
jenny2114.jpg,138182,8a22cee9,\Gallery 59\09 - Jenny (2)\,{Shemale Yum Dvd03~G59~09-2~09 - Jenny (2)}
jenny2115.jpg,119933,9b1ee17e,\Gallery 59\09 - Jenny (2)\,{Shemale Yum Dvd03~G59~09-2~09 - Jenny (2)}
jenny2116.jpg,118670,c8f39f0b,\Gallery 59\09 - Jenny (2)\,{Shemale Yum Dvd03~G59~09-2~09 - Jenny (2)}
jenny2117.jpg,130182,79a21966,\Gallery 59\09 - Jenny (2)\,{Shemale Yum Dvd03~G59~09-2~09 - Jenny (2)}
jenny2118.jpg,124628,87cd879f,\Gallery 59\09 - Jenny (2)\,{Shemale Yum Dvd03~G59~09-2~09 - Jenny (2)}
jenny2119.jpg,130452,dc4a1a46,\Gallery 59\09 - Jenny (2)\,{Shemale Yum Dvd03~G59~09-2~09 - Jenny (2)}
jenny2120.jpg,130883,fbc412e0,\Gallery 59\09 - Jenny (2)\,{Shemale Yum Dvd03~G59~09-2~09 - Jenny (2)}
jenny2121.jpg,131035,97e35f08,\Gallery 59\09 - Jenny (2)\,{Shemale Yum Dvd03~G59~09-2~09 - Jenny (2)}
jenny2122.jpg,129150,4e826dea,\Gallery 59\09 - Jenny (2)\,{Shemale Yum Dvd03~G59~09-2~09 - Jenny (2)}
jenny2123.jpg,135067,4d26dfa3,\Gallery 59\09 - Jenny (2)\,{Shemale Yum Dvd03~G59~09-2~09 - Jenny (2)}
jenny2124.jpg,132283,655133b1,\Gallery 59\09 - Jenny (2)\,{Shemale Yum Dvd03~G59~09-2~09 - Jenny (2)}
jenny2125.jpg,123867,bc71a87b,\Gallery 59\09 - Jenny (2)\,{Shemale Yum Dvd03~G59~09-2~09 - Jenny (2)}
michelleb001.jpg,125980,ae080369,\Gallery 59\10 - Michelle\,{Shemale Yum Dvd03~G59~10~10 - Michelle}
michelleb002.jpg,120390,6de30e31,\Gallery 59\10 - Michelle\,{Shemale Yum Dvd03~G59~10~10 - Michelle}
michelleb003.jpg,126714,645b56c6,\Gallery 59\10 - Michelle\,{Shemale Yum Dvd03~G59~10~10 - Michelle}
michelleb004.jpg,121931,a76c7a48,\Gallery 59\10 - Michelle\,{Shemale Yum Dvd03~G59~10~10 - Michelle}
michelleb005.jpg,121522,7297d54b,\Gallery 59\10 - Michelle\,{Shemale Yum Dvd03~G59~10~10 - Michelle}
michelleb006.jpg,116930,17cf4818,\Gallery 59\10 - Michelle\,{Shemale Yum Dvd03~G59~10~10 - Michelle}
michelleb007.jpg,117400,ef58ebed,\Gallery 59\10 - Michelle\,{Shemale Yum Dvd03~G59~10~10 - Michelle}
michelleb008.jpg,124533,867dfbad,\Gallery 59\10 - Michelle\,{Shemale Yum Dvd03~G59~10~10 - Michelle}
michelleb009.jpg,115456,aa9ec661,\Gallery 59\10 - Michelle\,{Shemale Yum Dvd03~G59~10~10 - Michelle}
michelleb010.jpg,116721,3143b207,\Gallery 59\10 - Michelle\,{Shemale Yum Dvd03~G59~10~10 - Michelle}
michelleb011.jpg,119170,f78e4e00,\Gallery 59\10 - Michelle\,{Shemale Yum Dvd03~G59~10~10 - Michelle}
michelleb012.jpg,122085,602b00d9,\Gallery 59\10 - Michelle\,{Shemale Yum Dvd03~G59~10~10 - Michelle}
michelleb013.jpg,113481,e953de82,\Gallery 59\10 - Michelle\,{Shemale Yum Dvd03~G59~10~10 - Michelle}
michelleb014.jpg,117927,edd17847,\Gallery 59\10 - Michelle\,{Shemale Yum Dvd03~G59~10~10 - Michelle}
michelleb015.jpg,117355,284ad07a,\Gallery 59\10 - Michelle\,{Shemale Yum Dvd03~G59~10~10 - Michelle}
michelleb016.jpg,116554,73e5a7b4,\Gallery 59\10 - Michelle\,{Shemale Yum Dvd03~G59~10~10 - Michelle}
michelleb017.jpg,116056,90ca5703,\Gallery 59\10 - Michelle\,{Shemale Yum Dvd03~G59~10~10 - Michelle}
michelleb019.jpg,102720,262aef42,\Gallery 59\10 - Michelle\,{Shemale Yum Dvd03~G59~10~10 - Michelle}
michelleb020.jpg,103768,2540f57b,\Gallery 59\10 - Michelle\,{Shemale Yum Dvd03~G59~10~10 - Michelle}
michelleb021.jpg,111235,509f07f7,\Gallery 59\10 - Michelle\,{Shemale Yum Dvd03~G59~10~10 - Michelle}
michelleb022.jpg,97785,56f7cdd7,\Gallery 59\10 - Michelle\,{Shemale Yum Dvd03~G59~10~10 - Michelle}
michelleb024.jpg,121187,46fb49ff,\Gallery 59\10 - Michelle\,{Shemale Yum Dvd03~G59~10~10 - Michelle}
michelleb025.jpg,95464,2dd6d955,\Gallery 59\10 - Michelle\,{Shemale Yum Dvd03~G59~10~10 - Michelle}
michelleb026.jpg,109752,af211324,\Gallery 59\10 - Michelle\,{Shemale Yum Dvd03~G59~10~10 - Michelle}
michelleb027.jpg,117388,d8cdf8a2,\Gallery 59\10 - Michelle\,{Shemale Yum Dvd03~G59~10~10 - Michelle}
michelleb028.jpg,149125,19ddcd50,\Gallery 59\10 - Michelle\,{Shemale Yum Dvd03~G59~10~10 - Michelle}
michelleb029.jpg,108408,c79d825a,\Gallery 59\10 - Michelle\,{Shemale Yum Dvd03~G59~10~10 - Michelle}
michelleb030.jpg,108650,37c843d6,\Gallery 59\10 - Michelle\,{Shemale Yum Dvd03~G59~10~10 - Michelle}
michelleb031.jpg,140043,4a1a4983,\Gallery 59\10 - Michelle\,{Shemale Yum Dvd03~G59~10~10 - Michelle}
michelleb032.jpg,150851,3eedb636,\Gallery 59\10 - Michelle\,{Shemale Yum Dvd03~G59~10~10 - Michelle}
michelleb033.jpg,117072,b8d0d5e8,\Gallery 59\10 - Michelle\,{Shemale Yum Dvd03~G59~10~10 - Michelle}
michelleb034.jpg,145579,c4c4bc4a,\Gallery 59\10 - Michelle\,{Shemale Yum Dvd03~G59~10~10 - Michelle}
michelleb035.jpg,124576,7b78abb2,\Gallery 59\10 - Michelle\,{Shemale Yum Dvd03~G59~10~10 - Michelle}
michelleb036.jpg,123770,b5ff9009,\Gallery 59\10 - Michelle\,{Shemale Yum Dvd03~G59~10~10 - Michelle}
michelleb037.jpg,129227,7e6431e5,\Gallery 59\10 - Michelle\,{Shemale Yum Dvd03~G59~10~10 - Michelle}
michelleb038.jpg,146279,250179c3,\Gallery 59\10 - Michelle\,{Shemale Yum Dvd03~G59~10~10 - Michelle}
michelleb039.jpg,140889,9460cf8a,\Gallery 59\10 - Michelle\,{Shemale Yum Dvd03~G59~10~10 - Michelle}
michelleb040.jpg,120017,868f3324,\Gallery 59\10 - Michelle\,{Shemale Yum Dvd03~G59~10~10 - Michelle}
michelleb041.jpg,113309,b46f8e3f,\Gallery 59\10 - Michelle\,{Shemale Yum Dvd03~G59~10~10 - Michelle}
michelleb042.jpg,114611,8ffb4ffb,\Gallery 59\10 - Michelle\,{Shemale Yum Dvd03~G59~10~10 - Michelle}
michelleb043.jpg,116627,718071eb,\Gallery 59\10 - Michelle\,{Shemale Yum Dvd03~G59~10~10 - Michelle}
michelleb044.jpg,119202,d3667ef6,\Gallery 59\10 - Michelle\,{Shemale Yum Dvd03~G59~10~10 - Michelle}
michelleb045.jpg,118618,277206bc,\Gallery 59\10 - Michelle\,{Shemale Yum Dvd03~G59~10~10 - Michelle}
michelleb046.jpg,116817,5c4b218e,\Gallery 59\10 - Michelle\,{Shemale Yum Dvd03~G59~10~10 - Michelle}
michelleb047.jpg,142975,16cc5f8a,\Gallery 59\10 - Michelle\,{Shemale Yum Dvd03~G59~10~10 - Michelle}
michelleb048.jpg,143320,2c86600c,\Gallery 59\10 - Michelle\,{Shemale Yum Dvd03~G59~10~10 - Michelle}
michelleb049.jpg,154218,403acd9c,\Gallery 59\10 - Michelle\,{Shemale Yum Dvd03~G59~10~10 - Michelle}
michelleb050.jpg,144899,3111cf3f,\Gallery 59\10 - Michelle\,{Shemale Yum Dvd03~G59~10~10 - Michelle}
michelleb051.jpg,144718,f1142a8e,\Gallery 59\10 - Michelle\,{Shemale Yum Dvd03~G59~10~10 - Michelle}
michelleb052.jpg,142633,c1a9daf4,\Gallery 59\10 - Michelle\,{Shemale Yum Dvd03~G59~10~10 - Michelle}
michelleb053.jpg,151711,b3d89f18,\Gallery 59\10 - Michelle\,{Shemale Yum Dvd03~G59~10~10 - Michelle}
michelleb054.jpg,141146,53e8c3df,\Gallery 59\10 - Michelle\,{Shemale Yum Dvd03~G59~10~10 - Michelle}
michelleb055.jpg,123897,5156a090,\Gallery 59\10 - Michelle\,{Shemale Yum Dvd03~G59~10~10 - Michelle}
michelleb056.jpg,110335,c5c45786,\Gallery 59\10 - Michelle\,{Shemale Yum Dvd03~G59~10~10 - Michelle}
michelleb057.jpg,117459,664ee503,\Gallery 59\10 - Michelle\,{Shemale Yum Dvd03~G59~10~10 - Michelle}
michelleb058.jpg,139823,d9d613d6,\Gallery 59\10 - Michelle\,{Shemale Yum Dvd03~G59~10~10 - Michelle}
michelleb059.jpg,141615,f98635c1,\Gallery 59\10 - Michelle\,{Shemale Yum Dvd03~G59~10~10 - Michelle}
michelleb060.jpg,116843,f7fcae51,\Gallery 59\10 - Michelle\,{Shemale Yum Dvd03~G59~10~10 - Michelle}
michelleb061.jpg,127386,7034a494,\Gallery 59\10 - Michelle\,{Shemale Yum Dvd03~G59~10~10 - Michelle}
michelleb062.jpg,106836,d3ac3679,\Gallery 59\10 - Michelle\,{Shemale Yum Dvd03~G59~10~10 - Michelle}
michelleb063.jpg,114183,8f82e58b,\Gallery 59\10 - Michelle\,{Shemale Yum Dvd03~G59~10~10 - Michelle}
michelleb064.jpg,117466,83c485f2,\Gallery 59\10 - Michelle\,{Shemale Yum Dvd03~G59~10~10 - Michelle}
michelleb065.jpg,115867,0dd7c609,\Gallery 59\10 - Michelle\,{Shemale Yum Dvd03~G59~10~10 - Michelle}
michelleb066.jpg,125038,38bf0482,\Gallery 59\10 - Michelle\,{Shemale Yum Dvd03~G59~10~10 - Michelle}
michelleb067.jpg,116424,edfc4792,\Gallery 59\10 - Michelle\,{Shemale Yum Dvd03~G59~10~10 - Michelle}
michelleb068.jpg,110112,90c162fe,\Gallery 59\10 - Michelle\,{Shemale Yum Dvd03~G59~10~10 - Michelle}
michelleb069.jpg,113310,5bc535db,\Gallery 59\10 - Michelle\,{Shemale Yum Dvd03~G59~10~10 - Michelle}
michelleb070.jpg,128568,cde458cf,\Gallery 59\10 - Michelle\,{Shemale Yum Dvd03~G59~10~10 - Michelle}
michelleb071.jpg,106733,e1d45195,\Gallery 59\10 - Michelle\,{Shemale Yum Dvd03~G59~10~10 - Michelle}
michelleb072.jpg,106287,99136f0f,\Gallery 59\10 - Michelle\,{Shemale Yum Dvd03~G59~10~10 - Michelle}
michelleb073.jpg,110760,d96a45aa,\Gallery 59\10 - Michelle\,{Shemale Yum Dvd03~G59~10~10 - Michelle}
michelleb074.jpg,112216,0edac387,\Gallery 59\10 - Michelle\,{Shemale Yum Dvd03~G59~10~10 - Michelle}
michelleb075.jpg,157244,28ee0522,\Gallery 59\10 - Michelle\,{Shemale Yum Dvd03~G59~10~10 - Michelle}
michelleb076.jpg,100471,5539ce51,\Gallery 59\10 - Michelle\,{Shemale Yum Dvd03~G59~10~10 - Michelle}
michelleb077.jpg,108010,8a88b264,\Gallery 59\10 - Michelle\,{Shemale Yum Dvd03~G59~10~10 - Michelle}
michelleb078.jpg,119229,284d5362,\Gallery 59\10 - Michelle\,{Shemale Yum Dvd03~G59~10~10 - Michelle}
michelleb079.jpg,120884,8b02c880,\Gallery 59\10 - Michelle\,{Shemale Yum Dvd03~G59~10~10 - Michelle}
michelleb080.jpg,110491,a33f40df,\Gallery 59\10 - Michelle\,{Shemale Yum Dvd03~G59~10~10 - Michelle}
michelleb081.jpg,179785,29966271,\Gallery 59\10 - Michelle\,{Shemale Yum Dvd03~G59~10~10 - Michelle}
michelleb082.jpg,82095,9fdcc7e6,\Gallery 59\10 - Michelle\,{Shemale Yum Dvd03~G59~10~10 - Michelle}
michelleb083.jpg,122882,eb9a314f,\Gallery 59\10 - Michelle\,{Shemale Yum Dvd03~G59~10~10 - Michelle}
michelleb084.jpg,157050,6bbcac51,\Gallery 59\10 - Michelle\,{Shemale Yum Dvd03~G59~10~10 - Michelle}
michelleb085.jpg,152024,98694a9f,\Gallery 59\10 - Michelle\,{Shemale Yum Dvd03~G59~10~10 - Michelle}
michelleb086.jpg,116120,55779916,\Gallery 59\10 - Michelle\,{Shemale Yum Dvd03~G59~10~10 - Michelle}
michelleb087.jpg,124095,67345956,\Gallery 59\10 - Michelle\,{Shemale Yum Dvd03~G59~10~10 - Michelle}
michelleb088.jpg,111513,b0a587df,\Gallery 59\10 - Michelle\,{Shemale Yum Dvd03~G59~10~10 - Michelle}
michelleb089.jpg,143283,c01a18db,\Gallery 59\10 - Michelle\,{Shemale Yum Dvd03~G59~10~10 - Michelle}
michelleb090.jpg,123498,e58d9528,\Gallery 59\10 - Michelle\,{Shemale Yum Dvd03~G59~10~10 - Michelle}
michelleb091.jpg,149934,64c1144e,\Gallery 59\10 - Michelle\,{Shemale Yum Dvd03~G59~10~10 - Michelle}
michelleb092.jpg,120071,6f52286e,\Gallery 59\10 - Michelle\,{Shemale Yum Dvd03~G59~10~10 - Michelle}
michelleb093.jpg,125925,b9350f70,\Gallery 59\10 - Michelle\,{Shemale Yum Dvd03~G59~10~10 - Michelle}
michelleb094.jpg,169870,1a9d7f6d,\Gallery 59\10 - Michelle\,{Shemale Yum Dvd03~G59~10~10 - Michelle}
michelleb095.jpg,117688,8be75d28,\Gallery 59\10 - Michelle\,{Shemale Yum Dvd03~G59~10~10 - Michelle}
michelleb096.jpg,122838,e388d4eb,\Gallery 59\10 - Michelle\,{Shemale Yum Dvd03~G59~10~10 - Michelle}
michelleb097.jpg,157504,6b9f418b,\Gallery 59\10 - Michelle\,{Shemale Yum Dvd03~G59~10~10 - Michelle}
michelleb098.jpg,112413,af992f7f,\Gallery 59\10 - Michelle\,{Shemale Yum Dvd03~G59~10~10 - Michelle}
michelleb099.jpg,106786,a3bc72a2,\Gallery 59\10 - Michelle\,{Shemale Yum Dvd03~G59~10~10 - Michelle}
michelleb100.jpg,115132,1e913784,\Gallery 59\10 - Michelle\,{Shemale Yum Dvd03~G59~10~10 - Michelle}
michelleb101.jpg,179995,d1ea0ff4,\Gallery 59\10 - Michelle\,{Shemale Yum Dvd03~G59~10~10 - Michelle}
michelleb102.jpg,180200,4f8b1dbf,\Gallery 59\10 - Michelle\,{Shemale Yum Dvd03~G59~10~10 - Michelle}
michelleb103.jpg,115698,95c35685,\Gallery 59\10 - Michelle\,{Shemale Yum Dvd03~G59~10~10 - Michelle}
michjerry001.jpg,142865,7a82e55d,\Gallery 59\10 - Michelle (2)\,{Shemale Yum Dvd03~G59~10-2~10 - Michelle (2)}
michjerry002.jpg,169915,161f860a,\Gallery 59\10 - Michelle (2)\,{Shemale Yum Dvd03~G59~10-2~10 - Michelle (2)}
michjerry003.jpg,173058,e93de1f8,\Gallery 59\10 - Michelle (2)\,{Shemale Yum Dvd03~G59~10-2~10 - Michelle (2)}
michjerry004.jpg,191412,8718cc8f,\Gallery 59\10 - Michelle (2)\,{Shemale Yum Dvd03~G59~10-2~10 - Michelle (2)}
michjerry005.jpg,160558,f286dca1,\Gallery 59\10 - Michelle (2)\,{Shemale Yum Dvd03~G59~10-2~10 - Michelle (2)}
michjerry006.jpg,181813,29746991,\Gallery 59\10 - Michelle (2)\,{Shemale Yum Dvd03~G59~10-2~10 - Michelle (2)}
michjerry007.jpg,166757,f660856e,\Gallery 59\10 - Michelle (2)\,{Shemale Yum Dvd03~G59~10-2~10 - Michelle (2)}
michjerry008.jpg,172240,801f33d7,\Gallery 59\10 - Michelle (2)\,{Shemale Yum Dvd03~G59~10-2~10 - Michelle (2)}
michjerry009.jpg,184528,7bcc11b7,\Gallery 59\10 - Michelle (2)\,{Shemale Yum Dvd03~G59~10-2~10 - Michelle (2)}
michjerry010.jpg,179843,9d4a4c1c,\Gallery 59\10 - Michelle (2)\,{Shemale Yum Dvd03~G59~10-2~10 - Michelle (2)}
michjerry011.jpg,172213,da9d4947,\Gallery 59\10 - Michelle (2)\,{Shemale Yum Dvd03~G59~10-2~10 - Michelle (2)}
michjerry012.jpg,181343,48e1aa63,\Gallery 59\10 - Michelle (2)\,{Shemale Yum Dvd03~G59~10-2~10 - Michelle (2)}
michjerry013.jpg,173874,be1470c2,\Gallery 59\10 - Michelle (2)\,{Shemale Yum Dvd03~G59~10-2~10 - Michelle (2)}
michjerry014.jpg,164136,42c1a547,\Gallery 59\10 - Michelle (2)\,{Shemale Yum Dvd03~G59~10-2~10 - Michelle (2)}
michjerry015.jpg,174238,3bde80cb,\Gallery 59\10 - Michelle (2)\,{Shemale Yum Dvd03~G59~10-2~10 - Michelle (2)}
michjerry016.jpg,161446,c89323f5,\Gallery 59\10 - Michelle (2)\,{Shemale Yum Dvd03~G59~10-2~10 - Michelle (2)}
michjerry017.jpg,148622,c6983dff,\Gallery 59\10 - Michelle (2)\,{Shemale Yum Dvd03~G59~10-2~10 - Michelle (2)}
michjerry018.jpg,168106,4ef9c009,\Gallery 59\10 - Michelle (2)\,{Shemale Yum Dvd03~G59~10-2~10 - Michelle (2)}
michjerry019.jpg,172889,d3eb3579,\Gallery 59\10 - Michelle (2)\,{Shemale Yum Dvd03~G59~10-2~10 - Michelle (2)}
michjerry020.jpg,171711,31ce1abe,\Gallery 59\10 - Michelle (2)\,{Shemale Yum Dvd03~G59~10-2~10 - Michelle (2)}
michjerry021.jpg,148327,925c8580,\Gallery 59\10 - Michelle (2)\,{Shemale Yum Dvd03~G59~10-2~10 - Michelle (2)}
michjerry022.jpg,179334,d1badd1a,\Gallery 59\10 - Michelle (2)\,{Shemale Yum Dvd03~G59~10-2~10 - Michelle (2)}
michjerry023.jpg,176267,4f05a0c2,\Gallery 59\10 - Michelle (2)\,{Shemale Yum Dvd03~G59~10-2~10 - Michelle (2)}
michjerry024.jpg,163883,65f0773b,\Gallery 59\10 - Michelle (2)\,{Shemale Yum Dvd03~G59~10-2~10 - Michelle (2)}
michjerry025.jpg,151433,89b3904a,\Gallery 59\10 - Michelle (2)\,{Shemale Yum Dvd03~G59~10-2~10 - Michelle (2)}
michjerry026.jpg,176383,3036276b,\Gallery 59\10 - Michelle (2)\,{Shemale Yum Dvd03~G59~10-2~10 - Michelle (2)}
michjerry027.jpg,178903,94b5d287,\Gallery 59\10 - Michelle (2)\,{Shemale Yum Dvd03~G59~10-2~10 - Michelle (2)}
michjerry028.jpg,163253,9a631ea5,\Gallery 59\10 - Michelle (2)\,{Shemale Yum Dvd03~G59~10-2~10 - Michelle (2)}
michjerry029.jpg,145878,b962fd94,\Gallery 59\10 - Michelle (2)\,{Shemale Yum Dvd03~G59~10-2~10 - Michelle (2)}
michjerry030.jpg,119801,0969becf,\Gallery 59\10 - Michelle (2)\,{Shemale Yum Dvd03~G59~10-2~10 - Michelle (2)}
michjerry031.jpg,131528,79b4cc9a,\Gallery 59\10 - Michelle (2)\,{Shemale Yum Dvd03~G59~10-2~10 - Michelle (2)}
michjerry032.jpg,137600,8ff937e0,\Gallery 59\10 - Michelle (2)\,{Shemale Yum Dvd03~G59~10-2~10 - Michelle (2)}
michjerry033.jpg,143463,8a9f2d87,\Gallery 59\10 - Michelle (2)\,{Shemale Yum Dvd03~G59~10-2~10 - Michelle (2)}
michjerry034.jpg,166549,b1959f86,\Gallery 59\10 - Michelle (2)\,{Shemale Yum Dvd03~G59~10-2~10 - Michelle (2)}
michjerry035.jpg,185696,721fb650,\Gallery 59\10 - Michelle (2)\,{Shemale Yum Dvd03~G59~10-2~10 - Michelle (2)}
michjerry036.jpg,143841,e17db796,\Gallery 59\10 - Michelle (2)\,{Shemale Yum Dvd03~G59~10-2~10 - Michelle (2)}
michjerry037.jpg,168325,7a21bda0,\Gallery 59\10 - Michelle (2)\,{Shemale Yum Dvd03~G59~10-2~10 - Michelle (2)}
michjerry038.jpg,163806,749295cf,\Gallery 59\10 - Michelle (2)\,{Shemale Yum Dvd03~G59~10-2~10 - Michelle (2)}
michjerry039.jpg,156045,72316d1b,\Gallery 59\10 - Michelle (2)\,{Shemale Yum Dvd03~G59~10-2~10 - Michelle (2)}
michjerry040.jpg,156877,f0d62af4,\Gallery 59\10 - Michelle (2)\,{Shemale Yum Dvd03~G59~10-2~10 - Michelle (2)}
michjerry041.jpg,152067,e243280e,\Gallery 59\10 - Michelle (2)\,{Shemale Yum Dvd03~G59~10-2~10 - Michelle (2)}
michjerry042.jpg,147149,45100a35,\Gallery 59\10 - Michelle (2)\,{Shemale Yum Dvd03~G59~10-2~10 - Michelle (2)}
michjerry043.jpg,173996,6bba20c4,\Gallery 59\10 - Michelle (2)\,{Shemale Yum Dvd03~G59~10-2~10 - Michelle (2)}
michjerry044.jpg,181942,da2ecd9c,\Gallery 59\10 - Michelle (2)\,{Shemale Yum Dvd03~G59~10-2~10 - Michelle (2)}
michjerry045.jpg,146042,ac744a4e,\Gallery 59\10 - Michelle (2)\,{Shemale Yum Dvd03~G59~10-2~10 - Michelle (2)}
michjerry046.jpg,163792,5c992acd,\Gallery 59\10 - Michelle (2)\,{Shemale Yum Dvd03~G59~10-2~10 - Michelle (2)}
michjerry047.jpg,187233,fa585556,\Gallery 59\10 - Michelle (2)\,{Shemale Yum Dvd03~G59~10-2~10 - Michelle (2)}
michjerry048.jpg,186181,7c1bd027,\Gallery 59\10 - Michelle (2)\,{Shemale Yum Dvd03~G59~10-2~10 - Michelle (2)}
michjerry049.jpg,149861,6817a5cd,\Gallery 59\10 - Michelle (2)\,{Shemale Yum Dvd03~G59~10-2~10 - Michelle (2)}
michjerry050.jpg,139695,269d200d,\Gallery 59\10 - Michelle (2)\,{Shemale Yum Dvd03~G59~10-2~10 - Michelle (2)}
michjerry051.jpg,149386,3a0706cf,\Gallery 59\10 - Michelle (2)\,{Shemale Yum Dvd03~G59~10-2~10 - Michelle (2)}
michjerry052.jpg,123611,cde95260,\Gallery 59\10 - Michelle (2)\,{Shemale Yum Dvd03~G59~10-2~10 - Michelle (2)}
michjerry053.jpg,112379,804b8285,\Gallery 59\10 - Michelle (2)\,{Shemale Yum Dvd03~G59~10-2~10 - Michelle (2)}
michjerry054.jpg,128602,d74aa6b2,\Gallery 59\10 - Michelle (2)\,{Shemale Yum Dvd03~G59~10-2~10 - Michelle (2)}
michjerry055.jpg,123763,2ac36963,\Gallery 59\10 - Michelle (2)\,{Shemale Yum Dvd03~G59~10-2~10 - Michelle (2)}
michjerry056.jpg,164432,293079bd,\Gallery 59\10 - Michelle (2)\,{Shemale Yum Dvd03~G59~10-2~10 - Michelle (2)}
michjerry057.jpg,103248,d3742202,\Gallery 59\10 - Michelle (2)\,{Shemale Yum Dvd03~G59~10-2~10 - Michelle (2)}
michjerry058.jpg,153729,70f6bc01,\Gallery 59\10 - Michelle (2)\,{Shemale Yum Dvd03~G59~10-2~10 - Michelle (2)}
michjerry059.jpg,153022,5ef85cbd,\Gallery 59\10 - Michelle (2)\,{Shemale Yum Dvd03~G59~10-2~10 - Michelle (2)}
michjerry060.jpg,107676,5c2682da,\Gallery 59\10 - Michelle (2)\,{Shemale Yum Dvd03~G59~10-2~10 - Michelle (2)}
michjerry061.jpg,80211,36c50d85,\Gallery 59\10 - Michelle (2)\,{Shemale Yum Dvd03~G59~10-2~10 - Michelle (2)}
michjerry062.jpg,94486,f4fa38fb,\Gallery 59\10 - Michelle (2)\,{Shemale Yum Dvd03~G59~10-2~10 - Michelle (2)}
michjerry063.jpg,103381,484a22b6,\Gallery 59\10 - Michelle (2)\,{Shemale Yum Dvd03~G59~10-2~10 - Michelle (2)}
michjerry064.jpg,175265,9bcee4eb,\Gallery 59\10 - Michelle (2)\,{Shemale Yum Dvd03~G59~10-2~10 - Michelle (2)}
michjerry065.jpg,98620,d616a3e3,\Gallery 59\10 - Michelle (2)\,{Shemale Yum Dvd03~G59~10-2~10 - Michelle (2)}
michjerry066.jpg,133579,fc0e87c0,\Gallery 59\10 - Michelle (2)\,{Shemale Yum Dvd03~G59~10-2~10 - Michelle (2)}
michjerry067.jpg,89031,141930cb,\Gallery 59\10 - Michelle (2)\,{Shemale Yum Dvd03~G59~10-2~10 - Michelle (2)}
michjerry068.jpg,87798,42681d25,\Gallery 59\10 - Michelle (2)\,{Shemale Yum Dvd03~G59~10-2~10 - Michelle (2)}
michjerry069.jpg,141346,312d1d85,\Gallery 59\10 - Michelle (2)\,{Shemale Yum Dvd03~G59~10-2~10 - Michelle (2)}
michjerry070.jpg,131521,7cd98305,\Gallery 59\10 - Michelle (2)\,{Shemale Yum Dvd03~G59~10-2~10 - Michelle (2)}
michjerry071.jpg,147910,8e7942cb,\Gallery 59\10 - Michelle (2)\,{Shemale Yum Dvd03~G59~10-2~10 - Michelle (2)}
michjerry072.jpg,163384,d56f13e5,\Gallery 59\10 - Michelle (2)\,{Shemale Yum Dvd03~G59~10-2~10 - Michelle (2)}
michjerry073.jpg,174296,882097e1,\Gallery 59\10 - Michelle (2)\,{Shemale Yum Dvd03~G59~10-2~10 - Michelle (2)}
michjerry074.jpg,184591,616fd970,\Gallery 59\10 - Michelle (2)\,{Shemale Yum Dvd03~G59~10-2~10 - Michelle (2)}
michjerry075.jpg,176416,516c8e62,\Gallery 59\10 - Michelle (2)\,{Shemale Yum Dvd03~G59~10-2~10 - Michelle (2)}
michjerry076.jpg,149262,2857acda,\Gallery 59\10 - Michelle (2)\,{Shemale Yum Dvd03~G59~10-2~10 - Michelle (2)}
michjerry077.jpg,142643,b971d7d6,\Gallery 59\10 - Michelle (2)\,{Shemale Yum Dvd03~G59~10-2~10 - Michelle (2)}
michjerry078.jpg,167789,d746f76c,\Gallery 59\10 - Michelle (2)\,{Shemale Yum Dvd03~G59~10-2~10 - Michelle (2)}
michjerry079.jpg,128888,c350e961,\Gallery 59\10 - Michelle (2)\,{Shemale Yum Dvd03~G59~10-2~10 - Michelle (2)}
michjerry080.jpg,157392,fd66687a,\Gallery 59\10 - Michelle (2)\,{Shemale Yum Dvd03~G59~10-2~10 - Michelle (2)}
michjerry081.jpg,142936,391d3c60,\Gallery 59\10 - Michelle (2)\,{Shemale Yum Dvd03~G59~10-2~10 - Michelle (2)}
michjerry082.jpg,149986,708f7712,\Gallery 59\10 - Michelle (2)\,{Shemale Yum Dvd03~G59~10-2~10 - Michelle (2)}
michjerry083.jpg,148685,0ddbc0ea,\Gallery 59\10 - Michelle (2)\,{Shemale Yum Dvd03~G59~10-2~10 - Michelle (2)}
michjerry084.jpg,145317,c7ac509e,\Gallery 59\10 - Michelle (2)\,{Shemale Yum Dvd03~G59~10-2~10 - Michelle (2)}
michjerry085.jpg,116496,a3de317a,\Gallery 59\10 - Michelle (2)\,{Shemale Yum Dvd03~G59~10-2~10 - Michelle (2)}
michjerry086.jpg,72260,7aafc9ee,\Gallery 59\10 - Michelle (2)\,{Shemale Yum Dvd03~G59~10-2~10 - Michelle (2)}
michjerry087.jpg,169437,52c0de5a,\Gallery 59\10 - Michelle (2)\,{Shemale Yum Dvd03~G59~10-2~10 - Michelle (2)}
michjerry088.jpg,156951,9e720318,\Gallery 59\10 - Michelle (2)\,{Shemale Yum Dvd03~G59~10-2~10 - Michelle (2)}
michjerry089.jpg,151000,5d7625c4,\Gallery 59\10 - Michelle (2)\,{Shemale Yum Dvd03~G59~10-2~10 - Michelle (2)}
michjerry090.jpg,155316,e3144fb7,\Gallery 59\10 - Michelle (2)\,{Shemale Yum Dvd03~G59~10-2~10 - Michelle (2)}
michjerry091.jpg,174606,bbf8f37e,\Gallery 59\10 - Michelle (2)\,{Shemale Yum Dvd03~G59~10-2~10 - Michelle (2)}
michjerry092.jpg,132810,0903c6b5,\Gallery 59\10 - Michelle (2)\,{Shemale Yum Dvd03~G59~10-2~10 - Michelle (2)}
michjerry093.jpg,133343,21213a99,\Gallery 59\10 - Michelle (2)\,{Shemale Yum Dvd03~G59~10-2~10 - Michelle (2)}
michjerry094.jpg,177340,b87b0389,\Gallery 59\10 - Michelle (2)\,{Shemale Yum Dvd03~G59~10-2~10 - Michelle (2)}
michjerry095.jpg,141229,f80f0ce5,\Gallery 59\10 - Michelle (2)\,{Shemale Yum Dvd03~G59~10-2~10 - Michelle (2)}
michjerry096.jpg,137484,4292ccb7,\Gallery 59\10 - Michelle (2)\,{Shemale Yum Dvd03~G59~10-2~10 - Michelle (2)}
michjerry097.jpg,183537,b50f6749,\Gallery 59\10 - Michelle (2)\,{Shemale Yum Dvd03~G59~10-2~10 - Michelle (2)}
michjerry098.jpg,174465,c6476363,\Gallery 59\10 - Michelle (2)\,{Shemale Yum Dvd03~G59~10-2~10 - Michelle (2)}
mariah1001.jpg,162374,caff3a7e,\Gallery 58\01 - Mariah\,{Shemale Yum Dvd03~G58~01~01 - Mariah}
mariah1002.jpg,176133,49a75d64,\Gallery 58\01 - Mariah\,{Shemale Yum Dvd03~G58~01~01 - Mariah}
mariah1003.jpg,162163,0261c34e,\Gallery 58\01 - Mariah\,{Shemale Yum Dvd03~G58~01~01 - Mariah}
mariah1004.jpg,162493,02a71ba7,\Gallery 58\01 - Mariah\,{Shemale Yum Dvd03~G58~01~01 - Mariah}
mariah1005.jpg,158200,883caf9a,\Gallery 58\01 - Mariah\,{Shemale Yum Dvd03~G58~01~01 - Mariah}
mariah1007.jpg,160191,13062057,\Gallery 58\01 - Mariah\,{Shemale Yum Dvd03~G58~01~01 - Mariah}
mariah1009.jpg,155852,72443f02,\Gallery 58\01 - Mariah\,{Shemale Yum Dvd03~G58~01~01 - Mariah}
mariah1010.jpg,154529,900d2810,\Gallery 58\01 - Mariah\,{Shemale Yum Dvd03~G58~01~01 - Mariah}
mariah1012.jpg,153373,d43dfd31,\Gallery 58\01 - Mariah\,{Shemale Yum Dvd03~G58~01~01 - Mariah}
mariah1013.jpg,158250,448f4e38,\Gallery 58\01 - Mariah\,{Shemale Yum Dvd03~G58~01~01 - Mariah}
mariah1014.jpg,181316,c4900cd6,\Gallery 58\01 - Mariah\,{Shemale Yum Dvd03~G58~01~01 - Mariah}
mariah1015.jpg,169338,030e3e3c,\Gallery 58\01 - Mariah\,{Shemale Yum Dvd03~G58~01~01 - Mariah}
mariah1016.jpg,163656,c7b815fd,\Gallery 58\01 - Mariah\,{Shemale Yum Dvd03~G58~01~01 - Mariah}
mariah1017.jpg,193103,1ed1d3d0,\Gallery 58\01 - Mariah\,{Shemale Yum Dvd03~G58~01~01 - Mariah}
mariah1018.jpg,189218,45e31618,\Gallery 58\01 - Mariah\,{Shemale Yum Dvd03~G58~01~01 - Mariah}
mariah1019.jpg,194495,db097e90,\Gallery 58\01 - Mariah\,{Shemale Yum Dvd03~G58~01~01 - Mariah}
mariah1020.jpg,159836,cc03130a,\Gallery 58\01 - Mariah\,{Shemale Yum Dvd03~G58~01~01 - Mariah}
mariah1021.jpg,198603,95ba1eeb,\Gallery 58\01 - Mariah\,{Shemale Yum Dvd03~G58~01~01 - Mariah}
mariah1022.jpg,164362,c2cd7c4d,\Gallery 58\01 - Mariah\,{Shemale Yum Dvd03~G58~01~01 - Mariah}
mariah1023.jpg,169456,c3e379ec,\Gallery 58\01 - Mariah\,{Shemale Yum Dvd03~G58~01~01 - Mariah}
mariah1024.jpg,158597,5b847298,\Gallery 58\01 - Mariah\,{Shemale Yum Dvd03~G58~01~01 - Mariah}
mariah1025.jpg,161052,15d480b4,\Gallery 58\01 - Mariah\,{Shemale Yum Dvd03~G58~01~01 - Mariah}
mariah1026.jpg,158856,68635893,\Gallery 58\01 - Mariah\,{Shemale Yum Dvd03~G58~01~01 - Mariah}
mariah1027.jpg,189070,7d2e9c81,\Gallery 58\01 - Mariah\,{Shemale Yum Dvd03~G58~01~01 - Mariah}
mariah1028.jpg,192285,8bfaf08a,\Gallery 58\01 - Mariah\,{Shemale Yum Dvd03~G58~01~01 - Mariah}
mariah1029.jpg,151363,e82b08ad,\Gallery 58\01 - Mariah\,{Shemale Yum Dvd03~G58~01~01 - Mariah}
mariah1030.jpg,156086,d407c31b,\Gallery 58\01 - Mariah\,{Shemale Yum Dvd03~G58~01~01 - Mariah}
mariah1031.jpg,162859,9981d696,\Gallery 58\01 - Mariah\,{Shemale Yum Dvd03~G58~01~01 - Mariah}
mariah1032.jpg,165686,27ec3e7e,\Gallery 58\01 - Mariah\,{Shemale Yum Dvd03~G58~01~01 - Mariah}
mariah1033.jpg,169204,357cfb16,\Gallery 58\01 - Mariah\,{Shemale Yum Dvd03~G58~01~01 - Mariah}
mariah1034.jpg,159942,262278a5,\Gallery 58\01 - Mariah\,{Shemale Yum Dvd03~G58~01~01 - Mariah}
mariah1035.jpg,161471,17c2f86b,\Gallery 58\01 - Mariah\,{Shemale Yum Dvd03~G58~01~01 - Mariah}
mariah1036.jpg,130310,a33dcc38,\Gallery 58\01 - Mariah\,{Shemale Yum Dvd03~G58~01~01 - Mariah}
mariah1037.jpg,198190,4df93f2e,\Gallery 58\01 - Mariah\,{Shemale Yum Dvd03~G58~01~01 - Mariah}
mariah1038.jpg,156792,b1cfc058,\Gallery 58\01 - Mariah\,{Shemale Yum Dvd03~G58~01~01 - Mariah}
mariah1039.jpg,210041,321e2c56,\Gallery 58\01 - Mariah\,{Shemale Yum Dvd03~G58~01~01 - Mariah}
mariah1040.jpg,166072,8ec70c76,\Gallery 58\01 - Mariah\,{Shemale Yum Dvd03~G58~01~01 - Mariah}
mariah1041.jpg,130456,c53aefcc,\Gallery 58\01 - Mariah\,{Shemale Yum Dvd03~G58~01~01 - Mariah}
mariah1042.jpg,133147,7edb5e77,\Gallery 58\01 - Mariah\,{Shemale Yum Dvd03~G58~01~01 - Mariah}
mariah1043.jpg,150793,c7aab805,\Gallery 58\01 - Mariah\,{Shemale Yum Dvd03~G58~01~01 - Mariah}
mariah1044.jpg,154187,e5c2a38c,\Gallery 58\01 - Mariah\,{Shemale Yum Dvd03~G58~01~01 - Mariah}
mariah1045.jpg,132898,de4ee955,\Gallery 58\01 - Mariah\,{Shemale Yum Dvd03~G58~01~01 - Mariah}
mariah1046.jpg,137097,c11b5d31,\Gallery 58\01 - Mariah\,{Shemale Yum Dvd03~G58~01~01 - Mariah}
mariah1047.jpg,186382,26564353,\Gallery 58\01 - Mariah\,{Shemale Yum Dvd03~G58~01~01 - Mariah}
mariah1048.jpg,138509,0c92985b,\Gallery 58\01 - Mariah\,{Shemale Yum Dvd03~G58~01~01 - Mariah}
mariah1049.jpg,166804,ca65e69e,\Gallery 58\01 - Mariah\,{Shemale Yum Dvd03~G58~01~01 - Mariah}
mariah1050.jpg,161378,2e13ef05,\Gallery 58\01 - Mariah\,{Shemale Yum Dvd03~G58~01~01 - Mariah}
mariah1051.jpg,156526,f460f40e,\Gallery 58\01 - Mariah\,{Shemale Yum Dvd03~G58~01~01 - Mariah}
mariah1052.jpg,154495,9cf1f5f9,\Gallery 58\01 - Mariah\,{Shemale Yum Dvd03~G58~01~01 - Mariah}
mariah1053.jpg,132211,972d78f0,\Gallery 58\01 - Mariah\,{Shemale Yum Dvd03~G58~01~01 - Mariah}
mariah1054.jpg,134294,e80ed671,\Gallery 58\01 - Mariah\,{Shemale Yum Dvd03~G58~01~01 - Mariah}
mariah1055.jpg,134671,5017c98a,\Gallery 58\01 - Mariah\,{Shemale Yum Dvd03~G58~01~01 - Mariah}
mariah1056.jpg,126680,cf9e238c,\Gallery 58\01 - Mariah\,{Shemale Yum Dvd03~G58~01~01 - Mariah}
mariah1057.jpg,157291,fb6237ce,\Gallery 58\01 - Mariah\,{Shemale Yum Dvd03~G58~01~01 - Mariah}
mariah1058.jpg,150615,5e9174b1,\Gallery 58\01 - Mariah\,{Shemale Yum Dvd03~G58~01~01 - Mariah}
mariah1059.jpg,161199,0d435f89,\Gallery 58\01 - Mariah\,{Shemale Yum Dvd03~G58~01~01 - Mariah}
mariah1060.jpg,147032,ae07fc12,\Gallery 58\01 - Mariah\,{Shemale Yum Dvd03~G58~01~01 - Mariah}
mariah1061.jpg,121269,7d7ae346,\Gallery 58\01 - Mariah\,{Shemale Yum Dvd03~G58~01~01 - Mariah}
mariah1062.jpg,164230,acce3c82,\Gallery 58\01 - Mariah\,{Shemale Yum Dvd03~G58~01~01 - Mariah}
mariah1063.jpg,161265,ee46c71a,\Gallery 58\01 - Mariah\,{Shemale Yum Dvd03~G58~01~01 - Mariah}
mariah1064.jpg,158568,058d9246,\Gallery 58\01 - Mariah\,{Shemale Yum Dvd03~G58~01~01 - Mariah}
mariah1065.jpg,133331,60627317,\Gallery 58\01 - Mariah\,{Shemale Yum Dvd03~G58~01~01 - Mariah}
mariah1066.jpg,122104,a0f5daf8,\Gallery 58\01 - Mariah\,{Shemale Yum Dvd03~G58~01~01 - Mariah}
mariah1067.jpg,168409,95239a71,\Gallery 58\01 - Mariah\,{Shemale Yum Dvd03~G58~01~01 - Mariah}
mariah1068.jpg,199766,3bf93d9e,\Gallery 58\01 - Mariah\,{Shemale Yum Dvd03~G58~01~01 - Mariah}
mariah1069.jpg,156000,b2711c59,\Gallery 58\01 - Mariah\,{Shemale Yum Dvd03~G58~01~01 - Mariah}
mariah1070.jpg,149633,95d8cebb,\Gallery 58\01 - Mariah\,{Shemale Yum Dvd03~G58~01~01 - Mariah}
mariah1071.jpg,147056,ed583372,\Gallery 58\01 - Mariah\,{Shemale Yum Dvd03~G58~01~01 - Mariah}
mariah1073.jpg,134581,8e9ee36b,\Gallery 58\01 - Mariah\,{Shemale Yum Dvd03~G58~01~01 - Mariah}
mariah1074.jpg,127051,dbe589db,\Gallery 58\01 - Mariah\,{Shemale Yum Dvd03~G58~01~01 - Mariah}
mariah1075.jpg,158958,3c52d70b,\Gallery 58\01 - Mariah\,{Shemale Yum Dvd03~G58~01~01 - Mariah}
mariah1076.jpg,162086,64f5c25c,\Gallery 58\01 - Mariah\,{Shemale Yum Dvd03~G58~01~01 - Mariah}
mariah1077.jpg,156403,c0ca1311,\Gallery 58\01 - Mariah\,{Shemale Yum Dvd03~G58~01~01 - Mariah}
mariah1078.jpg,164577,efc883e0,\Gallery 58\01 - Mariah\,{Shemale Yum Dvd03~G58~01~01 - Mariah}
mariah1079.jpg,165420,93b84412,\Gallery 58\01 - Mariah\,{Shemale Yum Dvd03~G58~01~01 - Mariah}
mariah1080.jpg,170824,f260586e,\Gallery 58\01 - Mariah\,{Shemale Yum Dvd03~G58~01~01 - Mariah}
mariah1081.jpg,157294,fa5b3e19,\Gallery 58\01 - Mariah\,{Shemale Yum Dvd03~G58~01~01 - Mariah}
mariah1082.jpg,163318,6aaa2eee,\Gallery 58\01 - Mariah\,{Shemale Yum Dvd03~G58~01~01 - Mariah}
mariah1083.jpg,153224,0f873ade,\Gallery 58\01 - Mariah\,{Shemale Yum Dvd03~G58~01~01 - Mariah}
mariah1084.jpg,122513,22f54b98,\Gallery 58\01 - Mariah\,{Shemale Yum Dvd03~G58~01~01 - Mariah}
mariah1085.jpg,123732,d1a5d0f5,\Gallery 58\01 - Mariah\,{Shemale Yum Dvd03~G58~01~01 - Mariah}
mariah1086.jpg,156625,2503f8bc,\Gallery 58\01 - Mariah\,{Shemale Yum Dvd03~G58~01~01 - Mariah}
mariah1087.jpg,123595,42108502,\Gallery 58\01 - Mariah\,{Shemale Yum Dvd03~G58~01~01 - Mariah}
mariah1088.jpg,113968,ea1f64b2,\Gallery 58\01 - Mariah\,{Shemale Yum Dvd03~G58~01~01 - Mariah}
mariah1089.jpg,115212,bb8ae140,\Gallery 58\01 - Mariah\,{Shemale Yum Dvd03~G58~01~01 - Mariah}
mariah1090.jpg,126201,22831694,\Gallery 58\01 - Mariah\,{Shemale Yum Dvd03~G58~01~01 - Mariah}
mariah1091.jpg,125688,c140bb3d,\Gallery 58\01 - Mariah\,{Shemale Yum Dvd03~G58~01~01 - Mariah}
mariah1092.jpg,160798,c087eb2f,\Gallery 58\01 - Mariah\,{Shemale Yum Dvd03~G58~01~01 - Mariah}
mariah1093.jpg,162175,c5a3210b,\Gallery 58\01 - Mariah\,{Shemale Yum Dvd03~G58~01~01 - Mariah}
mariah1094.jpg,149016,7bba79c9,\Gallery 58\01 - Mariah\,{Shemale Yum Dvd03~G58~01~01 - Mariah}
mariah1095.jpg,163604,2bbc8bd0,\Gallery 58\01 - Mariah\,{Shemale Yum Dvd03~G58~01~01 - Mariah}
mariah1096.jpg,165988,5f6f4bb8,\Gallery 58\01 - Mariah\,{Shemale Yum Dvd03~G58~01~01 - Mariah}
mariah1097.jpg,168171,57b5cef3,\Gallery 58\01 - Mariah\,{Shemale Yum Dvd03~G58~01~01 - Mariah}
mariah1098.jpg,140610,ae7868d1,\Gallery 58\01 - Mariah\,{Shemale Yum Dvd03~G58~01~01 - Mariah}
mariah1099.jpg,155793,1bfd6708,\Gallery 58\01 - Mariah\,{Shemale Yum Dvd03~G58~01~01 - Mariah}
mariah1100.jpg,229368,f97921c8,\Gallery 58\01 - Mariah\,{Shemale Yum Dvd03~G58~01~01 - Mariah}
mariah1101.jpg,158215,37b2ebf9,\Gallery 58\01 - Mariah\,{Shemale Yum Dvd03~G58~01~01 - Mariah}
mariah1102.jpg,159124,755c9d06,\Gallery 58\01 - Mariah\,{Shemale Yum Dvd03~G58~01~01 - Mariah}
mariah1103.jpg,153068,e248ad05,\Gallery 58\01 - Mariah\,{Shemale Yum Dvd03~G58~01~01 - Mariah}
mariah1104.jpg,168377,a2a7ef16,\Gallery 58\01 - Mariah\,{Shemale Yum Dvd03~G58~01~01 - Mariah}
mariah1105.jpg,145547,9eb2ba79,\Gallery 58\01 - Mariah\,{Shemale Yum Dvd03~G58~01~01 - Mariah}
mariah1106.jpg,170763,7a97473f,\Gallery 58\01 - Mariah\,{Shemale Yum Dvd03~G58~01~01 - Mariah}
mariah1107.jpg,119432,f7950389,\Gallery 58\01 - Mariah\,{Shemale Yum Dvd03~G58~01~01 - Mariah}
mariah1108.jpg,172005,5cda115b,\Gallery 58\01 - Mariah\,{Shemale Yum Dvd03~G58~01~01 - Mariah}
mariah1109.jpg,159604,236c26b5,\Gallery 58\01 - Mariah\,{Shemale Yum Dvd03~G58~01~01 - Mariah}
mariah1111.jpg,165633,beef4d8e,\Gallery 58\01 - Mariah\,{Shemale Yum Dvd03~G58~01~01 - Mariah}
mariah1112.jpg,150672,0701fb04,\Gallery 58\01 - Mariah\,{Shemale Yum Dvd03~G58~01~01 - Mariah}
mariah1113.jpg,166584,fcf87eb8,\Gallery 58\01 - Mariah\,{Shemale Yum Dvd03~G58~01~01 - Mariah}
mariah1114.jpg,159451,c468ced2,\Gallery 58\01 - Mariah\,{Shemale Yum Dvd03~G58~01~01 - Mariah}
mariah1115.jpg,162115,3f010489,\Gallery 58\01 - Mariah\,{Shemale Yum Dvd03~G58~01~01 - Mariah}
mariah1116.jpg,164315,1d36c41b,\Gallery 58\01 - Mariah\,{Shemale Yum Dvd03~G58~01~01 - Mariah}
mariah1117.jpg,162741,6e943060,\Gallery 58\01 - Mariah\,{Shemale Yum Dvd03~G58~01~01 - Mariah}
mariah1118.jpg,155465,1edd867b,\Gallery 58\01 - Mariah\,{Shemale Yum Dvd03~G58~01~01 - Mariah}
mariah1119.jpg,160085,77cc0330,\Gallery 58\01 - Mariah\,{Shemale Yum Dvd03~G58~01~01 - Mariah}
mariahgreen1011.jpg,159808,5b2db29c,\Gallery 58\01 - Mariah\,{Shemale Yum Dvd03~G58~01~01 - Mariah}
mariahgreen1110.jpg,164080,b18b9ce1,\Gallery 58\01 - Mariah\,{Shemale Yum Dvd03~G58~01~01 - Mariah}
mariah2001.jpg,144525,8cd9f0c5,\Gallery 58\01 - Mariah (2)\,{Shemale Yum Dvd03~G58~01-2~01 - Mariah (2)}
mariah2002.jpg,147006,ace1089f,\Gallery 58\01 - Mariah (2)\,{Shemale Yum Dvd03~G58~01-2~01 - Mariah (2)}
mariah2003.jpg,147459,5b98e0e5,\Gallery 58\01 - Mariah (2)\,{Shemale Yum Dvd03~G58~01-2~01 - Mariah (2)}
mariah2004.jpg,152401,ee6feec2,\Gallery 58\01 - Mariah (2)\,{Shemale Yum Dvd03~G58~01-2~01 - Mariah (2)}
mariah2005.jpg,132450,627640cc,\Gallery 58\01 - Mariah (2)\,{Shemale Yum Dvd03~G58~01-2~01 - Mariah (2)}
mariah2006.jpg,126771,a7497faa,\Gallery 58\01 - Mariah (2)\,{Shemale Yum Dvd03~G58~01-2~01 - Mariah (2)}
mariah2008.jpg,138983,9584e245,\Gallery 58\01 - Mariah (2)\,{Shemale Yum Dvd03~G58~01-2~01 - Mariah (2)}
mariah2009.jpg,140240,beb3703f,\Gallery 58\01 - Mariah (2)\,{Shemale Yum Dvd03~G58~01-2~01 - Mariah (2)}
mariah2010.jpg,127363,f10df076,\Gallery 58\01 - Mariah (2)\,{Shemale Yum Dvd03~G58~01-2~01 - Mariah (2)}
mariah2011.jpg,125112,1bb0cc37,\Gallery 58\01 - Mariah (2)\,{Shemale Yum Dvd03~G58~01-2~01 - Mariah (2)}
mariah2012.jpg,135408,211ebb5f,\Gallery 58\01 - Mariah (2)\,{Shemale Yum Dvd03~G58~01-2~01 - Mariah (2)}
mariah2013.jpg,138117,b014fcd9,\Gallery 58\01 - Mariah (2)\,{Shemale Yum Dvd03~G58~01-2~01 - Mariah (2)}
mariah2014.jpg,157624,271b899a,\Gallery 58\01 - Mariah (2)\,{Shemale Yum Dvd03~G58~01-2~01 - Mariah (2)}
mariah2015.jpg,145223,dfa63492,\Gallery 58\01 - Mariah (2)\,{Shemale Yum Dvd03~G58~01-2~01 - Mariah (2)}
mariah2016.jpg,159222,ee233b19,\Gallery 58\01 - Mariah (2)\,{Shemale Yum Dvd03~G58~01-2~01 - Mariah (2)}
mariah2017.jpg,165572,ab6cc8eb,\Gallery 58\01 - Mariah (2)\,{Shemale Yum Dvd03~G58~01-2~01 - Mariah (2)}
mariah2018.jpg,149527,a98e4820,\Gallery 58\01 - Mariah (2)\,{Shemale Yum Dvd03~G58~01-2~01 - Mariah (2)}
mariah2019.jpg,131064,b7258b55,\Gallery 58\01 - Mariah (2)\,{Shemale Yum Dvd03~G58~01-2~01 - Mariah (2)}
mariah2020.jpg,141423,e30ab5d3,\Gallery 58\01 - Mariah (2)\,{Shemale Yum Dvd03~G58~01-2~01 - Mariah (2)}
mariah2021.jpg,110410,978decaf,\Gallery 58\01 - Mariah (2)\,{Shemale Yum Dvd03~G58~01-2~01 - Mariah (2)}
mariah2022.jpg,116793,c6e10e8e,\Gallery 58\01 - Mariah (2)\,{Shemale Yum Dvd03~G58~01-2~01 - Mariah (2)}
mariah2023.jpg,144990,a84fb63d,\Gallery 58\01 - Mariah (2)\,{Shemale Yum Dvd03~G58~01-2~01 - Mariah (2)}
mariah2024.jpg,127927,efaffe1a,\Gallery 58\01 - Mariah (2)\,{Shemale Yum Dvd03~G58~01-2~01 - Mariah (2)}
mariah2025.jpg,132189,16b495fc,\Gallery 58\01 - Mariah (2)\,{Shemale Yum Dvd03~G58~01-2~01 - Mariah (2)}
mariah2026.jpg,122889,52adb4ea,\Gallery 58\01 - Mariah (2)\,{Shemale Yum Dvd03~G58~01-2~01 - Mariah (2)}
mariah2027.jpg,134381,6cff2850,\Gallery 58\01 - Mariah (2)\,{Shemale Yum Dvd03~G58~01-2~01 - Mariah (2)}
mariah2028.jpg,128618,4b2d1afd,\Gallery 58\01 - Mariah (2)\,{Shemale Yum Dvd03~G58~01-2~01 - Mariah (2)}
mariah2029.jpg,125454,374dd37f,\Gallery 58\01 - Mariah (2)\,{Shemale Yum Dvd03~G58~01-2~01 - Mariah (2)}
mariah2030.jpg,154667,cbc03b74,\Gallery 58\01 - Mariah (2)\,{Shemale Yum Dvd03~G58~01-2~01 - Mariah (2)}
mariah2031.jpg,134457,fc79049d,\Gallery 58\01 - Mariah (2)\,{Shemale Yum Dvd03~G58~01-2~01 - Mariah (2)}
mariah2032.jpg,131374,5a7ff72e,\Gallery 58\01 - Mariah (2)\,{Shemale Yum Dvd03~G58~01-2~01 - Mariah (2)}
mariah2033.jpg,141739,8fbe8e78,\Gallery 58\01 - Mariah (2)\,{Shemale Yum Dvd03~G58~01-2~01 - Mariah (2)}
mariah2034.jpg,187083,ee27641b,\Gallery 58\01 - Mariah (2)\,{Shemale Yum Dvd03~G58~01-2~01 - Mariah (2)}
mariah2035.jpg,172498,614ffaad,\Gallery 58\01 - Mariah (2)\,{Shemale Yum Dvd03~G58~01-2~01 - Mariah (2)}
mariah2036.jpg,173636,d8e7819c,\Gallery 58\01 - Mariah (2)\,{Shemale Yum Dvd03~G58~01-2~01 - Mariah (2)}
mariah2037.jpg,119282,85d1f584,\Gallery 58\01 - Mariah (2)\,{Shemale Yum Dvd03~G58~01-2~01 - Mariah (2)}
mariah2038.jpg,147542,8991ce1f,\Gallery 58\01 - Mariah (2)\,{Shemale Yum Dvd03~G58~01-2~01 - Mariah (2)}
mariah2039.jpg,165563,0536d947,\Gallery 58\01 - Mariah (2)\,{Shemale Yum Dvd03~G58~01-2~01 - Mariah (2)}
mariah2040.jpg,172347,e3c2d4fe,\Gallery 58\01 - Mariah (2)\,{Shemale Yum Dvd03~G58~01-2~01 - Mariah (2)}
mariah2041.jpg,155118,3995876d,\Gallery 58\01 - Mariah (2)\,{Shemale Yum Dvd03~G58~01-2~01 - Mariah (2)}
mariah2042.jpg,163654,35bb0f96,\Gallery 58\01 - Mariah (2)\,{Shemale Yum Dvd03~G58~01-2~01 - Mariah (2)}
mariah2043.jpg,178079,8c7cc37f,\Gallery 58\01 - Mariah (2)\,{Shemale Yum Dvd03~G58~01-2~01 - Mariah (2)}
mariah2044.jpg,149586,301bc5fb,\Gallery 58\01 - Mariah (2)\,{Shemale Yum Dvd03~G58~01-2~01 - Mariah (2)}
mariah2045.jpg,159024,d17a6b36,\Gallery 58\01 - Mariah (2)\,{Shemale Yum Dvd03~G58~01-2~01 - Mariah (2)}
mariah2046.jpg,162759,c794e032,\Gallery 58\01 - Mariah (2)\,{Shemale Yum Dvd03~G58~01-2~01 - Mariah (2)}
mariah2047.jpg,159527,ca7d7454,\Gallery 58\01 - Mariah (2)\,{Shemale Yum Dvd03~G58~01-2~01 - Mariah (2)}
mariah2048.jpg,171524,977c58da,\Gallery 58\01 - Mariah (2)\,{Shemale Yum Dvd03~G58~01-2~01 - Mariah (2)}
mariah2049.jpg,159116,f113af48,\Gallery 58\01 - Mariah (2)\,{Shemale Yum Dvd03~G58~01-2~01 - Mariah (2)}
mariah2050.jpg,186321,be0716a0,\Gallery 58\01 - Mariah (2)\,{Shemale Yum Dvd03~G58~01-2~01 - Mariah (2)}
mariah2051.jpg,148063,8d3fdb08,\Gallery 58\01 - Mariah (2)\,{Shemale Yum Dvd03~G58~01-2~01 - Mariah (2)}
mariah2052.jpg,168941,dfca91ec,\Gallery 58\01 - Mariah (2)\,{Shemale Yum Dvd03~G58~01-2~01 - Mariah (2)}
mariah2053.jpg,164173,9349d70f,\Gallery 58\01 - Mariah (2)\,{Shemale Yum Dvd03~G58~01-2~01 - Mariah (2)}
mariah2054.jpg,164192,afde2c1c,\Gallery 58\01 - Mariah (2)\,{Shemale Yum Dvd03~G58~01-2~01 - Mariah (2)}
mariah2055.jpg,162253,52c45f90,\Gallery 58\01 - Mariah (2)\,{Shemale Yum Dvd03~G58~01-2~01 - Mariah (2)}
mariah2056.jpg,173139,f9217e26,\Gallery 58\01 - Mariah (2)\,{Shemale Yum Dvd03~G58~01-2~01 - Mariah (2)}
mariah2057.jpg,172243,22aa6a0f,\Gallery 58\01 - Mariah (2)\,{Shemale Yum Dvd03~G58~01-2~01 - Mariah (2)}
mariah2058.jpg,168864,31840520,\Gallery 58\01 - Mariah (2)\,{Shemale Yum Dvd03~G58~01-2~01 - Mariah (2)}
mariah2059.jpg,180113,dc454d76,\Gallery 58\01 - Mariah (2)\,{Shemale Yum Dvd03~G58~01-2~01 - Mariah (2)}
mariah2060.jpg,176140,f244bb24,\Gallery 58\01 - Mariah (2)\,{Shemale Yum Dvd03~G58~01-2~01 - Mariah (2)}
mariah2061.jpg,178069,6c471ede,\Gallery 58\01 - Mariah (2)\,{Shemale Yum Dvd03~G58~01-2~01 - Mariah (2)}
mariah2062.jpg,165533,2d84887c,\Gallery 58\01 - Mariah (2)\,{Shemale Yum Dvd03~G58~01-2~01 - Mariah (2)}
mariah2063.jpg,154149,e32bfb31,\Gallery 58\01 - Mariah (2)\,{Shemale Yum Dvd03~G58~01-2~01 - Mariah (2)}
mariah2064.jpg,172542,d6dd05a5,\Gallery 58\01 - Mariah (2)\,{Shemale Yum Dvd03~G58~01-2~01 - Mariah (2)}
mariah2065.jpg,179732,fc20e72e,\Gallery 58\01 - Mariah (2)\,{Shemale Yum Dvd03~G58~01-2~01 - Mariah (2)}
mariah2066.jpg,172725,181960c0,\Gallery 58\01 - Mariah (2)\,{Shemale Yum Dvd03~G58~01-2~01 - Mariah (2)}
mariah2067.jpg,186395,1a6410db,\Gallery 58\01 - Mariah (2)\,{Shemale Yum Dvd03~G58~01-2~01 - Mariah (2)}
mariah2068.jpg,154951,5b7b44a8,\Gallery 58\01 - Mariah (2)\,{Shemale Yum Dvd03~G58~01-2~01 - Mariah (2)}
mariah2069.jpg,124301,2ff77288,\Gallery 58\01 - Mariah (2)\,{Shemale Yum Dvd03~G58~01-2~01 - Mariah (2)}
mariah2070.jpg,177853,eea7616c,\Gallery 58\01 - Mariah (2)\,{Shemale Yum Dvd03~G58~01-2~01 - Mariah (2)}
mariah2071.jpg,159791,8e98f891,\Gallery 58\01 - Mariah (2)\,{Shemale Yum Dvd03~G58~01-2~01 - Mariah (2)}
mariah3001.jpg,110354,182d8a2d,\Gallery 58\01 - Mariah (3)\,{Shemale Yum Dvd03~G58~01-3~01 - Mariah (3)}
mariah3002.jpg,150933,2e4ad8c6,\Gallery 58\01 - Mariah (3)\,{Shemale Yum Dvd03~G58~01-3~01 - Mariah (3)}
mariah3003.jpg,183786,83fd9496,\Gallery 58\01 - Mariah (3)\,{Shemale Yum Dvd03~G58~01-3~01 - Mariah (3)}
mariah3004.jpg,192316,73b87269,\Gallery 58\01 - Mariah (3)\,{Shemale Yum Dvd03~G58~01-3~01 - Mariah (3)}
mariah3005.jpg,168612,edbcc427,\Gallery 58\01 - Mariah (3)\,{Shemale Yum Dvd03~G58~01-3~01 - Mariah (3)}
mariah3006.jpg,188890,1cf20a19,\Gallery 58\01 - Mariah (3)\,{Shemale Yum Dvd03~G58~01-3~01 - Mariah (3)}
mariah3007.jpg,176665,f2af30f4,\Gallery 58\01 - Mariah (3)\,{Shemale Yum Dvd03~G58~01-3~01 - Mariah (3)}
mariah3008.jpg,186830,8851bd4b,\Gallery 58\01 - Mariah (3)\,{Shemale Yum Dvd03~G58~01-3~01 - Mariah (3)}
mariah3009.jpg,130423,b9ec30c9,\Gallery 58\01 - Mariah (3)\,{Shemale Yum Dvd03~G58~01-3~01 - Mariah (3)}
mariah3010.jpg,176427,9249d809,\Gallery 58\01 - Mariah (3)\,{Shemale Yum Dvd03~G58~01-3~01 - Mariah (3)}
mariah3011.jpg,174185,0021e56d,\Gallery 58\01 - Mariah (3)\,{Shemale Yum Dvd03~G58~01-3~01 - Mariah (3)}
mariah3012.jpg,172266,8c378738,\Gallery 58\01 - Mariah (3)\,{Shemale Yum Dvd03~G58~01-3~01 - Mariah (3)}
mariah3013.jpg,158414,08eee746,\Gallery 58\01 - Mariah (3)\,{Shemale Yum Dvd03~G58~01-3~01 - Mariah (3)}
mariah3014.jpg,152443,aabd4772,\Gallery 58\01 - Mariah (3)\,{Shemale Yum Dvd03~G58~01-3~01 - Mariah (3)}
mariah3015.jpg,167517,801f2d93,\Gallery 58\01 - Mariah (3)\,{Shemale Yum Dvd03~G58~01-3~01 - Mariah (3)}
mariah3016.jpg,175440,246deff5,\Gallery 58\01 - Mariah (3)\,{Shemale Yum Dvd03~G58~01-3~01 - Mariah (3)}
mariah3017.jpg,186405,5d189106,\Gallery 58\01 - Mariah (3)\,{Shemale Yum Dvd03~G58~01-3~01 - Mariah (3)}
mariah3018.jpg,157756,5ed1e222,\Gallery 58\01 - Mariah (3)\,{Shemale Yum Dvd03~G58~01-3~01 - Mariah (3)}
mariah3019.jpg,160808,09417a75,\Gallery 58\01 - Mariah (3)\,{Shemale Yum Dvd03~G58~01-3~01 - Mariah (3)}
mariah3020.jpg,153294,25921b0c,\Gallery 58\01 - Mariah (3)\,{Shemale Yum Dvd03~G58~01-3~01 - Mariah (3)}
mariah3021.jpg,172375,bcbd0719,\Gallery 58\01 - Mariah (3)\,{Shemale Yum Dvd03~G58~01-3~01 - Mariah (3)}
mariah3022.jpg,143049,44bf21ff,\Gallery 58\01 - Mariah (3)\,{Shemale Yum Dvd03~G58~01-3~01 - Mariah (3)}
mariah3023.jpg,137838,a5bb01fd,\Gallery 58\01 - Mariah (3)\,{Shemale Yum Dvd03~G58~01-3~01 - Mariah (3)}
mariah3024.jpg,134269,76eec4c3,\Gallery 58\01 - Mariah (3)\,{Shemale Yum Dvd03~G58~01-3~01 - Mariah (3)}
mariah3025.jpg,138200,cd9194d7,\Gallery 58\01 - Mariah (3)\,{Shemale Yum Dvd03~G58~01-3~01 - Mariah (3)}
mariah3026.jpg,131186,5b128808,\Gallery 58\01 - Mariah (3)\,{Shemale Yum Dvd03~G58~01-3~01 - Mariah (3)}
mariah3027.jpg,137885,138609d7,\Gallery 58\01 - Mariah (3)\,{Shemale Yum Dvd03~G58~01-3~01 - Mariah (3)}
mariah3028.jpg,139405,5a154852,\Gallery 58\01 - Mariah (3)\,{Shemale Yum Dvd03~G58~01-3~01 - Mariah (3)}
mariah3029.jpg,125550,08011d43,\Gallery 58\01 - Mariah (3)\,{Shemale Yum Dvd03~G58~01-3~01 - Mariah (3)}
mariah3030.jpg,127921,715930ee,\Gallery 58\01 - Mariah (3)\,{Shemale Yum Dvd03~G58~01-3~01 - Mariah (3)}
mariah3031.jpg,137438,0e0b4160,\Gallery 58\01 - Mariah (3)\,{Shemale Yum Dvd03~G58~01-3~01 - Mariah (3)}
mariah3032.jpg,128783,124ae01c,\Gallery 58\01 - Mariah (3)\,{Shemale Yum Dvd03~G58~01-3~01 - Mariah (3)}
mariah3033.jpg,174641,278641ae,\Gallery 58\01 - Mariah (3)\,{Shemale Yum Dvd03~G58~01-3~01 - Mariah (3)}
mariah3034.jpg,142784,563cb32f,\Gallery 58\01 - Mariah (3)\,{Shemale Yum Dvd03~G58~01-3~01 - Mariah (3)}
mariah3035.jpg,135458,d92d2d1f,\Gallery 58\01 - Mariah (3)\,{Shemale Yum Dvd03~G58~01-3~01 - Mariah (3)}
mariah3036.jpg,180614,333cc9db,\Gallery 58\01 - Mariah (3)\,{Shemale Yum Dvd03~G58~01-3~01 - Mariah (3)}
mariah3037.jpg,142595,6da11cbf,\Gallery 58\01 - Mariah (3)\,{Shemale Yum Dvd03~G58~01-3~01 - Mariah (3)}
mariah3038.jpg,133260,79076c19,\Gallery 58\01 - Mariah (3)\,{Shemale Yum Dvd03~G58~01-3~01 - Mariah (3)}
mariah3039.jpg,151069,1ce286be,\Gallery 58\01 - Mariah (3)\,{Shemale Yum Dvd03~G58~01-3~01 - Mariah (3)}
mariah3040.jpg,134207,d1d4f398,\Gallery 58\01 - Mariah (3)\,{Shemale Yum Dvd03~G58~01-3~01 - Mariah (3)}
mariah3041.jpg,182173,2d57647a,\Gallery 58\01 - Mariah (3)\,{Shemale Yum Dvd03~G58~01-3~01 - Mariah (3)}
mariah3042.jpg,153571,df08d999,\Gallery 58\01 - Mariah (3)\,{Shemale Yum Dvd03~G58~01-3~01 - Mariah (3)}
mariah3043.jpg,141070,a3083a8b,\Gallery 58\01 - Mariah (3)\,{Shemale Yum Dvd03~G58~01-3~01 - Mariah (3)}
mariah3044.jpg,151221,da0048ee,\Gallery 58\01 - Mariah (3)\,{Shemale Yum Dvd03~G58~01-3~01 - Mariah (3)}
mariah3045.jpg,134323,a1f30c74,\Gallery 58\01 - Mariah (3)\,{Shemale Yum Dvd03~G58~01-3~01 - Mariah (3)}
mariah3046.jpg,159808,87a56f77,\Gallery 58\01 - Mariah (3)\,{Shemale Yum Dvd03~G58~01-3~01 - Mariah (3)}
mariah3047.jpg,167033,d08419aa,\Gallery 58\01 - Mariah (3)\,{Shemale Yum Dvd03~G58~01-3~01 - Mariah (3)}
mariah3048.jpg,174434,14f463cd,\Gallery 58\01 - Mariah (3)\,{Shemale Yum Dvd03~G58~01-3~01 - Mariah (3)}
mariah3049.jpg,114992,4309bb0d,\Gallery 58\01 - Mariah (3)\,{Shemale Yum Dvd03~G58~01-3~01 - Mariah (3)}
mariah3050.jpg,139139,6c1d5a2a,\Gallery 58\01 - Mariah (3)\,{Shemale Yum Dvd03~G58~01-3~01 - Mariah (3)}
mariah3051.jpg,142190,9d6c135c,\Gallery 58\01 - Mariah (3)\,{Shemale Yum Dvd03~G58~01-3~01 - Mariah (3)}
mariah3052.jpg,122877,ff24df77,\Gallery 58\01 - Mariah (3)\,{Shemale Yum Dvd03~G58~01-3~01 - Mariah (3)}
mariah3053.jpg,121968,65a74ed9,\Gallery 58\01 - Mariah (3)\,{Shemale Yum Dvd03~G58~01-3~01 - Mariah (3)}
mariah3054.jpg,125246,80b2ed6c,\Gallery 58\01 - Mariah (3)\,{Shemale Yum Dvd03~G58~01-3~01 - Mariah (3)}
mariah3055.jpg,110838,f1b12b6d,\Gallery 58\01 - Mariah (3)\,{Shemale Yum Dvd03~G58~01-3~01 - Mariah (3)}
mariah3056.jpg,105688,135a4f83,\Gallery 58\01 - Mariah (3)\,{Shemale Yum Dvd03~G58~01-3~01 - Mariah (3)}
mariah3057.jpg,140619,b9394bbf,\Gallery 58\01 - Mariah (3)\,{Shemale Yum Dvd03~G58~01-3~01 - Mariah (3)}
mariah3058.jpg,135500,50dd1e89,\Gallery 58\01 - Mariah (3)\,{Shemale Yum Dvd03~G58~01-3~01 - Mariah (3)}
mariah3059.jpg,123273,30f5c49f,\Gallery 58\01 - Mariah (3)\,{Shemale Yum Dvd03~G58~01-3~01 - Mariah (3)}
mariah3060.jpg,129666,89657b3d,\Gallery 58\01 - Mariah (3)\,{Shemale Yum Dvd03~G58~01-3~01 - Mariah (3)}
mariah3061.jpg,143107,ed704199,\Gallery 58\01 - Mariah (3)\,{Shemale Yum Dvd03~G58~01-3~01 - Mariah (3)}
mariah3062.jpg,173688,a4fba343,\Gallery 58\01 - Mariah (3)\,{Shemale Yum Dvd03~G58~01-3~01 - Mariah (3)}
mariah3063.jpg,165656,7319c6c7,\Gallery 58\01 - Mariah (3)\,{Shemale Yum Dvd03~G58~01-3~01 - Mariah (3)}
mariah3064.jpg,174454,beb90408,\Gallery 58\01 - Mariah (3)\,{Shemale Yum Dvd03~G58~01-3~01 - Mariah (3)}
mariah3065.jpg,153171,a71bea7e,\Gallery 58\01 - Mariah (3)\,{Shemale Yum Dvd03~G58~01-3~01 - Mariah (3)}
mariah3066.jpg,143919,f7c0420e,\Gallery 58\01 - Mariah (3)\,{Shemale Yum Dvd03~G58~01-3~01 - Mariah (3)}
mariah3067.jpg,174368,9846ec29,\Gallery 58\01 - Mariah (3)\,{Shemale Yum Dvd03~G58~01-3~01 - Mariah (3)}
mariah3068.jpg,178953,314c37b5,\Gallery 58\01 - Mariah (3)\,{Shemale Yum Dvd03~G58~01-3~01 - Mariah (3)}
mariah3069.jpg,174571,6674f59b,\Gallery 58\01 - Mariah (3)\,{Shemale Yum Dvd03~G58~01-3~01 - Mariah (3)}
mariah3070.jpg,170219,afbfc60f,\Gallery 58\01 - Mariah (3)\,{Shemale Yum Dvd03~G58~01-3~01 - Mariah (3)}
mariah3071.jpg,152630,a1a4c08d,\Gallery 58\01 - Mariah (3)\,{Shemale Yum Dvd03~G58~01-3~01 - Mariah (3)}
mariah3072.jpg,175635,8cdcda46,\Gallery 58\01 - Mariah (3)\,{Shemale Yum Dvd03~G58~01-3~01 - Mariah (3)}
mariah3073.jpg,185601,d259369b,\Gallery 58\01 - Mariah (3)\,{Shemale Yum Dvd03~G58~01-3~01 - Mariah (3)}
mariah3074.jpg,178059,20bff812,\Gallery 58\01 - Mariah (3)\,{Shemale Yum Dvd03~G58~01-3~01 - Mariah (3)}
mariah3075.jpg,174765,78e3b2e8,\Gallery 58\01 - Mariah (3)\,{Shemale Yum Dvd03~G58~01-3~01 - Mariah (3)}
mariah3076.jpg,173953,9aacdca5,\Gallery 58\01 - Mariah (3)\,{Shemale Yum Dvd03~G58~01-3~01 - Mariah (3)}
mariah3077.jpg,188032,4cac79eb,\Gallery 58\01 - Mariah (3)\,{Shemale Yum Dvd03~G58~01-3~01 - Mariah (3)}
mariah3078.jpg,171746,153521d1,\Gallery 58\01 - Mariah (3)\,{Shemale Yum Dvd03~G58~01-3~01 - Mariah (3)}
mariah3079.jpg,173793,4de1e52e,\Gallery 58\01 - Mariah (3)\,{Shemale Yum Dvd03~G58~01-3~01 - Mariah (3)}
mariah3080.jpg,169115,720732a4,\Gallery 58\01 - Mariah (3)\,{Shemale Yum Dvd03~G58~01-3~01 - Mariah (3)}
mariah3081.jpg,170082,69eb26ba,\Gallery 58\01 - Mariah (3)\,{Shemale Yum Dvd03~G58~01-3~01 - Mariah (3)}
mariah3082.jpg,191143,4a85a0e1,\Gallery 58\01 - Mariah (3)\,{Shemale Yum Dvd03~G58~01-3~01 - Mariah (3)}
mariah3083.jpg,168463,347780e2,\Gallery 58\01 - Mariah (3)\,{Shemale Yum Dvd03~G58~01-3~01 - Mariah (3)}
mariah3084.jpg,179395,7da7846a,\Gallery 58\01 - Mariah (3)\,{Shemale Yum Dvd03~G58~01-3~01 - Mariah (3)}
mariahc4001.jpg,167715,620a1d82,\Gallery 58\01 - Mariah (4)\,{Shemale Yum Dvd03~G58~01-4~01 - Mariah (4)}
mariahc4002.jpg,165593,567fd4c7,\Gallery 58\01 - Mariah (4)\,{Shemale Yum Dvd03~G58~01-4~01 - Mariah (4)}
mariahc4003.jpg,183262,07f74c46,\Gallery 58\01 - Mariah (4)\,{Shemale Yum Dvd03~G58~01-4~01 - Mariah (4)}
mariahc4004.jpg,167522,59947c1e,\Gallery 58\01 - Mariah (4)\,{Shemale Yum Dvd03~G58~01-4~01 - Mariah (4)}
mariahc4005.jpg,169919,9e49c747,\Gallery 58\01 - Mariah (4)\,{Shemale Yum Dvd03~G58~01-4~01 - Mariah (4)}
mariahc4006.jpg,135708,877ca303,\Gallery 58\01 - Mariah (4)\,{Shemale Yum Dvd03~G58~01-4~01 - Mariah (4)}
mariahc4007.jpg,128088,ea0b553e,\Gallery 58\01 - Mariah (4)\,{Shemale Yum Dvd03~G58~01-4~01 - Mariah (4)}
mariahc4008.jpg,152798,5a378b80,\Gallery 58\01 - Mariah (4)\,{Shemale Yum Dvd03~G58~01-4~01 - Mariah (4)}
mariahc4009.jpg,141275,50551ca4,\Gallery 58\01 - Mariah (4)\,{Shemale Yum Dvd03~G58~01-4~01 - Mariah (4)}
mariahc4010.jpg,142145,f6729941,\Gallery 58\01 - Mariah (4)\,{Shemale Yum Dvd03~G58~01-4~01 - Mariah (4)}
mariahc4011.jpg,139929,b5c25dbf,\Gallery 58\01 - Mariah (4)\,{Shemale Yum Dvd03~G58~01-4~01 - Mariah (4)}
mariahc4012.jpg,127209,75ee4541,\Gallery 58\01 - Mariah (4)\,{Shemale Yum Dvd03~G58~01-4~01 - Mariah (4)}
mariahc4013.jpg,149187,3f5ec11e,\Gallery 58\01 - Mariah (4)\,{Shemale Yum Dvd03~G58~01-4~01 - Mariah (4)}
mariahc4014.jpg,147752,7618431c,\Gallery 58\01 - Mariah (4)\,{Shemale Yum Dvd03~G58~01-4~01 - Mariah (4)}
mariahc4015.jpg,148867,eb9ff20b,\Gallery 58\01 - Mariah (4)\,{Shemale Yum Dvd03~G58~01-4~01 - Mariah (4)}
mariahc4016.jpg,154692,3af63f1a,\Gallery 58\01 - Mariah (4)\,{Shemale Yum Dvd03~G58~01-4~01 - Mariah (4)}
mariahc4017.jpg,195085,8a9c3970,\Gallery 58\01 - Mariah (4)\,{Shemale Yum Dvd03~G58~01-4~01 - Mariah (4)}
mariahc4018.jpg,177496,8febd652,\Gallery 58\01 - Mariah (4)\,{Shemale Yum Dvd03~G58~01-4~01 - Mariah (4)}
mariahc4019.jpg,126299,d6b0be75,\Gallery 58\01 - Mariah (4)\,{Shemale Yum Dvd03~G58~01-4~01 - Mariah (4)}
mariahc4020.jpg,116272,5e76b7a9,\Gallery 58\01 - Mariah (4)\,{Shemale Yum Dvd03~G58~01-4~01 - Mariah (4)}
mariahc4021.jpg,98732,822f5bc3,\Gallery 58\01 - Mariah (4)\,{Shemale Yum Dvd03~G58~01-4~01 - Mariah (4)}
mariahc4022.jpg,123532,3c7b86d5,\Gallery 58\01 - Mariah (4)\,{Shemale Yum Dvd03~G58~01-4~01 - Mariah (4)}
mariahc4023.jpg,107381,41689c1e,\Gallery 58\01 - Mariah (4)\,{Shemale Yum Dvd03~G58~01-4~01 - Mariah (4)}
mariahc4024.jpg,119963,c3be1e5d,\Gallery 58\01 - Mariah (4)\,{Shemale Yum Dvd03~G58~01-4~01 - Mariah (4)}
mariahc4025.jpg,111209,e14e6ec3,\Gallery 58\01 - Mariah (4)\,{Shemale Yum Dvd03~G58~01-4~01 - Mariah (4)}
mariahc4026.jpg,114710,567acf29,\Gallery 58\01 - Mariah (4)\,{Shemale Yum Dvd03~G58~01-4~01 - Mariah (4)}
mariahc4027.jpg,115383,403f757d,\Gallery 58\01 - Mariah (4)\,{Shemale Yum Dvd03~G58~01-4~01 - Mariah (4)}
mariahc4028.jpg,144781,d5f87dfe,\Gallery 58\01 - Mariah (4)\,{Shemale Yum Dvd03~G58~01-4~01 - Mariah (4)}
mariahc4029.jpg,145342,30e03042,\Gallery 58\01 - Mariah (4)\,{Shemale Yum Dvd03~G58~01-4~01 - Mariah (4)}
mariahc4030.jpg,153768,57ea0ad1,\Gallery 58\01 - Mariah (4)\,{Shemale Yum Dvd03~G58~01-4~01 - Mariah (4)}
mariahc4031.jpg,146484,5c6bdc3b,\Gallery 58\01 - Mariah (4)\,{Shemale Yum Dvd03~G58~01-4~01 - Mariah (4)}
mariahc4032.jpg,138405,902adc39,\Gallery 58\01 - Mariah (4)\,{Shemale Yum Dvd03~G58~01-4~01 - Mariah (4)}
mariahc4033.jpg,133941,8e794937,\Gallery 58\01 - Mariah (4)\,{Shemale Yum Dvd03~G58~01-4~01 - Mariah (4)}
mariahc4034.jpg,133891,9a240d33,\Gallery 58\01 - Mariah (4)\,{Shemale Yum Dvd03~G58~01-4~01 - Mariah (4)}
mariahc4035.jpg,138275,b41ba653,\Gallery 58\01 - Mariah (4)\,{Shemale Yum Dvd03~G58~01-4~01 - Mariah (4)}
mariahc4036.jpg,145829,2c09cb51,\Gallery 58\01 - Mariah (4)\,{Shemale Yum Dvd03~G58~01-4~01 - Mariah (4)}
mariahc4037.jpg,146875,3221caae,\Gallery 58\01 - Mariah (4)\,{Shemale Yum Dvd03~G58~01-4~01 - Mariah (4)}
mariahc4038.jpg,156463,554a704c,\Gallery 58\01 - Mariah (4)\,{Shemale Yum Dvd03~G58~01-4~01 - Mariah (4)}
mariahc4039.jpg,161206,9f60f0bd,\Gallery 58\01 - Mariah (4)\,{Shemale Yum Dvd03~G58~01-4~01 - Mariah (4)}
mariahc4040.jpg,122528,8f57f073,\Gallery 58\01 - Mariah (4)\,{Shemale Yum Dvd03~G58~01-4~01 - Mariah (4)}
mariahc4041.jpg,133868,9de69ccb,\Gallery 58\01 - Mariah (4)\,{Shemale Yum Dvd03~G58~01-4~01 - Mariah (4)}
mariahc4042.jpg,119985,e3ef2c6f,\Gallery 58\01 - Mariah (4)\,{Shemale Yum Dvd03~G58~01-4~01 - Mariah (4)}
mariahc4043.jpg,129912,a955f300,\Gallery 58\01 - Mariah (4)\,{Shemale Yum Dvd03~G58~01-4~01 - Mariah (4)}
mariahc4044.jpg,138534,7756da28,\Gallery 58\01 - Mariah (4)\,{Shemale Yum Dvd03~G58~01-4~01 - Mariah (4)}
mariahc4045.jpg,137031,feefc8a1,\Gallery 58\01 - Mariah (4)\,{Shemale Yum Dvd03~G58~01-4~01 - Mariah (4)}
mariahc4046.jpg,127905,14fb36cf,\Gallery 58\01 - Mariah (4)\,{Shemale Yum Dvd03~G58~01-4~01 - Mariah (4)}
mariahc4047.jpg,131006,ffbef34d,\Gallery 58\01 - Mariah (4)\,{Shemale Yum Dvd03~G58~01-4~01 - Mariah (4)}
mariahc4048.jpg,126842,7479b73a,\Gallery 58\01 - Mariah (4)\,{Shemale Yum Dvd03~G58~01-4~01 - Mariah (4)}
mariahc4049.jpg,141104,c852fa28,\Gallery 58\01 - Mariah (4)\,{Shemale Yum Dvd03~G58~01-4~01 - Mariah (4)}
mariahc4050.jpg,135122,84750a83,\Gallery 58\01 - Mariah (4)\,{Shemale Yum Dvd03~G58~01-4~01 - Mariah (4)}
mariahc4051.jpg,142321,438ea03e,\Gallery 58\01 - Mariah (4)\,{Shemale Yum Dvd03~G58~01-4~01 - Mariah (4)}
mariahc4052.jpg,145764,566c2586,\Gallery 58\01 - Mariah (4)\,{Shemale Yum Dvd03~G58~01-4~01 - Mariah (4)}
mariahc4053.jpg,176246,1d49c66e,\Gallery 58\01 - Mariah (4)\,{Shemale Yum Dvd03~G58~01-4~01 - Mariah (4)}
mariahc4054.jpg,189200,4bb8996f,\Gallery 58\01 - Mariah (4)\,{Shemale Yum Dvd03~G58~01-4~01 - Mariah (4)}
mariahc4056.jpg,137544,cfb5ead5,\Gallery 58\01 - Mariah (4)\,{Shemale Yum Dvd03~G58~01-4~01 - Mariah (4)}
mariahc4057.jpg,152267,8ed409e0,\Gallery 58\01 - Mariah (4)\,{Shemale Yum Dvd03~G58~01-4~01 - Mariah (4)}
mariahc4058.jpg,139812,b21caf3c,\Gallery 58\01 - Mariah (4)\,{Shemale Yum Dvd03~G58~01-4~01 - Mariah (4)}
mariahc4059.jpg,162112,49c46071,\Gallery 58\01 - Mariah (4)\,{Shemale Yum Dvd03~G58~01-4~01 - Mariah (4)}
mariahc4060.jpg,173537,45e66788,\Gallery 58\01 - Mariah (4)\,{Shemale Yum Dvd03~G58~01-4~01 - Mariah (4)}
mariahc4061.jpg,178971,3bd1e207,\Gallery 58\01 - Mariah (4)\,{Shemale Yum Dvd03~G58~01-4~01 - Mariah (4)}
mariahc4062.jpg,171377,2e3419ae,\Gallery 58\01 - Mariah (4)\,{Shemale Yum Dvd03~G58~01-4~01 - Mariah (4)}
mariahc4063.jpg,168739,b437b1bc,\Gallery 58\01 - Mariah (4)\,{Shemale Yum Dvd03~G58~01-4~01 - Mariah (4)}
mariahc4064.jpg,174916,baa46cb8,\Gallery 58\01 - Mariah (4)\,{Shemale Yum Dvd03~G58~01-4~01 - Mariah (4)}
mariahc4065.jpg,159958,9f15e390,\Gallery 58\01 - Mariah (4)\,{Shemale Yum Dvd03~G58~01-4~01 - Mariah (4)}
mariahc4066.jpg,208033,053a4a99,\Gallery 58\01 - Mariah (4)\,{Shemale Yum Dvd03~G58~01-4~01 - Mariah (4)}
mariahc4067.jpg,209429,5e331a9f,\Gallery 58\01 - Mariah (4)\,{Shemale Yum Dvd03~G58~01-4~01 - Mariah (4)}
mariahc4068.jpg,216992,464acc17,\Gallery 58\01 - Mariah (4)\,{Shemale Yum Dvd03~G58~01-4~01 - Mariah (4)}
mariahc4069.jpg,215940,4ba68ab5,\Gallery 58\01 - Mariah (4)\,{Shemale Yum Dvd03~G58~01-4~01 - Mariah (4)}
mariahc4070.jpg,133290,3f8339ce,\Gallery 58\01 - Mariah (4)\,{Shemale Yum Dvd03~G58~01-4~01 - Mariah (4)}
mariahc4071.jpg,116134,c62a665b,\Gallery 58\01 - Mariah (4)\,{Shemale Yum Dvd03~G58~01-4~01 - Mariah (4)}
mariahc4072.jpg,175339,325188a9,\Gallery 58\01 - Mariah (4)\,{Shemale Yum Dvd03~G58~01-4~01 - Mariah (4)}
mariahc4073.jpg,197179,5865bfd8,\Gallery 58\01 - Mariah (4)\,{Shemale Yum Dvd03~G58~01-4~01 - Mariah (4)}
mariahc4074.jpg,171567,275aa9b5,\Gallery 58\01 - Mariah (4)\,{Shemale Yum Dvd03~G58~01-4~01 - Mariah (4)}
mariahc4075.jpg,186089,a0c704d7,\Gallery 58\01 - Mariah (4)\,{Shemale Yum Dvd03~G58~01-4~01 - Mariah (4)}
mariahc4076.jpg,188737,22ccaa26,\Gallery 58\01 - Mariah (4)\,{Shemale Yum Dvd03~G58~01-4~01 - Mariah (4)}
mariahc4077.jpg,168886,0bc9b75c,\Gallery 58\01 - Mariah (4)\,{Shemale Yum Dvd03~G58~01-4~01 - Mariah (4)}
mariahc4078.jpg,185025,d11860ea,\Gallery 58\01 - Mariah (4)\,{Shemale Yum Dvd03~G58~01-4~01 - Mariah (4)}
mariahc4079.jpg,167839,73e14a6b,\Gallery 58\01 - Mariah (4)\,{Shemale Yum Dvd03~G58~01-4~01 - Mariah (4)}
mariahc4080.jpg,173201,4ea2b812,\Gallery 58\01 - Mariah (4)\,{Shemale Yum Dvd03~G58~01-4~01 - Mariah (4)}
mariahc4081.jpg,176556,9b1eb5d3,\Gallery 58\01 - Mariah (4)\,{Shemale Yum Dvd03~G58~01-4~01 - Mariah (4)}
mariahc4082.jpg,131746,e641650b,\Gallery 58\01 - Mariah (4)\,{Shemale Yum Dvd03~G58~01-4~01 - Mariah (4)}
mariahc4083.jpg,136808,7a4c5128,\Gallery 58\01 - Mariah (4)\,{Shemale Yum Dvd03~G58~01-4~01 - Mariah (4)}
mariahc4084.jpg,175935,b22d8b56,\Gallery 58\01 - Mariah (4)\,{Shemale Yum Dvd03~G58~01-4~01 - Mariah (4)}
mariahc4085.jpg,191080,68c858fe,\Gallery 58\01 - Mariah (4)\,{Shemale Yum Dvd03~G58~01-4~01 - Mariah (4)}
mariahc4086.jpg,129504,0103c893,\Gallery 58\01 - Mariah (4)\,{Shemale Yum Dvd03~G58~01-4~01 - Mariah (4)}
mariahc4087.jpg,186074,66cce1b7,\Gallery 58\01 - Mariah (4)\,{Shemale Yum Dvd03~G58~01-4~01 - Mariah (4)}
mariahc4088.jpg,195050,104a81b6,\Gallery 58\01 - Mariah (4)\,{Shemale Yum Dvd03~G58~01-4~01 - Mariah (4)}
mariahc5001.jpg,132950,1455927b,\Gallery 58\01 - Mariah (5)\,{Shemale Yum Dvd03~G58~01-5~01 - Mariah (5)}
mariahc5002.jpg,135616,5114d206,\Gallery 58\01 - Mariah (5)\,{Shemale Yum Dvd03~G58~01-5~01 - Mariah (5)}
mariahc5003.jpg,116276,451b6499,\Gallery 58\01 - Mariah (5)\,{Shemale Yum Dvd03~G58~01-5~01 - Mariah (5)}
mariahc5004.jpg,132186,7ed787a2,\Gallery 58\01 - Mariah (5)\,{Shemale Yum Dvd03~G58~01-5~01 - Mariah (5)}
mariahc5005.jpg,134562,88df0fc8,\Gallery 58\01 - Mariah (5)\,{Shemale Yum Dvd03~G58~01-5~01 - Mariah (5)}
mariahc5006.jpg,178952,f2b7b815,\Gallery 58\01 - Mariah (5)\,{Shemale Yum Dvd03~G58~01-5~01 - Mariah (5)}
mariahc5007.jpg,176585,faa42f93,\Gallery 58\01 - Mariah (5)\,{Shemale Yum Dvd03~G58~01-5~01 - Mariah (5)}
mariahc5008.jpg,138513,38a65bb5,\Gallery 58\01 - Mariah (5)\,{Shemale Yum Dvd03~G58~01-5~01 - Mariah (5)}
mariahc5009.jpg,124255,8f1f345f,\Gallery 58\01 - Mariah (5)\,{Shemale Yum Dvd03~G58~01-5~01 - Mariah (5)}
mariahc5010.jpg,123319,3dfd9722,\Gallery 58\01 - Mariah (5)\,{Shemale Yum Dvd03~G58~01-5~01 - Mariah (5)}
mariahc5011.jpg,111145,c08eb0f5,\Gallery 58\01 - Mariah (5)\,{Shemale Yum Dvd03~G58~01-5~01 - Mariah (5)}
mariahc5012.jpg,119917,c5186460,\Gallery 58\01 - Mariah (5)\,{Shemale Yum Dvd03~G58~01-5~01 - Mariah (5)}
mariahc5013.jpg,126218,6a71c333,\Gallery 58\01 - Mariah (5)\,{Shemale Yum Dvd03~G58~01-5~01 - Mariah (5)}
mariahc5014.jpg,129560,94fe4a95,\Gallery 58\01 - Mariah (5)\,{Shemale Yum Dvd03~G58~01-5~01 - Mariah (5)}
mariahc5015.jpg,145246,224b3b1c,\Gallery 58\01 - Mariah (5)\,{Shemale Yum Dvd03~G58~01-5~01 - Mariah (5)}
mariahc5016.jpg,164152,cef0e091,\Gallery 58\01 - Mariah (5)\,{Shemale Yum Dvd03~G58~01-5~01 - Mariah (5)}
mariahc5017.jpg,126685,7a528ff6,\Gallery 58\01 - Mariah (5)\,{Shemale Yum Dvd03~G58~01-5~01 - Mariah (5)}
mariahc5018.jpg,120958,46d785fc,\Gallery 58\01 - Mariah (5)\,{Shemale Yum Dvd03~G58~01-5~01 - Mariah (5)}
mariahc5019.jpg,138074,c837439e,\Gallery 58\01 - Mariah (5)\,{Shemale Yum Dvd03~G58~01-5~01 - Mariah (5)}
mariahc5020.jpg,142294,411c5c31,\Gallery 58\01 - Mariah (5)\,{Shemale Yum Dvd03~G58~01-5~01 - Mariah (5)}
mariahc5021.jpg,121851,310b39d9,\Gallery 58\01 - Mariah (5)\,{Shemale Yum Dvd03~G58~01-5~01 - Mariah (5)}
mariahc5022.jpg,138133,017ab67e,\Gallery 58\01 - Mariah (5)\,{Shemale Yum Dvd03~G58~01-5~01 - Mariah (5)}
mariahc5023.jpg,140138,cc42b61a,\Gallery 58\01 - Mariah (5)\,{Shemale Yum Dvd03~G58~01-5~01 - Mariah (5)}
mariahc5024.jpg,118467,c62383dd,\Gallery 58\01 - Mariah (5)\,{Shemale Yum Dvd03~G58~01-5~01 - Mariah (5)}
mariahc5025.jpg,132169,50070c08,\Gallery 58\01 - Mariah (5)\,{Shemale Yum Dvd03~G58~01-5~01 - Mariah (5)}
mariahc5026.jpg,126061,a84ac46a,\Gallery 58\01 - Mariah (5)\,{Shemale Yum Dvd03~G58~01-5~01 - Mariah (5)}
mariahc5027.jpg,140486,54bf70e0,\Gallery 58\01 - Mariah (5)\,{Shemale Yum Dvd03~G58~01-5~01 - Mariah (5)}
mariahc5028.jpg,136646,ccea396a,\Gallery 58\01 - Mariah (5)\,{Shemale Yum Dvd03~G58~01-5~01 - Mariah (5)}
mariahc5029.jpg,120238,8fb2cbca,\Gallery 58\01 - Mariah (5)\,{Shemale Yum Dvd03~G58~01-5~01 - Mariah (5)}
mariahc5030.jpg,122841,f5c19fc3,\Gallery 58\01 - Mariah (5)\,{Shemale Yum Dvd03~G58~01-5~01 - Mariah (5)}
mariahc5031.jpg,113048,9de30001,\Gallery 58\01 - Mariah (5)\,{Shemale Yum Dvd03~G58~01-5~01 - Mariah (5)}
mariahc5032.jpg,123147,8b58b635,\Gallery 58\01 - Mariah (5)\,{Shemale Yum Dvd03~G58~01-5~01 - Mariah (5)}
mariahc5033.jpg,117913,f09b847f,\Gallery 58\01 - Mariah (5)\,{Shemale Yum Dvd03~G58~01-5~01 - Mariah (5)}
mariahc5034.jpg,161702,ee49dfe0,\Gallery 58\01 - Mariah (5)\,{Shemale Yum Dvd03~G58~01-5~01 - Mariah (5)}
mariahc5035.jpg,118228,699b34cd,\Gallery 58\01 - Mariah (5)\,{Shemale Yum Dvd03~G58~01-5~01 - Mariah (5)}
mariahc5036.jpg,189708,1ea9299e,\Gallery 58\01 - Mariah (5)\,{Shemale Yum Dvd03~G58~01-5~01 - Mariah (5)}
mariahc5037.jpg,126249,3bbe6913,\Gallery 58\01 - Mariah (5)\,{Shemale Yum Dvd03~G58~01-5~01 - Mariah (5)}
mariahc5038.jpg,100272,60ce1c5b,\Gallery 58\01 - Mariah (5)\,{Shemale Yum Dvd03~G58~01-5~01 - Mariah (5)}
mariahc5039.jpg,150507,bd15486a,\Gallery 58\01 - Mariah (5)\,{Shemale Yum Dvd03~G58~01-5~01 - Mariah (5)}
mariahc5040.jpg,132742,f9641b3c,\Gallery 58\01 - Mariah (5)\,{Shemale Yum Dvd03~G58~01-5~01 - Mariah (5)}
mariahc5041.jpg,126899,971ab1ae,\Gallery 58\01 - Mariah (5)\,{Shemale Yum Dvd03~G58~01-5~01 - Mariah (5)}
mariahc5042.jpg,136480,535fcb5c,\Gallery 58\01 - Mariah (5)\,{Shemale Yum Dvd03~G58~01-5~01 - Mariah (5)}
mariahc5043.jpg,136361,5828a89a,\Gallery 58\01 - Mariah (5)\,{Shemale Yum Dvd03~G58~01-5~01 - Mariah (5)}
mariahc5044.jpg,98659,3a1bf43e,\Gallery 58\01 - Mariah (5)\,{Shemale Yum Dvd03~G58~01-5~01 - Mariah (5)}
mariahc5045.jpg,110020,8c5c9a2e,\Gallery 58\01 - Mariah (5)\,{Shemale Yum Dvd03~G58~01-5~01 - Mariah (5)}
mariahc5046.jpg,154457,b00722be,\Gallery 58\01 - Mariah (5)\,{Shemale Yum Dvd03~G58~01-5~01 - Mariah (5)}
mariahc5047.jpg,154156,a8ee6b29,\Gallery 58\01 - Mariah (5)\,{Shemale Yum Dvd03~G58~01-5~01 - Mariah (5)}
mariahc5048.jpg,138384,875f6818,\Gallery 58\01 - Mariah (5)\,{Shemale Yum Dvd03~G58~01-5~01 - Mariah (5)}
mariahc5049.jpg,108840,3d10f9ea,\Gallery 58\01 - Mariah (5)\,{Shemale Yum Dvd03~G58~01-5~01 - Mariah (5)}
mariahc5050.jpg,107734,1ec5753a,\Gallery 58\01 - Mariah (5)\,{Shemale Yum Dvd03~G58~01-5~01 - Mariah (5)}
mariahc5051.jpg,161894,45995c7e,\Gallery 58\01 - Mariah (5)\,{Shemale Yum Dvd03~G58~01-5~01 - Mariah (5)}
mariahc5052.jpg,177992,c55773e6,\Gallery 58\01 - Mariah (5)\,{Shemale Yum Dvd03~G58~01-5~01 - Mariah (5)}
mariahc5053.jpg,189135,92db19a8,\Gallery 58\01 - Mariah (5)\,{Shemale Yum Dvd03~G58~01-5~01 - Mariah (5)}
mariahc5054.jpg,153797,ed0b8d50,\Gallery 58\01 - Mariah (5)\,{Shemale Yum Dvd03~G58~01-5~01 - Mariah (5)}
mariahc5055.jpg,180665,aa403519,\Gallery 58\01 - Mariah (5)\,{Shemale Yum Dvd03~G58~01-5~01 - Mariah (5)}
mariahc5056.jpg,181154,72231409,\Gallery 58\01 - Mariah (5)\,{Shemale Yum Dvd03~G58~01-5~01 - Mariah (5)}
mariahc5057.jpg,174902,dc171742,\Gallery 58\01 - Mariah (5)\,{Shemale Yum Dvd03~G58~01-5~01 - Mariah (5)}
mariahc5058.jpg,122082,66caed01,\Gallery 58\01 - Mariah (5)\,{Shemale Yum Dvd03~G58~01-5~01 - Mariah (5)}
mariahc5059.jpg,131847,9dfed8c5,\Gallery 58\01 - Mariah (5)\,{Shemale Yum Dvd03~G58~01-5~01 - Mariah (5)}
mariahc5060.jpg,146008,3cb0b665,\Gallery 58\01 - Mariah (5)\,{Shemale Yum Dvd03~G58~01-5~01 - Mariah (5)}
mariahc5061.jpg,148958,12e033f4,\Gallery 58\01 - Mariah (5)\,{Shemale Yum Dvd03~G58~01-5~01 - Mariah (5)}
mariahc5062.jpg,183982,6a10f016,\Gallery 58\01 - Mariah (5)\,{Shemale Yum Dvd03~G58~01-5~01 - Mariah (5)}
mariahc5063.jpg,132778,0c4b68a2,\Gallery 58\01 - Mariah (5)\,{Shemale Yum Dvd03~G58~01-5~01 - Mariah (5)}
mariahc5064.jpg,123883,3d80447b,\Gallery 58\01 - Mariah (5)\,{Shemale Yum Dvd03~G58~01-5~01 - Mariah (5)}
mariahc5065.jpg,133468,86703929,\Gallery 58\01 - Mariah (5)\,{Shemale Yum Dvd03~G58~01-5~01 - Mariah (5)}
mariahc5066.jpg,131303,efd3a2ac,\Gallery 58\01 - Mariah (5)\,{Shemale Yum Dvd03~G58~01-5~01 - Mariah (5)}
mariahc5067.jpg,141576,f6ed57d5,\Gallery 58\01 - Mariah (5)\,{Shemale Yum Dvd03~G58~01-5~01 - Mariah (5)}
mariahc5068.jpg,152346,fa162e7a,\Gallery 58\01 - Mariah (5)\,{Shemale Yum Dvd03~G58~01-5~01 - Mariah (5)}
mariahc5069.jpg,131770,bcc517f5,\Gallery 58\01 - Mariah (5)\,{Shemale Yum Dvd03~G58~01-5~01 - Mariah (5)}
mariahc5070.jpg,117109,add1be9c,\Gallery 58\01 - Mariah (5)\,{Shemale Yum Dvd03~G58~01-5~01 - Mariah (5)}
mariahc5071.jpg,143519,9a97baa1,\Gallery 58\01 - Mariah (5)\,{Shemale Yum Dvd03~G58~01-5~01 - Mariah (5)}
mariahc5072.jpg,125044,6ae60413,\Gallery 58\01 - Mariah (5)\,{Shemale Yum Dvd03~G58~01-5~01 - Mariah (5)}
mariahc5073.jpg,138110,cf55832f,\Gallery 58\01 - Mariah (5)\,{Shemale Yum Dvd03~G58~01-5~01 - Mariah (5)}
mariahc5074.jpg,131323,a0461df3,\Gallery 58\01 - Mariah (5)\,{Shemale Yum Dvd03~G58~01-5~01 - Mariah (5)}
mariahc5075.jpg,144011,2ea9d7d7,\Gallery 58\01 - Mariah (5)\,{Shemale Yum Dvd03~G58~01-5~01 - Mariah (5)}
mariahc5076.jpg,164661,84661e07,\Gallery 58\01 - Mariah (5)\,{Shemale Yum Dvd03~G58~01-5~01 - Mariah (5)}
mariahc5077.jpg,155054,52edbdca,\Gallery 58\01 - Mariah (5)\,{Shemale Yum Dvd03~G58~01-5~01 - Mariah (5)}
mariahc5078.jpg,141776,4b0521c5,\Gallery 58\01 - Mariah (5)\,{Shemale Yum Dvd03~G58~01-5~01 - Mariah (5)}
mariahc5079.jpg,118112,30a59e62,\Gallery 58\01 - Mariah (5)\,{Shemale Yum Dvd03~G58~01-5~01 - Mariah (5)}
mariahc5080.jpg,120761,54c3d9ca,\Gallery 58\01 - Mariah (5)\,{Shemale Yum Dvd03~G58~01-5~01 - Mariah (5)}
mariahc5081.jpg,111915,8eee4ecd,\Gallery 58\01 - Mariah (5)\,{Shemale Yum Dvd03~G58~01-5~01 - Mariah (5)}
mariahc5082.jpg,144260,7ca011df,\Gallery 58\01 - Mariah (5)\,{Shemale Yum Dvd03~G58~01-5~01 - Mariah (5)}
mariahc5083.jpg,177089,eed4623f,\Gallery 58\01 - Mariah (5)\,{Shemale Yum Dvd03~G58~01-5~01 - Mariah (5)}
mariahc5084.jpg,132315,e56d91ff,\Gallery 58\01 - Mariah (5)\,{Shemale Yum Dvd03~G58~01-5~01 - Mariah (5)}
mariahc5085.jpg,130365,cf1c5925,\Gallery 58\01 - Mariah (5)\,{Shemale Yum Dvd03~G58~01-5~01 - Mariah (5)}
mariahc5086.jpg,127402,c09e91db,\Gallery 58\01 - Mariah (5)\,{Shemale Yum Dvd03~G58~01-5~01 - Mariah (5)}
mariahc5087.jpg,106112,7bcc2a0e,\Gallery 58\01 - Mariah (5)\,{Shemale Yum Dvd03~G58~01-5~01 - Mariah (5)}
mariahc5088.jpg,118908,5ae49e69,\Gallery 58\01 - Mariah (5)\,{Shemale Yum Dvd03~G58~01-5~01 - Mariah (5)}
mariahc5089.jpg,120117,24fec0c8,\Gallery 58\01 - Mariah (5)\,{Shemale Yum Dvd03~G58~01-5~01 - Mariah (5)}
mariahc5090.jpg,139314,124f2165,\Gallery 58\01 - Mariah (5)\,{Shemale Yum Dvd03~G58~01-5~01 - Mariah (5)}
mariahc5091.jpg,135807,5bfbadcc,\Gallery 58\01 - Mariah (5)\,{Shemale Yum Dvd03~G58~01-5~01 - Mariah (5)}
mariahc5092.jpg,137813,eb66e3f6,\Gallery 58\01 - Mariah (5)\,{Shemale Yum Dvd03~G58~01-5~01 - Mariah (5)}
mariahc5093.jpg,135905,47a407d9,\Gallery 58\01 - Mariah (5)\,{Shemale Yum Dvd03~G58~01-5~01 - Mariah (5)}
monicavid001.jpg,127505,503185b0,\Gallery 58\02 - Monica\,{Shemale Yum Dvd03~G58~02~02 - Monica}
monicavid002.jpg,95840,f297b000,\Gallery 58\02 - Monica\,{Shemale Yum Dvd03~G58~02~02 - Monica}
monicavid003.jpg,148171,0df31c73,\Gallery 58\02 - Monica\,{Shemale Yum Dvd03~G58~02~02 - Monica}
monicavid004.jpg,161720,e44a8780,\Gallery 58\02 - Monica\,{Shemale Yum Dvd03~G58~02~02 - Monica}
monicavid005.jpg,125532,74ac2591,\Gallery 58\02 - Monica\,{Shemale Yum Dvd03~G58~02~02 - Monica}
monicavid006.jpg,128792,ddbf4c2c,\Gallery 58\02 - Monica\,{Shemale Yum Dvd03~G58~02~02 - Monica}
monicavid007.jpg,167766,b804012a,\Gallery 58\02 - Monica\,{Shemale Yum Dvd03~G58~02~02 - Monica}
monicavid008.jpg,162515,024bf1d9,\Gallery 58\02 - Monica\,{Shemale Yum Dvd03~G58~02~02 - Monica}
monicavid009.jpg,144898,95550435,\Gallery 58\02 - Monica\,{Shemale Yum Dvd03~G58~02~02 - Monica}
monicavid010.jpg,139120,4cd88fd1,\Gallery 58\02 - Monica\,{Shemale Yum Dvd03~G58~02~02 - Monica}
monicavid011.jpg,124077,e412479f,\Gallery 58\02 - Monica\,{Shemale Yum Dvd03~G58~02~02 - Monica}
monicavid012.jpg,129429,b227a9e1,\Gallery 58\02 - Monica\,{Shemale Yum Dvd03~G58~02~02 - Monica}
monicavid013.jpg,121102,d64b6a4d,\Gallery 58\02 - Monica\,{Shemale Yum Dvd03~G58~02~02 - Monica}
monicavid014.jpg,137190,c2d66194,\Gallery 58\02 - Monica\,{Shemale Yum Dvd03~G58~02~02 - Monica}
monicavid015.jpg,159581,32b2f3a1,\Gallery 58\02 - Monica\,{Shemale Yum Dvd03~G58~02~02 - Monica}
monicavid016.jpg,155365,b769be13,\Gallery 58\02 - Monica\,{Shemale Yum Dvd03~G58~02~02 - Monica}
monicavid017.jpg,135055,997b5da4,\Gallery 58\02 - Monica\,{Shemale Yum Dvd03~G58~02~02 - Monica}
monicavid018.jpg,141392,d86c8b51,\Gallery 58\02 - Monica\,{Shemale Yum Dvd03~G58~02~02 - Monica}
monicavid019.jpg,117404,b5dba420,\Gallery 58\02 - Monica\,{Shemale Yum Dvd03~G58~02~02 - Monica}
monicavid020.jpg,142879,34e0c2bc,\Gallery 58\02 - Monica\,{Shemale Yum Dvd03~G58~02~02 - Monica}
monicavid021.jpg,153097,51b5ae1e,\Gallery 58\02 - Monica\,{Shemale Yum Dvd03~G58~02~02 - Monica}
monicavid022.jpg,114472,ff26384c,\Gallery 58\02 - Monica\,{Shemale Yum Dvd03~G58~02~02 - Monica}
monicavid023.jpg,172345,d1a4fe5b,\Gallery 58\02 - Monica\,{Shemale Yum Dvd03~G58~02~02 - Monica}
monicavid024.jpg,151766,8878220a,\Gallery 58\02 - Monica\,{Shemale Yum Dvd03~G58~02~02 - Monica}
monicavid025.jpg,137188,3bd69fe8,\Gallery 58\02 - Monica\,{Shemale Yum Dvd03~G58~02~02 - Monica}
monicavid026.jpg,144220,8d8de817,\Gallery 58\02 - Monica\,{Shemale Yum Dvd03~G58~02~02 - Monica}
monicavid027.jpg,144339,745c2619,\Gallery 58\02 - Monica\,{Shemale Yum Dvd03~G58~02~02 - Monica}
monicavid028.jpg,145513,9d31a423,\Gallery 58\02 - Monica\,{Shemale Yum Dvd03~G58~02~02 - Monica}
monicavid029.jpg,140047,68ab1837,\Gallery 58\02 - Monica\,{Shemale Yum Dvd03~G58~02~02 - Monica}
monicavid030.jpg,148858,a747a19b,\Gallery 58\02 - Monica\,{Shemale Yum Dvd03~G58~02~02 - Monica}
monicavid031.jpg,163572,57d10d70,\Gallery 58\02 - Monica\,{Shemale Yum Dvd03~G58~02~02 - Monica}
monicavid032.jpg,130052,3dc24285,\Gallery 58\02 - Monica\,{Shemale Yum Dvd03~G58~02~02 - Monica}
monicavid033.jpg,124168,0b7d340b,\Gallery 58\02 - Monica\,{Shemale Yum Dvd03~G58~02~02 - Monica}
monicavid034.jpg,171952,e3a9aad9,\Gallery 58\02 - Monica\,{Shemale Yum Dvd03~G58~02~02 - Monica}
monicavid035.jpg,128435,08921b10,\Gallery 58\02 - Monica\,{Shemale Yum Dvd03~G58~02~02 - Monica}
monicavid036.jpg,163008,e7725328,\Gallery 58\02 - Monica\,{Shemale Yum Dvd03~G58~02~02 - Monica}
monicavid037.jpg,136370,9956a52a,\Gallery 58\02 - Monica\,{Shemale Yum Dvd03~G58~02~02 - Monica}
monicavid038.jpg,143239,8edde9da,\Gallery 58\02 - Monica\,{Shemale Yum Dvd03~G58~02~02 - Monica}
monicavid039.jpg,145901,08e9aabd,\Gallery 58\02 - Monica\,{Shemale Yum Dvd03~G58~02~02 - Monica}
monicavid040.jpg,146106,27bd0951,\Gallery 58\02 - Monica\,{Shemale Yum Dvd03~G58~02~02 - Monica}
monicavid041.jpg,156117,c794ba60,\Gallery 58\02 - Monica\,{Shemale Yum Dvd03~G58~02~02 - Monica}
monicavid042.jpg,139563,91738c5f,\Gallery 58\02 - Monica\,{Shemale Yum Dvd03~G58~02~02 - Monica}
monicavid043.jpg,152299,2f9c9070,\Gallery 58\02 - Monica\,{Shemale Yum Dvd03~G58~02~02 - Monica}
monicavid044.jpg,147573,76a606b8,\Gallery 58\02 - Monica\,{Shemale Yum Dvd03~G58~02~02 - Monica}
monicavid045.jpg,153941,e2ee3e6c,\Gallery 58\02 - Monica\,{Shemale Yum Dvd03~G58~02~02 - Monica}
monicavid046.jpg,154989,34cfc5b8,\Gallery 58\02 - Monica\,{Shemale Yum Dvd03~G58~02~02 - Monica}
monicavid047.jpg,146036,8ff8b62d,\Gallery 58\02 - Monica\,{Shemale Yum Dvd03~G58~02~02 - Monica}
monicavid048.jpg,144936,4cb3a4b8,\Gallery 58\02 - Monica\,{Shemale Yum Dvd03~G58~02~02 - Monica}
monicavid049.jpg,143991,01680aad,\Gallery 58\02 - Monica\,{Shemale Yum Dvd03~G58~02~02 - Monica}
monicavid050.jpg,139438,acbebce0,\Gallery 58\02 - Monica\,{Shemale Yum Dvd03~G58~02~02 - Monica}
monicavid051.jpg,141047,dbd34c7d,\Gallery 58\02 - Monica\,{Shemale Yum Dvd03~G58~02~02 - Monica}
monicavid052.jpg,151171,d0b04e22,\Gallery 58\02 - Monica\,{Shemale Yum Dvd03~G58~02~02 - Monica}
monicavid053.jpg,137755,925b5715,\Gallery 58\02 - Monica\,{Shemale Yum Dvd03~G58~02~02 - Monica}
monicavid054.jpg,129281,b281e8e3,\Gallery 58\02 - Monica\,{Shemale Yum Dvd03~G58~02~02 - Monica}
monicavid055.jpg,129436,7779862e,\Gallery 58\02 - Monica\,{Shemale Yum Dvd03~G58~02~02 - Monica}
monicavid056.jpg,131208,968bf0d8,\Gallery 58\02 - Monica\,{Shemale Yum Dvd03~G58~02~02 - Monica}
monicavid057.jpg,139564,64b1d911,\Gallery 58\02 - Monica\,{Shemale Yum Dvd03~G58~02~02 - Monica}
monicavid058.jpg,148797,5517f4ae,\Gallery 58\02 - Monica\,{Shemale Yum Dvd03~G58~02~02 - Monica}
monicavid059.jpg,159973,6668876c,\Gallery 58\02 - Monica\,{Shemale Yum Dvd03~G58~02~02 - Monica}
monicavid060.jpg,161900,c9754bf1,\Gallery 58\02 - Monica\,{Shemale Yum Dvd03~G58~02~02 - Monica}
monicavid061.jpg,131584,14d05bde,\Gallery 58\02 - Monica\,{Shemale Yum Dvd03~G58~02~02 - Monica}
monicavid062.jpg,127245,cac2ad6f,\Gallery 58\02 - Monica\,{Shemale Yum Dvd03~G58~02~02 - Monica}
monicavid063.jpg,125687,9a7a440f,\Gallery 58\02 - Monica\,{Shemale Yum Dvd03~G58~02~02 - Monica}
monicavid064.jpg,141688,17056f29,\Gallery 58\02 - Monica\,{Shemale Yum Dvd03~G58~02~02 - Monica}
monicavid065.jpg,133453,46d76a03,\Gallery 58\02 - Monica\,{Shemale Yum Dvd03~G58~02~02 - Monica}
monicavid066.jpg,162089,b1326586,\Gallery 58\02 - Monica\,{Shemale Yum Dvd03~G58~02~02 - Monica}
monicavid067.jpg,161531,86ebf5f9,\Gallery 58\02 - Monica\,{Shemale Yum Dvd03~G58~02~02 - Monica}
monicavid068.jpg,166177,acca4663,\Gallery 58\02 - Monica\,{Shemale Yum Dvd03~G58~02~02 - Monica}
monicavid069.jpg,102475,e0852939,\Gallery 58\02 - Monica\,{Shemale Yum Dvd03~G58~02~02 - Monica}
monicavid070.jpg,115070,17ede0b8,\Gallery 58\02 - Monica\,{Shemale Yum Dvd03~G58~02~02 - Monica}
monicavid071.jpg,127358,741e567e,\Gallery 58\02 - Monica\,{Shemale Yum Dvd03~G58~02~02 - Monica}
monicavid072.jpg,129057,a844bcd7,\Gallery 58\02 - Monica\,{Shemale Yum Dvd03~G58~02~02 - Monica}
monicavid073.jpg,132187,9379b8c8,\Gallery 58\02 - Monica\,{Shemale Yum Dvd03~G58~02~02 - Monica}
monicavid074.jpg,164063,65c3fe1c,\Gallery 58\02 - Monica\,{Shemale Yum Dvd03~G58~02~02 - Monica}
monicavid075.jpg,156900,156e6fbe,\Gallery 58\02 - Monica\,{Shemale Yum Dvd03~G58~02~02 - Monica}
monicavid076.jpg,149699,0ca6f129,\Gallery 58\02 - Monica\,{Shemale Yum Dvd03~G58~02~02 - Monica}
monicavid077.jpg,162813,aae17c35,\Gallery 58\02 - Monica\,{Shemale Yum Dvd03~G58~02~02 - Monica}
monicavid078.jpg,152621,1a924fa8,\Gallery 58\02 - Monica\,{Shemale Yum Dvd03~G58~02~02 - Monica}
monicavid079.jpg,161374,7e6a1a91,\Gallery 58\02 - Monica\,{Shemale Yum Dvd03~G58~02~02 - Monica}
monicavid080.jpg,161022,72e0f79f,\Gallery 58\02 - Monica\,{Shemale Yum Dvd03~G58~02~02 - Monica}
monicavid081.jpg,150743,71c2645e,\Gallery 58\02 - Monica\,{Shemale Yum Dvd03~G58~02~02 - Monica}
monicavid082.jpg,155958,93d41af5,\Gallery 58\02 - Monica\,{Shemale Yum Dvd03~G58~02~02 - Monica}
monicavid083.jpg,143027,7eab48ea,\Gallery 58\02 - Monica\,{Shemale Yum Dvd03~G58~02~02 - Monica}
monicavid084.jpg,148926,a47521ac,\Gallery 58\02 - Monica\,{Shemale Yum Dvd03~G58~02~02 - Monica}
monicavid085.jpg,161570,955e5ea4,\Gallery 58\02 - Monica\,{Shemale Yum Dvd03~G58~02~02 - Monica}
monicavid086.jpg,145647,23788abe,\Gallery 58\02 - Monica\,{Shemale Yum Dvd03~G58~02~02 - Monica}
monicavid087.jpg,141895,da2c281e,\Gallery 58\02 - Monica\,{Shemale Yum Dvd03~G58~02~02 - Monica}
monicavid088.jpg,141915,b76a5fbe,\Gallery 58\02 - Monica\,{Shemale Yum Dvd03~G58~02~02 - Monica}
monicavid089.jpg,158525,230c411d,\Gallery 58\02 - Monica\,{Shemale Yum Dvd03~G58~02~02 - Monica}
monicavid091.jpg,130113,997903ad,\Gallery 58\02 - Monica\,{Shemale Yum Dvd03~G58~02~02 - Monica}
monicavid092.jpg,144481,0a2da6e6,\Gallery 58\02 - Monica\,{Shemale Yum Dvd03~G58~02~02 - Monica}
monicavid093.jpg,156105,4e55a471,\Gallery 58\02 - Monica\,{Shemale Yum Dvd03~G58~02~02 - Monica}
monicavid094.jpg,134475,b1f13c85,\Gallery 58\02 - Monica\,{Shemale Yum Dvd03~G58~02~02 - Monica}
monicavid095.jpg,179853,c74de730,\Gallery 58\02 - Monica\,{Shemale Yum Dvd03~G58~02~02 - Monica}
monicavid096.jpg,156396,868b6878,\Gallery 58\02 - Monica\,{Shemale Yum Dvd03~G58~02~02 - Monica}
monicavid097.jpg,157075,7f0ad2af,\Gallery 58\02 - Monica\,{Shemale Yum Dvd03~G58~02~02 - Monica}
monicavid098.jpg,159100,27980aa4,\Gallery 58\02 - Monica\,{Shemale Yum Dvd03~G58~02~02 - Monica}
monicavid099.jpg,159757,f930d1bd,\Gallery 58\02 - Monica\,{Shemale Yum Dvd03~G58~02~02 - Monica}
monicavid100.jpg,154680,3b915062,\Gallery 58\02 - Monica\,{Shemale Yum Dvd03~G58~02~02 - Monica}
monicavid101.jpg,145913,7c785ae9,\Gallery 58\02 - Monica\,{Shemale Yum Dvd03~G58~02~02 - Monica}
monicavid102.jpg,145749,399efd09,\Gallery 58\02 - Monica\,{Shemale Yum Dvd03~G58~02~02 - Monica}
monicavid103.jpg,142315,2013c71d,\Gallery 58\02 - Monica\,{Shemale Yum Dvd03~G58~02~02 - Monica}
monicavid104.jpg,172469,529dcb11,\Gallery 58\02 - Monica\,{Shemale Yum Dvd03~G58~02~02 - Monica}
monicavid105.jpg,135484,4a1f5850,\Gallery 58\02 - Monica\,{Shemale Yum Dvd03~G58~02~02 - Monica}
monicavid106.jpg,135860,45684109,\Gallery 58\02 - Monica\,{Shemale Yum Dvd03~G58~02~02 - Monica}
monicavid108.jpg,128096,62512347,\Gallery 58\02 - Monica\,{Shemale Yum Dvd03~G58~02~02 - Monica}
monicavid109.jpg,158650,e188d155,\Gallery 58\02 - Monica\,{Shemale Yum Dvd03~G58~02~02 - Monica}
monicavid110.jpg,143863,71d182a6,\Gallery 58\02 - Monica\,{Shemale Yum Dvd03~G58~02~02 - Monica}
monicavid111.jpg,144795,ec1619ea,\Gallery 58\02 - Monica\,{Shemale Yum Dvd03~G58~02~02 - Monica}
monicavid112.jpg,119271,758e2513,\Gallery 58\02 - Monica\,{Shemale Yum Dvd03~G58~02~02 - Monica}
monicavid113.jpg,118034,a399e42c,\Gallery 58\02 - Monica\,{Shemale Yum Dvd03~G58~02~02 - Monica}
monicavid114.jpg,128431,d85a0e01,\Gallery 58\02 - Monica\,{Shemale Yum Dvd03~G58~02~02 - Monica}
monicavid115.jpg,120751,dcfec421,\Gallery 58\02 - Monica\,{Shemale Yum Dvd03~G58~02~02 - Monica}
monicavid116.jpg,149035,70dd1c05,\Gallery 58\02 - Monica\,{Shemale Yum Dvd03~G58~02~02 - Monica}
monicavid117.jpg,148524,73e40db8,\Gallery 58\02 - Monica\,{Shemale Yum Dvd03~G58~02~02 - Monica}
monicavid118.jpg,159617,0fed8b10,\Gallery 58\02 - Monica\,{Shemale Yum Dvd03~G58~02~02 - Monica}
monicavid119.jpg,158266,bf9887f3,\Gallery 58\02 - Monica\,{Shemale Yum Dvd03~G58~02~02 - Monica}
monicavid120.jpg,154529,e8ac519f,\Gallery 58\02 - Monica\,{Shemale Yum Dvd03~G58~02~02 - Monica}
monicavid121.jpg,127964,be8ac2b0,\Gallery 58\02 - Monica\,{Shemale Yum Dvd03~G58~02~02 - Monica}
monicavid122.jpg,169424,04dcac7b,\Gallery 58\02 - Monica\,{Shemale Yum Dvd03~G58~02~02 - Monica}
monicavid124.jpg,178208,acb3586e,\Gallery 58\02 - Monica\,{Shemale Yum Dvd03~G58~02~02 - Monica}
monicavid125.jpg,186807,cba0c179,\Gallery 58\02 - Monica\,{Shemale Yum Dvd03~G58~02~02 - Monica}
monicavid126.jpg,152519,8bcac47d,\Gallery 58\02 - Monica\,{Shemale Yum Dvd03~G58~02~02 - Monica}
monicavid127.jpg,167034,3b410b0e,\Gallery 58\02 - Monica\,{Shemale Yum Dvd03~G58~02~02 - Monica}
monicavid128.jpg,151065,8d8537ab,\Gallery 58\02 - Monica\,{Shemale Yum Dvd03~G58~02~02 - Monica}
raiza002.jpg,138846,b157ff80,\Gallery 58\03 - Raiza\,{Shemale Yum Dvd03~G58~03~03 - Raiza}
raiza003.jpg,162973,74ee9a1c,\Gallery 58\03 - Raiza\,{Shemale Yum Dvd03~G58~03~03 - Raiza}
raiza004.jpg,113641,11f7e451,\Gallery 58\03 - Raiza\,{Shemale Yum Dvd03~G58~03~03 - Raiza}
raiza005.jpg,166419,d50c4c4c,\Gallery 58\03 - Raiza\,{Shemale Yum Dvd03~G58~03~03 - Raiza}
raiza006.jpg,120945,6f15f5d1,\Gallery 58\03 - Raiza\,{Shemale Yum Dvd03~G58~03~03 - Raiza}
raiza007.jpg,138750,cb91c928,\Gallery 58\03 - Raiza\,{Shemale Yum Dvd03~G58~03~03 - Raiza}
raiza008.jpg,123207,67311e54,\Gallery 58\03 - Raiza\,{Shemale Yum Dvd03~G58~03~03 - Raiza}
raiza009.jpg,123281,50892601,\Gallery 58\03 - Raiza\,{Shemale Yum Dvd03~G58~03~03 - Raiza}
raiza010.jpg,184492,8acfd1d0,\Gallery 58\03 - Raiza\,{Shemale Yum Dvd03~G58~03~03 - Raiza}
raiza011.jpg,169503,23869b56,\Gallery 58\03 - Raiza\,{Shemale Yum Dvd03~G58~03~03 - Raiza}
raiza012.jpg,157149,c032b3ad,\Gallery 58\03 - Raiza\,{Shemale Yum Dvd03~G58~03~03 - Raiza}
raiza013.jpg,148124,7c563e61,\Gallery 58\03 - Raiza\,{Shemale Yum Dvd03~G58~03~03 - Raiza}
raiza014.jpg,222820,4941c59d,\Gallery 58\03 - Raiza\,{Shemale Yum Dvd03~G58~03~03 - Raiza}
raiza015.jpg,215907,96b9dd11,\Gallery 58\03 - Raiza\,{Shemale Yum Dvd03~G58~03~03 - Raiza}
raiza016.jpg,247101,a270f145,\Gallery 58\03 - Raiza\,{Shemale Yum Dvd03~G58~03~03 - Raiza}
raiza017.jpg,158289,2f8cae35,\Gallery 58\03 - Raiza\,{Shemale Yum Dvd03~G58~03~03 - Raiza}
raiza018.jpg,154002,1b71f471,\Gallery 58\03 - Raiza\,{Shemale Yum Dvd03~G58~03~03 - Raiza}
raiza019.jpg,146620,7e724aae,\Gallery 58\03 - Raiza\,{Shemale Yum Dvd03~G58~03~03 - Raiza}
raiza020.jpg,141574,893d392d,\Gallery 58\03 - Raiza\,{Shemale Yum Dvd03~G58~03~03 - Raiza}
raiza021.jpg,134187,c09277f4,\Gallery 58\03 - Raiza\,{Shemale Yum Dvd03~G58~03~03 - Raiza}
raiza022.jpg,166046,4850a214,\Gallery 58\03 - Raiza\,{Shemale Yum Dvd03~G58~03~03 - Raiza}
raiza023.jpg,145386,43efdf05,\Gallery 58\03 - Raiza\,{Shemale Yum Dvd03~G58~03~03 - Raiza}
raiza024.jpg,129874,fe73a5b1,\Gallery 58\03 - Raiza\,{Shemale Yum Dvd03~G58~03~03 - Raiza}
raiza025.jpg,133445,3e42f00a,\Gallery 58\03 - Raiza\,{Shemale Yum Dvd03~G58~03~03 - Raiza}
raiza026.jpg,107507,34350092,\Gallery 58\03 - Raiza\,{Shemale Yum Dvd03~G58~03~03 - Raiza}
raiza027.jpg,117050,77a58ffd,\Gallery 58\03 - Raiza\,{Shemale Yum Dvd03~G58~03~03 - Raiza}
raiza028.jpg,115321,ceb189d2,\Gallery 58\03 - Raiza\,{Shemale Yum Dvd03~G58~03~03 - Raiza}
raiza029.jpg,111163,ca609fe6,\Gallery 58\03 - Raiza\,{Shemale Yum Dvd03~G58~03~03 - Raiza}
raiza030.jpg,98303,604e3b68,\Gallery 58\03 - Raiza\,{Shemale Yum Dvd03~G58~03~03 - Raiza}
raiza031.jpg,132281,af4fb74c,\Gallery 58\03 - Raiza\,{Shemale Yum Dvd03~G58~03~03 - Raiza}
raiza032.jpg,133621,9a03b1cb,\Gallery 58\03 - Raiza\,{Shemale Yum Dvd03~G58~03~03 - Raiza}
raiza033.jpg,126377,630fd619,\Gallery 58\03 - Raiza\,{Shemale Yum Dvd03~G58~03~03 - Raiza}
raiza034.jpg,165836,4d279b89,\Gallery 58\03 - Raiza\,{Shemale Yum Dvd03~G58~03~03 - Raiza}
raiza035.jpg,117972,280749e3,\Gallery 58\03 - Raiza\,{Shemale Yum Dvd03~G58~03~03 - Raiza}
raiza036.jpg,107389,84279112,\Gallery 58\03 - Raiza\,{Shemale Yum Dvd03~G58~03~03 - Raiza}
raiza037.jpg,104309,34144ee4,\Gallery 58\03 - Raiza\,{Shemale Yum Dvd03~G58~03~03 - Raiza}
raiza038.jpg,107390,9acf76e5,\Gallery 58\03 - Raiza\,{Shemale Yum Dvd03~G58~03~03 - Raiza}
raiza039.jpg,152102,108507aa,\Gallery 58\03 - Raiza\,{Shemale Yum Dvd03~G58~03~03 - Raiza}
raiza040.jpg,96390,8ee8bbfd,\Gallery 58\03 - Raiza\,{Shemale Yum Dvd03~G58~03~03 - Raiza}
raiza041.jpg,100848,b5df3432,\Gallery 58\03 - Raiza\,{Shemale Yum Dvd03~G58~03~03 - Raiza}
raiza042.jpg,107943,bb3973f4,\Gallery 58\03 - Raiza\,{Shemale Yum Dvd03~G58~03~03 - Raiza}
raiza043.jpg,156417,0b7f58ef,\Gallery 58\03 - Raiza\,{Shemale Yum Dvd03~G58~03~03 - Raiza}
raiza044.jpg,193594,5f20b401,\Gallery 58\03 - Raiza\,{Shemale Yum Dvd03~G58~03~03 - Raiza}
raiza045.jpg,169811,4be1f4d8,\Gallery 58\03 - Raiza\,{Shemale Yum Dvd03~G58~03~03 - Raiza}
raiza046.jpg,165063,788e95f1,\Gallery 58\03 - Raiza\,{Shemale Yum Dvd03~G58~03~03 - Raiza}
raiza047.jpg,141188,b933e4d9,\Gallery 58\03 - Raiza\,{Shemale Yum Dvd03~G58~03~03 - Raiza}
raiza048.jpg,169447,15f450ff,\Gallery 58\03 - Raiza\,{Shemale Yum Dvd03~G58~03~03 - Raiza}
raiza049.jpg,127623,870146cf,\Gallery 58\03 - Raiza\,{Shemale Yum Dvd03~G58~03~03 - Raiza}
raiza050.jpg,128005,1e089d14,\Gallery 58\03 - Raiza\,{Shemale Yum Dvd03~G58~03~03 - Raiza}
raiza051.jpg,123309,dee9517d,\Gallery 58\03 - Raiza\,{Shemale Yum Dvd03~G58~03~03 - Raiza}
raiza052.jpg,105230,5ecc1057,\Gallery 58\03 - Raiza\,{Shemale Yum Dvd03~G58~03~03 - Raiza}
raiza053.jpg,125725,928f6a6c,\Gallery 58\03 - Raiza\,{Shemale Yum Dvd03~G58~03~03 - Raiza}
raiza054.jpg,111678,770247fc,\Gallery 58\03 - Raiza\,{Shemale Yum Dvd03~G58~03~03 - Raiza}
raiza055.jpg,127440,1ba2d977,\Gallery 58\03 - Raiza\,{Shemale Yum Dvd03~G58~03~03 - Raiza}
raiza056.jpg,167508,b317bc42,\Gallery 58\03 - Raiza\,{Shemale Yum Dvd03~G58~03~03 - Raiza}
raiza057.jpg,127345,33b28c72,\Gallery 58\03 - Raiza\,{Shemale Yum Dvd03~G58~03~03 - Raiza}
raiza058.jpg,143666,cf2a50a6,\Gallery 58\03 - Raiza\,{Shemale Yum Dvd03~G58~03~03 - Raiza}
raiza059.jpg,102044,62833f19,\Gallery 58\03 - Raiza\,{Shemale Yum Dvd03~G58~03~03 - Raiza}
raiza060.jpg,117454,f893ca92,\Gallery 58\03 - Raiza\,{Shemale Yum Dvd03~G58~03~03 - Raiza}
raiza061.jpg,89836,b0de86ef,\Gallery 58\03 - Raiza\,{Shemale Yum Dvd03~G58~03~03 - Raiza}
raiza062.jpg,90497,f45909f5,\Gallery 58\03 - Raiza\,{Shemale Yum Dvd03~G58~03~03 - Raiza}
raiza063.jpg,101949,ef6b630c,\Gallery 58\03 - Raiza\,{Shemale Yum Dvd03~G58~03~03 - Raiza}
raiza064.jpg,124013,7478b92d,\Gallery 58\03 - Raiza\,{Shemale Yum Dvd03~G58~03~03 - Raiza}
raiza065.jpg,117726,08046165,\Gallery 58\03 - Raiza\,{Shemale Yum Dvd03~G58~03~03 - Raiza}
raiza066.jpg,119667,c4993cc3,\Gallery 58\03 - Raiza\,{Shemale Yum Dvd03~G58~03~03 - Raiza}
raiza067.jpg,143971,a3bd8c9e,\Gallery 58\03 - Raiza\,{Shemale Yum Dvd03~G58~03~03 - Raiza}
raiza068.jpg,154033,e80777c4,\Gallery 58\03 - Raiza\,{Shemale Yum Dvd03~G58~03~03 - Raiza}
raiza069.jpg,180123,3ebc60fc,\Gallery 58\03 - Raiza\,{Shemale Yum Dvd03~G58~03~03 - Raiza}
raiza070.jpg,157054,a2ad3e84,\Gallery 58\03 - Raiza\,{Shemale Yum Dvd03~G58~03~03 - Raiza}
raiza071.jpg,164757,1ab56d1e,\Gallery 58\03 - Raiza\,{Shemale Yum Dvd03~G58~03~03 - Raiza}
raiza072.jpg,156237,6d54d0e4,\Gallery 58\03 - Raiza\,{Shemale Yum Dvd03~G58~03~03 - Raiza}
raiza073.jpg,158663,463e693a,\Gallery 58\03 - Raiza\,{Shemale Yum Dvd03~G58~03~03 - Raiza}
raiza074.jpg,152385,0fdbb119,\Gallery 58\03 - Raiza\,{Shemale Yum Dvd03~G58~03~03 - Raiza}
raiza075.jpg,150222,9f78667f,\Gallery 58\03 - Raiza\,{Shemale Yum Dvd03~G58~03~03 - Raiza}
raiza076.jpg,137718,684ed4df,\Gallery 58\03 - Raiza\,{Shemale Yum Dvd03~G58~03~03 - Raiza}
raiza077.jpg,189674,22164f72,\Gallery 58\03 - Raiza\,{Shemale Yum Dvd03~G58~03~03 - Raiza}
raiza078.jpg,162141,5bd7937a,\Gallery 58\03 - Raiza\,{Shemale Yum Dvd03~G58~03~03 - Raiza}
raiza079.jpg,115312,9aa24f6c,\Gallery 58\03 - Raiza\,{Shemale Yum Dvd03~G58~03~03 - Raiza}
raiza080.jpg,136605,fa4cdc57,\Gallery 58\03 - Raiza\,{Shemale Yum Dvd03~G58~03~03 - Raiza}
raiza081.jpg,133924,7e8fe581,\Gallery 58\03 - Raiza\,{Shemale Yum Dvd03~G58~03~03 - Raiza}
raiza082.jpg,150837,bc33b5df,\Gallery 58\03 - Raiza\,{Shemale Yum Dvd03~G58~03~03 - Raiza}
raiza083.jpg,129665,471d7b9e,\Gallery 58\03 - Raiza\,{Shemale Yum Dvd03~G58~03~03 - Raiza}
raiza084.jpg,120650,f1783966,\Gallery 58\03 - Raiza\,{Shemale Yum Dvd03~G58~03~03 - Raiza}
raiza085.jpg,99414,e21f6bc8,\Gallery 58\03 - Raiza\,{Shemale Yum Dvd03~G58~03~03 - Raiza}
raiza086.jpg,110693,da110ead,\Gallery 58\03 - Raiza\,{Shemale Yum Dvd03~G58~03~03 - Raiza}
raiza087.jpg,107890,88effd97,\Gallery 58\03 - Raiza\,{Shemale Yum Dvd03~G58~03~03 - Raiza}
raiza088.jpg,112650,cac19464,\Gallery 58\03 - Raiza\,{Shemale Yum Dvd03~G58~03~03 - Raiza}
raiza089.jpg,98769,e68b142b,\Gallery 58\03 - Raiza\,{Shemale Yum Dvd03~G58~03~03 - Raiza}
raiza090.jpg,99807,00e34bda,\Gallery 58\03 - Raiza\,{Shemale Yum Dvd03~G58~03~03 - Raiza}
raiza091.jpg,105607,c67b4669,\Gallery 58\03 - Raiza\,{Shemale Yum Dvd03~G58~03~03 - Raiza}
raiza092.jpg,166965,1999411e,\Gallery 58\03 - Raiza\,{Shemale Yum Dvd03~G58~03~03 - Raiza}
raiza093.jpg,116329,4639d974,\Gallery 58\03 - Raiza\,{Shemale Yum Dvd03~G58~03~03 - Raiza}
raiza094.jpg,157860,4fb7a564,\Gallery 58\03 - Raiza\,{Shemale Yum Dvd03~G58~03~03 - Raiza}
raiza095.jpg,117979,6427711b,\Gallery 58\03 - Raiza\,{Shemale Yum Dvd03~G58~03~03 - Raiza}
raiza096.jpg,121605,3cd2dc8f,\Gallery 58\03 - Raiza\,{Shemale Yum Dvd03~G58~03~03 - Raiza}
raiza097.jpg,112638,062ee8ca,\Gallery 58\03 - Raiza\,{Shemale Yum Dvd03~G58~03~03 - Raiza}
raiza098.jpg,97488,cbf8908f,\Gallery 58\03 - Raiza\,{Shemale Yum Dvd03~G58~03~03 - Raiza}
raiza099.jpg,94627,294d16be,\Gallery 58\03 - Raiza\,{Shemale Yum Dvd03~G58~03~03 - Raiza}
raiza100.jpg,149088,787d7575,\Gallery 58\03 - Raiza\,{Shemale Yum Dvd03~G58~03~03 - Raiza}
raiza101.jpg,83413,48847982,\Gallery 58\03 - Raiza\,{Shemale Yum Dvd03~G58~03~03 - Raiza}
raiza102.jpg,109365,47ba5403,\Gallery 58\03 - Raiza\,{Shemale Yum Dvd03~G58~03~03 - Raiza}
raiza103.jpg,90281,6645fedf,\Gallery 58\03 - Raiza\,{Shemale Yum Dvd03~G58~03~03 - Raiza}
raiza104.jpg,160133,eb96d5b5,\Gallery 58\03 - Raiza\,{Shemale Yum Dvd03~G58~03~03 - Raiza}
raiza105.jpg,105715,e0e1ecb1,\Gallery 58\03 - Raiza\,{Shemale Yum Dvd03~G58~03~03 - Raiza}
raiza106.jpg,89078,6d24377b,\Gallery 58\03 - Raiza\,{Shemale Yum Dvd03~G58~03~03 - Raiza}
raiza107.jpg,93285,348c1bb8,\Gallery 58\03 - Raiza\,{Shemale Yum Dvd03~G58~03~03 - Raiza}
raiza108.jpg,129222,eb6e6776,\Gallery 58\03 - Raiza\,{Shemale Yum Dvd03~G58~03~03 - Raiza}
raiza109.jpg,96032,27634d65,\Gallery 58\03 - Raiza\,{Shemale Yum Dvd03~G58~03~03 - Raiza}
raiza110.jpg,100178,69761a51,\Gallery 58\03 - Raiza\,{Shemale Yum Dvd03~G58~03~03 - Raiza}
silky001.jpg,165452,3b85e602,\Gallery 58\04 - Silky\,{Shemale Yum Dvd03~G58~04~04 - Silky}
silky002.jpg,139637,ab91f87d,\Gallery 58\04 - Silky\,{Shemale Yum Dvd03~G58~04~04 - Silky}
silky003.jpg,153567,b2f37b45,\Gallery 58\04 - Silky\,{Shemale Yum Dvd03~G58~04~04 - Silky}
silky004.jpg,149421,161eaa21,\Gallery 58\04 - Silky\,{Shemale Yum Dvd03~G58~04~04 - Silky}
silky005.jpg,149520,7c81ed6a,\Gallery 58\04 - Silky\,{Shemale Yum Dvd03~G58~04~04 - Silky}
silky006.jpg,158412,43aeef12,\Gallery 58\04 - Silky\,{Shemale Yum Dvd03~G58~04~04 - Silky}
silky007.jpg,175038,2ad6dd7c,\Gallery 58\04 - Silky\,{Shemale Yum Dvd03~G58~04~04 - Silky}
silky008.jpg,149330,10cf7ba6,\Gallery 58\04 - Silky\,{Shemale Yum Dvd03~G58~04~04 - Silky}
silky009.jpg,157191,a6567999,\Gallery 58\04 - Silky\,{Shemale Yum Dvd03~G58~04~04 - Silky}
silky010.jpg,188839,ddb6ce19,\Gallery 58\04 - Silky\,{Shemale Yum Dvd03~G58~04~04 - Silky}
silky011.jpg,166247,ad64858c,\Gallery 58\04 - Silky\,{Shemale Yum Dvd03~G58~04~04 - Silky}
silky012.jpg,161777,d9500ac9,\Gallery 58\04 - Silky\,{Shemale Yum Dvd03~G58~04~04 - Silky}
silky013.jpg,155035,a8913a2b,\Gallery 58\04 - Silky\,{Shemale Yum Dvd03~G58~04~04 - Silky}
silky014.jpg,160846,3bb16c07,\Gallery 58\04 - Silky\,{Shemale Yum Dvd03~G58~04~04 - Silky}
silky015.jpg,137205,c6780794,\Gallery 58\04 - Silky\,{Shemale Yum Dvd03~G58~04~04 - Silky}
silky016.jpg,135370,90a152ba,\Gallery 58\04 - Silky\,{Shemale Yum Dvd03~G58~04~04 - Silky}
silky017.jpg,136057,c1e4f885,\Gallery 58\04 - Silky\,{Shemale Yum Dvd03~G58~04~04 - Silky}
silky018.jpg,140200,ef731c97,\Gallery 58\04 - Silky\,{Shemale Yum Dvd03~G58~04~04 - Silky}
silky019.jpg,140411,5327a155,\Gallery 58\04 - Silky\,{Shemale Yum Dvd03~G58~04~04 - Silky}
silky020.jpg,137092,2ab57678,\Gallery 58\04 - Silky\,{Shemale Yum Dvd03~G58~04~04 - Silky}
silky021.jpg,136179,bcca4b56,\Gallery 58\04 - Silky\,{Shemale Yum Dvd03~G58~04~04 - Silky}
silky022.jpg,165829,3361d3c2,\Gallery 58\04 - Silky\,{Shemale Yum Dvd03~G58~04~04 - Silky}
silky023.jpg,144055,9d8386c1,\Gallery 58\04 - Silky\,{Shemale Yum Dvd03~G58~04~04 - Silky}
silky024.jpg,154373,317bb392,\Gallery 58\04 - Silky\,{Shemale Yum Dvd03~G58~04~04 - Silky}
silky025.jpg,145809,6d3c9d77,\Gallery 58\04 - Silky\,{Shemale Yum Dvd03~G58~04~04 - Silky}
silky026.jpg,161775,8e8c21c8,\Gallery 58\04 - Silky\,{Shemale Yum Dvd03~G58~04~04 - Silky}
silky027.jpg,138269,741408d0,\Gallery 58\04 - Silky\,{Shemale Yum Dvd03~G58~04~04 - Silky}
silky029.jpg,146283,a97a307d,\Gallery 58\04 - Silky\,{Shemale Yum Dvd03~G58~04~04 - Silky}
silky030.jpg,152832,f202f24f,\Gallery 58\04 - Silky\,{Shemale Yum Dvd03~G58~04~04 - Silky}
silky031.jpg,149713,6d04537f,\Gallery 58\04 - Silky\,{Shemale Yum Dvd03~G58~04~04 - Silky}
silky032.jpg,155768,494580c2,\Gallery 58\04 - Silky\,{Shemale Yum Dvd03~G58~04~04 - Silky}
silky033.jpg,142789,98a602df,\Gallery 58\04 - Silky\,{Shemale Yum Dvd03~G58~04~04 - Silky}
silky034.jpg,148980,ebe8b7ed,\Gallery 58\04 - Silky\,{Shemale Yum Dvd03~G58~04~04 - Silky}
silky035.jpg,151578,1f8c74b5,\Gallery 58\04 - Silky\,{Shemale Yum Dvd03~G58~04~04 - Silky}
silky036.jpg,156769,a7a1074a,\Gallery 58\04 - Silky\,{Shemale Yum Dvd03~G58~04~04 - Silky}
silky037.jpg,150003,cb32897f,\Gallery 58\04 - Silky\,{Shemale Yum Dvd03~G58~04~04 - Silky}
silky038.jpg,150139,e8fa0339,\Gallery 58\04 - Silky\,{Shemale Yum Dvd03~G58~04~04 - Silky}
silky039.jpg,130214,dce4626c,\Gallery 58\04 - Silky\,{Shemale Yum Dvd03~G58~04~04 - Silky}
silky040.jpg,133834,fb3c782b,\Gallery 58\04 - Silky\,{Shemale Yum Dvd03~G58~04~04 - Silky}
silky041.jpg,141039,8cda3d0b,\Gallery 58\04 - Silky\,{Shemale Yum Dvd03~G58~04~04 - Silky}
silky042.jpg,161251,35552d79,\Gallery 58\04 - Silky\,{Shemale Yum Dvd03~G58~04~04 - Silky}
silky043.jpg,139072,eeb8ce26,\Gallery 58\04 - Silky\,{Shemale Yum Dvd03~G58~04~04 - Silky}
silky044.jpg,129663,62e82a2f,\Gallery 58\04 - Silky\,{Shemale Yum Dvd03~G58~04~04 - Silky}
silky045.jpg,191914,f5372bae,\Gallery 58\04 - Silky\,{Shemale Yum Dvd03~G58~04~04 - Silky}
silky046.jpg,208701,bd2514e8,\Gallery 58\04 - Silky\,{Shemale Yum Dvd03~G58~04~04 - Silky}
silky047.jpg,160477,5fe296ee,\Gallery 58\04 - Silky\,{Shemale Yum Dvd03~G58~04~04 - Silky}
silky049.jpg,149108,1aec4ff1,\Gallery 58\04 - Silky\,{Shemale Yum Dvd03~G58~04~04 - Silky}
silky050.jpg,153890,19bafe36,\Gallery 58\04 - Silky\,{Shemale Yum Dvd03~G58~04~04 - Silky}
silky052.jpg,163049,e003a604,\Gallery 58\04 - Silky\,{Shemale Yum Dvd03~G58~04~04 - Silky}
silky053.jpg,162025,3625b1cc,\Gallery 58\04 - Silky\,{Shemale Yum Dvd03~G58~04~04 - Silky}
silky054.jpg,138313,2f5fe0fc,\Gallery 58\04 - Silky\,{Shemale Yum Dvd03~G58~04~04 - Silky}
silky055.jpg,136662,8654b5ec,\Gallery 58\04 - Silky\,{Shemale Yum Dvd03~G58~04~04 - Silky}
silky056.jpg,120216,d7dbdef1,\Gallery 58\04 - Silky\,{Shemale Yum Dvd03~G58~04~04 - Silky}
silky057.jpg,132110,dafea242,\Gallery 58\04 - Silky\,{Shemale Yum Dvd03~G58~04~04 - Silky}
silky059.jpg,115043,330c7d6e,\Gallery 58\04 - Silky\,{Shemale Yum Dvd03~G58~04~04 - Silky}
silky061.jpg,121065,74d2409d,\Gallery 58\04 - Silky\,{Shemale Yum Dvd03~G58~04~04 - Silky}
silky062.jpg,111830,e533ef1e,\Gallery 58\04 - Silky\,{Shemale Yum Dvd03~G58~04~04 - Silky}
silky063.jpg,107201,dde33436,\Gallery 58\04 - Silky\,{Shemale Yum Dvd03~G58~04~04 - Silky}
silky064.jpg,89658,4f470a0b,\Gallery 58\04 - Silky\,{Shemale Yum Dvd03~G58~04~04 - Silky}
silky065.jpg,93159,2806c57a,\Gallery 58\04 - Silky\,{Shemale Yum Dvd03~G58~04~04 - Silky}
silky066.jpg,128547,d85742fb,\Gallery 58\04 - Silky\,{Shemale Yum Dvd03~G58~04~04 - Silky}
silky067.jpg,137218,323f14bd,\Gallery 58\04 - Silky\,{Shemale Yum Dvd03~G58~04~04 - Silky}
silky068.jpg,121871,75719593,\Gallery 58\04 - Silky\,{Shemale Yum Dvd03~G58~04~04 - Silky}
silky069.jpg,116803,e273bf12,\Gallery 58\04 - Silky\,{Shemale Yum Dvd03~G58~04~04 - Silky}
silky071.jpg,128084,47d9d3a7,\Gallery 58\04 - Silky\,{Shemale Yum Dvd03~G58~04~04 - Silky}
silky072.jpg,129720,b96f8660,\Gallery 58\04 - Silky\,{Shemale Yum Dvd03~G58~04~04 - Silky}
silky074.jpg,149159,bd8e4ca3,\Gallery 58\04 - Silky\,{Shemale Yum Dvd03~G58~04~04 - Silky}
silky075.jpg,155812,b5ee5c62,\Gallery 58\04 - Silky\,{Shemale Yum Dvd03~G58~04~04 - Silky}
silky076.jpg,164482,ff0aa629,\Gallery 58\04 - Silky\,{Shemale Yum Dvd03~G58~04~04 - Silky}
silky077.jpg,161113,40d827b0,\Gallery 58\04 - Silky\,{Shemale Yum Dvd03~G58~04~04 - Silky}
silky078.jpg,131801,b5bf9b7c,\Gallery 58\04 - Silky\,{Shemale Yum Dvd03~G58~04~04 - Silky}
silky079.jpg,146028,690cdcf8,\Gallery 58\04 - Silky\,{Shemale Yum Dvd03~G58~04~04 - Silky}
silky080.jpg,141016,f55d6a2e,\Gallery 58\04 - Silky\,{Shemale Yum Dvd03~G58~04~04 - Silky}
silky081.jpg,142615,2680b9a9,\Gallery 58\04 - Silky\,{Shemale Yum Dvd03~G58~04~04 - Silky}
silky082.jpg,156665,ff651e28,\Gallery 58\04 - Silky\,{Shemale Yum Dvd03~G58~04~04 - Silky}
silky084.jpg,127177,225c95ac,\Gallery 58\04 - Silky\,{Shemale Yum Dvd03~G58~04~04 - Silky}
silky086.jpg,120644,9934a637,\Gallery 58\04 - Silky\,{Shemale Yum Dvd03~G58~04~04 - Silky}
silky088.jpg,129196,82f6e36d,\Gallery 58\04 - Silky\,{Shemale Yum Dvd03~G58~04~04 - Silky}
silky089.jpg,130192,18370bea,\Gallery 58\04 - Silky\,{Shemale Yum Dvd03~G58~04~04 - Silky}
silky090.jpg,114010,2cc6e413,\Gallery 58\04 - Silky\,{Shemale Yum Dvd03~G58~04~04 - Silky}
silky091.jpg,123137,6919f1c3,\Gallery 58\04 - Silky\,{Shemale Yum Dvd03~G58~04~04 - Silky}
silky092.jpg,152352,bc940eec,\Gallery 58\04 - Silky\,{Shemale Yum Dvd03~G58~04~04 - Silky}
silky093.jpg,123053,fd22c5ed,\Gallery 58\04 - Silky\,{Shemale Yum Dvd03~G58~04~04 - Silky}
silky094.jpg,121462,c9ee69c3,\Gallery 58\04 - Silky\,{Shemale Yum Dvd03~G58~04~04 - Silky}
dsc00074.jpg,166688,b12a9dbb,\Gallery 58\05 - Serena\,{Shemale Yum Dvd03~G58~05~05 - Serena}
dsc00075.jpg,155564,f51aa3e1,\Gallery 58\05 - Serena\,{Shemale Yum Dvd03~G58~05~05 - Serena}
serena002.jpg,197465,bb13ab7b,\Gallery 58\05 - Serena\,{Shemale Yum Dvd03~G58~05~05 - Serena}
serena003.jpg,154749,80b4cda3,\Gallery 58\05 - Serena\,{Shemale Yum Dvd03~G58~05~05 - Serena}
serena004.jpg,128460,ed097332,\Gallery 58\05 - Serena\,{Shemale Yum Dvd03~G58~05~05 - Serena}
serena005.jpg,128732,dcb218c5,\Gallery 58\05 - Serena\,{Shemale Yum Dvd03~G58~05~05 - Serena}
serena006.jpg,127765,808326c3,\Gallery 58\05 - Serena\,{Shemale Yum Dvd03~G58~05~05 - Serena}
serena007.jpg,127724,741a03e9,\Gallery 58\05 - Serena\,{Shemale Yum Dvd03~G58~05~05 - Serena}
serena008.jpg,167715,6d2b0d8d,\Gallery 58\05 - Serena\,{Shemale Yum Dvd03~G58~05~05 - Serena}
serena009.jpg,141246,197eface,\Gallery 58\05 - Serena\,{Shemale Yum Dvd03~G58~05~05 - Serena}
serena010.jpg,222414,9f896798,\Gallery 58\05 - Serena\,{Shemale Yum Dvd03~G58~05~05 - Serena}
serena011.jpg,224822,1479d8fa,\Gallery 58\05 - Serena\,{Shemale Yum Dvd03~G58~05~05 - Serena}
serena012.jpg,224058,59f77bda,\Gallery 58\05 - Serena\,{Shemale Yum Dvd03~G58~05~05 - Serena}
serena013.jpg,184650,4273ad09,\Gallery 58\05 - Serena\,{Shemale Yum Dvd03~G58~05~05 - Serena}
serena014.jpg,192936,ff2aa7ba,\Gallery 58\05 - Serena\,{Shemale Yum Dvd03~G58~05~05 - Serena}
serena015.jpg,218545,2b930666,\Gallery 58\05 - Serena\,{Shemale Yum Dvd03~G58~05~05 - Serena}
serena016.jpg,215988,c1a857aa,\Gallery 58\05 - Serena\,{Shemale Yum Dvd03~G58~05~05 - Serena}
serena017.jpg,131212,6f8f76b8,\Gallery 58\05 - Serena\,{Shemale Yum Dvd03~G58~05~05 - Serena}
serena018.jpg,120896,dc0a9975,\Gallery 58\05 - Serena\,{Shemale Yum Dvd03~G58~05~05 - Serena}
serena019.jpg,157644,37a87369,\Gallery 58\05 - Serena\,{Shemale Yum Dvd03~G58~05~05 - Serena}
serena020.jpg,141852,7cff3783,\Gallery 58\05 - Serena\,{Shemale Yum Dvd03~G58~05~05 - Serena}
serena021.jpg,145626,ec4afa6d,\Gallery 58\05 - Serena\,{Shemale Yum Dvd03~G58~05~05 - Serena}
serena022.jpg,151409,e0c19358,\Gallery 58\05 - Serena\,{Shemale Yum Dvd03~G58~05~05 - Serena}
serena023.jpg,137434,4230f81c,\Gallery 58\05 - Serena\,{Shemale Yum Dvd03~G58~05~05 - Serena}
serena024.jpg,146123,81baa199,\Gallery 58\05 - Serena\,{Shemale Yum Dvd03~G58~05~05 - Serena}
serena025.jpg,132979,557e344f,\Gallery 58\05 - Serena\,{Shemale Yum Dvd03~G58~05~05 - Serena}
serena026.jpg,135553,38d9243b,\Gallery 58\05 - Serena\,{Shemale Yum Dvd03~G58~05~05 - Serena}
serena027.jpg,160939,524f014c,\Gallery 58\05 - Serena\,{Shemale Yum Dvd03~G58~05~05 - Serena}
serena029.jpg,174547,122ee7c5,\Gallery 58\05 - Serena\,{Shemale Yum Dvd03~G58~05~05 - Serena}
serena030.jpg,165964,71169083,\Gallery 58\05 - Serena\,{Shemale Yum Dvd03~G58~05~05 - Serena}
serena031.jpg,152849,14d5c59a,\Gallery 58\05 - Serena\,{Shemale Yum Dvd03~G58~05~05 - Serena}
serena032.jpg,119922,966dca8b,\Gallery 58\05 - Serena\,{Shemale Yum Dvd03~G58~05~05 - Serena}
serena033.jpg,129682,801b2794,\Gallery 58\05 - Serena\,{Shemale Yum Dvd03~G58~05~05 - Serena}
serena034.jpg,144599,c8f43c9b,\Gallery 58\05 - Serena\,{Shemale Yum Dvd03~G58~05~05 - Serena}
serena036.jpg,134587,8c3f8504,\Gallery 58\05 - Serena\,{Shemale Yum Dvd03~G58~05~05 - Serena}
serena037.jpg,148923,14c1f4ff,\Gallery 58\05 - Serena\,{Shemale Yum Dvd03~G58~05~05 - Serena}
serena038.jpg,128816,fd735e22,\Gallery 58\05 - Serena\,{Shemale Yum Dvd03~G58~05~05 - Serena}
serena039.jpg,163095,5ea6f758,\Gallery 58\05 - Serena\,{Shemale Yum Dvd03~G58~05~05 - Serena}
serena040.jpg,158172,f0a35bf9,\Gallery 58\05 - Serena\,{Shemale Yum Dvd03~G58~05~05 - Serena}
serena041.jpg,140613,f5c04ce1,\Gallery 58\05 - Serena\,{Shemale Yum Dvd03~G58~05~05 - Serena}
serena042.jpg,149921,dc3a21ce,\Gallery 58\05 - Serena\,{Shemale Yum Dvd03~G58~05~05 - Serena}
serena043.jpg,134072,9ec29b7a,\Gallery 58\05 - Serena\,{Shemale Yum Dvd03~G58~05~05 - Serena}
serena045.jpg,165239,de604765,\Gallery 58\05 - Serena\,{Shemale Yum Dvd03~G58~05~05 - Serena}
serena046.jpg,128630,28714fd4,\Gallery 58\05 - Serena\,{Shemale Yum Dvd03~G58~05~05 - Serena}
serena047.jpg,147816,46eadb8b,\Gallery 58\05 - Serena\,{Shemale Yum Dvd03~G58~05~05 - Serena}
serena049.jpg,167867,3e939f95,\Gallery 58\05 - Serena\,{Shemale Yum Dvd03~G58~05~05 - Serena}
serena050.jpg,145163,224a1f2c,\Gallery 58\05 - Serena\,{Shemale Yum Dvd03~G58~05~05 - Serena}
serena051.jpg,161160,212f5c48,\Gallery 58\05 - Serena\,{Shemale Yum Dvd03~G58~05~05 - Serena}
serena052.jpg,158864,0ce5e7d7,\Gallery 58\05 - Serena\,{Shemale Yum Dvd03~G58~05~05 - Serena}
serena053.jpg,126513,357a5030,\Gallery 58\05 - Serena\,{Shemale Yum Dvd03~G58~05~05 - Serena}
serena054.jpg,125148,d5e18e13,\Gallery 58\05 - Serena\,{Shemale Yum Dvd03~G58~05~05 - Serena}
serena055.jpg,125903,60c4b2c6,\Gallery 58\05 - Serena\,{Shemale Yum Dvd03~G58~05~05 - Serena}
serena056.jpg,125389,9c0c4c78,\Gallery 58\05 - Serena\,{Shemale Yum Dvd03~G58~05~05 - Serena}
serena057.jpg,123077,487a425b,\Gallery 58\05 - Serena\,{Shemale Yum Dvd03~G58~05~05 - Serena}
serena058.jpg,124777,4058a246,\Gallery 58\05 - Serena\,{Shemale Yum Dvd03~G58~05~05 - Serena}
serena059.jpg,161546,af12499e,\Gallery 58\05 - Serena\,{Shemale Yum Dvd03~G58~05~05 - Serena}
serena060.jpg,162648,c7d3f21d,\Gallery 58\05 - Serena\,{Shemale Yum Dvd03~G58~05~05 - Serena}
serena061.jpg,154170,e475e270,\Gallery 58\05 - Serena\,{Shemale Yum Dvd03~G58~05~05 - Serena}
serena062.jpg,161791,a898bcdf,\Gallery 58\05 - Serena\,{Shemale Yum Dvd03~G58~05~05 - Serena}
serenab001.jpg,169685,839248c3,\Gallery 58\05 - Serena (2)\,{Shemale Yum Dvd03~G58~05-2~05 - Serena (2)}
serenab002.jpg,167399,67ee4292,\Gallery 58\05 - Serena (2)\,{Shemale Yum Dvd03~G58~05-2~05 - Serena (2)}
serenab003.jpg,179470,f6034ffe,\Gallery 58\05 - Serena (2)\,{Shemale Yum Dvd03~G58~05-2~05 - Serena (2)}
serenab004.jpg,188382,91ce94b7,\Gallery 58\05 - Serena (2)\,{Shemale Yum Dvd03~G58~05-2~05 - Serena (2)}
serenab005.jpg,172572,96df47c8,\Gallery 58\05 - Serena (2)\,{Shemale Yum Dvd03~G58~05-2~05 - Serena (2)}
serenab006.jpg,197532,c36ef5e7,\Gallery 58\05 - Serena (2)\,{Shemale Yum Dvd03~G58~05-2~05 - Serena (2)}
serenab007.jpg,150412,ddaef0ad,\Gallery 58\05 - Serena (2)\,{Shemale Yum Dvd03~G58~05-2~05 - Serena (2)}
serenab008.jpg,172366,3f44730a,\Gallery 58\05 - Serena (2)\,{Shemale Yum Dvd03~G58~05-2~05 - Serena (2)}
serenab009.jpg,174414,510ac015,\Gallery 58\05 - Serena (2)\,{Shemale Yum Dvd03~G58~05-2~05 - Serena (2)}
serenab010.jpg,150154,801c1c46,\Gallery 58\05 - Serena (2)\,{Shemale Yum Dvd03~G58~05-2~05 - Serena (2)}
serenab011.jpg,157398,48de327a,\Gallery 58\05 - Serena (2)\,{Shemale Yum Dvd03~G58~05-2~05 - Serena (2)}
serenab012.jpg,151018,81beb505,\Gallery 58\05 - Serena (2)\,{Shemale Yum Dvd03~G58~05-2~05 - Serena (2)}
serenab013.jpg,191697,f8f55e3a,\Gallery 58\05 - Serena (2)\,{Shemale Yum Dvd03~G58~05-2~05 - Serena (2)}
serenab014.jpg,187080,949548dc,\Gallery 58\05 - Serena (2)\,{Shemale Yum Dvd03~G58~05-2~05 - Serena (2)}
serenab015.jpg,171443,fae75259,\Gallery 58\05 - Serena (2)\,{Shemale Yum Dvd03~G58~05-2~05 - Serena (2)}
serenab016.jpg,171125,d962b66a,\Gallery 58\05 - Serena (2)\,{Shemale Yum Dvd03~G58~05-2~05 - Serena (2)}
serenab017.jpg,208891,a96e02ca,\Gallery 58\05 - Serena (2)\,{Shemale Yum Dvd03~G58~05-2~05 - Serena (2)}
serenab018.jpg,172038,06797a28,\Gallery 58\05 - Serena (2)\,{Shemale Yum Dvd03~G58~05-2~05 - Serena (2)}
serenab019.jpg,187884,455f1d25,\Gallery 58\05 - Serena (2)\,{Shemale Yum Dvd03~G58~05-2~05 - Serena (2)}
serenab020.jpg,164975,98504819,\Gallery 58\05 - Serena (2)\,{Shemale Yum Dvd03~G58~05-2~05 - Serena (2)}
serenab021.jpg,168034,d9f24951,\Gallery 58\05 - Serena (2)\,{Shemale Yum Dvd03~G58~05-2~05 - Serena (2)}
serenab022.jpg,150380,3c131a7a,\Gallery 58\05 - Serena (2)\,{Shemale Yum Dvd03~G58~05-2~05 - Serena (2)}
serenab023.jpg,149156,c988d322,\Gallery 58\05 - Serena (2)\,{Shemale Yum Dvd03~G58~05-2~05 - Serena (2)}
serenab024.jpg,158941,17b5ee7b,\Gallery 58\05 - Serena (2)\,{Shemale Yum Dvd03~G58~05-2~05 - Serena (2)}
serenab025.jpg,124806,31ec1bf6,\Gallery 58\05 - Serena (2)\,{Shemale Yum Dvd03~G58~05-2~05 - Serena (2)}
serenab026.jpg,149740,c2f38e77,\Gallery 58\05 - Serena (2)\,{Shemale Yum Dvd03~G58~05-2~05 - Serena (2)}
serenab027.jpg,155452,505c3759,\Gallery 58\05 - Serena (2)\,{Shemale Yum Dvd03~G58~05-2~05 - Serena (2)}
serenab028.jpg,147478,f98e3ef8,\Gallery 58\05 - Serena (2)\,{Shemale Yum Dvd03~G58~05-2~05 - Serena (2)}
serenab029.jpg,156488,2db6ace4,\Gallery 58\05 - Serena (2)\,{Shemale Yum Dvd03~G58~05-2~05 - Serena (2)}
serenab030.jpg,173794,010fbad1,\Gallery 58\05 - Serena (2)\,{Shemale Yum Dvd03~G58~05-2~05 - Serena (2)}
serenab031.jpg,169406,38ac17df,\Gallery 58\05 - Serena (2)\,{Shemale Yum Dvd03~G58~05-2~05 - Serena (2)}
serenab032.jpg,186756,70fcacdd,\Gallery 58\05 - Serena (2)\,{Shemale Yum Dvd03~G58~05-2~05 - Serena (2)}
serenab033.jpg,148032,1f5aeca1,\Gallery 58\05 - Serena (2)\,{Shemale Yum Dvd03~G58~05-2~05 - Serena (2)}
serenab034.jpg,147118,7d82e05a,\Gallery 58\05 - Serena (2)\,{Shemale Yum Dvd03~G58~05-2~05 - Serena (2)}
serenab035.jpg,143004,ae601722,\Gallery 58\05 - Serena (2)\,{Shemale Yum Dvd03~G58~05-2~05 - Serena (2)}
serenab036.jpg,143542,4162ed84,\Gallery 58\05 - Serena (2)\,{Shemale Yum Dvd03~G58~05-2~05 - Serena (2)}
serenab037.jpg,137324,c06a78ed,\Gallery 58\05 - Serena (2)\,{Shemale Yum Dvd03~G58~05-2~05 - Serena (2)}
serenab038.jpg,131543,1742d856,\Gallery 58\05 - Serena (2)\,{Shemale Yum Dvd03~G58~05-2~05 - Serena (2)}
serenab039.jpg,126882,d00de895,\Gallery 58\05 - Serena (2)\,{Shemale Yum Dvd03~G58~05-2~05 - Serena (2)}
serenab040.jpg,147137,ea2815d7,\Gallery 58\05 - Serena (2)\,{Shemale Yum Dvd03~G58~05-2~05 - Serena (2)}
serenab041.jpg,162555,70e59ae0,\Gallery 58\05 - Serena (2)\,{Shemale Yum Dvd03~G58~05-2~05 - Serena (2)}
serenab042.jpg,162796,23425090,\Gallery 58\05 - Serena (2)\,{Shemale Yum Dvd03~G58~05-2~05 - Serena (2)}
serenab043.jpg,170249,ee2259a2,\Gallery 58\05 - Serena (2)\,{Shemale Yum Dvd03~G58~05-2~05 - Serena (2)}
serenab044.jpg,174788,387d140f,\Gallery 58\05 - Serena (2)\,{Shemale Yum Dvd03~G58~05-2~05 - Serena (2)}
serenab045.jpg,172646,4fb1ea72,\Gallery 58\05 - Serena (2)\,{Shemale Yum Dvd03~G58~05-2~05 - Serena (2)}
serenab046.jpg,139132,e97fff4a,\Gallery 58\05 - Serena (2)\,{Shemale Yum Dvd03~G58~05-2~05 - Serena (2)}
serenab047.jpg,152610,8d89db6d,\Gallery 58\05 - Serena (2)\,{Shemale Yum Dvd03~G58~05-2~05 - Serena (2)}
serenab048.jpg,158863,bc14b841,\Gallery 58\05 - Serena (2)\,{Shemale Yum Dvd03~G58~05-2~05 - Serena (2)}
serenab049.jpg,189082,1d13da6f,\Gallery 58\05 - Serena (2)\,{Shemale Yum Dvd03~G58~05-2~05 - Serena (2)}
serenab050.jpg,190657,0094ed2e,\Gallery 58\05 - Serena (2)\,{Shemale Yum Dvd03~G58~05-2~05 - Serena (2)}
serenab051.jpg,184721,cb01faae,\Gallery 58\05 - Serena (2)\,{Shemale Yum Dvd03~G58~05-2~05 - Serena (2)}
serenab052.jpg,167459,e5df2b01,\Gallery 58\05 - Serena (2)\,{Shemale Yum Dvd03~G58~05-2~05 - Serena (2)}
serenab053.jpg,182667,5695d76d,\Gallery 58\05 - Serena (2)\,{Shemale Yum Dvd03~G58~05-2~05 - Serena (2)}
serenab054.jpg,181010,b1cd26dc,\Gallery 58\05 - Serena (2)\,{Shemale Yum Dvd03~G58~05-2~05 - Serena (2)}
serenab055.jpg,170636,b30e9376,\Gallery 58\05 - Serena (2)\,{Shemale Yum Dvd03~G58~05-2~05 - Serena (2)}
serenab056.jpg,159825,8c271469,\Gallery 58\05 - Serena (2)\,{Shemale Yum Dvd03~G58~05-2~05 - Serena (2)}
serenab057.jpg,170156,307c8ab9,\Gallery 58\05 - Serena (2)\,{Shemale Yum Dvd03~G58~05-2~05 - Serena (2)}
serenab058.jpg,146171,d258af23,\Gallery 58\05 - Serena (2)\,{Shemale Yum Dvd03~G58~05-2~05 - Serena (2)}
serenab059.jpg,121128,a318ff01,\Gallery 58\05 - Serena (2)\,{Shemale Yum Dvd03~G58~05-2~05 - Serena (2)}
serenab060.jpg,149750,0641c244,\Gallery 58\05 - Serena (2)\,{Shemale Yum Dvd03~G58~05-2~05 - Serena (2)}
serenab061.jpg,179327,d834ed89,\Gallery 58\05 - Serena (2)\,{Shemale Yum Dvd03~G58~05-2~05 - Serena (2)}
serenab062.jpg,178672,bcfb8ed6,\Gallery 58\05 - Serena (2)\,{Shemale Yum Dvd03~G58~05-2~05 - Serena (2)}
serenab063.jpg,172817,a92de91a,\Gallery 58\05 - Serena (2)\,{Shemale Yum Dvd03~G58~05-2~05 - Serena (2)}
serenab064.jpg,168916,c368ae54,\Gallery 58\05 - Serena (2)\,{Shemale Yum Dvd03~G58~05-2~05 - Serena (2)}
serenab065.jpg,149210,bcd870aa,\Gallery 58\05 - Serena (2)\,{Shemale Yum Dvd03~G58~05-2~05 - Serena (2)}
serenab066.jpg,162726,fb31d2e6,\Gallery 58\05 - Serena (2)\,{Shemale Yum Dvd03~G58~05-2~05 - Serena (2)}
serenab067.jpg,166094,8a153add,\Gallery 58\05 - Serena (2)\,{Shemale Yum Dvd03~G58~05-2~05 - Serena (2)}
serenab068.jpg,153438,88ee48dd,\Gallery 58\05 - Serena (2)\,{Shemale Yum Dvd03~G58~05-2~05 - Serena (2)}
serenab069.jpg,183868,5663e957,\Gallery 58\05 - Serena (2)\,{Shemale Yum Dvd03~G58~05-2~05 - Serena (2)}
serenab070.jpg,102573,5b51ace1,\Gallery 58\05 - Serena (2)\,{Shemale Yum Dvd03~G58~05-2~05 - Serena (2)}
serenab071.jpg,162426,13d090c3,\Gallery 58\05 - Serena (2)\,{Shemale Yum Dvd03~G58~05-2~05 - Serena (2)}
shelby001.jpg,177473,f31d6a34,\Gallery 58\06 - Shelby\,{Shemale Yum Dvd03~G58~06~06 - Shelby}
shelby002.jpg,156901,b4f176bb,\Gallery 58\06 - Shelby\,{Shemale Yum Dvd03~G58~06~06 - Shelby}
shelby003.jpg,150922,5f3012f7,\Gallery 58\06 - Shelby\,{Shemale Yum Dvd03~G58~06~06 - Shelby}
shelby004.jpg,148260,44c9063e,\Gallery 58\06 - Shelby\,{Shemale Yum Dvd03~G58~06~06 - Shelby}
shelby005.jpg,158347,7f795fa5,\Gallery 58\06 - Shelby\,{Shemale Yum Dvd03~G58~06~06 - Shelby}
shelby006.jpg,161880,122c0650,\Gallery 58\06 - Shelby\,{Shemale Yum Dvd03~G58~06~06 - Shelby}
shelby007.jpg,146025,75da3de1,\Gallery 58\06 - Shelby\,{Shemale Yum Dvd03~G58~06~06 - Shelby}
shelby008.jpg,147889,93f3187c,\Gallery 58\06 - Shelby\,{Shemale Yum Dvd03~G58~06~06 - Shelby}
shelby009.jpg,158142,45a69f97,\Gallery 58\06 - Shelby\,{Shemale Yum Dvd03~G58~06~06 - Shelby}
shelby010.jpg,142668,dbe37f22,\Gallery 58\06 - Shelby\,{Shemale Yum Dvd03~G58~06~06 - Shelby}
shelby011.jpg,161446,8b5bc41c,\Gallery 58\06 - Shelby\,{Shemale Yum Dvd03~G58~06~06 - Shelby}
shelby012.jpg,153604,e30428fd,\Gallery 58\06 - Shelby\,{Shemale Yum Dvd03~G58~06~06 - Shelby}
shelby013.jpg,158189,aeedf97b,\Gallery 58\06 - Shelby\,{Shemale Yum Dvd03~G58~06~06 - Shelby}
shelby014.jpg,154604,a1385f9e,\Gallery 58\06 - Shelby\,{Shemale Yum Dvd03~G58~06~06 - Shelby}
shelby015.jpg,156205,d19482f3,\Gallery 58\06 - Shelby\,{Shemale Yum Dvd03~G58~06~06 - Shelby}
shelby016.jpg,139592,24c1245a,\Gallery 58\06 - Shelby\,{Shemale Yum Dvd03~G58~06~06 - Shelby}
shelby017.jpg,140856,7da16859,\Gallery 58\06 - Shelby\,{Shemale Yum Dvd03~G58~06~06 - Shelby}
shelby018.jpg,135802,a75b7003,\Gallery 58\06 - Shelby\,{Shemale Yum Dvd03~G58~06~06 - Shelby}
shelby019.jpg,138610,10c75ccd,\Gallery 58\06 - Shelby\,{Shemale Yum Dvd03~G58~06~06 - Shelby}
shelby020.jpg,146544,7fd4a15a,\Gallery 58\06 - Shelby\,{Shemale Yum Dvd03~G58~06~06 - Shelby}
shelby021.jpg,140278,5bc602bd,\Gallery 58\06 - Shelby\,{Shemale Yum Dvd03~G58~06~06 - Shelby}
shelby022.jpg,139757,ba2e9adb,\Gallery 58\06 - Shelby\,{Shemale Yum Dvd03~G58~06~06 - Shelby}
shelby023.jpg,140082,96d1de6a,\Gallery 58\06 - Shelby\,{Shemale Yum Dvd03~G58~06~06 - Shelby}
shelby024.jpg,143449,95f55f92,\Gallery 58\06 - Shelby\,{Shemale Yum Dvd03~G58~06~06 - Shelby}
shelby025.jpg,148346,41377147,\Gallery 58\06 - Shelby\,{Shemale Yum Dvd03~G58~06~06 - Shelby}
shelby026.jpg,161895,de807f53,\Gallery 58\06 - Shelby\,{Shemale Yum Dvd03~G58~06~06 - Shelby}
shelby027.jpg,138225,d821a194,\Gallery 58\06 - Shelby\,{Shemale Yum Dvd03~G58~06~06 - Shelby}
shelby028.jpg,107544,5196f0cc,\Gallery 58\06 - Shelby\,{Shemale Yum Dvd03~G58~06~06 - Shelby}
shelby029.jpg,147565,698899a5,\Gallery 58\06 - Shelby\,{Shemale Yum Dvd03~G58~06~06 - Shelby}
shelby030.jpg,139972,7e1f5b52,\Gallery 58\06 - Shelby\,{Shemale Yum Dvd03~G58~06~06 - Shelby}
shelby031.jpg,130356,0a3e9e64,\Gallery 58\06 - Shelby\,{Shemale Yum Dvd03~G58~06~06 - Shelby}
shelby032.jpg,153977,3c390094,\Gallery 58\06 - Shelby\,{Shemale Yum Dvd03~G58~06~06 - Shelby}
shelby033.jpg,122678,70930e76,\Gallery 58\06 - Shelby\,{Shemale Yum Dvd03~G58~06~06 - Shelby}
shelby034.jpg,126035,b283f2eb,\Gallery 58\06 - Shelby\,{Shemale Yum Dvd03~G58~06~06 - Shelby}
shelby035.jpg,135047,cbaa6d93,\Gallery 58\06 - Shelby\,{Shemale Yum Dvd03~G58~06~06 - Shelby}
shelby036.jpg,137542,8e51cf41,\Gallery 58\06 - Shelby\,{Shemale Yum Dvd03~G58~06~06 - Shelby}
shelby037.jpg,137372,8b74098f,\Gallery 58\06 - Shelby\,{Shemale Yum Dvd03~G58~06~06 - Shelby}
shelby038.jpg,133036,fe28f3fe,\Gallery 58\06 - Shelby\,{Shemale Yum Dvd03~G58~06~06 - Shelby}
shelby039.jpg,141025,cecd293e,\Gallery 58\06 - Shelby\,{Shemale Yum Dvd03~G58~06~06 - Shelby}
shelby040.jpg,132805,e33c106c,\Gallery 58\06 - Shelby\,{Shemale Yum Dvd03~G58~06~06 - Shelby}
shelby041.jpg,134327,884cfd07,\Gallery 58\06 - Shelby\,{Shemale Yum Dvd03~G58~06~06 - Shelby}
shelby042.jpg,173564,e7b4aeac,\Gallery 58\06 - Shelby\,{Shemale Yum Dvd03~G58~06~06 - Shelby}
shelby043.jpg,161433,869ec149,\Gallery 58\06 - Shelby\,{Shemale Yum Dvd03~G58~06~06 - Shelby}
shelby044.jpg,116139,1ae6b227,\Gallery 58\06 - Shelby\,{Shemale Yum Dvd03~G58~06~06 - Shelby}
shelby045.jpg,111797,b1e1438a,\Gallery 58\06 - Shelby\,{Shemale Yum Dvd03~G58~06~06 - Shelby}
shelby046.jpg,115910,b34ba58a,\Gallery 58\06 - Shelby\,{Shemale Yum Dvd03~G58~06~06 - Shelby}
shelby047.jpg,102415,b0c20993,\Gallery 58\06 - Shelby\,{Shemale Yum Dvd03~G58~06~06 - Shelby}
shelby048.jpg,101378,1171b10d,\Gallery 58\06 - Shelby\,{Shemale Yum Dvd03~G58~06~06 - Shelby}
shelby049.jpg,117669,f318a429,\Gallery 58\06 - Shelby\,{Shemale Yum Dvd03~G58~06~06 - Shelby}
shelby050.jpg,100669,49aaa5f1,\Gallery 58\06 - Shelby\,{Shemale Yum Dvd03~G58~06~06 - Shelby}
shelby051.jpg,113255,a39c1a06,\Gallery 58\06 - Shelby\,{Shemale Yum Dvd03~G58~06~06 - Shelby}
shelby052.jpg,107056,23c75e18,\Gallery 58\06 - Shelby\,{Shemale Yum Dvd03~G58~06~06 - Shelby}
shelby053.jpg,150452,2e33eeb2,\Gallery 58\06 - Shelby\,{Shemale Yum Dvd03~G58~06~06 - Shelby}
shelby054.jpg,139043,300a9188,\Gallery 58\06 - Shelby\,{Shemale Yum Dvd03~G58~06~06 - Shelby}
shelby055.jpg,135124,19882882,\Gallery 58\06 - Shelby\,{Shemale Yum Dvd03~G58~06~06 - Shelby}
shelby056.jpg,171351,20ba0b97,\Gallery 58\06 - Shelby\,{Shemale Yum Dvd03~G58~06~06 - Shelby}
shelby057.jpg,174267,74ff3748,\Gallery 58\06 - Shelby\,{Shemale Yum Dvd03~G58~06~06 - Shelby}
shelby058.jpg,145879,94934808,\Gallery 58\06 - Shelby\,{Shemale Yum Dvd03~G58~06~06 - Shelby}
shelby059.jpg,163942,d6198b87,\Gallery 58\06 - Shelby\,{Shemale Yum Dvd03~G58~06~06 - Shelby}
shelby060.jpg,182153,9495e20d,\Gallery 58\06 - Shelby\,{Shemale Yum Dvd03~G58~06~06 - Shelby}
shelby061.jpg,136743,c067f686,\Gallery 58\06 - Shelby\,{Shemale Yum Dvd03~G58~06~06 - Shelby}
shelby062.jpg,161687,f952ae20,\Gallery 58\06 - Shelby\,{Shemale Yum Dvd03~G58~06~06 - Shelby}
shelby063.jpg,144168,4277e115,\Gallery 58\06 - Shelby\,{Shemale Yum Dvd03~G58~06~06 - Shelby}
shelby064.jpg,150773,4806eeec,\Gallery 58\06 - Shelby\,{Shemale Yum Dvd03~G58~06~06 - Shelby}
shelby065.jpg,164213,ba9bea06,\Gallery 58\06 - Shelby\,{Shemale Yum Dvd03~G58~06~06 - Shelby}
shelby066.jpg,147650,1bbede27,\Gallery 58\06 - Shelby\,{Shemale Yum Dvd03~G58~06~06 - Shelby}
shelby067.jpg,144035,aa5c75d5,\Gallery 58\06 - Shelby\,{Shemale Yum Dvd03~G58~06~06 - Shelby}
shelby068.jpg,126508,c979f531,\Gallery 58\06 - Shelby\,{Shemale Yum Dvd03~G58~06~06 - Shelby}
shelby069.jpg,131284,54d30a2e,\Gallery 58\06 - Shelby\,{Shemale Yum Dvd03~G58~06~06 - Shelby}
shelby070.jpg,121618,011fbe13,\Gallery 58\06 - Shelby\,{Shemale Yum Dvd03~G58~06~06 - Shelby}
shelby071.jpg,115595,1056918f,\Gallery 58\06 - Shelby\,{Shemale Yum Dvd03~G58~06~06 - Shelby}
shelby072.jpg,132085,e43a7844,\Gallery 58\06 - Shelby\,{Shemale Yum Dvd03~G58~06~06 - Shelby}
shelby073.jpg,141771,3088d515,\Gallery 58\06 - Shelby\,{Shemale Yum Dvd03~G58~06~06 - Shelby}
shelby074.jpg,127455,1997c584,\Gallery 58\06 - Shelby\,{Shemale Yum Dvd03~G58~06~06 - Shelby}
shelby075.jpg,151626,77b0cc8e,\Gallery 58\06 - Shelby\,{Shemale Yum Dvd03~G58~06~06 - Shelby}
shelby076.jpg,142233,e3a08f66,\Gallery 58\06 - Shelby\,{Shemale Yum Dvd03~G58~06~06 - Shelby}
shelby077.jpg,149550,78f11909,\Gallery 58\06 - Shelby\,{Shemale Yum Dvd03~G58~06~06 - Shelby}
shelby078.jpg,161481,fe23bba2,\Gallery 58\06 - Shelby\,{Shemale Yum Dvd03~G58~06~06 - Shelby}
shelby079.jpg,122866,a884e092,\Gallery 58\06 - Shelby\,{Shemale Yum Dvd03~G58~06~06 - Shelby}
shelby080.jpg,139360,95b2d69d,\Gallery 58\06 - Shelby\,{Shemale Yum Dvd03~G58~06~06 - Shelby}
shelby081.jpg,159531,a9cd5d16,\Gallery 58\06 - Shelby\,{Shemale Yum Dvd03~G58~06~06 - Shelby}
shelby082.jpg,159547,019770f3,\Gallery 58\06 - Shelby\,{Shemale Yum Dvd03~G58~06~06 - Shelby}
shelby083.jpg,151908,f02635cd,\Gallery 58\06 - Shelby\,{Shemale Yum Dvd03~G58~06~06 - Shelby}
shelby084.jpg,126421,3b2e837c,\Gallery 58\06 - Shelby\,{Shemale Yum Dvd03~G58~06~06 - Shelby}
solaya001.jpg,163906,9cd74535,\Gallery 58\07 - Solaya\,{Shemale Yum Dvd03~G58~07~07 - Solaya}
solaya003.jpg,161143,1f51ac87,\Gallery 58\07 - Solaya\,{Shemale Yum Dvd03~G58~07~07 - Solaya}
solaya005.jpg,192025,8a8c8f4e,\Gallery 58\07 - Solaya\,{Shemale Yum Dvd03~G58~07~07 - Solaya}
solaya006.jpg,214775,5274d9fd,\Gallery 58\07 - Solaya\,{Shemale Yum Dvd03~G58~07~07 - Solaya}
solaya007.jpg,182885,41debd0e,\Gallery 58\07 - Solaya\,{Shemale Yum Dvd03~G58~07~07 - Solaya}
solaya008.jpg,181884,87eb5088,\Gallery 58\07 - Solaya\,{Shemale Yum Dvd03~G58~07~07 - Solaya}
solaya009.jpg,152246,c73c3d88,\Gallery 58\07 - Solaya\,{Shemale Yum Dvd03~G58~07~07 - Solaya}
solaya010.jpg,173379,c87d44b2,\Gallery 58\07 - Solaya\,{Shemale Yum Dvd03~G58~07~07 - Solaya}
solaya011.jpg,150532,04d7acfa,\Gallery 58\07 - Solaya\,{Shemale Yum Dvd03~G58~07~07 - Solaya}
solaya012.jpg,150497,3ce240ac,\Gallery 58\07 - Solaya\,{Shemale Yum Dvd03~G58~07~07 - Solaya}
solaya013.jpg,166383,8070dcbb,\Gallery 58\07 - Solaya\,{Shemale Yum Dvd03~G58~07~07 - Solaya}
solaya014.jpg,183336,d35737a4,\Gallery 58\07 - Solaya\,{Shemale Yum Dvd03~G58~07~07 - Solaya}
solaya016.jpg,134200,80bbfc64,\Gallery 58\07 - Solaya\,{Shemale Yum Dvd03~G58~07~07 - Solaya}
solaya017.jpg,160051,d6419b16,\Gallery 58\07 - Solaya\,{Shemale Yum Dvd03~G58~07~07 - Solaya}
solaya018.jpg,156723,076b3b5e,\Gallery 58\07 - Solaya\,{Shemale Yum Dvd03~G58~07~07 - Solaya}
solaya019.jpg,156139,cc0dd095,\Gallery 58\07 - Solaya\,{Shemale Yum Dvd03~G58~07~07 - Solaya}
solaya022.jpg,164561,a1da0fc3,\Gallery 58\07 - Solaya\,{Shemale Yum Dvd03~G58~07~07 - Solaya}
solaya023.jpg,155900,d974b979,\Gallery 58\07 - Solaya\,{Shemale Yum Dvd03~G58~07~07 - Solaya}
solaya024.jpg,134039,bfe37fa4,\Gallery 58\07 - Solaya\,{Shemale Yum Dvd03~G58~07~07 - Solaya}
solaya025.jpg,153955,c0a91c8d,\Gallery 58\07 - Solaya\,{Shemale Yum Dvd03~G58~07~07 - Solaya}
solaya026.jpg,165939,1f19bdd1,\Gallery 58\07 - Solaya\,{Shemale Yum Dvd03~G58~07~07 - Solaya}
solaya027.jpg,135069,68259eec,\Gallery 58\07 - Solaya\,{Shemale Yum Dvd03~G58~07~07 - Solaya}
solaya028.jpg,141465,5519fd21,\Gallery 58\07 - Solaya\,{Shemale Yum Dvd03~G58~07~07 - Solaya}
solaya029.jpg,139732,83912699,\Gallery 58\07 - Solaya\,{Shemale Yum Dvd03~G58~07~07 - Solaya}
solaya030.jpg,171562,3e91882e,\Gallery 58\07 - Solaya\,{Shemale Yum Dvd03~G58~07~07 - Solaya}
solaya031.jpg,164938,97b3bc9b,\Gallery 58\07 - Solaya\,{Shemale Yum Dvd03~G58~07~07 - Solaya}
solaya031a.jpg,195378,61857648,\Gallery 58\07 - Solaya\,{Shemale Yum Dvd03~G58~07~07 - Solaya}
solaya032.jpg,137053,34dc804d,\Gallery 58\07 - Solaya\,{Shemale Yum Dvd03~G58~07~07 - Solaya}
solaya033.jpg,136668,a22ec957,\Gallery 58\07 - Solaya\,{Shemale Yum Dvd03~G58~07~07 - Solaya}
solaya034.jpg,146223,382fd19f,\Gallery 58\07 - Solaya\,{Shemale Yum Dvd03~G58~07~07 - Solaya}
solaya035.jpg,136449,b6146dc2,\Gallery 58\07 - Solaya\,{Shemale Yum Dvd03~G58~07~07 - Solaya}
solaya036.jpg,139772,38c02f08,\Gallery 58\07 - Solaya\,{Shemale Yum Dvd03~G58~07~07 - Solaya}
solaya037.jpg,144696,a3e983af,\Gallery 58\07 - Solaya\,{Shemale Yum Dvd03~G58~07~07 - Solaya}
solaya038.jpg,134417,17defdc0,\Gallery 58\07 - Solaya\,{Shemale Yum Dvd03~G58~07~07 - Solaya}
solaya039.jpg,135899,d421a6bd,\Gallery 58\07 - Solaya\,{Shemale Yum Dvd03~G58~07~07 - Solaya}
solaya040.jpg,161604,c085cebd,\Gallery 58\07 - Solaya\,{Shemale Yum Dvd03~G58~07~07 - Solaya}
solaya041.jpg,126316,c2f3447d,\Gallery 58\07 - Solaya\,{Shemale Yum Dvd03~G58~07~07 - Solaya}
solaya042.jpg,118646,a37798e8,\Gallery 58\07 - Solaya\,{Shemale Yum Dvd03~G58~07~07 - Solaya}
solaya043.jpg,146045,e3fca3af,\Gallery 58\07 - Solaya\,{Shemale Yum Dvd03~G58~07~07 - Solaya}
solaya044.jpg,139086,31962f45,\Gallery 58\07 - Solaya\,{Shemale Yum Dvd03~G58~07~07 - Solaya}
solaya045.jpg,131684,8db12de8,\Gallery 58\07 - Solaya\,{Shemale Yum Dvd03~G58~07~07 - Solaya}
solaya046.jpg,158266,ee091f9b,\Gallery 58\07 - Solaya\,{Shemale Yum Dvd03~G58~07~07 - Solaya}
solaya047.jpg,154966,ab51621e,\Gallery 58\07 - Solaya\,{Shemale Yum Dvd03~G58~07~07 - Solaya}
solaya048.jpg,165650,9fa15375,\Gallery 58\07 - Solaya\,{Shemale Yum Dvd03~G58~07~07 - Solaya}
solaya049.jpg,153484,7ea0fd77,\Gallery 58\07 - Solaya\,{Shemale Yum Dvd03~G58~07~07 - Solaya}
solaya050.jpg,142962,a24168b6,\Gallery 58\07 - Solaya\,{Shemale Yum Dvd03~G58~07~07 - Solaya}
solaya051.jpg,153208,9096a0df,\Gallery 58\07 - Solaya\,{Shemale Yum Dvd03~G58~07~07 - Solaya}
solaya054.jpg,124732,73d4a3a1,\Gallery 58\07 - Solaya\,{Shemale Yum Dvd03~G58~07~07 - Solaya}
solaya055.jpg,147332,1debe07c,\Gallery 58\07 - Solaya\,{Shemale Yum Dvd03~G58~07~07 - Solaya}
solaya056.jpg,163330,40e79e19,\Gallery 58\07 - Solaya\,{Shemale Yum Dvd03~G58~07~07 - Solaya}
solaya057.jpg,141054,119794f1,\Gallery 58\07 - Solaya\,{Shemale Yum Dvd03~G58~07~07 - Solaya}
solaya058.jpg,159740,b9374b8f,\Gallery 58\07 - Solaya\,{Shemale Yum Dvd03~G58~07~07 - Solaya}
solaya059.jpg,142450,d96be42f,\Gallery 58\07 - Solaya\,{Shemale Yum Dvd03~G58~07~07 - Solaya}
solaya060.jpg,131752,eb58f02e,\Gallery 58\07 - Solaya\,{Shemale Yum Dvd03~G58~07~07 - Solaya}
solaya061.jpg,123320,07890fb2,\Gallery 58\07 - Solaya\,{Shemale Yum Dvd03~G58~07~07 - Solaya}
solaya062.jpg,136968,f2fec4d7,\Gallery 58\07 - Solaya\,{Shemale Yum Dvd03~G58~07~07 - Solaya}
solaya063.jpg,143700,81bbacb8,\Gallery 58\07 - Solaya\,{Shemale Yum Dvd03~G58~07~07 - Solaya}
solaya064.jpg,164380,29d3b0ea,\Gallery 58\07 - Solaya\,{Shemale Yum Dvd03~G58~07~07 - Solaya}
solaya065.jpg,128357,9a478783,\Gallery 58\07 - Solaya\,{Shemale Yum Dvd03~G58~07~07 - Solaya}
solaya066.jpg,127104,6d6c8395,\Gallery 58\07 - Solaya\,{Shemale Yum Dvd03~G58~07~07 - Solaya}
solaya067.jpg,119587,62ff1ca4,\Gallery 58\07 - Solaya\,{Shemale Yum Dvd03~G58~07~07 - Solaya}
solaya068.jpg,130521,b75beb82,\Gallery 58\07 - Solaya\,{Shemale Yum Dvd03~G58~07~07 - Solaya}
solaya069.jpg,159506,9f5dd4ca,\Gallery 58\07 - Solaya\,{Shemale Yum Dvd03~G58~07~07 - Solaya}
solaya070.jpg,173550,47ca92a5,\Gallery 58\07 - Solaya\,{Shemale Yum Dvd03~G58~07~07 - Solaya}
solaya071.jpg,122409,a428135d,\Gallery 58\07 - Solaya\,{Shemale Yum Dvd03~G58~07~07 - Solaya}
solaya072.jpg,174220,a751ae9e,\Gallery 58\07 - Solaya\,{Shemale Yum Dvd03~G58~07~07 - Solaya}
solaya073.jpg,162629,d982f6fd,\Gallery 58\07 - Solaya\,{Shemale Yum Dvd03~G58~07~07 - Solaya}
solaya074.jpg,135267,bb4d604d,\Gallery 58\07 - Solaya\,{Shemale Yum Dvd03~G58~07~07 - Solaya}
solaya076.jpg,151807,555b5abd,\Gallery 58\07 - Solaya\,{Shemale Yum Dvd03~G58~07~07 - Solaya}
solaya077.jpg,147020,ce2e1e80,\Gallery 58\07 - Solaya\,{Shemale Yum Dvd03~G58~07~07 - Solaya}
solaya078.jpg,140639,76300c6d,\Gallery 58\07 - Solaya\,{Shemale Yum Dvd03~G58~07~07 - Solaya}
solaya079.jpg,141618,52219aed,\Gallery 58\07 - Solaya\,{Shemale Yum Dvd03~G58~07~07 - Solaya}
solaya080.jpg,143912,b2aa9558,\Gallery 58\07 - Solaya\,{Shemale Yum Dvd03~G58~07~07 - Solaya}
solaya081.jpg,139589,6e8218b5,\Gallery 58\07 - Solaya\,{Shemale Yum Dvd03~G58~07~07 - Solaya}
solaya082.jpg,142255,12fe8f28,\Gallery 58\07 - Solaya\,{Shemale Yum Dvd03~G58~07~07 - Solaya}
solaya083.jpg,115686,3b714d62,\Gallery 58\07 - Solaya\,{Shemale Yum Dvd03~G58~07~07 - Solaya}
solaya084.jpg,114593,02addf7c,\Gallery 58\07 - Solaya\,{Shemale Yum Dvd03~G58~07~07 - Solaya}
solaya085.jpg,121693,c2b6d87c,\Gallery 58\07 - Solaya\,{Shemale Yum Dvd03~G58~07~07 - Solaya}
solaya086.jpg,113718,3983fd22,\Gallery 58\07 - Solaya\,{Shemale Yum Dvd03~G58~07~07 - Solaya}
solaya087.jpg,130303,d9c421f8,\Gallery 58\07 - Solaya\,{Shemale Yum Dvd03~G58~07~07 - Solaya}
solaya088.jpg,148218,edef35b8,\Gallery 58\07 - Solaya\,{Shemale Yum Dvd03~G58~07~07 - Solaya}
solaya089.jpg,139650,074c1617,\Gallery 58\07 - Solaya\,{Shemale Yum Dvd03~G58~07~07 - Solaya}
solaya090.jpg,126552,6eeefe24,\Gallery 58\07 - Solaya\,{Shemale Yum Dvd03~G58~07~07 - Solaya}
solaya091.jpg,158727,9c9ad7b3,\Gallery 58\07 - Solaya\,{Shemale Yum Dvd03~G58~07~07 - Solaya}
solaya092.jpg,142577,f6d2351c,\Gallery 58\07 - Solaya\,{Shemale Yum Dvd03~G58~07~07 - Solaya}
solaya093.jpg,116620,8d960996,\Gallery 58\07 - Solaya\,{Shemale Yum Dvd03~G58~07~07 - Solaya}
solaya095.jpg,120044,d405009a,\Gallery 58\07 - Solaya\,{Shemale Yum Dvd03~G58~07~07 - Solaya}
solaya096.jpg,127102,726d399a,\Gallery 58\07 - Solaya\,{Shemale Yum Dvd03~G58~07~07 - Solaya}
solaya097.jpg,148134,9071fb99,\Gallery 58\07 - Solaya\,{Shemale Yum Dvd03~G58~07~07 - Solaya}
solaya098.jpg,142727,89ff7339,\Gallery 58\07 - Solaya\,{Shemale Yum Dvd03~G58~07~07 - Solaya}
solaya099.jpg,128266,7d18de91,\Gallery 58\07 - Solaya\,{Shemale Yum Dvd03~G58~07~07 - Solaya}
solaya100.jpg,160031,9f66b6df,\Gallery 58\07 - Solaya\,{Shemale Yum Dvd03~G58~07~07 - Solaya}
solaya101.jpg,154242,a2d6fea3,\Gallery 58\07 - Solaya\,{Shemale Yum Dvd03~G58~07~07 - Solaya}
solaya102.jpg,99262,1c137d51,\Gallery 58\07 - Solaya\,{Shemale Yum Dvd03~G58~07~07 - Solaya}
solaya103.jpg,153650,23fb9c6e,\Gallery 58\07 - Solaya\,{Shemale Yum Dvd03~G58~07~07 - Solaya}
solaya104.jpg,86885,1e4a6d6b,\Gallery 58\07 - Solaya\,{Shemale Yum Dvd03~G58~07~07 - Solaya}
solaya105.jpg,114641,db906652,\Gallery 58\07 - Solaya\,{Shemale Yum Dvd03~G58~07~07 - Solaya}
solaya106.jpg,99623,6634d851,\Gallery 58\07 - Solaya\,{Shemale Yum Dvd03~G58~07~07 - Solaya}
solaya110.jpg,122065,c6005695,\Gallery 58\07 - Solaya\,{Shemale Yum Dvd03~G58~07~07 - Solaya}
solaya111.jpg,154734,5a4f3fc8,\Gallery 58\07 - Solaya\,{Shemale Yum Dvd03~G58~07~07 - Solaya}
solaya112.jpg,142291,e28400ce,\Gallery 58\07 - Solaya\,{Shemale Yum Dvd03~G58~07~07 - Solaya}
solaya113.jpg,159876,ccd555d0,\Gallery 58\07 - Solaya\,{Shemale Yum Dvd03~G58~07~07 - Solaya}
solaya114.jpg,157883,3b7a5158,\Gallery 58\07 - Solaya\,{Shemale Yum Dvd03~G58~07~07 - Solaya}
solaya115.jpg,147978,86755ff7,\Gallery 58\07 - Solaya\,{Shemale Yum Dvd03~G58~07~07 - Solaya}
solaya116.jpg,149674,d6b25b4b,\Gallery 58\07 - Solaya\,{Shemale Yum Dvd03~G58~07~07 - Solaya}
solaya117.jpg,105879,64925bbc,\Gallery 58\07 - Solaya\,{Shemale Yum Dvd03~G58~07~07 - Solaya}
solaya118.jpg,122199,b876d508,\Gallery 58\07 - Solaya\,{Shemale Yum Dvd03~G58~07~07 - Solaya}
solaya119.jpg,117941,d28fa208,\Gallery 58\07 - Solaya\,{Shemale Yum Dvd03~G58~07~07 - Solaya}
solaya120.jpg,129941,8b714be3,\Gallery 58\07 - Solaya\,{Shemale Yum Dvd03~G58~07~07 - Solaya}
solaya121.jpg,140777,4dd16043,\Gallery 58\07 - Solaya\,{Shemale Yum Dvd03~G58~07~07 - Solaya}
solaya122.jpg,133736,37c1b251,\Gallery 58\07 - Solaya\,{Shemale Yum Dvd03~G58~07~07 - Solaya}
solaya123.jpg,131525,bee1c2ad,\Gallery 58\07 - Solaya\,{Shemale Yum Dvd03~G58~07~07 - Solaya}
solaya124.jpg,113485,bc6bebbf,\Gallery 58\07 - Solaya\,{Shemale Yum Dvd03~G58~07~07 - Solaya}
solaya125.jpg,118970,1a2df150,\Gallery 58\07 - Solaya\,{Shemale Yum Dvd03~G58~07~07 - Solaya}
solaya126.jpg,119278,1ad10d79,\Gallery 58\07 - Solaya\,{Shemale Yum Dvd03~G58~07~07 - Solaya}
solaya127.jpg,127200,e3e17c3a,\Gallery 58\07 - Solaya\,{Shemale Yum Dvd03~G58~07~07 - Solaya}
solaya128.jpg,135940,0fea661d,\Gallery 58\07 - Solaya\,{Shemale Yum Dvd03~G58~07~07 - Solaya}
solaya129.jpg,147702,fb15b63c,\Gallery 58\07 - Solaya\,{Shemale Yum Dvd03~G58~07~07 - Solaya}
solaya130.jpg,132295,2b4c5b34,\Gallery 58\07 - Solaya\,{Shemale Yum Dvd03~G58~07~07 - Solaya}
solaya131.jpg,111394,af7b0cdf,\Gallery 58\07 - Solaya\,{Shemale Yum Dvd03~G58~07~07 - Solaya}
solaya132.jpg,115354,1d4ce4e1,\Gallery 58\07 - Solaya\,{Shemale Yum Dvd03~G58~07~07 - Solaya}
solaya133.jpg,104361,958b351a,\Gallery 58\07 - Solaya\,{Shemale Yum Dvd03~G58~07~07 - Solaya}
solaya134.jpg,104039,fb01fb58,\Gallery 58\07 - Solaya\,{Shemale Yum Dvd03~G58~07~07 - Solaya}
solayabed002.jpg,95504,4fd0b179,\Gallery 58\07 - Solaya\,{Shemale Yum Dvd03~G58~07~07 - Solaya}
solayabed075.jpg,85280,40f7eaf7,\Gallery 58\07 - Solaya\,{Shemale Yum Dvd03~G58~07~07 - Solaya}
solayab001.jpg,167443,0b9d4428,\Gallery 58\07 - Solaya (2)\,{Shemale Yum Dvd03~G58~07-2~07 - Solaya (2)}
solayab002.jpg,185860,8755ccde,\Gallery 58\07 - Solaya (2)\,{Shemale Yum Dvd03~G58~07-2~07 - Solaya (2)}
solayab003.jpg,138327,0fd75608,\Gallery 58\07 - Solaya (2)\,{Shemale Yum Dvd03~G58~07-2~07 - Solaya (2)}
solayab004.jpg,132184,1bab23c1,\Gallery 58\07 - Solaya (2)\,{Shemale Yum Dvd03~G58~07-2~07 - Solaya (2)}
solayab005.jpg,172068,c8eb831b,\Gallery 58\07 - Solaya (2)\,{Shemale Yum Dvd03~G58~07-2~07 - Solaya (2)}
solayab006.jpg,171345,6448fc61,\Gallery 58\07 - Solaya (2)\,{Shemale Yum Dvd03~G58~07-2~07 - Solaya (2)}
solayab007.jpg,121626,98b7e9b6,\Gallery 58\07 - Solaya (2)\,{Shemale Yum Dvd03~G58~07-2~07 - Solaya (2)}
solayab008.jpg,144343,5d802e1a,\Gallery 58\07 - Solaya (2)\,{Shemale Yum Dvd03~G58~07-2~07 - Solaya (2)}
solayab009.jpg,144348,9641ed5f,\Gallery 58\07 - Solaya (2)\,{Shemale Yum Dvd03~G58~07-2~07 - Solaya (2)}
solayab010.jpg,120868,7dce2dc5,\Gallery 58\07 - Solaya (2)\,{Shemale Yum Dvd03~G58~07-2~07 - Solaya (2)}
solayab011.jpg,153098,5d7288d3,\Gallery 58\07 - Solaya (2)\,{Shemale Yum Dvd03~G58~07-2~07 - Solaya (2)}
solayab012.jpg,148420,3ac7aaee,\Gallery 58\07 - Solaya (2)\,{Shemale Yum Dvd03~G58~07-2~07 - Solaya (2)}
solayab013.jpg,160169,9fd0b546,\Gallery 58\07 - Solaya (2)\,{Shemale Yum Dvd03~G58~07-2~07 - Solaya (2)}
solayab014.jpg,164019,16168672,\Gallery 58\07 - Solaya (2)\,{Shemale Yum Dvd03~G58~07-2~07 - Solaya (2)}
solayab015.jpg,128118,a72f50d0,\Gallery 58\07 - Solaya (2)\,{Shemale Yum Dvd03~G58~07-2~07 - Solaya (2)}
solayab016.jpg,144928,22351dab,\Gallery 58\07 - Solaya (2)\,{Shemale Yum Dvd03~G58~07-2~07 - Solaya (2)}
solayab017.jpg,147571,87a890a5,\Gallery 58\07 - Solaya (2)\,{Shemale Yum Dvd03~G58~07-2~07 - Solaya (2)}
solayab018.jpg,146383,01424c62,\Gallery 58\07 - Solaya (2)\,{Shemale Yum Dvd03~G58~07-2~07 - Solaya (2)}
solayab019.jpg,155246,1bcf059a,\Gallery 58\07 - Solaya (2)\,{Shemale Yum Dvd03~G58~07-2~07 - Solaya (2)}
solayab020.jpg,156163,d829050d,\Gallery 58\07 - Solaya (2)\,{Shemale Yum Dvd03~G58~07-2~07 - Solaya (2)}
solayab021.jpg,147868,4837bfef,\Gallery 58\07 - Solaya (2)\,{Shemale Yum Dvd03~G58~07-2~07 - Solaya (2)}
solayab022.jpg,132443,f0f0e2cf,\Gallery 58\07 - Solaya (2)\,{Shemale Yum Dvd03~G58~07-2~07 - Solaya (2)}
solayab023.jpg,140587,5fb55b15,\Gallery 58\07 - Solaya (2)\,{Shemale Yum Dvd03~G58~07-2~07 - Solaya (2)}
solayab024.jpg,151116,b1efaeed,\Gallery 58\07 - Solaya (2)\,{Shemale Yum Dvd03~G58~07-2~07 - Solaya (2)}
solayab025.jpg,162170,ae2f22a3,\Gallery 58\07 - Solaya (2)\,{Shemale Yum Dvd03~G58~07-2~07 - Solaya (2)}
solayab026.jpg,135786,459b8f86,\Gallery 58\07 - Solaya (2)\,{Shemale Yum Dvd03~G58~07-2~07 - Solaya (2)}
solayab027.jpg,133518,4810b7e8,\Gallery 58\07 - Solaya (2)\,{Shemale Yum Dvd03~G58~07-2~07 - Solaya (2)}
solayab028.jpg,144319,b5fd11f7,\Gallery 58\07 - Solaya (2)\,{Shemale Yum Dvd03~G58~07-2~07 - Solaya (2)}
solayab029.jpg,142319,844feecd,\Gallery 58\07 - Solaya (2)\,{Shemale Yum Dvd03~G58~07-2~07 - Solaya (2)}
solayab030.jpg,145964,a7b32fdc,\Gallery 58\07 - Solaya (2)\,{Shemale Yum Dvd03~G58~07-2~07 - Solaya (2)}
solayab031.jpg,145650,7f35014f,\Gallery 58\07 - Solaya (2)\,{Shemale Yum Dvd03~G58~07-2~07 - Solaya (2)}
solayab032.jpg,174539,40980256,\Gallery 58\07 - Solaya (2)\,{Shemale Yum Dvd03~G58~07-2~07 - Solaya (2)}
solayab033.jpg,135023,aefa729c,\Gallery 58\07 - Solaya (2)\,{Shemale Yum Dvd03~G58~07-2~07 - Solaya (2)}
solayab034.jpg,141465,b8f12932,\Gallery 58\07 - Solaya (2)\,{Shemale Yum Dvd03~G58~07-2~07 - Solaya (2)}
solayab035.jpg,126044,59dc0936,\Gallery 58\07 - Solaya (2)\,{Shemale Yum Dvd03~G58~07-2~07 - Solaya (2)}
solayab036.jpg,157020,308600d0,\Gallery 58\07 - Solaya (2)\,{Shemale Yum Dvd03~G58~07-2~07 - Solaya (2)}
solayab037.jpg,144026,e3ca0f0f,\Gallery 58\07 - Solaya (2)\,{Shemale Yum Dvd03~G58~07-2~07 - Solaya (2)}
solayab038.jpg,149945,54fce4fb,\Gallery 58\07 - Solaya (2)\,{Shemale Yum Dvd03~G58~07-2~07 - Solaya (2)}
solayab039.jpg,138484,31a39365,\Gallery 58\07 - Solaya (2)\,{Shemale Yum Dvd03~G58~07-2~07 - Solaya (2)}
solayab040.jpg,162635,6589a202,\Gallery 58\07 - Solaya (2)\,{Shemale Yum Dvd03~G58~07-2~07 - Solaya (2)}
solayab041.jpg,145547,cc10d403,\Gallery 58\07 - Solaya (2)\,{Shemale Yum Dvd03~G58~07-2~07 - Solaya (2)}
solayab042.jpg,141456,606a7668,\Gallery 58\07 - Solaya (2)\,{Shemale Yum Dvd03~G58~07-2~07 - Solaya (2)}
solayab043.jpg,133872,3a4f064a,\Gallery 58\07 - Solaya (2)\,{Shemale Yum Dvd03~G58~07-2~07 - Solaya (2)}
solayab044.jpg,124585,22eeba3d,\Gallery 58\07 - Solaya (2)\,{Shemale Yum Dvd03~G58~07-2~07 - Solaya (2)}
solayab045.jpg,123084,4524314b,\Gallery 58\07 - Solaya (2)\,{Shemale Yum Dvd03~G58~07-2~07 - Solaya (2)}
solayab046.jpg,137322,5dd261d3,\Gallery 58\07 - Solaya (2)\,{Shemale Yum Dvd03~G58~07-2~07 - Solaya (2)}
solayab047.jpg,149403,643bf097,\Gallery 58\07 - Solaya (2)\,{Shemale Yum Dvd03~G58~07-2~07 - Solaya (2)}
solayab048.jpg,150114,5b967133,\Gallery 58\07 - Solaya (2)\,{Shemale Yum Dvd03~G58~07-2~07 - Solaya (2)}
solayab049.jpg,139695,8d408a8b,\Gallery 58\07 - Solaya (2)\,{Shemale Yum Dvd03~G58~07-2~07 - Solaya (2)}
solayab050.jpg,126740,ae793f9b,\Gallery 58\07 - Solaya (2)\,{Shemale Yum Dvd03~G58~07-2~07 - Solaya (2)}
solayab051.jpg,177886,523e548a,\Gallery 58\07 - Solaya (2)\,{Shemale Yum Dvd03~G58~07-2~07 - Solaya (2)}
solayab052.jpg,159346,dc380f59,\Gallery 58\07 - Solaya (2)\,{Shemale Yum Dvd03~G58~07-2~07 - Solaya (2)}
solayab053.jpg,143921,8a96dc6c,\Gallery 58\07 - Solaya (2)\,{Shemale Yum Dvd03~G58~07-2~07 - Solaya (2)}
solayab054.jpg,138714,ac479510,\Gallery 58\07 - Solaya (2)\,{Shemale Yum Dvd03~G58~07-2~07 - Solaya (2)}
solayab055.jpg,196890,d348c2b3,\Gallery 58\07 - Solaya (2)\,{Shemale Yum Dvd03~G58~07-2~07 - Solaya (2)}
solayab056.jpg,183523,05072eea,\Gallery 58\07 - Solaya (2)\,{Shemale Yum Dvd03~G58~07-2~07 - Solaya (2)}
solayab057.jpg,166736,25b7e28a,\Gallery 58\07 - Solaya (2)\,{Shemale Yum Dvd03~G58~07-2~07 - Solaya (2)}
solayab058.jpg,143510,bcd2eff2,\Gallery 58\07 - Solaya (2)\,{Shemale Yum Dvd03~G58~07-2~07 - Solaya (2)}
solayab059.jpg,127859,ff888919,\Gallery 58\07 - Solaya (2)\,{Shemale Yum Dvd03~G58~07-2~07 - Solaya (2)}
solayab060.jpg,138347,748870de,\Gallery 58\07 - Solaya (2)\,{Shemale Yum Dvd03~G58~07-2~07 - Solaya (2)}
solayab061.jpg,129426,afd416ae,\Gallery 58\07 - Solaya (2)\,{Shemale Yum Dvd03~G58~07-2~07 - Solaya (2)}
solayab062.jpg,145694,10cbc50e,\Gallery 58\07 - Solaya (2)\,{Shemale Yum Dvd03~G58~07-2~07 - Solaya (2)}
solayab063.jpg,128297,b89042d2,\Gallery 58\07 - Solaya (2)\,{Shemale Yum Dvd03~G58~07-2~07 - Solaya (2)}
solayab064.jpg,132348,2bcd2c50,\Gallery 58\07 - Solaya (2)\,{Shemale Yum Dvd03~G58~07-2~07 - Solaya (2)}
solayab065.jpg,137832,f8337be7,\Gallery 58\07 - Solaya (2)\,{Shemale Yum Dvd03~G58~07-2~07 - Solaya (2)}
solayab066.jpg,145287,18fab922,\Gallery 58\07 - Solaya (2)\,{Shemale Yum Dvd03~G58~07-2~07 - Solaya (2)}
solayab067.jpg,119293,9f3d3806,\Gallery 58\07 - Solaya (2)\,{Shemale Yum Dvd03~G58~07-2~07 - Solaya (2)}
solayab068.jpg,167083,df0fc961,\Gallery 58\07 - Solaya (2)\,{Shemale Yum Dvd03~G58~07-2~07 - Solaya (2)}
solayab069.jpg,146812,ccc4ab09,\Gallery 58\07 - Solaya (2)\,{Shemale Yum Dvd03~G58~07-2~07 - Solaya (2)}
solayab070.jpg,169855,1f0a01ca,\Gallery 58\07 - Solaya (2)\,{Shemale Yum Dvd03~G58~07-2~07 - Solaya (2)}
solayab071.jpg,178589,e776ecde,\Gallery 58\07 - Solaya (2)\,{Shemale Yum Dvd03~G58~07-2~07 - Solaya (2)}
solayab072.jpg,162255,bbba40a0,\Gallery 58\07 - Solaya (2)\,{Shemale Yum Dvd03~G58~07-2~07 - Solaya (2)}
solayab073.jpg,142810,932d4976,\Gallery 58\07 - Solaya (2)\,{Shemale Yum Dvd03~G58~07-2~07 - Solaya (2)}
solayab074.jpg,182585,0401de9e,\Gallery 58\07 - Solaya (2)\,{Shemale Yum Dvd03~G58~07-2~07 - Solaya (2)}
solayab075.jpg,170098,49c05d26,\Gallery 58\07 - Solaya (2)\,{Shemale Yum Dvd03~G58~07-2~07 - Solaya (2)}
solayab076.jpg,186155,5590c148,\Gallery 58\07 - Solaya (2)\,{Shemale Yum Dvd03~G58~07-2~07 - Solaya (2)}
solayab077.jpg,183180,d62f8d4e,\Gallery 58\07 - Solaya (2)\,{Shemale Yum Dvd03~G58~07-2~07 - Solaya (2)}
solayab078.jpg,178827,3fdfe07a,\Gallery 58\07 - Solaya (2)\,{Shemale Yum Dvd03~G58~07-2~07 - Solaya (2)}
solayab079.jpg,180933,b5c93f08,\Gallery 58\07 - Solaya (2)\,{Shemale Yum Dvd03~G58~07-2~07 - Solaya (2)}
solayab080.jpg,147045,ed85444c,\Gallery 58\07 - Solaya (2)\,{Shemale Yum Dvd03~G58~07-2~07 - Solaya (2)}
solayab081.jpg,129018,a82c6450,\Gallery 58\07 - Solaya (2)\,{Shemale Yum Dvd03~G58~07-2~07 - Solaya (2)}
solayab082.jpg,135131,ef27777b,\Gallery 58\07 - Solaya (2)\,{Shemale Yum Dvd03~G58~07-2~07 - Solaya (2)}
solayab083.jpg,152379,ceed0c0c,\Gallery 58\07 - Solaya (2)\,{Shemale Yum Dvd03~G58~07-2~07 - Solaya (2)}
solayab084.jpg,123889,c822c9d4,\Gallery 58\07 - Solaya (2)\,{Shemale Yum Dvd03~G58~07-2~07 - Solaya (2)}
solayab085.jpg,174287,7bb4d860,\Gallery 58\07 - Solaya (2)\,{Shemale Yum Dvd03~G58~07-2~07 - Solaya (2)}
solayab086.jpg,148886,7b598ea6,\Gallery 58\07 - Solaya (2)\,{Shemale Yum Dvd03~G58~07-2~07 - Solaya (2)}
solayab087.jpg,151741,4f00fbbd,\Gallery 58\07 - Solaya (2)\,{Shemale Yum Dvd03~G58~07-2~07 - Solaya (2)}
solayab088.jpg,127355,55b6bc0d,\Gallery 58\07 - Solaya (2)\,{Shemale Yum Dvd03~G58~07-2~07 - Solaya (2)}
solayab089.jpg,145484,e32fc714,\Gallery 58\07 - Solaya (2)\,{Shemale Yum Dvd03~G58~07-2~07 - Solaya (2)}
solayab090.jpg,132738,19b53a90,\Gallery 58\07 - Solaya (2)\,{Shemale Yum Dvd03~G58~07-2~07 - Solaya (2)}
solayab091.jpg,151068,6f8aadca,\Gallery 58\07 - Solaya (2)\,{Shemale Yum Dvd03~G58~07-2~07 - Solaya (2)}
solayab092.jpg,71407,58f9aa6c,\Gallery 58\07 - Solaya (2)\,{Shemale Yum Dvd03~G58~07-2~07 - Solaya (2)}
solayab093.jpg,198887,69965f2b,\Gallery 58\07 - Solaya (2)\,{Shemale Yum Dvd03~G58~07-2~07 - Solaya (2)}
solayab094.jpg,161489,aed1b2d3,\Gallery 58\07 - Solaya (2)\,{Shemale Yum Dvd03~G58~07-2~07 - Solaya (2)}
solayab095.jpg,132910,3909c8b1,\Gallery 58\07 - Solaya (2)\,{Shemale Yum Dvd03~G58~07-2~07 - Solaya (2)}
solayab096.jpg,138676,d173ee1f,\Gallery 58\07 - Solaya (2)\,{Shemale Yum Dvd03~G58~07-2~07 - Solaya (2)}
solayab097.jpg,147079,6730e18e,\Gallery 58\07 - Solaya (2)\,{Shemale Yum Dvd03~G58~07-2~07 - Solaya (2)}
solayab098.jpg,136377,c4bf8163,\Gallery 58\07 - Solaya (2)\,{Shemale Yum Dvd03~G58~07-2~07 - Solaya (2)}
solayab099.jpg,181261,6d86280f,\Gallery 58\07 - Solaya (2)\,{Shemale Yum Dvd03~G58~07-2~07 - Solaya (2)}
solayab100.jpg,176146,8e1a7e0f,\Gallery 58\07 - Solaya (2)\,{Shemale Yum Dvd03~G58~07-2~07 - Solaya (2)}
solayab101.jpg,150088,8aa568df,\Gallery 58\07 - Solaya (2)\,{Shemale Yum Dvd03~G58~07-2~07 - Solaya (2)}
solayab102.jpg,138674,d41fde83,\Gallery 58\07 - Solaya (2)\,{Shemale Yum Dvd03~G58~07-2~07 - Solaya (2)}
solayab103.jpg,166700,0d52e0ae,\Gallery 58\07 - Solaya (2)\,{Shemale Yum Dvd03~G58~07-2~07 - Solaya (2)}
solayab104.jpg,143302,c3f0c0fa,\Gallery 58\07 - Solaya (2)\,{Shemale Yum Dvd03~G58~07-2~07 - Solaya (2)}
solayab105.jpg,124513,93e2796a,\Gallery 58\07 - Solaya (2)\,{Shemale Yum Dvd03~G58~07-2~07 - Solaya (2)}
solayab106.jpg,116792,98a98b54,\Gallery 58\07 - Solaya (2)\,{Shemale Yum Dvd03~G58~07-2~07 - Solaya (2)}
solayab107.jpg,136044,cca954b5,\Gallery 58\07 - Solaya (2)\,{Shemale Yum Dvd03~G58~07-2~07 - Solaya (2)}
solayab108.jpg,120046,3ebb9230,\Gallery 58\07 - Solaya (2)\,{Shemale Yum Dvd03~G58~07-2~07 - Solaya (2)}
solayab109.jpg,134202,066850ba,\Gallery 58\07 - Solaya (2)\,{Shemale Yum Dvd03~G58~07-2~07 - Solaya (2)}
solayab110.jpg,117265,e6182a41,\Gallery 58\07 - Solaya (2)\,{Shemale Yum Dvd03~G58~07-2~07 - Solaya (2)}
solayab111.jpg,132709,09c1433c,\Gallery 58\07 - Solaya (2)\,{Shemale Yum Dvd03~G58~07-2~07 - Solaya (2)}
solayab112.jpg,116703,1ce4c184,\Gallery 58\07 - Solaya (2)\,{Shemale Yum Dvd03~G58~07-2~07 - Solaya (2)}
solayab113.jpg,119399,dc8155f7,\Gallery 58\07 - Solaya (2)\,{Shemale Yum Dvd03~G58~07-2~07 - Solaya (2)}
solayab114.jpg,140301,05584b24,\Gallery 58\07 - Solaya (2)\,{Shemale Yum Dvd03~G58~07-2~07 - Solaya (2)}
solayab115.jpg,135793,883ad012,\Gallery 58\07 - Solaya (2)\,{Shemale Yum Dvd03~G58~07-2~07 - Solaya (2)}
solayab116.jpg,127311,94260d24,\Gallery 58\07 - Solaya (2)\,{Shemale Yum Dvd03~G58~07-2~07 - Solaya (2)}
solayab117.jpg,126434,920c1043,\Gallery 58\07 - Solaya (2)\,{Shemale Yum Dvd03~G58~07-2~07 - Solaya (2)}
solayab118.jpg,174878,e62f8256,\Gallery 58\07 - Solaya (2)\,{Shemale Yum Dvd03~G58~07-2~07 - Solaya (2)}
solayab119.jpg,143236,87ce7bb8,\Gallery 58\07 - Solaya (2)\,{Shemale Yum Dvd03~G58~07-2~07 - Solaya (2)}
solayab120.jpg,124609,8ee75e21,\Gallery 58\07 - Solaya (2)\,{Shemale Yum Dvd03~G58~07-2~07 - Solaya (2)}
solayab121.jpg,126294,79bae57c,\Gallery 58\07 - Solaya (2)\,{Shemale Yum Dvd03~G58~07-2~07 - Solaya (2)}
solayab122.jpg,128574,df30e697,\Gallery 58\07 - Solaya (2)\,{Shemale Yum Dvd03~G58~07-2~07 - Solaya (2)}
solayab123.jpg,112356,b5749517,\Gallery 58\07 - Solaya (2)\,{Shemale Yum Dvd03~G58~07-2~07 - Solaya (2)}
solayab124.jpg,182923,c98ac123,\Gallery 58\07 - Solaya (2)\,{Shemale Yum Dvd03~G58~07-2~07 - Solaya (2)}
solayab125.jpg,139173,2335f87f,\Gallery 58\07 - Solaya (2)\,{Shemale Yum Dvd03~G58~07-2~07 - Solaya (2)}
solayab126.jpg,138484,524227e3,\Gallery 58\07 - Solaya (2)\,{Shemale Yum Dvd03~G58~07-2~07 - Solaya (2)}
solayab127.jpg,137063,d1aeab91,\Gallery 58\07 - Solaya (2)\,{Shemale Yum Dvd03~G58~07-2~07 - Solaya (2)}
solayab128.jpg,142329,74cb2b59,\Gallery 58\07 - Solaya (2)\,{Shemale Yum Dvd03~G58~07-2~07 - Solaya (2)}
solayab129.jpg,144786,dca684a3,\Gallery 58\07 - Solaya (2)\,{Shemale Yum Dvd03~G58~07-2~07 - Solaya (2)}
solayab130.jpg,147238,ce81c427,\Gallery 58\07 - Solaya (2)\,{Shemale Yum Dvd03~G58~07-2~07 - Solaya (2)}
solayab131.jpg,143259,109b458d,\Gallery 58\07 - Solaya (2)\,{Shemale Yum Dvd03~G58~07-2~07 - Solaya (2)}
solayab132.jpg,147723,df7167ed,\Gallery 58\07 - Solaya (2)\,{Shemale Yum Dvd03~G58~07-2~07 - Solaya (2)}
solayab133.jpg,142619,e73ad51c,\Gallery 58\07 - Solaya (2)\,{Shemale Yum Dvd03~G58~07-2~07 - Solaya (2)}
solayab134.jpg,143326,2beab183,\Gallery 58\07 - Solaya (2)\,{Shemale Yum Dvd03~G58~07-2~07 - Solaya (2)}
solayab135.jpg,145915,a8790bb4,\Gallery 58\07 - Solaya (2)\,{Shemale Yum Dvd03~G58~07-2~07 - Solaya (2)}
solayab136.jpg,127414,ce1f7578,\Gallery 58\07 - Solaya (2)\,{Shemale Yum Dvd03~G58~07-2~07 - Solaya (2)}
solayab137.jpg,116708,06e3dc71,\Gallery 58\07 - Solaya (2)\,{Shemale Yum Dvd03~G58~07-2~07 - Solaya (2)}
solayab138.jpg,115840,483f276b,\Gallery 58\07 - Solaya (2)\,{Shemale Yum Dvd03~G58~07-2~07 - Solaya (2)}
solayab139.jpg,141478,788480a9,\Gallery 58\07 - Solaya (2)\,{Shemale Yum Dvd03~G58~07-2~07 - Solaya (2)}
solayab140.jpg,137373,afe56caa,\Gallery 58\07 - Solaya (2)\,{Shemale Yum Dvd03~G58~07-2~07 - Solaya (2)}
solayab141.jpg,125207,2831ddf7,\Gallery 58\07 - Solaya (2)\,{Shemale Yum Dvd03~G58~07-2~07 - Solaya (2)}
solayab142.jpg,142042,f2c21aa8,\Gallery 58\07 - Solaya (2)\,{Shemale Yum Dvd03~G58~07-2~07 - Solaya (2)}
solayab143.jpg,136473,9fd32dc1,\Gallery 58\07 - Solaya (2)\,{Shemale Yum Dvd03~G58~07-2~07 - Solaya (2)}
solayab144.jpg,110357,e035e183,\Gallery 58\07 - Solaya (2)\,{Shemale Yum Dvd03~G58~07-2~07 - Solaya (2)}
solayab145.jpg,109548,7afc7576,\Gallery 58\07 - Solaya (2)\,{Shemale Yum Dvd03~G58~07-2~07 - Solaya (2)}
solayab146.jpg,103643,03cf0d4c,\Gallery 58\07 - Solaya (2)\,{Shemale Yum Dvd03~G58~07-2~07 - Solaya (2)}
solayab147.jpg,120936,c71c0ba7,\Gallery 58\07 - Solaya (2)\,{Shemale Yum Dvd03~G58~07-2~07 - Solaya (2)}
solayab148.jpg,107843,9abc21f2,\Gallery 58\07 - Solaya (2)\,{Shemale Yum Dvd03~G58~07-2~07 - Solaya (2)}
solayab149.jpg,128914,75d812f8,\Gallery 58\07 - Solaya (2)\,{Shemale Yum Dvd03~G58~07-2~07 - Solaya (2)}
solayab150.jpg,122788,cf7c409c,\Gallery 58\07 - Solaya (2)\,{Shemale Yum Dvd03~G58~07-2~07 - Solaya (2)}
solayab151.jpg,133143,848d4574,\Gallery 58\07 - Solaya (2)\,{Shemale Yum Dvd03~G58~07-2~07 - Solaya (2)}
solayab152.jpg,127362,5d86aa1e,\Gallery 58\07 - Solaya (2)\,{Shemale Yum Dvd03~G58~07-2~07 - Solaya (2)}
solayab153.jpg,145692,825bca8b,\Gallery 58\07 - Solaya (2)\,{Shemale Yum Dvd03~G58~07-2~07 - Solaya (2)}
solayab154.jpg,155244,47c2e45c,\Gallery 58\07 - Solaya (2)\,{Shemale Yum Dvd03~G58~07-2~07 - Solaya (2)}
solayab155.jpg,140793,185e0ebe,\Gallery 58\07 - Solaya (2)\,{Shemale Yum Dvd03~G58~07-2~07 - Solaya (2)}
solayab156.jpg,133496,7e825e63,\Gallery 58\07 - Solaya (2)\,{Shemale Yum Dvd03~G58~07-2~07 - Solaya (2)}
solayab157.jpg,168623,3f5d7e55,\Gallery 58\07 - Solaya (2)\,{Shemale Yum Dvd03~G58~07-2~07 - Solaya (2)}
solayab158.jpg,103976,f2e398f8,\Gallery 58\07 - Solaya (2)\,{Shemale Yum Dvd03~G58~07-2~07 - Solaya (2)}
solayab159.jpg,177133,6161d5dc,\Gallery 58\07 - Solaya (2)\,{Shemale Yum Dvd03~G58~07-2~07 - Solaya (2)}
solayab160.jpg,170850,376d9f17,\Gallery 58\07 - Solaya (2)\,{Shemale Yum Dvd03~G58~07-2~07 - Solaya (2)}
solayab161.jpg,145960,879682ae,\Gallery 58\07 - Solaya (2)\,{Shemale Yum Dvd03~G58~07-2~07 - Solaya (2)}
solaya3001.jpg,171741,b2833e98,\Gallery 58\07 - Solaya (3)\,{Shemale Yum Dvd03~G58~07-3~07 - Solaya (3)}
solaya3002.jpg,162933,ec3d660f,\Gallery 58\07 - Solaya (3)\,{Shemale Yum Dvd03~G58~07-3~07 - Solaya (3)}
solaya3003.jpg,167710,8be8c953,\Gallery 58\07 - Solaya (3)\,{Shemale Yum Dvd03~G58~07-3~07 - Solaya (3)}
solaya3004.jpg,148537,cb1e209e,\Gallery 58\07 - Solaya (3)\,{Shemale Yum Dvd03~G58~07-3~07 - Solaya (3)}
solaya3005.jpg,125817,4bee8e6b,\Gallery 58\07 - Solaya (3)\,{Shemale Yum Dvd03~G58~07-3~07 - Solaya (3)}
solaya3006.jpg,180530,703cced5,\Gallery 58\07 - Solaya (3)\,{Shemale Yum Dvd03~G58~07-3~07 - Solaya (3)}
solaya3007.jpg,130505,2c9d0d82,\Gallery 58\07 - Solaya (3)\,{Shemale Yum Dvd03~G58~07-3~07 - Solaya (3)}
solaya3008.jpg,135865,dc2afca3,\Gallery 58\07 - Solaya (3)\,{Shemale Yum Dvd03~G58~07-3~07 - Solaya (3)}
solaya3009.jpg,138674,82254217,\Gallery 58\07 - Solaya (3)\,{Shemale Yum Dvd03~G58~07-3~07 - Solaya (3)}
solaya3010.jpg,188322,9806b0cd,\Gallery 58\07 - Solaya (3)\,{Shemale Yum Dvd03~G58~07-3~07 - Solaya (3)}
solaya3011.jpg,167404,5996ec3e,\Gallery 58\07 - Solaya (3)\,{Shemale Yum Dvd03~G58~07-3~07 - Solaya (3)}
solaya3012.jpg,190159,c2091856,\Gallery 58\07 - Solaya (3)\,{Shemale Yum Dvd03~G58~07-3~07 - Solaya (3)}
solaya3013.jpg,168693,2615f1b0,\Gallery 58\07 - Solaya (3)\,{Shemale Yum Dvd03~G58~07-3~07 - Solaya (3)}
solaya3014.jpg,165555,1414ee5c,\Gallery 58\07 - Solaya (3)\,{Shemale Yum Dvd03~G58~07-3~07 - Solaya (3)}
solaya3015.jpg,124754,64d9cbb0,\Gallery 58\07 - Solaya (3)\,{Shemale Yum Dvd03~G58~07-3~07 - Solaya (3)}
solaya3016.jpg,147398,73fb5c7c,\Gallery 58\07 - Solaya (3)\,{Shemale Yum Dvd03~G58~07-3~07 - Solaya (3)}
solaya3017.jpg,127497,223234c3,\Gallery 58\07 - Solaya (3)\,{Shemale Yum Dvd03~G58~07-3~07 - Solaya (3)}
solaya3018.jpg,139008,e4d506ea,\Gallery 58\07 - Solaya (3)\,{Shemale Yum Dvd03~G58~07-3~07 - Solaya (3)}
solaya3019.jpg,142200,cb2505a5,\Gallery 58\07 - Solaya (3)\,{Shemale Yum Dvd03~G58~07-3~07 - Solaya (3)}
solaya3020.jpg,140834,0bca0441,\Gallery 58\07 - Solaya (3)\,{Shemale Yum Dvd03~G58~07-3~07 - Solaya (3)}
solaya3021.jpg,162596,cf1e0be6,\Gallery 58\07 - Solaya (3)\,{Shemale Yum Dvd03~G58~07-3~07 - Solaya (3)}
solaya3022.jpg,132546,82755d6f,\Gallery 58\07 - Solaya (3)\,{Shemale Yum Dvd03~G58~07-3~07 - Solaya (3)}
solaya3023.jpg,151698,169e890f,\Gallery 58\07 - Solaya (3)\,{Shemale Yum Dvd03~G58~07-3~07 - Solaya (3)}
solaya3024.jpg,148321,76530885,\Gallery 58\07 - Solaya (3)\,{Shemale Yum Dvd03~G58~07-3~07 - Solaya (3)}
solaya3025.jpg,183982,35642c12,\Gallery 58\07 - Solaya (3)\,{Shemale Yum Dvd03~G58~07-3~07 - Solaya (3)}
solaya3026.jpg,175980,3a1a2f4f,\Gallery 58\07 - Solaya (3)\,{Shemale Yum Dvd03~G58~07-3~07 - Solaya (3)}
solaya3027.jpg,158992,ec2ebce1,\Gallery 58\07 - Solaya (3)\,{Shemale Yum Dvd03~G58~07-3~07 - Solaya (3)}
solaya3028.jpg,188488,e135b290,\Gallery 58\07 - Solaya (3)\,{Shemale Yum Dvd03~G58~07-3~07 - Solaya (3)}
solaya3029.jpg,155025,a698f566,\Gallery 58\07 - Solaya (3)\,{Shemale Yum Dvd03~G58~07-3~07 - Solaya (3)}
solaya3030.jpg,149232,6a5b084d,\Gallery 58\07 - Solaya (3)\,{Shemale Yum Dvd03~G58~07-3~07 - Solaya (3)}
solaya3031.jpg,158961,521f376e,\Gallery 58\07 - Solaya (3)\,{Shemale Yum Dvd03~G58~07-3~07 - Solaya (3)}
solaya3032.jpg,154504,5d7b38aa,\Gallery 58\07 - Solaya (3)\,{Shemale Yum Dvd03~G58~07-3~07 - Solaya (3)}
solaya3033.jpg,172361,a54dad9c,\Gallery 58\07 - Solaya (3)\,{Shemale Yum Dvd03~G58~07-3~07 - Solaya (3)}
solaya3034.jpg,140453,fc0ee765,\Gallery 58\07 - Solaya (3)\,{Shemale Yum Dvd03~G58~07-3~07 - Solaya (3)}
solaya3035.jpg,128853,e7a82d65,\Gallery 58\07 - Solaya (3)\,{Shemale Yum Dvd03~G58~07-3~07 - Solaya (3)}
solaya3036.jpg,155587,b3a5194f,\Gallery 58\07 - Solaya (3)\,{Shemale Yum Dvd03~G58~07-3~07 - Solaya (3)}
solaya3037.jpg,180551,c1545e3e,\Gallery 58\07 - Solaya (3)\,{Shemale Yum Dvd03~G58~07-3~07 - Solaya (3)}
solaya3038.jpg,164782,061d8aa6,\Gallery 58\07 - Solaya (3)\,{Shemale Yum Dvd03~G58~07-3~07 - Solaya (3)}
solaya3039.jpg,140943,81bacebc,\Gallery 58\07 - Solaya (3)\,{Shemale Yum Dvd03~G58~07-3~07 - Solaya (3)}
solaya3040.jpg,151706,8f596be5,\Gallery 58\07 - Solaya (3)\,{Shemale Yum Dvd03~G58~07-3~07 - Solaya (3)}
solaya3041.jpg,157699,35dcce16,\Gallery 58\07 - Solaya (3)\,{Shemale Yum Dvd03~G58~07-3~07 - Solaya (3)}
solaya3042.jpg,146565,1b84a477,\Gallery 58\07 - Solaya (3)\,{Shemale Yum Dvd03~G58~07-3~07 - Solaya (3)}
solaya3043.jpg,142499,62a4586b,\Gallery 58\07 - Solaya (3)\,{Shemale Yum Dvd03~G58~07-3~07 - Solaya (3)}
solaya3044.jpg,128148,a21312d0,\Gallery 58\07 - Solaya (3)\,{Shemale Yum Dvd03~G58~07-3~07 - Solaya (3)}
solaya3045.jpg,122866,1a713841,\Gallery 58\07 - Solaya (3)\,{Shemale Yum Dvd03~G58~07-3~07 - Solaya (3)}
solaya3046.jpg,120845,3043d135,\Gallery 58\07 - Solaya (3)\,{Shemale Yum Dvd03~G58~07-3~07 - Solaya (3)}
solaya3047.jpg,157812,afe875bc,\Gallery 58\07 - Solaya (3)\,{Shemale Yum Dvd03~G58~07-3~07 - Solaya (3)}
solaya3048.jpg,177023,7781b59b,\Gallery 58\07 - Solaya (3)\,{Shemale Yum Dvd03~G58~07-3~07 - Solaya (3)}
solaya3049.jpg,152240,c3048418,\Gallery 58\07 - Solaya (3)\,{Shemale Yum Dvd03~G58~07-3~07 - Solaya (3)}
solaya3050.jpg,171285,c1abc215,\Gallery 58\07 - Solaya (3)\,{Shemale Yum Dvd03~G58~07-3~07 - Solaya (3)}
solaya3051.jpg,130331,d3f8b405,\Gallery 58\07 - Solaya (3)\,{Shemale Yum Dvd03~G58~07-3~07 - Solaya (3)}
solaya3052.jpg,116865,7a20a15f,\Gallery 58\07 - Solaya (3)\,{Shemale Yum Dvd03~G58~07-3~07 - Solaya (3)}
solaya3053.jpg,136083,1ace498a,\Gallery 58\07 - Solaya (3)\,{Shemale Yum Dvd03~G58~07-3~07 - Solaya (3)}
solaya3054.jpg,142118,74bd42a1,\Gallery 58\07 - Solaya (3)\,{Shemale Yum Dvd03~G58~07-3~07 - Solaya (3)}
solaya3055.jpg,109994,e71db8e6,\Gallery 58\07 - Solaya (3)\,{Shemale Yum Dvd03~G58~07-3~07 - Solaya (3)}
solaya3056.jpg,103521,f7cb0769,\Gallery 58\07 - Solaya (3)\,{Shemale Yum Dvd03~G58~07-3~07 - Solaya (3)}
solaya3057.jpg,145470,b7570e52,\Gallery 58\07 - Solaya (3)\,{Shemale Yum Dvd03~G58~07-3~07 - Solaya (3)}
solaya3058.jpg,151854,45592b5b,\Gallery 58\07 - Solaya (3)\,{Shemale Yum Dvd03~G58~07-3~07 - Solaya (3)}
solaya3059.jpg,167755,87775d4c,\Gallery 58\07 - Solaya (3)\,{Shemale Yum Dvd03~G58~07-3~07 - Solaya (3)}
solaya3060.jpg,134628,3ca2dc96,\Gallery 58\07 - Solaya (3)\,{Shemale Yum Dvd03~G58~07-3~07 - Solaya (3)}
solaya3061.jpg,126420,9c7139e3,\Gallery 58\07 - Solaya (3)\,{Shemale Yum Dvd03~G58~07-3~07 - Solaya (3)}
solaya3062.jpg,154728,6f5e724f,\Gallery 58\07 - Solaya (3)\,{Shemale Yum Dvd03~G58~07-3~07 - Solaya (3)}
solaya3063.jpg,147424,77d66d64,\Gallery 58\07 - Solaya (3)\,{Shemale Yum Dvd03~G58~07-3~07 - Solaya (3)}
solaya3064.jpg,155040,18bc259e,\Gallery 58\07 - Solaya (3)\,{Shemale Yum Dvd03~G58~07-3~07 - Solaya (3)}
solaya3065.jpg,135051,82fa0b39,\Gallery 58\07 - Solaya (3)\,{Shemale Yum Dvd03~G58~07-3~07 - Solaya (3)}
solaya3066.jpg,126270,ea3a1d57,\Gallery 58\07 - Solaya (3)\,{Shemale Yum Dvd03~G58~07-3~07 - Solaya (3)}
solaya3067.jpg,168419,6a4cbed5,\Gallery 58\07 - Solaya (3)\,{Shemale Yum Dvd03~G58~07-3~07 - Solaya (3)}
solaya3068.jpg,146397,73e487b9,\Gallery 58\07 - Solaya (3)\,{Shemale Yum Dvd03~G58~07-3~07 - Solaya (3)}
solaya3069.jpg,146619,5fb16e4d,\Gallery 58\07 - Solaya (3)\,{Shemale Yum Dvd03~G58~07-3~07 - Solaya (3)}
solaya3070.jpg,161362,b534dd76,\Gallery 58\07 - Solaya (3)\,{Shemale Yum Dvd03~G58~07-3~07 - Solaya (3)}
solaya3071.jpg,146635,8d25518a,\Gallery 58\07 - Solaya (3)\,{Shemale Yum Dvd03~G58~07-3~07 - Solaya (3)}
solaya3072.jpg,158550,0103b263,\Gallery 58\07 - Solaya (3)\,{Shemale Yum Dvd03~G58~07-3~07 - Solaya (3)}
solaya3073.jpg,125550,78787529,\Gallery 58\07 - Solaya (3)\,{Shemale Yum Dvd03~G58~07-3~07 - Solaya (3)}
solaya3074.jpg,118655,074a2d17,\Gallery 58\07 - Solaya (3)\,{Shemale Yum Dvd03~G58~07-3~07 - Solaya (3)}
solaya3075.jpg,112509,b6335fb6,\Gallery 58\07 - Solaya (3)\,{Shemale Yum Dvd03~G58~07-3~07 - Solaya (3)}
solaya3076.jpg,155715,a92077e5,\Gallery 58\07 - Solaya (3)\,{Shemale Yum Dvd03~G58~07-3~07 - Solaya (3)}
solaya3077.jpg,177418,04aea5b6,\Gallery 58\07 - Solaya (3)\,{Shemale Yum Dvd03~G58~07-3~07 - Solaya (3)}
solaya3078.jpg,101819,e79ffcbf,\Gallery 58\07 - Solaya (3)\,{Shemale Yum Dvd03~G58~07-3~07 - Solaya (3)}
solaya3079.jpg,119731,2d7e5155,\Gallery 58\07 - Solaya (3)\,{Shemale Yum Dvd03~G58~07-3~07 - Solaya (3)}
solaya3080.jpg,103823,9526e4ad,\Gallery 58\07 - Solaya (3)\,{Shemale Yum Dvd03~G58~07-3~07 - Solaya (3)}
solaya4001.jpg,154803,f1d10a91,\Gallery 58\07 - Solaya (4)\,{Shemale Yum Dvd03~G58~07-4~07 - Solaya (4)}
solaya4002.jpg,158268,c4982310,\Gallery 58\07 - Solaya (4)\,{Shemale Yum Dvd03~G58~07-4~07 - Solaya (4)}
solaya4003.jpg,146878,652a2602,\Gallery 58\07 - Solaya (4)\,{Shemale Yum Dvd03~G58~07-4~07 - Solaya (4)}
solaya4004.jpg,198017,5dafa9b6,\Gallery 58\07 - Solaya (4)\,{Shemale Yum Dvd03~G58~07-4~07 - Solaya (4)}
solaya4005.jpg,143053,990d37ab,\Gallery 58\07 - Solaya (4)\,{Shemale Yum Dvd03~G58~07-4~07 - Solaya (4)}
solaya4006.jpg,142209,89118097,\Gallery 58\07 - Solaya (4)\,{Shemale Yum Dvd03~G58~07-4~07 - Solaya (4)}
solaya4007.jpg,154006,ff1d5cc9,\Gallery 58\07 - Solaya (4)\,{Shemale Yum Dvd03~G58~07-4~07 - Solaya (4)}
solaya4008.jpg,146224,fd8ab61b,\Gallery 58\07 - Solaya (4)\,{Shemale Yum Dvd03~G58~07-4~07 - Solaya (4)}
solaya4009.jpg,158218,c37b6926,\Gallery 58\07 - Solaya (4)\,{Shemale Yum Dvd03~G58~07-4~07 - Solaya (4)}
solaya4010.jpg,160334,ce7bf730,\Gallery 58\07 - Solaya (4)\,{Shemale Yum Dvd03~G58~07-4~07 - Solaya (4)}
solaya4011.jpg,171510,f2ebbb2c,\Gallery 58\07 - Solaya (4)\,{Shemale Yum Dvd03~G58~07-4~07 - Solaya (4)}
solaya4012.jpg,170528,98f2014d,\Gallery 58\07 - Solaya (4)\,{Shemale Yum Dvd03~G58~07-4~07 - Solaya (4)}
solaya4013.jpg,149397,c95e7cef,\Gallery 58\07 - Solaya (4)\,{Shemale Yum Dvd03~G58~07-4~07 - Solaya (4)}
solaya4014.jpg,147764,e04ea4a3,\Gallery 58\07 - Solaya (4)\,{Shemale Yum Dvd03~G58~07-4~07 - Solaya (4)}
solaya4015.jpg,205639,9eab32a7,\Gallery 58\07 - Solaya (4)\,{Shemale Yum Dvd03~G58~07-4~07 - Solaya (4)}
solaya4016.jpg,211584,24fdd71f,\Gallery 58\07 - Solaya (4)\,{Shemale Yum Dvd03~G58~07-4~07 - Solaya (4)}
solaya4017.jpg,160970,a5613492,\Gallery 58\07 - Solaya (4)\,{Shemale Yum Dvd03~G58~07-4~07 - Solaya (4)}
solaya4018.jpg,153165,412d20f7,\Gallery 58\07 - Solaya (4)\,{Shemale Yum Dvd03~G58~07-4~07 - Solaya (4)}
solaya4019.jpg,157950,8303dcfd,\Gallery 58\07 - Solaya (4)\,{Shemale Yum Dvd03~G58~07-4~07 - Solaya (4)}
solaya4020.jpg,165220,15bf462a,\Gallery 58\07 - Solaya (4)\,{Shemale Yum Dvd03~G58~07-4~07 - Solaya (4)}
solaya4021.jpg,152135,9f109add,\Gallery 58\07 - Solaya (4)\,{Shemale Yum Dvd03~G58~07-4~07 - Solaya (4)}
solaya4022.jpg,142671,5bc8421f,\Gallery 58\07 - Solaya (4)\,{Shemale Yum Dvd03~G58~07-4~07 - Solaya (4)}
solaya4023.jpg,208305,dcb7798b,\Gallery 58\07 - Solaya (4)\,{Shemale Yum Dvd03~G58~07-4~07 - Solaya (4)}
solaya4024.jpg,209533,1edb2dc8,\Gallery 58\07 - Solaya (4)\,{Shemale Yum Dvd03~G58~07-4~07 - Solaya (4)}
solaya4025.jpg,149553,d7c6b25a,\Gallery 58\07 - Solaya (4)\,{Shemale Yum Dvd03~G58~07-4~07 - Solaya (4)}
solaya4026.jpg,164920,99edda0b,\Gallery 58\07 - Solaya (4)\,{Shemale Yum Dvd03~G58~07-4~07 - Solaya (4)}
solaya4027.jpg,146618,ce1a139c,\Gallery 58\07 - Solaya (4)\,{Shemale Yum Dvd03~G58~07-4~07 - Solaya (4)}
solaya4028.jpg,210149,90ad2fd8,\Gallery 58\07 - Solaya (4)\,{Shemale Yum Dvd03~G58~07-4~07 - Solaya (4)}
solaya4029.jpg,143987,817f2e33,\Gallery 58\07 - Solaya (4)\,{Shemale Yum Dvd03~G58~07-4~07 - Solaya (4)}
solaya4030.jpg,166319,cc97a6df,\Gallery 58\07 - Solaya (4)\,{Shemale Yum Dvd03~G58~07-4~07 - Solaya (4)}
solaya4031.jpg,146464,d41e323e,\Gallery 58\07 - Solaya (4)\,{Shemale Yum Dvd03~G58~07-4~07 - Solaya (4)}
solaya4032.jpg,154622,f88de1ee,\Gallery 58\07 - Solaya (4)\,{Shemale Yum Dvd03~G58~07-4~07 - Solaya (4)}
solaya4033.jpg,147517,94da6bbc,\Gallery 58\07 - Solaya (4)\,{Shemale Yum Dvd03~G58~07-4~07 - Solaya (4)}
solaya4034.jpg,192505,c8c2f537,\Gallery 58\07 - Solaya (4)\,{Shemale Yum Dvd03~G58~07-4~07 - Solaya (4)}
solaya4035.jpg,188582,0bccb9b8,\Gallery 58\07 - Solaya (4)\,{Shemale Yum Dvd03~G58~07-4~07 - Solaya (4)}
solaya4036.jpg,207810,60b900bd,\Gallery 58\07 - Solaya (4)\,{Shemale Yum Dvd03~G58~07-4~07 - Solaya (4)}
solaya4037.jpg,144705,c550f54a,\Gallery 58\07 - Solaya (4)\,{Shemale Yum Dvd03~G58~07-4~07 - Solaya (4)}
solaya4038.jpg,128120,a5a2bd0d,\Gallery 58\07 - Solaya (4)\,{Shemale Yum Dvd03~G58~07-4~07 - Solaya (4)}
solaya4039.jpg,170839,524f1a4e,\Gallery 58\07 - Solaya (4)\,{Shemale Yum Dvd03~G58~07-4~07 - Solaya (4)}
solaya4040.jpg,158257,03d4a165,\Gallery 58\07 - Solaya (4)\,{Shemale Yum Dvd03~G58~07-4~07 - Solaya (4)}
solaya4041.jpg,128521,c08b4906,\Gallery 58\07 - Solaya (4)\,{Shemale Yum Dvd03~G58~07-4~07 - Solaya (4)}
solaya4042.jpg,128434,4fecb2d2,\Gallery 58\07 - Solaya (4)\,{Shemale Yum Dvd03~G58~07-4~07 - Solaya (4)}
solaya4043.jpg,133814,403fac2a,\Gallery 58\07 - Solaya (4)\,{Shemale Yum Dvd03~G58~07-4~07 - Solaya (4)}
solaya4044.jpg,205547,972c8024,\Gallery 58\07 - Solaya (4)\,{Shemale Yum Dvd03~G58~07-4~07 - Solaya (4)}
solaya4045.jpg,210731,a39f6cb1,\Gallery 58\07 - Solaya (4)\,{Shemale Yum Dvd03~G58~07-4~07 - Solaya (4)}
solaya4046.jpg,199355,abe467a0,\Gallery 58\07 - Solaya (4)\,{Shemale Yum Dvd03~G58~07-4~07 - Solaya (4)}
solaya4047.jpg,159077,8432876d,\Gallery 58\07 - Solaya (4)\,{Shemale Yum Dvd03~G58~07-4~07 - Solaya (4)}
solaya4048.jpg,160339,d906e30f,\Gallery 58\07 - Solaya (4)\,{Shemale Yum Dvd03~G58~07-4~07 - Solaya (4)}
solaya4049.jpg,191888,1bc81292,\Gallery 58\07 - Solaya (4)\,{Shemale Yum Dvd03~G58~07-4~07 - Solaya (4)}
solaya4050.jpg,191327,4752f504,\Gallery 58\07 - Solaya (4)\,{Shemale Yum Dvd03~G58~07-4~07 - Solaya (4)}
solaya4051.jpg,197664,ce8a66cf,\Gallery 58\07 - Solaya (4)\,{Shemale Yum Dvd03~G58~07-4~07 - Solaya (4)}
solaya4052.jpg,179070,026ca561,\Gallery 58\07 - Solaya (4)\,{Shemale Yum Dvd03~G58~07-4~07 - Solaya (4)}
solaya4053.jpg,198790,4cbb4b00,\Gallery 58\07 - Solaya (4)\,{Shemale Yum Dvd03~G58~07-4~07 - Solaya (4)}
solaya4054.jpg,200489,f2b5625c,\Gallery 58\07 - Solaya (4)\,{Shemale Yum Dvd03~G58~07-4~07 - Solaya (4)}
solaya4055.jpg,172422,fb313e9d,\Gallery 58\07 - Solaya (4)\,{Shemale Yum Dvd03~G58~07-4~07 - Solaya (4)}
solaya4056.jpg,155396,8a3f01e6,\Gallery 58\07 - Solaya (4)\,{Shemale Yum Dvd03~G58~07-4~07 - Solaya (4)}
solaya4057.jpg,157576,024220fe,\Gallery 58\07 - Solaya (4)\,{Shemale Yum Dvd03~G58~07-4~07 - Solaya (4)}
solaya4058.jpg,147192,19d4cc4b,\Gallery 58\07 - Solaya (4)\,{Shemale Yum Dvd03~G58~07-4~07 - Solaya (4)}
solaya4059.jpg,157824,2e4db6ee,\Gallery 58\07 - Solaya (4)\,{Shemale Yum Dvd03~G58~07-4~07 - Solaya (4)}
solaya4060.jpg,160817,15065a0b,\Gallery 58\07 - Solaya (4)\,{Shemale Yum Dvd03~G58~07-4~07 - Solaya (4)}
solaya4061.jpg,173170,f2819208,\Gallery 58\07 - Solaya (4)\,{Shemale Yum Dvd03~G58~07-4~07 - Solaya (4)}
solaya4062.jpg,172625,fbcac1a8,\Gallery 58\07 - Solaya (4)\,{Shemale Yum Dvd03~G58~07-4~07 - Solaya (4)}
solaya4063.jpg,170930,6edd2b8f,\Gallery 58\07 - Solaya (4)\,{Shemale Yum Dvd03~G58~07-4~07 - Solaya (4)}
solaya4064.jpg,167016,637cea29,\Gallery 58\07 - Solaya (4)\,{Shemale Yum Dvd03~G58~07-4~07 - Solaya (4)}
solaya4065.jpg,141621,cc216788,\Gallery 58\07 - Solaya (4)\,{Shemale Yum Dvd03~G58~07-4~07 - Solaya (4)}
solaya4066.jpg,158794,9f8e29de,\Gallery 58\07 - Solaya (4)\,{Shemale Yum Dvd03~G58~07-4~07 - Solaya (4)}
solaya4067.jpg,167666,f5dd394e,\Gallery 58\07 - Solaya (4)\,{Shemale Yum Dvd03~G58~07-4~07 - Solaya (4)}
solaya4068.jpg,160582,18e2ff8b,\Gallery 58\07 - Solaya (4)\,{Shemale Yum Dvd03~G58~07-4~07 - Solaya (4)}
solaya4069.jpg,162926,9266ca74,\Gallery 58\07 - Solaya (4)\,{Shemale Yum Dvd03~G58~07-4~07 - Solaya (4)}
solaya4070.jpg,139516,4768c6ad,\Gallery 58\07 - Solaya (4)\,{Shemale Yum Dvd03~G58~07-4~07 - Solaya (4)}
solaya4071.jpg,208683,f904cec4,\Gallery 58\07 - Solaya (4)\,{Shemale Yum Dvd03~G58~07-4~07 - Solaya (4)}
solaya4072.jpg,210656,df78476b,\Gallery 58\07 - Solaya (4)\,{Shemale Yum Dvd03~G58~07-4~07 - Solaya (4)}
solaya4073.jpg,173058,413a2426,\Gallery 58\07 - Solaya (4)\,{Shemale Yum Dvd03~G58~07-4~07 - Solaya (4)}
solaya4074.jpg,160422,26a77f87,\Gallery 58\07 - Solaya (4)\,{Shemale Yum Dvd03~G58~07-4~07 - Solaya (4)}
solaya4075.jpg,191747,3a835672,\Gallery 58\07 - Solaya (4)\,{Shemale Yum Dvd03~G58~07-4~07 - Solaya (4)}
solaya4076.jpg,147663,1cca017e,\Gallery 58\07 - Solaya (4)\,{Shemale Yum Dvd03~G58~07-4~07 - Solaya (4)}
solaya4077.jpg,148725,2ec84bbd,\Gallery 58\07 - Solaya (4)\,{Shemale Yum Dvd03~G58~07-4~07 - Solaya (4)}
solaya4078.jpg,158374,c5aaaeed,\Gallery 58\07 - Solaya (4)\,{Shemale Yum Dvd03~G58~07-4~07 - Solaya (4)}
solaya4079.jpg,154039,f2f6308d,\Gallery 58\07 - Solaya (4)\,{Shemale Yum Dvd03~G58~07-4~07 - Solaya (4)}
solaya4080.jpg,144891,6153ef33,\Gallery 58\07 - Solaya (4)\,{Shemale Yum Dvd03~G58~07-4~07 - Solaya (4)}
solaya4081.jpg,147315,6b273028,\Gallery 58\07 - Solaya (4)\,{Shemale Yum Dvd03~G58~07-4~07 - Solaya (4)}
solaya4082.jpg,152890,ffe2b248,\Gallery 58\07 - Solaya (4)\,{Shemale Yum Dvd03~G58~07-4~07 - Solaya (4)}
solaya4083.jpg,152081,aea69c89,\Gallery 58\07 - Solaya (4)\,{Shemale Yum Dvd03~G58~07-4~07 - Solaya (4)}
solaya4084.jpg,179060,5b210648,\Gallery 58\07 - Solaya (4)\,{Shemale Yum Dvd03~G58~07-4~07 - Solaya (4)}
solaya4085.jpg,186239,d23eccf2,\Gallery 58\07 - Solaya (4)\,{Shemale Yum Dvd03~G58~07-4~07 - Solaya (4)}
solaya4086.jpg,134770,aa5839d9,\Gallery 58\07 - Solaya (4)\,{Shemale Yum Dvd03~G58~07-4~07 - Solaya (4)}
solaya4087.jpg,197570,6db11496,\Gallery 58\07 - Solaya (4)\,{Shemale Yum Dvd03~G58~07-4~07 - Solaya (4)}
solaya4088.jpg,142682,c442cfbd,\Gallery 58\07 - Solaya (4)\,{Shemale Yum Dvd03~G58~07-4~07 - Solaya (4)}
solaya4089.jpg,148028,8fb983be,\Gallery 58\07 - Solaya (4)\,{Shemale Yum Dvd03~G58~07-4~07 - Solaya (4)}
solaya4090.jpg,150791,6132e619,\Gallery 58\07 - Solaya (4)\,{Shemale Yum Dvd03~G58~07-4~07 - Solaya (4)}
solaya4091.jpg,148132,ebd99197,\Gallery 58\07 - Solaya (4)\,{Shemale Yum Dvd03~G58~07-4~07 - Solaya (4)}
solaya4092.jpg,140015,ea2872ef,\Gallery 58\07 - Solaya (4)\,{Shemale Yum Dvd03~G58~07-4~07 - Solaya (4)}
solaya4093.jpg,135694,057841f9,\Gallery 58\07 - Solaya (4)\,{Shemale Yum Dvd03~G58~07-4~07 - Solaya (4)}
solaya4094.jpg,194659,9e46ca80,\Gallery 58\07 - Solaya (4)\,{Shemale Yum Dvd03~G58~07-4~07 - Solaya (4)}
solaya4095.jpg,147311,0e7783a0,\Gallery 58\07 - Solaya (4)\,{Shemale Yum Dvd03~G58~07-4~07 - Solaya (4)}
solaya4096.jpg,141511,9cb7e048,\Gallery 58\07 - Solaya (4)\,{Shemale Yum Dvd03~G58~07-4~07 - Solaya (4)}
solaya4097.jpg,137085,a8f1540c,\Gallery 58\07 - Solaya (4)\,{Shemale Yum Dvd03~G58~07-4~07 - Solaya (4)}
solaya4098.jpg,134239,a9727308,\Gallery 58\07 - Solaya (4)\,{Shemale Yum Dvd03~G58~07-4~07 - Solaya (4)}
solaya4099.jpg,134762,5ad8b377,\Gallery 58\07 - Solaya (4)\,{Shemale Yum Dvd03~G58~07-4~07 - Solaya (4)}
solaya4100.jpg,142686,c7943cae,\Gallery 58\07 - Solaya (4)\,{Shemale Yum Dvd03~G58~07-4~07 - Solaya (4)}
solaya4101.jpg,142828,cfe4f1b0,\Gallery 58\07 - Solaya (4)\,{Shemale Yum Dvd03~G58~07-4~07 - Solaya (4)}
solaya4102.jpg,139981,d9edecf0,\Gallery 58\07 - Solaya (4)\,{Shemale Yum Dvd03~G58~07-4~07 - Solaya (4)}
solaya4103.jpg,180270,c85c9aa0,\Gallery 58\07 - Solaya (4)\,{Shemale Yum Dvd03~G58~07-4~07 - Solaya (4)}
solaya4104.jpg,201770,9cbb7037,\Gallery 58\07 - Solaya (4)\,{Shemale Yum Dvd03~G58~07-4~07 - Solaya (4)}
solaya4105.jpg,189587,871e000b,\Gallery 58\07 - Solaya (4)\,{Shemale Yum Dvd03~G58~07-4~07 - Solaya (4)}
solaya4106.jpg,172944,deb1f40e,\Gallery 58\07 - Solaya (4)\,{Shemale Yum Dvd03~G58~07-4~07 - Solaya (4)}
solaya4107.jpg,154666,8dc78c2a,\Gallery 58\07 - Solaya (4)\,{Shemale Yum Dvd03~G58~07-4~07 - Solaya (4)}
solaya4108.jpg,160677,92fe148b,\Gallery 58\07 - Solaya (4)\,{Shemale Yum Dvd03~G58~07-4~07 - Solaya (4)}
solaya4109.jpg,146182,ade342d5,\Gallery 58\07 - Solaya (4)\,{Shemale Yum Dvd03~G58~07-4~07 - Solaya (4)}
solaya4110.jpg,153395,a2974a43,\Gallery 58\07 - Solaya (4)\,{Shemale Yum Dvd03~G58~07-4~07 - Solaya (4)}
solaya4111.jpg,151798,1dc998f7,\Gallery 58\07 - Solaya (4)\,{Shemale Yum Dvd03~G58~07-4~07 - Solaya (4)}
solaya4112.jpg,151731,7522a3f0,\Gallery 58\07 - Solaya (4)\,{Shemale Yum Dvd03~G58~07-4~07 - Solaya (4)}
solaya4113.jpg,154618,791601e0,\Gallery 58\07 - Solaya (4)\,{Shemale Yum Dvd03~G58~07-4~07 - Solaya (4)}
solaya4114.jpg,154083,e02d41fe,\Gallery 58\07 - Solaya (4)\,{Shemale Yum Dvd03~G58~07-4~07 - Solaya (4)}
solaya4115.jpg,195231,2294c3cf,\Gallery 58\07 - Solaya (4)\,{Shemale Yum Dvd03~G58~07-4~07 - Solaya (4)}
solaya4116.jpg,126915,d9cb969e,\Gallery 58\07 - Solaya (4)\,{Shemale Yum Dvd03~G58~07-4~07 - Solaya (4)}
solaya4117.jpg,136305,3c36f54e,\Gallery 58\07 - Solaya (4)\,{Shemale Yum Dvd03~G58~07-4~07 - Solaya (4)}
solaya4118.jpg,133450,05cbbf71,\Gallery 58\07 - Solaya (4)\,{Shemale Yum Dvd03~G58~07-4~07 - Solaya (4)}
solaya4119.jpg,128804,88cd9da1,\Gallery 58\07 - Solaya (4)\,{Shemale Yum Dvd03~G58~07-4~07 - Solaya (4)}
solaya4120.jpg,130503,44b03f2d,\Gallery 58\07 - Solaya (4)\,{Shemale Yum Dvd03~G58~07-4~07 - Solaya (4)}
solaya4121.jpg,186971,5cd36daf,\Gallery 58\07 - Solaya (4)\,{Shemale Yum Dvd03~G58~07-4~07 - Solaya (4)}
solaya4122.jpg,135451,fa459d7b,\Gallery 58\07 - Solaya (4)\,{Shemale Yum Dvd03~G58~07-4~07 - Solaya (4)}
solaya4123.jpg,141481,ee9a8b7c,\Gallery 58\07 - Solaya (4)\,{Shemale Yum Dvd03~G58~07-4~07 - Solaya (4)}
solaya4124.jpg,188728,5f043d50,\Gallery 58\07 - Solaya (4)\,{Shemale Yum Dvd03~G58~07-4~07 - Solaya (4)}
solaya4125.jpg,187875,53e3b968,\Gallery 58\07 - Solaya (4)\,{Shemale Yum Dvd03~G58~07-4~07 - Solaya (4)}
solaya4126.jpg,133047,fca3c01e,\Gallery 58\07 - Solaya (4)\,{Shemale Yum Dvd03~G58~07-4~07 - Solaya (4)}
solaya4127.jpg,192463,b53e8485,\Gallery 58\07 - Solaya (4)\,{Shemale Yum Dvd03~G58~07-4~07 - Solaya (4)}
solaya4128.jpg,209812,e90ce6c5,\Gallery 58\07 - Solaya (4)\,{Shemale Yum Dvd03~G58~07-4~07 - Solaya (4)}
solaya4129.jpg,170654,9aa3e76e,\Gallery 58\07 - Solaya (4)\,{Shemale Yum Dvd03~G58~07-4~07 - Solaya (4)}
solaya4130.jpg,195862,b05c72bd,\Gallery 58\07 - Solaya (4)\,{Shemale Yum Dvd03~G58~07-4~07 - Solaya (4)}
solaya4131.jpg,195161,3227e401,\Gallery 58\07 - Solaya (4)\,{Shemale Yum Dvd03~G58~07-4~07 - Solaya (4)}
solaya4132.jpg,189046,6139cf2f,\Gallery 58\07 - Solaya (4)\,{Shemale Yum Dvd03~G58~07-4~07 - Solaya (4)}
solaya4133.jpg,198845,9a77d4f7,\Gallery 58\07 - Solaya (4)\,{Shemale Yum Dvd03~G58~07-4~07 - Solaya (4)}
solaya4134.jpg,166643,354eb385,\Gallery 58\07 - Solaya (4)\,{Shemale Yum Dvd03~G58~07-4~07 - Solaya (4)}
solaya4135.jpg,164441,30bde3e6,\Gallery 58\07 - Solaya (4)\,{Shemale Yum Dvd03~G58~07-4~07 - Solaya (4)}
solaya4136.jpg,167613,fbae19c6,\Gallery 58\07 - Solaya (4)\,{Shemale Yum Dvd03~G58~07-4~07 - Solaya (4)}
solaya4137.jpg,180370,78da12de,\Gallery 58\07 - Solaya (4)\,{Shemale Yum Dvd03~G58~07-4~07 - Solaya (4)}
solaya4138.jpg,188120,7e1621bf,\Gallery 58\07 - Solaya (4)\,{Shemale Yum Dvd03~G58~07-4~07 - Solaya (4)}
solaya4139.jpg,171295,48c15b15,\Gallery 58\07 - Solaya (4)\,{Shemale Yum Dvd03~G58~07-4~07 - Solaya (4)}
solaya4140.jpg,206547,774df94c,\Gallery 58\07 - Solaya (4)\,{Shemale Yum Dvd03~G58~07-4~07 - Solaya (4)}
solaya4141.jpg,183621,65dac40a,\Gallery 58\07 - Solaya (4)\,{Shemale Yum Dvd03~G58~07-4~07 - Solaya (4)}
solaya4142.jpg,185201,df26c7a8,\Gallery 58\07 - Solaya (4)\,{Shemale Yum Dvd03~G58~07-4~07 - Solaya (4)}
solaya4143.jpg,135331,c7cb818c,\Gallery 58\07 - Solaya (4)\,{Shemale Yum Dvd03~G58~07-4~07 - Solaya (4)}
solaya4144.jpg,137223,149e8d55,\Gallery 58\07 - Solaya (4)\,{Shemale Yum Dvd03~G58~07-4~07 - Solaya (4)}
solaya4145.jpg,177748,56d168d4,\Gallery 58\07 - Solaya (4)\,{Shemale Yum Dvd03~G58~07-4~07 - Solaya (4)}
solaya4146.jpg,180505,2eaef77c,\Gallery 58\07 - Solaya (4)\,{Shemale Yum Dvd03~G58~07-4~07 - Solaya (4)}
solaya4147.jpg,169962,89c52d88,\Gallery 58\07 - Solaya (4)\,{Shemale Yum Dvd03~G58~07-4~07 - Solaya (4)}
solaya4148.jpg,169669,0bca89c6,\Gallery 58\07 - Solaya (4)\,{Shemale Yum Dvd03~G58~07-4~07 - Solaya (4)}
solaya4149.jpg,157455,f0e79c6a,\Gallery 58\07 - Solaya (4)\,{Shemale Yum Dvd03~G58~07-4~07 - Solaya (4)}
solaya4150.jpg,163353,abf41e76,\Gallery 58\07 - Solaya (4)\,{Shemale Yum Dvd03~G58~07-4~07 - Solaya (4)}
solaya4151.jpg,165587,45bfeda8,\Gallery 58\07 - Solaya (4)\,{Shemale Yum Dvd03~G58~07-4~07 - Solaya (4)}
solaya4152.jpg,166920,181e593b,\Gallery 58\07 - Solaya (4)\,{Shemale Yum Dvd03~G58~07-4~07 - Solaya (4)}
solaya4153.jpg,170892,2a7999ca,\Gallery 58\07 - Solaya (4)\,{Shemale Yum Dvd03~G58~07-4~07 - Solaya (4)}
solaya4154.jpg,174163,ec7db8e2,\Gallery 58\07 - Solaya (4)\,{Shemale Yum Dvd03~G58~07-4~07 - Solaya (4)}
kim2001.jpg,127305,039f273c,\Gallery 58\08 - Kim\,{Shemale Yum Dvd03~G58~08~08 - Kim}
kim2002.jpg,135454,1eea2b32,\Gallery 58\08 - Kim\,{Shemale Yum Dvd03~G58~08~08 - Kim}
kim2003.jpg,157135,353b3fb2,\Gallery 58\08 - Kim\,{Shemale Yum Dvd03~G58~08~08 - Kim}
kim2004.jpg,134891,1e957c49,\Gallery 58\08 - Kim\,{Shemale Yum Dvd03~G58~08~08 - Kim}
kim2005.jpg,136607,575904e7,\Gallery 58\08 - Kim\,{Shemale Yum Dvd03~G58~08~08 - Kim}
kim2006.jpg,137630,c5e4bd2a,\Gallery 58\08 - Kim\,{Shemale Yum Dvd03~G58~08~08 - Kim}
kim2007.jpg,145546,41c8bc39,\Gallery 58\08 - Kim\,{Shemale Yum Dvd03~G58~08~08 - Kim}
kim2008.jpg,127202,a882a33b,\Gallery 58\08 - Kim\,{Shemale Yum Dvd03~G58~08~08 - Kim}
kim2009.jpg,143615,74bc9a3d,\Gallery 58\08 - Kim\,{Shemale Yum Dvd03~G58~08~08 - Kim}
kim2010.jpg,155862,1d256682,\Gallery 58\08 - Kim\,{Shemale Yum Dvd03~G58~08~08 - Kim}
kim2011.jpg,145038,dfb47943,\Gallery 58\08 - Kim\,{Shemale Yum Dvd03~G58~08~08 - Kim}
kim2012.jpg,144018,50822436,\Gallery 58\08 - Kim\,{Shemale Yum Dvd03~G58~08~08 - Kim}
kim2013.jpg,149856,e1ef2d25,\Gallery 58\08 - Kim\,{Shemale Yum Dvd03~G58~08~08 - Kim}
kim2014.jpg,149341,18279249,\Gallery 58\08 - Kim\,{Shemale Yum Dvd03~G58~08~08 - Kim}
kim2016.jpg,149314,d98d2fd9,\Gallery 58\08 - Kim\,{Shemale Yum Dvd03~G58~08~08 - Kim}
kim2017.jpg,137014,f4d37d99,\Gallery 58\08 - Kim\,{Shemale Yum Dvd03~G58~08~08 - Kim}
kim2018.jpg,116848,ecd8bb07,\Gallery 58\08 - Kim\,{Shemale Yum Dvd03~G58~08~08 - Kim}
kim2019.jpg,137811,fd767fbd,\Gallery 58\08 - Kim\,{Shemale Yum Dvd03~G58~08~08 - Kim}
kim2020.jpg,156615,f1720bee,\Gallery 58\08 - Kim\,{Shemale Yum Dvd03~G58~08~08 - Kim}
kim2021.jpg,132580,ed84947e,\Gallery 58\08 - Kim\,{Shemale Yum Dvd03~G58~08~08 - Kim}
kim2022.jpg,152663,536c05d4,\Gallery 58\08 - Kim\,{Shemale Yum Dvd03~G58~08~08 - Kim}
kim2023.jpg,166260,2c10ae88,\Gallery 58\08 - Kim\,{Shemale Yum Dvd03~G58~08~08 - Kim}
kim2024.jpg,140975,35148f4a,\Gallery 58\08 - Kim\,{Shemale Yum Dvd03~G58~08~08 - Kim}
kim2025.jpg,136719,7f740f43,\Gallery 58\08 - Kim\,{Shemale Yum Dvd03~G58~08~08 - Kim}
kim2026.jpg,154730,91514c03,\Gallery 58\08 - Kim\,{Shemale Yum Dvd03~G58~08~08 - Kim}
kim2027.jpg,129228,b44068e9,\Gallery 58\08 - Kim\,{Shemale Yum Dvd03~G58~08~08 - Kim}
kim2028.jpg,132756,dda94cfa,\Gallery 58\08 - Kim\,{Shemale Yum Dvd03~G58~08~08 - Kim}
kim2029.jpg,145277,f6254b46,\Gallery 58\08 - Kim\,{Shemale Yum Dvd03~G58~08~08 - Kim}
kim2030.jpg,122944,58dc72e2,\Gallery 58\08 - Kim\,{Shemale Yum Dvd03~G58~08~08 - Kim}
kim2031.jpg,131886,8bf55c09,\Gallery 58\08 - Kim\,{Shemale Yum Dvd03~G58~08~08 - Kim}
kim2032.jpg,122690,9bc12897,\Gallery 58\08 - Kim\,{Shemale Yum Dvd03~G58~08~08 - Kim}
kim2033.jpg,133049,ed4e09c4,\Gallery 58\08 - Kim\,{Shemale Yum Dvd03~G58~08~08 - Kim}
kim2034.jpg,123357,dea0c48a,\Gallery 58\08 - Kim\,{Shemale Yum Dvd03~G58~08~08 - Kim}
kim2035.jpg,136477,9b8b67d6,\Gallery 58\08 - Kim\,{Shemale Yum Dvd03~G58~08~08 - Kim}
kim2036.jpg,146277,cea376aa,\Gallery 58\08 - Kim\,{Shemale Yum Dvd03~G58~08~08 - Kim}
kim2037.jpg,166797,f1298954,\Gallery 58\08 - Kim\,{Shemale Yum Dvd03~G58~08~08 - Kim}
kim2038.jpg,160119,9836e012,\Gallery 58\08 - Kim\,{Shemale Yum Dvd03~G58~08~08 - Kim}
kim2039.jpg,171620,6857473f,\Gallery 58\08 - Kim\,{Shemale Yum Dvd03~G58~08~08 - Kim}
kim2040.jpg,161926,655dc21e,\Gallery 58\08 - Kim\,{Shemale Yum Dvd03~G58~08~08 - Kim}
kim2041.jpg,161304,66adc895,\Gallery 58\08 - Kim\,{Shemale Yum Dvd03~G58~08~08 - Kim}
kim2042.jpg,163032,f145c13f,\Gallery 58\08 - Kim\,{Shemale Yum Dvd03~G58~08~08 - Kim}
kim2043.jpg,182669,aae3d001,\Gallery 58\08 - Kim\,{Shemale Yum Dvd03~G58~08~08 - Kim}
kim2044.jpg,150328,19051049,\Gallery 58\08 - Kim\,{Shemale Yum Dvd03~G58~08~08 - Kim}
kim2045.jpg,151592,41eed874,\Gallery 58\08 - Kim\,{Shemale Yum Dvd03~G58~08~08 - Kim}
kim2046.jpg,170593,43feff18,\Gallery 58\08 - Kim\,{Shemale Yum Dvd03~G58~08~08 - Kim}
kim2047.jpg,150934,29a50f7c,\Gallery 58\08 - Kim\,{Shemale Yum Dvd03~G58~08~08 - Kim}
kim2048.jpg,151932,1659eda9,\Gallery 58\08 - Kim\,{Shemale Yum Dvd03~G58~08~08 - Kim}
kim2049.jpg,142094,cbe2be42,\Gallery 58\08 - Kim\,{Shemale Yum Dvd03~G58~08~08 - Kim}
kim2050.jpg,138560,57cad84d,\Gallery 58\08 - Kim\,{Shemale Yum Dvd03~G58~08~08 - Kim}
kim2051.jpg,134910,aa3d9003,\Gallery 58\08 - Kim\,{Shemale Yum Dvd03~G58~08~08 - Kim}
kim2052.jpg,183673,0388cb53,\Gallery 58\08 - Kim\,{Shemale Yum Dvd03~G58~08~08 - Kim}
kim2053.jpg,129019,6a1b93d7,\Gallery 58\08 - Kim\,{Shemale Yum Dvd03~G58~08~08 - Kim}
kim2054.jpg,128414,71efb7f1,\Gallery 58\08 - Kim\,{Shemale Yum Dvd03~G58~08~08 - Kim}
kim2055.jpg,155435,76a405e3,\Gallery 58\08 - Kim\,{Shemale Yum Dvd03~G58~08~08 - Kim}
kim2057.jpg,137454,bb0cd7c2,\Gallery 58\08 - Kim\,{Shemale Yum Dvd03~G58~08~08 - Kim}
kim2058.jpg,132649,ea024983,\Gallery 58\08 - Kim\,{Shemale Yum Dvd03~G58~08~08 - Kim}
kim2059.jpg,126184,bc48dfb9,\Gallery 58\08 - Kim\,{Shemale Yum Dvd03~G58~08~08 - Kim}
kim2060.jpg,126781,f0f8420f,\Gallery 58\08 - Kim\,{Shemale Yum Dvd03~G58~08~08 - Kim}
kim2061.jpg,143358,980c3e66,\Gallery 58\08 - Kim\,{Shemale Yum Dvd03~G58~08~08 - Kim}
kim2062.jpg,129934,bcb53f95,\Gallery 58\08 - Kim\,{Shemale Yum Dvd03~G58~08~08 - Kim}
kim2063.jpg,140563,5d487774,\Gallery 58\08 - Kim\,{Shemale Yum Dvd03~G58~08~08 - Kim}
kim2064.jpg,117773,22526cec,\Gallery 58\08 - Kim\,{Shemale Yum Dvd03~G58~08~08 - Kim}
kim2065.jpg,143415,6f5ac022,\Gallery 58\08 - Kim\,{Shemale Yum Dvd03~G58~08~08 - Kim}
kim2066.jpg,137299,6ffe7831,\Gallery 58\08 - Kim\,{Shemale Yum Dvd03~G58~08~08 - Kim}
kim2067.jpg,141498,f36ba2d9,\Gallery 58\08 - Kim\,{Shemale Yum Dvd03~G58~08~08 - Kim}
kim2068.jpg,136066,6c3138d5,\Gallery 58\08 - Kim\,{Shemale Yum Dvd03~G58~08~08 - Kim}
kim2069.jpg,145887,c2517192,\Gallery 58\08 - Kim\,{Shemale Yum Dvd03~G58~08~08 - Kim}
kim2070.jpg,142561,0267f129,\Gallery 58\08 - Kim\,{Shemale Yum Dvd03~G58~08~08 - Kim}
kim2071.jpg,151340,c6dbc384,\Gallery 58\08 - Kim\,{Shemale Yum Dvd03~G58~08~08 - Kim}
kim2072.jpg,160736,b06db96f,\Gallery 58\08 - Kim\,{Shemale Yum Dvd03~G58~08~08 - Kim}
kim2074.jpg,154755,7bf506a2,\Gallery 58\08 - Kim\,{Shemale Yum Dvd03~G58~08~08 - Kim}
kim2075.jpg,145647,eac3af79,\Gallery 58\08 - Kim\,{Shemale Yum Dvd03~G58~08~08 - Kim}
kim2076.jpg,164493,e2f69563,\Gallery 58\08 - Kim\,{Shemale Yum Dvd03~G58~08~08 - Kim}
kim2077.jpg,148333,62b4231d,\Gallery 58\08 - Kim\,{Shemale Yum Dvd03~G58~08~08 - Kim}
kim2078.jpg,143995,a52131af,\Gallery 58\08 - Kim\,{Shemale Yum Dvd03~G58~08~08 - Kim}
kim2079.jpg,139301,d2cda8b1,\Gallery 58\08 - Kim\,{Shemale Yum Dvd03~G58~08~08 - Kim}
kim2080.jpg,132797,fa0917a1,\Gallery 58\08 - Kim\,{Shemale Yum Dvd03~G58~08~08 - Kim}
kim2081.jpg,152776,99a93521,\Gallery 58\08 - Kim\,{Shemale Yum Dvd03~G58~08~08 - Kim}
kim2082.jpg,147654,23e923a2,\Gallery 58\08 - Kim\,{Shemale Yum Dvd03~G58~08~08 - Kim}
kim2083.jpg,156565,1cc00d54,\Gallery 58\08 - Kim\,{Shemale Yum Dvd03~G58~08~08 - Kim}
kim2084.jpg,143318,e820a2c7,\Gallery 58\08 - Kim\,{Shemale Yum Dvd03~G58~08~08 - Kim}
kim2085.jpg,131327,7b7ab4fc,\Gallery 58\08 - Kim\,{Shemale Yum Dvd03~G58~08~08 - Kim}
kim2086.jpg,152182,03fecdc8,\Gallery 58\08 - Kim\,{Shemale Yum Dvd03~G58~08~08 - Kim}
kim2087.jpg,130132,6a352773,\Gallery 58\08 - Kim\,{Shemale Yum Dvd03~G58~08~08 - Kim}
kim2088.jpg,134719,07177342,\Gallery 58\08 - Kim\,{Shemale Yum Dvd03~G58~08~08 - Kim}
kim2089.jpg,152835,2fdbf6b0,\Gallery 58\08 - Kim\,{Shemale Yum Dvd03~G58~08~08 - Kim}
kim2090.jpg,137769,2812783e,\Gallery 58\08 - Kim\,{Shemale Yum Dvd03~G58~08~08 - Kim}
kim2091.jpg,146609,a19d80d9,\Gallery 58\08 - Kim\,{Shemale Yum Dvd03~G58~08~08 - Kim}
kim2093.jpg,173709,0a6f2857,\Gallery 58\08 - Kim\,{Shemale Yum Dvd03~G58~08~08 - Kim}
kim2094.jpg,160598,fa2fbf9a,\Gallery 58\08 - Kim\,{Shemale Yum Dvd03~G58~08~08 - Kim}
kim2095.jpg,155829,9218cd91,\Gallery 58\08 - Kim\,{Shemale Yum Dvd03~G58~08~08 - Kim}
kim2096.jpg,155796,0e0f76d0,\Gallery 58\08 - Kim\,{Shemale Yum Dvd03~G58~08~08 - Kim}
kim2098.jpg,149761,90a4d95e,\Gallery 58\08 - Kim\,{Shemale Yum Dvd03~G58~08~08 - Kim}
kim2101.jpg,156589,3ad19043,\Gallery 58\08 - Kim\,{Shemale Yum Dvd03~G58~08~08 - Kim}
kim2102.jpg,151815,b1c0e938,\Gallery 58\08 - Kim\,{Shemale Yum Dvd03~G58~08~08 - Kim}
kim2103.jpg,164771,e474e89b,\Gallery 58\08 - Kim\,{Shemale Yum Dvd03~G58~08~08 - Kim}
kim2104.jpg,164301,c2cb18fc,\Gallery 58\08 - Kim\,{Shemale Yum Dvd03~G58~08~08 - Kim}
kim2105.jpg,154377,c5279e94,\Gallery 58\08 - Kim\,{Shemale Yum Dvd03~G58~08~08 - Kim}
kim2106.jpg,140990,ec045e82,\Gallery 58\08 - Kim\,{Shemale Yum Dvd03~G58~08~08 - Kim}
kim2107.jpg,137976,3e6d4e5a,\Gallery 58\08 - Kim\,{Shemale Yum Dvd03~G58~08~08 - Kim}
kim2108.jpg,153136,c07070dd,\Gallery 58\08 - Kim\,{Shemale Yum Dvd03~G58~08~08 - Kim}
kim2109.jpg,170577,84dd3930,\Gallery 58\08 - Kim\,{Shemale Yum Dvd03~G58~08~08 - Kim}
kim2110.jpg,113674,1f551123,\Gallery 58\08 - Kim\,{Shemale Yum Dvd03~G58~08~08 - Kim}
kim2111.jpg,105572,e01692e9,\Gallery 58\08 - Kim\,{Shemale Yum Dvd03~G58~08~08 - Kim}
kim2112.jpg,125436,9f055750,\Gallery 58\08 - Kim\,{Shemale Yum Dvd03~G58~08~08 - Kim}
kim2113.jpg,116188,da4cebf0,\Gallery 58\08 - Kim\,{Shemale Yum Dvd03~G58~08~08 - Kim}
kim2114.jpg,113096,a4133b09,\Gallery 58\08 - Kim\,{Shemale Yum Dvd03~G58~08~08 - Kim}
kim2115.jpg,117227,9beb84f5,\Gallery 58\08 - Kim\,{Shemale Yum Dvd03~G58~08~08 - Kim}
kim2116.jpg,115922,f8161577,\Gallery 58\08 - Kim\,{Shemale Yum Dvd03~G58~08~08 - Kim}
kim2117.jpg,113997,c4f849a0,\Gallery 58\08 - Kim\,{Shemale Yum Dvd03~G58~08~08 - Kim}
kim2118.jpg,122884,115ab002,\Gallery 58\08 - Kim\,{Shemale Yum Dvd03~G58~08~08 - Kim}
kim2119.jpg,125016,27afa5f6,\Gallery 58\08 - Kim\,{Shemale Yum Dvd03~G58~08~08 - Kim}
kim2120.jpg,102422,6408805d,\Gallery 58\08 - Kim\,{Shemale Yum Dvd03~G58~08~08 - Kim}
kim2121.jpg,106645,2005600c,\Gallery 58\08 - Kim\,{Shemale Yum Dvd03~G58~08~08 - Kim}
kim2122.jpg,100252,c308e657,\Gallery 58\08 - Kim\,{Shemale Yum Dvd03~G58~08~08 - Kim}
kim2123.jpg,91360,6e162ffa,\Gallery 58\08 - Kim\,{Shemale Yum Dvd03~G58~08~08 - Kim}
kim1001.jpg,145315,6462befe,\Gallery 58\08 - Kim (2)\,{Shemale Yum Dvd03~G58~08-2~08 - Kim (2)}
kim1002.jpg,161688,19d1c7ac,\Gallery 58\08 - Kim (2)\,{Shemale Yum Dvd03~G58~08-2~08 - Kim (2)}
kim1003.jpg,144453,c26a04d7,\Gallery 58\08 - Kim (2)\,{Shemale Yum Dvd03~G58~08-2~08 - Kim (2)}
kim1004.jpg,150515,24ea9883,\Gallery 58\08 - Kim (2)\,{Shemale Yum Dvd03~G58~08-2~08 - Kim (2)}
kim1005.jpg,152928,0c4485e3,\Gallery 58\08 - Kim (2)\,{Shemale Yum Dvd03~G58~08-2~08 - Kim (2)}
kim1006.jpg,170066,f62834a2,\Gallery 58\08 - Kim (2)\,{Shemale Yum Dvd03~G58~08-2~08 - Kim (2)}
kim1007.jpg,165888,e33f16fe,\Gallery 58\08 - Kim (2)\,{Shemale Yum Dvd03~G58~08-2~08 - Kim (2)}
kim1008.jpg,151337,4e4fb73f,\Gallery 58\08 - Kim (2)\,{Shemale Yum Dvd03~G58~08-2~08 - Kim (2)}
kim1009.jpg,159452,80b66c63,\Gallery 58\08 - Kim (2)\,{Shemale Yum Dvd03~G58~08-2~08 - Kim (2)}
kim1010.jpg,150773,64652db1,\Gallery 58\08 - Kim (2)\,{Shemale Yum Dvd03~G58~08-2~08 - Kim (2)}
kim1011.jpg,169520,0c8147bc,\Gallery 58\08 - Kim (2)\,{Shemale Yum Dvd03~G58~08-2~08 - Kim (2)}
kim1012.jpg,124334,2829a325,\Gallery 58\08 - Kim (2)\,{Shemale Yum Dvd03~G58~08-2~08 - Kim (2)}
kim1013.jpg,125519,405ec92d,\Gallery 58\08 - Kim (2)\,{Shemale Yum Dvd03~G58~08-2~08 - Kim (2)}
kim1014.jpg,144654,3e2ddf74,\Gallery 58\08 - Kim (2)\,{Shemale Yum Dvd03~G58~08-2~08 - Kim (2)}
kim1015.jpg,155785,70f70c4d,\Gallery 58\08 - Kim (2)\,{Shemale Yum Dvd03~G58~08-2~08 - Kim (2)}
kim1016.jpg,177835,6a6b7009,\Gallery 58\08 - Kim (2)\,{Shemale Yum Dvd03~G58~08-2~08 - Kim (2)}
kim1017.jpg,144932,1e2bc07a,\Gallery 58\08 - Kim (2)\,{Shemale Yum Dvd03~G58~08-2~08 - Kim (2)}
kim1018.jpg,140579,3c7de3cc,\Gallery 58\08 - Kim (2)\,{Shemale Yum Dvd03~G58~08-2~08 - Kim (2)}
kim1019.jpg,168008,8a69b2a0,\Gallery 58\08 - Kim (2)\,{Shemale Yum Dvd03~G58~08-2~08 - Kim (2)}
kim1020.jpg,160830,8f55b818,\Gallery 58\08 - Kim (2)\,{Shemale Yum Dvd03~G58~08-2~08 - Kim (2)}
kim1021.jpg,155554,a9553837,\Gallery 58\08 - Kim (2)\,{Shemale Yum Dvd03~G58~08-2~08 - Kim (2)}
kim1022.jpg,176891,e24bb68d,\Gallery 58\08 - Kim (2)\,{Shemale Yum Dvd03~G58~08-2~08 - Kim (2)}
kim1023.jpg,153904,b20a67dc,\Gallery 58\08 - Kim (2)\,{Shemale Yum Dvd03~G58~08-2~08 - Kim (2)}
kim1024.jpg,175202,ece0a8b8,\Gallery 58\08 - Kim (2)\,{Shemale Yum Dvd03~G58~08-2~08 - Kim (2)}
kim1025.jpg,174667,70c2eb59,\Gallery 58\08 - Kim (2)\,{Shemale Yum Dvd03~G58~08-2~08 - Kim (2)}
kim1026.jpg,150745,301fc207,\Gallery 58\08 - Kim (2)\,{Shemale Yum Dvd03~G58~08-2~08 - Kim (2)}
kim1027.jpg,150675,e15e5abe,\Gallery 58\08 - Kim (2)\,{Shemale Yum Dvd03~G58~08-2~08 - Kim (2)}
kim1028.jpg,164684,4139244d,\Gallery 58\08 - Kim (2)\,{Shemale Yum Dvd03~G58~08-2~08 - Kim (2)}
kim1029.jpg,141037,e534c371,\Gallery 58\08 - Kim (2)\,{Shemale Yum Dvd03~G58~08-2~08 - Kim (2)}
kim1030.jpg,136454,f4ad83a6,\Gallery 58\08 - Kim (2)\,{Shemale Yum Dvd03~G58~08-2~08 - Kim (2)}
kim1031.jpg,174380,e8d464d0,\Gallery 58\08 - Kim (2)\,{Shemale Yum Dvd03~G58~08-2~08 - Kim (2)}
kim1032.jpg,158571,ea371d28,\Gallery 58\08 - Kim (2)\,{Shemale Yum Dvd03~G58~08-2~08 - Kim (2)}
kim1033.jpg,156358,c82e7868,\Gallery 58\08 - Kim (2)\,{Shemale Yum Dvd03~G58~08-2~08 - Kim (2)}
kim1034.jpg,156160,0deafb60,\Gallery 58\08 - Kim (2)\,{Shemale Yum Dvd03~G58~08-2~08 - Kim (2)}
kim1035.jpg,175916,76f8149a,\Gallery 58\08 - Kim (2)\,{Shemale Yum Dvd03~G58~08-2~08 - Kim (2)}
kim1036.jpg,175232,d4ba9078,\Gallery 58\08 - Kim (2)\,{Shemale Yum Dvd03~G58~08-2~08 - Kim (2)}
kim1037.jpg,178055,d98545a5,\Gallery 58\08 - Kim (2)\,{Shemale Yum Dvd03~G58~08-2~08 - Kim (2)}
kim1038.jpg,166767,4395e4be,\Gallery 58\08 - Kim (2)\,{Shemale Yum Dvd03~G58~08-2~08 - Kim (2)}
kim1039.jpg,183227,af1b47d9,\Gallery 58\08 - Kim (2)\,{Shemale Yum Dvd03~G58~08-2~08 - Kim (2)}
kim1040.jpg,171836,45047aee,\Gallery 58\08 - Kim (2)\,{Shemale Yum Dvd03~G58~08-2~08 - Kim (2)}
kim1041.jpg,166773,7f9d6190,\Gallery 58\08 - Kim (2)\,{Shemale Yum Dvd03~G58~08-2~08 - Kim (2)}
kim1042.jpg,187731,84eaec8b,\Gallery 58\08 - Kim (2)\,{Shemale Yum Dvd03~G58~08-2~08 - Kim (2)}
kim1043.jpg,187254,72e27425,\Gallery 58\08 - Kim (2)\,{Shemale Yum Dvd03~G58~08-2~08 - Kim (2)}
kim1044.jpg,179160,e27b72cd,\Gallery 58\08 - Kim (2)\,{Shemale Yum Dvd03~G58~08-2~08 - Kim (2)}
kim1045.jpg,135466,88dbe94a,\Gallery 58\08 - Kim (2)\,{Shemale Yum Dvd03~G58~08-2~08 - Kim (2)}
kim1046.jpg,159742,9f904460,\Gallery 58\08 - Kim (2)\,{Shemale Yum Dvd03~G58~08-2~08 - Kim (2)}
kim1047.jpg,141587,e2f58fb5,\Gallery 58\08 - Kim (2)\,{Shemale Yum Dvd03~G58~08-2~08 - Kim (2)}
kim1048.jpg,145266,b70a3548,\Gallery 58\08 - Kim (2)\,{Shemale Yum Dvd03~G58~08-2~08 - Kim (2)}
kim1049.jpg,131937,50f926c5,\Gallery 58\08 - Kim (2)\,{Shemale Yum Dvd03~G58~08-2~08 - Kim (2)}
kim1050.jpg,135953,732e0e57,\Gallery 58\08 - Kim (2)\,{Shemale Yum Dvd03~G58~08-2~08 - Kim (2)}
kim1051.jpg,140101,2d8c92c9,\Gallery 58\08 - Kim (2)\,{Shemale Yum Dvd03~G58~08-2~08 - Kim (2)}
kim1052.jpg,149473,8c5d7268,\Gallery 58\08 - Kim (2)\,{Shemale Yum Dvd03~G58~08-2~08 - Kim (2)}
kim1053.jpg,134147,ece2d407,\Gallery 58\08 - Kim (2)\,{Shemale Yum Dvd03~G58~08-2~08 - Kim (2)}
kim1054.jpg,148194,25ec63fd,\Gallery 58\08 - Kim (2)\,{Shemale Yum Dvd03~G58~08-2~08 - Kim (2)}
kim1055.jpg,159188,cdc598fb,\Gallery 58\08 - Kim (2)\,{Shemale Yum Dvd03~G58~08-2~08 - Kim (2)}
kim1056.jpg,151647,27ea735f,\Gallery 58\08 - Kim (2)\,{Shemale Yum Dvd03~G58~08-2~08 - Kim (2)}
kim1057.jpg,149732,22babdfc,\Gallery 58\08 - Kim (2)\,{Shemale Yum Dvd03~G58~08-2~08 - Kim (2)}
kim1058.jpg,116762,5b709988,\Gallery 58\08 - Kim (2)\,{Shemale Yum Dvd03~G58~08-2~08 - Kim (2)}
kim1059.jpg,130029,540d241f,\Gallery 58\08 - Kim (2)\,{Shemale Yum Dvd03~G58~08-2~08 - Kim (2)}
kim1060.jpg,161919,0afe3178,\Gallery 58\08 - Kim (2)\,{Shemale Yum Dvd03~G58~08-2~08 - Kim (2)}
kim1061.jpg,156819,47d8dd79,\Gallery 58\08 - Kim (2)\,{Shemale Yum Dvd03~G58~08-2~08 - Kim (2)}
kim1062.jpg,146964,ef73161a,\Gallery 58\08 - Kim (2)\,{Shemale Yum Dvd03~G58~08-2~08 - Kim (2)}
kim1063.jpg,142179,237fd6ea,\Gallery 58\08 - Kim (2)\,{Shemale Yum Dvd03~G58~08-2~08 - Kim (2)}
kim1064.jpg,149230,728e4c73,\Gallery 58\08 - Kim (2)\,{Shemale Yum Dvd03~G58~08-2~08 - Kim (2)}
kim1065.jpg,153016,79f495cd,\Gallery 58\08 - Kim (2)\,{Shemale Yum Dvd03~G58~08-2~08 - Kim (2)}
kim1066.jpg,150458,22705580,\Gallery 58\08 - Kim (2)\,{Shemale Yum Dvd03~G58~08-2~08 - Kim (2)}
kim1067.jpg,143605,1add8282,\Gallery 58\08 - Kim (2)\,{Shemale Yum Dvd03~G58~08-2~08 - Kim (2)}
kim1068.jpg,141325,ccdb4f14,\Gallery 58\08 - Kim (2)\,{Shemale Yum Dvd03~G58~08-2~08 - Kim (2)}
kim1069.jpg,151000,30ce0b27,\Gallery 58\08 - Kim (2)\,{Shemale Yum Dvd03~G58~08-2~08 - Kim (2)}
kim1070.jpg,143190,509446b2,\Gallery 58\08 - Kim (2)\,{Shemale Yum Dvd03~G58~08-2~08 - Kim (2)}
kim1071.jpg,152707,b080de5d,\Gallery 58\08 - Kim (2)\,{Shemale Yum Dvd03~G58~08-2~08 - Kim (2)}
kim1072.jpg,135871,c7eeec97,\Gallery 58\08 - Kim (2)\,{Shemale Yum Dvd03~G58~08-2~08 - Kim (2)}
kim1073.jpg,135830,9d1faaf3,\Gallery 58\08 - Kim (2)\,{Shemale Yum Dvd03~G58~08-2~08 - Kim (2)}
kim1074.jpg,130037,b86c1f86,\Gallery 58\08 - Kim (2)\,{Shemale Yum Dvd03~G58~08-2~08 - Kim (2)}
kim1075.jpg,144293,b421b512,\Gallery 58\08 - Kim (2)\,{Shemale Yum Dvd03~G58~08-2~08 - Kim (2)}
kim1076.jpg,142788,579b78f2,\Gallery 58\08 - Kim (2)\,{Shemale Yum Dvd03~G58~08-2~08 - Kim (2)}
kim1077.jpg,138539,1b70c249,\Gallery 58\08 - Kim (2)\,{Shemale Yum Dvd03~G58~08-2~08 - Kim (2)}
kim1078.jpg,165767,bea954ac,\Gallery 58\08 - Kim (2)\,{Shemale Yum Dvd03~G58~08-2~08 - Kim (2)}
kim1079.jpg,137964,2d553a81,\Gallery 58\08 - Kim (2)\,{Shemale Yum Dvd03~G58~08-2~08 - Kim (2)}
kim1080.jpg,146261,c4ef520f,\Gallery 58\08 - Kim (2)\,{Shemale Yum Dvd03~G58~08-2~08 - Kim (2)}
kim1081.jpg,146532,9a10990f,\Gallery 58\08 - Kim (2)\,{Shemale Yum Dvd03~G58~08-2~08 - Kim (2)}
kim1082.jpg,142554,6a307e02,\Gallery 58\08 - Kim (2)\,{Shemale Yum Dvd03~G58~08-2~08 - Kim (2)}
kim1083.jpg,147952,38297817,\Gallery 58\08 - Kim (2)\,{Shemale Yum Dvd03~G58~08-2~08 - Kim (2)}
kim1084.jpg,172085,e8acab35,\Gallery 58\08 - Kim (2)\,{Shemale Yum Dvd03~G58~08-2~08 - Kim (2)}
kim1085.jpg,172373,78f52da4,\Gallery 58\08 - Kim (2)\,{Shemale Yum Dvd03~G58~08-2~08 - Kim (2)}
kim1086.jpg,184291,9ecc3a1e,\Gallery 58\08 - Kim (2)\,{Shemale Yum Dvd03~G58~08-2~08 - Kim (2)}
kim1087.jpg,142972,1f0b3ab4,\Gallery 58\08 - Kim (2)\,{Shemale Yum Dvd03~G58~08-2~08 - Kim (2)}
kim1088.jpg,154590,69b75401,\Gallery 58\08 - Kim (2)\,{Shemale Yum Dvd03~G58~08-2~08 - Kim (2)}
kim1089.jpg,168091,cbeedb95,\Gallery 58\08 - Kim (2)\,{Shemale Yum Dvd03~G58~08-2~08 - Kim (2)}
kim1090.jpg,128318,306b71cf,\Gallery 58\08 - Kim (2)\,{Shemale Yum Dvd03~G58~08-2~08 - Kim (2)}
kim1091.jpg,161066,8babd7f4,\Gallery 58\08 - Kim (2)\,{Shemale Yum Dvd03~G58~08-2~08 - Kim (2)}
kim1092.jpg,156254,7fc1b4e2,\Gallery 58\08 - Kim (2)\,{Shemale Yum Dvd03~G58~08-2~08 - Kim (2)}
kim1093.jpg,193447,4ca4be72,\Gallery 58\08 - Kim (2)\,{Shemale Yum Dvd03~G58~08-2~08 - Kim (2)}
kim1094.jpg,145186,52c848c6,\Gallery 58\08 - Kim (2)\,{Shemale Yum Dvd03~G58~08-2~08 - Kim (2)}
kim1095.jpg,153631,a6d172f3,\Gallery 58\08 - Kim (2)\,{Shemale Yum Dvd03~G58~08-2~08 - Kim (2)}
kim1096.jpg,175331,bd0fd756,\Gallery 58\08 - Kim (2)\,{Shemale Yum Dvd03~G58~08-2~08 - Kim (2)}
kim1097.jpg,173543,e14f16c5,\Gallery 58\08 - Kim (2)\,{Shemale Yum Dvd03~G58~08-2~08 - Kim (2)}
kim1098.jpg,178787,73d9b8e9,\Gallery 58\08 - Kim (2)\,{Shemale Yum Dvd03~G58~08-2~08 - Kim (2)}
kim1099.jpg,180842,5ab86496,\Gallery 58\08 - Kim (2)\,{Shemale Yum Dvd03~G58~08-2~08 - Kim (2)}
kim1100.jpg,161418,c99eab36,\Gallery 58\08 - Kim (2)\,{Shemale Yum Dvd03~G58~08-2~08 - Kim (2)}
kim1101.jpg,155262,75ed4191,\Gallery 58\08 - Kim (2)\,{Shemale Yum Dvd03~G58~08-2~08 - Kim (2)}
kim1102.jpg,147163,7b2071c4,\Gallery 58\08 - Kim (2)\,{Shemale Yum Dvd03~G58~08-2~08 - Kim (2)}
kim1103.jpg,149005,1d2e0ef8,\Gallery 58\08 - Kim (2)\,{Shemale Yum Dvd03~G58~08-2~08 - Kim (2)}
kim1104.jpg,131455,e79822b2,\Gallery 58\08 - Kim (2)\,{Shemale Yum Dvd03~G58~08-2~08 - Kim (2)}
kim1105.jpg,136713,c9e57fea,\Gallery 58\08 - Kim (2)\,{Shemale Yum Dvd03~G58~08-2~08 - Kim (2)}
kim1106.jpg,136056,46817052,\Gallery 58\08 - Kim (2)\,{Shemale Yum Dvd03~G58~08-2~08 - Kim (2)}
kim1107.jpg,131979,cc07575e,\Gallery 58\08 - Kim (2)\,{Shemale Yum Dvd03~G58~08-2~08 - Kim (2)}
kim1108.jpg,139576,e5b37fe8,\Gallery 58\08 - Kim (2)\,{Shemale Yum Dvd03~G58~08-2~08 - Kim (2)}
kimnd3001.jpg,181874,4c47be06,\Gallery 58\08 - Kim (3)\,{Shemale Yum Dvd03~G58~08-3~08 - Kim (3)}
kimnd3002.jpg,186034,7fb97904,\Gallery 58\08 - Kim (3)\,{Shemale Yum Dvd03~G58~08-3~08 - Kim (3)}
kimnd3003.jpg,150372,14e20fcd,\Gallery 58\08 - Kim (3)\,{Shemale Yum Dvd03~G58~08-3~08 - Kim (3)}
kimnd3004.jpg,190210,69e4a206,\Gallery 58\08 - Kim (3)\,{Shemale Yum Dvd03~G58~08-3~08 - Kim (3)}
kimnd3005.jpg,163365,565a298c,\Gallery 58\08 - Kim (3)\,{Shemale Yum Dvd03~G58~08-3~08 - Kim (3)}
kimnd3006.jpg,149036,ba06d05d,\Gallery 58\08 - Kim (3)\,{Shemale Yum Dvd03~G58~08-3~08 - Kim (3)}
kimnd3007.jpg,154055,09687d2e,\Gallery 58\08 - Kim (3)\,{Shemale Yum Dvd03~G58~08-3~08 - Kim (3)}
kimnd3008.jpg,149155,3b47e219,\Gallery 58\08 - Kim (3)\,{Shemale Yum Dvd03~G58~08-3~08 - Kim (3)}
kimnd3009.jpg,210770,104eb977,\Gallery 58\08 - Kim (3)\,{Shemale Yum Dvd03~G58~08-3~08 - Kim (3)}
kimnd3010.jpg,198456,f284ea34,\Gallery 58\08 - Kim (3)\,{Shemale Yum Dvd03~G58~08-3~08 - Kim (3)}
kimnd3011.jpg,185404,8f438891,\Gallery 58\08 - Kim (3)\,{Shemale Yum Dvd03~G58~08-3~08 - Kim (3)}
kimnd3012.jpg,204269,7ce9b897,\Gallery 58\08 - Kim (3)\,{Shemale Yum Dvd03~G58~08-3~08 - Kim (3)}
kimnd3013.jpg,191436,0b7076c5,\Gallery 58\08 - Kim (3)\,{Shemale Yum Dvd03~G58~08-3~08 - Kim (3)}
kimnd3014.jpg,208951,3dd24dbc,\Gallery 58\08 - Kim (3)\,{Shemale Yum Dvd03~G58~08-3~08 - Kim (3)}
kimnd3015.jpg,146585,1fb0ff81,\Gallery 58\08 - Kim (3)\,{Shemale Yum Dvd03~G58~08-3~08 - Kim (3)}
kimnd3016.jpg,212822,cec1f1b8,\Gallery 58\08 - Kim (3)\,{Shemale Yum Dvd03~G58~08-3~08 - Kim (3)}
kimnd3017.jpg,146934,a5058419,\Gallery 58\08 - Kim (3)\,{Shemale Yum Dvd03~G58~08-3~08 - Kim (3)}
kimnd3018.jpg,209044,71bd157a,\Gallery 58\08 - Kim (3)\,{Shemale Yum Dvd03~G58~08-3~08 - Kim (3)}
kimnd3019.jpg,175912,8fb795c5,\Gallery 58\08 - Kim (3)\,{Shemale Yum Dvd03~G58~08-3~08 - Kim (3)}
kimnd3020.jpg,203871,b69391d7,\Gallery 58\08 - Kim (3)\,{Shemale Yum Dvd03~G58~08-3~08 - Kim (3)}
kimnd3021.jpg,234928,7c4e206c,\Gallery 58\08 - Kim (3)\,{Shemale Yum Dvd03~G58~08-3~08 - Kim (3)}
kimnd3022.jpg,191886,599bb41a,\Gallery 58\08 - Kim (3)\,{Shemale Yum Dvd03~G58~08-3~08 - Kim (3)}
kimnd3023.jpg,180836,6c90ca54,\Gallery 58\08 - Kim (3)\,{Shemale Yum Dvd03~G58~08-3~08 - Kim (3)}
kimnd3024.jpg,213320,4bebb647,\Gallery 58\08 - Kim (3)\,{Shemale Yum Dvd03~G58~08-3~08 - Kim (3)}
kimnd3025.jpg,166988,fe1ac214,\Gallery 58\08 - Kim (3)\,{Shemale Yum Dvd03~G58~08-3~08 - Kim (3)}
kimnd3026.jpg,204737,622256ab,\Gallery 58\08 - Kim (3)\,{Shemale Yum Dvd03~G58~08-3~08 - Kim (3)}
kimnd3027.jpg,203135,da9aaa82,\Gallery 58\08 - Kim (3)\,{Shemale Yum Dvd03~G58~08-3~08 - Kim (3)}
kimnd3028.jpg,198300,2cd006a6,\Gallery 58\08 - Kim (3)\,{Shemale Yum Dvd03~G58~08-3~08 - Kim (3)}
kimnd3029.jpg,201429,ee21eb8d,\Gallery 58\08 - Kim (3)\,{Shemale Yum Dvd03~G58~08-3~08 - Kim (3)}
kimnd3030.jpg,184493,9e886b34,\Gallery 58\08 - Kim (3)\,{Shemale Yum Dvd03~G58~08-3~08 - Kim (3)}
kimnd3031.jpg,196682,b8ac8e64,\Gallery 58\08 - Kim (3)\,{Shemale Yum Dvd03~G58~08-3~08 - Kim (3)}
kimnd3032.jpg,167930,2adeadb4,\Gallery 58\08 - Kim (3)\,{Shemale Yum Dvd03~G58~08-3~08 - Kim (3)}
kimnd3033.jpg,209773,9c8a5d34,\Gallery 58\08 - Kim (3)\,{Shemale Yum Dvd03~G58~08-3~08 - Kim (3)}
kimnd3034.jpg,153931,27a25cab,\Gallery 58\08 - Kim (3)\,{Shemale Yum Dvd03~G58~08-3~08 - Kim (3)}
kimnd3035.jpg,173452,74485b96,\Gallery 58\08 - Kim (3)\,{Shemale Yum Dvd03~G58~08-3~08 - Kim (3)}
kimnd3036.jpg,158125,7d261f0f,\Gallery 58\08 - Kim (3)\,{Shemale Yum Dvd03~G58~08-3~08 - Kim (3)}
kimnd3037.jpg,208901,383d33d5,\Gallery 58\08 - Kim (3)\,{Shemale Yum Dvd03~G58~08-3~08 - Kim (3)}
kimnd3038.jpg,184259,8603484a,\Gallery 58\08 - Kim (3)\,{Shemale Yum Dvd03~G58~08-3~08 - Kim (3)}
kimnd3039.jpg,154573,ff2f921a,\Gallery 58\08 - Kim (3)\,{Shemale Yum Dvd03~G58~08-3~08 - Kim (3)}
kimnd3040.jpg,202078,fa2c4ad6,\Gallery 58\08 - Kim (3)\,{Shemale Yum Dvd03~G58~08-3~08 - Kim (3)}
kimnd3041.jpg,198851,a73e7979,\Gallery 58\08 - Kim (3)\,{Shemale Yum Dvd03~G58~08-3~08 - Kim (3)}
kimnd3042.jpg,171094,e89ef5b9,\Gallery 58\08 - Kim (3)\,{Shemale Yum Dvd03~G58~08-3~08 - Kim (3)}
kimnd3043.jpg,214172,70490644,\Gallery 58\08 - Kim (3)\,{Shemale Yum Dvd03~G58~08-3~08 - Kim (3)}
kimnd3044.jpg,158963,fd6a91a7,\Gallery 58\08 - Kim (3)\,{Shemale Yum Dvd03~G58~08-3~08 - Kim (3)}
kimnd3045.jpg,154957,6e52e3a1,\Gallery 58\08 - Kim (3)\,{Shemale Yum Dvd03~G58~08-3~08 - Kim (3)}
kimnd3046.jpg,212324,030bcc7f,\Gallery 58\08 - Kim (3)\,{Shemale Yum Dvd03~G58~08-3~08 - Kim (3)}
kimnd3047.jpg,200536,90ea4514,\Gallery 58\08 - Kim (3)\,{Shemale Yum Dvd03~G58~08-3~08 - Kim (3)}
kimnd3048.jpg,157844,1a2e116f,\Gallery 58\08 - Kim (3)\,{Shemale Yum Dvd03~G58~08-3~08 - Kim (3)}
kimnd3049.jpg,213942,2bc7771a,\Gallery 58\08 - Kim (3)\,{Shemale Yum Dvd03~G58~08-3~08 - Kim (3)}
kimnd3050.jpg,190824,b57c4eed,\Gallery 58\08 - Kim (3)\,{Shemale Yum Dvd03~G58~08-3~08 - Kim (3)}
kimnd3051.jpg,183559,a8957eac,\Gallery 58\08 - Kim (3)\,{Shemale Yum Dvd03~G58~08-3~08 - Kim (3)}
kimnd3052.jpg,188211,6a50c3ff,\Gallery 58\08 - Kim (3)\,{Shemale Yum Dvd03~G58~08-3~08 - Kim (3)}
kimnd3053.jpg,178413,4249f86a,\Gallery 58\08 - Kim (3)\,{Shemale Yum Dvd03~G58~08-3~08 - Kim (3)}
kimnd3054.jpg,202527,935bdc0c,\Gallery 58\08 - Kim (3)\,{Shemale Yum Dvd03~G58~08-3~08 - Kim (3)}
kimnd3055.jpg,212007,092b9f68,\Gallery 58\08 - Kim (3)\,{Shemale Yum Dvd03~G58~08-3~08 - Kim (3)}
kimnd3056.jpg,192769,c3cdc584,\Gallery 58\08 - Kim (3)\,{Shemale Yum Dvd03~G58~08-3~08 - Kim (3)}
kimnd3057.jpg,172981,91904def,\Gallery 58\08 - Kim (3)\,{Shemale Yum Dvd03~G58~08-3~08 - Kim (3)}
kimnd3058.jpg,199316,28968bdb,\Gallery 58\08 - Kim (3)\,{Shemale Yum Dvd03~G58~08-3~08 - Kim (3)}
kimnd3059.jpg,180514,4561f887,\Gallery 58\08 - Kim (3)\,{Shemale Yum Dvd03~G58~08-3~08 - Kim (3)}
kimnd3060.jpg,163570,248e6d85,\Gallery 58\08 - Kim (3)\,{Shemale Yum Dvd03~G58~08-3~08 - Kim (3)}
kimnd3061.jpg,163234,85da4640,\Gallery 58\08 - Kim (3)\,{Shemale Yum Dvd03~G58~08-3~08 - Kim (3)}
kimnd3062.jpg,209669,e1bf8a83,\Gallery 58\08 - Kim (3)\,{Shemale Yum Dvd03~G58~08-3~08 - Kim (3)}
kimnd3063.jpg,206158,6141341a,\Gallery 58\08 - Kim (3)\,{Shemale Yum Dvd03~G58~08-3~08 - Kim (3)}
kimnd3064.jpg,174273,ee10e986,\Gallery 58\08 - Kim (3)\,{Shemale Yum Dvd03~G58~08-3~08 - Kim (3)}
kimnd3065.jpg,172951,ed526435,\Gallery 58\08 - Kim (3)\,{Shemale Yum Dvd03~G58~08-3~08 - Kim (3)}
kimnd3066.jpg,173955,3e0bc5b2,\Gallery 58\08 - Kim (3)\,{Shemale Yum Dvd03~G58~08-3~08 - Kim (3)}
kimnd3067.jpg,235368,57ee65a2,\Gallery 58\08 - Kim (3)\,{Shemale Yum Dvd03~G58~08-3~08 - Kim (3)}
kimnd3068.jpg,158827,73cc3ae6,\Gallery 58\08 - Kim (3)\,{Shemale Yum Dvd03~G58~08-3~08 - Kim (3)}
kimnd3069.jpg,151344,4c4e200a,\Gallery 58\08 - Kim (3)\,{Shemale Yum Dvd03~G58~08-3~08 - Kim (3)}
kimnd3070.jpg,153148,55d133c9,\Gallery 58\08 - Kim (3)\,{Shemale Yum Dvd03~G58~08-3~08 - Kim (3)}
kimnd3071.jpg,158279,48bdd63e,\Gallery 58\08 - Kim (3)\,{Shemale Yum Dvd03~G58~08-3~08 - Kim (3)}
kimnd3072.jpg,216654,d335e4d1,\Gallery 58\08 - Kim (3)\,{Shemale Yum Dvd03~G58~08-3~08 - Kim (3)}
kimnd3073.jpg,212112,ae23460c,\Gallery 58\08 - Kim (3)\,{Shemale Yum Dvd03~G58~08-3~08 - Kim (3)}
kimnd3074.jpg,149475,759ec43f,\Gallery 58\08 - Kim (3)\,{Shemale Yum Dvd03~G58~08-3~08 - Kim (3)}
kimnd3075.jpg,113034,ee8b8256,\Gallery 58\08 - Kim (3)\,{Shemale Yum Dvd03~G58~08-3~08 - Kim (3)}
kimnd3076.jpg,158718,097fe82b,\Gallery 58\08 - Kim (3)\,{Shemale Yum Dvd03~G58~08-3~08 - Kim (3)}
kimnd3077.jpg,162836,5e8fd1e6,\Gallery 58\08 - Kim (3)\,{Shemale Yum Dvd03~G58~08-3~08 - Kim (3)}
shiela001.jpg,110934,f7228f42,\Gallery 58\09 - Sheila\,{Shemale Yum Dvd03~G58~09~09 - Sheila}
shiela002.jpg,111083,39742ba8,\Gallery 58\09 - Sheila\,{Shemale Yum Dvd03~G58~09~09 - Sheila}
shiela003.jpg,102195,5c328f62,\Gallery 58\09 - Sheila\,{Shemale Yum Dvd03~G58~09~09 - Sheila}
shiela005.jpg,113774,bf521733,\Gallery 58\09 - Sheila\,{Shemale Yum Dvd03~G58~09~09 - Sheila}
shiela006.jpg,110119,6971cb8f,\Gallery 58\09 - Sheila\,{Shemale Yum Dvd03~G58~09~09 - Sheila}
shiela007.jpg,113487,93e76920,\Gallery 58\09 - Sheila\,{Shemale Yum Dvd03~G58~09~09 - Sheila}
shiela008.jpg,123699,2766f4fa,\Gallery 58\09 - Sheila\,{Shemale Yum Dvd03~G58~09~09 - Sheila}
shiela009.jpg,122736,6ef7e1cc,\Gallery 58\09 - Sheila\,{Shemale Yum Dvd03~G58~09~09 - Sheila}
shiela010.jpg,110296,11445c69,\Gallery 58\09 - Sheila\,{Shemale Yum Dvd03~G58~09~09 - Sheila}
shiela011.jpg,148839,eb932095,\Gallery 58\09 - Sheila\,{Shemale Yum Dvd03~G58~09~09 - Sheila}
shiela012.jpg,135829,81b1bdc3,\Gallery 58\09 - Sheila\,{Shemale Yum Dvd03~G58~09~09 - Sheila}
shiela013.jpg,132271,bcdd462c,\Gallery 58\09 - Sheila\,{Shemale Yum Dvd03~G58~09~09 - Sheila}
shiela014.jpg,128717,efb0f611,\Gallery 58\09 - Sheila\,{Shemale Yum Dvd03~G58~09~09 - Sheila}
shiela015.jpg,132082,133334f0,\Gallery 58\09 - Sheila\,{Shemale Yum Dvd03~G58~09~09 - Sheila}
shiela016.jpg,132122,d284f222,\Gallery 58\09 - Sheila\,{Shemale Yum Dvd03~G58~09~09 - Sheila}
shiela017.jpg,126327,12eee8cd,\Gallery 58\09 - Sheila\,{Shemale Yum Dvd03~G58~09~09 - Sheila}
shiela018.jpg,129208,86c80b4e,\Gallery 58\09 - Sheila\,{Shemale Yum Dvd03~G58~09~09 - Sheila}
shiela019.jpg,117183,39acdf9e,\Gallery 58\09 - Sheila\,{Shemale Yum Dvd03~G58~09~09 - Sheila}
shiela020.jpg,124456,187861e3,\Gallery 58\09 - Sheila\,{Shemale Yum Dvd03~G58~09~09 - Sheila}
shiela021.jpg,126054,6b79b69a,\Gallery 58\09 - Sheila\,{Shemale Yum Dvd03~G58~09~09 - Sheila}
shiela022.jpg,144032,f5fecd63,\Gallery 58\09 - Sheila\,{Shemale Yum Dvd03~G58~09~09 - Sheila}
shiela023.jpg,144899,9cae5589,\Gallery 58\09 - Sheila\,{Shemale Yum Dvd03~G58~09~09 - Sheila}
shiela025.jpg,166907,587fc18c,\Gallery 58\09 - Sheila\,{Shemale Yum Dvd03~G58~09~09 - Sheila}
shiela026.jpg,158324,99eb8caf,\Gallery 58\09 - Sheila\,{Shemale Yum Dvd03~G58~09~09 - Sheila}
shiela027.jpg,160768,1e38269d,\Gallery 58\09 - Sheila\,{Shemale Yum Dvd03~G58~09~09 - Sheila}
shiela028.jpg,153189,dbf3377c,\Gallery 58\09 - Sheila\,{Shemale Yum Dvd03~G58~09~09 - Sheila}
shiela029.jpg,173725,65a49e8b,\Gallery 58\09 - Sheila\,{Shemale Yum Dvd03~G58~09~09 - Sheila}
shiela031.jpg,139405,8fe8dc94,\Gallery 58\09 - Sheila\,{Shemale Yum Dvd03~G58~09~09 - Sheila}
shiela032.jpg,163247,4390fbd8,\Gallery 58\09 - Sheila\,{Shemale Yum Dvd03~G58~09~09 - Sheila}
shiela033.jpg,181772,12ef3c12,\Gallery 58\09 - Sheila\,{Shemale Yum Dvd03~G58~09~09 - Sheila}
shiela034.jpg,170210,1d755c81,\Gallery 58\09 - Sheila\,{Shemale Yum Dvd03~G58~09~09 - Sheila}
shiela035.jpg,161435,9f91cda2,\Gallery 58\09 - Sheila\,{Shemale Yum Dvd03~G58~09~09 - Sheila}
shiela036.jpg,174924,8c7054a7,\Gallery 58\09 - Sheila\,{Shemale Yum Dvd03~G58~09~09 - Sheila}
shiela038.jpg,179090,f2dfc9db,\Gallery 58\09 - Sheila\,{Shemale Yum Dvd03~G58~09~09 - Sheila}
shiela039.jpg,164292,02b1e330,\Gallery 58\09 - Sheila\,{Shemale Yum Dvd03~G58~09~09 - Sheila}
shiela040.jpg,159672,cefd3bb4,\Gallery 58\09 - Sheila\,{Shemale Yum Dvd03~G58~09~09 - Sheila}
shiela041.jpg,187520,62407f1f,\Gallery 58\09 - Sheila\,{Shemale Yum Dvd03~G58~09~09 - Sheila}
shiela042.jpg,147170,64bd1456,\Gallery 58\09 - Sheila\,{Shemale Yum Dvd03~G58~09~09 - Sheila}
shiela043.jpg,168609,cff7f164,\Gallery 58\09 - Sheila\,{Shemale Yum Dvd03~G58~09~09 - Sheila}
shiela045.jpg,178329,8d94a21f,\Gallery 58\09 - Sheila\,{Shemale Yum Dvd03~G58~09~09 - Sheila}
shiela046.jpg,157353,54734e8e,\Gallery 58\09 - Sheila\,{Shemale Yum Dvd03~G58~09~09 - Sheila}
shiela047.jpg,170514,e896b95d,\Gallery 58\09 - Sheila\,{Shemale Yum Dvd03~G58~09~09 - Sheila}
shiela048.jpg,152554,bdbc6a55,\Gallery 58\09 - Sheila\,{Shemale Yum Dvd03~G58~09~09 - Sheila}
shiela049.jpg,150307,bea0aee9,\Gallery 58\09 - Sheila\,{Shemale Yum Dvd03~G58~09~09 - Sheila}
shiela050.jpg,159146,c9926049,\Gallery 58\09 - Sheila\,{Shemale Yum Dvd03~G58~09~09 - Sheila}
shiela051.jpg,152776,7477b185,\Gallery 58\09 - Sheila\,{Shemale Yum Dvd03~G58~09~09 - Sheila}
shiela052.jpg,175557,e798a73e,\Gallery 58\09 - Sheila\,{Shemale Yum Dvd03~G58~09~09 - Sheila}
shiela054.jpg,150740,19e27e0c,\Gallery 58\09 - Sheila\,{Shemale Yum Dvd03~G58~09~09 - Sheila}
shiela055.jpg,182709,50e8a4aa,\Gallery 58\09 - Sheila\,{Shemale Yum Dvd03~G58~09~09 - Sheila}
shiela056.jpg,156640,1d8caf72,\Gallery 58\09 - Sheila\,{Shemale Yum Dvd03~G58~09~09 - Sheila}
shiela057.jpg,209681,6ac100f0,\Gallery 58\09 - Sheila\,{Shemale Yum Dvd03~G58~09~09 - Sheila}
shiela058.jpg,161780,850d4aca,\Gallery 58\09 - Sheila\,{Shemale Yum Dvd03~G58~09~09 - Sheila}
shiela059.jpg,183824,f83e6c4d,\Gallery 58\09 - Sheila\,{Shemale Yum Dvd03~G58~09~09 - Sheila}
shiela061.jpg,149465,7ba98499,\Gallery 58\09 - Sheila\,{Shemale Yum Dvd03~G58~09~09 - Sheila}
shiela062.jpg,166582,924f4097,\Gallery 58\09 - Sheila\,{Shemale Yum Dvd03~G58~09~09 - Sheila}
shiela063.jpg,124644,27c488ad,\Gallery 58\09 - Sheila\,{Shemale Yum Dvd03~G58~09~09 - Sheila}
shiela064.jpg,126046,191abeaa,\Gallery 58\09 - Sheila\,{Shemale Yum Dvd03~G58~09~09 - Sheila}
shiela065.jpg,128097,0e55ec8d,\Gallery 58\09 - Sheila\,{Shemale Yum Dvd03~G58~09~09 - Sheila}
shiela066.jpg,153637,d3b02f75,\Gallery 58\09 - Sheila\,{Shemale Yum Dvd03~G58~09~09 - Sheila}
shiela068.jpg,174768,0f809663,\Gallery 58\09 - Sheila\,{Shemale Yum Dvd03~G58~09~09 - Sheila}
shiela069.jpg,173010,727eab05,\Gallery 58\09 - Sheila\,{Shemale Yum Dvd03~G58~09~09 - Sheila}
shiela070.jpg,178653,f4405dc4,\Gallery 58\09 - Sheila\,{Shemale Yum Dvd03~G58~09~09 - Sheila}
shiela072.jpg,165851,6dbe7d01,\Gallery 58\09 - Sheila\,{Shemale Yum Dvd03~G58~09~09 - Sheila}
sheilab001.jpg,176974,0521eecf,\Gallery 58\09 - Sheila (2)\,{Shemale Yum Dvd03~G58~09-2~09 - Sheila (2)}
sheilab002.jpg,162064,22c4f14d,\Gallery 58\09 - Sheila (2)\,{Shemale Yum Dvd03~G58~09-2~09 - Sheila (2)}
sheilab003.jpg,155893,2a693b47,\Gallery 58\09 - Sheila (2)\,{Shemale Yum Dvd03~G58~09-2~09 - Sheila (2)}
sheilab004.jpg,156971,409ff655,\Gallery 58\09 - Sheila (2)\,{Shemale Yum Dvd03~G58~09-2~09 - Sheila (2)}
sheilab005.jpg,159235,b093174f,\Gallery 58\09 - Sheila (2)\,{Shemale Yum Dvd03~G58~09-2~09 - Sheila (2)}
sheilab006.jpg,183387,d9ebe62b,\Gallery 58\09 - Sheila (2)\,{Shemale Yum Dvd03~G58~09-2~09 - Sheila (2)}
sheilab007.jpg,154601,3a96f579,\Gallery 58\09 - Sheila (2)\,{Shemale Yum Dvd03~G58~09-2~09 - Sheila (2)}
sheilab008.jpg,189773,a9977715,\Gallery 58\09 - Sheila (2)\,{Shemale Yum Dvd03~G58~09-2~09 - Sheila (2)}
sheilab009.jpg,161598,efe64f4a,\Gallery 58\09 - Sheila (2)\,{Shemale Yum Dvd03~G58~09-2~09 - Sheila (2)}
sheilab010.jpg,171688,6727ee8f,\Gallery 58\09 - Sheila (2)\,{Shemale Yum Dvd03~G58~09-2~09 - Sheila (2)}
sheilab011.jpg,170121,6df7ee6e,\Gallery 58\09 - Sheila (2)\,{Shemale Yum Dvd03~G58~09-2~09 - Sheila (2)}
sheilab012.jpg,182776,2afbcfc8,\Gallery 58\09 - Sheila (2)\,{Shemale Yum Dvd03~G58~09-2~09 - Sheila (2)}
sheilab013.jpg,180655,b6d4bc93,\Gallery 58\09 - Sheila (2)\,{Shemale Yum Dvd03~G58~09-2~09 - Sheila (2)}
sheilab014.jpg,158789,20ca2932,\Gallery 58\09 - Sheila (2)\,{Shemale Yum Dvd03~G58~09-2~09 - Sheila (2)}
sheilab015.jpg,159445,c4cb8dff,\Gallery 58\09 - Sheila (2)\,{Shemale Yum Dvd03~G58~09-2~09 - Sheila (2)}
sheilab016.jpg,161386,63e3f039,\Gallery 58\09 - Sheila (2)\,{Shemale Yum Dvd03~G58~09-2~09 - Sheila (2)}
sheilab017.jpg,146753,7f7a1f62,\Gallery 58\09 - Sheila (2)\,{Shemale Yum Dvd03~G58~09-2~09 - Sheila (2)}
sheilab018.jpg,168350,bf63720c,\Gallery 58\09 - Sheila (2)\,{Shemale Yum Dvd03~G58~09-2~09 - Sheila (2)}
sheilab019.jpg,178485,bd0d4563,\Gallery 58\09 - Sheila (2)\,{Shemale Yum Dvd03~G58~09-2~09 - Sheila (2)}
sheilab020.jpg,171258,b032c492,\Gallery 58\09 - Sheila (2)\,{Shemale Yum Dvd03~G58~09-2~09 - Sheila (2)}
sheilab021.jpg,166920,17ebc644,\Gallery 58\09 - Sheila (2)\,{Shemale Yum Dvd03~G58~09-2~09 - Sheila (2)}
sheilab022.jpg,178083,ac8bd685,\Gallery 58\09 - Sheila (2)\,{Shemale Yum Dvd03~G58~09-2~09 - Sheila (2)}
sheilab023.jpg,151650,7fe5591e,\Gallery 58\09 - Sheila (2)\,{Shemale Yum Dvd03~G58~09-2~09 - Sheila (2)}
sheilab024.jpg,178854,899004d8,\Gallery 58\09 - Sheila (2)\,{Shemale Yum Dvd03~G58~09-2~09 - Sheila (2)}
sheilab025.jpg,147092,e1d3e170,\Gallery 58\09 - Sheila (2)\,{Shemale Yum Dvd03~G58~09-2~09 - Sheila (2)}
sheilab026.jpg,166405,e4ceec98,\Gallery 58\09 - Sheila (2)\,{Shemale Yum Dvd03~G58~09-2~09 - Sheila (2)}
sheilab027.jpg,166120,e80078b4,\Gallery 58\09 - Sheila (2)\,{Shemale Yum Dvd03~G58~09-2~09 - Sheila (2)}
sheilab028.jpg,171424,a5315eba,\Gallery 58\09 - Sheila (2)\,{Shemale Yum Dvd03~G58~09-2~09 - Sheila (2)}
sheilab029.jpg,170480,588e6636,\Gallery 58\09 - Sheila (2)\,{Shemale Yum Dvd03~G58~09-2~09 - Sheila (2)}
sheilab030.jpg,132746,c4948a41,\Gallery 58\09 - Sheila (2)\,{Shemale Yum Dvd03~G58~09-2~09 - Sheila (2)}
sheilab031.jpg,182756,3bb9ad63,\Gallery 58\09 - Sheila (2)\,{Shemale Yum Dvd03~G58~09-2~09 - Sheila (2)}
sheilab032.jpg,187597,8e8de93a,\Gallery 58\09 - Sheila (2)\,{Shemale Yum Dvd03~G58~09-2~09 - Sheila (2)}
sheilab033.jpg,176849,1314e205,\Gallery 58\09 - Sheila (2)\,{Shemale Yum Dvd03~G58~09-2~09 - Sheila (2)}
sheilab034.jpg,155014,00f3ed23,\Gallery 58\09 - Sheila (2)\,{Shemale Yum Dvd03~G58~09-2~09 - Sheila (2)}
sheilab035.jpg,184004,f000da0c,\Gallery 58\09 - Sheila (2)\,{Shemale Yum Dvd03~G58~09-2~09 - Sheila (2)}
sheilab036.jpg,164040,d15194c2,\Gallery 58\09 - Sheila (2)\,{Shemale Yum Dvd03~G58~09-2~09 - Sheila (2)}
sheilab037.jpg,169666,da2fc8d3,\Gallery 58\09 - Sheila (2)\,{Shemale Yum Dvd03~G58~09-2~09 - Sheila (2)}
sheilab038.jpg,177938,1970092f,\Gallery 58\09 - Sheila (2)\,{Shemale Yum Dvd03~G58~09-2~09 - Sheila (2)}
sheilab039.jpg,173278,68aa737d,\Gallery 58\09 - Sheila (2)\,{Shemale Yum Dvd03~G58~09-2~09 - Sheila (2)}
sheilab040.jpg,171475,bd33fcff,\Gallery 58\09 - Sheila (2)\,{Shemale Yum Dvd03~G58~09-2~09 - Sheila (2)}
sheilab041.jpg,184612,ddb1ee88,\Gallery 58\09 - Sheila (2)\,{Shemale Yum Dvd03~G58~09-2~09 - Sheila (2)}
sheilab042.jpg,182929,c0ea85ca,\Gallery 58\09 - Sheila (2)\,{Shemale Yum Dvd03~G58~09-2~09 - Sheila (2)}
sheilab043.jpg,143119,4d474290,\Gallery 58\09 - Sheila (2)\,{Shemale Yum Dvd03~G58~09-2~09 - Sheila (2)}
sheilab044.jpg,139001,226612e1,\Gallery 58\09 - Sheila (2)\,{Shemale Yum Dvd03~G58~09-2~09 - Sheila (2)}
sheilab045.jpg,117365,782a8ed8,\Gallery 58\09 - Sheila (2)\,{Shemale Yum Dvd03~G58~09-2~09 - Sheila (2)}
sheilab046.jpg,113942,fcfced71,\Gallery 58\09 - Sheila (2)\,{Shemale Yum Dvd03~G58~09-2~09 - Sheila (2)}
sheilab047.jpg,114428,db332231,\Gallery 58\09 - Sheila (2)\,{Shemale Yum Dvd03~G58~09-2~09 - Sheila (2)}
sheilab048.jpg,124809,b6264c14,\Gallery 58\09 - Sheila (2)\,{Shemale Yum Dvd03~G58~09-2~09 - Sheila (2)}
sheilab049.jpg,155414,1b00b046,\Gallery 58\09 - Sheila (2)\,{Shemale Yum Dvd03~G58~09-2~09 - Sheila (2)}
sheilab050.jpg,131865,d713f32a,\Gallery 58\09 - Sheila (2)\,{Shemale Yum Dvd03~G58~09-2~09 - Sheila (2)}
sheilab051.jpg,156916,a6e4df5b,\Gallery 58\09 - Sheila (2)\,{Shemale Yum Dvd03~G58~09-2~09 - Sheila (2)}
sheilab052.jpg,182889,5371fbff,\Gallery 58\09 - Sheila (2)\,{Shemale Yum Dvd03~G58~09-2~09 - Sheila (2)}
sheilab053.jpg,160708,5a39576e,\Gallery 58\09 - Sheila (2)\,{Shemale Yum Dvd03~G58~09-2~09 - Sheila (2)}
sheilab054.jpg,180746,36d00a5c,\Gallery 58\09 - Sheila (2)\,{Shemale Yum Dvd03~G58~09-2~09 - Sheila (2)}
sheilab055.jpg,186430,f9b85cee,\Gallery 58\09 - Sheila (2)\,{Shemale Yum Dvd03~G58~09-2~09 - Sheila (2)}
sheilab056.jpg,164143,66c92c93,\Gallery 58\09 - Sheila (2)\,{Shemale Yum Dvd03~G58~09-2~09 - Sheila (2)}
sheilab057.jpg,157059,458080d5,\Gallery 58\09 - Sheila (2)\,{Shemale Yum Dvd03~G58~09-2~09 - Sheila (2)}
sheilab058.jpg,176418,559d8bad,\Gallery 58\09 - Sheila (2)\,{Shemale Yum Dvd03~G58~09-2~09 - Sheila (2)}
sheilab059.jpg,193679,64d6daa3,\Gallery 58\09 - Sheila (2)\,{Shemale Yum Dvd03~G58~09-2~09 - Sheila (2)}
sheilab060.jpg,145525,686f5369,\Gallery 58\09 - Sheila (2)\,{Shemale Yum Dvd03~G58~09-2~09 - Sheila (2)}
sheilab061.jpg,168692,091ad0b6,\Gallery 58\09 - Sheila (2)\,{Shemale Yum Dvd03~G58~09-2~09 - Sheila (2)}
sheilab062.jpg,179211,32faecf3,\Gallery 58\09 - Sheila (2)\,{Shemale Yum Dvd03~G58~09-2~09 - Sheila (2)}
sheilab063.jpg,184890,95b3a4c2,\Gallery 58\09 - Sheila (2)\,{Shemale Yum Dvd03~G58~09-2~09 - Sheila (2)}
sheilab064.jpg,182715,bfb667e3,\Gallery 58\09 - Sheila (2)\,{Shemale Yum Dvd03~G58~09-2~09 - Sheila (2)}
sheilab065.jpg,173053,5ed925d0,\Gallery 58\09 - Sheila (2)\,{Shemale Yum Dvd03~G58~09-2~09 - Sheila (2)}
sheilab066.jpg,166967,ef14b3bb,\Gallery 58\09 - Sheila (2)\,{Shemale Yum Dvd03~G58~09-2~09 - Sheila (2)}
sheilab067.jpg,173086,901efad5,\Gallery 58\09 - Sheila (2)\,{Shemale Yum Dvd03~G58~09-2~09 - Sheila (2)}
sheilab068.jpg,180622,281113a1,\Gallery 58\09 - Sheila (2)\,{Shemale Yum Dvd03~G58~09-2~09 - Sheila (2)}
sheilab069.jpg,191241,bd2e8485,\Gallery 58\09 - Sheila (2)\,{Shemale Yum Dvd03~G58~09-2~09 - Sheila (2)}
sheilab070.jpg,163511,a01e3b02,\Gallery 58\09 - Sheila (2)\,{Shemale Yum Dvd03~G58~09-2~09 - Sheila (2)}
sheilab071.jpg,192349,47bfe083,\Gallery 58\09 - Sheila (2)\,{Shemale Yum Dvd03~G58~09-2~09 - Sheila (2)}
sheilab072.jpg,163837,b05a2c67,\Gallery 58\09 - Sheila (2)\,{Shemale Yum Dvd03~G58~09-2~09 - Sheila (2)}
sheilab073.jpg,165885,44453f38,\Gallery 58\09 - Sheila (2)\,{Shemale Yum Dvd03~G58~09-2~09 - Sheila (2)}
sheilab074.jpg,161300,0628cd93,\Gallery 58\09 - Sheila (2)\,{Shemale Yum Dvd03~G58~09-2~09 - Sheila (2)}
sheilab075.jpg,188902,3b88b9b9,\Gallery 58\09 - Sheila (2)\,{Shemale Yum Dvd03~G58~09-2~09 - Sheila (2)}
sheilab076.jpg,174842,455c97a3,\Gallery 58\09 - Sheila (2)\,{Shemale Yum Dvd03~G58~09-2~09 - Sheila (2)}
sheilab077.jpg,137916,25cff874,\Gallery 58\09 - Sheila (2)\,{Shemale Yum Dvd03~G58~09-2~09 - Sheila (2)}
sheilab078.jpg,140065,67dd05b1,\Gallery 58\09 - Sheila (2)\,{Shemale Yum Dvd03~G58~09-2~09 - Sheila (2)}
sheilab079.jpg,190736,0b08f461,\Gallery 58\09 - Sheila (2)\,{Shemale Yum Dvd03~G58~09-2~09 - Sheila (2)}
sheilab080.jpg,162890,f230be66,\Gallery 58\09 - Sheila (2)\,{Shemale Yum Dvd03~G58~09-2~09 - Sheila (2)}
sheilab081.jpg,159641,e319619d,\Gallery 58\09 - Sheila (2)\,{Shemale Yum Dvd03~G58~09-2~09 - Sheila (2)}
sheilab082.jpg,178074,16640ee2,\Gallery 58\09 - Sheila (2)\,{Shemale Yum Dvd03~G58~09-2~09 - Sheila (2)}
sheilab083.jpg,189654,6f34e6d5,\Gallery 58\09 - Sheila (2)\,{Shemale Yum Dvd03~G58~09-2~09 - Sheila (2)}
sheilab084.jpg,191870,5660429b,\Gallery 58\09 - Sheila (2)\,{Shemale Yum Dvd03~G58~09-2~09 - Sheila (2)}
sheilab085.jpg,183122,30ff2262,\Gallery 58\09 - Sheila (2)\,{Shemale Yum Dvd03~G58~09-2~09 - Sheila (2)}
sheilab086.jpg,185596,4154cd9b,\Gallery 58\09 - Sheila (2)\,{Shemale Yum Dvd03~G58~09-2~09 - Sheila (2)}
sheilab087.jpg,192367,e135d5e8,\Gallery 58\09 - Sheila (2)\,{Shemale Yum Dvd03~G58~09-2~09 - Sheila (2)}
sheilab088.jpg,186048,b4622e50,\Gallery 58\09 - Sheila (2)\,{Shemale Yum Dvd03~G58~09-2~09 - Sheila (2)}
sheilab089.jpg,177135,524a5fdd,\Gallery 58\09 - Sheila (2)\,{Shemale Yum Dvd03~G58~09-2~09 - Sheila (2)}
sheilab090.jpg,190844,a97af33b,\Gallery 58\09 - Sheila (2)\,{Shemale Yum Dvd03~G58~09-2~09 - Sheila (2)}
beapool001.jpg,142482,1e0b9d4c,\Gallery 58\10 - Bea\,{Shemale Yum Dvd03~G58~10~10 - Bea}
beapool002.jpg,135934,aaa8c644,\Gallery 58\10 - Bea\,{Shemale Yum Dvd03~G58~10~10 - Bea}
beapool003.jpg,169320,2378b48c,\Gallery 58\10 - Bea\,{Shemale Yum Dvd03~G58~10~10 - Bea}
beapool004.jpg,169028,d20a431a,\Gallery 58\10 - Bea\,{Shemale Yum Dvd03~G58~10~10 - Bea}
beapool005.jpg,167376,4b60f19c,\Gallery 58\10 - Bea\,{Shemale Yum Dvd03~G58~10~10 - Bea}
beapool006.jpg,125716,35cbe89b,\Gallery 58\10 - Bea\,{Shemale Yum Dvd03~G58~10~10 - Bea}
beapool007.jpg,138088,7a52fabf,\Gallery 58\10 - Bea\,{Shemale Yum Dvd03~G58~10~10 - Bea}
beapool008.jpg,137953,9618cc8f,\Gallery 58\10 - Bea\,{Shemale Yum Dvd03~G58~10~10 - Bea}
beapool009.jpg,141020,978b347b,\Gallery 58\10 - Bea\,{Shemale Yum Dvd03~G58~10~10 - Bea}
beapool010.jpg,134467,9f42cbba,\Gallery 58\10 - Bea\,{Shemale Yum Dvd03~G58~10~10 - Bea}
beapool011.jpg,137066,a0616f1f,\Gallery 58\10 - Bea\,{Shemale Yum Dvd03~G58~10~10 - Bea}
beapool012.jpg,148687,0a5db670,\Gallery 58\10 - Bea\,{Shemale Yum Dvd03~G58~10~10 - Bea}
beapool013.jpg,137081,e4cce493,\Gallery 58\10 - Bea\,{Shemale Yum Dvd03~G58~10~10 - Bea}
beapool014.jpg,151975,841137ae,\Gallery 58\10 - Bea\,{Shemale Yum Dvd03~G58~10~10 - Bea}
beapool015.jpg,144011,29c6b5cb,\Gallery 58\10 - Bea\,{Shemale Yum Dvd03~G58~10~10 - Bea}
beapool016.jpg,165622,be2ff722,\Gallery 58\10 - Bea\,{Shemale Yum Dvd03~G58~10~10 - Bea}
beapool017.jpg,144009,627e11b7,\Gallery 58\10 - Bea\,{Shemale Yum Dvd03~G58~10~10 - Bea}
beapool018.jpg,150370,e60ad5ca,\Gallery 58\10 - Bea\,{Shemale Yum Dvd03~G58~10~10 - Bea}
beapool019.jpg,151070,01b86435,\Gallery 58\10 - Bea\,{Shemale Yum Dvd03~G58~10~10 - Bea}
beapool020.jpg,142388,51f8572a,\Gallery 58\10 - Bea\,{Shemale Yum Dvd03~G58~10~10 - Bea}
beapool021.jpg,141402,fc112cf3,\Gallery 58\10 - Bea\,{Shemale Yum Dvd03~G58~10~10 - Bea}
beapool022.jpg,133375,72b67251,\Gallery 58\10 - Bea\,{Shemale Yum Dvd03~G58~10~10 - Bea}
beapool023.jpg,153019,20a28be6,\Gallery 58\10 - Bea\,{Shemale Yum Dvd03~G58~10~10 - Bea}
beapool024.jpg,151468,fa797c5c,\Gallery 58\10 - Bea\,{Shemale Yum Dvd03~G58~10~10 - Bea}
beapool025.jpg,165229,51af0274,\Gallery 58\10 - Bea\,{Shemale Yum Dvd03~G58~10~10 - Bea}
beapool026.jpg,153864,0a217f44,\Gallery 58\10 - Bea\,{Shemale Yum Dvd03~G58~10~10 - Bea}
beapool027.jpg,159800,a0602513,\Gallery 58\10 - Bea\,{Shemale Yum Dvd03~G58~10~10 - Bea}
beapool028.jpg,147615,adb08dbd,\Gallery 58\10 - Bea\,{Shemale Yum Dvd03~G58~10~10 - Bea}
beapool029.jpg,155777,7ebf9a9c,\Gallery 58\10 - Bea\,{Shemale Yum Dvd03~G58~10~10 - Bea}
beapool030.jpg,163724,7c1ebd35,\Gallery 58\10 - Bea\,{Shemale Yum Dvd03~G58~10~10 - Bea}
beapool031.jpg,151844,467e8f55,\Gallery 58\10 - Bea\,{Shemale Yum Dvd03~G58~10~10 - Bea}
beapool032.jpg,129563,d23b2a11,\Gallery 58\10 - Bea\,{Shemale Yum Dvd03~G58~10~10 - Bea}
beapool033.jpg,142319,851e7249,\Gallery 58\10 - Bea\,{Shemale Yum Dvd03~G58~10~10 - Bea}
beapool034.jpg,157957,b1810e1f,\Gallery 58\10 - Bea\,{Shemale Yum Dvd03~G58~10~10 - Bea}
beapool035.jpg,145604,8df8531d,\Gallery 58\10 - Bea\,{Shemale Yum Dvd03~G58~10~10 - Bea}
beapool036.jpg,167935,8922af3a,\Gallery 58\10 - Bea\,{Shemale Yum Dvd03~G58~10~10 - Bea}
beapool037.jpg,138953,8793fa71,\Gallery 58\10 - Bea\,{Shemale Yum Dvd03~G58~10~10 - Bea}
beapool038.jpg,123952,6e456297,\Gallery 58\10 - Bea\,{Shemale Yum Dvd03~G58~10~10 - Bea}
beapool039.jpg,136646,dacfcc06,\Gallery 58\10 - Bea\,{Shemale Yum Dvd03~G58~10~10 - Bea}
beapool040.jpg,139349,aaaab00a,\Gallery 58\10 - Bea\,{Shemale Yum Dvd03~G58~10~10 - Bea}
beapool041.jpg,122891,51f6e51e,\Gallery 58\10 - Bea\,{Shemale Yum Dvd03~G58~10~10 - Bea}
beapool042.jpg,128349,cdd1cfe2,\Gallery 58\10 - Bea\,{Shemale Yum Dvd03~G58~10~10 - Bea}
beapool043.jpg,126897,0c6b1063,\Gallery 58\10 - Bea\,{Shemale Yum Dvd03~G58~10~10 - Bea}
beapool044.jpg,126178,d7d3d285,\Gallery 58\10 - Bea\,{Shemale Yum Dvd03~G58~10~10 - Bea}
beapool045.jpg,143780,c3d7a292,\Gallery 58\10 - Bea\,{Shemale Yum Dvd03~G58~10~10 - Bea}
beapool046.jpg,155426,eb2e34de,\Gallery 58\10 - Bea\,{Shemale Yum Dvd03~G58~10~10 - Bea}
beapool047.jpg,162353,55353f28,\Gallery 58\10 - Bea\,{Shemale Yum Dvd03~G58~10~10 - Bea}
beapool048.jpg,147447,2d9b2dfc,\Gallery 58\10 - Bea\,{Shemale Yum Dvd03~G58~10~10 - Bea}
beapool049.jpg,151406,26441672,\Gallery 58\10 - Bea\,{Shemale Yum Dvd03~G58~10~10 - Bea}
beapool050.jpg,149104,856775f8,\Gallery 58\10 - Bea\,{Shemale Yum Dvd03~G58~10~10 - Bea}
beapool051.jpg,141113,f76ccfad,\Gallery 58\10 - Bea\,{Shemale Yum Dvd03~G58~10~10 - Bea}
beapool052.jpg,142759,67a3fa38,\Gallery 58\10 - Bea\,{Shemale Yum Dvd03~G58~10~10 - Bea}
beapool053.jpg,142458,c1b9d774,\Gallery 58\10 - Bea\,{Shemale Yum Dvd03~G58~10~10 - Bea}
beapool054.jpg,148381,3dff0298,\Gallery 58\10 - Bea\,{Shemale Yum Dvd03~G58~10~10 - Bea}
beapool055.jpg,128360,33a49f76,\Gallery 58\10 - Bea\,{Shemale Yum Dvd03~G58~10~10 - Bea}
beapool056.jpg,159426,8ef7a5ec,\Gallery 58\10 - Bea\,{Shemale Yum Dvd03~G58~10~10 - Bea}
beapool057.jpg,159832,e5847d2e,\Gallery 58\10 - Bea\,{Shemale Yum Dvd03~G58~10~10 - Bea}
beapool058.jpg,165027,c955fb16,\Gallery 58\10 - Bea\,{Shemale Yum Dvd03~G58~10~10 - Bea}
beapool059.jpg,147265,af2fa88b,\Gallery 58\10 - Bea\,{Shemale Yum Dvd03~G58~10~10 - Bea}
beapool060.jpg,161313,0ededb9f,\Gallery 58\10 - Bea\,{Shemale Yum Dvd03~G58~10~10 - Bea}
beapool061.jpg,150135,eec17557,\Gallery 58\10 - Bea\,{Shemale Yum Dvd03~G58~10~10 - Bea}
beapool062.jpg,162212,cc486b09,\Gallery 58\10 - Bea\,{Shemale Yum Dvd03~G58~10~10 - Bea}
beapool063.jpg,165101,c9bcd582,\Gallery 58\10 - Bea\,{Shemale Yum Dvd03~G58~10~10 - Bea}
beapool064.jpg,166572,5b38d123,\Gallery 58\10 - Bea\,{Shemale Yum Dvd03~G58~10~10 - Bea}
beapool065.jpg,147857,636ed976,\Gallery 58\10 - Bea\,{Shemale Yum Dvd03~G58~10~10 - Bea}
beapool066.jpg,152561,6bd39bac,\Gallery 58\10 - Bea\,{Shemale Yum Dvd03~G58~10~10 - Bea}
beapool067.jpg,143528,d4488e5f,\Gallery 58\10 - Bea\,{Shemale Yum Dvd03~G58~10~10 - Bea}
beapool068.jpg,126137,e5dbad79,\Gallery 58\10 - Bea\,{Shemale Yum Dvd03~G58~10~10 - Bea}
beapool069.jpg,177701,08c47fdd,\Gallery 58\10 - Bea\,{Shemale Yum Dvd03~G58~10~10 - Bea}
beapool070.jpg,176410,0b7302d3,\Gallery 58\10 - Bea\,{Shemale Yum Dvd03~G58~10~10 - Bea}
beapool071.jpg,178882,b6cd0014,\Gallery 58\10 - Bea\,{Shemale Yum Dvd03~G58~10~10 - Bea}
beapool072.jpg,170082,d8e2c01a,\Gallery 58\10 - Bea\,{Shemale Yum Dvd03~G58~10~10 - Bea}
beapool073.jpg,173050,f1e49939,\Gallery 58\10 - Bea\,{Shemale Yum Dvd03~G58~10~10 - Bea}
beapool074.jpg,144969,ba724b64,\Gallery 58\10 - Bea\,{Shemale Yum Dvd03~G58~10~10 - Bea}
beapool075.jpg,160174,61bbf957,\Gallery 58\10 - Bea\,{Shemale Yum Dvd03~G58~10~10 - Bea}
beapool076.jpg,148716,8a09d3a4,\Gallery 58\10 - Bea\,{Shemale Yum Dvd03~G58~10~10 - Bea}
beapool077.jpg,141806,c3b458f0,\Gallery 58\10 - Bea\,{Shemale Yum Dvd03~G58~10~10 - Bea}
beapool078.jpg,167387,e8c2e81c,\Gallery 58\10 - Bea\,{Shemale Yum Dvd03~G58~10~10 - Bea}
beapool079.jpg,149853,b054e301,\Gallery 58\10 - Bea\,{Shemale Yum Dvd03~G58~10~10 - Bea}
beapool080.jpg,162071,e7d7c23d,\Gallery 58\10 - Bea\,{Shemale Yum Dvd03~G58~10~10 - Bea}
beapool081.jpg,140202,dbc536e2,\Gallery 58\10 - Bea\,{Shemale Yum Dvd03~G58~10~10 - Bea}
beapool082.jpg,157228,5ef0da80,\Gallery 58\10 - Bea\,{Shemale Yum Dvd03~G58~10~10 - Bea}
beapool083.jpg,167846,fb9cbf77,\Gallery 58\10 - Bea\,{Shemale Yum Dvd03~G58~10~10 - Bea}
beapool084.jpg,171974,fa3d4ac7,\Gallery 58\10 - Bea\,{Shemale Yum Dvd03~G58~10~10 - Bea}
beapool085.jpg,182396,8cf243d4,\Gallery 58\10 - Bea\,{Shemale Yum Dvd03~G58~10~10 - Bea}
beapool086.jpg,167662,ec63ad1d,\Gallery 58\10 - Bea\,{Shemale Yum Dvd03~G58~10~10 - Bea}
beapool087.jpg,154307,e0d7334a,\Gallery 58\10 - Bea\,{Shemale Yum Dvd03~G58~10~10 - Bea}
beapool088.jpg,163589,8bb9f8c2,\Gallery 58\10 - Bea\,{Shemale Yum Dvd03~G58~10~10 - Bea}
beapool089.jpg,160793,8661f3ee,\Gallery 58\10 - Bea\,{Shemale Yum Dvd03~G58~10~10 - Bea}
beapool090.jpg,170483,59e91837,\Gallery 58\10 - Bea\,{Shemale Yum Dvd03~G58~10~10 - Bea}
beapool091.jpg,163916,2509332b,\Gallery 58\10 - Bea\,{Shemale Yum Dvd03~G58~10~10 - Bea}
beapool092.jpg,154561,84891d43,\Gallery 58\10 - Bea\,{Shemale Yum Dvd03~G58~10~10 - Bea}
beapool093.jpg,159023,fa054a7c,\Gallery 58\10 - Bea\,{Shemale Yum Dvd03~G58~10~10 - Bea}
beapool094.jpg,163360,a9f89c2d,\Gallery 58\10 - Bea\,{Shemale Yum Dvd03~G58~10~10 - Bea}
beapool095.jpg,146368,4ebac49f,\Gallery 58\10 - Bea\,{Shemale Yum Dvd03~G58~10~10 - Bea}
bearay001.jpg,130341,a93764a0,\Gallery 58\10 - Bea (2)\,{Shemale Yum Dvd03~G58~10-2~10 - Bea (2)}
bearay002.jpg,103137,64777099,\Gallery 58\10 - Bea (2)\,{Shemale Yum Dvd03~G58~10-2~10 - Bea (2)}
bearay004.jpg,140269,3d0e8c4d,\Gallery 58\10 - Bea (2)\,{Shemale Yum Dvd03~G58~10-2~10 - Bea (2)}
bearay005.jpg,145090,78405994,\Gallery 58\10 - Bea (2)\,{Shemale Yum Dvd03~G58~10-2~10 - Bea (2)}
bearay006.jpg,148411,b8c17ac3,\Gallery 58\10 - Bea (2)\,{Shemale Yum Dvd03~G58~10-2~10 - Bea (2)}
bearay007.jpg,116155,611547ce,\Gallery 58\10 - Bea (2)\,{Shemale Yum Dvd03~G58~10-2~10 - Bea (2)}
bearay008.jpg,134256,58c40201,\Gallery 58\10 - Bea (2)\,{Shemale Yum Dvd03~G58~10-2~10 - Bea (2)}
bearay009.jpg,137249,0f6d1881,\Gallery 58\10 - Bea (2)\,{Shemale Yum Dvd03~G58~10-2~10 - Bea (2)}
bearay010.jpg,131546,497df6e5,\Gallery 58\10 - Bea (2)\,{Shemale Yum Dvd03~G58~10-2~10 - Bea (2)}
bearay011.jpg,143635,41785a6c,\Gallery 58\10 - Bea (2)\,{Shemale Yum Dvd03~G58~10-2~10 - Bea (2)}
bearay012.jpg,157404,a739de16,\Gallery 58\10 - Bea (2)\,{Shemale Yum Dvd03~G58~10-2~10 - Bea (2)}
bearay013.jpg,148471,0dd5aee6,\Gallery 58\10 - Bea (2)\,{Shemale Yum Dvd03~G58~10-2~10 - Bea (2)}
bearay014.jpg,143439,6b3d423a,\Gallery 58\10 - Bea (2)\,{Shemale Yum Dvd03~G58~10-2~10 - Bea (2)}
bearay015.jpg,152834,25b01030,\Gallery 58\10 - Bea (2)\,{Shemale Yum Dvd03~G58~10-2~10 - Bea (2)}
bearay016.jpg,147248,d1738a8d,\Gallery 58\10 - Bea (2)\,{Shemale Yum Dvd03~G58~10-2~10 - Bea (2)}
bearay017.jpg,133388,19b3ffd1,\Gallery 58\10 - Bea (2)\,{Shemale Yum Dvd03~G58~10-2~10 - Bea (2)}
bearay018.jpg,128277,4ba8a628,\Gallery 58\10 - Bea (2)\,{Shemale Yum Dvd03~G58~10-2~10 - Bea (2)}
bearay019.jpg,146796,9ad03358,\Gallery 58\10 - Bea (2)\,{Shemale Yum Dvd03~G58~10-2~10 - Bea (2)}
bearay020.jpg,151774,5b5852e8,\Gallery 58\10 - Bea (2)\,{Shemale Yum Dvd03~G58~10-2~10 - Bea (2)}
bearay021.jpg,151097,54e1526c,\Gallery 58\10 - Bea (2)\,{Shemale Yum Dvd03~G58~10-2~10 - Bea (2)}
bearay022.jpg,153028,662819fe,\Gallery 58\10 - Bea (2)\,{Shemale Yum Dvd03~G58~10-2~10 - Bea (2)}
bearay023.jpg,139080,a8b77f32,\Gallery 58\10 - Bea (2)\,{Shemale Yum Dvd03~G58~10-2~10 - Bea (2)}
bearay024.jpg,136155,62bf0401,\Gallery 58\10 - Bea (2)\,{Shemale Yum Dvd03~G58~10-2~10 - Bea (2)}
bearay025.jpg,133740,0e0f9b2f,\Gallery 58\10 - Bea (2)\,{Shemale Yum Dvd03~G58~10-2~10 - Bea (2)}
bearay026.jpg,164647,355fb01f,\Gallery 58\10 - Bea (2)\,{Shemale Yum Dvd03~G58~10-2~10 - Bea (2)}
bearay027.jpg,136797,4fa8b776,\Gallery 58\10 - Bea (2)\,{Shemale Yum Dvd03~G58~10-2~10 - Bea (2)}
bearay028.jpg,121129,708c2667,\Gallery 58\10 - Bea (2)\,{Shemale Yum Dvd03~G58~10-2~10 - Bea (2)}
bearay029.jpg,125292,5d26a41e,\Gallery 58\10 - Bea (2)\,{Shemale Yum Dvd03~G58~10-2~10 - Bea (2)}
bearay030.jpg,99967,97156e58,\Gallery 58\10 - Bea (2)\,{Shemale Yum Dvd03~G58~10-2~10 - Bea (2)}
bearay031.jpg,128520,ca949b4e,\Gallery 58\10 - Bea (2)\,{Shemale Yum Dvd03~G58~10-2~10 - Bea (2)}
bearay032.jpg,137855,f7988e56,\Gallery 58\10 - Bea (2)\,{Shemale Yum Dvd03~G58~10-2~10 - Bea (2)}
bearay033.jpg,132391,1d9d8fde,\Gallery 58\10 - Bea (2)\,{Shemale Yum Dvd03~G58~10-2~10 - Bea (2)}
bearay034.jpg,140293,221d2dbf,\Gallery 58\10 - Bea (2)\,{Shemale Yum Dvd03~G58~10-2~10 - Bea (2)}
bearay035.jpg,136698,293d9f93,\Gallery 58\10 - Bea (2)\,{Shemale Yum Dvd03~G58~10-2~10 - Bea (2)}
bearay036.jpg,138355,ea71c551,\Gallery 58\10 - Bea (2)\,{Shemale Yum Dvd03~G58~10-2~10 - Bea (2)}
bearay037.jpg,110757,8e578a0e,\Gallery 58\10 - Bea (2)\,{Shemale Yum Dvd03~G58~10-2~10 - Bea (2)}
bearay038.jpg,105164,f8f80115,\Gallery 58\10 - Bea (2)\,{Shemale Yum Dvd03~G58~10-2~10 - Bea (2)}
bearay039.jpg,102212,a25da2a0,\Gallery 58\10 - Bea (2)\,{Shemale Yum Dvd03~G58~10-2~10 - Bea (2)}
bearay040.jpg,98807,2ac77682,\Gallery 58\10 - Bea (2)\,{Shemale Yum Dvd03~G58~10-2~10 - Bea (2)}
bearay041.jpg,167166,e2c83cfc,\Gallery 58\10 - Bea (2)\,{Shemale Yum Dvd03~G58~10-2~10 - Bea (2)}
bearay042.jpg,133768,690e1a3d,\Gallery 58\10 - Bea (2)\,{Shemale Yum Dvd03~G58~10-2~10 - Bea (2)}
bearay043.jpg,126232,e7bf2580,\Gallery 58\10 - Bea (2)\,{Shemale Yum Dvd03~G58~10-2~10 - Bea (2)}
bearay044.jpg,124742,156768b7,\Gallery 58\10 - Bea (2)\,{Shemale Yum Dvd03~G58~10-2~10 - Bea (2)}
bearay045.jpg,122899,04ca8c41,\Gallery 58\10 - Bea (2)\,{Shemale Yum Dvd03~G58~10-2~10 - Bea (2)}
bearay046.jpg,96986,b252ddb4,\Gallery 58\10 - Bea (2)\,{Shemale Yum Dvd03~G58~10-2~10 - Bea (2)}
bearay047.jpg,88419,1059acd9,\Gallery 58\10 - Bea (2)\,{Shemale Yum Dvd03~G58~10-2~10 - Bea (2)}
bearay048.jpg,117681,6d8032d0,\Gallery 58\10 - Bea (2)\,{Shemale Yum Dvd03~G58~10-2~10 - Bea (2)}
bearay049.jpg,97314,2b63a300,\Gallery 58\10 - Bea (2)\,{Shemale Yum Dvd03~G58~10-2~10 - Bea (2)}
bearay050.jpg,109683,25d43cbf,\Gallery 58\10 - Bea (2)\,{Shemale Yum Dvd03~G58~10-2~10 - Bea (2)}
bearay051.jpg,93916,68586e64,\Gallery 58\10 - Bea (2)\,{Shemale Yum Dvd03~G58~10-2~10 - Bea (2)}
bearay052.jpg,98625,4d0fca19,\Gallery 58\10 - Bea (2)\,{Shemale Yum Dvd03~G58~10-2~10 - Bea (2)}
bearay053.jpg,117123,c48a080d,\Gallery 58\10 - Bea (2)\,{Shemale Yum Dvd03~G58~10-2~10 - Bea (2)}
bearay054.jpg,155425,c02ba050,\Gallery 58\10 - Bea (2)\,{Shemale Yum Dvd03~G58~10-2~10 - Bea (2)}
bearay055.jpg,88745,e0fa2445,\Gallery 58\10 - Bea (2)\,{Shemale Yum Dvd03~G58~10-2~10 - Bea (2)}
bearay056.jpg,139317,eea8e7ee,\Gallery 58\10 - Bea (2)\,{Shemale Yum Dvd03~G58~10-2~10 - Bea (2)}
bearay057.jpg,145472,e9fd055f,\Gallery 58\10 - Bea (2)\,{Shemale Yum Dvd03~G58~10-2~10 - Bea (2)}
bearay058.jpg,166001,f86133a6,\Gallery 58\10 - Bea (2)\,{Shemale Yum Dvd03~G58~10-2~10 - Bea (2)}
bearay059.jpg,119859,37ce0e14,\Gallery 58\10 - Bea (2)\,{Shemale Yum Dvd03~G58~10-2~10 - Bea (2)}
bearay060.jpg,92640,cbb32f21,\Gallery 58\10 - Bea (2)\,{Shemale Yum Dvd03~G58~10-2~10 - Bea (2)}
bearay061.jpg,126398,5d26080d,\Gallery 58\10 - Bea (2)\,{Shemale Yum Dvd03~G58~10-2~10 - Bea (2)}
bearay062.jpg,175446,ea4c56e6,\Gallery 58\10 - Bea (2)\,{Shemale Yum Dvd03~G58~10-2~10 - Bea (2)}
bearay063.jpg,177883,ed6ed704,\Gallery 58\10 - Bea (2)\,{Shemale Yum Dvd03~G58~10-2~10 - Bea (2)}
bearay064.jpg,181886,01743099,\Gallery 58\10 - Bea (2)\,{Shemale Yum Dvd03~G58~10-2~10 - Bea (2)}
bearay065.jpg,133637,966e8b01,\Gallery 58\10 - Bea (2)\,{Shemale Yum Dvd03~G58~10-2~10 - Bea (2)}
bearay066.jpg,186126,03a3027f,\Gallery 58\10 - Bea (2)\,{Shemale Yum Dvd03~G58~10-2~10 - Bea (2)}
bearay067.jpg,182567,8c51aeb1,\Gallery 58\10 - Bea (2)\,{Shemale Yum Dvd03~G58~10-2~10 - Bea (2)}
bearay068.jpg,156476,fa376724,\Gallery 58\10 - Bea (2)\,{Shemale Yum Dvd03~G58~10-2~10 - Bea (2)}
bearay069.jpg,146370,cf115fcc,\Gallery 58\10 - Bea (2)\,{Shemale Yum Dvd03~G58~10-2~10 - Bea (2)}
bearay070.jpg,149073,d2438362,\Gallery 58\10 - Bea (2)\,{Shemale Yum Dvd03~G58~10-2~10 - Bea (2)}
bearay071.jpg,152619,8312ed81,\Gallery 58\10 - Bea (2)\,{Shemale Yum Dvd03~G58~10-2~10 - Bea (2)}
bearay072.jpg,158650,78d1d29f,\Gallery 58\10 - Bea (2)\,{Shemale Yum Dvd03~G58~10-2~10 - Bea (2)}
bearay073.jpg,142529,ca3b7758,\Gallery 58\10 - Bea (2)\,{Shemale Yum Dvd03~G58~10-2~10 - Bea (2)}
bearay074.jpg,138645,da5d51f4,\Gallery 58\10 - Bea (2)\,{Shemale Yum Dvd03~G58~10-2~10 - Bea (2)}
bearay075.jpg,160706,d2f80443,\Gallery 58\10 - Bea (2)\,{Shemale Yum Dvd03~G58~10-2~10 - Bea (2)}
bearay076.jpg,154375,4627bd92,\Gallery 58\10 - Bea (2)\,{Shemale Yum Dvd03~G58~10-2~10 - Bea (2)}
bearay077.jpg,164228,7fea2075,\Gallery 58\10 - Bea (2)\,{Shemale Yum Dvd03~G58~10-2~10 - Bea (2)}
bearay078.jpg,159168,1b5e0a40,\Gallery 58\10 - Bea (2)\,{Shemale Yum Dvd03~G58~10-2~10 - Bea (2)}
bearay079.jpg,146284,c597c37d,\Gallery 58\10 - Bea (2)\,{Shemale Yum Dvd03~G58~10-2~10 - Bea (2)}
bearay080.jpg,127136,9edc8136,\Gallery 58\10 - Bea (2)\,{Shemale Yum Dvd03~G58~10-2~10 - Bea (2)}
bearay081.jpg,152369,2f0a1a9f,\Gallery 58\10 - Bea (2)\,{Shemale Yum Dvd03~G58~10-2~10 - Bea (2)}
bearay082.jpg,150024,0b4de272,\Gallery 58\10 - Bea (2)\,{Shemale Yum Dvd03~G58~10-2~10 - Bea (2)}
bearay083.jpg,145645,ccbeb8c0,\Gallery 58\10 - Bea (2)\,{Shemale Yum Dvd03~G58~10-2~10 - Bea (2)}
bearay084.jpg,152327,b773b657,\Gallery 58\10 - Bea (2)\,{Shemale Yum Dvd03~G58~10-2~10 - Bea (2)}
bearay085.jpg,138049,843bb572,\Gallery 58\10 - Bea (2)\,{Shemale Yum Dvd03~G58~10-2~10 - Bea (2)}
bearay086.jpg,174506,2381a42e,\Gallery 58\10 - Bea (2)\,{Shemale Yum Dvd03~G58~10-2~10 - Bea (2)}
bearay087.jpg,180291,7b54e81a,\Gallery 58\10 - Bea (2)\,{Shemale Yum Dvd03~G58~10-2~10 - Bea (2)}
bearay088.jpg,157715,b321517a,\Gallery 58\10 - Bea (2)\,{Shemale Yum Dvd03~G58~10-2~10 - Bea (2)}
bearay089.jpg,187582,f806e84a,\Gallery 58\10 - Bea (2)\,{Shemale Yum Dvd03~G58~10-2~10 - Bea (2)}
bearay090.jpg,173036,1ce10757,\Gallery 58\10 - Bea (2)\,{Shemale Yum Dvd03~G58~10-2~10 - Bea (2)}
bearay091.jpg,118106,36228d7c,\Gallery 58\10 - Bea (2)\,{Shemale Yum Dvd03~G58~10-2~10 - Bea (2)}
bearay092.jpg,125810,23a52eaa,\Gallery 58\10 - Bea (2)\,{Shemale Yum Dvd03~G58~10-2~10 - Bea (2)}
bearay093.jpg,138218,5b4db2a0,\Gallery 58\10 - Bea (2)\,{Shemale Yum Dvd03~G58~10-2~10 - Bea (2)}
bearay094.jpg,158892,7653f197,\Gallery 58\10 - Bea (2)\,{Shemale Yum Dvd03~G58~10-2~10 - Bea (2)}
bearay095.jpg,152142,175928ee,\Gallery 58\10 - Bea (2)\,{Shemale Yum Dvd03~G58~10-2~10 - Bea (2)}
bearay096.jpg,165086,fd4ed509,\Gallery 58\10 - Bea (2)\,{Shemale Yum Dvd03~G58~10-2~10 - Bea (2)}
bearay097.jpg,126943,43d3db6a,\Gallery 58\10 - Bea (2)\,{Shemale Yum Dvd03~G58~10-2~10 - Bea (2)}
bearay098.jpg,183503,a559c819,\Gallery 58\10 - Bea (2)\,{Shemale Yum Dvd03~G58~10-2~10 - Bea (2)}
bearay099.jpg,158762,39ef85a8,\Gallery 58\10 - Bea (2)\,{Shemale Yum Dvd03~G58~10-2~10 - Bea (2)}
bearay100.jpg,169660,9b2fdf3c,\Gallery 58\10 - Bea (2)\,{Shemale Yum Dvd03~G58~10-2~10 - Bea (2)}
bearay101.jpg,122576,45e6df49,\Gallery 58\10 - Bea (2)\,{Shemale Yum Dvd03~G58~10-2~10 - Bea (2)}
bearay102.jpg,183139,e2e58840,\Gallery 58\10 - Bea (2)\,{Shemale Yum Dvd03~G58~10-2~10 - Bea (2)}
bearay103.jpg,183651,62c65140,\Gallery 58\10 - Bea (2)\,{Shemale Yum Dvd03~G58~10-2~10 - Bea (2)}
bearay104.jpg,142240,35014f9f,\Gallery 58\10 - Bea (2)\,{Shemale Yum Dvd03~G58~10-2~10 - Bea (2)}
bearay105.jpg,155485,44556dde,\Gallery 58\10 - Bea (2)\,{Shemale Yum Dvd03~G58~10-2~10 - Bea (2)}
bearay106.jpg,137789,8ebfc07e,\Gallery 58\10 - Bea (2)\,{Shemale Yum Dvd03~G58~10-2~10 - Bea (2)}
bearay107.jpg,127536,35ec4164,\Gallery 58\10 - Bea (2)\,{Shemale Yum Dvd03~G58~10-2~10 - Bea (2)}
bearay108.jpg,142901,47530a65,\Gallery 58\10 - Bea (2)\,{Shemale Yum Dvd03~G58~10-2~10 - Bea (2)}
bearay109.jpg,140079,435c3f7e,\Gallery 58\10 - Bea (2)\,{Shemale Yum Dvd03~G58~10-2~10 - Bea (2)}
bearay110.jpg,126359,53d6db57,\Gallery 58\10 - Bea (2)\,{Shemale Yum Dvd03~G58~10-2~10 - Bea (2)}
bearay111.jpg,122825,64860c82,\Gallery 58\10 - Bea (2)\,{Shemale Yum Dvd03~G58~10-2~10 - Bea (2)}
bearay112.jpg,175360,bd77e277,\Gallery 58\10 - Bea (2)\,{Shemale Yum Dvd03~G58~10-2~10 - Bea (2)}
bearay113.jpg,129473,ee08f12b,\Gallery 58\10 - Bea (2)\,{Shemale Yum Dvd03~G58~10-2~10 - Bea (2)}
bearay114.jpg,114430,1030f210,\Gallery 58\10 - Bea (2)\,{Shemale Yum Dvd03~G58~10-2~10 - Bea (2)}
bearay115.jpg,159881,9bd4ef17,\Gallery 58\10 - Bea (2)\,{Shemale Yum Dvd03~G58~10-2~10 - Bea (2)}
bearay116.jpg,149205,daa7f016,\Gallery 58\10 - Bea (2)\,{Shemale Yum Dvd03~G58~10-2~10 - Bea (2)}
bearay117.jpg,162131,192f2718,\Gallery 58\10 - Bea (2)\,{Shemale Yum Dvd03~G58~10-2~10 - Bea (2)}
bearay118.jpg,160132,2774ef90,\Gallery 58\10 - Bea (2)\,{Shemale Yum Dvd03~G58~10-2~10 - Bea (2)}
bearay119.jpg,182122,52ed7161,\Gallery 58\10 - Bea (2)\,{Shemale Yum Dvd03~G58~10-2~10 - Bea (2)}
bearay120.jpg,176464,eb8b8152,\Gallery 58\10 - Bea (2)\,{Shemale Yum Dvd03~G58~10-2~10 - Bea (2)}
bearay121.jpg,164396,68519560,\Gallery 58\10 - Bea (2)\,{Shemale Yum Dvd03~G58~10-2~10 - Bea (2)}
bearay122.jpg,178320,95a73b74,\Gallery 58\10 - Bea (2)\,{Shemale Yum Dvd03~G58~10-2~10 - Bea (2)}
bearay123.jpg,159915,d1f62ff6,\Gallery 58\10 - Bea (2)\,{Shemale Yum Dvd03~G58~10-2~10 - Bea (2)}
bearay124.jpg,97746,48b77f17,\Gallery 58\10 - Bea (2)\,{Shemale Yum Dvd03~G58~10-2~10 - Bea (2)}
bearay125.jpg,112837,7fea62bd,\Gallery 58\10 - Bea (2)\,{Shemale Yum Dvd03~G58~10-2~10 - Bea (2)}
bearay126.jpg,168901,cafec8c1,\Gallery 58\10 - Bea (2)\,{Shemale Yum Dvd03~G58~10-2~10 - Bea (2)}
bearay127.jpg,120018,0d9dfc82,\Gallery 58\10 - Bea (2)\,{Shemale Yum Dvd03~G58~10-2~10 - Bea (2)}
bearay128.jpg,114253,a7f3b3e8,\Gallery 58\10 - Bea (2)\,{Shemale Yum Dvd03~G58~10-2~10 - Bea (2)}
bearay129.jpg,122328,2a681adf,\Gallery 58\10 - Bea (2)\,{Shemale Yum Dvd03~G58~10-2~10 - Bea (2)}
bearay130.jpg,120816,c0e2ecae,\Gallery 58\10 - Bea (2)\,{Shemale Yum Dvd03~G58~10-2~10 - Bea (2)}
mystique001.jpg,148553,2cc97e5a,\Gallery 60\01 - Mystique\,{Shemale Yum Dvd03~G60~01~01 - Mystique}
mystique002.jpg,136697,3acdcca4,\Gallery 60\01 - Mystique\,{Shemale Yum Dvd03~G60~01~01 - Mystique}
mystique003.jpg,134378,82c25a48,\Gallery 60\01 - Mystique\,{Shemale Yum Dvd03~G60~01~01 - Mystique}
mystique004.jpg,141476,d81c1d2c,\Gallery 60\01 - Mystique\,{Shemale Yum Dvd03~G60~01~01 - Mystique}
mystique005.jpg,139821,edf8d59c,\Gallery 60\01 - Mystique\,{Shemale Yum Dvd03~G60~01~01 - Mystique}
mystique006.jpg,148293,13620a3b,\Gallery 60\01 - Mystique\,{Shemale Yum Dvd03~G60~01~01 - Mystique}
mystique007.jpg,142525,39877d6e,\Gallery 60\01 - Mystique\,{Shemale Yum Dvd03~G60~01~01 - Mystique}
mystique008.jpg,143394,ddf4100b,\Gallery 60\01 - Mystique\,{Shemale Yum Dvd03~G60~01~01 - Mystique}
mystique009.jpg,151186,d1fbdcc5,\Gallery 60\01 - Mystique\,{Shemale Yum Dvd03~G60~01~01 - Mystique}
mystique010.jpg,161073,8cab790e,\Gallery 60\01 - Mystique\,{Shemale Yum Dvd03~G60~01~01 - Mystique}
mystique011.jpg,128841,00fd7e85,\Gallery 60\01 - Mystique\,{Shemale Yum Dvd03~G60~01~01 - Mystique}
mystique012.jpg,124131,56855a7f,\Gallery 60\01 - Mystique\,{Shemale Yum Dvd03~G60~01~01 - Mystique}
mystique014.jpg,152327,9bc2aa5c,\Gallery 60\01 - Mystique\,{Shemale Yum Dvd03~G60~01~01 - Mystique}
mystique015.jpg,159939,0eef053d,\Gallery 60\01 - Mystique\,{Shemale Yum Dvd03~G60~01~01 - Mystique}
mystique016.jpg,190159,741cb4fd,\Gallery 60\01 - Mystique\,{Shemale Yum Dvd03~G60~01~01 - Mystique}
mystique017.jpg,116347,fa3c050b,\Gallery 60\01 - Mystique\,{Shemale Yum Dvd03~G60~01~01 - Mystique}
mystique018.jpg,156407,1bbfd0a7,\Gallery 60\01 - Mystique\,{Shemale Yum Dvd03~G60~01~01 - Mystique}
mystique019.jpg,157783,95675cb9,\Gallery 60\01 - Mystique\,{Shemale Yum Dvd03~G60~01~01 - Mystique}
mystique020.jpg,155441,d7b1cb55,\Gallery 60\01 - Mystique\,{Shemale Yum Dvd03~G60~01~01 - Mystique}
mystique021.jpg,150619,978fb8d5,\Gallery 60\01 - Mystique\,{Shemale Yum Dvd03~G60~01~01 - Mystique}
mystique022.jpg,139734,25729e01,\Gallery 60\01 - Mystique\,{Shemale Yum Dvd03~G60~01~01 - Mystique}
mystique023.jpg,151141,a0db0ccc,\Gallery 60\01 - Mystique\,{Shemale Yum Dvd03~G60~01~01 - Mystique}
mystique024.jpg,139978,dccacacc,\Gallery 60\01 - Mystique\,{Shemale Yum Dvd03~G60~01~01 - Mystique}
mystique025.jpg,147031,b23c9db7,\Gallery 60\01 - Mystique\,{Shemale Yum Dvd03~G60~01~01 - Mystique}
mystique026.jpg,149453,ef30c742,\Gallery 60\01 - Mystique\,{Shemale Yum Dvd03~G60~01~01 - Mystique}
mystique027.jpg,150901,c29995a9,\Gallery 60\01 - Mystique\,{Shemale Yum Dvd03~G60~01~01 - Mystique}
mystique028.jpg,143258,7fdb96f6,\Gallery 60\01 - Mystique\,{Shemale Yum Dvd03~G60~01~01 - Mystique}
mystique029.jpg,151137,9860488c,\Gallery 60\01 - Mystique\,{Shemale Yum Dvd03~G60~01~01 - Mystique}
mystique030.jpg,150151,87dc233e,\Gallery 60\01 - Mystique\,{Shemale Yum Dvd03~G60~01~01 - Mystique}
mystique031.jpg,144948,8c59fbfb,\Gallery 60\01 - Mystique\,{Shemale Yum Dvd03~G60~01~01 - Mystique}
mystique032.jpg,143921,8fc532bb,\Gallery 60\01 - Mystique\,{Shemale Yum Dvd03~G60~01~01 - Mystique}
mystique034.jpg,159242,e9b6326d,\Gallery 60\01 - Mystique\,{Shemale Yum Dvd03~G60~01~01 - Mystique}
mystique035.jpg,131745,20deee87,\Gallery 60\01 - Mystique\,{Shemale Yum Dvd03~G60~01~01 - Mystique}
mystique036.jpg,162258,429d68b2,\Gallery 60\01 - Mystique\,{Shemale Yum Dvd03~G60~01~01 - Mystique}
mystique037.jpg,138803,4e0b23b0,\Gallery 60\01 - Mystique\,{Shemale Yum Dvd03~G60~01~01 - Mystique}
mystique038.jpg,139814,afde2271,\Gallery 60\01 - Mystique\,{Shemale Yum Dvd03~G60~01~01 - Mystique}
mystique040.jpg,188933,eef78af8,\Gallery 60\01 - Mystique\,{Shemale Yum Dvd03~G60~01~01 - Mystique}
mystique041.jpg,166920,dc2fd5a1,\Gallery 60\01 - Mystique\,{Shemale Yum Dvd03~G60~01~01 - Mystique}
mystique042.jpg,159334,03fbc230,\Gallery 60\01 - Mystique\,{Shemale Yum Dvd03~G60~01~01 - Mystique}
mystique043.jpg,176704,3e75deb1,\Gallery 60\01 - Mystique\,{Shemale Yum Dvd03~G60~01~01 - Mystique}
mystique044.jpg,179604,ccc5eec1,\Gallery 60\01 - Mystique\,{Shemale Yum Dvd03~G60~01~01 - Mystique}
mystique047.jpg,162553,16a98aef,\Gallery 60\01 - Mystique\,{Shemale Yum Dvd03~G60~01~01 - Mystique}
mystique048.jpg,139246,334c7e87,\Gallery 60\01 - Mystique\,{Shemale Yum Dvd03~G60~01~01 - Mystique}
mystique049.jpg,132078,26f681ab,\Gallery 60\01 - Mystique\,{Shemale Yum Dvd03~G60~01~01 - Mystique}
mystique050.jpg,129789,becb9e34,\Gallery 60\01 - Mystique\,{Shemale Yum Dvd03~G60~01~01 - Mystique}
mystique051.jpg,166795,61ca524f,\Gallery 60\01 - Mystique\,{Shemale Yum Dvd03~G60~01~01 - Mystique}
mystique052.jpg,159852,0d5f0439,\Gallery 60\01 - Mystique\,{Shemale Yum Dvd03~G60~01~01 - Mystique}
mystique053.jpg,163017,644b85d9,\Gallery 60\01 - Mystique\,{Shemale Yum Dvd03~G60~01~01 - Mystique}
mystique054.jpg,164979,886636ab,\Gallery 60\01 - Mystique\,{Shemale Yum Dvd03~G60~01~01 - Mystique}
mystique055.jpg,177222,ff643da2,\Gallery 60\01 - Mystique\,{Shemale Yum Dvd03~G60~01~01 - Mystique}
mystique056.jpg,178790,3a3a5f9e,\Gallery 60\01 - Mystique\,{Shemale Yum Dvd03~G60~01~01 - Mystique}
mystique057.jpg,158528,93ecc1bd,\Gallery 60\01 - Mystique\,{Shemale Yum Dvd03~G60~01~01 - Mystique}
mystique058.jpg,140523,40f3bbde,\Gallery 60\01 - Mystique\,{Shemale Yum Dvd03~G60~01~01 - Mystique}
mystique059.jpg,129332,634726e6,\Gallery 60\01 - Mystique\,{Shemale Yum Dvd03~G60~01~01 - Mystique}
mystique060.jpg,144778,876b3152,\Gallery 60\01 - Mystique\,{Shemale Yum Dvd03~G60~01~01 - Mystique}
mystique061.jpg,146165,fe767357,\Gallery 60\01 - Mystique\,{Shemale Yum Dvd03~G60~01~01 - Mystique}
mystique062.jpg,136105,5e7a2bdd,\Gallery 60\01 - Mystique\,{Shemale Yum Dvd03~G60~01~01 - Mystique}
mystique063.jpg,142726,d3a6cb70,\Gallery 60\01 - Mystique\,{Shemale Yum Dvd03~G60~01~01 - Mystique}
mystique064.jpg,154310,ca03abd1,\Gallery 60\01 - Mystique\,{Shemale Yum Dvd03~G60~01~01 - Mystique}
mystique065.jpg,156706,b5fa1e77,\Gallery 60\01 - Mystique\,{Shemale Yum Dvd03~G60~01~01 - Mystique}
mystique066.jpg,138967,6358e6e5,\Gallery 60\01 - Mystique\,{Shemale Yum Dvd03~G60~01~01 - Mystique}
mystique067.jpg,131848,63e4ccde,\Gallery 60\01 - Mystique\,{Shemale Yum Dvd03~G60~01~01 - Mystique}
mystique068.jpg,142019,f1202d50,\Gallery 60\01 - Mystique\,{Shemale Yum Dvd03~G60~01~01 - Mystique}
mystique069.jpg,137761,36cba4db,\Gallery 60\01 - Mystique\,{Shemale Yum Dvd03~G60~01~01 - Mystique}
mystique070.jpg,126690,9a259228,\Gallery 60\01 - Mystique\,{Shemale Yum Dvd03~G60~01~01 - Mystique}
mystique072.jpg,152121,d8ed9561,\Gallery 60\01 - Mystique\,{Shemale Yum Dvd03~G60~01~01 - Mystique}
mystique073.jpg,142470,eb00eaf0,\Gallery 60\01 - Mystique\,{Shemale Yum Dvd03~G60~01~01 - Mystique}
mystique074.jpg,121403,c449c091,\Gallery 60\01 - Mystique\,{Shemale Yum Dvd03~G60~01~01 - Mystique}
mystique076.jpg,132813,995182dc,\Gallery 60\01 - Mystique\,{Shemale Yum Dvd03~G60~01~01 - Mystique}
mystique077.jpg,136323,10558069,\Gallery 60\01 - Mystique\,{Shemale Yum Dvd03~G60~01~01 - Mystique}
mystique078.jpg,148699,6f793adb,\Gallery 60\01 - Mystique\,{Shemale Yum Dvd03~G60~01~01 - Mystique}
paulina001.jpg,117509,c81d747b,\Gallery 60\02 - Paulina Anderson\,{Shemale Yum Dvd03~G60~02~02 - Paulina Anderson}
paulina002.jpg,137910,1bdd4bcb,\Gallery 60\02 - Paulina Anderson\,{Shemale Yum Dvd03~G60~02~02 - Paulina Anderson}
paulina003.jpg,111829,0abd7fda,\Gallery 60\02 - Paulina Anderson\,{Shemale Yum Dvd03~G60~02~02 - Paulina Anderson}
paulina004.jpg,142382,2ace005d,\Gallery 60\02 - Paulina Anderson\,{Shemale Yum Dvd03~G60~02~02 - Paulina Anderson}
paulina005.jpg,151005,d84aab3d,\Gallery 60\02 - Paulina Anderson\,{Shemale Yum Dvd03~G60~02~02 - Paulina Anderson}
paulina006.jpg,138619,55dcec0b,\Gallery 60\02 - Paulina Anderson\,{Shemale Yum Dvd03~G60~02~02 - Paulina Anderson}
paulina007.jpg,128809,3459959e,\Gallery 60\02 - Paulina Anderson\,{Shemale Yum Dvd03~G60~02~02 - Paulina Anderson}
paulina009.jpg,142030,15f04394,\Gallery 60\02 - Paulina Anderson\,{Shemale Yum Dvd03~G60~02~02 - Paulina Anderson}
paulina010.jpg,120189,68a4e0e4,\Gallery 60\02 - Paulina Anderson\,{Shemale Yum Dvd03~G60~02~02 - Paulina Anderson}
paulina011.jpg,129261,09d33afd,\Gallery 60\02 - Paulina Anderson\,{Shemale Yum Dvd03~G60~02~02 - Paulina Anderson}
paulina012.jpg,131383,6cadcb80,\Gallery 60\02 - Paulina Anderson\,{Shemale Yum Dvd03~G60~02~02 - Paulina Anderson}
paulina013.jpg,153325,abc23c1f,\Gallery 60\02 - Paulina Anderson\,{Shemale Yum Dvd03~G60~02~02 - Paulina Anderson}
paulina014.jpg,128337,d762b0bc,\Gallery 60\02 - Paulina Anderson\,{Shemale Yum Dvd03~G60~02~02 - Paulina Anderson}
paulina015.jpg,122885,4e2052e5,\Gallery 60\02 - Paulina Anderson\,{Shemale Yum Dvd03~G60~02~02 - Paulina Anderson}
paulina016.jpg,122736,b78eeb79,\Gallery 60\02 - Paulina Anderson\,{Shemale Yum Dvd03~G60~02~02 - Paulina Anderson}
paulina017.jpg,173607,d75b1bcf,\Gallery 60\02 - Paulina Anderson\,{Shemale Yum Dvd03~G60~02~02 - Paulina Anderson}
paulina018.jpg,156970,251daf8b,\Gallery 60\02 - Paulina Anderson\,{Shemale Yum Dvd03~G60~02~02 - Paulina Anderson}
paulina019.jpg,152396,94bd875e,\Gallery 60\02 - Paulina Anderson\,{Shemale Yum Dvd03~G60~02~02 - Paulina Anderson}
paulina021.jpg,167156,16628cb4,\Gallery 60\02 - Paulina Anderson\,{Shemale Yum Dvd03~G60~02~02 - Paulina Anderson}
paulina022.jpg,156769,ae69f106,\Gallery 60\02 - Paulina Anderson\,{Shemale Yum Dvd03~G60~02~02 - Paulina Anderson}
paulina023.jpg,153825,7e1f2544,\Gallery 60\02 - Paulina Anderson\,{Shemale Yum Dvd03~G60~02~02 - Paulina Anderson}
paulina024.jpg,153996,3ce2a7c2,\Gallery 60\02 - Paulina Anderson\,{Shemale Yum Dvd03~G60~02~02 - Paulina Anderson}
paulina025.jpg,167222,753b0bcc,\Gallery 60\02 - Paulina Anderson\,{Shemale Yum Dvd03~G60~02~02 - Paulina Anderson}
paulina026.jpg,151889,5d3c7e88,\Gallery 60\02 - Paulina Anderson\,{Shemale Yum Dvd03~G60~02~02 - Paulina Anderson}
paulina027.jpg,158613,62652382,\Gallery 60\02 - Paulina Anderson\,{Shemale Yum Dvd03~G60~02~02 - Paulina Anderson}
paulina028.jpg,123639,cec60f46,\Gallery 60\02 - Paulina Anderson\,{Shemale Yum Dvd03~G60~02~02 - Paulina Anderson}
paulina029.jpg,144765,ddba5b53,\Gallery 60\02 - Paulina Anderson\,{Shemale Yum Dvd03~G60~02~02 - Paulina Anderson}
paulina031.jpg,146797,ea89cdd8,\Gallery 60\02 - Paulina Anderson\,{Shemale Yum Dvd03~G60~02~02 - Paulina Anderson}
paulina032.jpg,171124,3b6fffa5,\Gallery 60\02 - Paulina Anderson\,{Shemale Yum Dvd03~G60~02~02 - Paulina Anderson}
paulina033.jpg,158146,307e5ead,\Gallery 60\02 - Paulina Anderson\,{Shemale Yum Dvd03~G60~02~02 - Paulina Anderson}
paulina034.jpg,139837,c72e87d8,\Gallery 60\02 - Paulina Anderson\,{Shemale Yum Dvd03~G60~02~02 - Paulina Anderson}
paulina035.jpg,162693,cc46ee71,\Gallery 60\02 - Paulina Anderson\,{Shemale Yum Dvd03~G60~02~02 - Paulina Anderson}
paulina036.jpg,144905,04aeb444,\Gallery 60\02 - Paulina Anderson\,{Shemale Yum Dvd03~G60~02~02 - Paulina Anderson}
paulina037.jpg,164435,5f848f57,\Gallery 60\02 - Paulina Anderson\,{Shemale Yum Dvd03~G60~02~02 - Paulina Anderson}
paulina038.jpg,151389,a9a6d14d,\Gallery 60\02 - Paulina Anderson\,{Shemale Yum Dvd03~G60~02~02 - Paulina Anderson}
paulina040.jpg,151873,84b1f5a5,\Gallery 60\02 - Paulina Anderson\,{Shemale Yum Dvd03~G60~02~02 - Paulina Anderson}
paulina041.jpg,156170,1d586f56,\Gallery 60\02 - Paulina Anderson\,{Shemale Yum Dvd03~G60~02~02 - Paulina Anderson}
paulina042.jpg,149624,a12bcb61,\Gallery 60\02 - Paulina Anderson\,{Shemale Yum Dvd03~G60~02~02 - Paulina Anderson}
paulina043.jpg,162816,2933e128,\Gallery 60\02 - Paulina Anderson\,{Shemale Yum Dvd03~G60~02~02 - Paulina Anderson}
paulina044.jpg,148593,bb4093fb,\Gallery 60\02 - Paulina Anderson\,{Shemale Yum Dvd03~G60~02~02 - Paulina Anderson}
paulina045.jpg,151381,1d60c8fd,\Gallery 60\02 - Paulina Anderson\,{Shemale Yum Dvd03~G60~02~02 - Paulina Anderson}
paulina046.jpg,138206,6215c149,\Gallery 60\02 - Paulina Anderson\,{Shemale Yum Dvd03~G60~02~02 - Paulina Anderson}
paulina047.jpg,153164,fc2b6756,\Gallery 60\02 - Paulina Anderson\,{Shemale Yum Dvd03~G60~02~02 - Paulina Anderson}
paulina048.jpg,144720,552138c6,\Gallery 60\02 - Paulina Anderson\,{Shemale Yum Dvd03~G60~02~02 - Paulina Anderson}
paulina049.jpg,135817,2d1c2bf1,\Gallery 60\02 - Paulina Anderson\,{Shemale Yum Dvd03~G60~02~02 - Paulina Anderson}
paulina050.jpg,165478,417922e7,\Gallery 60\02 - Paulina Anderson\,{Shemale Yum Dvd03~G60~02~02 - Paulina Anderson}
paulina051.jpg,150679,739db0fe,\Gallery 60\02 - Paulina Anderson\,{Shemale Yum Dvd03~G60~02~02 - Paulina Anderson}
paulina053.jpg,153499,d5ed1002,\Gallery 60\02 - Paulina Anderson\,{Shemale Yum Dvd03~G60~02~02 - Paulina Anderson}
paulina054.jpg,174243,0be2becc,\Gallery 60\02 - Paulina Anderson\,{Shemale Yum Dvd03~G60~02~02 - Paulina Anderson}
paulina055.jpg,157671,aa70b5d4,\Gallery 60\02 - Paulina Anderson\,{Shemale Yum Dvd03~G60~02~02 - Paulina Anderson}
paulina056.jpg,144346,8cb2b4c7,\Gallery 60\02 - Paulina Anderson\,{Shemale Yum Dvd03~G60~02~02 - Paulina Anderson}
paulina057.jpg,167430,821a5056,\Gallery 60\02 - Paulina Anderson\,{Shemale Yum Dvd03~G60~02~02 - Paulina Anderson}
paulina058.jpg,168781,0b38a65f,\Gallery 60\02 - Paulina Anderson\,{Shemale Yum Dvd03~G60~02~02 - Paulina Anderson}
paulina059.jpg,151301,cac63247,\Gallery 60\02 - Paulina Anderson\,{Shemale Yum Dvd03~G60~02~02 - Paulina Anderson}
paulina060.jpg,159345,42ddd79d,\Gallery 60\02 - Paulina Anderson\,{Shemale Yum Dvd03~G60~02~02 - Paulina Anderson}
paulina061.jpg,158023,5ba29ffe,\Gallery 60\02 - Paulina Anderson\,{Shemale Yum Dvd03~G60~02~02 - Paulina Anderson}
paulina062.jpg,153885,eb5666f3,\Gallery 60\02 - Paulina Anderson\,{Shemale Yum Dvd03~G60~02~02 - Paulina Anderson}
paulina063.jpg,155630,6a799aee,\Gallery 60\02 - Paulina Anderson\,{Shemale Yum Dvd03~G60~02~02 - Paulina Anderson}
paulina067.jpg,155967,4ddb5fba,\Gallery 60\02 - Paulina Anderson\,{Shemale Yum Dvd03~G60~02~02 - Paulina Anderson}
paulina068.jpg,147133,d170b68b,\Gallery 60\02 - Paulina Anderson\,{Shemale Yum Dvd03~G60~02~02 - Paulina Anderson}
paulina069.jpg,162741,4278aaa3,\Gallery 60\02 - Paulina Anderson\,{Shemale Yum Dvd03~G60~02~02 - Paulina Anderson}
paulina070.jpg,161313,aee040e4,\Gallery 60\02 - Paulina Anderson\,{Shemale Yum Dvd03~G60~02~02 - Paulina Anderson}
paulina071.jpg,158354,07f64261,\Gallery 60\02 - Paulina Anderson\,{Shemale Yum Dvd03~G60~02~02 - Paulina Anderson}
paulina072.jpg,167633,ee711bf0,\Gallery 60\02 - Paulina Anderson\,{Shemale Yum Dvd03~G60~02~02 - Paulina Anderson}
paulina073.jpg,164872,6c105b4b,\Gallery 60\02 - Paulina Anderson\,{Shemale Yum Dvd03~G60~02~02 - Paulina Anderson}
paulina074.jpg,163688,1c7b9377,\Gallery 60\02 - Paulina Anderson\,{Shemale Yum Dvd03~G60~02~02 - Paulina Anderson}
paulina075.jpg,152260,502558e7,\Gallery 60\02 - Paulina Anderson\,{Shemale Yum Dvd03~G60~02~02 - Paulina Anderson}
paulina076.jpg,135906,01068d29,\Gallery 60\02 - Paulina Anderson\,{Shemale Yum Dvd03~G60~02~02 - Paulina Anderson}
paulina077.jpg,160360,4375b710,\Gallery 60\02 - Paulina Anderson\,{Shemale Yum Dvd03~G60~02~02 - Paulina Anderson}
paulina078.jpg,139717,07675ad5,\Gallery 60\02 - Paulina Anderson\,{Shemale Yum Dvd03~G60~02~02 - Paulina Anderson}
paulina079.jpg,137316,338f01ee,\Gallery 60\02 - Paulina Anderson\,{Shemale Yum Dvd03~G60~02~02 - Paulina Anderson}
paulina080.jpg,137231,d05e9d19,\Gallery 60\02 - Paulina Anderson\,{Shemale Yum Dvd03~G60~02~02 - Paulina Anderson}
paulina081.jpg,135039,1191480d,\Gallery 60\02 - Paulina Anderson\,{Shemale Yum Dvd03~G60~02~02 - Paulina Anderson}
paulina082.jpg,142769,109ed7e0,\Gallery 60\02 - Paulina Anderson\,{Shemale Yum Dvd03~G60~02~02 - Paulina Anderson}
paulina084.jpg,161091,2cdcbb34,\Gallery 60\02 - Paulina Anderson\,{Shemale Yum Dvd03~G60~02~02 - Paulina Anderson}
paulina086.jpg,153921,0e3ccfeb,\Gallery 60\02 - Paulina Anderson\,{Shemale Yum Dvd03~G60~02~02 - Paulina Anderson}
paulina087.jpg,159948,cb16f73f,\Gallery 60\02 - Paulina Anderson\,{Shemale Yum Dvd03~G60~02~02 - Paulina Anderson}
paulina088.jpg,133365,0bfeed2a,\Gallery 60\02 - Paulina Anderson\,{Shemale Yum Dvd03~G60~02~02 - Paulina Anderson}
paulina089.jpg,145997,7a3c5036,\Gallery 60\02 - Paulina Anderson\,{Shemale Yum Dvd03~G60~02~02 - Paulina Anderson}
paulina090.jpg,140693,be1a97a1,\Gallery 60\02 - Paulina Anderson\,{Shemale Yum Dvd03~G60~02~02 - Paulina Anderson}
paulina091.jpg,131716,7d4e3183,\Gallery 60\02 - Paulina Anderson\,{Shemale Yum Dvd03~G60~02~02 - Paulina Anderson}
paulina092.jpg,128420,b7766d24,\Gallery 60\02 - Paulina Anderson\,{Shemale Yum Dvd03~G60~02~02 - Paulina Anderson}
paulina094.jpg,128919,151bb1a2,\Gallery 60\02 - Paulina Anderson\,{Shemale Yum Dvd03~G60~02~02 - Paulina Anderson}
paulina095.jpg,146873,6a7ed23e,\Gallery 60\02 - Paulina Anderson\,{Shemale Yum Dvd03~G60~02~02 - Paulina Anderson}
paulina096.jpg,124609,1960e8e3,\Gallery 60\02 - Paulina Anderson\,{Shemale Yum Dvd03~G60~02~02 - Paulina Anderson}
paulina097.jpg,137279,3265b966,\Gallery 60\02 - Paulina Anderson\,{Shemale Yum Dvd03~G60~02~02 - Paulina Anderson}
paulina098.jpg,147785,7156adb7,\Gallery 60\02 - Paulina Anderson\,{Shemale Yum Dvd03~G60~02~02 - Paulina Anderson}
paulina100.jpg,159610,232f5fee,\Gallery 60\02 - Paulina Anderson\,{Shemale Yum Dvd03~G60~02~02 - Paulina Anderson}
paulina101.jpg,161277,dc0cce68,\Gallery 60\02 - Paulina Anderson\,{Shemale Yum Dvd03~G60~02~02 - Paulina Anderson}
paulina102.jpg,157482,50524087,\Gallery 60\02 - Paulina Anderson\,{Shemale Yum Dvd03~G60~02~02 - Paulina Anderson}
paulina103.jpg,159159,d6af40bb,\Gallery 60\02 - Paulina Anderson\,{Shemale Yum Dvd03~G60~02~02 - Paulina Anderson}
paulina104.jpg,162705,34c44cfb,\Gallery 60\02 - Paulina Anderson\,{Shemale Yum Dvd03~G60~02~02 - Paulina Anderson}
paulina105.jpg,164889,ec3d07ae,\Gallery 60\02 - Paulina Anderson\,{Shemale Yum Dvd03~G60~02~02 - Paulina Anderson}
paulina106.jpg,194800,ab37f709,\Gallery 60\02 - Paulina Anderson\,{Shemale Yum Dvd03~G60~02~02 - Paulina Anderson}
paulina107.jpg,200688,e3d7816e,\Gallery 60\02 - Paulina Anderson\,{Shemale Yum Dvd03~G60~02~02 - Paulina Anderson}
paulina108.jpg,183439,681fecc1,\Gallery 60\02 - Paulina Anderson\,{Shemale Yum Dvd03~G60~02~02 - Paulina Anderson}
paulinablue008.jpg,107364,2c80f12b,\Gallery 60\02 - Paulina Anderson\,{Shemale Yum Dvd03~G60~02~02 - Paulina Anderson}
paulinablue099.jpg,93665,239e81bd,\Gallery 60\02 - Paulina Anderson\,{Shemale Yum Dvd03~G60~02~02 - Paulina Anderson}
paulina_andersonb012.jpg,168943,d29da93f,\Gallery 60\02 - Paulina Anderson (2)\,{Shemale Yum Dvd03~G60~02-2~02 - Paulina Anderson (2)}
paulina_andersonb013.jpg,176321,b4bb9625,\Gallery 60\02 - Paulina Anderson (2)\,{Shemale Yum Dvd03~G60~02-2~02 - Paulina Anderson (2)}
paulina_andersonb014.jpg,158327,ee1b55f7,\Gallery 60\02 - Paulina Anderson (2)\,{Shemale Yum Dvd03~G60~02-2~02 - Paulina Anderson (2)}
paulina_andersonb015.jpg,140106,68230a66,\Gallery 60\02 - Paulina Anderson (2)\,{Shemale Yum Dvd03~G60~02-2~02 - Paulina Anderson (2)}
paulina_andersonb016.jpg,152330,5ad5c311,\Gallery 60\02 - Paulina Anderson (2)\,{Shemale Yum Dvd03~G60~02-2~02 - Paulina Anderson (2)}
paulina_andersonb017.jpg,156461,9e07559e,\Gallery 60\02 - Paulina Anderson (2)\,{Shemale Yum Dvd03~G60~02-2~02 - Paulina Anderson (2)}
paulina_andersonb018.jpg,161458,77496014,\Gallery 60\02 - Paulina Anderson (2)\,{Shemale Yum Dvd03~G60~02-2~02 - Paulina Anderson (2)}
paulina_andersonb019.jpg,174594,57e51a50,\Gallery 60\02 - Paulina Anderson (2)\,{Shemale Yum Dvd03~G60~02-2~02 - Paulina Anderson (2)}
paulina_andersonb020.jpg,170478,479399b8,\Gallery 60\02 - Paulina Anderson (2)\,{Shemale Yum Dvd03~G60~02-2~02 - Paulina Anderson (2)}
paulina_andersonb021.jpg,157152,f631cdc4,\Gallery 60\02 - Paulina Anderson (2)\,{Shemale Yum Dvd03~G60~02-2~02 - Paulina Anderson (2)}
paulina_andersonb022.jpg,137113,8bb5e5da,\Gallery 60\02 - Paulina Anderson (2)\,{Shemale Yum Dvd03~G60~02-2~02 - Paulina Anderson (2)}
paulina_andersonb023.jpg,179052,0e0553c3,\Gallery 60\02 - Paulina Anderson (2)\,{Shemale Yum Dvd03~G60~02-2~02 - Paulina Anderson (2)}
paulina_andersonb024.jpg,194916,637927ee,\Gallery 60\02 - Paulina Anderson (2)\,{Shemale Yum Dvd03~G60~02-2~02 - Paulina Anderson (2)}
paulina_andersonb025.jpg,143962,368eb5e1,\Gallery 60\02 - Paulina Anderson (2)\,{Shemale Yum Dvd03~G60~02-2~02 - Paulina Anderson (2)}
paulina_andersonb026.jpg,155200,04128d01,\Gallery 60\02 - Paulina Anderson (2)\,{Shemale Yum Dvd03~G60~02-2~02 - Paulina Anderson (2)}
paulina_andersonb027.jpg,171040,29565bba,\Gallery 60\02 - Paulina Anderson (2)\,{Shemale Yum Dvd03~G60~02-2~02 - Paulina Anderson (2)}
paulina_andersonb028.jpg,153077,acb95bc1,\Gallery 60\02 - Paulina Anderson (2)\,{Shemale Yum Dvd03~G60~02-2~02 - Paulina Anderson (2)}
paulina_andersonb029.jpg,140666,f4dacdd3,\Gallery 60\02 - Paulina Anderson (2)\,{Shemale Yum Dvd03~G60~02-2~02 - Paulina Anderson (2)}
paulina_andersonb030.jpg,156274,65f24894,\Gallery 60\02 - Paulina Anderson (2)\,{Shemale Yum Dvd03~G60~02-2~02 - Paulina Anderson (2)}
paulina_andersonb031.jpg,207917,22ddce1d,\Gallery 60\02 - Paulina Anderson (2)\,{Shemale Yum Dvd03~G60~02-2~02 - Paulina Anderson (2)}
paulina_andersonb032.jpg,188971,008b29da,\Gallery 60\02 - Paulina Anderson (2)\,{Shemale Yum Dvd03~G60~02-2~02 - Paulina Anderson (2)}
paulina_andersonb033.jpg,194376,e72706ad,\Gallery 60\02 - Paulina Anderson (2)\,{Shemale Yum Dvd03~G60~02-2~02 - Paulina Anderson (2)}
paulina_andersonb034.jpg,197915,432dbd6c,\Gallery 60\02 - Paulina Anderson (2)\,{Shemale Yum Dvd03~G60~02-2~02 - Paulina Anderson (2)}
paulina_andersonb035.jpg,167735,8345d3f4,\Gallery 60\02 - Paulina Anderson (2)\,{Shemale Yum Dvd03~G60~02-2~02 - Paulina Anderson (2)}
paulina_andersonb036.jpg,153491,5c84eec5,\Gallery 60\02 - Paulina Anderson (2)\,{Shemale Yum Dvd03~G60~02-2~02 - Paulina Anderson (2)}
paulina_andersonb037.jpg,160792,80ead98e,\Gallery 60\02 - Paulina Anderson (2)\,{Shemale Yum Dvd03~G60~02-2~02 - Paulina Anderson (2)}
paulina_andersonb038.jpg,145206,d50ba557,\Gallery 60\02 - Paulina Anderson (2)\,{Shemale Yum Dvd03~G60~02-2~02 - Paulina Anderson (2)}
paulina_andersonb039.jpg,180607,6f70ca3b,\Gallery 60\02 - Paulina Anderson (2)\,{Shemale Yum Dvd03~G60~02-2~02 - Paulina Anderson (2)}
paulina_andersonb040.jpg,163846,db943423,\Gallery 60\02 - Paulina Anderson (2)\,{Shemale Yum Dvd03~G60~02-2~02 - Paulina Anderson (2)}
paulina_andersonb041.jpg,172801,efffdc44,\Gallery 60\02 - Paulina Anderson (2)\,{Shemale Yum Dvd03~G60~02-2~02 - Paulina Anderson (2)}
paulina_andersonb042.jpg,181096,077fdefa,\Gallery 60\02 - Paulina Anderson (2)\,{Shemale Yum Dvd03~G60~02-2~02 - Paulina Anderson (2)}
paulina_andersonb043.jpg,139865,cb7bc9e9,\Gallery 60\02 - Paulina Anderson (2)\,{Shemale Yum Dvd03~G60~02-2~02 - Paulina Anderson (2)}
paulina_andersonb044.jpg,170108,87107bf6,\Gallery 60\02 - Paulina Anderson (2)\,{Shemale Yum Dvd03~G60~02-2~02 - Paulina Anderson (2)}
paulina_andersonb045.jpg,140910,8ae7b6e9,\Gallery 60\02 - Paulina Anderson (2)\,{Shemale Yum Dvd03~G60~02-2~02 - Paulina Anderson (2)}
paulina_andersonb046.jpg,147302,d2efc68a,\Gallery 60\02 - Paulina Anderson (2)\,{Shemale Yum Dvd03~G60~02-2~02 - Paulina Anderson (2)}
paulina_andersonb047.jpg,134407,85019426,\Gallery 60\02 - Paulina Anderson (2)\,{Shemale Yum Dvd03~G60~02-2~02 - Paulina Anderson (2)}
paulina_andersonb048.jpg,131651,7dd6d097,\Gallery 60\02 - Paulina Anderson (2)\,{Shemale Yum Dvd03~G60~02-2~02 - Paulina Anderson (2)}
paulina_andersonb049.jpg,126031,e314d38e,\Gallery 60\02 - Paulina Anderson (2)\,{Shemale Yum Dvd03~G60~02-2~02 - Paulina Anderson (2)}
paulina_andersonb050.jpg,145040,c0a0cb6b,\Gallery 60\02 - Paulina Anderson (2)\,{Shemale Yum Dvd03~G60~02-2~02 - Paulina Anderson (2)}
paulina_andersonb051.jpg,140099,76c9142b,\Gallery 60\02 - Paulina Anderson (2)\,{Shemale Yum Dvd03~G60~02-2~02 - Paulina Anderson (2)}
paulina_andersonb052.jpg,117360,8ebb353f,\Gallery 60\02 - Paulina Anderson (2)\,{Shemale Yum Dvd03~G60~02-2~02 - Paulina Anderson (2)}
paulina_andersonb053.jpg,129635,9731f66c,\Gallery 60\02 - Paulina Anderson (2)\,{Shemale Yum Dvd03~G60~02-2~02 - Paulina Anderson (2)}
paulina_andersonb054.jpg,136252,e39c77b2,\Gallery 60\02 - Paulina Anderson (2)\,{Shemale Yum Dvd03~G60~02-2~02 - Paulina Anderson (2)}
paulina_andersonb055.jpg,157323,1d8e2957,\Gallery 60\02 - Paulina Anderson (2)\,{Shemale Yum Dvd03~G60~02-2~02 - Paulina Anderson (2)}
paulina_andersonb056.jpg,135423,9799683d,\Gallery 60\02 - Paulina Anderson (2)\,{Shemale Yum Dvd03~G60~02-2~02 - Paulina Anderson (2)}
paulina_andersonb057.jpg,141822,c9c85aac,\Gallery 60\02 - Paulina Anderson (2)\,{Shemale Yum Dvd03~G60~02-2~02 - Paulina Anderson (2)}
paulina_andersonb058.jpg,176815,5e2d4b8b,\Gallery 60\02 - Paulina Anderson (2)\,{Shemale Yum Dvd03~G60~02-2~02 - Paulina Anderson (2)}
paulina_andersonb059.jpg,160075,61b9c976,\Gallery 60\02 - Paulina Anderson (2)\,{Shemale Yum Dvd03~G60~02-2~02 - Paulina Anderson (2)}
paulina_andersonb060.jpg,152560,d847b848,\Gallery 60\02 - Paulina Anderson (2)\,{Shemale Yum Dvd03~G60~02-2~02 - Paulina Anderson (2)}
paulina_andersonb061.jpg,130862,6693c6e8,\Gallery 60\02 - Paulina Anderson (2)\,{Shemale Yum Dvd03~G60~02-2~02 - Paulina Anderson (2)}
paulina_andersonb062.jpg,122850,474bc825,\Gallery 60\02 - Paulina Anderson (2)\,{Shemale Yum Dvd03~G60~02-2~02 - Paulina Anderson (2)}
paulina_andersonb063.jpg,147373,960f1cac,\Gallery 60\02 - Paulina Anderson (2)\,{Shemale Yum Dvd03~G60~02-2~02 - Paulina Anderson (2)}
paulina_andersonb064.jpg,147366,09155ee3,\Gallery 60\02 - Paulina Anderson (2)\,{Shemale Yum Dvd03~G60~02-2~02 - Paulina Anderson (2)}
paulina_andersonb065.jpg,152924,9ba2f449,\Gallery 60\02 - Paulina Anderson (2)\,{Shemale Yum Dvd03~G60~02-2~02 - Paulina Anderson (2)}
paulina_andersonb066.jpg,148386,7aa0bedb,\Gallery 60\02 - Paulina Anderson (2)\,{Shemale Yum Dvd03~G60~02-2~02 - Paulina Anderson (2)}
paulina_andersonb067.jpg,139385,c73ce8ab,\Gallery 60\02 - Paulina Anderson (2)\,{Shemale Yum Dvd03~G60~02-2~02 - Paulina Anderson (2)}
paulina_andersonb068.jpg,156696,4ec5f755,\Gallery 60\02 - Paulina Anderson (2)\,{Shemale Yum Dvd03~G60~02-2~02 - Paulina Anderson (2)}
paulina_andersonb069.jpg,146142,a71d5977,\Gallery 60\02 - Paulina Anderson (2)\,{Shemale Yum Dvd03~G60~02-2~02 - Paulina Anderson (2)}
paulina_andersonb070.jpg,174770,e979cb15,\Gallery 60\02 - Paulina Anderson (2)\,{Shemale Yum Dvd03~G60~02-2~02 - Paulina Anderson (2)}
paulina_andersonb071.jpg,158544,7069e453,\Gallery 60\02 - Paulina Anderson (2)\,{Shemale Yum Dvd03~G60~02-2~02 - Paulina Anderson (2)}
paulina_andersonb072.jpg,166851,5c4acd5a,\Gallery 60\02 - Paulina Anderson (2)\,{Shemale Yum Dvd03~G60~02-2~02 - Paulina Anderson (2)}
paulina_andersonb073.jpg,149863,7811ed89,\Gallery 60\02 - Paulina Anderson (2)\,{Shemale Yum Dvd03~G60~02-2~02 - Paulina Anderson (2)}
paulina_andersonb074.jpg,156476,a8089e68,\Gallery 60\02 - Paulina Anderson (2)\,{Shemale Yum Dvd03~G60~02-2~02 - Paulina Anderson (2)}
paulina_andersonb075.jpg,131140,f1ac0e96,\Gallery 60\02 - Paulina Anderson (2)\,{Shemale Yum Dvd03~G60~02-2~02 - Paulina Anderson (2)}
paulina_andersonb076.jpg,134461,94665440,\Gallery 60\02 - Paulina Anderson (2)\,{Shemale Yum Dvd03~G60~02-2~02 - Paulina Anderson (2)}
paulina_andersonb077.jpg,119285,233a3a78,\Gallery 60\02 - Paulina Anderson (2)\,{Shemale Yum Dvd03~G60~02-2~02 - Paulina Anderson (2)}
paulina_andersonb078.jpg,176928,184d0b7a,\Gallery 60\02 - Paulina Anderson (2)\,{Shemale Yum Dvd03~G60~02-2~02 - Paulina Anderson (2)}
sugar001.jpg,179254,1e64c020,\Gallery 60\03 - Sugar\,{Shemale Yum Dvd03~G60~03~03 - Sugar}
sugar002.jpg,201419,4faa2313,\Gallery 60\03 - Sugar\,{Shemale Yum Dvd03~G60~03~03 - Sugar}
sugar003.jpg,197594,faeff8e4,\Gallery 60\03 - Sugar\,{Shemale Yum Dvd03~G60~03~03 - Sugar}
sugar004.jpg,196859,cf0cc72f,\Gallery 60\03 - Sugar\,{Shemale Yum Dvd03~G60~03~03 - Sugar}
sugar005.jpg,183436,681e0dab,\Gallery 60\03 - Sugar\,{Shemale Yum Dvd03~G60~03~03 - Sugar}
sugar006.jpg,173858,84f13aee,\Gallery 60\03 - Sugar\,{Shemale Yum Dvd03~G60~03~03 - Sugar}
sugar007.jpg,176463,8395ee9d,\Gallery 60\03 - Sugar\,{Shemale Yum Dvd03~G60~03~03 - Sugar}
sugar008.jpg,177908,6d86fca9,\Gallery 60\03 - Sugar\,{Shemale Yum Dvd03~G60~03~03 - Sugar}
sugar009.jpg,171610,b3cc4e68,\Gallery 60\03 - Sugar\,{Shemale Yum Dvd03~G60~03~03 - Sugar}
sugar010.jpg,164563,def8c10a,\Gallery 60\03 - Sugar\,{Shemale Yum Dvd03~G60~03~03 - Sugar}
sugar011.jpg,168919,f089a4f4,\Gallery 60\03 - Sugar\,{Shemale Yum Dvd03~G60~03~03 - Sugar}
sugar012.jpg,157253,f600a4df,\Gallery 60\03 - Sugar\,{Shemale Yum Dvd03~G60~03~03 - Sugar}
sugar014.jpg,157815,0e916e9d,\Gallery 60\03 - Sugar\,{Shemale Yum Dvd03~G60~03~03 - Sugar}
sugar015.jpg,158389,5d93820a,\Gallery 60\03 - Sugar\,{Shemale Yum Dvd03~G60~03~03 - Sugar}
sugar016.jpg,158030,dbe0e38b,\Gallery 60\03 - Sugar\,{Shemale Yum Dvd03~G60~03~03 - Sugar}
sugar018.jpg,158293,8375ff64,\Gallery 60\03 - Sugar\,{Shemale Yum Dvd03~G60~03~03 - Sugar}
sugar019.jpg,157982,ef46a94e,\Gallery 60\03 - Sugar\,{Shemale Yum Dvd03~G60~03~03 - Sugar}
sugar020.jpg,155125,6f94ea2a,\Gallery 60\03 - Sugar\,{Shemale Yum Dvd03~G60~03~03 - Sugar}
sugar021.jpg,169262,a338a04b,\Gallery 60\03 - Sugar\,{Shemale Yum Dvd03~G60~03~03 - Sugar}
sugar022.jpg,193707,45d0b922,\Gallery 60\03 - Sugar\,{Shemale Yum Dvd03~G60~03~03 - Sugar}
sugar023.jpg,173329,d7839fb2,\Gallery 60\03 - Sugar\,{Shemale Yum Dvd03~G60~03~03 - Sugar}
sugar024.jpg,174496,76e67686,\Gallery 60\03 - Sugar\,{Shemale Yum Dvd03~G60~03~03 - Sugar}
sugar025.jpg,174663,8e137c1e,\Gallery 60\03 - Sugar\,{Shemale Yum Dvd03~G60~03~03 - Sugar}
sugar026.jpg,164489,f9604d74,\Gallery 60\03 - Sugar\,{Shemale Yum Dvd03~G60~03~03 - Sugar}
sugar027.jpg,178290,ed89fbfd,\Gallery 60\03 - Sugar\,{Shemale Yum Dvd03~G60~03~03 - Sugar}
sugar028.jpg,152538,e6193056,\Gallery 60\03 - Sugar\,{Shemale Yum Dvd03~G60~03~03 - Sugar}
sugar029.jpg,185345,54da8fdd,\Gallery 60\03 - Sugar\,{Shemale Yum Dvd03~G60~03~03 - Sugar}
sugar030.jpg,172590,54a10920,\Gallery 60\03 - Sugar\,{Shemale Yum Dvd03~G60~03~03 - Sugar}
sugar031.jpg,185792,aa966e5f,\Gallery 60\03 - Sugar\,{Shemale Yum Dvd03~G60~03~03 - Sugar}
sugar032.jpg,200763,fd302ee9,\Gallery 60\03 - Sugar\,{Shemale Yum Dvd03~G60~03~03 - Sugar}
sugar033.jpg,183407,2a1acae7,\Gallery 60\03 - Sugar\,{Shemale Yum Dvd03~G60~03~03 - Sugar}
sugar034.jpg,139311,17d53632,\Gallery 60\03 - Sugar\,{Shemale Yum Dvd03~G60~03~03 - Sugar}
sugar035.jpg,160852,14454b69,\Gallery 60\03 - Sugar\,{Shemale Yum Dvd03~G60~03~03 - Sugar}
sugar036.jpg,135719,9633a5a4,\Gallery 60\03 - Sugar\,{Shemale Yum Dvd03~G60~03~03 - Sugar}
sugar037.jpg,149883,f680e970,\Gallery 60\03 - Sugar\,{Shemale Yum Dvd03~G60~03~03 - Sugar}
sugar038.jpg,178432,15cbe762,\Gallery 60\03 - Sugar\,{Shemale Yum Dvd03~G60~03~03 - Sugar}
sugar039.jpg,171032,f03f9dd6,\Gallery 60\03 - Sugar\,{Shemale Yum Dvd03~G60~03~03 - Sugar}
sugar040.jpg,170741,b4a6a3fc,\Gallery 60\03 - Sugar\,{Shemale Yum Dvd03~G60~03~03 - Sugar}
sugar041.jpg,148978,1f31968c,\Gallery 60\03 - Sugar\,{Shemale Yum Dvd03~G60~03~03 - Sugar}
sugar042.jpg,152142,4bc5ad63,\Gallery 60\03 - Sugar\,{Shemale Yum Dvd03~G60~03~03 - Sugar}
sugar043.jpg,147456,2413e635,\Gallery 60\03 - Sugar\,{Shemale Yum Dvd03~G60~03~03 - Sugar}
sugar044.jpg,164376,2216f6e4,\Gallery 60\03 - Sugar\,{Shemale Yum Dvd03~G60~03~03 - Sugar}
sugar045.jpg,160993,afc68491,\Gallery 60\03 - Sugar\,{Shemale Yum Dvd03~G60~03~03 - Sugar}
sugar046.jpg,145297,0b807e20,\Gallery 60\03 - Sugar\,{Shemale Yum Dvd03~G60~03~03 - Sugar}
sugar047.jpg,139654,e4c62eb1,\Gallery 60\03 - Sugar\,{Shemale Yum Dvd03~G60~03~03 - Sugar}
sugar048.jpg,163305,b05493ba,\Gallery 60\03 - Sugar\,{Shemale Yum Dvd03~G60~03~03 - Sugar}
sugar049.jpg,156786,c917ef7f,\Gallery 60\03 - Sugar\,{Shemale Yum Dvd03~G60~03~03 - Sugar}
sugar050.jpg,160987,7334fd55,\Gallery 60\03 - Sugar\,{Shemale Yum Dvd03~G60~03~03 - Sugar}
sugar051.jpg,164102,506872a7,\Gallery 60\03 - Sugar\,{Shemale Yum Dvd03~G60~03~03 - Sugar}
sugar052.jpg,149605,35b3a01f,\Gallery 60\03 - Sugar\,{Shemale Yum Dvd03~G60~03~03 - Sugar}
sugar053.jpg,135731,72651506,\Gallery 60\03 - Sugar\,{Shemale Yum Dvd03~G60~03~03 - Sugar}
sugar054.jpg,154411,d501dd71,\Gallery 60\03 - Sugar\,{Shemale Yum Dvd03~G60~03~03 - Sugar}
sugar055.jpg,176071,91e5f83e,\Gallery 60\03 - Sugar\,{Shemale Yum Dvd03~G60~03~03 - Sugar}
sugar056.jpg,130482,52e295f0,\Gallery 60\03 - Sugar\,{Shemale Yum Dvd03~G60~03~03 - Sugar}
sugar057.jpg,127060,67c3c4b8,\Gallery 60\03 - Sugar\,{Shemale Yum Dvd03~G60~03~03 - Sugar}
sugar058.jpg,146073,8c531cc3,\Gallery 60\03 - Sugar\,{Shemale Yum Dvd03~G60~03~03 - Sugar}
sugar059.jpg,152030,187bf4ac,\Gallery 60\03 - Sugar\,{Shemale Yum Dvd03~G60~03~03 - Sugar}
sugar060.jpg,156019,de7c7e51,\Gallery 60\03 - Sugar\,{Shemale Yum Dvd03~G60~03~03 - Sugar}
sugar061.jpg,146412,173aaf43,\Gallery 60\03 - Sugar\,{Shemale Yum Dvd03~G60~03~03 - Sugar}
sugar062.jpg,149092,2ad3ff94,\Gallery 60\03 - Sugar\,{Shemale Yum Dvd03~G60~03~03 - Sugar}
sugar063.jpg,144138,7be2d761,\Gallery 60\03 - Sugar\,{Shemale Yum Dvd03~G60~03~03 - Sugar}
sugar064.jpg,129384,6f3bc8b4,\Gallery 60\03 - Sugar\,{Shemale Yum Dvd03~G60~03~03 - Sugar}
sugar065.jpg,137649,70cdf1a4,\Gallery 60\03 - Sugar\,{Shemale Yum Dvd03~G60~03~03 - Sugar}
sugar066.jpg,129616,1df3df2e,\Gallery 60\03 - Sugar\,{Shemale Yum Dvd03~G60~03~03 - Sugar}
sugar067.jpg,140456,12d1d847,\Gallery 60\03 - Sugar\,{Shemale Yum Dvd03~G60~03~03 - Sugar}
sugar068.jpg,143032,69dfa5cd,\Gallery 60\03 - Sugar\,{Shemale Yum Dvd03~G60~03~03 - Sugar}
sugar069.jpg,123638,d54836bb,\Gallery 60\03 - Sugar\,{Shemale Yum Dvd03~G60~03~03 - Sugar}
sugar070.jpg,131011,62c3a9ff,\Gallery 60\03 - Sugar\,{Shemale Yum Dvd03~G60~03~03 - Sugar}
sugar071.jpg,116064,df1d5940,\Gallery 60\03 - Sugar\,{Shemale Yum Dvd03~G60~03~03 - Sugar}
sugar074.jpg,160184,3955af2c,\Gallery 60\03 - Sugar\,{Shemale Yum Dvd03~G60~03~03 - Sugar}
sugar075.jpg,173318,2ed5ceed,\Gallery 60\03 - Sugar\,{Shemale Yum Dvd03~G60~03~03 - Sugar}
sugar076.jpg,136054,3db51d52,\Gallery 60\03 - Sugar\,{Shemale Yum Dvd03~G60~03~03 - Sugar}
sugar077.jpg,135184,d8b8d5c9,\Gallery 60\03 - Sugar\,{Shemale Yum Dvd03~G60~03~03 - Sugar}
sugar078.jpg,111664,fa69b487,\Gallery 60\03 - Sugar\,{Shemale Yum Dvd03~G60~03~03 - Sugar}
sugar079.jpg,121680,3427d51b,\Gallery 60\03 - Sugar\,{Shemale Yum Dvd03~G60~03~03 - Sugar}
sugar080.jpg,136087,7360121d,\Gallery 60\03 - Sugar\,{Shemale Yum Dvd03~G60~03~03 - Sugar}
sugar081.jpg,148068,6bc404dd,\Gallery 60\03 - Sugar\,{Shemale Yum Dvd03~G60~03~03 - Sugar}
sugar082.jpg,133955,d17e6635,\Gallery 60\03 - Sugar\,{Shemale Yum Dvd03~G60~03~03 - Sugar}
sugar083.jpg,153787,b5ddb0ba,\Gallery 60\03 - Sugar\,{Shemale Yum Dvd03~G60~03~03 - Sugar}
sugar084.jpg,128557,c9b97ff2,\Gallery 60\03 - Sugar\,{Shemale Yum Dvd03~G60~03~03 - Sugar}
sugar088.jpg,172568,be7e50aa,\Gallery 60\03 - Sugar\,{Shemale Yum Dvd03~G60~03~03 - Sugar}
sugar089.jpg,154550,cbe45242,\Gallery 60\03 - Sugar\,{Shemale Yum Dvd03~G60~03~03 - Sugar}
sugar090.jpg,146775,5b264bef,\Gallery 60\03 - Sugar\,{Shemale Yum Dvd03~G60~03~03 - Sugar}
sugar091.jpg,124982,5477574f,\Gallery 60\03 - Sugar\,{Shemale Yum Dvd03~G60~03~03 - Sugar}
sugar093.jpg,128749,8bd9ea15,\Gallery 60\03 - Sugar\,{Shemale Yum Dvd03~G60~03~03 - Sugar}
sugar094.jpg,141363,7455c550,\Gallery 60\03 - Sugar\,{Shemale Yum Dvd03~G60~03~03 - Sugar}
sugar095.jpg,149867,caf5cdb7,\Gallery 60\03 - Sugar\,{Shemale Yum Dvd03~G60~03~03 - Sugar}
sugar096.jpg,137246,ad1b0f3a,\Gallery 60\03 - Sugar\,{Shemale Yum Dvd03~G60~03~03 - Sugar}
sugar098.jpg,146121,17caa2e6,\Gallery 60\03 - Sugar\,{Shemale Yum Dvd03~G60~03~03 - Sugar}
sugar099.jpg,132964,61092a3f,\Gallery 60\03 - Sugar\,{Shemale Yum Dvd03~G60~03~03 - Sugar}
sugarblack017.jpg,119263,424665c3,\Gallery 60\03 - Sugar\,{Shemale Yum Dvd03~G60~03~03 - Sugar}
sugarblack092.jpg,98237,87d67e85,\Gallery 60\03 - Sugar\,{Shemale Yum Dvd03~G60~03~03 - Sugar}
sugarb001.jpg,161817,e93f96a4,\Gallery 60\03 - Sugar (2)\,{Shemale Yum Dvd03~G60~03-2~03 - Sugar (2)}
sugarb002.jpg,176545,2432bcf5,\Gallery 60\03 - Sugar (2)\,{Shemale Yum Dvd03~G60~03-2~03 - Sugar (2)}
sugarb003.jpg,136085,ce24a161,\Gallery 60\03 - Sugar (2)\,{Shemale Yum Dvd03~G60~03-2~03 - Sugar (2)}
sugarb004.jpg,177269,bce2bef4,\Gallery 60\03 - Sugar (2)\,{Shemale Yum Dvd03~G60~03-2~03 - Sugar (2)}
sugarb005.jpg,192064,e91cf3ba,\Gallery 60\03 - Sugar (2)\,{Shemale Yum Dvd03~G60~03-2~03 - Sugar (2)}
sugarb006.jpg,157262,ba21df94,\Gallery 60\03 - Sugar (2)\,{Shemale Yum Dvd03~G60~03-2~03 - Sugar (2)}
sugarb007.jpg,166345,d7894758,\Gallery 60\03 - Sugar (2)\,{Shemale Yum Dvd03~G60~03-2~03 - Sugar (2)}
sugarb008.jpg,148424,178215b8,\Gallery 60\03 - Sugar (2)\,{Shemale Yum Dvd03~G60~03-2~03 - Sugar (2)}
sugarb009.jpg,188572,f54751b8,\Gallery 60\03 - Sugar (2)\,{Shemale Yum Dvd03~G60~03-2~03 - Sugar (2)}
sugarb010.jpg,146143,63442885,\Gallery 60\03 - Sugar (2)\,{Shemale Yum Dvd03~G60~03-2~03 - Sugar (2)}
sugarb011.jpg,182528,d8ecf0ce,\Gallery 60\03 - Sugar (2)\,{Shemale Yum Dvd03~G60~03-2~03 - Sugar (2)}
sugarb012.jpg,191107,0ac082df,\Gallery 60\03 - Sugar (2)\,{Shemale Yum Dvd03~G60~03-2~03 - Sugar (2)}
sugarb013.jpg,190979,8999fd79,\Gallery 60\03 - Sugar (2)\,{Shemale Yum Dvd03~G60~03-2~03 - Sugar (2)}
sugarb014.jpg,188081,fb2de312,\Gallery 60\03 - Sugar (2)\,{Shemale Yum Dvd03~G60~03-2~03 - Sugar (2)}
sugarb015.jpg,187270,a308d606,\Gallery 60\03 - Sugar (2)\,{Shemale Yum Dvd03~G60~03-2~03 - Sugar (2)}
sugarb016.jpg,223207,6e04e971,\Gallery 60\03 - Sugar (2)\,{Shemale Yum Dvd03~G60~03-2~03 - Sugar (2)}
sugarb017.jpg,211951,db6ad4cf,\Gallery 60\03 - Sugar (2)\,{Shemale Yum Dvd03~G60~03-2~03 - Sugar (2)}
sugarb018.jpg,182243,12d5a8e5,\Gallery 60\03 - Sugar (2)\,{Shemale Yum Dvd03~G60~03-2~03 - Sugar (2)}
sugarb019.jpg,224462,c10c8f42,\Gallery 60\03 - Sugar (2)\,{Shemale Yum Dvd03~G60~03-2~03 - Sugar (2)}
sugarb020.jpg,166601,ab13451e,\Gallery 60\03 - Sugar (2)\,{Shemale Yum Dvd03~G60~03-2~03 - Sugar (2)}
sugarb021.jpg,196524,09399af0,\Gallery 60\03 - Sugar (2)\,{Shemale Yum Dvd03~G60~03-2~03 - Sugar (2)}
sugarb022.jpg,182372,96c4ab4d,\Gallery 60\03 - Sugar (2)\,{Shemale Yum Dvd03~G60~03-2~03 - Sugar (2)}
sugarb023.jpg,178991,e3b6ab38,\Gallery 60\03 - Sugar (2)\,{Shemale Yum Dvd03~G60~03-2~03 - Sugar (2)}
sugarb024.jpg,149784,0ebfe3ed,\Gallery 60\03 - Sugar (2)\,{Shemale Yum Dvd03~G60~03-2~03 - Sugar (2)}
sugarb025.jpg,178311,649d554e,\Gallery 60\03 - Sugar (2)\,{Shemale Yum Dvd03~G60~03-2~03 - Sugar (2)}
sugarb026.jpg,176411,ac3d9f03,\Gallery 60\03 - Sugar (2)\,{Shemale Yum Dvd03~G60~03-2~03 - Sugar (2)}
sugarb027.jpg,152010,d1490161,\Gallery 60\03 - Sugar (2)\,{Shemale Yum Dvd03~G60~03-2~03 - Sugar (2)}
sugarb028.jpg,187925,66d72fc8,\Gallery 60\03 - Sugar (2)\,{Shemale Yum Dvd03~G60~03-2~03 - Sugar (2)}
sugarb029.jpg,183981,adfa42d9,\Gallery 60\03 - Sugar (2)\,{Shemale Yum Dvd03~G60~03-2~03 - Sugar (2)}
sugarb030.jpg,173906,daa426dc,\Gallery 60\03 - Sugar (2)\,{Shemale Yum Dvd03~G60~03-2~03 - Sugar (2)}
sugarb031.jpg,172335,a1c9c5ac,\Gallery 60\03 - Sugar (2)\,{Shemale Yum Dvd03~G60~03-2~03 - Sugar (2)}
sugarb032.jpg,183556,9b73dbeb,\Gallery 60\03 - Sugar (2)\,{Shemale Yum Dvd03~G60~03-2~03 - Sugar (2)}
sugarb033.jpg,174766,941b2851,\Gallery 60\03 - Sugar (2)\,{Shemale Yum Dvd03~G60~03-2~03 - Sugar (2)}
sugarb034.jpg,169545,8dbe7609,\Gallery 60\03 - Sugar (2)\,{Shemale Yum Dvd03~G60~03-2~03 - Sugar (2)}
sugarb035.jpg,146948,2fea2b37,\Gallery 60\03 - Sugar (2)\,{Shemale Yum Dvd03~G60~03-2~03 - Sugar (2)}
sugarb036.jpg,120186,1e7d919c,\Gallery 60\03 - Sugar (2)\,{Shemale Yum Dvd03~G60~03-2~03 - Sugar (2)}
sugarb037.jpg,150896,e7f00463,\Gallery 60\03 - Sugar (2)\,{Shemale Yum Dvd03~G60~03-2~03 - Sugar (2)}
sugarb038.jpg,170884,ee25f11d,\Gallery 60\03 - Sugar (2)\,{Shemale Yum Dvd03~G60~03-2~03 - Sugar (2)}
sugarb039.jpg,169642,91b9cc34,\Gallery 60\03 - Sugar (2)\,{Shemale Yum Dvd03~G60~03-2~03 - Sugar (2)}
sugarb040.jpg,171469,531b2367,\Gallery 60\03 - Sugar (2)\,{Shemale Yum Dvd03~G60~03-2~03 - Sugar (2)}
sugarb041.jpg,187852,d0c9dec1,\Gallery 60\03 - Sugar (2)\,{Shemale Yum Dvd03~G60~03-2~03 - Sugar (2)}
sugarb042.jpg,187347,1822c09a,\Gallery 60\03 - Sugar (2)\,{Shemale Yum Dvd03~G60~03-2~03 - Sugar (2)}
sugarb043.jpg,173539,d50dce4e,\Gallery 60\03 - Sugar (2)\,{Shemale Yum Dvd03~G60~03-2~03 - Sugar (2)}
sugarb044.jpg,177615,adebbd44,\Gallery 60\03 - Sugar (2)\,{Shemale Yum Dvd03~G60~03-2~03 - Sugar (2)}
sugarb045.jpg,183540,a2738374,\Gallery 60\03 - Sugar (2)\,{Shemale Yum Dvd03~G60~03-2~03 - Sugar (2)}
sugarb046.jpg,186129,aada0eae,\Gallery 60\03 - Sugar (2)\,{Shemale Yum Dvd03~G60~03-2~03 - Sugar (2)}
sugarb047.jpg,183572,d8cbe2db,\Gallery 60\03 - Sugar (2)\,{Shemale Yum Dvd03~G60~03-2~03 - Sugar (2)}
sugarb048.jpg,182870,e5c4440e,\Gallery 60\03 - Sugar (2)\,{Shemale Yum Dvd03~G60~03-2~03 - Sugar (2)}
sugarb049.jpg,174815,d17cba58,\Gallery 60\03 - Sugar (2)\,{Shemale Yum Dvd03~G60~03-2~03 - Sugar (2)}
sugarb050.jpg,119637,096871b1,\Gallery 60\03 - Sugar (2)\,{Shemale Yum Dvd03~G60~03-2~03 - Sugar (2)}
sugarb051.jpg,151122,7fa06af6,\Gallery 60\03 - Sugar (2)\,{Shemale Yum Dvd03~G60~03-2~03 - Sugar (2)}
sugarb052.jpg,133304,c0908506,\Gallery 60\03 - Sugar (2)\,{Shemale Yum Dvd03~G60~03-2~03 - Sugar (2)}
sugarb053.jpg,138535,fac8fad1,\Gallery 60\03 - Sugar (2)\,{Shemale Yum Dvd03~G60~03-2~03 - Sugar (2)}
sugarb054.jpg,126569,64c0636c,\Gallery 60\03 - Sugar (2)\,{Shemale Yum Dvd03~G60~03-2~03 - Sugar (2)}
sugarb055.jpg,131647,bc02ef45,\Gallery 60\03 - Sugar (2)\,{Shemale Yum Dvd03~G60~03-2~03 - Sugar (2)}
sugarb056.jpg,128858,4b6fab0d,\Gallery 60\03 - Sugar (2)\,{Shemale Yum Dvd03~G60~03-2~03 - Sugar (2)}
sugarb057.jpg,136007,f3247679,\Gallery 60\03 - Sugar (2)\,{Shemale Yum Dvd03~G60~03-2~03 - Sugar (2)}
sugarb058.jpg,139739,4fe1cdd9,\Gallery 60\03 - Sugar (2)\,{Shemale Yum Dvd03~G60~03-2~03 - Sugar (2)}
sugarb059.jpg,132059,be8c6b67,\Gallery 60\03 - Sugar (2)\,{Shemale Yum Dvd03~G60~03-2~03 - Sugar (2)}
sugarb060.jpg,131723,47e68900,\Gallery 60\03 - Sugar (2)\,{Shemale Yum Dvd03~G60~03-2~03 - Sugar (2)}
sugarb061.jpg,191578,9f04ac4f,\Gallery 60\03 - Sugar (2)\,{Shemale Yum Dvd03~G60~03-2~03 - Sugar (2)}
sugarb062.jpg,172775,edcc2547,\Gallery 60\03 - Sugar (2)\,{Shemale Yum Dvd03~G60~03-2~03 - Sugar (2)}
sugarb063.jpg,170083,56494ac2,\Gallery 60\03 - Sugar (2)\,{Shemale Yum Dvd03~G60~03-2~03 - Sugar (2)}
sugarb064.jpg,174515,2ee128a0,\Gallery 60\03 - Sugar (2)\,{Shemale Yum Dvd03~G60~03-2~03 - Sugar (2)}
sugarb065.jpg,176061,14afd29c,\Gallery 60\03 - Sugar (2)\,{Shemale Yum Dvd03~G60~03-2~03 - Sugar (2)}
sugarb066.jpg,190596,0c911727,\Gallery 60\03 - Sugar (2)\,{Shemale Yum Dvd03~G60~03-2~03 - Sugar (2)}
sugarb067.jpg,188805,01b2fcac,\Gallery 60\03 - Sugar (2)\,{Shemale Yum Dvd03~G60~03-2~03 - Sugar (2)}
sugarb068.jpg,182767,45cd1ae4,\Gallery 60\03 - Sugar (2)\,{Shemale Yum Dvd03~G60~03-2~03 - Sugar (2)}
sugarb069.jpg,181625,2c0d42da,\Gallery 60\03 - Sugar (2)\,{Shemale Yum Dvd03~G60~03-2~03 - Sugar (2)}
sugarb070.jpg,188204,21f87324,\Gallery 60\03 - Sugar (2)\,{Shemale Yum Dvd03~G60~03-2~03 - Sugar (2)}
sugarb071.jpg,186172,14fc8060,\Gallery 60\03 - Sugar (2)\,{Shemale Yum Dvd03~G60~03-2~03 - Sugar (2)}
sugarb072.jpg,189307,3a85a5c0,\Gallery 60\03 - Sugar (2)\,{Shemale Yum Dvd03~G60~03-2~03 - Sugar (2)}
sugarb073.jpg,188366,96ba76b9,\Gallery 60\03 - Sugar (2)\,{Shemale Yum Dvd03~G60~03-2~03 - Sugar (2)}
sugarb074.jpg,179039,b5652e05,\Gallery 60\03 - Sugar (2)\,{Shemale Yum Dvd03~G60~03-2~03 - Sugar (2)}
sugarb075.jpg,185226,64c6b67e,\Gallery 60\03 - Sugar (2)\,{Shemale Yum Dvd03~G60~03-2~03 - Sugar (2)}
sugarb076.jpg,174780,04d3e2ec,\Gallery 60\03 - Sugar (2)\,{Shemale Yum Dvd03~G60~03-2~03 - Sugar (2)}
sugarb077.jpg,165309,6e7a16ef,\Gallery 60\03 - Sugar (2)\,{Shemale Yum Dvd03~G60~03-2~03 - Sugar (2)}
sugarb078.jpg,137122,6f70b7a4,\Gallery 60\03 - Sugar (2)\,{Shemale Yum Dvd03~G60~03-2~03 - Sugar (2)}
sugarb079.jpg,125923,52b42e11,\Gallery 60\03 - Sugar (2)\,{Shemale Yum Dvd03~G60~03-2~03 - Sugar (2)}
sugarb080.jpg,126965,5bdad565,\Gallery 60\03 - Sugar (2)\,{Shemale Yum Dvd03~G60~03-2~03 - Sugar (2)}
sugarb081.jpg,131588,1189eac7,\Gallery 60\03 - Sugar (2)\,{Shemale Yum Dvd03~G60~03-2~03 - Sugar (2)}
sugarb082.jpg,120914,ef27c047,\Gallery 60\03 - Sugar (2)\,{Shemale Yum Dvd03~G60~03-2~03 - Sugar (2)}
sugarb083.jpg,126669,25e7156e,\Gallery 60\03 - Sugar (2)\,{Shemale Yum Dvd03~G60~03-2~03 - Sugar (2)}
sugarb084.jpg,159317,6a701793,\Gallery 60\03 - Sugar (2)\,{Shemale Yum Dvd03~G60~03-2~03 - Sugar (2)}
sugarb085.jpg,168758,c4770a54,\Gallery 60\03 - Sugar (2)\,{Shemale Yum Dvd03~G60~03-2~03 - Sugar (2)}
sugarb086.jpg,168172,fd3c286a,\Gallery 60\03 - Sugar (2)\,{Shemale Yum Dvd03~G60~03-2~03 - Sugar (2)}
sugarb087.jpg,172572,1ddbb55d,\Gallery 60\03 - Sugar (2)\,{Shemale Yum Dvd03~G60~03-2~03 - Sugar (2)}
sugarc001.jpg,219408,099b36c6,\Gallery 60\03 - Sugar (3)\,{Shemale Yum Dvd03~G60~03-3~03 - Sugar (3)}
sugarc002.jpg,163279,57967154,\Gallery 60\03 - Sugar (3)\,{Shemale Yum Dvd03~G60~03-3~03 - Sugar (3)}
sugarc003.jpg,177260,523f7722,\Gallery 60\03 - Sugar (3)\,{Shemale Yum Dvd03~G60~03-3~03 - Sugar (3)}
sugarc004.jpg,160606,3dbb3604,\Gallery 60\03 - Sugar (3)\,{Shemale Yum Dvd03~G60~03-3~03 - Sugar (3)}
sugarc005.jpg,164956,7b1eded0,\Gallery 60\03 - Sugar (3)\,{Shemale Yum Dvd03~G60~03-3~03 - Sugar (3)}
sugarc006.jpg,183010,bbb8b5ae,\Gallery 60\03 - Sugar (3)\,{Shemale Yum Dvd03~G60~03-3~03 - Sugar (3)}
sugarc007.jpg,150294,e041c64d,\Gallery 60\03 - Sugar (3)\,{Shemale Yum Dvd03~G60~03-3~03 - Sugar (3)}
sugarc008.jpg,131591,e70097ff,\Gallery 60\03 - Sugar (3)\,{Shemale Yum Dvd03~G60~03-3~03 - Sugar (3)}
sugarc009.jpg,150082,edc116f3,\Gallery 60\03 - Sugar (3)\,{Shemale Yum Dvd03~G60~03-3~03 - Sugar (3)}
sugarc010.jpg,146486,519332db,\Gallery 60\03 - Sugar (3)\,{Shemale Yum Dvd03~G60~03-3~03 - Sugar (3)}
sugarc011.jpg,132012,c6765ca7,\Gallery 60\03 - Sugar (3)\,{Shemale Yum Dvd03~G60~03-3~03 - Sugar (3)}
sugarc012.jpg,122962,adc287d2,\Gallery 60\03 - Sugar (3)\,{Shemale Yum Dvd03~G60~03-3~03 - Sugar (3)}
sugarc013.jpg,138153,1ec61f86,\Gallery 60\03 - Sugar (3)\,{Shemale Yum Dvd03~G60~03-3~03 - Sugar (3)}
sugarc014.jpg,159734,5841710b,\Gallery 60\03 - Sugar (3)\,{Shemale Yum Dvd03~G60~03-3~03 - Sugar (3)}
sugarc015.jpg,187444,be38a3e7,\Gallery 60\03 - Sugar (3)\,{Shemale Yum Dvd03~G60~03-3~03 - Sugar (3)}
sugarc016.jpg,177011,d7bc9c79,\Gallery 60\03 - Sugar (3)\,{Shemale Yum Dvd03~G60~03-3~03 - Sugar (3)}
sugarc017.jpg,148762,e389cc78,\Gallery 60\03 - Sugar (3)\,{Shemale Yum Dvd03~G60~03-3~03 - Sugar (3)}
sugarc018.jpg,141906,11d78fcc,\Gallery 60\03 - Sugar (3)\,{Shemale Yum Dvd03~G60~03-3~03 - Sugar (3)}
sugarc019.jpg,143583,27c31e75,\Gallery 60\03 - Sugar (3)\,{Shemale Yum Dvd03~G60~03-3~03 - Sugar (3)}
sugarc020.jpg,147700,ed7ed896,\Gallery 60\03 - Sugar (3)\,{Shemale Yum Dvd03~G60~03-3~03 - Sugar (3)}
sugarc021.jpg,109863,2355d6f0,\Gallery 60\03 - Sugar (3)\,{Shemale Yum Dvd03~G60~03-3~03 - Sugar (3)}
sugarc022.jpg,128932,fd9356ee,\Gallery 60\03 - Sugar (3)\,{Shemale Yum Dvd03~G60~03-3~03 - Sugar (3)}
sugarc023.jpg,110330,6736e003,\Gallery 60\03 - Sugar (3)\,{Shemale Yum Dvd03~G60~03-3~03 - Sugar (3)}
sugarc024.jpg,108474,b10dbfe5,\Gallery 60\03 - Sugar (3)\,{Shemale Yum Dvd03~G60~03-3~03 - Sugar (3)}
sugarc025.jpg,122483,c6a7862e,\Gallery 60\03 - Sugar (3)\,{Shemale Yum Dvd03~G60~03-3~03 - Sugar (3)}
sugarc026.jpg,133079,254709dc,\Gallery 60\03 - Sugar (3)\,{Shemale Yum Dvd03~G60~03-3~03 - Sugar (3)}
sugarc027.jpg,134091,7b7dc9e9,\Gallery 60\03 - Sugar (3)\,{Shemale Yum Dvd03~G60~03-3~03 - Sugar (3)}
sugarc028.jpg,126012,1afac41c,\Gallery 60\03 - Sugar (3)\,{Shemale Yum Dvd03~G60~03-3~03 - Sugar (3)}
sugarc029.jpg,139935,3afaaa22,\Gallery 60\03 - Sugar (3)\,{Shemale Yum Dvd03~G60~03-3~03 - Sugar (3)}
sugarc030.jpg,131926,e8a2d3fc,\Gallery 60\03 - Sugar (3)\,{Shemale Yum Dvd03~G60~03-3~03 - Sugar (3)}
sugarc031.jpg,135767,00bd6874,\Gallery 60\03 - Sugar (3)\,{Shemale Yum Dvd03~G60~03-3~03 - Sugar (3)}
sugarc032.jpg,136915,e4c90bdf,\Gallery 60\03 - Sugar (3)\,{Shemale Yum Dvd03~G60~03-3~03 - Sugar (3)}
sugarc033.jpg,131486,58588cb9,\Gallery 60\03 - Sugar (3)\,{Shemale Yum Dvd03~G60~03-3~03 - Sugar (3)}
sugarc034.jpg,129590,88d95abc,\Gallery 60\03 - Sugar (3)\,{Shemale Yum Dvd03~G60~03-3~03 - Sugar (3)}
sugarc035.jpg,132273,853676dd,\Gallery 60\03 - Sugar (3)\,{Shemale Yum Dvd03~G60~03-3~03 - Sugar (3)}
sugarc036.jpg,135247,7e23d7c1,\Gallery 60\03 - Sugar (3)\,{Shemale Yum Dvd03~G60~03-3~03 - Sugar (3)}
sugarc037.jpg,130571,f8cc0d42,\Gallery 60\03 - Sugar (3)\,{Shemale Yum Dvd03~G60~03-3~03 - Sugar (3)}
sugarc038.jpg,144650,cb8c0581,\Gallery 60\03 - Sugar (3)\,{Shemale Yum Dvd03~G60~03-3~03 - Sugar (3)}
sugarc039.jpg,132540,e6a41827,\Gallery 60\03 - Sugar (3)\,{Shemale Yum Dvd03~G60~03-3~03 - Sugar (3)}
sugarc040.jpg,125984,79bb98da,\Gallery 60\03 - Sugar (3)\,{Shemale Yum Dvd03~G60~03-3~03 - Sugar (3)}
sugarc041.jpg,133937,6da082fc,\Gallery 60\03 - Sugar (3)\,{Shemale Yum Dvd03~G60~03-3~03 - Sugar (3)}
sugarc042.jpg,128423,34c8a9e3,\Gallery 60\03 - Sugar (3)\,{Shemale Yum Dvd03~G60~03-3~03 - Sugar (3)}
sugarc043.jpg,116576,547b189e,\Gallery 60\03 - Sugar (3)\,{Shemale Yum Dvd03~G60~03-3~03 - Sugar (3)}
sugarc044.jpg,151262,2266329c,\Gallery 60\03 - Sugar (3)\,{Shemale Yum Dvd03~G60~03-3~03 - Sugar (3)}
sugarc045.jpg,144422,799fc092,\Gallery 60\03 - Sugar (3)\,{Shemale Yum Dvd03~G60~03-3~03 - Sugar (3)}
sugarc046.jpg,133955,4b81a236,\Gallery 60\03 - Sugar (3)\,{Shemale Yum Dvd03~G60~03-3~03 - Sugar (3)}
sugarc047.jpg,118208,cb4c8099,\Gallery 60\03 - Sugar (3)\,{Shemale Yum Dvd03~G60~03-3~03 - Sugar (3)}
sugarc048.jpg,185566,89618c6b,\Gallery 60\03 - Sugar (3)\,{Shemale Yum Dvd03~G60~03-3~03 - Sugar (3)}
sugarc049.jpg,144948,d2af0ba9,\Gallery 60\03 - Sugar (3)\,{Shemale Yum Dvd03~G60~03-3~03 - Sugar (3)}
sugarc050.jpg,163831,4146b71c,\Gallery 60\03 - Sugar (3)\,{Shemale Yum Dvd03~G60~03-3~03 - Sugar (3)}
sugarc051.jpg,168051,de81fbc1,\Gallery 60\03 - Sugar (3)\,{Shemale Yum Dvd03~G60~03-3~03 - Sugar (3)}
sugarc052.jpg,134007,0f282aa7,\Gallery 60\03 - Sugar (3)\,{Shemale Yum Dvd03~G60~03-3~03 - Sugar (3)}
sugarc053.jpg,138456,e05ec425,\Gallery 60\03 - Sugar (3)\,{Shemale Yum Dvd03~G60~03-3~03 - Sugar (3)}
sugarc054.jpg,142880,08486a06,\Gallery 60\03 - Sugar (3)\,{Shemale Yum Dvd03~G60~03-3~03 - Sugar (3)}
sugarc055.jpg,127030,e531c5bc,\Gallery 60\03 - Sugar (3)\,{Shemale Yum Dvd03~G60~03-3~03 - Sugar (3)}
sugarc056.jpg,133679,a3188a23,\Gallery 60\03 - Sugar (3)\,{Shemale Yum Dvd03~G60~03-3~03 - Sugar (3)}
sugarc057.jpg,130630,d7c039ff,\Gallery 60\03 - Sugar (3)\,{Shemale Yum Dvd03~G60~03-3~03 - Sugar (3)}
sugarc058.jpg,137923,fc5edb47,\Gallery 60\03 - Sugar (3)\,{Shemale Yum Dvd03~G60~03-3~03 - Sugar (3)}
sugarc059.jpg,133570,7a7c20f2,\Gallery 60\03 - Sugar (3)\,{Shemale Yum Dvd03~G60~03-3~03 - Sugar (3)}
sugarc060.jpg,130382,05d9ad9b,\Gallery 60\03 - Sugar (3)\,{Shemale Yum Dvd03~G60~03-3~03 - Sugar (3)}
sugarc061.jpg,156898,f05f06e3,\Gallery 60\03 - Sugar (3)\,{Shemale Yum Dvd03~G60~03-3~03 - Sugar (3)}
sugarc062.jpg,168452,b62b3459,\Gallery 60\03 - Sugar (3)\,{Shemale Yum Dvd03~G60~03-3~03 - Sugar (3)}
sugarc063.jpg,135801,03a5acad,\Gallery 60\03 - Sugar (3)\,{Shemale Yum Dvd03~G60~03-3~03 - Sugar (3)}
sugarc064.jpg,125787,c68b538e,\Gallery 60\03 - Sugar (3)\,{Shemale Yum Dvd03~G60~03-3~03 - Sugar (3)}
sugarc065.jpg,141883,e434f9d3,\Gallery 60\03 - Sugar (3)\,{Shemale Yum Dvd03~G60~03-3~03 - Sugar (3)}
sugarc066.jpg,140687,04ab2e54,\Gallery 60\03 - Sugar (3)\,{Shemale Yum Dvd03~G60~03-3~03 - Sugar (3)}
sugarc067.jpg,191070,c5612456,\Gallery 60\03 - Sugar (3)\,{Shemale Yum Dvd03~G60~03-3~03 - Sugar (3)}
sugarc068.jpg,134431,9beb6221,\Gallery 60\03 - Sugar (3)\,{Shemale Yum Dvd03~G60~03-3~03 - Sugar (3)}
sugarc069.jpg,193039,e3be6f7d,\Gallery 60\03 - Sugar (3)\,{Shemale Yum Dvd03~G60~03-3~03 - Sugar (3)}
sugarc070.jpg,134164,6acf85dd,\Gallery 60\03 - Sugar (3)\,{Shemale Yum Dvd03~G60~03-3~03 - Sugar (3)}
sugarc071.jpg,133797,0de867d2,\Gallery 60\03 - Sugar (3)\,{Shemale Yum Dvd03~G60~03-3~03 - Sugar (3)}
sugarc072.jpg,196545,67eb65ab,\Gallery 60\03 - Sugar (3)\,{Shemale Yum Dvd03~G60~03-3~03 - Sugar (3)}
sugarc073.jpg,197697,f3b1f45b,\Gallery 60\03 - Sugar (3)\,{Shemale Yum Dvd03~G60~03-3~03 - Sugar (3)}
sugarc074.jpg,191674,a7409ac1,\Gallery 60\03 - Sugar (3)\,{Shemale Yum Dvd03~G60~03-3~03 - Sugar (3)}
sugarc075.jpg,147362,ee797ff0,\Gallery 60\03 - Sugar (3)\,{Shemale Yum Dvd03~G60~03-3~03 - Sugar (3)}
sugarc076.jpg,160023,e62c1419,\Gallery 60\03 - Sugar (3)\,{Shemale Yum Dvd03~G60~03-3~03 - Sugar (3)}
sugarc077.jpg,149523,491f6111,\Gallery 60\03 - Sugar (3)\,{Shemale Yum Dvd03~G60~03-3~03 - Sugar (3)}
sugarc078.jpg,164025,22408fdd,\Gallery 60\03 - Sugar (3)\,{Shemale Yum Dvd03~G60~03-3~03 - Sugar (3)}
sugarc079.jpg,167667,61f85479,\Gallery 60\03 - Sugar (3)\,{Shemale Yum Dvd03~G60~03-3~03 - Sugar (3)}
sugarc080.jpg,130896,a8f0fc39,\Gallery 60\03 - Sugar (3)\,{Shemale Yum Dvd03~G60~03-3~03 - Sugar (3)}
sugarc081.jpg,132938,a2647dcf,\Gallery 60\03 - Sugar (3)\,{Shemale Yum Dvd03~G60~03-3~03 - Sugar (3)}
sugarc082.jpg,138951,b0335222,\Gallery 60\03 - Sugar (3)\,{Shemale Yum Dvd03~G60~03-3~03 - Sugar (3)}
sugarc083.jpg,155589,c99b9eb0,\Gallery 60\03 - Sugar (3)\,{Shemale Yum Dvd03~G60~03-3~03 - Sugar (3)}
sugarc084.jpg,157759,ecec81d9,\Gallery 60\03 - Sugar (3)\,{Shemale Yum Dvd03~G60~03-3~03 - Sugar (3)}
sugarc085.jpg,154760,f9b5960d,\Gallery 60\03 - Sugar (3)\,{Shemale Yum Dvd03~G60~03-3~03 - Sugar (3)}
sugarc086.jpg,157632,76688ad9,\Gallery 60\03 - Sugar (3)\,{Shemale Yum Dvd03~G60~03-3~03 - Sugar (3)}
sugarc087.jpg,139867,141becf7,\Gallery 60\03 - Sugar (3)\,{Shemale Yum Dvd03~G60~03-3~03 - Sugar (3)}
sugarc088.jpg,141788,7d444f46,\Gallery 60\03 - Sugar (3)\,{Shemale Yum Dvd03~G60~03-3~03 - Sugar (3)}
sugarc089.jpg,130808,ed63b8a9,\Gallery 60\03 - Sugar (3)\,{Shemale Yum Dvd03~G60~03-3~03 - Sugar (3)}
sugarc090.jpg,141365,b8b06b9a,\Gallery 60\03 - Sugar (3)\,{Shemale Yum Dvd03~G60~03-3~03 - Sugar (3)}
sugarc091.jpg,131009,7e84ea00,\Gallery 60\03 - Sugar (3)\,{Shemale Yum Dvd03~G60~03-3~03 - Sugar (3)}
sugarc092.jpg,166848,2ec645d9,\Gallery 60\03 - Sugar (3)\,{Shemale Yum Dvd03~G60~03-3~03 - Sugar (3)}
sugarc093.jpg,166424,0b63b3bb,\Gallery 60\03 - Sugar (3)\,{Shemale Yum Dvd03~G60~03-3~03 - Sugar (3)}
sugarc094.jpg,124985,019cee08,\Gallery 60\03 - Sugar (3)\,{Shemale Yum Dvd03~G60~03-3~03 - Sugar (3)}
sugarc095.jpg,135609,4a839e87,\Gallery 60\03 - Sugar (3)\,{Shemale Yum Dvd03~G60~03-3~03 - Sugar (3)}
sugarc096.jpg,137060,d353bef9,\Gallery 60\03 - Sugar (3)\,{Shemale Yum Dvd03~G60~03-3~03 - Sugar (3)}
sugarc097.jpg,133464,1bdb1774,\Gallery 60\03 - Sugar (3)\,{Shemale Yum Dvd03~G60~03-3~03 - Sugar (3)}
sugarc098.jpg,152134,061d2149,\Gallery 60\03 - Sugar (3)\,{Shemale Yum Dvd03~G60~03-3~03 - Sugar (3)}
sugarc099.jpg,131034,725558eb,\Gallery 60\03 - Sugar (3)\,{Shemale Yum Dvd03~G60~03-3~03 - Sugar (3)}
sugarc100.jpg,143435,6d7f26c8,\Gallery 60\03 - Sugar (3)\,{Shemale Yum Dvd03~G60~03-3~03 - Sugar (3)}
sugarc101.jpg,165427,cca97610,\Gallery 60\03 - Sugar (3)\,{Shemale Yum Dvd03~G60~03-3~03 - Sugar (3)}
sugarc102.jpg,137524,6f4669c3,\Gallery 60\03 - Sugar (3)\,{Shemale Yum Dvd03~G60~03-3~03 - Sugar (3)}
sugarc103.jpg,176292,6ed0b73d,\Gallery 60\03 - Sugar (3)\,{Shemale Yum Dvd03~G60~03-3~03 - Sugar (3)}
sugarc104.jpg,159674,4314d7a5,\Gallery 60\03 - Sugar (3)\,{Shemale Yum Dvd03~G60~03-3~03 - Sugar (3)}
sugarc105.jpg,150156,80d9489a,\Gallery 60\03 - Sugar (3)\,{Shemale Yum Dvd03~G60~03-3~03 - Sugar (3)}
sugarc106.jpg,164682,19a5017c,\Gallery 60\03 - Sugar (3)\,{Shemale Yum Dvd03~G60~03-3~03 - Sugar (3)}
sugar4001.jpg,152933,5ef24486,\Gallery 60\03 - Sugar (4)\,{Shemale Yum Dvd03~G60~03-4~03 - Sugar (4)}
sugar4002.jpg,167420,a3b424b8,\Gallery 60\03 - Sugar (4)\,{Shemale Yum Dvd03~G60~03-4~03 - Sugar (4)}
sugar4003.jpg,161166,bd6adc1b,\Gallery 60\03 - Sugar (4)\,{Shemale Yum Dvd03~G60~03-4~03 - Sugar (4)}
sugar4004.jpg,130396,ac8a82b4,\Gallery 60\03 - Sugar (4)\,{Shemale Yum Dvd03~G60~03-4~03 - Sugar (4)}
sugar4005.jpg,152699,d7b4616c,\Gallery 60\03 - Sugar (4)\,{Shemale Yum Dvd03~G60~03-4~03 - Sugar (4)}
sugar4006.jpg,140782,efbc8be3,\Gallery 60\03 - Sugar (4)\,{Shemale Yum Dvd03~G60~03-4~03 - Sugar (4)}
sugar4007.jpg,171637,a51ae7d3,\Gallery 60\03 - Sugar (4)\,{Shemale Yum Dvd03~G60~03-4~03 - Sugar (4)}
sugar4008.jpg,206280,2ad70c3c,\Gallery 60\03 - Sugar (4)\,{Shemale Yum Dvd03~G60~03-4~03 - Sugar (4)}
sugar4009.jpg,157041,865c5ec8,\Gallery 60\03 - Sugar (4)\,{Shemale Yum Dvd03~G60~03-4~03 - Sugar (4)}
sugar4010.jpg,130265,bee1f7cd,\Gallery 60\03 - Sugar (4)\,{Shemale Yum Dvd03~G60~03-4~03 - Sugar (4)}
sugar4011.jpg,142336,afbcca96,\Gallery 60\03 - Sugar (4)\,{Shemale Yum Dvd03~G60~03-4~03 - Sugar (4)}
sugar4012.jpg,144831,97691956,\Gallery 60\03 - Sugar (4)\,{Shemale Yum Dvd03~G60~03-4~03 - Sugar (4)}
sugar4013.jpg,165133,9a0d4d6a,\Gallery 60\03 - Sugar (4)\,{Shemale Yum Dvd03~G60~03-4~03 - Sugar (4)}
sugar4014.jpg,161804,048c3068,\Gallery 60\03 - Sugar (4)\,{Shemale Yum Dvd03~G60~03-4~03 - Sugar (4)}
sugar4015.jpg,175386,ca1a9846,\Gallery 60\03 - Sugar (4)\,{Shemale Yum Dvd03~G60~03-4~03 - Sugar (4)}
sugar4016.jpg,152386,6c2cb508,\Gallery 60\03 - Sugar (4)\,{Shemale Yum Dvd03~G60~03-4~03 - Sugar (4)}
sugar4017.jpg,186919,81aea81e,\Gallery 60\03 - Sugar (4)\,{Shemale Yum Dvd03~G60~03-4~03 - Sugar (4)}
sugar4018.jpg,173651,d2c3cc2f,\Gallery 60\03 - Sugar (4)\,{Shemale Yum Dvd03~G60~03-4~03 - Sugar (4)}
sugar4019.jpg,170784,25267846,\Gallery 60\03 - Sugar (4)\,{Shemale Yum Dvd03~G60~03-4~03 - Sugar (4)}
sugar4020.jpg,158777,0aaf5d82,\Gallery 60\03 - Sugar (4)\,{Shemale Yum Dvd03~G60~03-4~03 - Sugar (4)}
sugar4021.jpg,147569,0a0ff942,\Gallery 60\03 - Sugar (4)\,{Shemale Yum Dvd03~G60~03-4~03 - Sugar (4)}
sugar4022.jpg,152590,3edd1756,\Gallery 60\03 - Sugar (4)\,{Shemale Yum Dvd03~G60~03-4~03 - Sugar (4)}
sugar4023.jpg,155190,b11591fc,\Gallery 60\03 - Sugar (4)\,{Shemale Yum Dvd03~G60~03-4~03 - Sugar (4)}
sugar4024.jpg,131637,516b3b17,\Gallery 60\03 - Sugar (4)\,{Shemale Yum Dvd03~G60~03-4~03 - Sugar (4)}
sugar4025.jpg,157664,6138e48c,\Gallery 60\03 - Sugar (4)\,{Shemale Yum Dvd03~G60~03-4~03 - Sugar (4)}
sugar4026.jpg,138766,cd9a9ace,\Gallery 60\03 - Sugar (4)\,{Shemale Yum Dvd03~G60~03-4~03 - Sugar (4)}
sugar4027.jpg,139869,c8f1a391,\Gallery 60\03 - Sugar (4)\,{Shemale Yum Dvd03~G60~03-4~03 - Sugar (4)}
sugar4028.jpg,153762,626d1611,\Gallery 60\03 - Sugar (4)\,{Shemale Yum Dvd03~G60~03-4~03 - Sugar (4)}
sugar4029.jpg,142376,1fe08efe,\Gallery 60\03 - Sugar (4)\,{Shemale Yum Dvd03~G60~03-4~03 - Sugar (4)}
sugar4030.jpg,120954,5937d68d,\Gallery 60\03 - Sugar (4)\,{Shemale Yum Dvd03~G60~03-4~03 - Sugar (4)}
sugar4031.jpg,161866,1c8e2da3,\Gallery 60\03 - Sugar (4)\,{Shemale Yum Dvd03~G60~03-4~03 - Sugar (4)}
sugar4032.jpg,147270,4d2c62f7,\Gallery 60\03 - Sugar (4)\,{Shemale Yum Dvd03~G60~03-4~03 - Sugar (4)}
sugar4033.jpg,147446,6307d7ca,\Gallery 60\03 - Sugar (4)\,{Shemale Yum Dvd03~G60~03-4~03 - Sugar (4)}
sugar4034.jpg,134489,f82bd7e8,\Gallery 60\03 - Sugar (4)\,{Shemale Yum Dvd03~G60~03-4~03 - Sugar (4)}
sugar4035.jpg,151180,485fe5bd,\Gallery 60\03 - Sugar (4)\,{Shemale Yum Dvd03~G60~03-4~03 - Sugar (4)}
sugar4036.jpg,135871,246ddbfe,\Gallery 60\03 - Sugar (4)\,{Shemale Yum Dvd03~G60~03-4~03 - Sugar (4)}
sugar4037.jpg,175110,3372ebac,\Gallery 60\03 - Sugar (4)\,{Shemale Yum Dvd03~G60~03-4~03 - Sugar (4)}
sugar4038.jpg,133718,f0a07898,\Gallery 60\03 - Sugar (4)\,{Shemale Yum Dvd03~G60~03-4~03 - Sugar (4)}
sugar4039.jpg,137127,d09fda01,\Gallery 60\03 - Sugar (4)\,{Shemale Yum Dvd03~G60~03-4~03 - Sugar (4)}
sugar4040.jpg,132840,65b0d1a3,\Gallery 60\03 - Sugar (4)\,{Shemale Yum Dvd03~G60~03-4~03 - Sugar (4)}
sugar4041.jpg,132734,eaf00b5a,\Gallery 60\03 - Sugar (4)\,{Shemale Yum Dvd03~G60~03-4~03 - Sugar (4)}
sugar4042.jpg,146924,0a860d58,\Gallery 60\03 - Sugar (4)\,{Shemale Yum Dvd03~G60~03-4~03 - Sugar (4)}
sugar4043.jpg,142758,16048000,\Gallery 60\03 - Sugar (4)\,{Shemale Yum Dvd03~G60~03-4~03 - Sugar (4)}
sugar4044.jpg,171095,fa864ef3,\Gallery 60\03 - Sugar (4)\,{Shemale Yum Dvd03~G60~03-4~03 - Sugar (4)}
sugar4045.jpg,182343,c9d67646,\Gallery 60\03 - Sugar (4)\,{Shemale Yum Dvd03~G60~03-4~03 - Sugar (4)}
sugar4046.jpg,179468,13390453,\Gallery 60\03 - Sugar (4)\,{Shemale Yum Dvd03~G60~03-4~03 - Sugar (4)}
sugar4047.jpg,146747,cd860d48,\Gallery 60\03 - Sugar (4)\,{Shemale Yum Dvd03~G60~03-4~03 - Sugar (4)}
sugar4048.jpg,133258,7252fb40,\Gallery 60\03 - Sugar (4)\,{Shemale Yum Dvd03~G60~03-4~03 - Sugar (4)}
sugar4049.jpg,121528,0910cc4e,\Gallery 60\03 - Sugar (4)\,{Shemale Yum Dvd03~G60~03-4~03 - Sugar (4)}
sugar4050.jpg,124738,931e19be,\Gallery 60\03 - Sugar (4)\,{Shemale Yum Dvd03~G60~03-4~03 - Sugar (4)}
sugar4051.jpg,113087,871ce6fc,\Gallery 60\03 - Sugar (4)\,{Shemale Yum Dvd03~G60~03-4~03 - Sugar (4)}
sugar4052.jpg,133243,fe66d4e7,\Gallery 60\03 - Sugar (4)\,{Shemale Yum Dvd03~G60~03-4~03 - Sugar (4)}
sugar4053.jpg,138692,3c7013ff,\Gallery 60\03 - Sugar (4)\,{Shemale Yum Dvd03~G60~03-4~03 - Sugar (4)}
sugar4054.jpg,152575,34aaf813,\Gallery 60\03 - Sugar (4)\,{Shemale Yum Dvd03~G60~03-4~03 - Sugar (4)}
sugar4055.jpg,135749,29ee2e48,\Gallery 60\03 - Sugar (4)\,{Shemale Yum Dvd03~G60~03-4~03 - Sugar (4)}
sugar4056.jpg,152135,3124977b,\Gallery 60\03 - Sugar (4)\,{Shemale Yum Dvd03~G60~03-4~03 - Sugar (4)}
sugar4057.jpg,169639,bffad823,\Gallery 60\03 - Sugar (4)\,{Shemale Yum Dvd03~G60~03-4~03 - Sugar (4)}
sugar4058.jpg,151220,1417b14a,\Gallery 60\03 - Sugar (4)\,{Shemale Yum Dvd03~G60~03-4~03 - Sugar (4)}
sugar4059.jpg,140507,c5de794d,\Gallery 60\03 - Sugar (4)\,{Shemale Yum Dvd03~G60~03-4~03 - Sugar (4)}
sugar4060.jpg,141503,0c89fc8c,\Gallery 60\03 - Sugar (4)\,{Shemale Yum Dvd03~G60~03-4~03 - Sugar (4)}
sugar4061.jpg,145246,e821ff9c,\Gallery 60\03 - Sugar (4)\,{Shemale Yum Dvd03~G60~03-4~03 - Sugar (4)}
sugar4062.jpg,130471,627f9608,\Gallery 60\03 - Sugar (4)\,{Shemale Yum Dvd03~G60~03-4~03 - Sugar (4)}
sugar4063.jpg,123922,85443aae,\Gallery 60\03 - Sugar (4)\,{Shemale Yum Dvd03~G60~03-4~03 - Sugar (4)}
sugar4064.jpg,121033,385ea31c,\Gallery 60\03 - Sugar (4)\,{Shemale Yum Dvd03~G60~03-4~03 - Sugar (4)}
sugar4065.jpg,134252,cc284b5c,\Gallery 60\03 - Sugar (4)\,{Shemale Yum Dvd03~G60~03-4~03 - Sugar (4)}
sugar4066.jpg,131124,9113d052,\Gallery 60\03 - Sugar (4)\,{Shemale Yum Dvd03~G60~03-4~03 - Sugar (4)}
sugar4067.jpg,121977,127807e4,\Gallery 60\03 - Sugar (4)\,{Shemale Yum Dvd03~G60~03-4~03 - Sugar (4)}
brandie002.jpg,158578,7845b46b,\Gallery 60\04 - Brandie\,{Shemale Yum Dvd03~G60~04~04 - Brandie}
brandie003.jpg,159262,cb1a0bcb,\Gallery 60\04 - Brandie\,{Shemale Yum Dvd03~G60~04~04 - Brandie}
brandie004.jpg,142255,02b4c827,\Gallery 60\04 - Brandie\,{Shemale Yum Dvd03~G60~04~04 - Brandie}
brandie005.jpg,152371,d7baafe6,\Gallery 60\04 - Brandie\,{Shemale Yum Dvd03~G60~04~04 - Brandie}
brandie006.jpg,157750,96027427,\Gallery 60\04 - Brandie\,{Shemale Yum Dvd03~G60~04~04 - Brandie}
brandie007.jpg,169568,19c9f892,\Gallery 60\04 - Brandie\,{Shemale Yum Dvd03~G60~04~04 - Brandie}
brandie008.jpg,152633,6516b7b8,\Gallery 60\04 - Brandie\,{Shemale Yum Dvd03~G60~04~04 - Brandie}
brandie009.jpg,154507,59452db7,\Gallery 60\04 - Brandie\,{Shemale Yum Dvd03~G60~04~04 - Brandie}
brandie011.jpg,158664,167e6a06,\Gallery 60\04 - Brandie\,{Shemale Yum Dvd03~G60~04~04 - Brandie}
brandie012.jpg,161068,72acacb1,\Gallery 60\04 - Brandie\,{Shemale Yum Dvd03~G60~04~04 - Brandie}
brandie013.jpg,163239,6ca5c70c,\Gallery 60\04 - Brandie\,{Shemale Yum Dvd03~G60~04~04 - Brandie}
brandie014.jpg,155590,0b87962b,\Gallery 60\04 - Brandie\,{Shemale Yum Dvd03~G60~04~04 - Brandie}
brandie015.jpg,157534,fef44e2a,\Gallery 60\04 - Brandie\,{Shemale Yum Dvd03~G60~04~04 - Brandie}
brandie016.jpg,136397,fba8fd7f,\Gallery 60\04 - Brandie\,{Shemale Yum Dvd03~G60~04~04 - Brandie}
brandie017.jpg,159834,15eb2748,\Gallery 60\04 - Brandie\,{Shemale Yum Dvd03~G60~04~04 - Brandie}
brandie018.jpg,163142,2b719adf,\Gallery 60\04 - Brandie\,{Shemale Yum Dvd03~G60~04~04 - Brandie}
brandie019.jpg,166940,054113e9,\Gallery 60\04 - Brandie\,{Shemale Yum Dvd03~G60~04~04 - Brandie}
brandie020.jpg,166647,9fc9e573,\Gallery 60\04 - Brandie\,{Shemale Yum Dvd03~G60~04~04 - Brandie}
brandie021.jpg,167687,80298ba0,\Gallery 60\04 - Brandie\,{Shemale Yum Dvd03~G60~04~04 - Brandie}
brandie022.jpg,135247,d07280f1,\Gallery 60\04 - Brandie\,{Shemale Yum Dvd03~G60~04~04 - Brandie}
brandie023.jpg,160960,2d00a171,\Gallery 60\04 - Brandie\,{Shemale Yum Dvd03~G60~04~04 - Brandie}
brandie024.jpg,152872,3922a938,\Gallery 60\04 - Brandie\,{Shemale Yum Dvd03~G60~04~04 - Brandie}
brandie025.jpg,166055,de0ba33f,\Gallery 60\04 - Brandie\,{Shemale Yum Dvd03~G60~04~04 - Brandie}
brandie026.jpg,168813,8ae45a6e,\Gallery 60\04 - Brandie\,{Shemale Yum Dvd03~G60~04~04 - Brandie}
brandie027.jpg,163560,5247a0ac,\Gallery 60\04 - Brandie\,{Shemale Yum Dvd03~G60~04~04 - Brandie}
brandie028.jpg,160103,91ed75bf,\Gallery 60\04 - Brandie\,{Shemale Yum Dvd03~G60~04~04 - Brandie}
brandie029.jpg,151977,2d93d220,\Gallery 60\04 - Brandie\,{Shemale Yum Dvd03~G60~04~04 - Brandie}
brandie030.jpg,154318,3fc800d9,\Gallery 60\04 - Brandie\,{Shemale Yum Dvd03~G60~04~04 - Brandie}
brandie031.jpg,151579,e078ba3e,\Gallery 60\04 - Brandie\,{Shemale Yum Dvd03~G60~04~04 - Brandie}
brandie032.jpg,187242,26fc16cf,\Gallery 60\04 - Brandie\,{Shemale Yum Dvd03~G60~04~04 - Brandie}
brandie033.jpg,152747,49657af5,\Gallery 60\04 - Brandie\,{Shemale Yum Dvd03~G60~04~04 - Brandie}
brandie034.jpg,132403,ff564287,\Gallery 60\04 - Brandie\,{Shemale Yum Dvd03~G60~04~04 - Brandie}
brandie035.jpg,156733,076b49bf,\Gallery 60\04 - Brandie\,{Shemale Yum Dvd03~G60~04~04 - Brandie}
brandie036.jpg,159433,3a9477ca,\Gallery 60\04 - Brandie\,{Shemale Yum Dvd03~G60~04~04 - Brandie}
brandie037.jpg,162494,8169eb8b,\Gallery 60\04 - Brandie\,{Shemale Yum Dvd03~G60~04~04 - Brandie}
brandie038.jpg,158058,417632d6,\Gallery 60\04 - Brandie\,{Shemale Yum Dvd03~G60~04~04 - Brandie}
brandie039.jpg,153086,8e5b5420,\Gallery 60\04 - Brandie\,{Shemale Yum Dvd03~G60~04~04 - Brandie}
brandie040.jpg,158130,f01ebebd,\Gallery 60\04 - Brandie\,{Shemale Yum Dvd03~G60~04~04 - Brandie}
brandie041.jpg,140330,2333e7ae,\Gallery 60\04 - Brandie\,{Shemale Yum Dvd03~G60~04~04 - Brandie}
brandie042.jpg,153719,e69e6495,\Gallery 60\04 - Brandie\,{Shemale Yum Dvd03~G60~04~04 - Brandie}
brandie043.jpg,151384,da91a003,\Gallery 60\04 - Brandie\,{Shemale Yum Dvd03~G60~04~04 - Brandie}
brandie044.jpg,155538,0acb3c70,\Gallery 60\04 - Brandie\,{Shemale Yum Dvd03~G60~04~04 - Brandie}
brandie045.jpg,158957,a4f9bc00,\Gallery 60\04 - Brandie\,{Shemale Yum Dvd03~G60~04~04 - Brandie}
brandie046.jpg,142850,3eea064a,\Gallery 60\04 - Brandie\,{Shemale Yum Dvd03~G60~04~04 - Brandie}
brandie047.jpg,147108,c7777e2f,\Gallery 60\04 - Brandie\,{Shemale Yum Dvd03~G60~04~04 - Brandie}
brandie048.jpg,164899,daecbc83,\Gallery 60\04 - Brandie\,{Shemale Yum Dvd03~G60~04~04 - Brandie}
brandie049.jpg,179431,c237e49d,\Gallery 60\04 - Brandie\,{Shemale Yum Dvd03~G60~04~04 - Brandie}
brandie050.jpg,154948,ab43badc,\Gallery 60\04 - Brandie\,{Shemale Yum Dvd03~G60~04~04 - Brandie}
brandie051.jpg,171636,d0722145,\Gallery 60\04 - Brandie\,{Shemale Yum Dvd03~G60~04~04 - Brandie}
brandie052.jpg,148650,a2d16d52,\Gallery 60\04 - Brandie\,{Shemale Yum Dvd03~G60~04~04 - Brandie}
brandie053.jpg,185196,e1a5e1c0,\Gallery 60\04 - Brandie\,{Shemale Yum Dvd03~G60~04~04 - Brandie}
brandie054.jpg,184463,06ed9953,\Gallery 60\04 - Brandie\,{Shemale Yum Dvd03~G60~04~04 - Brandie}
brandie055.jpg,156531,2356e483,\Gallery 60\04 - Brandie\,{Shemale Yum Dvd03~G60~04~04 - Brandie}
brandie056.jpg,138909,e14c0509,\Gallery 60\04 - Brandie\,{Shemale Yum Dvd03~G60~04~04 - Brandie}
brandie057.jpg,150623,addd7894,\Gallery 60\04 - Brandie\,{Shemale Yum Dvd03~G60~04~04 - Brandie}
brandie058.jpg,166231,6d955242,\Gallery 60\04 - Brandie\,{Shemale Yum Dvd03~G60~04~04 - Brandie}
brandie059.jpg,169445,606d7bfd,\Gallery 60\04 - Brandie\,{Shemale Yum Dvd03~G60~04~04 - Brandie}
brandie060.jpg,159863,4a39e4be,\Gallery 60\04 - Brandie\,{Shemale Yum Dvd03~G60~04~04 - Brandie}
brandie061.jpg,186562,4660adab,\Gallery 60\04 - Brandie\,{Shemale Yum Dvd03~G60~04~04 - Brandie}
brandie062.jpg,166328,770ee108,\Gallery 60\04 - Brandie\,{Shemale Yum Dvd03~G60~04~04 - Brandie}
brandie063.jpg,142281,1a1b9231,\Gallery 60\04 - Brandie\,{Shemale Yum Dvd03~G60~04~04 - Brandie}
brandie064.jpg,138571,0fa0f19d,\Gallery 60\04 - Brandie\,{Shemale Yum Dvd03~G60~04~04 - Brandie}
brandie065.jpg,158688,4bed7057,\Gallery 60\04 - Brandie\,{Shemale Yum Dvd03~G60~04~04 - Brandie}
brandie066.jpg,160374,53a62fdc,\Gallery 60\04 - Brandie\,{Shemale Yum Dvd03~G60~04~04 - Brandie}
brandie067.jpg,184302,2e874906,\Gallery 60\04 - Brandie\,{Shemale Yum Dvd03~G60~04~04 - Brandie}
brandie069.jpg,139938,faead8b3,\Gallery 60\04 - Brandie\,{Shemale Yum Dvd03~G60~04~04 - Brandie}
brandie070.jpg,148578,10ae1af7,\Gallery 60\04 - Brandie\,{Shemale Yum Dvd03~G60~04~04 - Brandie}
brandie071.jpg,155111,012b42b6,\Gallery 60\04 - Brandie\,{Shemale Yum Dvd03~G60~04~04 - Brandie}
brandie072.jpg,165628,f5138805,\Gallery 60\04 - Brandie\,{Shemale Yum Dvd03~G60~04~04 - Brandie}
brandie073.jpg,131665,08d03ecc,\Gallery 60\04 - Brandie\,{Shemale Yum Dvd03~G60~04~04 - Brandie}
brandie074.jpg,149825,69bfde9e,\Gallery 60\04 - Brandie\,{Shemale Yum Dvd03~G60~04~04 - Brandie}
brandie075.jpg,140516,eddd7fbb,\Gallery 60\04 - Brandie\,{Shemale Yum Dvd03~G60~04~04 - Brandie}
brandie076.jpg,128621,4643b11d,\Gallery 60\04 - Brandie\,{Shemale Yum Dvd03~G60~04~04 - Brandie}
brandie077.jpg,132874,97e665a6,\Gallery 60\04 - Brandie\,{Shemale Yum Dvd03~G60~04~04 - Brandie}
brandie078.jpg,131617,170ba4d8,\Gallery 60\04 - Brandie\,{Shemale Yum Dvd03~G60~04~04 - Brandie}
brandie079.jpg,174352,bdc6977a,\Gallery 60\04 - Brandie\,{Shemale Yum Dvd03~G60~04~04 - Brandie}
brandie080.jpg,137859,bef1a0da,\Gallery 60\04 - Brandie\,{Shemale Yum Dvd03~G60~04~04 - Brandie}
brandie081.jpg,185105,a181945e,\Gallery 60\04 - Brandie\,{Shemale Yum Dvd03~G60~04~04 - Brandie}
brandie083.jpg,125046,e1b522ca,\Gallery 60\04 - Brandie\,{Shemale Yum Dvd03~G60~04~04 - Brandie}
brandie084.jpg,126944,5dcc9c74,\Gallery 60\04 - Brandie\,{Shemale Yum Dvd03~G60~04~04 - Brandie}
brandie085.jpg,132099,6cef2a83,\Gallery 60\04 - Brandie\,{Shemale Yum Dvd03~G60~04~04 - Brandie}
brandie086.jpg,132658,3f2d2925,\Gallery 60\04 - Brandie\,{Shemale Yum Dvd03~G60~04~04 - Brandie}
brandie087.jpg,138234,07c01f93,\Gallery 60\04 - Brandie\,{Shemale Yum Dvd03~G60~04~04 - Brandie}
brandie088.jpg,138131,d034d955,\Gallery 60\04 - Brandie\,{Shemale Yum Dvd03~G60~04~04 - Brandie}
brandie089.jpg,151792,e98ee348,\Gallery 60\04 - Brandie\,{Shemale Yum Dvd03~G60~04~04 - Brandie}
brandie090.jpg,146226,29634766,\Gallery 60\04 - Brandie\,{Shemale Yum Dvd03~G60~04~04 - Brandie}
brandie091.jpg,136830,18aa2480,\Gallery 60\04 - Brandie\,{Shemale Yum Dvd03~G60~04~04 - Brandie}
brandie093.jpg,167529,20c0a2a2,\Gallery 60\04 - Brandie\,{Shemale Yum Dvd03~G60~04~04 - Brandie}
brandie094.jpg,163420,3899e083,\Gallery 60\04 - Brandie\,{Shemale Yum Dvd03~G60~04~04 - Brandie}
brandie095.jpg,154024,4b4627a8,\Gallery 60\04 - Brandie\,{Shemale Yum Dvd03~G60~04~04 - Brandie}
brandie096.jpg,165210,d6655bbb,\Gallery 60\04 - Brandie\,{Shemale Yum Dvd03~G60~04~04 - Brandie}
brandie097.jpg,184381,7585b4e7,\Gallery 60\04 - Brandie\,{Shemale Yum Dvd03~G60~04~04 - Brandie}
brandie098.jpg,146692,dee9d9ca,\Gallery 60\04 - Brandie\,{Shemale Yum Dvd03~G60~04~04 - Brandie}
brandie099.jpg,154045,4baf676d,\Gallery 60\04 - Brandie\,{Shemale Yum Dvd03~G60~04~04 - Brandie}
brandie100.jpg,143033,52f91981,\Gallery 60\04 - Brandie\,{Shemale Yum Dvd03~G60~04~04 - Brandie}
brandie101.jpg,149738,e45fd09b,\Gallery 60\04 - Brandie\,{Shemale Yum Dvd03~G60~04~04 - Brandie}
brandie102.jpg,130850,661f6b06,\Gallery 60\04 - Brandie\,{Shemale Yum Dvd03~G60~04~04 - Brandie}
brandie103.jpg,137253,5abc01f8,\Gallery 60\04 - Brandie\,{Shemale Yum Dvd03~G60~04~04 - Brandie}
brandie104.jpg,134908,529fd89a,\Gallery 60\04 - Brandie\,{Shemale Yum Dvd03~G60~04~04 - Brandie}
brandie106.jpg,133156,61a0f38f,\Gallery 60\04 - Brandie\,{Shemale Yum Dvd03~G60~04~04 - Brandie}
brandie107.jpg,125326,eaf2ab39,\Gallery 60\04 - Brandie\,{Shemale Yum Dvd03~G60~04~04 - Brandie}
brandie109.jpg,154225,1260753e,\Gallery 60\04 - Brandie\,{Shemale Yum Dvd03~G60~04~04 - Brandie}
brandie110.jpg,151769,63aa3225,\Gallery 60\04 - Brandie\,{Shemale Yum Dvd03~G60~04~04 - Brandie}
brandie111.jpg,156248,3e1721d6,\Gallery 60\04 - Brandie\,{Shemale Yum Dvd03~G60~04~04 - Brandie}
brandie112.jpg,163827,242698a8,\Gallery 60\04 - Brandie\,{Shemale Yum Dvd03~G60~04~04 - Brandie}
brandie113.jpg,155837,233923c5,\Gallery 60\04 - Brandie\,{Shemale Yum Dvd03~G60~04~04 - Brandie}
brandie115.jpg,170285,b441f7c7,\Gallery 60\04 - Brandie\,{Shemale Yum Dvd03~G60~04~04 - Brandie}
brandie116.jpg,137697,987f5977,\Gallery 60\04 - Brandie\,{Shemale Yum Dvd03~G60~04~04 - Brandie}
brandie117.jpg,128327,c940ee02,\Gallery 60\04 - Brandie\,{Shemale Yum Dvd03~G60~04~04 - Brandie}
brandie118.jpg,166193,b91e86a5,\Gallery 60\04 - Brandie\,{Shemale Yum Dvd03~G60~04~04 - Brandie}
brandie119.jpg,131450,b0fbc16f,\Gallery 60\04 - Brandie\,{Shemale Yum Dvd03~G60~04~04 - Brandie}
brandie120.jpg,143308,1fe7df09,\Gallery 60\04 - Brandie\,{Shemale Yum Dvd03~G60~04~04 - Brandie}
jenb001.jpg,133794,14266d94,\Gallery 60\05 - Jen\,{Shemale Yum Dvd03~G60~05~05 - Jen}
jenb002.jpg,135925,12978b05,\Gallery 60\05 - Jen\,{Shemale Yum Dvd03~G60~05~05 - Jen}
jenb003.jpg,175051,9cab6fa8,\Gallery 60\05 - Jen\,{Shemale Yum Dvd03~G60~05~05 - Jen}
jenb004.jpg,180750,f46bfaed,\Gallery 60\05 - Jen\,{Shemale Yum Dvd03~G60~05~05 - Jen}
jenb005.jpg,145194,d62da555,\Gallery 60\05 - Jen\,{Shemale Yum Dvd03~G60~05~05 - Jen}
jenb006.jpg,124229,a24f70b9,\Gallery 60\05 - Jen\,{Shemale Yum Dvd03~G60~05~05 - Jen}
jenb007.jpg,150544,c30d9012,\Gallery 60\05 - Jen\,{Shemale Yum Dvd03~G60~05~05 - Jen}
jenb008.jpg,150306,7da63134,\Gallery 60\05 - Jen\,{Shemale Yum Dvd03~G60~05~05 - Jen}
jenb009.jpg,147167,7719ee73,\Gallery 60\05 - Jen\,{Shemale Yum Dvd03~G60~05~05 - Jen}
jenb010.jpg,142962,e7737379,\Gallery 60\05 - Jen\,{Shemale Yum Dvd03~G60~05~05 - Jen}
jenb011.jpg,151491,90ac1cfd,\Gallery 60\05 - Jen\,{Shemale Yum Dvd03~G60~05~05 - Jen}
jenb012.jpg,145025,e8be5273,\Gallery 60\05 - Jen\,{Shemale Yum Dvd03~G60~05~05 - Jen}
jenb013.jpg,151559,4dd513e8,\Gallery 60\05 - Jen\,{Shemale Yum Dvd03~G60~05~05 - Jen}
jenb014.jpg,148558,56e78dfb,\Gallery 60\05 - Jen\,{Shemale Yum Dvd03~G60~05~05 - Jen}
jenb015.jpg,152003,b833a222,\Gallery 60\05 - Jen\,{Shemale Yum Dvd03~G60~05~05 - Jen}
jenb016.jpg,152217,49e9dd3b,\Gallery 60\05 - Jen\,{Shemale Yum Dvd03~G60~05~05 - Jen}
jenb017.jpg,154375,3721c8c9,\Gallery 60\05 - Jen\,{Shemale Yum Dvd03~G60~05~05 - Jen}
jenb018.jpg,162267,ab83595b,\Gallery 60\05 - Jen\,{Shemale Yum Dvd03~G60~05~05 - Jen}
jenb019.jpg,163962,aba2acb2,\Gallery 60\05 - Jen\,{Shemale Yum Dvd03~G60~05~05 - Jen}
jenb020.jpg,157700,a4d2c0f5,\Gallery 60\05 - Jen\,{Shemale Yum Dvd03~G60~05~05 - Jen}
jenb021.jpg,166358,45824f84,\Gallery 60\05 - Jen\,{Shemale Yum Dvd03~G60~05~05 - Jen}
jenb022.jpg,209574,2f1e0966,\Gallery 60\05 - Jen\,{Shemale Yum Dvd03~G60~05~05 - Jen}
jenb023.jpg,165892,e41b0e23,\Gallery 60\05 - Jen\,{Shemale Yum Dvd03~G60~05~05 - Jen}
jenb024.jpg,152871,dbc6cd42,\Gallery 60\05 - Jen\,{Shemale Yum Dvd03~G60~05~05 - Jen}
jenb025.jpg,151957,60ae3256,\Gallery 60\05 - Jen\,{Shemale Yum Dvd03~G60~05~05 - Jen}
jenb026.jpg,155756,26f88a45,\Gallery 60\05 - Jen\,{Shemale Yum Dvd03~G60~05~05 - Jen}
jenb027.jpg,141497,1acfa6cb,\Gallery 60\05 - Jen\,{Shemale Yum Dvd03~G60~05~05 - Jen}
jenb028.jpg,158687,c2a47f8f,\Gallery 60\05 - Jen\,{Shemale Yum Dvd03~G60~05~05 - Jen}
jenb029.jpg,144870,1f81241b,\Gallery 60\05 - Jen\,{Shemale Yum Dvd03~G60~05~05 - Jen}
jenb030.jpg,149498,ba597d2a,\Gallery 60\05 - Jen\,{Shemale Yum Dvd03~G60~05~05 - Jen}
jenb031.jpg,159220,a5223c04,\Gallery 60\05 - Jen\,{Shemale Yum Dvd03~G60~05~05 - Jen}
jenb032.jpg,158964,d9fde584,\Gallery 60\05 - Jen\,{Shemale Yum Dvd03~G60~05~05 - Jen}
jenb033.jpg,173811,11ae3368,\Gallery 60\05 - Jen\,{Shemale Yum Dvd03~G60~05~05 - Jen}
jenb034.jpg,152440,ff2bd5b7,\Gallery 60\05 - Jen\,{Shemale Yum Dvd03~G60~05~05 - Jen}
jenb035.jpg,172292,14322f59,\Gallery 60\05 - Jen\,{Shemale Yum Dvd03~G60~05~05 - Jen}
jenb036.jpg,163014,702e0aff,\Gallery 60\05 - Jen\,{Shemale Yum Dvd03~G60~05~05 - Jen}
jenb037.jpg,162587,7995dea7,\Gallery 60\05 - Jen\,{Shemale Yum Dvd03~G60~05~05 - Jen}
jenb038.jpg,150134,da532744,\Gallery 60\05 - Jen\,{Shemale Yum Dvd03~G60~05~05 - Jen}
jenb039.jpg,143322,93e24bb2,\Gallery 60\05 - Jen\,{Shemale Yum Dvd03~G60~05~05 - Jen}
jenb040.jpg,148841,5ad31afe,\Gallery 60\05 - Jen\,{Shemale Yum Dvd03~G60~05~05 - Jen}
jenb041.jpg,144167,8850187e,\Gallery 60\05 - Jen\,{Shemale Yum Dvd03~G60~05~05 - Jen}
jenb042.jpg,170573,cdb603e5,\Gallery 60\05 - Jen\,{Shemale Yum Dvd03~G60~05~05 - Jen}
jenb043.jpg,142658,a0fcaa7f,\Gallery 60\05 - Jen\,{Shemale Yum Dvd03~G60~05~05 - Jen}
jenb044.jpg,138327,f9e90f03,\Gallery 60\05 - Jen\,{Shemale Yum Dvd03~G60~05~05 - Jen}
jenb045.jpg,138433,02fd3160,\Gallery 60\05 - Jen\,{Shemale Yum Dvd03~G60~05~05 - Jen}
jenb046.jpg,141343,4b4aab7c,\Gallery 60\05 - Jen\,{Shemale Yum Dvd03~G60~05~05 - Jen}
jenb047.jpg,116667,02944822,\Gallery 60\05 - Jen\,{Shemale Yum Dvd03~G60~05~05 - Jen}
jenb048.jpg,171760,68447718,\Gallery 60\05 - Jen\,{Shemale Yum Dvd03~G60~05~05 - Jen}
jenb049.jpg,131589,58c1b55d,\Gallery 60\05 - Jen\,{Shemale Yum Dvd03~G60~05~05 - Jen}
jenb050.jpg,140801,7954d26c,\Gallery 60\05 - Jen\,{Shemale Yum Dvd03~G60~05~05 - Jen}
jenb051.jpg,144413,351f9201,\Gallery 60\05 - Jen\,{Shemale Yum Dvd03~G60~05~05 - Jen}
jenb052.jpg,129139,f50e10ca,\Gallery 60\05 - Jen\,{Shemale Yum Dvd03~G60~05~05 - Jen}
jenb053.jpg,131273,8d510549,\Gallery 60\05 - Jen\,{Shemale Yum Dvd03~G60~05~05 - Jen}
jenb054.jpg,148201,7ad111f1,\Gallery 60\05 - Jen\,{Shemale Yum Dvd03~G60~05~05 - Jen}
jenb055.jpg,142206,67e7d318,\Gallery 60\05 - Jen\,{Shemale Yum Dvd03~G60~05~05 - Jen}
jenb056.jpg,138774,b631ab85,\Gallery 60\05 - Jen\,{Shemale Yum Dvd03~G60~05~05 - Jen}
jenb057.jpg,147908,3dbe84c1,\Gallery 60\05 - Jen\,{Shemale Yum Dvd03~G60~05~05 - Jen}
jenb058.jpg,135749,fd449724,\Gallery 60\05 - Jen\,{Shemale Yum Dvd03~G60~05~05 - Jen}
jenb059.jpg,137413,16e090ff,\Gallery 60\05 - Jen\,{Shemale Yum Dvd03~G60~05~05 - Jen}
jenb060.jpg,148628,77201baf,\Gallery 60\05 - Jen\,{Shemale Yum Dvd03~G60~05~05 - Jen}
jenb061.jpg,135126,58cfbede,\Gallery 60\05 - Jen\,{Shemale Yum Dvd03~G60~05~05 - Jen}
jenb062.jpg,140133,f5d04ef3,\Gallery 60\05 - Jen\,{Shemale Yum Dvd03~G60~05~05 - Jen}
jenb063.jpg,126003,26b96bcf,\Gallery 60\05 - Jen\,{Shemale Yum Dvd03~G60~05~05 - Jen}
jenb064.jpg,129620,3e028e44,\Gallery 60\05 - Jen\,{Shemale Yum Dvd03~G60~05~05 - Jen}
jenb065.jpg,138320,a3bd74b0,\Gallery 60\05 - Jen\,{Shemale Yum Dvd03~G60~05~05 - Jen}
jenb066.jpg,151356,4108db9f,\Gallery 60\05 - Jen\,{Shemale Yum Dvd03~G60~05~05 - Jen}
jenb067.jpg,142434,4cdec1e1,\Gallery 60\05 - Jen\,{Shemale Yum Dvd03~G60~05~05 - Jen}
jenb068.jpg,148751,75cbe92f,\Gallery 60\05 - Jen\,{Shemale Yum Dvd03~G60~05~05 - Jen}
jenb069.jpg,145170,7da4a140,\Gallery 60\05 - Jen\,{Shemale Yum Dvd03~G60~05~05 - Jen}
jenb070.jpg,150007,ac24d11d,\Gallery 60\05 - Jen\,{Shemale Yum Dvd03~G60~05~05 - Jen}
jenb071.jpg,142414,e1bd245b,\Gallery 60\05 - Jen\,{Shemale Yum Dvd03~G60~05~05 - Jen}
jenb072.jpg,138771,747e124d,\Gallery 60\05 - Jen\,{Shemale Yum Dvd03~G60~05~05 - Jen}
jenb073.jpg,82731,f0e166da,\Gallery 60\05 - Jen\,{Shemale Yum Dvd03~G60~05~05 - Jen}
jenb074.jpg,137177,ca9f1564,\Gallery 60\05 - Jen\,{Shemale Yum Dvd03~G60~05~05 - Jen}
jenb075.jpg,140360,1e7886e9,\Gallery 60\05 - Jen\,{Shemale Yum Dvd03~G60~05~05 - Jen}
jenb076.jpg,165367,d8060589,\Gallery 60\05 - Jen\,{Shemale Yum Dvd03~G60~05~05 - Jen}
jenb077.jpg,139601,0d33c7c3,\Gallery 60\05 - Jen\,{Shemale Yum Dvd03~G60~05~05 - Jen}
jenb078.jpg,150733,83e25901,\Gallery 60\05 - Jen\,{Shemale Yum Dvd03~G60~05~05 - Jen}
jenb079.jpg,144918,b84a23ac,\Gallery 60\05 - Jen\,{Shemale Yum Dvd03~G60~05~05 - Jen}
jenb080.jpg,136421,f3b9d730,\Gallery 60\05 - Jen\,{Shemale Yum Dvd03~G60~05~05 - Jen}
jenb081.jpg,78739,00fe04e7,\Gallery 60\05 - Jen\,{Shemale Yum Dvd03~G60~05~05 - Jen}
jenb082.jpg,80092,89b3d76e,\Gallery 60\05 - Jen\,{Shemale Yum Dvd03~G60~05~05 - Jen}
jenb083.jpg,81730,ec44b09f,\Gallery 60\05 - Jen\,{Shemale Yum Dvd03~G60~05~05 - Jen}
jenb084.jpg,90910,c90f9f55,\Gallery 60\05 - Jen\,{Shemale Yum Dvd03~G60~05~05 - Jen}
jenb085.jpg,82578,a8644758,\Gallery 60\05 - Jen\,{Shemale Yum Dvd03~G60~05~05 - Jen}
jenb086.jpg,75222,68f2036c,\Gallery 60\05 - Jen\,{Shemale Yum Dvd03~G60~05~05 - Jen}
jenb087.jpg,78995,37766660,\Gallery 60\05 - Jen\,{Shemale Yum Dvd03~G60~05~05 - Jen}
jenb088.jpg,81198,fd5f4bb4,\Gallery 60\05 - Jen\,{Shemale Yum Dvd03~G60~05~05 - Jen}
jenb089.jpg,80541,d4a63d65,\Gallery 60\05 - Jen\,{Shemale Yum Dvd03~G60~05~05 - Jen}
jenb090.jpg,75236,a7d54e51,\Gallery 60\05 - Jen\,{Shemale Yum Dvd03~G60~05~05 - Jen}
jenb091.jpg,77230,dd84c924,\Gallery 60\05 - Jen\,{Shemale Yum Dvd03~G60~05~05 - Jen}
jenb092.jpg,76392,57f416f1,\Gallery 60\05 - Jen\,{Shemale Yum Dvd03~G60~05~05 - Jen}
jenb093.jpg,83965,3026975a,\Gallery 60\05 - Jen\,{Shemale Yum Dvd03~G60~05~05 - Jen}
jenniferf001.jpg,136616,c9179312,\Gallery 60\06 - Jennifer\,{Shemale Yum Dvd03~G60~06~06 - Jennifer}
jenniferf002.jpg,140087,bba6c44c,\Gallery 60\06 - Jennifer\,{Shemale Yum Dvd03~G60~06~06 - Jennifer}
jenniferf003.jpg,173275,34bb569d,\Gallery 60\06 - Jennifer\,{Shemale Yum Dvd03~G60~06~06 - Jennifer}
jenniferf004.jpg,162174,eb0a1c9d,\Gallery 60\06 - Jennifer\,{Shemale Yum Dvd03~G60~06~06 - Jennifer}
jenniferf005.jpg,162757,775a39c7,\Gallery 60\06 - Jennifer\,{Shemale Yum Dvd03~G60~06~06 - Jennifer}
jenniferf006.jpg,154068,fcb99f67,\Gallery 60\06 - Jennifer\,{Shemale Yum Dvd03~G60~06~06 - Jennifer}
jenniferf007.jpg,184412,ef1fc9b6,\Gallery 60\06 - Jennifer\,{Shemale Yum Dvd03~G60~06~06 - Jennifer}
jenniferf008.jpg,183812,9e19f74e,\Gallery 60\06 - Jennifer\,{Shemale Yum Dvd03~G60~06~06 - Jennifer}
jenniferf009.jpg,181801,182426a7,\Gallery 60\06 - Jennifer\,{Shemale Yum Dvd03~G60~06~06 - Jennifer}
jenniferf010.jpg,140248,5cf4fc5c,\Gallery 60\06 - Jennifer\,{Shemale Yum Dvd03~G60~06~06 - Jennifer}
jenniferf011.jpg,146722,27a42f65,\Gallery 60\06 - Jennifer\,{Shemale Yum Dvd03~G60~06~06 - Jennifer}
jenniferf012.jpg,185289,25d30790,\Gallery 60\06 - Jennifer\,{Shemale Yum Dvd03~G60~06~06 - Jennifer}
jenniferf013.jpg,145393,2ccc3d68,\Gallery 60\06 - Jennifer\,{Shemale Yum Dvd03~G60~06~06 - Jennifer}
jenniferf014.jpg,138795,4b5608bf,\Gallery 60\06 - Jennifer\,{Shemale Yum Dvd03~G60~06~06 - Jennifer}
jenniferf015.jpg,169355,e130346c,\Gallery 60\06 - Jennifer\,{Shemale Yum Dvd03~G60~06~06 - Jennifer}
jenniferf016.jpg,170109,37f9f98e,\Gallery 60\06 - Jennifer\,{Shemale Yum Dvd03~G60~06~06 - Jennifer}
jenniferf017.jpg,175326,055d4668,\Gallery 60\06 - Jennifer\,{Shemale Yum Dvd03~G60~06~06 - Jennifer}
jenniferf018.jpg,189236,ff51960a,\Gallery 60\06 - Jennifer\,{Shemale Yum Dvd03~G60~06~06 - Jennifer}
jenniferf019.jpg,144847,abfdb165,\Gallery 60\06 - Jennifer\,{Shemale Yum Dvd03~G60~06~06 - Jennifer}
jenniferf020.jpg,212765,599d2d05,\Gallery 60\06 - Jennifer\,{Shemale Yum Dvd03~G60~06~06 - Jennifer}
jenniferf021.jpg,190851,92d0b63f,\Gallery 60\06 - Jennifer\,{Shemale Yum Dvd03~G60~06~06 - Jennifer}
jenniferf022.jpg,188863,b73b29de,\Gallery 60\06 - Jennifer\,{Shemale Yum Dvd03~G60~06~06 - Jennifer}
jenniferf023.jpg,192498,776f5c9a,\Gallery 60\06 - Jennifer\,{Shemale Yum Dvd03~G60~06~06 - Jennifer}
jenniferf024.jpg,203802,21291a31,\Gallery 60\06 - Jennifer\,{Shemale Yum Dvd03~G60~06~06 - Jennifer}
jenniferf025.jpg,177529,b28beb48,\Gallery 60\06 - Jennifer\,{Shemale Yum Dvd03~G60~06~06 - Jennifer}
jenniferf026.jpg,161027,5cd27999,\Gallery 60\06 - Jennifer\,{Shemale Yum Dvd03~G60~06~06 - Jennifer}
jenniferf027.jpg,148480,bd9c5979,\Gallery 60\06 - Jennifer\,{Shemale Yum Dvd03~G60~06~06 - Jennifer}
jenniferf028.jpg,138331,ac87c2c3,\Gallery 60\06 - Jennifer\,{Shemale Yum Dvd03~G60~06~06 - Jennifer}
jenniferf029.jpg,165288,065e31cf,\Gallery 60\06 - Jennifer\,{Shemale Yum Dvd03~G60~06~06 - Jennifer}
jenniferf030.jpg,173274,3141a97a,\Gallery 60\06 - Jennifer\,{Shemale Yum Dvd03~G60~06~06 - Jennifer}
jenniferf031.jpg,176747,9e3268ce,\Gallery 60\06 - Jennifer\,{Shemale Yum Dvd03~G60~06~06 - Jennifer}
jenniferf032.jpg,163862,b414b732,\Gallery 60\06 - Jennifer\,{Shemale Yum Dvd03~G60~06~06 - Jennifer}
jenniferf033.jpg,178039,27e41ff4,\Gallery 60\06 - Jennifer\,{Shemale Yum Dvd03~G60~06~06 - Jennifer}
jenniferf034.jpg,171368,f5c8e15a,\Gallery 60\06 - Jennifer\,{Shemale Yum Dvd03~G60~06~06 - Jennifer}
jenniferf035.jpg,186664,b7e16c08,\Gallery 60\06 - Jennifer\,{Shemale Yum Dvd03~G60~06~06 - Jennifer}
jenniferf036.jpg,135989,d8d72118,\Gallery 60\06 - Jennifer\,{Shemale Yum Dvd03~G60~06~06 - Jennifer}
jenniferf037.jpg,140381,664b69cb,\Gallery 60\06 - Jennifer\,{Shemale Yum Dvd03~G60~06~06 - Jennifer}
jenniferf038.jpg,141050,97ef0398,\Gallery 60\06 - Jennifer\,{Shemale Yum Dvd03~G60~06~06 - Jennifer}
jenniferf039.jpg,153049,f19c63f1,\Gallery 60\06 - Jennifer\,{Shemale Yum Dvd03~G60~06~06 - Jennifer}
jenniferf040.jpg,144017,bc2cb377,\Gallery 60\06 - Jennifer\,{Shemale Yum Dvd03~G60~06~06 - Jennifer}
jenniferf041.jpg,139433,e0803c6b,\Gallery 60\06 - Jennifer\,{Shemale Yum Dvd03~G60~06~06 - Jennifer}
jenniferf042.jpg,135390,fbff0afa,\Gallery 60\06 - Jennifer\,{Shemale Yum Dvd03~G60~06~06 - Jennifer}
jenniferf043.jpg,134824,f175fc3d,\Gallery 60\06 - Jennifer\,{Shemale Yum Dvd03~G60~06~06 - Jennifer}
jenniferf044.jpg,147362,489dbd75,\Gallery 60\06 - Jennifer\,{Shemale Yum Dvd03~G60~06~06 - Jennifer}
jenniferf045.jpg,153211,42f09e21,\Gallery 60\06 - Jennifer\,{Shemale Yum Dvd03~G60~06~06 - Jennifer}
jenniferf046.jpg,147657,c7f01181,\Gallery 60\06 - Jennifer\,{Shemale Yum Dvd03~G60~06~06 - Jennifer}
jenniferf047.jpg,145273,01c363cf,\Gallery 60\06 - Jennifer\,{Shemale Yum Dvd03~G60~06~06 - Jennifer}
jenniferf048.jpg,153841,9c526263,\Gallery 60\06 - Jennifer\,{Shemale Yum Dvd03~G60~06~06 - Jennifer}
jenniferf049.jpg,143652,5e585584,\Gallery 60\06 - Jennifer\,{Shemale Yum Dvd03~G60~06~06 - Jennifer}
jenniferf050.jpg,146840,6ca3168d,\Gallery 60\06 - Jennifer\,{Shemale Yum Dvd03~G60~06~06 - Jennifer}
jenniferf051.jpg,149043,5fdb0f2a,\Gallery 60\06 - Jennifer\,{Shemale Yum Dvd03~G60~06~06 - Jennifer}
jenniferf052.jpg,130475,37fe96dc,\Gallery 60\06 - Jennifer\,{Shemale Yum Dvd03~G60~06~06 - Jennifer}
jenniferf053.jpg,127190,e0cc2ad8,\Gallery 60\06 - Jennifer\,{Shemale Yum Dvd03~G60~06~06 - Jennifer}
jenniferf054.jpg,140978,2afe3747,\Gallery 60\06 - Jennifer\,{Shemale Yum Dvd03~G60~06~06 - Jennifer}
jenniferf055.jpg,128459,e7a39abc,\Gallery 60\06 - Jennifer\,{Shemale Yum Dvd03~G60~06~06 - Jennifer}
jenniferf056.jpg,139631,318c14e6,\Gallery 60\06 - Jennifer\,{Shemale Yum Dvd03~G60~06~06 - Jennifer}
jenniferf057.jpg,149202,6bf8cb22,\Gallery 60\06 - Jennifer\,{Shemale Yum Dvd03~G60~06~06 - Jennifer}
jenniferf058.jpg,137389,f65af073,\Gallery 60\06 - Jennifer\,{Shemale Yum Dvd03~G60~06~06 - Jennifer}
jenniferf059.jpg,149521,ee0b7ffb,\Gallery 60\06 - Jennifer\,{Shemale Yum Dvd03~G60~06~06 - Jennifer}
jenniferf060.jpg,140880,3ad1b1d7,\Gallery 60\06 - Jennifer\,{Shemale Yum Dvd03~G60~06~06 - Jennifer}
jenniferf061.jpg,146131,ec5becb8,\Gallery 60\06 - Jennifer\,{Shemale Yum Dvd03~G60~06~06 - Jennifer}
jenniferb001.jpg,134478,36c6a4fd,\Gallery 60\06 - Jennifer (2)\,{Shemale Yum Dvd03~G60~06-2~06 - Jennifer (2)}
jenniferb002.jpg,119762,e93e7a2a,\Gallery 60\06 - Jennifer (2)\,{Shemale Yum Dvd03~G60~06-2~06 - Jennifer (2)}
jenniferb003.jpg,142135,00de3642,\Gallery 60\06 - Jennifer (2)\,{Shemale Yum Dvd03~G60~06-2~06 - Jennifer (2)}
jenniferb004.jpg,144390,2680a879,\Gallery 60\06 - Jennifer (2)\,{Shemale Yum Dvd03~G60~06-2~06 - Jennifer (2)}
jenniferb005.jpg,139605,f1b7fcb8,\Gallery 60\06 - Jennifer (2)\,{Shemale Yum Dvd03~G60~06-2~06 - Jennifer (2)}
jenniferb006.jpg,134053,99485fce,\Gallery 60\06 - Jennifer (2)\,{Shemale Yum Dvd03~G60~06-2~06 - Jennifer (2)}
jenniferb007.jpg,138064,517c59ac,\Gallery 60\06 - Jennifer (2)\,{Shemale Yum Dvd03~G60~06-2~06 - Jennifer (2)}
jenniferb008.jpg,141644,f1c3a273,\Gallery 60\06 - Jennifer (2)\,{Shemale Yum Dvd03~G60~06-2~06 - Jennifer (2)}
jenniferb009.jpg,129278,22e1a456,\Gallery 60\06 - Jennifer (2)\,{Shemale Yum Dvd03~G60~06-2~06 - Jennifer (2)}
jenniferb010.jpg,133161,6d67fc97,\Gallery 60\06 - Jennifer (2)\,{Shemale Yum Dvd03~G60~06-2~06 - Jennifer (2)}
jenniferb011.jpg,124027,b507b57d,\Gallery 60\06 - Jennifer (2)\,{Shemale Yum Dvd03~G60~06-2~06 - Jennifer (2)}
jenniferb012.jpg,134675,28185079,\Gallery 60\06 - Jennifer (2)\,{Shemale Yum Dvd03~G60~06-2~06 - Jennifer (2)}
jenniferb013.jpg,139391,e34e5a04,\Gallery 60\06 - Jennifer (2)\,{Shemale Yum Dvd03~G60~06-2~06 - Jennifer (2)}
jenniferb014.jpg,143406,ac11103a,\Gallery 60\06 - Jennifer (2)\,{Shemale Yum Dvd03~G60~06-2~06 - Jennifer (2)}
jenniferb015.jpg,130859,dd85fc34,\Gallery 60\06 - Jennifer (2)\,{Shemale Yum Dvd03~G60~06-2~06 - Jennifer (2)}
jenniferb016.jpg,151333,15b32311,\Gallery 60\06 - Jennifer (2)\,{Shemale Yum Dvd03~G60~06-2~06 - Jennifer (2)}
jenniferb017.jpg,141992,b54cd575,\Gallery 60\06 - Jennifer (2)\,{Shemale Yum Dvd03~G60~06-2~06 - Jennifer (2)}
jenniferb018.jpg,187643,bda31008,\Gallery 60\06 - Jennifer (2)\,{Shemale Yum Dvd03~G60~06-2~06 - Jennifer (2)}
jenniferb019.jpg,179139,cdf0c334,\Gallery 60\06 - Jennifer (2)\,{Shemale Yum Dvd03~G60~06-2~06 - Jennifer (2)}
jenniferb020.jpg,192759,4a6e8bcb,\Gallery 60\06 - Jennifer (2)\,{Shemale Yum Dvd03~G60~06-2~06 - Jennifer (2)}
jenniferb021.jpg,160322,e11628c9,\Gallery 60\06 - Jennifer (2)\,{Shemale Yum Dvd03~G60~06-2~06 - Jennifer (2)}
jenniferb022.jpg,139010,0f6d02b1,\Gallery 60\06 - Jennifer (2)\,{Shemale Yum Dvd03~G60~06-2~06 - Jennifer (2)}
jenniferb023.jpg,135864,93832c69,\Gallery 60\06 - Jennifer (2)\,{Shemale Yum Dvd03~G60~06-2~06 - Jennifer (2)}
jenniferb024.jpg,140554,860a9a64,\Gallery 60\06 - Jennifer (2)\,{Shemale Yum Dvd03~G60~06-2~06 - Jennifer (2)}
jenniferb025.jpg,127400,21389d17,\Gallery 60\06 - Jennifer (2)\,{Shemale Yum Dvd03~G60~06-2~06 - Jennifer (2)}
jenniferb026.jpg,129163,4dd9ad28,\Gallery 60\06 - Jennifer (2)\,{Shemale Yum Dvd03~G60~06-2~06 - Jennifer (2)}
jenniferb027.jpg,139115,84bf5802,\Gallery 60\06 - Jennifer (2)\,{Shemale Yum Dvd03~G60~06-2~06 - Jennifer (2)}
jenniferb028.jpg,138381,fe331074,\Gallery 60\06 - Jennifer (2)\,{Shemale Yum Dvd03~G60~06-2~06 - Jennifer (2)}
jenniferb029.jpg,132044,7b117a04,\Gallery 60\06 - Jennifer (2)\,{Shemale Yum Dvd03~G60~06-2~06 - Jennifer (2)}
jenniferb030.jpg,137596,372b5f5a,\Gallery 60\06 - Jennifer (2)\,{Shemale Yum Dvd03~G60~06-2~06 - Jennifer (2)}
jenniferb031.jpg,203183,b72f387e,\Gallery 60\06 - Jennifer (2)\,{Shemale Yum Dvd03~G60~06-2~06 - Jennifer (2)}
jenniferb032.jpg,179785,42447a6e,\Gallery 60\06 - Jennifer (2)\,{Shemale Yum Dvd03~G60~06-2~06 - Jennifer (2)}
jenniferb033.jpg,143342,3de092fc,\Gallery 60\06 - Jennifer (2)\,{Shemale Yum Dvd03~G60~06-2~06 - Jennifer (2)}
jenniferb034.jpg,119016,5f805d0e,\Gallery 60\06 - Jennifer (2)\,{Shemale Yum Dvd03~G60~06-2~06 - Jennifer (2)}
jenniferb035.jpg,128879,df1504e1,\Gallery 60\06 - Jennifer (2)\,{Shemale Yum Dvd03~G60~06-2~06 - Jennifer (2)}
jenniferb036.jpg,128250,82823f8b,\Gallery 60\06 - Jennifer (2)\,{Shemale Yum Dvd03~G60~06-2~06 - Jennifer (2)}
jenniferb037.jpg,135871,b8b029b6,\Gallery 60\06 - Jennifer (2)\,{Shemale Yum Dvd03~G60~06-2~06 - Jennifer (2)}
jenniferb038.jpg,148385,eea8b48b,\Gallery 60\06 - Jennifer (2)\,{Shemale Yum Dvd03~G60~06-2~06 - Jennifer (2)}
jenniferb039.jpg,131017,ab27d539,\Gallery 60\06 - Jennifer (2)\,{Shemale Yum Dvd03~G60~06-2~06 - Jennifer (2)}
jenniferb040.jpg,134494,6b4e643b,\Gallery 60\06 - Jennifer (2)\,{Shemale Yum Dvd03~G60~06-2~06 - Jennifer (2)}
jenniferb041.jpg,136003,aa002025,\Gallery 60\06 - Jennifer (2)\,{Shemale Yum Dvd03~G60~06-2~06 - Jennifer (2)}
jenniferb042.jpg,126179,25f54e9e,\Gallery 60\06 - Jennifer (2)\,{Shemale Yum Dvd03~G60~06-2~06 - Jennifer (2)}
jenniferb043.jpg,129228,a6bc2d36,\Gallery 60\06 - Jennifer (2)\,{Shemale Yum Dvd03~G60~06-2~06 - Jennifer (2)}
jenniferb044.jpg,142125,1db674b9,\Gallery 60\06 - Jennifer (2)\,{Shemale Yum Dvd03~G60~06-2~06 - Jennifer (2)}
jenniferb045.jpg,125181,0ec0d001,\Gallery 60\06 - Jennifer (2)\,{Shemale Yum Dvd03~G60~06-2~06 - Jennifer (2)}
jenniferb046.jpg,149878,f561e4ff,\Gallery 60\06 - Jennifer (2)\,{Shemale Yum Dvd03~G60~06-2~06 - Jennifer (2)}
jenniferb047.jpg,145775,cb3ecf97,\Gallery 60\06 - Jennifer (2)\,{Shemale Yum Dvd03~G60~06-2~06 - Jennifer (2)}
jenniferb048.jpg,152704,9f8a5585,\Gallery 60\06 - Jennifer (2)\,{Shemale Yum Dvd03~G60~06-2~06 - Jennifer (2)}
jenniferb049.jpg,134055,b18494af,\Gallery 60\06 - Jennifer (2)\,{Shemale Yum Dvd03~G60~06-2~06 - Jennifer (2)}
jenniferb050.jpg,138035,52d65f7d,\Gallery 60\06 - Jennifer (2)\,{Shemale Yum Dvd03~G60~06-2~06 - Jennifer (2)}
jenniferb051.jpg,116759,f569ba1d,\Gallery 60\06 - Jennifer (2)\,{Shemale Yum Dvd03~G60~06-2~06 - Jennifer (2)}
jenniferb052.jpg,142110,a2b5c5f0,\Gallery 60\06 - Jennifer (2)\,{Shemale Yum Dvd03~G60~06-2~06 - Jennifer (2)}
jenniferb053.jpg,144713,5b87a08a,\Gallery 60\06 - Jennifer (2)\,{Shemale Yum Dvd03~G60~06-2~06 - Jennifer (2)}
jenniferb054.jpg,116191,735bc362,\Gallery 60\06 - Jennifer (2)\,{Shemale Yum Dvd03~G60~06-2~06 - Jennifer (2)}
jenniferb055.jpg,107622,7510920b,\Gallery 60\06 - Jennifer (2)\,{Shemale Yum Dvd03~G60~06-2~06 - Jennifer (2)}
jenniferb056.jpg,112410,d0b04bd1,\Gallery 60\06 - Jennifer (2)\,{Shemale Yum Dvd03~G60~06-2~06 - Jennifer (2)}
jenniferb057.jpg,117261,99d29f18,\Gallery 60\06 - Jennifer (2)\,{Shemale Yum Dvd03~G60~06-2~06 - Jennifer (2)}
jenniferb058.jpg,107963,d9b54680,\Gallery 60\06 - Jennifer (2)\,{Shemale Yum Dvd03~G60~06-2~06 - Jennifer (2)}
jenniferb059.jpg,127455,63df420d,\Gallery 60\06 - Jennifer (2)\,{Shemale Yum Dvd03~G60~06-2~06 - Jennifer (2)}
jenniferb060.jpg,123502,32d436db,\Gallery 60\06 - Jennifer (2)\,{Shemale Yum Dvd03~G60~06-2~06 - Jennifer (2)}
jenniferb061.jpg,139112,74d5b5e6,\Gallery 60\06 - Jennifer (2)\,{Shemale Yum Dvd03~G60~06-2~06 - Jennifer (2)}
jenniferb062.jpg,120063,063db965,\Gallery 60\06 - Jennifer (2)\,{Shemale Yum Dvd03~G60~06-2~06 - Jennifer (2)}
jenniferb063.jpg,117798,a0616b56,\Gallery 60\06 - Jennifer (2)\,{Shemale Yum Dvd03~G60~06-2~06 - Jennifer (2)}
jenniferb064.jpg,128647,58c92bf3,\Gallery 60\06 - Jennifer (2)\,{Shemale Yum Dvd03~G60~06-2~06 - Jennifer (2)}
jenniferb065.jpg,137532,7e2c9bed,\Gallery 60\06 - Jennifer (2)\,{Shemale Yum Dvd03~G60~06-2~06 - Jennifer (2)}
jenniferb066.jpg,106131,96c2fbe1,\Gallery 60\06 - Jennifer (2)\,{Shemale Yum Dvd03~G60~06-2~06 - Jennifer (2)}
jenniferb067.jpg,176718,9db6ad2b,\Gallery 60\06 - Jennifer (2)\,{Shemale Yum Dvd03~G60~06-2~06 - Jennifer (2)}
jenniferb068.jpg,173651,c4c0e224,\Gallery 60\06 - Jennifer (2)\,{Shemale Yum Dvd03~G60~06-2~06 - Jennifer (2)}
jenniferb069.jpg,120825,342f113a,\Gallery 60\06 - Jennifer (2)\,{Shemale Yum Dvd03~G60~06-2~06 - Jennifer (2)}
jenniferb070.jpg,125447,e6378063,\Gallery 60\06 - Jennifer (2)\,{Shemale Yum Dvd03~G60~06-2~06 - Jennifer (2)}
jenniferb071.jpg,129393,4132493e,\Gallery 60\06 - Jennifer (2)\,{Shemale Yum Dvd03~G60~06-2~06 - Jennifer (2)}
jenniferb072.jpg,131744,5b9d4c49,\Gallery 60\06 - Jennifer (2)\,{Shemale Yum Dvd03~G60~06-2~06 - Jennifer (2)}
jenniferb073.jpg,130877,0fc2fa8b,\Gallery 60\06 - Jennifer (2)\,{Shemale Yum Dvd03~G60~06-2~06 - Jennifer (2)}
jenniferb074.jpg,123461,b4f19b95,\Gallery 60\06 - Jennifer (2)\,{Shemale Yum Dvd03~G60~06-2~06 - Jennifer (2)}
jenniferb075.jpg,122110,071784b4,\Gallery 60\06 - Jennifer (2)\,{Shemale Yum Dvd03~G60~06-2~06 - Jennifer (2)}
jenniferb076.jpg,166290,c8bcf945,\Gallery 60\06 - Jennifer (2)\,{Shemale Yum Dvd03~G60~06-2~06 - Jennifer (2)}
jenniferb077.jpg,174066,4b71b28c,\Gallery 60\06 - Jennifer (2)\,{Shemale Yum Dvd03~G60~06-2~06 - Jennifer (2)}
jenniferb078.jpg,160266,cbb38cfb,\Gallery 60\06 - Jennifer (2)\,{Shemale Yum Dvd03~G60~06-2~06 - Jennifer (2)}
jenniferb079.jpg,174829,893f4078,\Gallery 60\06 - Jennifer (2)\,{Shemale Yum Dvd03~G60~06-2~06 - Jennifer (2)}
jenniferb080.jpg,167786,eda016fc,\Gallery 60\06 - Jennifer (2)\,{Shemale Yum Dvd03~G60~06-2~06 - Jennifer (2)}
jenniferb081.jpg,175119,71e69e55,\Gallery 60\06 - Jennifer (2)\,{Shemale Yum Dvd03~G60~06-2~06 - Jennifer (2)}
jenniferb082.jpg,179372,ea740b8a,\Gallery 60\06 - Jennifer (2)\,{Shemale Yum Dvd03~G60~06-2~06 - Jennifer (2)}
jenniferb083.jpg,170148,398aca84,\Gallery 60\06 - Jennifer (2)\,{Shemale Yum Dvd03~G60~06-2~06 - Jennifer (2)}
jenniferb084.jpg,119593,7590951e,\Gallery 60\06 - Jennifer (2)\,{Shemale Yum Dvd03~G60~06-2~06 - Jennifer (2)}
jenniferb085.jpg,168132,b1271bdd,\Gallery 60\06 - Jennifer (2)\,{Shemale Yum Dvd03~G60~06-2~06 - Jennifer (2)}
jenniferb086.jpg,140471,e9f61674,\Gallery 60\06 - Jennifer (2)\,{Shemale Yum Dvd03~G60~06-2~06 - Jennifer (2)}
jenniferb087.jpg,133726,544d9271,\Gallery 60\06 - Jennifer (2)\,{Shemale Yum Dvd03~G60~06-2~06 - Jennifer (2)}
jenniferb088.jpg,139790,f9634c7a,\Gallery 60\06 - Jennifer (2)\,{Shemale Yum Dvd03~G60~06-2~06 - Jennifer (2)}
jenniferb089.jpg,138431,c35b3b36,\Gallery 60\06 - Jennifer (2)\,{Shemale Yum Dvd03~G60~06-2~06 - Jennifer (2)}
jenniferb090.jpg,125909,1e4b18eb,\Gallery 60\06 - Jennifer (2)\,{Shemale Yum Dvd03~G60~06-2~06 - Jennifer (2)}
jenniferb091.jpg,139500,b11e2437,\Gallery 60\06 - Jennifer (2)\,{Shemale Yum Dvd03~G60~06-2~06 - Jennifer (2)}
jenniferb092.jpg,138662,02eac142,\Gallery 60\06 - Jennifer (2)\,{Shemale Yum Dvd03~G60~06-2~06 - Jennifer (2)}
jenniferb093.jpg,171522,24d2728c,\Gallery 60\06 - Jennifer (2)\,{Shemale Yum Dvd03~G60~06-2~06 - Jennifer (2)}
mandy1003.jpg,169456,672b8033,\Gallery 60\07 - Mandy\,{Shemale Yum Dvd03~G60~07~07 - Mandy}
mandy1004.jpg,152492,616b4dd4,\Gallery 60\07 - Mandy\,{Shemale Yum Dvd03~G60~07~07 - Mandy}
mandy1006.jpg,163132,94269e79,\Gallery 60\07 - Mandy\,{Shemale Yum Dvd03~G60~07~07 - Mandy}
mandy1007.jpg,149720,0187014c,\Gallery 60\07 - Mandy\,{Shemale Yum Dvd03~G60~07~07 - Mandy}
mandy1008.jpg,155770,c527cd72,\Gallery 60\07 - Mandy\,{Shemale Yum Dvd03~G60~07~07 - Mandy}
mandy1009.jpg,160434,aa5bb8d2,\Gallery 60\07 - Mandy\,{Shemale Yum Dvd03~G60~07~07 - Mandy}
mandy1010.jpg,146083,9a164e8d,\Gallery 60\07 - Mandy\,{Shemale Yum Dvd03~G60~07~07 - Mandy}
mandy1011.jpg,181643,1bae424c,\Gallery 60\07 - Mandy\,{Shemale Yum Dvd03~G60~07~07 - Mandy}
mandy1012.jpg,190865,4686c4ee,\Gallery 60\07 - Mandy\,{Shemale Yum Dvd03~G60~07~07 - Mandy}
mandy1013.jpg,159761,90c7f6d1,\Gallery 60\07 - Mandy\,{Shemale Yum Dvd03~G60~07~07 - Mandy}
mandy1015.jpg,170796,73965d27,\Gallery 60\07 - Mandy\,{Shemale Yum Dvd03~G60~07~07 - Mandy}
mandy1016.jpg,175930,c6122e4c,\Gallery 60\07 - Mandy\,{Shemale Yum Dvd03~G60~07~07 - Mandy}
mandy1017.jpg,159850,6ab42804,\Gallery 60\07 - Mandy\,{Shemale Yum Dvd03~G60~07~07 - Mandy}
mandy1018.jpg,155278,38f6f681,\Gallery 60\07 - Mandy\,{Shemale Yum Dvd03~G60~07~07 - Mandy}
mandy1019.jpg,156360,cbbef51d,\Gallery 60\07 - Mandy\,{Shemale Yum Dvd03~G60~07~07 - Mandy}
mandy1020.jpg,146651,b1ceb13a,\Gallery 60\07 - Mandy\,{Shemale Yum Dvd03~G60~07~07 - Mandy}
mandy1021.jpg,154753,b211788f,\Gallery 60\07 - Mandy\,{Shemale Yum Dvd03~G60~07~07 - Mandy}
mandy1022.jpg,157253,a0c714cb,\Gallery 60\07 - Mandy\,{Shemale Yum Dvd03~G60~07~07 - Mandy}
mandy1023.jpg,139274,1e0a43e9,\Gallery 60\07 - Mandy\,{Shemale Yum Dvd03~G60~07~07 - Mandy}
mandy1024.jpg,131152,0db05ca6,\Gallery 60\07 - Mandy\,{Shemale Yum Dvd03~G60~07~07 - Mandy}
mandy1025.jpg,134861,7d3e7cb1,\Gallery 60\07 - Mandy\,{Shemale Yum Dvd03~G60~07~07 - Mandy}
mandy1026.jpg,149247,12e6721e,\Gallery 60\07 - Mandy\,{Shemale Yum Dvd03~G60~07~07 - Mandy}
mandy1027.jpg,139354,e31c57d9,\Gallery 60\07 - Mandy\,{Shemale Yum Dvd03~G60~07~07 - Mandy}
mandy1028.jpg,129914,19089abe,\Gallery 60\07 - Mandy\,{Shemale Yum Dvd03~G60~07~07 - Mandy}
mandy1029.jpg,139662,d292d626,\Gallery 60\07 - Mandy\,{Shemale Yum Dvd03~G60~07~07 - Mandy}
mandy1030.jpg,137033,9f7f3f88,\Gallery 60\07 - Mandy\,{Shemale Yum Dvd03~G60~07~07 - Mandy}
mandy1031.jpg,206426,51135981,\Gallery 60\07 - Mandy\,{Shemale Yum Dvd03~G60~07~07 - Mandy}
mandy1032.jpg,152702,78f16ee7,\Gallery 60\07 - Mandy\,{Shemale Yum Dvd03~G60~07~07 - Mandy}
mandy1033.jpg,197230,e890ac49,\Gallery 60\07 - Mandy\,{Shemale Yum Dvd03~G60~07~07 - Mandy}
mandy1034.jpg,186986,b56be0a4,\Gallery 60\07 - Mandy\,{Shemale Yum Dvd03~G60~07~07 - Mandy}
mandy1035.jpg,171324,c0e712d9,\Gallery 60\07 - Mandy\,{Shemale Yum Dvd03~G60~07~07 - Mandy}
mandy1036.jpg,155776,d876a990,\Gallery 60\07 - Mandy\,{Shemale Yum Dvd03~G60~07~07 - Mandy}
mandy1037.jpg,162353,1160be1e,\Gallery 60\07 - Mandy\,{Shemale Yum Dvd03~G60~07~07 - Mandy}
mandy1038.jpg,149028,d36bc479,\Gallery 60\07 - Mandy\,{Shemale Yum Dvd03~G60~07~07 - Mandy}
mandy1039.jpg,174667,1ac03882,\Gallery 60\07 - Mandy\,{Shemale Yum Dvd03~G60~07~07 - Mandy}
mandy1040.jpg,141410,c52c7d08,\Gallery 60\07 - Mandy\,{Shemale Yum Dvd03~G60~07~07 - Mandy}
mandy1041.jpg,147202,dde0e391,\Gallery 60\07 - Mandy\,{Shemale Yum Dvd03~G60~07~07 - Mandy}
mandy1042.jpg,168647,ad640d01,\Gallery 60\07 - Mandy\,{Shemale Yum Dvd03~G60~07~07 - Mandy}
mandy1043.jpg,155185,bd026102,\Gallery 60\07 - Mandy\,{Shemale Yum Dvd03~G60~07~07 - Mandy}
mandy1044.jpg,149189,7ab0d976,\Gallery 60\07 - Mandy\,{Shemale Yum Dvd03~G60~07~07 - Mandy}
mandy1045.jpg,154812,e7448be8,\Gallery 60\07 - Mandy\,{Shemale Yum Dvd03~G60~07~07 - Mandy}
mandy1046.jpg,161535,5adf7ac7,\Gallery 60\07 - Mandy\,{Shemale Yum Dvd03~G60~07~07 - Mandy}
mandy1047.jpg,151734,7a562840,\Gallery 60\07 - Mandy\,{Shemale Yum Dvd03~G60~07~07 - Mandy}
mandy1048.jpg,198695,d3ff6085,\Gallery 60\07 - Mandy\,{Shemale Yum Dvd03~G60~07~07 - Mandy}
mandy1049.jpg,190224,9df50929,\Gallery 60\07 - Mandy\,{Shemale Yum Dvd03~G60~07~07 - Mandy}
mandy1050.jpg,152147,83778a23,\Gallery 60\07 - Mandy\,{Shemale Yum Dvd03~G60~07~07 - Mandy}
mandy1051.jpg,181313,7a59e2c7,\Gallery 60\07 - Mandy\,{Shemale Yum Dvd03~G60~07~07 - Mandy}
mandy1052.jpg,170737,5ab362ed,\Gallery 60\07 - Mandy\,{Shemale Yum Dvd03~G60~07~07 - Mandy}
mandy1053.jpg,199754,1ecb0342,\Gallery 60\07 - Mandy\,{Shemale Yum Dvd03~G60~07~07 - Mandy}
mandy1054.jpg,189615,18f3859b,\Gallery 60\07 - Mandy\,{Shemale Yum Dvd03~G60~07~07 - Mandy}
mandy1055.jpg,153957,6ee1eec1,\Gallery 60\07 - Mandy\,{Shemale Yum Dvd03~G60~07~07 - Mandy}
mandy1056.jpg,187718,b1b52b5c,\Gallery 60\07 - Mandy\,{Shemale Yum Dvd03~G60~07~07 - Mandy}
mandy1057.jpg,205503,5c766b8e,\Gallery 60\07 - Mandy\,{Shemale Yum Dvd03~G60~07~07 - Mandy}
mandy1058.jpg,143930,9eeb3894,\Gallery 60\07 - Mandy\,{Shemale Yum Dvd03~G60~07~07 - Mandy}
mandy1059.jpg,149967,25d0041a,\Gallery 60\07 - Mandy\,{Shemale Yum Dvd03~G60~07~07 - Mandy}
mandy1060.jpg,143656,b6312920,\Gallery 60\07 - Mandy\,{Shemale Yum Dvd03~G60~07~07 - Mandy}
mandy1061.jpg,147115,d40851cb,\Gallery 60\07 - Mandy\,{Shemale Yum Dvd03~G60~07~07 - Mandy}
mandy1062.jpg,151269,7a49fca9,\Gallery 60\07 - Mandy\,{Shemale Yum Dvd03~G60~07~07 - Mandy}
mandy1063.jpg,164659,e0fc1e82,\Gallery 60\07 - Mandy\,{Shemale Yum Dvd03~G60~07~07 - Mandy}
mandy1064.jpg,136715,9ff4e039,\Gallery 60\07 - Mandy\,{Shemale Yum Dvd03~G60~07~07 - Mandy}
mandy1065.jpg,141418,354a6a0f,\Gallery 60\07 - Mandy\,{Shemale Yum Dvd03~G60~07~07 - Mandy}
mandy1066.jpg,202325,6ecf80b9,\Gallery 60\07 - Mandy\,{Shemale Yum Dvd03~G60~07~07 - Mandy}
mandy1067.jpg,146571,029db8f3,\Gallery 60\07 - Mandy\,{Shemale Yum Dvd03~G60~07~07 - Mandy}
mandy1068.jpg,200074,1aebd632,\Gallery 60\07 - Mandy\,{Shemale Yum Dvd03~G60~07~07 - Mandy}
mandy1069.jpg,173675,bf4ad3c0,\Gallery 60\07 - Mandy\,{Shemale Yum Dvd03~G60~07~07 - Mandy}
mandy1070.jpg,178156,93aa4176,\Gallery 60\07 - Mandy\,{Shemale Yum Dvd03~G60~07~07 - Mandy}
mandy1071.jpg,171181,63f21276,\Gallery 60\07 - Mandy\,{Shemale Yum Dvd03~G60~07~07 - Mandy}
mandy1072.jpg,147428,7319430f,\Gallery 60\07 - Mandy\,{Shemale Yum Dvd03~G60~07~07 - Mandy}
mandy1073.jpg,159809,bf0a7b98,\Gallery 60\07 - Mandy\,{Shemale Yum Dvd03~G60~07~07 - Mandy}
mandy1074.jpg,162496,3d036475,\Gallery 60\07 - Mandy\,{Shemale Yum Dvd03~G60~07~07 - Mandy}
mandy1075.jpg,195067,90f5138e,\Gallery 60\07 - Mandy\,{Shemale Yum Dvd03~G60~07~07 - Mandy}
mandy1076.jpg,163455,5f4c8c29,\Gallery 60\07 - Mandy\,{Shemale Yum Dvd03~G60~07~07 - Mandy}
mandy1077.jpg,200003,aab3829f,\Gallery 60\07 - Mandy\,{Shemale Yum Dvd03~G60~07~07 - Mandy}
mandy1078.jpg,178516,1fae50e3,\Gallery 60\07 - Mandy\,{Shemale Yum Dvd03~G60~07~07 - Mandy}
mandy1079.jpg,174785,4b5bc7d6,\Gallery 60\07 - Mandy\,{Shemale Yum Dvd03~G60~07~07 - Mandy}
mandy1080.jpg,172154,3beb0970,\Gallery 60\07 - Mandy\,{Shemale Yum Dvd03~G60~07~07 - Mandy}
mandy1081.jpg,167204,cff9b763,\Gallery 60\07 - Mandy\,{Shemale Yum Dvd03~G60~07~07 - Mandy}
mandy1082.jpg,167063,51487195,\Gallery 60\07 - Mandy\,{Shemale Yum Dvd03~G60~07~07 - Mandy}
mandy1083.jpg,169831,c873f974,\Gallery 60\07 - Mandy\,{Shemale Yum Dvd03~G60~07~07 - Mandy}
mandy1084.jpg,169332,172f2858,\Gallery 60\07 - Mandy\,{Shemale Yum Dvd03~G60~07~07 - Mandy}
mandy1085.jpg,162630,2f01405a,\Gallery 60\07 - Mandy\,{Shemale Yum Dvd03~G60~07~07 - Mandy}
mandy1086.jpg,156408,c52edf6f,\Gallery 60\07 - Mandy\,{Shemale Yum Dvd03~G60~07~07 - Mandy}
mandy1087.jpg,155046,bffab395,\Gallery 60\07 - Mandy\,{Shemale Yum Dvd03~G60~07~07 - Mandy}
mandy1088.jpg,156702,9f26a13b,\Gallery 60\07 - Mandy\,{Shemale Yum Dvd03~G60~07~07 - Mandy}
mandy1089.jpg,156373,def52191,\Gallery 60\07 - Mandy\,{Shemale Yum Dvd03~G60~07~07 - Mandy}
mandy1090.jpg,149282,33f68170,\Gallery 60\07 - Mandy\,{Shemale Yum Dvd03~G60~07~07 - Mandy}
mandy1091.jpg,146620,546f67e6,\Gallery 60\07 - Mandy\,{Shemale Yum Dvd03~G60~07~07 - Mandy}
mandy1092.jpg,140045,f5d1583c,\Gallery 60\07 - Mandy\,{Shemale Yum Dvd03~G60~07~07 - Mandy}
mandy1093.jpg,156582,18dbe80f,\Gallery 60\07 - Mandy\,{Shemale Yum Dvd03~G60~07~07 - Mandy}
mandy1094.jpg,125614,7a6ef949,\Gallery 60\07 - Mandy\,{Shemale Yum Dvd03~G60~07~07 - Mandy}
mandy1095.jpg,135071,ae1d20f5,\Gallery 60\07 - Mandy\,{Shemale Yum Dvd03~G60~07~07 - Mandy}
mandy1096.jpg,138020,1e11a23a,\Gallery 60\07 - Mandy\,{Shemale Yum Dvd03~G60~07~07 - Mandy}
mandy1097.jpg,130031,3cf0b0b8,\Gallery 60\07 - Mandy\,{Shemale Yum Dvd03~G60~07~07 - Mandy}
mandy1098.jpg,176237,65765fda,\Gallery 60\07 - Mandy\,{Shemale Yum Dvd03~G60~07~07 - Mandy}
mandy1099.jpg,130303,077462df,\Gallery 60\07 - Mandy\,{Shemale Yum Dvd03~G60~07~07 - Mandy}
mandy1100.jpg,130158,80916066,\Gallery 60\07 - Mandy\,{Shemale Yum Dvd03~G60~07~07 - Mandy}
mandy1101.jpg,143527,968d0068,\Gallery 60\07 - Mandy\,{Shemale Yum Dvd03~G60~07~07 - Mandy}
mandy1102.jpg,139152,298948c3,\Gallery 60\07 - Mandy\,{Shemale Yum Dvd03~G60~07~07 - Mandy}
mandy1103.jpg,138797,f4ec4ccb,\Gallery 60\07 - Mandy\,{Shemale Yum Dvd03~G60~07~07 - Mandy}
mandy1104.jpg,131349,2e07e814,\Gallery 60\07 - Mandy\,{Shemale Yum Dvd03~G60~07~07 - Mandy}
mandy1105.jpg,134240,fc34bc82,\Gallery 60\07 - Mandy\,{Shemale Yum Dvd03~G60~07~07 - Mandy}
mandy1106.jpg,137651,fb72627a,\Gallery 60\07 - Mandy\,{Shemale Yum Dvd03~G60~07~07 - Mandy}
mandy1107.jpg,159213,4e31c28c,\Gallery 60\07 - Mandy\,{Shemale Yum Dvd03~G60~07~07 - Mandy}
mandy1108.jpg,124692,911a2ef9,\Gallery 60\07 - Mandy\,{Shemale Yum Dvd03~G60~07~07 - Mandy}
mandy1109.jpg,122646,550916a1,\Gallery 60\07 - Mandy\,{Shemale Yum Dvd03~G60~07~07 - Mandy}
mandy1110.jpg,126042,1b33e9ee,\Gallery 60\07 - Mandy\,{Shemale Yum Dvd03~G60~07~07 - Mandy}
mandy1111.jpg,139516,49a97075,\Gallery 60\07 - Mandy\,{Shemale Yum Dvd03~G60~07~07 - Mandy}
mandy1112.jpg,139363,0d08cafb,\Gallery 60\07 - Mandy\,{Shemale Yum Dvd03~G60~07~07 - Mandy}
mandy1113.jpg,138129,9cbcdf33,\Gallery 60\07 - Mandy\,{Shemale Yum Dvd03~G60~07~07 - Mandy}
mandy1114.jpg,133321,834c0ddb,\Gallery 60\07 - Mandy\,{Shemale Yum Dvd03~G60~07~07 - Mandy}
mandy1115.jpg,146131,3b47d3a8,\Gallery 60\07 - Mandy\,{Shemale Yum Dvd03~G60~07~07 - Mandy}
mandy1116.jpg,138136,32c171a7,\Gallery 60\07 - Mandy\,{Shemale Yum Dvd03~G60~07~07 - Mandy}
mandy1117.jpg,127371,24ba4636,\Gallery 60\07 - Mandy\,{Shemale Yum Dvd03~G60~07~07 - Mandy}
mandy1118.jpg,154538,1e0d6045,\Gallery 60\07 - Mandy\,{Shemale Yum Dvd03~G60~07~07 - Mandy}
mandy1119.jpg,144904,f46ad50b,\Gallery 60\07 - Mandy\,{Shemale Yum Dvd03~G60~07~07 - Mandy}
mandy1120.jpg,142365,7d80afcd,\Gallery 60\07 - Mandy\,{Shemale Yum Dvd03~G60~07~07 - Mandy}
mandy1121.jpg,146909,966c243e,\Gallery 60\07 - Mandy\,{Shemale Yum Dvd03~G60~07~07 - Mandy}
mandy1122.jpg,142306,a6e8da5d,\Gallery 60\07 - Mandy\,{Shemale Yum Dvd03~G60~07~07 - Mandy}
mandy1123.jpg,181697,dcaa9930,\Gallery 60\07 - Mandy\,{Shemale Yum Dvd03~G60~07~07 - Mandy}
mandy1124.jpg,160253,6d003a63,\Gallery 60\07 - Mandy\,{Shemale Yum Dvd03~G60~07~07 - Mandy}
mandy1125.jpg,136523,d8c1e969,\Gallery 60\07 - Mandy\,{Shemale Yum Dvd03~G60~07~07 - Mandy}
mandy1126.jpg,150957,b6e9630d,\Gallery 60\07 - Mandy\,{Shemale Yum Dvd03~G60~07~07 - Mandy}
mandy1127.jpg,144843,11cacb89,\Gallery 60\07 - Mandy\,{Shemale Yum Dvd03~G60~07~07 - Mandy}
mandy1128.jpg,147702,5b84db06,\Gallery 60\07 - Mandy\,{Shemale Yum Dvd03~G60~07~07 - Mandy}
mandy1129.jpg,156342,c415f30a,\Gallery 60\07 - Mandy\,{Shemale Yum Dvd03~G60~07~07 - Mandy}
mandy1130.jpg,139869,e7376251,\Gallery 60\07 - Mandy\,{Shemale Yum Dvd03~G60~07~07 - Mandy}
mandy1131.jpg,129201,dbb4652e,\Gallery 60\07 - Mandy\,{Shemale Yum Dvd03~G60~07~07 - Mandy}
mandy1132.jpg,154147,e343dbcc,\Gallery 60\07 - Mandy\,{Shemale Yum Dvd03~G60~07~07 - Mandy}
mandy1133.jpg,162003,ce4e385c,\Gallery 60\07 - Mandy\,{Shemale Yum Dvd03~G60~07~07 - Mandy}
mandy1134.jpg,147664,67679cfa,\Gallery 60\07 - Mandy\,{Shemale Yum Dvd03~G60~07~07 - Mandy}
mandy1135.jpg,162510,8fbbd2d1,\Gallery 60\07 - Mandy\,{Shemale Yum Dvd03~G60~07~07 - Mandy}
mandy1136.jpg,154237,eed6a86b,\Gallery 60\07 - Mandy\,{Shemale Yum Dvd03~G60~07~07 - Mandy}
mandy1137.jpg,145319,b76f65fe,\Gallery 60\07 - Mandy\,{Shemale Yum Dvd03~G60~07~07 - Mandy}
mandy1138.jpg,154609,faf72f23,\Gallery 60\07 - Mandy\,{Shemale Yum Dvd03~G60~07~07 - Mandy}
mandy1139.jpg,148554,66896a56,\Gallery 60\07 - Mandy\,{Shemale Yum Dvd03~G60~07~07 - Mandy}
mandy2003.jpg,192185,9b2e25b4,\Gallery 60\07 - Mandy (2)\,{Shemale Yum Dvd03~G60~07-2~07 - Mandy (2)}
mandy2004.jpg,190835,456478fc,\Gallery 60\07 - Mandy (2)\,{Shemale Yum Dvd03~G60~07-2~07 - Mandy (2)}
mandy2005.jpg,205751,9a30ecd3,\Gallery 60\07 - Mandy (2)\,{Shemale Yum Dvd03~G60~07-2~07 - Mandy (2)}
mandy2006.jpg,146043,ea70b3af,\Gallery 60\07 - Mandy (2)\,{Shemale Yum Dvd03~G60~07-2~07 - Mandy (2)}
mandy2007.jpg,154710,720abd23,\Gallery 60\07 - Mandy (2)\,{Shemale Yum Dvd03~G60~07-2~07 - Mandy (2)}
mandy2008.jpg,122729,ae5e163c,\Gallery 60\07 - Mandy (2)\,{Shemale Yum Dvd03~G60~07-2~07 - Mandy (2)}
mandy2009.jpg,177260,3faa2d4a,\Gallery 60\07 - Mandy (2)\,{Shemale Yum Dvd03~G60~07-2~07 - Mandy (2)}
mandy2010.jpg,149567,adfd9ee5,\Gallery 60\07 - Mandy (2)\,{Shemale Yum Dvd03~G60~07-2~07 - Mandy (2)}
mandy2011.jpg,191556,a8118706,\Gallery 60\07 - Mandy (2)\,{Shemale Yum Dvd03~G60~07-2~07 - Mandy (2)}
mandy2012.jpg,155792,3b02b188,\Gallery 60\07 - Mandy (2)\,{Shemale Yum Dvd03~G60~07-2~07 - Mandy (2)}
mandy2013.jpg,159466,40398a8c,\Gallery 60\07 - Mandy (2)\,{Shemale Yum Dvd03~G60~07-2~07 - Mandy (2)}
mandy2014.jpg,151797,2f73cb0a,\Gallery 60\07 - Mandy (2)\,{Shemale Yum Dvd03~G60~07-2~07 - Mandy (2)}
mandy2015.jpg,188841,34f6016e,\Gallery 60\07 - Mandy (2)\,{Shemale Yum Dvd03~G60~07-2~07 - Mandy (2)}
mandy2017.jpg,157150,ff591e5d,\Gallery 60\07 - Mandy (2)\,{Shemale Yum Dvd03~G60~07-2~07 - Mandy (2)}
mandy2018.jpg,151970,d337cb21,\Gallery 60\07 - Mandy (2)\,{Shemale Yum Dvd03~G60~07-2~07 - Mandy (2)}
mandy2019.jpg,151754,b4268810,\Gallery 60\07 - Mandy (2)\,{Shemale Yum Dvd03~G60~07-2~07 - Mandy (2)}
mandy2020.jpg,144458,56e2a044,\Gallery 60\07 - Mandy (2)\,{Shemale Yum Dvd03~G60~07-2~07 - Mandy (2)}
mandy2021.jpg,149223,79d66127,\Gallery 60\07 - Mandy (2)\,{Shemale Yum Dvd03~G60~07-2~07 - Mandy (2)}
mandy2022.jpg,151366,3e95f5ab,\Gallery 60\07 - Mandy (2)\,{Shemale Yum Dvd03~G60~07-2~07 - Mandy (2)}
mandy2023.jpg,141978,af1b263d,\Gallery 60\07 - Mandy (2)\,{Shemale Yum Dvd03~G60~07-2~07 - Mandy (2)}
mandy2024.jpg,149836,7746bf38,\Gallery 60\07 - Mandy (2)\,{Shemale Yum Dvd03~G60~07-2~07 - Mandy (2)}
mandy2025.jpg,181702,3d478b32,\Gallery 60\07 - Mandy (2)\,{Shemale Yum Dvd03~G60~07-2~07 - Mandy (2)}
mandy2026.jpg,194188,67111010,\Gallery 60\07 - Mandy (2)\,{Shemale Yum Dvd03~G60~07-2~07 - Mandy (2)}
mandy2027.jpg,193847,449bf015,\Gallery 60\07 - Mandy (2)\,{Shemale Yum Dvd03~G60~07-2~07 - Mandy (2)}
mandy2028.jpg,190602,10efcd5e,\Gallery 60\07 - Mandy (2)\,{Shemale Yum Dvd03~G60~07-2~07 - Mandy (2)}
mandy2029.jpg,183914,0f058c8a,\Gallery 60\07 - Mandy (2)\,{Shemale Yum Dvd03~G60~07-2~07 - Mandy (2)}
mandy2030.jpg,200627,fddb85fa,\Gallery 60\07 - Mandy (2)\,{Shemale Yum Dvd03~G60~07-2~07 - Mandy (2)}
mandy2031.jpg,191960,726f1b4a,\Gallery 60\07 - Mandy (2)\,{Shemale Yum Dvd03~G60~07-2~07 - Mandy (2)}
mandy2032.jpg,197877,3687ee24,\Gallery 60\07 - Mandy (2)\,{Shemale Yum Dvd03~G60~07-2~07 - Mandy (2)}
mandy2033.jpg,161173,553f2bee,\Gallery 60\07 - Mandy (2)\,{Shemale Yum Dvd03~G60~07-2~07 - Mandy (2)}
mandy2034.jpg,162652,929d4190,\Gallery 60\07 - Mandy (2)\,{Shemale Yum Dvd03~G60~07-2~07 - Mandy (2)}
mandy2035.jpg,187449,dcca473a,\Gallery 60\07 - Mandy (2)\,{Shemale Yum Dvd03~G60~07-2~07 - Mandy (2)}
mandy2036.jpg,159538,ec9bef34,\Gallery 60\07 - Mandy (2)\,{Shemale Yum Dvd03~G60~07-2~07 - Mandy (2)}
mandy2037.jpg,147532,5b751222,\Gallery 60\07 - Mandy (2)\,{Shemale Yum Dvd03~G60~07-2~07 - Mandy (2)}
mandy2038.jpg,149664,8461e747,\Gallery 60\07 - Mandy (2)\,{Shemale Yum Dvd03~G60~07-2~07 - Mandy (2)}
mandy2039.jpg,156672,ef06f18d,\Gallery 60\07 - Mandy (2)\,{Shemale Yum Dvd03~G60~07-2~07 - Mandy (2)}
mandy2040.jpg,153604,b1fc05f0,\Gallery 60\07 - Mandy (2)\,{Shemale Yum Dvd03~G60~07-2~07 - Mandy (2)}
mandy2041.jpg,188142,7475dfc3,\Gallery 60\07 - Mandy (2)\,{Shemale Yum Dvd03~G60~07-2~07 - Mandy (2)}
mandy2042.jpg,139538,a0d185a8,\Gallery 60\07 - Mandy (2)\,{Shemale Yum Dvd03~G60~07-2~07 - Mandy (2)}
mandy2043.jpg,144732,1a2b65c6,\Gallery 60\07 - Mandy (2)\,{Shemale Yum Dvd03~G60~07-2~07 - Mandy (2)}
mandy2044.jpg,139353,42fc99dc,\Gallery 60\07 - Mandy (2)\,{Shemale Yum Dvd03~G60~07-2~07 - Mandy (2)}
mandy2045.jpg,137281,b913e105,\Gallery 60\07 - Mandy (2)\,{Shemale Yum Dvd03~G60~07-2~07 - Mandy (2)}
mandy2046.jpg,143098,2ae10f31,\Gallery 60\07 - Mandy (2)\,{Shemale Yum Dvd03~G60~07-2~07 - Mandy (2)}
mandy2047.jpg,168440,3e8b31f7,\Gallery 60\07 - Mandy (2)\,{Shemale Yum Dvd03~G60~07-2~07 - Mandy (2)}
mandy2048.jpg,146661,e7d9c4fa,\Gallery 60\07 - Mandy (2)\,{Shemale Yum Dvd03~G60~07-2~07 - Mandy (2)}
mandy2049.jpg,149080,9b530a33,\Gallery 60\07 - Mandy (2)\,{Shemale Yum Dvd03~G60~07-2~07 - Mandy (2)}
mandy2050.jpg,176664,ee43c4f8,\Gallery 60\07 - Mandy (2)\,{Shemale Yum Dvd03~G60~07-2~07 - Mandy (2)}
mandy2051.jpg,170288,a7923505,\Gallery 60\07 - Mandy (2)\,{Shemale Yum Dvd03~G60~07-2~07 - Mandy (2)}
mandy2052.jpg,156463,c2e7c849,\Gallery 60\07 - Mandy (2)\,{Shemale Yum Dvd03~G60~07-2~07 - Mandy (2)}
mandy2053.jpg,165606,574a5d77,\Gallery 60\07 - Mandy (2)\,{Shemale Yum Dvd03~G60~07-2~07 - Mandy (2)}
mandy2054.jpg,152883,8ae3db74,\Gallery 60\07 - Mandy (2)\,{Shemale Yum Dvd03~G60~07-2~07 - Mandy (2)}
mandy2055.jpg,166013,79d99177,\Gallery 60\07 - Mandy (2)\,{Shemale Yum Dvd03~G60~07-2~07 - Mandy (2)}
mandy2056.jpg,177900,eeb42b34,\Gallery 60\07 - Mandy (2)\,{Shemale Yum Dvd03~G60~07-2~07 - Mandy (2)}
mandy2057.jpg,160976,7fedbc34,\Gallery 60\07 - Mandy (2)\,{Shemale Yum Dvd03~G60~07-2~07 - Mandy (2)}
mandy2058.jpg,154720,fe829d3e,\Gallery 60\07 - Mandy (2)\,{Shemale Yum Dvd03~G60~07-2~07 - Mandy (2)}
mandy2059.jpg,181124,45f2881f,\Gallery 60\07 - Mandy (2)\,{Shemale Yum Dvd03~G60~07-2~07 - Mandy (2)}
mandy2060.jpg,161909,452cc5c4,\Gallery 60\07 - Mandy (2)\,{Shemale Yum Dvd03~G60~07-2~07 - Mandy (2)}
mandy2061.jpg,176186,c2c876d2,\Gallery 60\07 - Mandy (2)\,{Shemale Yum Dvd03~G60~07-2~07 - Mandy (2)}
mandy2062.jpg,143848,4c7dcbfa,\Gallery 60\07 - Mandy (2)\,{Shemale Yum Dvd03~G60~07-2~07 - Mandy (2)}
mandy2063.jpg,177569,f4000d6e,\Gallery 60\07 - Mandy (2)\,{Shemale Yum Dvd03~G60~07-2~07 - Mandy (2)}
mandy2064.jpg,178999,8b066d60,\Gallery 60\07 - Mandy (2)\,{Shemale Yum Dvd03~G60~07-2~07 - Mandy (2)}
mandy2065.jpg,188192,9bfb21b9,\Gallery 60\07 - Mandy (2)\,{Shemale Yum Dvd03~G60~07-2~07 - Mandy (2)}
mandy2066.jpg,176151,f09c4169,\Gallery 60\07 - Mandy (2)\,{Shemale Yum Dvd03~G60~07-2~07 - Mandy (2)}
mandy2067.jpg,188210,3f2007e3,\Gallery 60\07 - Mandy (2)\,{Shemale Yum Dvd03~G60~07-2~07 - Mandy (2)}
mandy2068.jpg,177802,55e5e5fc,\Gallery 60\07 - Mandy (2)\,{Shemale Yum Dvd03~G60~07-2~07 - Mandy (2)}
mandy2069.jpg,174895,11429a2f,\Gallery 60\07 - Mandy (2)\,{Shemale Yum Dvd03~G60~07-2~07 - Mandy (2)}
mandy2070.jpg,143578,1b13dc08,\Gallery 60\07 - Mandy (2)\,{Shemale Yum Dvd03~G60~07-2~07 - Mandy (2)}
mandy2071.jpg,158116,3c3fe0db,\Gallery 60\07 - Mandy (2)\,{Shemale Yum Dvd03~G60~07-2~07 - Mandy (2)}
mandy2072.jpg,149485,6a7d8802,\Gallery 60\07 - Mandy (2)\,{Shemale Yum Dvd03~G60~07-2~07 - Mandy (2)}
mandy2073.jpg,186449,1f0477a7,\Gallery 60\07 - Mandy (2)\,{Shemale Yum Dvd03~G60~07-2~07 - Mandy (2)}
mandy2074.jpg,158559,afcb5154,\Gallery 60\07 - Mandy (2)\,{Shemale Yum Dvd03~G60~07-2~07 - Mandy (2)}
mandy2075.jpg,149397,39ba780a,\Gallery 60\07 - Mandy (2)\,{Shemale Yum Dvd03~G60~07-2~07 - Mandy (2)}
mandy2076.jpg,183148,89bcf6b3,\Gallery 60\07 - Mandy (2)\,{Shemale Yum Dvd03~G60~07-2~07 - Mandy (2)}
mandy2077.jpg,191197,130b71bf,\Gallery 60\07 - Mandy (2)\,{Shemale Yum Dvd03~G60~07-2~07 - Mandy (2)}
mandy2078.jpg,186974,76b8f5aa,\Gallery 60\07 - Mandy (2)\,{Shemale Yum Dvd03~G60~07-2~07 - Mandy (2)}
mandy2079.jpg,173388,356df3aa,\Gallery 60\07 - Mandy (2)\,{Shemale Yum Dvd03~G60~07-2~07 - Mandy (2)}
mandy2080.jpg,189555,73f08261,\Gallery 60\07 - Mandy (2)\,{Shemale Yum Dvd03~G60~07-2~07 - Mandy (2)}
mandy2081.jpg,171700,f879cf16,\Gallery 60\07 - Mandy (2)\,{Shemale Yum Dvd03~G60~07-2~07 - Mandy (2)}
mandy2082.jpg,180972,a0eb13fa,\Gallery 60\07 - Mandy (2)\,{Shemale Yum Dvd03~G60~07-2~07 - Mandy (2)}
mandy2083.jpg,162479,3f42ab2d,\Gallery 60\07 - Mandy (2)\,{Shemale Yum Dvd03~G60~07-2~07 - Mandy (2)}
mandy2084.jpg,153052,924090d5,\Gallery 60\07 - Mandy (2)\,{Shemale Yum Dvd03~G60~07-2~07 - Mandy (2)}
mandy2085.jpg,173856,8218c3f4,\Gallery 60\07 - Mandy (2)\,{Shemale Yum Dvd03~G60~07-2~07 - Mandy (2)}
mandy2086.jpg,145374,f09a17d4,\Gallery 60\07 - Mandy (2)\,{Shemale Yum Dvd03~G60~07-2~07 - Mandy (2)}
mandy2087.jpg,172417,86f8c0c1,\Gallery 60\07 - Mandy (2)\,{Shemale Yum Dvd03~G60~07-2~07 - Mandy (2)}
mandy2088.jpg,149548,adc6edcf,\Gallery 60\07 - Mandy (2)\,{Shemale Yum Dvd03~G60~07-2~07 - Mandy (2)}
mandy2089.jpg,174481,9700b9c9,\Gallery 60\07 - Mandy (2)\,{Shemale Yum Dvd03~G60~07-2~07 - Mandy (2)}
mandy2090.jpg,180346,30e328fb,\Gallery 60\07 - Mandy (2)\,{Shemale Yum Dvd03~G60~07-2~07 - Mandy (2)}
mandy2091.jpg,155935,b02acf84,\Gallery 60\07 - Mandy (2)\,{Shemale Yum Dvd03~G60~07-2~07 - Mandy (2)}
mandy2092.jpg,149870,1ba983a2,\Gallery 60\07 - Mandy (2)\,{Shemale Yum Dvd03~G60~07-2~07 - Mandy (2)}
mandy2093.jpg,189064,c617d824,\Gallery 60\07 - Mandy (2)\,{Shemale Yum Dvd03~G60~07-2~07 - Mandy (2)}
mandy2094.jpg,173669,9cff2d77,\Gallery 60\07 - Mandy (2)\,{Shemale Yum Dvd03~G60~07-2~07 - Mandy (2)}
mandy2095.jpg,147091,63d545bc,\Gallery 60\07 - Mandy (2)\,{Shemale Yum Dvd03~G60~07-2~07 - Mandy (2)}
mandy2096.jpg,176275,b76dab6a,\Gallery 60\07 - Mandy (2)\,{Shemale Yum Dvd03~G60~07-2~07 - Mandy (2)}
mandy2097.jpg,137022,65f43c59,\Gallery 60\07 - Mandy (2)\,{Shemale Yum Dvd03~G60~07-2~07 - Mandy (2)}
mandy2098.jpg,192220,fcddc57e,\Gallery 60\07 - Mandy (2)\,{Shemale Yum Dvd03~G60~07-2~07 - Mandy (2)}
mandy2099.jpg,139928,aa2da862,\Gallery 60\07 - Mandy (2)\,{Shemale Yum Dvd03~G60~07-2~07 - Mandy (2)}
mandy2100.jpg,154272,9e5f1333,\Gallery 60\07 - Mandy (2)\,{Shemale Yum Dvd03~G60~07-2~07 - Mandy (2)}
mandy2101.jpg,196177,8cb8ed19,\Gallery 60\07 - Mandy (2)\,{Shemale Yum Dvd03~G60~07-2~07 - Mandy (2)}
mandy2102.jpg,140249,dd146ad7,\Gallery 60\07 - Mandy (2)\,{Shemale Yum Dvd03~G60~07-2~07 - Mandy (2)}
mandy2103.jpg,189567,830288f9,\Gallery 60\07 - Mandy (2)\,{Shemale Yum Dvd03~G60~07-2~07 - Mandy (2)}
mandy2104.jpg,189566,a967c068,\Gallery 60\07 - Mandy (2)\,{Shemale Yum Dvd03~G60~07-2~07 - Mandy (2)}
mandy2105.jpg,178806,d76f7e70,\Gallery 60\07 - Mandy (2)\,{Shemale Yum Dvd03~G60~07-2~07 - Mandy (2)}
mandy2106.jpg,152045,1ecca69f,\Gallery 60\07 - Mandy (2)\,{Shemale Yum Dvd03~G60~07-2~07 - Mandy (2)}
mandy2107.jpg,153437,9b80246f,\Gallery 60\07 - Mandy (2)\,{Shemale Yum Dvd03~G60~07-2~07 - Mandy (2)}
mandy2108.jpg,187334,07eb143e,\Gallery 60\07 - Mandy (2)\,{Shemale Yum Dvd03~G60~07-2~07 - Mandy (2)}
mandy2109.jpg,187259,f4901a75,\Gallery 60\07 - Mandy (2)\,{Shemale Yum Dvd03~G60~07-2~07 - Mandy (2)}
mandy2110.jpg,165443,aa02c52b,\Gallery 60\07 - Mandy (2)\,{Shemale Yum Dvd03~G60~07-2~07 - Mandy (2)}
mandy2111.jpg,160607,5fa6a8b1,\Gallery 60\07 - Mandy (2)\,{Shemale Yum Dvd03~G60~07-2~07 - Mandy (2)}
mandy2112.jpg,147627,93c8f6d4,\Gallery 60\07 - Mandy (2)\,{Shemale Yum Dvd03~G60~07-2~07 - Mandy (2)}
mandy2113.jpg,175114,b58a6e60,\Gallery 60\07 - Mandy (2)\,{Shemale Yum Dvd03~G60~07-2~07 - Mandy (2)}
mandy2114.jpg,155468,ad39a23c,\Gallery 60\07 - Mandy (2)\,{Shemale Yum Dvd03~G60~07-2~07 - Mandy (2)}
mandy2115.jpg,171126,640c41d2,\Gallery 60\07 - Mandy (2)\,{Shemale Yum Dvd03~G60~07-2~07 - Mandy (2)}
mandy2116.jpg,172951,c62835a4,\Gallery 60\07 - Mandy (2)\,{Shemale Yum Dvd03~G60~07-2~07 - Mandy (2)}
mandy2117.jpg,157635,cb451a7a,\Gallery 60\07 - Mandy (2)\,{Shemale Yum Dvd03~G60~07-2~07 - Mandy (2)}
mandy2118.jpg,164648,28c548c7,\Gallery 60\07 - Mandy (2)\,{Shemale Yum Dvd03~G60~07-2~07 - Mandy (2)}
mandy2119.jpg,143262,f9511ea0,\Gallery 60\07 - Mandy (2)\,{Shemale Yum Dvd03~G60~07-2~07 - Mandy (2)}
mandy2120.jpg,169209,72be92ef,\Gallery 60\07 - Mandy (2)\,{Shemale Yum Dvd03~G60~07-2~07 - Mandy (2)}
mandy2121.jpg,137771,7f1ef50f,\Gallery 60\07 - Mandy (2)\,{Shemale Yum Dvd03~G60~07-2~07 - Mandy (2)}
mandy2122.jpg,143502,e2ba0d64,\Gallery 60\07 - Mandy (2)\,{Shemale Yum Dvd03~G60~07-2~07 - Mandy (2)}
mandy2123.jpg,156034,f380ee12,\Gallery 60\07 - Mandy (2)\,{Shemale Yum Dvd03~G60~07-2~07 - Mandy (2)}
mandy2124.jpg,150933,29d768bf,\Gallery 60\07 - Mandy (2)\,{Shemale Yum Dvd03~G60~07-2~07 - Mandy (2)}
mandy2125.jpg,163997,f8c60885,\Gallery 60\07 - Mandy (2)\,{Shemale Yum Dvd03~G60~07-2~07 - Mandy (2)}
mandy2126.jpg,167425,3a71b46a,\Gallery 60\07 - Mandy (2)\,{Shemale Yum Dvd03~G60~07-2~07 - Mandy (2)}
mandy2127.jpg,147259,a1d5706e,\Gallery 60\07 - Mandy (2)\,{Shemale Yum Dvd03~G60~07-2~07 - Mandy (2)}
mandy2128.jpg,158409,a7b95702,\Gallery 60\07 - Mandy (2)\,{Shemale Yum Dvd03~G60~07-2~07 - Mandy (2)}
mandy2130.jpg,170135,be37699e,\Gallery 60\07 - Mandy (2)\,{Shemale Yum Dvd03~G60~07-2~07 - Mandy (2)}
mandy2131.jpg,198683,4216b0d1,\Gallery 60\07 - Mandy (2)\,{Shemale Yum Dvd03~G60~07-2~07 - Mandy (2)}
mandy2132.jpg,191466,5c2244c3,\Gallery 60\07 - Mandy (2)\,{Shemale Yum Dvd03~G60~07-2~07 - Mandy (2)}
mandy2133.jpg,184974,36f15e57,\Gallery 60\07 - Mandy (2)\,{Shemale Yum Dvd03~G60~07-2~07 - Mandy (2)}
mandy2134.jpg,174355,9f20935a,\Gallery 60\07 - Mandy (2)\,{Shemale Yum Dvd03~G60~07-2~07 - Mandy (2)}
mandy2135.jpg,200428,7efef634,\Gallery 60\07 - Mandy (2)\,{Shemale Yum Dvd03~G60~07-2~07 - Mandy (2)}
mandy2136.jpg,186559,91a54414,\Gallery 60\07 - Mandy (2)\,{Shemale Yum Dvd03~G60~07-2~07 - Mandy (2)}
mandy2137.jpg,194407,6f92c406,\Gallery 60\07 - Mandy (2)\,{Shemale Yum Dvd03~G60~07-2~07 - Mandy (2)}
mandy2138.jpg,173586,f0fcc194,\Gallery 60\07 - Mandy (2)\,{Shemale Yum Dvd03~G60~07-2~07 - Mandy (2)}
mandy2139.jpg,186667,b6e341c3,\Gallery 60\07 - Mandy (2)\,{Shemale Yum Dvd03~G60~07-2~07 - Mandy (2)}
mandy2140.jpg,145884,8ce05cec,\Gallery 60\07 - Mandy (2)\,{Shemale Yum Dvd03~G60~07-2~07 - Mandy (2)}
mandy2141.jpg,176881,384aafad,\Gallery 60\07 - Mandy (2)\,{Shemale Yum Dvd03~G60~07-2~07 - Mandy (2)}
natali001.jpg,108058,48f1ece9,\Gallery 60\08 - Natali\,{Shemale Yum Dvd03~G60~08~08 - Natali}
natali002.jpg,100990,6fe391b6,\Gallery 60\08 - Natali\,{Shemale Yum Dvd03~G60~08~08 - Natali}
natali003.jpg,95866,1e19c068,\Gallery 60\08 - Natali\,{Shemale Yum Dvd03~G60~08~08 - Natali}
natali004.jpg,113898,00dab0e9,\Gallery 60\08 - Natali\,{Shemale Yum Dvd03~G60~08~08 - Natali}
natali005.jpg,113568,1880054f,\Gallery 60\08 - Natali\,{Shemale Yum Dvd03~G60~08~08 - Natali}
natali006.jpg,112969,5b916559,\Gallery 60\08 - Natali\,{Shemale Yum Dvd03~G60~08~08 - Natali}
natali007.jpg,115432,423409de,\Gallery 60\08 - Natali\,{Shemale Yum Dvd03~G60~08~08 - Natali}
natali008.jpg,121878,476d1d0d,\Gallery 60\08 - Natali\,{Shemale Yum Dvd03~G60~08~08 - Natali}
natali009.jpg,109464,b00ab1fe,\Gallery 60\08 - Natali\,{Shemale Yum Dvd03~G60~08~08 - Natali}
natali010.jpg,200513,15f208a3,\Gallery 60\08 - Natali\,{Shemale Yum Dvd03~G60~08~08 - Natali}
natali011.jpg,163892,c6d05189,\Gallery 60\08 - Natali\,{Shemale Yum Dvd03~G60~08~08 - Natali}
natali012.jpg,153106,9685d77f,\Gallery 60\08 - Natali\,{Shemale Yum Dvd03~G60~08~08 - Natali}
natali013.jpg,197989,63528191,\Gallery 60\08 - Natali\,{Shemale Yum Dvd03~G60~08~08 - Natali}
natali014.jpg,196756,4a9a9fa6,\Gallery 60\08 - Natali\,{Shemale Yum Dvd03~G60~08~08 - Natali}
natali015.jpg,121859,9f85862f,\Gallery 60\08 - Natali\,{Shemale Yum Dvd03~G60~08~08 - Natali}
natali016.jpg,159149,b238ba84,\Gallery 60\08 - Natali\,{Shemale Yum Dvd03~G60~08~08 - Natali}
natali017.jpg,145611,cd81173f,\Gallery 60\08 - Natali\,{Shemale Yum Dvd03~G60~08~08 - Natali}
natali018.jpg,169951,c7b6de7b,\Gallery 60\08 - Natali\,{Shemale Yum Dvd03~G60~08~08 - Natali}
natali019.jpg,125629,ecc21075,\Gallery 60\08 - Natali\,{Shemale Yum Dvd03~G60~08~08 - Natali}
natali020.jpg,152644,5be2bf69,\Gallery 60\08 - Natali\,{Shemale Yum Dvd03~G60~08~08 - Natali}
natali021.jpg,166677,e33c30b6,\Gallery 60\08 - Natali\,{Shemale Yum Dvd03~G60~08~08 - Natali}
natali022.jpg,181353,cce95d71,\Gallery 60\08 - Natali\,{Shemale Yum Dvd03~G60~08~08 - Natali}
natali023.jpg,148080,fb8c5f41,\Gallery 60\08 - Natali\,{Shemale Yum Dvd03~G60~08~08 - Natali}
natali024.jpg,148236,4bb57445,\Gallery 60\08 - Natali\,{Shemale Yum Dvd03~G60~08~08 - Natali}
natali025.jpg,153849,2ab7b679,\Gallery 60\08 - Natali\,{Shemale Yum Dvd03~G60~08~08 - Natali}
natali026.jpg,138009,f89f335f,\Gallery 60\08 - Natali\,{Shemale Yum Dvd03~G60~08~08 - Natali}
natali027.jpg,155800,542cd648,\Gallery 60\08 - Natali\,{Shemale Yum Dvd03~G60~08~08 - Natali}
natali028.jpg,138212,a937bd3e,\Gallery 60\08 - Natali\,{Shemale Yum Dvd03~G60~08~08 - Natali}
natali029.jpg,171147,e9a78351,\Gallery 60\08 - Natali\,{Shemale Yum Dvd03~G60~08~08 - Natali}
natali030.jpg,127727,694f5e09,\Gallery 60\08 - Natali\,{Shemale Yum Dvd03~G60~08~08 - Natali}
natali031.jpg,141597,9d618c9d,\Gallery 60\08 - Natali\,{Shemale Yum Dvd03~G60~08~08 - Natali}
natali032.jpg,120211,74c0353d,\Gallery 60\08 - Natali\,{Shemale Yum Dvd03~G60~08~08 - Natali}
natali033.jpg,126467,048386a0,\Gallery 60\08 - Natali\,{Shemale Yum Dvd03~G60~08~08 - Natali}
natali034.jpg,107680,c03e5f78,\Gallery 60\08 - Natali\,{Shemale Yum Dvd03~G60~08~08 - Natali}
natali035.jpg,101135,bf790dff,\Gallery 60\08 - Natali\,{Shemale Yum Dvd03~G60~08~08 - Natali}
natali036.jpg,114937,c892a809,\Gallery 60\08 - Natali\,{Shemale Yum Dvd03~G60~08~08 - Natali}
natali037.jpg,120004,c6410874,\Gallery 60\08 - Natali\,{Shemale Yum Dvd03~G60~08~08 - Natali}
natali038.jpg,114259,32213cda,\Gallery 60\08 - Natali\,{Shemale Yum Dvd03~G60~08~08 - Natali}
natali039.jpg,115027,0314d752,\Gallery 60\08 - Natali\,{Shemale Yum Dvd03~G60~08~08 - Natali}
natali040.jpg,104886,e1abfc53,\Gallery 60\08 - Natali\,{Shemale Yum Dvd03~G60~08~08 - Natali}
natali041.jpg,109051,291b16c5,\Gallery 60\08 - Natali\,{Shemale Yum Dvd03~G60~08~08 - Natali}
natali042.jpg,119278,34ee4237,\Gallery 60\08 - Natali\,{Shemale Yum Dvd03~G60~08~08 - Natali}
natali043.jpg,116189,27bee38c,\Gallery 60\08 - Natali\,{Shemale Yum Dvd03~G60~08~08 - Natali}
natali044.jpg,101230,534d0315,\Gallery 60\08 - Natali\,{Shemale Yum Dvd03~G60~08~08 - Natali}
natali045.jpg,104839,cbe7740f,\Gallery 60\08 - Natali\,{Shemale Yum Dvd03~G60~08~08 - Natali}
natali046.jpg,126299,e50f55c1,\Gallery 60\08 - Natali\,{Shemale Yum Dvd03~G60~08~08 - Natali}
natali047.jpg,121825,bc553aa4,\Gallery 60\08 - Natali\,{Shemale Yum Dvd03~G60~08~08 - Natali}
natali048.jpg,118686,7cebc251,\Gallery 60\08 - Natali\,{Shemale Yum Dvd03~G60~08~08 - Natali}
natali049.jpg,98389,97d4f03a,\Gallery 60\08 - Natali\,{Shemale Yum Dvd03~G60~08~08 - Natali}
natali050.jpg,122013,3a01e5f8,\Gallery 60\08 - Natali\,{Shemale Yum Dvd03~G60~08~08 - Natali}
natali051.jpg,97920,c9f69a32,\Gallery 60\08 - Natali\,{Shemale Yum Dvd03~G60~08~08 - Natali}
natali052.jpg,120282,4ff41db9,\Gallery 60\08 - Natali\,{Shemale Yum Dvd03~G60~08~08 - Natali}
natali053.jpg,100208,5184d6d6,\Gallery 60\08 - Natali\,{Shemale Yum Dvd03~G60~08~08 - Natali}
natali054.jpg,113627,e870a083,\Gallery 60\08 - Natali\,{Shemale Yum Dvd03~G60~08~08 - Natali}
natali055.jpg,118086,33f0f5d8,\Gallery 60\08 - Natali\,{Shemale Yum Dvd03~G60~08~08 - Natali}
natali056.jpg,113525,54f2b8cf,\Gallery 60\08 - Natali\,{Shemale Yum Dvd03~G60~08~08 - Natali}
natali057.jpg,127665,4a15b43a,\Gallery 60\08 - Natali\,{Shemale Yum Dvd03~G60~08~08 - Natali}
natali058.jpg,120857,98978165,\Gallery 60\08 - Natali\,{Shemale Yum Dvd03~G60~08~08 - Natali}
natali059.jpg,132166,d90aa279,\Gallery 60\08 - Natali\,{Shemale Yum Dvd03~G60~08~08 - Natali}
natali060.jpg,119271,b52049c2,\Gallery 60\08 - Natali\,{Shemale Yum Dvd03~G60~08~08 - Natali}
natali061.jpg,153016,2e8109f2,\Gallery 60\08 - Natali\,{Shemale Yum Dvd03~G60~08~08 - Natali}
natali062.jpg,128489,324456ce,\Gallery 60\08 - Natali\,{Shemale Yum Dvd03~G60~08~08 - Natali}
natali063.jpg,134527,8e125173,\Gallery 60\08 - Natali\,{Shemale Yum Dvd03~G60~08~08 - Natali}
natali064.jpg,119747,6d8d63b9,\Gallery 60\08 - Natali\,{Shemale Yum Dvd03~G60~08~08 - Natali}
natali065.jpg,156657,eb895f37,\Gallery 60\08 - Natali\,{Shemale Yum Dvd03~G60~08~08 - Natali}
natali066.jpg,139917,74c7db3e,\Gallery 60\08 - Natali\,{Shemale Yum Dvd03~G60~08~08 - Natali}
natali067.jpg,166317,65957537,\Gallery 60\08 - Natali\,{Shemale Yum Dvd03~G60~08~08 - Natali}
natali068.jpg,140028,3229433c,\Gallery 60\08 - Natali\,{Shemale Yum Dvd03~G60~08~08 - Natali}
natali069.jpg,135413,39114a17,\Gallery 60\08 - Natali\,{Shemale Yum Dvd03~G60~08~08 - Natali}
natali070.jpg,144265,b1d3dd66,\Gallery 60\08 - Natali\,{Shemale Yum Dvd03~G60~08~08 - Natali}
natali071.jpg,146756,e41a271d,\Gallery 60\08 - Natali\,{Shemale Yum Dvd03~G60~08~08 - Natali}
natali072.jpg,141098,eb8ddd7a,\Gallery 60\08 - Natali\,{Shemale Yum Dvd03~G60~08~08 - Natali}
natali073.jpg,147304,1a251f9f,\Gallery 60\08 - Natali\,{Shemale Yum Dvd03~G60~08~08 - Natali}
natali074.jpg,157499,f1104c22,\Gallery 60\08 - Natali\,{Shemale Yum Dvd03~G60~08~08 - Natali}
natali075.jpg,155454,82eebcae,\Gallery 60\08 - Natali\,{Shemale Yum Dvd03~G60~08~08 - Natali}
natali076.jpg,142366,9dc47bbe,\Gallery 60\08 - Natali\,{Shemale Yum Dvd03~G60~08~08 - Natali}
natali077.jpg,130343,daaf5170,\Gallery 60\08 - Natali\,{Shemale Yum Dvd03~G60~08~08 - Natali}
natali078.jpg,106489,ab874716,\Gallery 60\08 - Natali\,{Shemale Yum Dvd03~G60~08~08 - Natali}
natali079.jpg,123195,ea0a5139,\Gallery 60\08 - Natali\,{Shemale Yum Dvd03~G60~08~08 - Natali}
natali080.jpg,160814,63a2d548,\Gallery 60\08 - Natali\,{Shemale Yum Dvd03~G60~08~08 - Natali}
natali081.jpg,133111,8a197c2a,\Gallery 60\08 - Natali\,{Shemale Yum Dvd03~G60~08~08 - Natali}
natali082.jpg,126881,c4305a39,\Gallery 60\08 - Natali\,{Shemale Yum Dvd03~G60~08~08 - Natali}
natali083.jpg,118015,d466bce5,\Gallery 60\08 - Natali\,{Shemale Yum Dvd03~G60~08~08 - Natali}
natali084.jpg,127147,fdee480b,\Gallery 60\08 - Natali\,{Shemale Yum Dvd03~G60~08~08 - Natali}
natali085.jpg,132349,417c6e38,\Gallery 60\08 - Natali\,{Shemale Yum Dvd03~G60~08~08 - Natali}
natali086.jpg,126091,0a96cdfe,\Gallery 60\08 - Natali\,{Shemale Yum Dvd03~G60~08~08 - Natali}
natali087.jpg,139532,69154654,\Gallery 60\08 - Natali\,{Shemale Yum Dvd03~G60~08~08 - Natali}
natali088.jpg,135288,13f486ac,\Gallery 60\08 - Natali\,{Shemale Yum Dvd03~G60~08~08 - Natali}
natali089.jpg,136839,a7e0f1f3,\Gallery 60\08 - Natali\,{Shemale Yum Dvd03~G60~08~08 - Natali}
natali090.jpg,144138,2b0c8576,\Gallery 60\08 - Natali\,{Shemale Yum Dvd03~G60~08~08 - Natali}
natali091.jpg,134351,66725893,\Gallery 60\08 - Natali\,{Shemale Yum Dvd03~G60~08~08 - Natali}
natali092.jpg,130969,db2a222c,\Gallery 60\08 - Natali\,{Shemale Yum Dvd03~G60~08~08 - Natali}
natali093.jpg,119845,04683b91,\Gallery 60\08 - Natali\,{Shemale Yum Dvd03~G60~08~08 - Natali}
natali094.jpg,131217,aea80471,\Gallery 60\08 - Natali\,{Shemale Yum Dvd03~G60~08~08 - Natali}
natali095.jpg,124769,9c0254f8,\Gallery 60\08 - Natali\,{Shemale Yum Dvd03~G60~08~08 - Natali}
natali096.jpg,118278,e38fac5e,\Gallery 60\08 - Natali\,{Shemale Yum Dvd03~G60~08~08 - Natali}
natali097.jpg,116864,d024f954,\Gallery 60\08 - Natali\,{Shemale Yum Dvd03~G60~08~08 - Natali}
natali098.jpg,122745,1d3b2cc8,\Gallery 60\08 - Natali\,{Shemale Yum Dvd03~G60~08~08 - Natali}
natali099.jpg,103520,71a92741,\Gallery 60\08 - Natali\,{Shemale Yum Dvd03~G60~08~08 - Natali}
natali100.jpg,130688,9963935b,\Gallery 60\08 - Natali\,{Shemale Yum Dvd03~G60~08~08 - Natali}
natali101.jpg,115915,3a2b4522,\Gallery 60\08 - Natali\,{Shemale Yum Dvd03~G60~08~08 - Natali}
natali102.jpg,115184,37064f1c,\Gallery 60\08 - Natali\,{Shemale Yum Dvd03~G60~08~08 - Natali}
natali103.jpg,128172,7070d7e8,\Gallery 60\08 - Natali\,{Shemale Yum Dvd03~G60~08~08 - Natali}
natali104.jpg,108812,cdcabe81,\Gallery 60\08 - Natali\,{Shemale Yum Dvd03~G60~08~08 - Natali}
natali105.jpg,119703,f5d23b8e,\Gallery 60\08 - Natali\,{Shemale Yum Dvd03~G60~08~08 - Natali}
natali106.jpg,122407,38160ad5,\Gallery 60\08 - Natali\,{Shemale Yum Dvd03~G60~08~08 - Natali}
natali107.jpg,120490,bacb9c89,\Gallery 60\08 - Natali\,{Shemale Yum Dvd03~G60~08~08 - Natali}
natali108.jpg,111321,eae1577c,\Gallery 60\08 - Natali\,{Shemale Yum Dvd03~G60~08~08 - Natali}
natali109.jpg,109087,c3173807,\Gallery 60\08 - Natali\,{Shemale Yum Dvd03~G60~08~08 - Natali}
natali110.jpg,108619,29776c43,\Gallery 60\08 - Natali\,{Shemale Yum Dvd03~G60~08~08 - Natali}
natali111.jpg,130623,33e59068,\Gallery 60\08 - Natali\,{Shemale Yum Dvd03~G60~08~08 - Natali}
natali112.jpg,123743,59d30c3b,\Gallery 60\08 - Natali\,{Shemale Yum Dvd03~G60~08~08 - Natali}
natali113.jpg,120428,300c5f93,\Gallery 60\08 - Natali\,{Shemale Yum Dvd03~G60~08~08 - Natali}
natali114.jpg,134728,f524997f,\Gallery 60\08 - Natali\,{Shemale Yum Dvd03~G60~08~08 - Natali}
natali115.jpg,123098,ebd0c3f8,\Gallery 60\08 - Natali\,{Shemale Yum Dvd03~G60~08~08 - Natali}
natali116.jpg,118806,e7f00239,\Gallery 60\08 - Natali\,{Shemale Yum Dvd03~G60~08~08 - Natali}
natali117.jpg,119140,f49a184e,\Gallery 60\08 - Natali\,{Shemale Yum Dvd03~G60~08~08 - Natali}
natali118.jpg,132452,a2f1bb5b,\Gallery 60\08 - Natali\,{Shemale Yum Dvd03~G60~08~08 - Natali}
natali119.jpg,126436,d5052e66,\Gallery 60\08 - Natali\,{Shemale Yum Dvd03~G60~08~08 - Natali}
natali120.jpg,114465,47dc61ab,\Gallery 60\08 - Natali\,{Shemale Yum Dvd03~G60~08~08 - Natali}
natali121.jpg,181346,2b099e31,\Gallery 60\08 - Natali\,{Shemale Yum Dvd03~G60~08~08 - Natali}
natali122.jpg,177341,fb09ee20,\Gallery 60\08 - Natali\,{Shemale Yum Dvd03~G60~08~08 - Natali}
natali123.jpg,176640,d0487ae3,\Gallery 60\08 - Natali\,{Shemale Yum Dvd03~G60~08~08 - Natali}
natali124.jpg,174362,2ce0cdc1,\Gallery 60\08 - Natali\,{Shemale Yum Dvd03~G60~08~08 - Natali}
natali125.jpg,176147,09fe809d,\Gallery 60\08 - Natali\,{Shemale Yum Dvd03~G60~08~08 - Natali}
natali126.jpg,140484,a5a6188d,\Gallery 60\08 - Natali\,{Shemale Yum Dvd03~G60~08~08 - Natali}
natali127.jpg,133692,eaa47149,\Gallery 60\08 - Natali\,{Shemale Yum Dvd03~G60~08~08 - Natali}
natali128.jpg,143107,5ede5b0f,\Gallery 60\08 - Natali\,{Shemale Yum Dvd03~G60~08~08 - Natali}
natali129.jpg,147854,60c6a720,\Gallery 60\08 - Natali\,{Shemale Yum Dvd03~G60~08~08 - Natali}
natali130.jpg,170730,6f34feff,\Gallery 60\08 - Natali\,{Shemale Yum Dvd03~G60~08~08 - Natali}
natali131.jpg,149595,ef3de2b2,\Gallery 60\08 - Natali\,{Shemale Yum Dvd03~G60~08~08 - Natali}
natali132.jpg,152779,1c8c4fbb,\Gallery 60\08 - Natali\,{Shemale Yum Dvd03~G60~08~08 - Natali}
natali133.jpg,141848,8ac2b645,\Gallery 60\08 - Natali\,{Shemale Yum Dvd03~G60~08~08 - Natali}
natali134.jpg,170197,eae8fc20,\Gallery 60\08 - Natali\,{Shemale Yum Dvd03~G60~08~08 - Natali}
natali135.jpg,179975,8e28b3dd,\Gallery 60\08 - Natali\,{Shemale Yum Dvd03~G60~08~08 - Natali}
natali136.jpg,183996,e4dd217d,\Gallery 60\08 - Natali\,{Shemale Yum Dvd03~G60~08~08 - Natali}
natali137.jpg,127529,afe80c7d,\Gallery 60\08 - Natali\,{Shemale Yum Dvd03~G60~08~08 - Natali}
natali138.jpg,122788,9e83e034,\Gallery 60\08 - Natali\,{Shemale Yum Dvd03~G60~08~08 - Natali}
natali139.jpg,124831,3efbb519,\Gallery 60\08 - Natali\,{Shemale Yum Dvd03~G60~08~08 - Natali}
natali140.jpg,115672,2c86132b,\Gallery 60\08 - Natali\,{Shemale Yum Dvd03~G60~08~08 - Natali}
natali141.jpg,116195,458bd275,\Gallery 60\08 - Natali\,{Shemale Yum Dvd03~G60~08~08 - Natali}
natali142.jpg,121697,29f1c8dd,\Gallery 60\08 - Natali\,{Shemale Yum Dvd03~G60~08~08 - Natali}
natali143.jpg,120371,e3c8d507,\Gallery 60\08 - Natali\,{Shemale Yum Dvd03~G60~08~08 - Natali}
natali144.jpg,113198,e398ddb0,\Gallery 60\08 - Natali\,{Shemale Yum Dvd03~G60~08~08 - Natali}
natali145.jpg,134934,c76c571a,\Gallery 60\08 - Natali\,{Shemale Yum Dvd03~G60~08~08 - Natali}
natali146.jpg,131332,6f2f94a0,\Gallery 60\08 - Natali\,{Shemale Yum Dvd03~G60~08~08 - Natali}
natali147.jpg,129309,491606b0,\Gallery 60\08 - Natali\,{Shemale Yum Dvd03~G60~08~08 - Natali}
natali148.jpg,127421,9ded5240,\Gallery 60\08 - Natali\,{Shemale Yum Dvd03~G60~08~08 - Natali}
natali149.jpg,128740,560cf3ca,\Gallery 60\08 - Natali\,{Shemale Yum Dvd03~G60~08~08 - Natali}
natali150.jpg,131681,8f13bd71,\Gallery 60\08 - Natali\,{Shemale Yum Dvd03~G60~08~08 - Natali}
natalib001.jpg,130249,05496d52,\Gallery 60\08 - Natali (2)\,{Shemale Yum Dvd03~G60~08-2~08 - Natali (2)}
natalib002.jpg,111128,a249a901,\Gallery 60\08 - Natali (2)\,{Shemale Yum Dvd03~G60~08-2~08 - Natali (2)}
natalib003.jpg,116330,b34d7256,\Gallery 60\08 - Natali (2)\,{Shemale Yum Dvd03~G60~08-2~08 - Natali (2)}
natalib004.jpg,114701,4d799ef0,\Gallery 60\08 - Natali (2)\,{Shemale Yum Dvd03~G60~08-2~08 - Natali (2)}
natalib005.jpg,117304,51a4fddf,\Gallery 60\08 - Natali (2)\,{Shemale Yum Dvd03~G60~08-2~08 - Natali (2)}
natalib006.jpg,120894,755ec89c,\Gallery 60\08 - Natali (2)\,{Shemale Yum Dvd03~G60~08-2~08 - Natali (2)}
natalib007.jpg,110690,a189caff,\Gallery 60\08 - Natali (2)\,{Shemale Yum Dvd03~G60~08-2~08 - Natali (2)}
natalib008.jpg,131703,b116b218,\Gallery 60\08 - Natali (2)\,{Shemale Yum Dvd03~G60~08-2~08 - Natali (2)}
natalib009.jpg,125406,804dd237,\Gallery 60\08 - Natali (2)\,{Shemale Yum Dvd03~G60~08-2~08 - Natali (2)}
natalib010.jpg,117701,d0096ad1,\Gallery 60\08 - Natali (2)\,{Shemale Yum Dvd03~G60~08-2~08 - Natali (2)}
natalib011.jpg,117844,d70717b5,\Gallery 60\08 - Natali (2)\,{Shemale Yum Dvd03~G60~08-2~08 - Natali (2)}
natalib012.jpg,127822,4dec0838,\Gallery 60\08 - Natali (2)\,{Shemale Yum Dvd03~G60~08-2~08 - Natali (2)}
natalib013.jpg,119431,779775fa,\Gallery 60\08 - Natali (2)\,{Shemale Yum Dvd03~G60~08-2~08 - Natali (2)}
natalib014.jpg,133435,409b8fff,\Gallery 60\08 - Natali (2)\,{Shemale Yum Dvd03~G60~08-2~08 - Natali (2)}
natalib015.jpg,127752,c82255b0,\Gallery 60\08 - Natali (2)\,{Shemale Yum Dvd03~G60~08-2~08 - Natali (2)}
natalib016.jpg,141036,8e75e0a7,\Gallery 60\08 - Natali (2)\,{Shemale Yum Dvd03~G60~08-2~08 - Natali (2)}
natalib017.jpg,121523,05c8cb13,\Gallery 60\08 - Natali (2)\,{Shemale Yum Dvd03~G60~08-2~08 - Natali (2)}
natalib018.jpg,128083,78e79a4e,\Gallery 60\08 - Natali (2)\,{Shemale Yum Dvd03~G60~08-2~08 - Natali (2)}
natalib019.jpg,122423,7cf9169e,\Gallery 60\08 - Natali (2)\,{Shemale Yum Dvd03~G60~08-2~08 - Natali (2)}
natalib020.jpg,122812,9fb95692,\Gallery 60\08 - Natali (2)\,{Shemale Yum Dvd03~G60~08-2~08 - Natali (2)}
natalib021.jpg,129347,d19503b6,\Gallery 60\08 - Natali (2)\,{Shemale Yum Dvd03~G60~08-2~08 - Natali (2)}
natalib022.jpg,138830,78867281,\Gallery 60\08 - Natali (2)\,{Shemale Yum Dvd03~G60~08-2~08 - Natali (2)}
natalib023.jpg,131983,f215cb4d,\Gallery 60\08 - Natali (2)\,{Shemale Yum Dvd03~G60~08-2~08 - Natali (2)}
natalib024.jpg,141431,42b55953,\Gallery 60\08 - Natali (2)\,{Shemale Yum Dvd03~G60~08-2~08 - Natali (2)}
natalib025.jpg,128307,0e358257,\Gallery 60\08 - Natali (2)\,{Shemale Yum Dvd03~G60~08-2~08 - Natali (2)}
natalib026.jpg,126266,4b6df985,\Gallery 60\08 - Natali (2)\,{Shemale Yum Dvd03~G60~08-2~08 - Natali (2)}
natalib027.jpg,123825,47ee111d,\Gallery 60\08 - Natali (2)\,{Shemale Yum Dvd03~G60~08-2~08 - Natali (2)}
natalib028.jpg,129720,6781285c,\Gallery 60\08 - Natali (2)\,{Shemale Yum Dvd03~G60~08-2~08 - Natali (2)}
natalib029.jpg,121767,7447b3d5,\Gallery 60\08 - Natali (2)\,{Shemale Yum Dvd03~G60~08-2~08 - Natali (2)}
natalib030.jpg,150827,b1990c39,\Gallery 60\08 - Natali (2)\,{Shemale Yum Dvd03~G60~08-2~08 - Natali (2)}
natalib031.jpg,139699,bbf6c205,\Gallery 60\08 - Natali (2)\,{Shemale Yum Dvd03~G60~08-2~08 - Natali (2)}
natalib032.jpg,132645,8cf4bb10,\Gallery 60\08 - Natali (2)\,{Shemale Yum Dvd03~G60~08-2~08 - Natali (2)}
natalib033.jpg,140007,7752d200,\Gallery 60\08 - Natali (2)\,{Shemale Yum Dvd03~G60~08-2~08 - Natali (2)}
natalib034.jpg,147780,edd5f712,\Gallery 60\08 - Natali (2)\,{Shemale Yum Dvd03~G60~08-2~08 - Natali (2)}
natalib035.jpg,142326,838a6001,\Gallery 60\08 - Natali (2)\,{Shemale Yum Dvd03~G60~08-2~08 - Natali (2)}
natalib036.jpg,145026,a91dccae,\Gallery 60\08 - Natali (2)\,{Shemale Yum Dvd03~G60~08-2~08 - Natali (2)}
natalib037.jpg,149169,150bc1ff,\Gallery 60\08 - Natali (2)\,{Shemale Yum Dvd03~G60~08-2~08 - Natali (2)}
natalib038.jpg,144618,1c455d9f,\Gallery 60\08 - Natali (2)\,{Shemale Yum Dvd03~G60~08-2~08 - Natali (2)}
natalib039.jpg,145568,bab28eff,\Gallery 60\08 - Natali (2)\,{Shemale Yum Dvd03~G60~08-2~08 - Natali (2)}
natalib040.jpg,156710,f6c7a6a1,\Gallery 60\08 - Natali (2)\,{Shemale Yum Dvd03~G60~08-2~08 - Natali (2)}
natalib041.jpg,179016,33d9e785,\Gallery 60\08 - Natali (2)\,{Shemale Yum Dvd03~G60~08-2~08 - Natali (2)}
natalib042.jpg,161683,34511254,\Gallery 60\08 - Natali (2)\,{Shemale Yum Dvd03~G60~08-2~08 - Natali (2)}
natalib043.jpg,178974,c65ebdc4,\Gallery 60\08 - Natali (2)\,{Shemale Yum Dvd03~G60~08-2~08 - Natali (2)}
natalib044.jpg,179197,384b71f3,\Gallery 60\08 - Natali (2)\,{Shemale Yum Dvd03~G60~08-2~08 - Natali (2)}
natalib045.jpg,135992,4b627b87,\Gallery 60\08 - Natali (2)\,{Shemale Yum Dvd03~G60~08-2~08 - Natali (2)}
natalib046.jpg,156971,140c5871,\Gallery 60\08 - Natali (2)\,{Shemale Yum Dvd03~G60~08-2~08 - Natali (2)}
natalib047.jpg,147170,22f19d07,\Gallery 60\08 - Natali (2)\,{Shemale Yum Dvd03~G60~08-2~08 - Natali (2)}
natalib048.jpg,143697,bcb22197,\Gallery 60\08 - Natali (2)\,{Shemale Yum Dvd03~G60~08-2~08 - Natali (2)}
natalib049.jpg,125844,050f8244,\Gallery 60\08 - Natali (2)\,{Shemale Yum Dvd03~G60~08-2~08 - Natali (2)}
natalib050.jpg,122251,92dbd9ab,\Gallery 60\08 - Natali (2)\,{Shemale Yum Dvd03~G60~08-2~08 - Natali (2)}
natalib051.jpg,148740,a55cfca3,\Gallery 60\08 - Natali (2)\,{Shemale Yum Dvd03~G60~08-2~08 - Natali (2)}
natalib052.jpg,151554,cac8717a,\Gallery 60\08 - Natali (2)\,{Shemale Yum Dvd03~G60~08-2~08 - Natali (2)}
natalib053.jpg,145495,16981b32,\Gallery 60\08 - Natali (2)\,{Shemale Yum Dvd03~G60~08-2~08 - Natali (2)}
natalib054.jpg,160301,b462bf6c,\Gallery 60\08 - Natali (2)\,{Shemale Yum Dvd03~G60~08-2~08 - Natali (2)}
natalib055.jpg,164958,3ddcd321,\Gallery 60\08 - Natali (2)\,{Shemale Yum Dvd03~G60~08-2~08 - Natali (2)}
natalib056.jpg,173308,517aaaa4,\Gallery 60\08 - Natali (2)\,{Shemale Yum Dvd03~G60~08-2~08 - Natali (2)}
natalib057.jpg,144687,c9c56d61,\Gallery 60\08 - Natali (2)\,{Shemale Yum Dvd03~G60~08-2~08 - Natali (2)}
natalib058.jpg,138270,b9814824,\Gallery 60\08 - Natali (2)\,{Shemale Yum Dvd03~G60~08-2~08 - Natali (2)}
natalib059.jpg,132820,7eb82dda,\Gallery 60\08 - Natali (2)\,{Shemale Yum Dvd03~G60~08-2~08 - Natali (2)}
natalib060.jpg,156769,7f0cbb51,\Gallery 60\08 - Natali (2)\,{Shemale Yum Dvd03~G60~08-2~08 - Natali (2)}
natalib061.jpg,173956,296fad40,\Gallery 60\08 - Natali (2)\,{Shemale Yum Dvd03~G60~08-2~08 - Natali (2)}
natalib062.jpg,138393,fef9b8e4,\Gallery 60\08 - Natali (2)\,{Shemale Yum Dvd03~G60~08-2~08 - Natali (2)}
natalib063.jpg,136731,5165a3ec,\Gallery 60\08 - Natali (2)\,{Shemale Yum Dvd03~G60~08-2~08 - Natali (2)}
natalib064.jpg,143361,3f6e16ec,\Gallery 60\08 - Natali (2)\,{Shemale Yum Dvd03~G60~08-2~08 - Natali (2)}
natalib065.jpg,130444,cd2ddbeb,\Gallery 60\08 - Natali (2)\,{Shemale Yum Dvd03~G60~08-2~08 - Natali (2)}
natalib066.jpg,137142,ddb0cb82,\Gallery 60\08 - Natali (2)\,{Shemale Yum Dvd03~G60~08-2~08 - Natali (2)}
natalib067.jpg,146039,b7789f6f,\Gallery 60\08 - Natali (2)\,{Shemale Yum Dvd03~G60~08-2~08 - Natali (2)}
natalib068.jpg,135020,7744f1dd,\Gallery 60\08 - Natali (2)\,{Shemale Yum Dvd03~G60~08-2~08 - Natali (2)}
natalib069.jpg,135758,6522a3ae,\Gallery 60\08 - Natali (2)\,{Shemale Yum Dvd03~G60~08-2~08 - Natali (2)}
natalib070.jpg,124435,30dcebab,\Gallery 60\08 - Natali (2)\,{Shemale Yum Dvd03~G60~08-2~08 - Natali (2)}
natalib071.jpg,129115,14bb414a,\Gallery 60\08 - Natali (2)\,{Shemale Yum Dvd03~G60~08-2~08 - Natali (2)}
natalib072.jpg,119680,3571c92d,\Gallery 60\08 - Natali (2)\,{Shemale Yum Dvd03~G60~08-2~08 - Natali (2)}
natalib073.jpg,126025,33103dfc,\Gallery 60\08 - Natali (2)\,{Shemale Yum Dvd03~G60~08-2~08 - Natali (2)}
natalib074.jpg,129350,89b1c23d,\Gallery 60\08 - Natali (2)\,{Shemale Yum Dvd03~G60~08-2~08 - Natali (2)}
natalib075.jpg,166579,7c93e4bc,\Gallery 60\08 - Natali (2)\,{Shemale Yum Dvd03~G60~08-2~08 - Natali (2)}
natalib076.jpg,142388,d91d4be5,\Gallery 60\08 - Natali (2)\,{Shemale Yum Dvd03~G60~08-2~08 - Natali (2)}
natalib077.jpg,137197,58eadad7,\Gallery 60\08 - Natali (2)\,{Shemale Yum Dvd03~G60~08-2~08 - Natali (2)}
natalib078.jpg,136135,051e8831,\Gallery 60\08 - Natali (2)\,{Shemale Yum Dvd03~G60~08-2~08 - Natali (2)}
natalib079.jpg,154846,34088eef,\Gallery 60\08 - Natali (2)\,{Shemale Yum Dvd03~G60~08-2~08 - Natali (2)}
natalib080.jpg,151617,6620ca7d,\Gallery 60\08 - Natali (2)\,{Shemale Yum Dvd03~G60~08-2~08 - Natali (2)}
natalib081.jpg,178717,d63e2cc9,\Gallery 60\08 - Natali (2)\,{Shemale Yum Dvd03~G60~08-2~08 - Natali (2)}
natalib082.jpg,188461,7203f142,\Gallery 60\08 - Natali (2)\,{Shemale Yum Dvd03~G60~08-2~08 - Natali (2)}
natalib083.jpg,197378,2a529ae4,\Gallery 60\08 - Natali (2)\,{Shemale Yum Dvd03~G60~08-2~08 - Natali (2)}
natalib084.jpg,184496,003840f2,\Gallery 60\08 - Natali (2)\,{Shemale Yum Dvd03~G60~08-2~08 - Natali (2)}
natalib085.jpg,202734,9a4fd8c9,\Gallery 60\08 - Natali (2)\,{Shemale Yum Dvd03~G60~08-2~08 - Natali (2)}
natalib086.jpg,117286,3bdd9928,\Gallery 60\08 - Natali (2)\,{Shemale Yum Dvd03~G60~08-2~08 - Natali (2)}
natalib087.jpg,126581,459bd735,\Gallery 60\08 - Natali (2)\,{Shemale Yum Dvd03~G60~08-2~08 - Natali (2)}
natalib088.jpg,121934,bea29be0,\Gallery 60\08 - Natali (2)\,{Shemale Yum Dvd03~G60~08-2~08 - Natali (2)}
natalib089.jpg,128850,4de42eff,\Gallery 60\08 - Natali (2)\,{Shemale Yum Dvd03~G60~08-2~08 - Natali (2)}
natalib090.jpg,134480,6ded605a,\Gallery 60\08 - Natali (2)\,{Shemale Yum Dvd03~G60~08-2~08 - Natali (2)}
natalib091.jpg,148304,b3dec2ea,\Gallery 60\08 - Natali (2)\,{Shemale Yum Dvd03~G60~08-2~08 - Natali (2)}
natalib092.jpg,139849,26e76e62,\Gallery 60\08 - Natali (2)\,{Shemale Yum Dvd03~G60~08-2~08 - Natali (2)}
natalib093.jpg,136480,8abbca73,\Gallery 60\08 - Natali (2)\,{Shemale Yum Dvd03~G60~08-2~08 - Natali (2)}
natalib094.jpg,142331,2444a2a6,\Gallery 60\08 - Natali (2)\,{Shemale Yum Dvd03~G60~08-2~08 - Natali (2)}
natalib095.jpg,139779,983a1998,\Gallery 60\08 - Natali (2)\,{Shemale Yum Dvd03~G60~08-2~08 - Natali (2)}
natalib096.jpg,129897,946050cb,\Gallery 60\08 - Natali (2)\,{Shemale Yum Dvd03~G60~08-2~08 - Natali (2)}
natalib097.jpg,169268,0b76f497,\Gallery 60\08 - Natali (2)\,{Shemale Yum Dvd03~G60~08-2~08 - Natali (2)}
natalib098.jpg,175960,add767e4,\Gallery 60\08 - Natali (2)\,{Shemale Yum Dvd03~G60~08-2~08 - Natali (2)}
natalib099.jpg,134639,f2720dde,\Gallery 60\08 - Natali (2)\,{Shemale Yum Dvd03~G60~08-2~08 - Natali (2)}
natalib100.jpg,137860,0a9f3119,\Gallery 60\08 - Natali (2)\,{Shemale Yum Dvd03~G60~08-2~08 - Natali (2)}
natalib101.jpg,187213,fa65d3a1,\Gallery 60\08 - Natali (2)\,{Shemale Yum Dvd03~G60~08-2~08 - Natali (2)}
natalib102.jpg,178242,3051c0ea,\Gallery 60\08 - Natali (2)\,{Shemale Yum Dvd03~G60~08-2~08 - Natali (2)}
natalib103.jpg,133007,8aec800d,\Gallery 60\08 - Natali (2)\,{Shemale Yum Dvd03~G60~08-2~08 - Natali (2)}
natalib104.jpg,138619,66f1d43a,\Gallery 60\08 - Natali (2)\,{Shemale Yum Dvd03~G60~08-2~08 - Natali (2)}
natalib105.jpg,132351,9fef351a,\Gallery 60\08 - Natali (2)\,{Shemale Yum Dvd03~G60~08-2~08 - Natali (2)}
natalib106.jpg,151548,75c7097b,\Gallery 60\08 - Natali (2)\,{Shemale Yum Dvd03~G60~08-2~08 - Natali (2)}
natalib107.jpg,130237,0977c590,\Gallery 60\08 - Natali (2)\,{Shemale Yum Dvd03~G60~08-2~08 - Natali (2)}
natalib108.jpg,125853,c9e031aa,\Gallery 60\08 - Natali (2)\,{Shemale Yum Dvd03~G60~08-2~08 - Natali (2)}
natalib109.jpg,121028,62384232,\Gallery 60\08 - Natali (2)\,{Shemale Yum Dvd03~G60~08-2~08 - Natali (2)}
natalib110.jpg,134516,7eed8987,\Gallery 60\08 - Natali (2)\,{Shemale Yum Dvd03~G60~08-2~08 - Natali (2)}
natalib111.jpg,148155,412f7d6c,\Gallery 60\08 - Natali (2)\,{Shemale Yum Dvd03~G60~08-2~08 - Natali (2)}
natalib112.jpg,132972,acee52d1,\Gallery 60\08 - Natali (2)\,{Shemale Yum Dvd03~G60~08-2~08 - Natali (2)}
natalib113.jpg,116038,39d17933,\Gallery 60\08 - Natali (2)\,{Shemale Yum Dvd03~G60~08-2~08 - Natali (2)}
natalib114.jpg,137120,a7790c9b,\Gallery 60\08 - Natali (2)\,{Shemale Yum Dvd03~G60~08-2~08 - Natali (2)}
natalib115.jpg,141921,2dccbffc,\Gallery 60\08 - Natali (2)\,{Shemale Yum Dvd03~G60~08-2~08 - Natali (2)}
natalib116.jpg,136538,53d7f131,\Gallery 60\08 - Natali (2)\,{Shemale Yum Dvd03~G60~08-2~08 - Natali (2)}
natalib117.jpg,133344,456edfd0,\Gallery 60\08 - Natali (2)\,{Shemale Yum Dvd03~G60~08-2~08 - Natali (2)}
natalib118.jpg,117453,332bdf9a,\Gallery 60\08 - Natali (2)\,{Shemale Yum Dvd03~G60~08-2~08 - Natali (2)}
phoenix1001.jpg,157005,1f66cef4,\Gallery 60\09 - Phoenix\,{Shemale Yum Dvd03~G60~09~09 - Phoenix}
phoenix1002.jpg,150323,709e4ce5,\Gallery 60\09 - Phoenix\,{Shemale Yum Dvd03~G60~09~09 - Phoenix}
phoenix1003.jpg,148895,88167c47,\Gallery 60\09 - Phoenix\,{Shemale Yum Dvd03~G60~09~09 - Phoenix}
phoenix1004.jpg,219954,78b6f48e,\Gallery 60\09 - Phoenix\,{Shemale Yum Dvd03~G60~09~09 - Phoenix}
phoenix1005.jpg,151860,1e8cfabd,\Gallery 60\09 - Phoenix\,{Shemale Yum Dvd03~G60~09~09 - Phoenix}
phoenix1006.jpg,154521,9bc878d2,\Gallery 60\09 - Phoenix\,{Shemale Yum Dvd03~G60~09~09 - Phoenix}
phoenix1007.jpg,164152,e770cb3e,\Gallery 60\09 - Phoenix\,{Shemale Yum Dvd03~G60~09~09 - Phoenix}
phoenix1008.jpg,156548,a0351b1a,\Gallery 60\09 - Phoenix\,{Shemale Yum Dvd03~G60~09~09 - Phoenix}
phoenix1009.jpg,120397,1fd45904,\Gallery 60\09 - Phoenix\,{Shemale Yum Dvd03~G60~09~09 - Phoenix}
phoenix1010.jpg,144587,072e8138,\Gallery 60\09 - Phoenix\,{Shemale Yum Dvd03~G60~09~09 - Phoenix}
phoenix1011.jpg,154203,2c14bc38,\Gallery 60\09 - Phoenix\,{Shemale Yum Dvd03~G60~09~09 - Phoenix}
phoenix1013.jpg,177360,a2fb31f3,\Gallery 60\09 - Phoenix\,{Shemale Yum Dvd03~G60~09~09 - Phoenix}
phoenix1014.jpg,154759,9c2f039a,\Gallery 60\09 - Phoenix\,{Shemale Yum Dvd03~G60~09~09 - Phoenix}
phoenix1015.jpg,149853,6e22c192,\Gallery 60\09 - Phoenix\,{Shemale Yum Dvd03~G60~09~09 - Phoenix}
phoenix1016.jpg,161937,be8207f7,\Gallery 60\09 - Phoenix\,{Shemale Yum Dvd03~G60~09~09 - Phoenix}
phoenix1017.jpg,155136,3a7a1c65,\Gallery 60\09 - Phoenix\,{Shemale Yum Dvd03~G60~09~09 - Phoenix}
phoenix1018.jpg,167894,4d455ded,\Gallery 60\09 - Phoenix\,{Shemale Yum Dvd03~G60~09~09 - Phoenix}
phoenix1019.jpg,161364,358b2a31,\Gallery 60\09 - Phoenix\,{Shemale Yum Dvd03~G60~09~09 - Phoenix}
phoenix1020.jpg,165163,9f29dff6,\Gallery 60\09 - Phoenix\,{Shemale Yum Dvd03~G60~09~09 - Phoenix}
phoenix1021.jpg,143931,624c0644,\Gallery 60\09 - Phoenix\,{Shemale Yum Dvd03~G60~09~09 - Phoenix}
phoenix1022.jpg,155113,ac057556,\Gallery 60\09 - Phoenix\,{Shemale Yum Dvd03~G60~09~09 - Phoenix}
phoenix1023.jpg,163592,0118e769,\Gallery 60\09 - Phoenix\,{Shemale Yum Dvd03~G60~09~09 - Phoenix}
phoenix1024.jpg,145756,5571b14d,\Gallery 60\09 - Phoenix\,{Shemale Yum Dvd03~G60~09~09 - Phoenix}
phoenix1025.jpg,130605,b527783e,\Gallery 60\09 - Phoenix\,{Shemale Yum Dvd03~G60~09~09 - Phoenix}
phoenix1026.jpg,135669,b4cf168e,\Gallery 60\09 - Phoenix\,{Shemale Yum Dvd03~G60~09~09 - Phoenix}
phoenix1027.jpg,175381,c7dbeec0,\Gallery 60\09 - Phoenix\,{Shemale Yum Dvd03~G60~09~09 - Phoenix}
phoenix1029.jpg,136969,e3020c87,\Gallery 60\09 - Phoenix\,{Shemale Yum Dvd03~G60~09~09 - Phoenix}
phoenix1030.jpg,139453,30edc561,\Gallery 60\09 - Phoenix\,{Shemale Yum Dvd03~G60~09~09 - Phoenix}
phoenix1031.jpg,151599,905c38f0,\Gallery 60\09 - Phoenix\,{Shemale Yum Dvd03~G60~09~09 - Phoenix}
phoenix1032.jpg,150826,f0282c7a,\Gallery 60\09 - Phoenix\,{Shemale Yum Dvd03~G60~09~09 - Phoenix}
phoenix1033.jpg,166786,beff6f31,\Gallery 60\09 - Phoenix\,{Shemale Yum Dvd03~G60~09~09 - Phoenix}
phoenix1034.jpg,153085,01743a79,\Gallery 60\09 - Phoenix\,{Shemale Yum Dvd03~G60~09~09 - Phoenix}
phoenix1035.jpg,166878,26701a3d,\Gallery 60\09 - Phoenix\,{Shemale Yum Dvd03~G60~09~09 - Phoenix}
phoenix1036.jpg,152175,1fcdef86,\Gallery 60\09 - Phoenix\,{Shemale Yum Dvd03~G60~09~09 - Phoenix}
phoenix1037.jpg,203822,ac8d2912,\Gallery 60\09 - Phoenix\,{Shemale Yum Dvd03~G60~09~09 - Phoenix}
phoenix1038.jpg,137328,e8d44300,\Gallery 60\09 - Phoenix\,{Shemale Yum Dvd03~G60~09~09 - Phoenix}
phoenix1039.jpg,141745,01273258,\Gallery 60\09 - Phoenix\,{Shemale Yum Dvd03~G60~09~09 - Phoenix}
phoenix1040.jpg,152104,b5e5391b,\Gallery 60\09 - Phoenix\,{Shemale Yum Dvd03~G60~09~09 - Phoenix}
phoenix1041.jpg,182180,e832d7b5,\Gallery 60\09 - Phoenix\,{Shemale Yum Dvd03~G60~09~09 - Phoenix}
phoenix1042.jpg,141496,fff55837,\Gallery 60\09 - Phoenix\,{Shemale Yum Dvd03~G60~09~09 - Phoenix}
phoenix1043.jpg,159192,d37a2312,\Gallery 60\09 - Phoenix\,{Shemale Yum Dvd03~G60~09~09 - Phoenix}
phoenix1044.jpg,141846,fd74b7f7,\Gallery 60\09 - Phoenix\,{Shemale Yum Dvd03~G60~09~09 - Phoenix}
phoenix1045.jpg,187286,28697165,\Gallery 60\09 - Phoenix\,{Shemale Yum Dvd03~G60~09~09 - Phoenix}
phoenix1046.jpg,146921,b0911e87,\Gallery 60\09 - Phoenix\,{Shemale Yum Dvd03~G60~09~09 - Phoenix}
phoenix1047.jpg,134506,78234b35,\Gallery 60\09 - Phoenix\,{Shemale Yum Dvd03~G60~09~09 - Phoenix}
phoenix1048.jpg,146322,e3bc940f,\Gallery 60\09 - Phoenix\,{Shemale Yum Dvd03~G60~09~09 - Phoenix}
phoenix1049.jpg,149959,3cde4a23,\Gallery 60\09 - Phoenix\,{Shemale Yum Dvd03~G60~09~09 - Phoenix}
phoenix1050.jpg,147022,23539f70,\Gallery 60\09 - Phoenix\,{Shemale Yum Dvd03~G60~09~09 - Phoenix}
phoenix1051.jpg,133405,48525a6a,\Gallery 60\09 - Phoenix\,{Shemale Yum Dvd03~G60~09~09 - Phoenix}
phoenix1052.jpg,125047,7a758e8b,\Gallery 60\09 - Phoenix\,{Shemale Yum Dvd03~G60~09~09 - Phoenix}
phoenix1053.jpg,135301,c3b1dc23,\Gallery 60\09 - Phoenix\,{Shemale Yum Dvd03~G60~09~09 - Phoenix}
phoenix1054.jpg,170577,c7c52d6a,\Gallery 60\09 - Phoenix\,{Shemale Yum Dvd03~G60~09~09 - Phoenix}
phoenix1055.jpg,149968,f9d18091,\Gallery 60\09 - Phoenix\,{Shemale Yum Dvd03~G60~09~09 - Phoenix}
phoenix1056.jpg,152801,4a315146,\Gallery 60\09 - Phoenix\,{Shemale Yum Dvd03~G60~09~09 - Phoenix}
phoenix1057.jpg,134005,7a6de2b2,\Gallery 60\09 - Phoenix\,{Shemale Yum Dvd03~G60~09~09 - Phoenix}
phoenix1058.jpg,144343,b18ac088,\Gallery 60\09 - Phoenix\,{Shemale Yum Dvd03~G60~09~09 - Phoenix}
phoenix1059.jpg,152316,8a8d586d,\Gallery 60\09 - Phoenix\,{Shemale Yum Dvd03~G60~09~09 - Phoenix}
phoenix1060.jpg,160955,8d3b1d59,\Gallery 60\09 - Phoenix\,{Shemale Yum Dvd03~G60~09~09 - Phoenix}
phoenix1061.jpg,156096,137613da,\Gallery 60\09 - Phoenix\,{Shemale Yum Dvd03~G60~09~09 - Phoenix}
phoenix1062.jpg,146023,f4f64f53,\Gallery 60\09 - Phoenix\,{Shemale Yum Dvd03~G60~09~09 - Phoenix}
phoenix1063.jpg,144955,e35cc1a2,\Gallery 60\09 - Phoenix\,{Shemale Yum Dvd03~G60~09~09 - Phoenix}
phoenix1064.jpg,152343,ef3700dc,\Gallery 60\09 - Phoenix\,{Shemale Yum Dvd03~G60~09~09 - Phoenix}
phoenix1065.jpg,160128,31efdb14,\Gallery 60\09 - Phoenix\,{Shemale Yum Dvd03~G60~09~09 - Phoenix}
phoenix1066.jpg,155069,3f770f0e,\Gallery 60\09 - Phoenix\,{Shemale Yum Dvd03~G60~09~09 - Phoenix}
phoenix1067.jpg,154468,7a4c5e9c,\Gallery 60\09 - Phoenix\,{Shemale Yum Dvd03~G60~09~09 - Phoenix}
phoenix1068.jpg,154512,1bdf3cfd,\Gallery 60\09 - Phoenix\,{Shemale Yum Dvd03~G60~09~09 - Phoenix}
phoenix1070.jpg,191436,a50003ce,\Gallery 60\09 - Phoenix\,{Shemale Yum Dvd03~G60~09~09 - Phoenix}
phoenix1071.jpg,133548,d7f0a5d6,\Gallery 60\09 - Phoenix\,{Shemale Yum Dvd03~G60~09~09 - Phoenix}
phoenix1072.jpg,135016,7116bd0b,\Gallery 60\09 - Phoenix\,{Shemale Yum Dvd03~G60~09~09 - Phoenix}
phoenix1073.jpg,154464,56938145,\Gallery 60\09 - Phoenix\,{Shemale Yum Dvd03~G60~09~09 - Phoenix}
phoenix1074.jpg,142991,3a81a630,\Gallery 60\09 - Phoenix\,{Shemale Yum Dvd03~G60~09~09 - Phoenix}
phoenix1075.jpg,152448,58c2acb7,\Gallery 60\09 - Phoenix\,{Shemale Yum Dvd03~G60~09~09 - Phoenix}
phoenix1076.jpg,143120,3a504277,\Gallery 60\09 - Phoenix\,{Shemale Yum Dvd03~G60~09~09 - Phoenix}
phoenix1077.jpg,147935,4c82e798,\Gallery 60\09 - Phoenix\,{Shemale Yum Dvd03~G60~09~09 - Phoenix}
phoenix1078.jpg,138180,38118c82,\Gallery 60\09 - Phoenix\,{Shemale Yum Dvd03~G60~09~09 - Phoenix}
phoenix1079.jpg,157769,d1670a63,\Gallery 60\09 - Phoenix\,{Shemale Yum Dvd03~G60~09~09 - Phoenix}
phoenix1080.jpg,138994,c3e9b191,\Gallery 60\09 - Phoenix\,{Shemale Yum Dvd03~G60~09~09 - Phoenix}
phoenix1081.jpg,149490,8fbfe710,\Gallery 60\09 - Phoenix\,{Shemale Yum Dvd03~G60~09~09 - Phoenix}
phoenix1082.jpg,140961,8e3c4571,\Gallery 60\09 - Phoenix\,{Shemale Yum Dvd03~G60~09~09 - Phoenix}
phoenix1083.jpg,127063,dd5a6be5,\Gallery 60\09 - Phoenix\,{Shemale Yum Dvd03~G60~09~09 - Phoenix}
phoenix1084.jpg,149161,8b923895,\Gallery 60\09 - Phoenix\,{Shemale Yum Dvd03~G60~09~09 - Phoenix}
phoenix1085.jpg,137580,73561f2a,\Gallery 60\09 - Phoenix\,{Shemale Yum Dvd03~G60~09~09 - Phoenix}
phoenix1086.jpg,142281,fd0ae3b9,\Gallery 60\09 - Phoenix\,{Shemale Yum Dvd03~G60~09~09 - Phoenix}
phoenix1087.jpg,177963,a7fb7828,\Gallery 60\09 - Phoenix\,{Shemale Yum Dvd03~G60~09~09 - Phoenix}
phoenix1088.jpg,177920,7077cd9a,\Gallery 60\09 - Phoenix\,{Shemale Yum Dvd03~G60~09~09 - Phoenix}
phoenix1089.jpg,110681,09436fcd,\Gallery 60\09 - Phoenix\,{Shemale Yum Dvd03~G60~09~09 - Phoenix}
phoenix1090.jpg,110370,8ab492cc,\Gallery 60\09 - Phoenix\,{Shemale Yum Dvd03~G60~09~09 - Phoenix}
phoenix1091.jpg,112277,e6b0f95d,\Gallery 60\09 - Phoenix\,{Shemale Yum Dvd03~G60~09~09 - Phoenix}
phoenix1092.jpg,110342,b275b43b,\Gallery 60\09 - Phoenix\,{Shemale Yum Dvd03~G60~09~09 - Phoenix}
phoenix1093.jpg,123260,76a8566e,\Gallery 60\09 - Phoenix\,{Shemale Yum Dvd03~G60~09~09 - Phoenix}
phoenix1094.jpg,133022,7d90560f,\Gallery 60\09 - Phoenix\,{Shemale Yum Dvd03~G60~09~09 - Phoenix}
phoenix1095.jpg,132491,575058ee,\Gallery 60\09 - Phoenix\,{Shemale Yum Dvd03~G60~09~09 - Phoenix}
phoenix1096.jpg,169003,d5832551,\Gallery 60\09 - Phoenix\,{Shemale Yum Dvd03~G60~09~09 - Phoenix}
phoenix1097.jpg,129515,129258c8,\Gallery 60\09 - Phoenix\,{Shemale Yum Dvd03~G60~09~09 - Phoenix}
phoenix1098.jpg,140786,8124e798,\Gallery 60\09 - Phoenix\,{Shemale Yum Dvd03~G60~09~09 - Phoenix}
phoenix1099.jpg,123137,dd8543a7,\Gallery 60\09 - Phoenix\,{Shemale Yum Dvd03~G60~09~09 - Phoenix}
phoenix1100.jpg,165119,1505971e,\Gallery 60\09 - Phoenix\,{Shemale Yum Dvd03~G60~09~09 - Phoenix}
phoenix1101.jpg,143382,42558f01,\Gallery 60\09 - Phoenix\,{Shemale Yum Dvd03~G60~09~09 - Phoenix}
phoenix1102.jpg,133654,124b404c,\Gallery 60\09 - Phoenix\,{Shemale Yum Dvd03~G60~09~09 - Phoenix}
phoenix1103.jpg,136660,1d49731e,\Gallery 60\09 - Phoenix\,{Shemale Yum Dvd03~G60~09~09 - Phoenix}
phoenix1104.jpg,134653,f5b93f24,\Gallery 60\09 - Phoenix\,{Shemale Yum Dvd03~G60~09~09 - Phoenix}
phoenix1105.jpg,134534,25088c6c,\Gallery 60\09 - Phoenix\,{Shemale Yum Dvd03~G60~09~09 - Phoenix}
phoenix1106.jpg,134675,9014fd41,\Gallery 60\09 - Phoenix\,{Shemale Yum Dvd03~G60~09~09 - Phoenix}
phoenix1107.jpg,139501,407986e7,\Gallery 60\09 - Phoenix\,{Shemale Yum Dvd03~G60~09~09 - Phoenix}
phoenix1108.jpg,127361,72b23b0d,\Gallery 60\09 - Phoenix\,{Shemale Yum Dvd03~G60~09~09 - Phoenix}
phoenix1109.jpg,137790,eb668928,\Gallery 60\09 - Phoenix\,{Shemale Yum Dvd03~G60~09~09 - Phoenix}
phoenix1110.jpg,180391,14baec4a,\Gallery 60\09 - Phoenix\,{Shemale Yum Dvd03~G60~09~09 - Phoenix}
phoenix1111.jpg,137308,08406381,\Gallery 60\09 - Phoenix\,{Shemale Yum Dvd03~G60~09~09 - Phoenix}
phoenix1112.jpg,142485,b4b12d38,\Gallery 60\09 - Phoenix\,{Shemale Yum Dvd03~G60~09~09 - Phoenix}
phoenix1113.jpg,142402,b8863548,\Gallery 60\09 - Phoenix\,{Shemale Yum Dvd03~G60~09~09 - Phoenix}
phoenix1114.jpg,150162,15b5c074,\Gallery 60\09 - Phoenix\,{Shemale Yum Dvd03~G60~09~09 - Phoenix}
phoenix1115.jpg,141887,a77582a3,\Gallery 60\09 - Phoenix\,{Shemale Yum Dvd03~G60~09~09 - Phoenix}
phoenix1116.jpg,151380,fb00ca9c,\Gallery 60\09 - Phoenix\,{Shemale Yum Dvd03~G60~09~09 - Phoenix}
phoenix2001.jpg,188173,2a59e10a,\Gallery 60\09 - Phoenix (2)\,{Shemale Yum Dvd03~G60~09-2~09 - Phoenix (2)}
phoenix2002.jpg,175486,8e5b5577,\Gallery 60\09 - Phoenix (2)\,{Shemale Yum Dvd03~G60~09-2~09 - Phoenix (2)}
phoenix2003.jpg,181587,d352b14c,\Gallery 60\09 - Phoenix (2)\,{Shemale Yum Dvd03~G60~09-2~09 - Phoenix (2)}
phoenix2004.jpg,174004,f8fa59cb,\Gallery 60\09 - Phoenix (2)\,{Shemale Yum Dvd03~G60~09-2~09 - Phoenix (2)}
phoenix2005.jpg,179848,fef6134f,\Gallery 60\09 - Phoenix (2)\,{Shemale Yum Dvd03~G60~09-2~09 - Phoenix (2)}
phoenix2006.jpg,114787,10c5a4f1,\Gallery 60\09 - Phoenix (2)\,{Shemale Yum Dvd03~G60~09-2~09 - Phoenix (2)}
phoenix2007.jpg,192396,00ba9afa,\Gallery 60\09 - Phoenix (2)\,{Shemale Yum Dvd03~G60~09-2~09 - Phoenix (2)}
phoenix2008.jpg,180562,74261cdb,\Gallery 60\09 - Phoenix (2)\,{Shemale Yum Dvd03~G60~09-2~09 - Phoenix (2)}
phoenix2009.jpg,168869,0a638455,\Gallery 60\09 - Phoenix (2)\,{Shemale Yum Dvd03~G60~09-2~09 - Phoenix (2)}
phoenix2010.jpg,170529,5b41dd94,\Gallery 60\09 - Phoenix (2)\,{Shemale Yum Dvd03~G60~09-2~09 - Phoenix (2)}
phoenix2011.jpg,161389,0e550c2f,\Gallery 60\09 - Phoenix (2)\,{Shemale Yum Dvd03~G60~09-2~09 - Phoenix (2)}
phoenix2012.jpg,165125,8a2aff41,\Gallery 60\09 - Phoenix (2)\,{Shemale Yum Dvd03~G60~09-2~09 - Phoenix (2)}
phoenix2013.jpg,172995,30a8f34c,\Gallery 60\09 - Phoenix (2)\,{Shemale Yum Dvd03~G60~09-2~09 - Phoenix (2)}
phoenix2014.jpg,177019,880e7ebc,\Gallery 60\09 - Phoenix (2)\,{Shemale Yum Dvd03~G60~09-2~09 - Phoenix (2)}
phoenix2015.jpg,173444,460cdba6,\Gallery 60\09 - Phoenix (2)\,{Shemale Yum Dvd03~G60~09-2~09 - Phoenix (2)}
phoenix2016.jpg,162450,2a69d59a,\Gallery 60\09 - Phoenix (2)\,{Shemale Yum Dvd03~G60~09-2~09 - Phoenix (2)}
phoenix2017.jpg,105694,7a343fc0,\Gallery 60\09 - Phoenix (2)\,{Shemale Yum Dvd03~G60~09-2~09 - Phoenix (2)}
phoenix2018.jpg,171409,0f42f535,\Gallery 60\09 - Phoenix (2)\,{Shemale Yum Dvd03~G60~09-2~09 - Phoenix (2)}
phoenix2019.jpg,161453,e97abc85,\Gallery 60\09 - Phoenix (2)\,{Shemale Yum Dvd03~G60~09-2~09 - Phoenix (2)}
phoenix2020.jpg,172980,62dcfb70,\Gallery 60\09 - Phoenix (2)\,{Shemale Yum Dvd03~G60~09-2~09 - Phoenix (2)}
phoenix2021.jpg,105141,6c5d4799,\Gallery 60\09 - Phoenix (2)\,{Shemale Yum Dvd03~G60~09-2~09 - Phoenix (2)}
phoenix2022.jpg,151449,d86ef34d,\Gallery 60\09 - Phoenix (2)\,{Shemale Yum Dvd03~G60~09-2~09 - Phoenix (2)}
phoenix2023.jpg,146457,2daaae5a,\Gallery 60\09 - Phoenix (2)\,{Shemale Yum Dvd03~G60~09-2~09 - Phoenix (2)}
phoenix2024.jpg,136363,19b55ebe,\Gallery 60\09 - Phoenix (2)\,{Shemale Yum Dvd03~G60~09-2~09 - Phoenix (2)}
phoenix2025.jpg,147174,907ff66d,\Gallery 60\09 - Phoenix (2)\,{Shemale Yum Dvd03~G60~09-2~09 - Phoenix (2)}
phoenix2026.jpg,186963,ffd959cc,\Gallery 60\09 - Phoenix (2)\,{Shemale Yum Dvd03~G60~09-2~09 - Phoenix (2)}
phoenix2027.jpg,125182,d4634342,\Gallery 60\09 - Phoenix (2)\,{Shemale Yum Dvd03~G60~09-2~09 - Phoenix (2)}
phoenix2028.jpg,131665,0d327183,\Gallery 60\09 - Phoenix (2)\,{Shemale Yum Dvd03~G60~09-2~09 - Phoenix (2)}
phoenix2029.jpg,133075,fc12fb31,\Gallery 60\09 - Phoenix (2)\,{Shemale Yum Dvd03~G60~09-2~09 - Phoenix (2)}
phoenix2030.jpg,127463,f49b1de1,\Gallery 60\09 - Phoenix (2)\,{Shemale Yum Dvd03~G60~09-2~09 - Phoenix (2)}
phoenix2031.jpg,129252,053537a5,\Gallery 60\09 - Phoenix (2)\,{Shemale Yum Dvd03~G60~09-2~09 - Phoenix (2)}
phoenix2032.jpg,131820,1211f64a,\Gallery 60\09 - Phoenix (2)\,{Shemale Yum Dvd03~G60~09-2~09 - Phoenix (2)}
phoenix2033.jpg,118922,6ba76575,\Gallery 60\09 - Phoenix (2)\,{Shemale Yum Dvd03~G60~09-2~09 - Phoenix (2)}
phoenix2034.jpg,104466,44a688fb,\Gallery 60\09 - Phoenix (2)\,{Shemale Yum Dvd03~G60~09-2~09 - Phoenix (2)}
phoenix2035.jpg,155141,053d33dd,\Gallery 60\09 - Phoenix (2)\,{Shemale Yum Dvd03~G60~09-2~09 - Phoenix (2)}
phoenix2036.jpg,139869,5c93a0f1,\Gallery 60\09 - Phoenix (2)\,{Shemale Yum Dvd03~G60~09-2~09 - Phoenix (2)}
phoenix2037.jpg,144195,817f561a,\Gallery 60\09 - Phoenix (2)\,{Shemale Yum Dvd03~G60~09-2~09 - Phoenix (2)}
phoenix2038.jpg,129294,c7110cbb,\Gallery 60\09 - Phoenix (2)\,{Shemale Yum Dvd03~G60~09-2~09 - Phoenix (2)}
phoenix2039.jpg,146611,28380b9d,\Gallery 60\09 - Phoenix (2)\,{Shemale Yum Dvd03~G60~09-2~09 - Phoenix (2)}
phoenix2040.jpg,146991,c3539d50,\Gallery 60\09 - Phoenix (2)\,{Shemale Yum Dvd03~G60~09-2~09 - Phoenix (2)}
phoenix2041.jpg,144642,a2215b91,\Gallery 60\09 - Phoenix (2)\,{Shemale Yum Dvd03~G60~09-2~09 - Phoenix (2)}
phoenix2042.jpg,148553,e1da3ead,\Gallery 60\09 - Phoenix (2)\,{Shemale Yum Dvd03~G60~09-2~09 - Phoenix (2)}
phoenix2043.jpg,132385,259f1cae,\Gallery 60\09 - Phoenix (2)\,{Shemale Yum Dvd03~G60~09-2~09 - Phoenix (2)}
phoenix2044.jpg,135681,ec44a492,\Gallery 60\09 - Phoenix (2)\,{Shemale Yum Dvd03~G60~09-2~09 - Phoenix (2)}
phoenix2045.jpg,154192,fac44cbc,\Gallery 60\09 - Phoenix (2)\,{Shemale Yum Dvd03~G60~09-2~09 - Phoenix (2)}
phoenix2046.jpg,145215,32c03bfc,\Gallery 60\09 - Phoenix (2)\,{Shemale Yum Dvd03~G60~09-2~09 - Phoenix (2)}
phoenix2047.jpg,139149,9d1e01c0,\Gallery 60\09 - Phoenix (2)\,{Shemale Yum Dvd03~G60~09-2~09 - Phoenix (2)}
phoenix2048.jpg,125940,bdfe6cc6,\Gallery 60\09 - Phoenix (2)\,{Shemale Yum Dvd03~G60~09-2~09 - Phoenix (2)}
phoenix2049.jpg,146381,87e0cfda,\Gallery 60\09 - Phoenix (2)\,{Shemale Yum Dvd03~G60~09-2~09 - Phoenix (2)}
phoenix2050.jpg,165310,f1b2767b,\Gallery 60\09 - Phoenix (2)\,{Shemale Yum Dvd03~G60~09-2~09 - Phoenix (2)}
phoenix2051.jpg,150102,237d8dce,\Gallery 60\09 - Phoenix (2)\,{Shemale Yum Dvd03~G60~09-2~09 - Phoenix (2)}
phoenix2052.jpg,125989,0f1e4bf1,\Gallery 60\09 - Phoenix (2)\,{Shemale Yum Dvd03~G60~09-2~09 - Phoenix (2)}
phoenix2053.jpg,154268,55d8dda8,\Gallery 60\09 - Phoenix (2)\,{Shemale Yum Dvd03~G60~09-2~09 - Phoenix (2)}
phoenix2054.jpg,161854,0776176f,\Gallery 60\09 - Phoenix (2)\,{Shemale Yum Dvd03~G60~09-2~09 - Phoenix (2)}
phoenix2055.jpg,142506,f218e50f,\Gallery 60\09 - Phoenix (2)\,{Shemale Yum Dvd03~G60~09-2~09 - Phoenix (2)}
phoenix2056.jpg,143338,8637342b,\Gallery 60\09 - Phoenix (2)\,{Shemale Yum Dvd03~G60~09-2~09 - Phoenix (2)}
phoenix2057.jpg,135546,222ee3aa,\Gallery 60\09 - Phoenix (2)\,{Shemale Yum Dvd03~G60~09-2~09 - Phoenix (2)}
phoenix2058.jpg,127502,69d57afc,\Gallery 60\09 - Phoenix (2)\,{Shemale Yum Dvd03~G60~09-2~09 - Phoenix (2)}
phoenix2059.jpg,131699,e536a6ee,\Gallery 60\09 - Phoenix (2)\,{Shemale Yum Dvd03~G60~09-2~09 - Phoenix (2)}
phoenix2060.jpg,162525,7dc8195a,\Gallery 60\09 - Phoenix (2)\,{Shemale Yum Dvd03~G60~09-2~09 - Phoenix (2)}
phoenix2061.jpg,135602,95d971c7,\Gallery 60\09 - Phoenix (2)\,{Shemale Yum Dvd03~G60~09-2~09 - Phoenix (2)}
phoenix2062.jpg,175434,b85a95cd,\Gallery 60\09 - Phoenix (2)\,{Shemale Yum Dvd03~G60~09-2~09 - Phoenix (2)}
phoenix2063.jpg,138521,c8a6df57,\Gallery 60\09 - Phoenix (2)\,{Shemale Yum Dvd03~G60~09-2~09 - Phoenix (2)}
phoenix2065.jpg,146799,d667cae5,\Gallery 60\09 - Phoenix (2)\,{Shemale Yum Dvd03~G60~09-2~09 - Phoenix (2)}
phoenix2066.jpg,134844,52038704,\Gallery 60\09 - Phoenix (2)\,{Shemale Yum Dvd03~G60~09-2~09 - Phoenix (2)}
phoenix2067.jpg,132677,86e38f81,\Gallery 60\09 - Phoenix (2)\,{Shemale Yum Dvd03~G60~09-2~09 - Phoenix (2)}
phoenix2068.jpg,121742,5baf7921,\Gallery 60\09 - Phoenix (2)\,{Shemale Yum Dvd03~G60~09-2~09 - Phoenix (2)}
phoenix2069.jpg,149059,2ad640c2,\Gallery 60\09 - Phoenix (2)\,{Shemale Yum Dvd03~G60~09-2~09 - Phoenix (2)}
phoenix2070.jpg,150799,2f6c75bc,\Gallery 60\09 - Phoenix (2)\,{Shemale Yum Dvd03~G60~09-2~09 - Phoenix (2)}
phoenix2071.jpg,154565,73c2421a,\Gallery 60\09 - Phoenix (2)\,{Shemale Yum Dvd03~G60~09-2~09 - Phoenix (2)}
phoenix2072.jpg,142863,cc2b5523,\Gallery 60\09 - Phoenix (2)\,{Shemale Yum Dvd03~G60~09-2~09 - Phoenix (2)}
phoenix2073.jpg,150787,8af1e67e,\Gallery 60\09 - Phoenix (2)\,{Shemale Yum Dvd03~G60~09-2~09 - Phoenix (2)}
phoenix2074.jpg,153927,56b2b36c,\Gallery 60\09 - Phoenix (2)\,{Shemale Yum Dvd03~G60~09-2~09 - Phoenix (2)}
phoenix2075.jpg,192416,e3be1598,\Gallery 60\09 - Phoenix (2)\,{Shemale Yum Dvd03~G60~09-2~09 - Phoenix (2)}
phoenix2076.jpg,146901,6567b6dc,\Gallery 60\09 - Phoenix (2)\,{Shemale Yum Dvd03~G60~09-2~09 - Phoenix (2)}
phoenix2077.jpg,103312,2d6f7774,\Gallery 60\09 - Phoenix (2)\,{Shemale Yum Dvd03~G60~09-2~09 - Phoenix (2)}
phoenix2078.jpg,159583,c7414736,\Gallery 60\09 - Phoenix (2)\,{Shemale Yum Dvd03~G60~09-2~09 - Phoenix (2)}
phoenix2079.jpg,161140,36235ea5,\Gallery 60\09 - Phoenix (2)\,{Shemale Yum Dvd03~G60~09-2~09 - Phoenix (2)}
phoenix2080.jpg,109704,5f330612,\Gallery 60\09 - Phoenix (2)\,{Shemale Yum Dvd03~G60~09-2~09 - Phoenix (2)}
phoenix2081.jpg,187902,d2e79474,\Gallery 60\09 - Phoenix (2)\,{Shemale Yum Dvd03~G60~09-2~09 - Phoenix (2)}
phoenix2082.jpg,148474,31e7bb03,\Gallery 60\09 - Phoenix (2)\,{Shemale Yum Dvd03~G60~09-2~09 - Phoenix (2)}
phoenix2083.jpg,152479,d29151a5,\Gallery 60\09 - Phoenix (2)\,{Shemale Yum Dvd03~G60~09-2~09 - Phoenix (2)}
phoenix2084.jpg,153386,2bacb5a4,\Gallery 60\09 - Phoenix (2)\,{Shemale Yum Dvd03~G60~09-2~09 - Phoenix (2)}
phoenix2085.jpg,154964,86693e7e,\Gallery 60\09 - Phoenix (2)\,{Shemale Yum Dvd03~G60~09-2~09 - Phoenix (2)}
phoenix2086.jpg,146225,528f8f10,\Gallery 60\09 - Phoenix (2)\,{Shemale Yum Dvd03~G60~09-2~09 - Phoenix (2)}
phoenix2087.jpg,171945,3efe589c,\Gallery 60\09 - Phoenix (2)\,{Shemale Yum Dvd03~G60~09-2~09 - Phoenix (2)}
phoenix2088.jpg,142351,336383e1,\Gallery 60\09 - Phoenix (2)\,{Shemale Yum Dvd03~G60~09-2~09 - Phoenix (2)}
phoenix2089.jpg,148575,94f50452,\Gallery 60\09 - Phoenix (2)\,{Shemale Yum Dvd03~G60~09-2~09 - Phoenix (2)}
phoenix2090.jpg,150719,741a414a,\Gallery 60\09 - Phoenix (2)\,{Shemale Yum Dvd03~G60~09-2~09 - Phoenix (2)}
phoenix2091.jpg,177141,8149e6f1,\Gallery 60\09 - Phoenix (2)\,{Shemale Yum Dvd03~G60~09-2~09 - Phoenix (2)}
phoenix2092.jpg,154184,c35ed819,\Gallery 60\09 - Phoenix (2)\,{Shemale Yum Dvd03~G60~09-2~09 - Phoenix (2)}
phoenix2093.jpg,144315,28eb0109,\Gallery 60\09 - Phoenix (2)\,{Shemale Yum Dvd03~G60~09-2~09 - Phoenix (2)}
phoenix2094.jpg,105334,0048c6c7,\Gallery 60\09 - Phoenix (2)\,{Shemale Yum Dvd03~G60~09-2~09 - Phoenix (2)}
phoenix2095.jpg,144234,33e71412,\Gallery 60\09 - Phoenix (2)\,{Shemale Yum Dvd03~G60~09-2~09 - Phoenix (2)}
phoenix2096.jpg,134884,2cf2ad41,\Gallery 60\09 - Phoenix (2)\,{Shemale Yum Dvd03~G60~09-2~09 - Phoenix (2)}
phoenix2097.jpg,131915,240f70af,\Gallery 60\09 - Phoenix (2)\,{Shemale Yum Dvd03~G60~09-2~09 - Phoenix (2)}
phoenix2098.jpg,146736,3fafbf04,\Gallery 60\09 - Phoenix (2)\,{Shemale Yum Dvd03~G60~09-2~09 - Phoenix (2)}
phoenix2099.jpg,131131,4c6eef74,\Gallery 60\09 - Phoenix (2)\,{Shemale Yum Dvd03~G60~09-2~09 - Phoenix (2)}
phoenix2100.jpg,141399,cc7b60eb,\Gallery 60\09 - Phoenix (2)\,{Shemale Yum Dvd03~G60~09-2~09 - Phoenix (2)}
phoenix2101.jpg,137214,9b678ac2,\Gallery 60\09 - Phoenix (2)\,{Shemale Yum Dvd03~G60~09-2~09 - Phoenix (2)}
phoenix2102.jpg,140883,e7ed4d5c,\Gallery 60\09 - Phoenix (2)\,{Shemale Yum Dvd03~G60~09-2~09 - Phoenix (2)}
phoenix2103.jpg,128042,0a6d3c7b,\Gallery 60\09 - Phoenix (2)\,{Shemale Yum Dvd03~G60~09-2~09 - Phoenix (2)}
phoenix2104.jpg,104496,9c1698b9,\Gallery 60\09 - Phoenix (2)\,{Shemale Yum Dvd03~G60~09-2~09 - Phoenix (2)}
phoenix2105.jpg,173264,badb048e,\Gallery 60\09 - Phoenix (2)\,{Shemale Yum Dvd03~G60~09-2~09 - Phoenix (2)}
phoenix2106.jpg,135175,cff57cce,\Gallery 60\09 - Phoenix (2)\,{Shemale Yum Dvd03~G60~09-2~09 - Phoenix (2)}
phoenix2107.jpg,137705,55e6355a,\Gallery 60\09 - Phoenix (2)\,{Shemale Yum Dvd03~G60~09-2~09 - Phoenix (2)}
phoenix2108.jpg,135033,722332c5,\Gallery 60\09 - Phoenix (2)\,{Shemale Yum Dvd03~G60~09-2~09 - Phoenix (2)}
phoenix2109.jpg,116198,7b3a0853,\Gallery 60\09 - Phoenix (2)\,{Shemale Yum Dvd03~G60~09-2~09 - Phoenix (2)}
phoenix2110.jpg,130287,6e5fc36a,\Gallery 60\09 - Phoenix (2)\,{Shemale Yum Dvd03~G60~09-2~09 - Phoenix (2)}
phoenix2111.jpg,133963,f3fac934,\Gallery 60\09 - Phoenix (2)\,{Shemale Yum Dvd03~G60~09-2~09 - Phoenix (2)}
phoenix2113.jpg,137975,3f08d087,\Gallery 60\09 - Phoenix (2)\,{Shemale Yum Dvd03~G60~09-2~09 - Phoenix (2)}
phoenix2114.jpg,130203,49465193,\Gallery 60\09 - Phoenix (2)\,{Shemale Yum Dvd03~G60~09-2~09 - Phoenix (2)}
phoenix2115.jpg,143609,fa7c7f9e,\Gallery 60\09 - Phoenix (2)\,{Shemale Yum Dvd03~G60~09-2~09 - Phoenix (2)}
phoenix2116.jpg,154515,7f17eb26,\Gallery 60\09 - Phoenix (2)\,{Shemale Yum Dvd03~G60~09-2~09 - Phoenix (2)}
phoenix2117.jpg,148180,d98695a4,\Gallery 60\09 - Phoenix (2)\,{Shemale Yum Dvd03~G60~09-2~09 - Phoenix (2)}
phoenix2118.jpg,147826,a13be943,\Gallery 60\09 - Phoenix (2)\,{Shemale Yum Dvd03~G60~09-2~09 - Phoenix (2)}
phoenix2119.jpg,179446,09f32ba9,\Gallery 60\09 - Phoenix (2)\,{Shemale Yum Dvd03~G60~09-2~09 - Phoenix (2)}
phoenix2120.jpg,140043,b7f4a524,\Gallery 60\09 - Phoenix (2)\,{Shemale Yum Dvd03~G60~09-2~09 - Phoenix (2)}
phoenix2121.jpg,146187,97f99694,\Gallery 60\09 - Phoenix (2)\,{Shemale Yum Dvd03~G60~09-2~09 - Phoenix (2)}
phoenix2122.jpg,140433,d9a58d0a,\Gallery 60\09 - Phoenix (2)\,{Shemale Yum Dvd03~G60~09-2~09 - Phoenix (2)}
phoenix2123.jpg,148676,8f2564a4,\Gallery 60\09 - Phoenix (2)\,{Shemale Yum Dvd03~G60~09-2~09 - Phoenix (2)}
sassy1001.jpg,130590,e5cc381c,\Gallery 60\10 - Sassy\,{Shemale Yum Dvd03~G60~10~10 - Sassy}
sassy1002.jpg,138797,847bb62c,\Gallery 60\10 - Sassy\,{Shemale Yum Dvd03~G60~10~10 - Sassy}
sassy1003.jpg,118477,79c7fef4,\Gallery 60\10 - Sassy\,{Shemale Yum Dvd03~G60~10~10 - Sassy}
sassy1004.jpg,113020,609abb15,\Gallery 60\10 - Sassy\,{Shemale Yum Dvd03~G60~10~10 - Sassy}
sassy1005.jpg,149770,e0ef665c,\Gallery 60\10 - Sassy\,{Shemale Yum Dvd03~G60~10~10 - Sassy}
sassy1006.jpg,156684,da7b0555,\Gallery 60\10 - Sassy\,{Shemale Yum Dvd03~G60~10~10 - Sassy}
sassy1007.jpg,180690,3a0d4e2f,\Gallery 60\10 - Sassy\,{Shemale Yum Dvd03~G60~10~10 - Sassy}
sassy1008.jpg,160687,da12d354,\Gallery 60\10 - Sassy\,{Shemale Yum Dvd03~G60~10~10 - Sassy}
sassy1009.jpg,159203,dcc1e0f7,\Gallery 60\10 - Sassy\,{Shemale Yum Dvd03~G60~10~10 - Sassy}
sassy1010.jpg,198332,cdcdb23e,\Gallery 60\10 - Sassy\,{Shemale Yum Dvd03~G60~10~10 - Sassy}
sassy1011.jpg,135763,6c6b1913,\Gallery 60\10 - Sassy\,{Shemale Yum Dvd03~G60~10~10 - Sassy}
sassy1012.jpg,124291,ca488b1f,\Gallery 60\10 - Sassy\,{Shemale Yum Dvd03~G60~10~10 - Sassy}
sassy1013.jpg,178588,0c1aa6b8,\Gallery 60\10 - Sassy\,{Shemale Yum Dvd03~G60~10~10 - Sassy}
sassy1014.jpg,183301,499a6899,\Gallery 60\10 - Sassy\,{Shemale Yum Dvd03~G60~10~10 - Sassy}
sassy1015.jpg,165100,6c222cf6,\Gallery 60\10 - Sassy\,{Shemale Yum Dvd03~G60~10~10 - Sassy}
sassy1016.jpg,182298,bfec4321,\Gallery 60\10 - Sassy\,{Shemale Yum Dvd03~G60~10~10 - Sassy}
sassy1017.jpg,165570,70122a81,\Gallery 60\10 - Sassy\,{Shemale Yum Dvd03~G60~10~10 - Sassy}
sassy1018.jpg,165550,3efefb6e,\Gallery 60\10 - Sassy\,{Shemale Yum Dvd03~G60~10~10 - Sassy}
sassy1019.jpg,172593,78183ead,\Gallery 60\10 - Sassy\,{Shemale Yum Dvd03~G60~10~10 - Sassy}
sassy1020.jpg,183478,c7d0e718,\Gallery 60\10 - Sassy\,{Shemale Yum Dvd03~G60~10~10 - Sassy}
sassy1021.jpg,188074,3618bec5,\Gallery 60\10 - Sassy\,{Shemale Yum Dvd03~G60~10~10 - Sassy}
sassy1022.jpg,181801,5764876a,\Gallery 60\10 - Sassy\,{Shemale Yum Dvd03~G60~10~10 - Sassy}
sassy1023.jpg,161441,3e96e477,\Gallery 60\10 - Sassy\,{Shemale Yum Dvd03~G60~10~10 - Sassy}
sassy1024.jpg,173999,e86f9cda,\Gallery 60\10 - Sassy\,{Shemale Yum Dvd03~G60~10~10 - Sassy}
sassy1025.jpg,170477,3f54185d,\Gallery 60\10 - Sassy\,{Shemale Yum Dvd03~G60~10~10 - Sassy}
sassy1026.jpg,175765,5fdfc47a,\Gallery 60\10 - Sassy\,{Shemale Yum Dvd03~G60~10~10 - Sassy}
sassy1027.jpg,175788,9f800037,\Gallery 60\10 - Sassy\,{Shemale Yum Dvd03~G60~10~10 - Sassy}
sassy1028.jpg,176627,dcf6be86,\Gallery 60\10 - Sassy\,{Shemale Yum Dvd03~G60~10~10 - Sassy}
sassy1029.jpg,201969,f7459698,\Gallery 60\10 - Sassy\,{Shemale Yum Dvd03~G60~10~10 - Sassy}
sassy1030.jpg,203402,1aea96b5,\Gallery 60\10 - Sassy\,{Shemale Yum Dvd03~G60~10~10 - Sassy}
sassy1031.jpg,181542,8b1d9275,\Gallery 60\10 - Sassy\,{Shemale Yum Dvd03~G60~10~10 - Sassy}
sassy1032.jpg,182105,27b99fa8,\Gallery 60\10 - Sassy\,{Shemale Yum Dvd03~G60~10~10 - Sassy}
sassy1033.jpg,180495,9a40eb64,\Gallery 60\10 - Sassy\,{Shemale Yum Dvd03~G60~10~10 - Sassy}
sassy1034.jpg,152656,711df78a,\Gallery 60\10 - Sassy\,{Shemale Yum Dvd03~G60~10~10 - Sassy}
sassy1035.jpg,214757,79ed5ac7,\Gallery 60\10 - Sassy\,{Shemale Yum Dvd03~G60~10~10 - Sassy}
sassy1036.jpg,185166,455f69b0,\Gallery 60\10 - Sassy\,{Shemale Yum Dvd03~G60~10~10 - Sassy}
sassy1037.jpg,185601,482fe270,\Gallery 60\10 - Sassy\,{Shemale Yum Dvd03~G60~10~10 - Sassy}
sassy1038.jpg,185046,963c2d69,\Gallery 60\10 - Sassy\,{Shemale Yum Dvd03~G60~10~10 - Sassy}
sassy1039.jpg,161864,95d36c97,\Gallery 60\10 - Sassy\,{Shemale Yum Dvd03~G60~10~10 - Sassy}
sassy1040.jpg,177652,b9492fe7,\Gallery 60\10 - Sassy\,{Shemale Yum Dvd03~G60~10~10 - Sassy}
sassy1041.jpg,167564,1919048b,\Gallery 60\10 - Sassy\,{Shemale Yum Dvd03~G60~10~10 - Sassy}
sassy1042.jpg,171176,7b32ecca,\Gallery 60\10 - Sassy\,{Shemale Yum Dvd03~G60~10~10 - Sassy}
sassy1043.jpg,180204,900880da,\Gallery 60\10 - Sassy\,{Shemale Yum Dvd03~G60~10~10 - Sassy}
sassy1044.jpg,172609,5add7e43,\Gallery 60\10 - Sassy\,{Shemale Yum Dvd03~G60~10~10 - Sassy}
sassy1045.jpg,185854,333f4aa9,\Gallery 60\10 - Sassy\,{Shemale Yum Dvd03~G60~10~10 - Sassy}
sassy1046.jpg,172642,8451f004,\Gallery 60\10 - Sassy\,{Shemale Yum Dvd03~G60~10~10 - Sassy}
sassy1047.jpg,177753,c55a8c4b,\Gallery 60\10 - Sassy\,{Shemale Yum Dvd03~G60~10~10 - Sassy}
sassy1048.jpg,196263,c9d67fd9,\Gallery 60\10 - Sassy\,{Shemale Yum Dvd03~G60~10~10 - Sassy}
sassy1049.jpg,222202,661c45c9,\Gallery 60\10 - Sassy\,{Shemale Yum Dvd03~G60~10~10 - Sassy}
sassy1050.jpg,197964,8c5ca595,\Gallery 60\10 - Sassy\,{Shemale Yum Dvd03~G60~10~10 - Sassy}
sassy1051.jpg,180650,6915abf1,\Gallery 60\10 - Sassy\,{Shemale Yum Dvd03~G60~10~10 - Sassy}
sassy1052.jpg,171729,9a1c3b28,\Gallery 60\10 - Sassy\,{Shemale Yum Dvd03~G60~10~10 - Sassy}
sassy1053.jpg,126667,f923b93b,\Gallery 60\10 - Sassy\,{Shemale Yum Dvd03~G60~10~10 - Sassy}
sassy1054.jpg,119619,54d7a8d8,\Gallery 60\10 - Sassy\,{Shemale Yum Dvd03~G60~10~10 - Sassy}
sassy1055.jpg,161328,f01506e4,\Gallery 60\10 - Sassy\,{Shemale Yum Dvd03~G60~10~10 - Sassy}
sassy1056.jpg,173783,03c7a763,\Gallery 60\10 - Sassy\,{Shemale Yum Dvd03~G60~10~10 - Sassy}
sassy1057.jpg,176261,ebb3b81e,\Gallery 60\10 - Sassy\,{Shemale Yum Dvd03~G60~10~10 - Sassy}
sassy1058.jpg,188040,c3de7f3a,\Gallery 60\10 - Sassy\,{Shemale Yum Dvd03~G60~10~10 - Sassy}
sassy1059.jpg,178021,2011d0d7,\Gallery 60\10 - Sassy\,{Shemale Yum Dvd03~G60~10~10 - Sassy}
sassy1060.jpg,166228,ab3816fe,\Gallery 60\10 - Sassy\,{Shemale Yum Dvd03~G60~10~10 - Sassy}
sassy1061.jpg,201233,bc05e618,\Gallery 60\10 - Sassy\,{Shemale Yum Dvd03~G60~10~10 - Sassy}
sassy1062.jpg,199200,b4c4be2a,\Gallery 60\10 - Sassy\,{Shemale Yum Dvd03~G60~10~10 - Sassy}
sassy1063.jpg,176598,eed483ee,\Gallery 60\10 - Sassy\,{Shemale Yum Dvd03~G60~10~10 - Sassy}
sassy1064.jpg,197018,57599fab,\Gallery 60\10 - Sassy\,{Shemale Yum Dvd03~G60~10~10 - Sassy}
sassy1065.jpg,179592,583f2652,\Gallery 60\10 - Sassy\,{Shemale Yum Dvd03~G60~10~10 - Sassy}
sassy1066.jpg,186261,4a2c87d7,\Gallery 60\10 - Sassy\,{Shemale Yum Dvd03~G60~10~10 - Sassy}
sassy1067.jpg,186623,c3224091,\Gallery 60\10 - Sassy\,{Shemale Yum Dvd03~G60~10~10 - Sassy}
sassy1068.jpg,200621,c469d720,\Gallery 60\10 - Sassy\,{Shemale Yum Dvd03~G60~10~10 - Sassy}
sassy1069.jpg,173414,94fbfda3,\Gallery 60\10 - Sassy\,{Shemale Yum Dvd03~G60~10~10 - Sassy}
sassy1070.jpg,184777,0c60e2b9,\Gallery 60\10 - Sassy\,{Shemale Yum Dvd03~G60~10~10 - Sassy}
sassy1071.jpg,184535,bc55bb8e,\Gallery 60\10 - Sassy\,{Shemale Yum Dvd03~G60~10~10 - Sassy}
sassy1072.jpg,208990,0255bc8b,\Gallery 60\10 - Sassy\,{Shemale Yum Dvd03~G60~10~10 - Sassy}
sassy1073.jpg,151723,432a9fa6,\Gallery 60\10 - Sassy\,{Shemale Yum Dvd03~G60~10~10 - Sassy}
sassy1074.jpg,170483,469ca50c,\Gallery 60\10 - Sassy\,{Shemale Yum Dvd03~G60~10~10 - Sassy}
sassy1075.jpg,175088,54ea3885,\Gallery 60\10 - Sassy\,{Shemale Yum Dvd03~G60~10~10 - Sassy}
sassy1076.jpg,179273,097800c7,\Gallery 60\10 - Sassy\,{Shemale Yum Dvd03~G60~10~10 - Sassy}
sassy1077.jpg,222388,d32cdac6,\Gallery 60\10 - Sassy\,{Shemale Yum Dvd03~G60~10~10 - Sassy}
sassy1078.jpg,205140,0d57599a,\Gallery 60\10 - Sassy\,{Shemale Yum Dvd03~G60~10~10 - Sassy}
sassy1079.jpg,188443,81b8a2a6,\Gallery 60\10 - Sassy\,{Shemale Yum Dvd03~G60~10~10 - Sassy}
sassy1080.jpg,163733,e490821d,\Gallery 60\10 - Sassy\,{Shemale Yum Dvd03~G60~10~10 - Sassy}
sassy1081.jpg,165978,d2749e77,\Gallery 60\10 - Sassy\,{Shemale Yum Dvd03~G60~10~10 - Sassy}
sassy1082.jpg,206631,7f1cadc0,\Gallery 60\10 - Sassy\,{Shemale Yum Dvd03~G60~10~10 - Sassy}
sassy1083.jpg,218093,0c73ca9e,\Gallery 60\10 - Sassy\,{Shemale Yum Dvd03~G60~10~10 - Sassy}
sassy1084.jpg,179476,bb51a992,\Gallery 60\10 - Sassy\,{Shemale Yum Dvd03~G60~10~10 - Sassy}
sassy1085.jpg,131325,1361f7c2,\Gallery 60\10 - Sassy\,{Shemale Yum Dvd03~G60~10~10 - Sassy}
sassy1086.jpg,174829,9b40558f,\Gallery 60\10 - Sassy\,{Shemale Yum Dvd03~G60~10~10 - Sassy}
sassy1087.jpg,168139,0a2f72a7,\Gallery 60\10 - Sassy\,{Shemale Yum Dvd03~G60~10~10 - Sassy}
sassy1088.jpg,142036,7a954941,\Gallery 60\10 - Sassy\,{Shemale Yum Dvd03~G60~10~10 - Sassy}
sassy1089.jpg,133662,2713f66e,\Gallery 60\10 - Sassy\,{Shemale Yum Dvd03~G60~10~10 - Sassy}
sassy1090.jpg,140997,7f4c9eea,\Gallery 60\10 - Sassy\,{Shemale Yum Dvd03~G60~10~10 - Sassy}
sassy1091.jpg,173259,ffd7c778,\Gallery 60\10 - Sassy\,{Shemale Yum Dvd03~G60~10~10 - Sassy}
sassy1092.jpg,204112,1f81fa34,\Gallery 60\10 - Sassy\,{Shemale Yum Dvd03~G60~10~10 - Sassy}
sassy1093.jpg,242364,6af29150,\Gallery 60\10 - Sassy\,{Shemale Yum Dvd03~G60~10~10 - Sassy}
sassy1094.jpg,180932,43734fa4,\Gallery 60\10 - Sassy\,{Shemale Yum Dvd03~G60~10~10 - Sassy}
sassy1095.jpg,195802,e3877a5f,\Gallery 60\10 - Sassy\,{Shemale Yum Dvd03~G60~10~10 - Sassy}
sassy1096.jpg,242714,4db14f51,\Gallery 60\10 - Sassy\,{Shemale Yum Dvd03~G60~10~10 - Sassy}
sassy1097.jpg,190609,5fc58d07,\Gallery 60\10 - Sassy\,{Shemale Yum Dvd03~G60~10~10 - Sassy}
sassy1098.jpg,233449,95c4bb48,\Gallery 60\10 - Sassy\,{Shemale Yum Dvd03~G60~10~10 - Sassy}
sassy1099.jpg,205781,87d2615e,\Gallery 60\10 - Sassy\,{Shemale Yum Dvd03~G60~10~10 - Sassy}
sassy1100.jpg,214569,e83ad069,\Gallery 60\10 - Sassy\,{Shemale Yum Dvd03~G60~10~10 - Sassy}
sassy1101.jpg,192129,6d0f5e11,\Gallery 60\10 - Sassy\,{Shemale Yum Dvd03~G60~10~10 - Sassy}
sassy1103.jpg,176100,84009e66,\Gallery 60\10 - Sassy\,{Shemale Yum Dvd03~G60~10~10 - Sassy}
sassy1104.jpg,190400,8a23cd97,\Gallery 60\10 - Sassy\,{Shemale Yum Dvd03~G60~10~10 - Sassy}
sassy1105.jpg,197087,ecd944f7,\Gallery 60\10 - Sassy\,{Shemale Yum Dvd03~G60~10~10 - Sassy}
sassy1106.jpg,177609,e80975b5,\Gallery 60\10 - Sassy\,{Shemale Yum Dvd03~G60~10~10 - Sassy}
sassy1107.jpg,171614,f31b8193,\Gallery 60\10 - Sassy\,{Shemale Yum Dvd03~G60~10~10 - Sassy}
sassy1108.jpg,199858,624f7c58,\Gallery 60\10 - Sassy\,{Shemale Yum Dvd03~G60~10~10 - Sassy}
sassy1109.jpg,184327,1023283f,\Gallery 60\10 - Sassy\,{Shemale Yum Dvd03~G60~10~10 - Sassy}
sassy1110.jpg,201030,1edc222e,\Gallery 60\10 - Sassy\,{Shemale Yum Dvd03~G60~10~10 - Sassy}
sassy1111.jpg,148121,86698d41,\Gallery 60\10 - Sassy\,{Shemale Yum Dvd03~G60~10~10 - Sassy}
sassy1112.jpg,138397,8f49c4c8,\Gallery 60\10 - Sassy\,{Shemale Yum Dvd03~G60~10~10 - Sassy}
sassy1113.jpg,138456,691de9c8,\Gallery 60\10 - Sassy\,{Shemale Yum Dvd03~G60~10~10 - Sassy}
toni001.jpg,79956,fe55be2b,\Gallery27\01 - Toni\Set 01 - 2001-02-03\,{Shemale Yum Dvd03~G27~1~Toni - Set 01}
toni002.jpg,83659,cc4064e2,\Gallery27\01 - Toni\Set 01 - 2001-02-03\,{Shemale Yum Dvd03~G27~1~Toni - Set 01}
toni003.jpg,96665,8dd9885d,\Gallery27\01 - Toni\Set 01 - 2001-02-03\,{Shemale Yum Dvd03~G27~1~Toni - Set 01}
toni004.jpg,81543,8c31c89a,\Gallery27\01 - Toni\Set 01 - 2001-02-03\,{Shemale Yum Dvd03~G27~1~Toni - Set 01}
toni005.jpg,72889,cb713397,\Gallery27\01 - Toni\Set 01 - 2001-02-03\,{Shemale Yum Dvd03~G27~1~Toni - Set 01}
toni006.jpg,86335,50e9d172,\Gallery27\01 - Toni\Set 01 - 2001-02-03\,{Shemale Yum Dvd03~G27~1~Toni - Set 01}
toni007.jpg,97182,6a3e6f00,\Gallery27\01 - Toni\Set 01 - 2001-02-03\,{Shemale Yum Dvd03~G27~1~Toni - Set 01}
toni008.jpg,77221,7c12c54a,\Gallery27\01 - Toni\Set 01 - 2001-02-03\,{Shemale Yum Dvd03~G27~1~Toni - Set 01}
toni009.jpg,85471,9a566488,\Gallery27\01 - Toni\Set 01 - 2001-02-03\,{Shemale Yum Dvd03~G27~1~Toni - Set 01}
toni010.jpg,79243,b0d5631e,\Gallery27\01 - Toni\Set 01 - 2001-02-03\,{Shemale Yum Dvd03~G27~1~Toni - Set 01}
toni011.jpg,82449,ec04af36,\Gallery27\01 - Toni\Set 01 - 2001-02-03\,{Shemale Yum Dvd03~G27~1~Toni - Set 01}
toni012.jpg,101744,1477f3d0,\Gallery27\01 - Toni\Set 01 - 2001-02-03\,{Shemale Yum Dvd03~G27~1~Toni - Set 01}
toni013.jpg,94068,a9f259a3,\Gallery27\01 - Toni\Set 01 - 2001-02-03\,{Shemale Yum Dvd03~G27~1~Toni - Set 01}
toni014.jpg,126233,af5753eb,\Gallery27\01 - Toni\Set 01 - 2001-02-03\,{Shemale Yum Dvd03~G27~1~Toni - Set 01}
toni015.jpg,130874,314443cd,\Gallery27\01 - Toni\Set 01 - 2001-02-03\,{Shemale Yum Dvd03~G27~1~Toni - Set 01}
toni016.jpg,136982,0230222e,\Gallery27\01 - Toni\Set 01 - 2001-02-03\,{Shemale Yum Dvd03~G27~1~Toni - Set 01}
toni017.jpg,137845,54c15d34,\Gallery27\01 - Toni\Set 01 - 2001-02-03\,{Shemale Yum Dvd03~G27~1~Toni - Set 01}
toni018.jpg,106665,6ced1071,\Gallery27\01 - Toni\Set 01 - 2001-02-03\,{Shemale Yum Dvd03~G27~1~Toni - Set 01}
toni019.jpg,98569,8307559b,\Gallery27\01 - Toni\Set 01 - 2001-02-03\,{Shemale Yum Dvd03~G27~1~Toni - Set 01}
toni020.jpg,90415,da1191e6,\Gallery27\01 - Toni\Set 01 - 2001-02-03\,{Shemale Yum Dvd03~G27~1~Toni - Set 01}
toni021.jpg,100545,d76a85f8,\Gallery27\01 - Toni\Set 01 - 2001-02-03\,{Shemale Yum Dvd03~G27~1~Toni - Set 01}
toni022.jpg,136401,763e166c,\Gallery27\01 - Toni\Set 01 - 2001-02-03\,{Shemale Yum Dvd03~G27~1~Toni - Set 01}
toni023.jpg,127683,7e103ac7,\Gallery27\01 - Toni\Set 01 - 2001-02-03\,{Shemale Yum Dvd03~G27~1~Toni - Set 01}
toni024.jpg,123633,2b6160f6,\Gallery27\01 - Toni\Set 01 - 2001-02-03\,{Shemale Yum Dvd03~G27~1~Toni - Set 01}
toni025.jpg,126076,496d4fed,\Gallery27\01 - Toni\Set 01 - 2001-02-03\,{Shemale Yum Dvd03~G27~1~Toni - Set 01}
toni026.jpg,139109,ddc9c5d7,\Gallery27\01 - Toni\Set 01 - 2001-02-03\,{Shemale Yum Dvd03~G27~1~Toni - Set 01}
toni027.jpg,116739,e676c64f,\Gallery27\01 - Toni\Set 01 - 2001-02-03\,{Shemale Yum Dvd03~G27~1~Toni - Set 01}
toni028.jpg,134290,7092f962,\Gallery27\01 - Toni\Set 01 - 2001-02-03\,{Shemale Yum Dvd03~G27~1~Toni - Set 01}
toni029.jpg,138364,f126dbfb,\Gallery27\01 - Toni\Set 01 - 2001-02-03\,{Shemale Yum Dvd03~G27~1~Toni - Set 01}
toni030.jpg,124619,14683d7b,\Gallery27\01 - Toni\Set 01 - 2001-02-03\,{Shemale Yum Dvd03~G27~1~Toni - Set 01}
toni031.jpg,124848,a69bd093,\Gallery27\01 - Toni\Set 01 - 2001-02-03\,{Shemale Yum Dvd03~G27~1~Toni - Set 01}
toni032.jpg,125238,6c54faa3,\Gallery27\01 - Toni\Set 01 - 2001-02-03\,{Shemale Yum Dvd03~G27~1~Toni - Set 01}
toni033.jpg,118842,1d313f9d,\Gallery27\01 - Toni\Set 01 - 2001-02-03\,{Shemale Yum Dvd03~G27~1~Toni - Set 01}
toni034.jpg,124301,c3f17b8b,\Gallery27\01 - Toni\Set 01 - 2001-02-03\,{Shemale Yum Dvd03~G27~1~Toni - Set 01}
toni035.jpg,125013,2f466035,\Gallery27\01 - Toni\Set 01 - 2001-02-03\,{Shemale Yum Dvd03~G27~1~Toni - Set 01}
toni036.jpg,127104,0218748e,\Gallery27\01 - Toni\Set 01 - 2001-02-03\,{Shemale Yum Dvd03~G27~1~Toni - Set 01}
toni037.jpg,126075,729f7348,\Gallery27\01 - Toni\Set 01 - 2001-02-03\,{Shemale Yum Dvd03~G27~1~Toni - Set 01}
toni041.jpg,118031,6a3e9179,\Gallery27\01 - Toni\Set 01 - 2001-02-03\,{Shemale Yum Dvd03~G27~1~Toni - Set 01}
toni042.jpg,127347,00e3a40f,\Gallery27\01 - Toni\Set 01 - 2001-02-03\,{Shemale Yum Dvd03~G27~1~Toni - Set 01}
toni043.jpg,132638,234b8679,\Gallery27\01 - Toni\Set 01 - 2001-02-03\,{Shemale Yum Dvd03~G27~1~Toni - Set 01}
toni044.jpg,128625,354c06c5,\Gallery27\01 - Toni\Set 01 - 2001-02-03\,{Shemale Yum Dvd03~G27~1~Toni - Set 01}
toni045.jpg,111334,87e55ad6,\Gallery27\01 - Toni\Set 01 - 2001-02-03\,{Shemale Yum Dvd03~G27~1~Toni - Set 01}
toni046.jpg,107879,7997f839,\Gallery27\01 - Toni\Set 01 - 2001-02-03\,{Shemale Yum Dvd03~G27~1~Toni - Set 01}
toni047.jpg,132389,0d529fad,\Gallery27\01 - Toni\Set 01 - 2001-02-03\,{Shemale Yum Dvd03~G27~1~Toni - Set 01}
toni049.jpg,114254,ea83c9df,\Gallery27\01 - Toni\Set 01 - 2001-02-03\,{Shemale Yum Dvd03~G27~1~Toni - Set 01}
toni050.jpg,86137,4a5688f8,\Gallery27\01 - Toni\Set 01 - 2001-02-03\,{Shemale Yum Dvd03~G27~1~Toni - Set 01}
toni051.jpg,85151,19bdc037,\Gallery27\01 - Toni\Set 01 - 2001-02-03\,{Shemale Yum Dvd03~G27~1~Toni - Set 01}
toni052.jpg,97740,052e0d18,\Gallery27\01 - Toni\Set 01 - 2001-02-03\,{Shemale Yum Dvd03~G27~1~Toni - Set 01}
toni053.jpg,89613,18ef81bc,\Gallery27\01 - Toni\Set 01 - 2001-02-03\,{Shemale Yum Dvd03~G27~1~Toni - Set 01}
toni054.jpg,106291,3c7edc43,\Gallery27\01 - Toni\Set 01 - 2001-02-03\,{Shemale Yum Dvd03~G27~1~Toni - Set 01}
toni055.jpg,102083,b311698c,\Gallery27\01 - Toni\Set 01 - 2001-02-03\,{Shemale Yum Dvd03~G27~1~Toni - Set 01}
toni056.jpg,102883,fb6a7b0b,\Gallery27\01 - Toni\Set 01 - 2001-02-03\,{Shemale Yum Dvd03~G27~1~Toni - Set 01}
toni057.jpg,112972,d31afdf0,\Gallery27\01 - Toni\Set 01 - 2001-02-03\,{Shemale Yum Dvd03~G27~1~Toni - Set 01}
toni058.jpg,80276,aece948a,\Gallery27\01 - Toni\Set 01 - 2001-02-03\,{Shemale Yum Dvd03~G27~1~Toni - Set 01}
toni059.jpg,101942,a5110d8d,\Gallery27\01 - Toni\Set 01 - 2001-02-03\,{Shemale Yum Dvd03~G27~1~Toni - Set 01}
toni060.jpg,106108,ced3763f,\Gallery27\01 - Toni\Set 01 - 2001-02-03\,{Shemale Yum Dvd03~G27~1~Toni - Set 01}
toni061.jpg,100541,c7661e7c,\Gallery27\01 - Toni\Set 01 - 2001-02-03\,{Shemale Yum Dvd03~G27~1~Toni - Set 01}
toni062.jpg,95507,1cc8a058,\Gallery27\01 - Toni\Set 01 - 2001-02-03\,{Shemale Yum Dvd03~G27~1~Toni - Set 01}
toni063.jpg,114249,0dab0adb,\Gallery27\01 - Toni\Set 01 - 2001-02-03\,{Shemale Yum Dvd03~G27~1~Toni - Set 01}
toni064.jpg,110212,38ef7f0f,\Gallery27\01 - Toni\Set 01 - 2001-02-03\,{Shemale Yum Dvd03~G27~1~Toni - Set 01}
toni065.jpg,88878,0d613a73,\Gallery27\01 - Toni\Set 01 - 2001-02-03\,{Shemale Yum Dvd03~G27~1~Toni - Set 01}
toni066.jpg,105862,a1dd17eb,\Gallery27\01 - Toni\Set 01 - 2001-02-03\,{Shemale Yum Dvd03~G27~1~Toni - Set 01}
toni068.jpg,101405,770c38c9,\Gallery27\01 - Toni\Set 01 - 2001-02-03\,{Shemale Yum Dvd03~G27~1~Toni - Set 01}
toni069.jpg,105084,cfac2291,\Gallery27\01 - Toni\Set 01 - 2001-02-03\,{Shemale Yum Dvd03~G27~1~Toni - Set 01}
toni070.jpg,106278,57add808,\Gallery27\01 - Toni\Set 01 - 2001-02-03\,{Shemale Yum Dvd03~G27~1~Toni - Set 01}
toni071.jpg,127791,0c941555,\Gallery27\01 - Toni\Set 01 - 2001-02-03\,{Shemale Yum Dvd03~G27~1~Toni - Set 01}
toni072.jpg,114912,7ea4d5ea,\Gallery27\01 - Toni\Set 01 - 2001-02-03\,{Shemale Yum Dvd03~G27~1~Toni - Set 01}
toni073.jpg,96157,30bad5de,\Gallery27\01 - Toni\Set 01 - 2001-02-03\,{Shemale Yum Dvd03~G27~1~Toni - Set 01}
toni074.jpg,133674,ffd124a4,\Gallery27\01 - Toni\Set 01 - 2001-02-03\,{Shemale Yum Dvd03~G27~1~Toni - Set 01}
toni075.jpg,133735,a96ef373,\Gallery27\01 - Toni\Set 01 - 2001-02-03\,{Shemale Yum Dvd03~G27~1~Toni - Set 01}
toni076.jpg,136254,49cc6ce7,\Gallery27\01 - Toni\Set 01 - 2001-02-03\,{Shemale Yum Dvd03~G27~1~Toni - Set 01}
toni077.jpg,133077,18a31230,\Gallery27\01 - Toni\Set 01 - 2001-02-03\,{Shemale Yum Dvd03~G27~1~Toni - Set 01}
toni078.jpg,101731,60499924,\Gallery27\01 - Toni\Set 01 - 2001-02-03\,{Shemale Yum Dvd03~G27~1~Toni - Set 01}
toni079.jpg,94378,33feeac0,\Gallery27\01 - Toni\Set 01 - 2001-02-03\,{Shemale Yum Dvd03~G27~1~Toni - Set 01}
toni080.jpg,94550,59ace28d,\Gallery27\01 - Toni\Set 01 - 2001-02-03\,{Shemale Yum Dvd03~G27~1~Toni - Set 01}
toni081.jpg,123035,64adaf67,\Gallery27\01 - Toni\Set 01 - 2001-02-03\,{Shemale Yum Dvd03~G27~1~Toni - Set 01}
toni082.jpg,65532,e2b17c04,\Gallery27\01 - Toni\Set 01 - 2001-02-03\,{Shemale Yum Dvd03~G27~1~Toni - Set 01}
toni083.jpg,85038,21abbc6f,\Gallery27\01 - Toni\Set 01 - 2001-02-03\,{Shemale Yum Dvd03~G27~1~Toni - Set 01}
toni084.jpg,115617,fdabbb2f,\Gallery27\01 - Toni\Set 01 - 2001-02-03\,{Shemale Yum Dvd03~G27~1~Toni - Set 01}
toni085.jpg,109378,65d38d0d,\Gallery27\01 - Toni\Set 01 - 2001-02-03\,{Shemale Yum Dvd03~G27~1~Toni - Set 01}
toni086.jpg,114488,4576fb51,\Gallery27\01 - Toni\Set 01 - 2001-02-03\,{Shemale Yum Dvd03~G27~1~Toni - Set 01}
toni087.jpg,108037,780773e0,\Gallery27\01 - Toni\Set 01 - 2001-02-03\,{Shemale Yum Dvd03~G27~1~Toni - Set 01}
toni088.jpg,117262,3aa64983,\Gallery27\01 - Toni\Set 01 - 2001-02-03\,{Shemale Yum Dvd03~G27~1~Toni - Set 01}
toni089.jpg,114587,d967e2c5,\Gallery27\01 - Toni\Set 01 - 2001-02-03\,{Shemale Yum Dvd03~G27~1~Toni - Set 01}
toni091.jpg,97695,4469db58,\Gallery27\01 - Toni\Set 01 - 2001-02-03\,{Shemale Yum Dvd03~G27~1~Toni - Set 01}
toni092.jpg,114898,a6fc7b83,\Gallery27\01 - Toni\Set 01 - 2001-02-03\,{Shemale Yum Dvd03~G27~1~Toni - Set 01}
toni093.jpg,113598,b3ece2bb,\Gallery27\01 - Toni\Set 01 - 2001-02-03\,{Shemale Yum Dvd03~G27~1~Toni - Set 01}
toni095.jpg,110643,08d28b0e,\Gallery27\01 - Toni\Set 01 - 2001-02-03\,{Shemale Yum Dvd03~G27~1~Toni - Set 01}
toni096.jpg,114377,b87a67e8,\Gallery27\01 - Toni\Set 01 - 2001-02-03\,{Shemale Yum Dvd03~G27~1~Toni - Set 01}
toni097.jpg,79820,df8862ec,\Gallery27\01 - Toni\Set 01 - 2001-02-03\,{Shemale Yum Dvd03~G27~1~Toni - Set 01}
toni098.jpg,103819,c6b7c33d,\Gallery27\01 - Toni\Set 01 - 2001-02-03\,{Shemale Yum Dvd03~G27~1~Toni - Set 01}
toni099.jpg,79635,7dedb98d,\Gallery27\01 - Toni\Set 01 - 2001-02-03\,{Shemale Yum Dvd03~G27~1~Toni - Set 01}
toni100.jpg,101615,01233113,\Gallery27\01 - Toni\Set 01 - 2001-02-03\,{Shemale Yum Dvd03~G27~1~Toni - Set 01}
toni101.jpg,87688,df63810f,\Gallery27\01 - Toni\Set 01 - 2001-02-03\,{Shemale Yum Dvd03~G27~1~Toni - Set 01}
toni103.jpg,85939,53a6ce6f,\Gallery27\01 - Toni\Set 01 - 2001-02-03\,{Shemale Yum Dvd03~G27~1~Toni - Set 01}
toni104.jpg,107871,de505aa1,\Gallery27\01 - Toni\Set 01 - 2001-02-03\,{Shemale Yum Dvd03~G27~1~Toni - Set 01}
toni105.jpg,98284,542ebe5b,\Gallery27\01 - Toni\Set 01 - 2001-02-03\,{Shemale Yum Dvd03~G27~1~Toni - Set 01}
toni106.jpg,108425,5d6f48f2,\Gallery27\01 - Toni\Set 01 - 2001-02-03\,{Shemale Yum Dvd03~G27~1~Toni - Set 01}
toni107.jpg,102074,5e7b3fbe,\Gallery27\01 - Toni\Set 01 - 2001-02-03\,{Shemale Yum Dvd03~G27~1~Toni - Set 01}
toni108.jpg,106816,32c34d8d,\Gallery27\01 - Toni\Set 01 - 2001-02-03\,{Shemale Yum Dvd03~G27~1~Toni - Set 01}
toni109.jpg,109178,ed53a28c,\Gallery27\01 - Toni\Set 01 - 2001-02-03\,{Shemale Yum Dvd03~G27~1~Toni - Set 01}
toni110.jpg,108603,29de49c0,\Gallery27\01 - Toni\Set 01 - 2001-02-03\,{Shemale Yum Dvd03~G27~1~Toni - Set 01}
toni111.jpg,130114,65eb8e01,\Gallery27\01 - Toni\Set 01 - 2001-02-03\,{Shemale Yum Dvd03~G27~1~Toni - Set 01}
toni112.jpg,137610,7b25d998,\Gallery27\01 - Toni\Set 01 - 2001-02-03\,{Shemale Yum Dvd03~G27~1~Toni - Set 01}
toni113.jpg,128003,7230f96b,\Gallery27\01 - Toni\Set 01 - 2001-02-03\,{Shemale Yum Dvd03~G27~1~Toni - Set 01}
toni114.jpg,110862,d2cab0ef,\Gallery27\01 - Toni\Set 01 - 2001-02-03\,{Shemale Yum Dvd03~G27~1~Toni - Set 01}
toni115.jpg,135645,24d93fbd,\Gallery27\01 - Toni\Set 01 - 2001-02-03\,{Shemale Yum Dvd03~G27~1~Toni - Set 01}
toni116.jpg,136327,9a76be4e,\Gallery27\01 - Toni\Set 01 - 2001-02-03\,{Shemale Yum Dvd03~G27~1~Toni - Set 01}
toni117.jpg,124807,67144ffe,\Gallery27\01 - Toni\Set 01 - 2001-02-03\,{Shemale Yum Dvd03~G27~1~Toni - Set 01}
toni119.jpg,72157,03462260,\Gallery27\01 - Toni\Set 01 - 2001-02-03\,{Shemale Yum Dvd03~G27~1~Toni - Set 01}
toni120.jpg,74942,e44cd6c2,\Gallery27\01 - Toni\Set 01 - 2001-02-03\,{Shemale Yum Dvd03~G27~1~Toni - Set 01}
toni122.jpg,110638,6cadee47,\Gallery27\01 - Toni\Set 01 - 2001-02-03\,{Shemale Yum Dvd03~G27~1~Toni - Set 01}
toni123.jpg,100323,064f6b02,\Gallery27\01 - Toni\Set 01 - 2001-02-03\,{Shemale Yum Dvd03~G27~1~Toni - Set 01}
toni124.jpg,110681,49dd5d6a,\Gallery27\01 - Toni\Set 01 - 2001-02-03\,{Shemale Yum Dvd03~G27~1~Toni - Set 01}
toni125.jpg,107231,2baa70e6,\Gallery27\01 - Toni\Set 01 - 2001-02-03\,{Shemale Yum Dvd03~G27~1~Toni - Set 01}
toni126.jpg,108767,c2928a4d,\Gallery27\01 - Toni\Set 01 - 2001-02-03\,{Shemale Yum Dvd03~G27~1~Toni - Set 01}
toni127.jpg,107179,4829d93e,\Gallery27\01 - Toni\Set 01 - 2001-02-03\,{Shemale Yum Dvd03~G27~1~Toni - Set 01}
toni128.jpg,125575,0ca18a28,\Gallery27\01 - Toni\Set 01 - 2001-02-03\,{Shemale Yum Dvd03~G27~1~Toni - Set 01}
toni129.jpg,117867,0a423022,\Gallery27\01 - Toni\Set 01 - 2001-02-03\,{Shemale Yum Dvd03~G27~1~Toni - Set 01}
toni130.jpg,127212,97b49c0f,\Gallery27\01 - Toni\Set 01 - 2001-02-03\,{Shemale Yum Dvd03~G27~1~Toni - Set 01}
toni131.jpg,110421,37ac68c4,\Gallery27\01 - Toni\Set 01 - 2001-02-03\,{Shemale Yum Dvd03~G27~1~Toni - Set 01}
toni132.jpg,89770,4c75e0d1,\Gallery27\01 - Toni\Set 01 - 2001-02-03\,{Shemale Yum Dvd03~G27~1~Toni - Set 01}
toni133.jpg,78550,5174e8a7,\Gallery27\01 - Toni\Set 01 - 2001-02-03\,{Shemale Yum Dvd03~G27~1~Toni - Set 01}
toni134.jpg,109377,91275065,\Gallery27\01 - Toni\Set 01 - 2001-02-03\,{Shemale Yum Dvd03~G27~1~Toni - Set 01}
toni135.jpg,115542,59a644ba,\Gallery27\01 - Toni\Set 01 - 2001-02-03\,{Shemale Yum Dvd03~G27~1~Toni - Set 01}
toni136.jpg,112466,b1839352,\Gallery27\01 - Toni\Set 01 - 2001-02-03\,{Shemale Yum Dvd03~G27~1~Toni - Set 01}
toni137.jpg,112739,0021fe3a,\Gallery27\01 - Toni\Set 01 - 2001-02-03\,{Shemale Yum Dvd03~G27~1~Toni - Set 01}
toni139.jpg,107794,58567467,\Gallery27\01 - Toni\Set 01 - 2001-02-03\,{Shemale Yum Dvd03~G27~1~Toni - Set 01}
tonib001.jpg,165616,fb4448c9,\Gallery27\01 - Toni\Set 02 - 2003-01-19\,{Shemale Yum Dvd03~G27~2~Toni - Set 02}
tonib002.jpg,155917,5f09f14c,\Gallery27\01 - Toni\Set 02 - 2003-01-19\,{Shemale Yum Dvd03~G27~2~Toni - Set 02}
tonib003.jpg,151605,6adf104c,\Gallery27\01 - Toni\Set 02 - 2003-01-19\,{Shemale Yum Dvd03~G27~2~Toni - Set 02}
tonib004.jpg,159789,b0413144,\Gallery27\01 - Toni\Set 02 - 2003-01-19\,{Shemale Yum Dvd03~G27~2~Toni - Set 02}
tonib005.jpg,162499,a0d2e0a0,\Gallery27\01 - Toni\Set 02 - 2003-01-19\,{Shemale Yum Dvd03~G27~2~Toni - Set 02}
tonib006.jpg,169147,b6827641,\Gallery27\01 - Toni\Set 02 - 2003-01-19\,{Shemale Yum Dvd03~G27~2~Toni - Set 02}
tonib007.jpg,152363,70e73035,\Gallery27\01 - Toni\Set 02 - 2003-01-19\,{Shemale Yum Dvd03~G27~2~Toni - Set 02}
tonib008.jpg,150975,da6574fc,\Gallery27\01 - Toni\Set 02 - 2003-01-19\,{Shemale Yum Dvd03~G27~2~Toni - Set 02}
tonib009.jpg,150361,079cc7c2,\Gallery27\01 - Toni\Set 02 - 2003-01-19\,{Shemale Yum Dvd03~G27~2~Toni - Set 02}
tonib010.jpg,169307,bdae6d7e,\Gallery27\01 - Toni\Set 02 - 2003-01-19\,{Shemale Yum Dvd03~G27~2~Toni - Set 02}
tonib011.jpg,162671,0a2ed470,\Gallery27\01 - Toni\Set 02 - 2003-01-19\,{Shemale Yum Dvd03~G27~2~Toni - Set 02}
tonib012.jpg,168754,c8f77d3d,\Gallery27\01 - Toni\Set 02 - 2003-01-19\,{Shemale Yum Dvd03~G27~2~Toni - Set 02}
tonib013.jpg,179601,b4578d40,\Gallery27\01 - Toni\Set 02 - 2003-01-19\,{Shemale Yum Dvd03~G27~2~Toni - Set 02}
tonib014.jpg,167128,c8c268a5,\Gallery27\01 - Toni\Set 02 - 2003-01-19\,{Shemale Yum Dvd03~G27~2~Toni - Set 02}
tonib015.jpg,159433,fa9690fe,\Gallery27\01 - Toni\Set 02 - 2003-01-19\,{Shemale Yum Dvd03~G27~2~Toni - Set 02}
tonib016.jpg,152605,937d0008,\Gallery27\01 - Toni\Set 02 - 2003-01-19\,{Shemale Yum Dvd03~G27~2~Toni - Set 02}
tonib017.jpg,150838,f88a07f9,\Gallery27\01 - Toni\Set 02 - 2003-01-19\,{Shemale Yum Dvd03~G27~2~Toni - Set 02}
tonib018.jpg,148460,278390bb,\Gallery27\01 - Toni\Set 02 - 2003-01-19\,{Shemale Yum Dvd03~G27~2~Toni - Set 02}
tonib019.jpg,148913,382d0a85,\Gallery27\01 - Toni\Set 02 - 2003-01-19\,{Shemale Yum Dvd03~G27~2~Toni - Set 02}
tonib020.jpg,145963,868456df,\Gallery27\01 - Toni\Set 02 - 2003-01-19\,{Shemale Yum Dvd03~G27~2~Toni - Set 02}
tonib021.jpg,167437,354b8b97,\Gallery27\01 - Toni\Set 02 - 2003-01-19\,{Shemale Yum Dvd03~G27~2~Toni - Set 02}
tonib022.jpg,155191,eecefd71,\Gallery27\01 - Toni\Set 02 - 2003-01-19\,{Shemale Yum Dvd03~G27~2~Toni - Set 02}
tonib023.jpg,168484,fb635a89,\Gallery27\01 - Toni\Set 02 - 2003-01-19\,{Shemale Yum Dvd03~G27~2~Toni - Set 02}
tonib024.jpg,159896,903118f2,\Gallery27\01 - Toni\Set 02 - 2003-01-19\,{Shemale Yum Dvd03~G27~2~Toni - Set 02}
tonib025.jpg,147224,0d1246b3,\Gallery27\01 - Toni\Set 02 - 2003-01-19\,{Shemale Yum Dvd03~G27~2~Toni - Set 02}
tonib026.jpg,149016,c6eee46b,\Gallery27\01 - Toni\Set 02 - 2003-01-19\,{Shemale Yum Dvd03~G27~2~Toni - Set 02}
tonib027.jpg,183531,e83ddd1b,\Gallery27\01 - Toni\Set 02 - 2003-01-19\,{Shemale Yum Dvd03~G27~2~Toni - Set 02}
tonib028.jpg,175224,afb67147,\Gallery27\01 - Toni\Set 02 - 2003-01-19\,{Shemale Yum Dvd03~G27~2~Toni - Set 02}
tonib029.jpg,145094,f24764e9,\Gallery27\01 - Toni\Set 02 - 2003-01-19\,{Shemale Yum Dvd03~G27~2~Toni - Set 02}
tonib030.jpg,150561,658f1333,\Gallery27\01 - Toni\Set 02 - 2003-01-19\,{Shemale Yum Dvd03~G27~2~Toni - Set 02}
tonib031.jpg,135929,4fd89d07,\Gallery27\01 - Toni\Set 02 - 2003-01-19\,{Shemale Yum Dvd03~G27~2~Toni - Set 02}
tonib032.jpg,151693,34d0048c,\Gallery27\01 - Toni\Set 02 - 2003-01-19\,{Shemale Yum Dvd03~G27~2~Toni - Set 02}
tonib033.jpg,146982,a4889364,\Gallery27\01 - Toni\Set 02 - 2003-01-19\,{Shemale Yum Dvd03~G27~2~Toni - Set 02}
tonib034.jpg,140375,25a73e46,\Gallery27\01 - Toni\Set 02 - 2003-01-19\,{Shemale Yum Dvd03~G27~2~Toni - Set 02}
tonib035.jpg,131620,fac5310c,\Gallery27\01 - Toni\Set 02 - 2003-01-19\,{Shemale Yum Dvd03~G27~2~Toni - Set 02}
tonib036.jpg,140846,032dc0eb,\Gallery27\01 - Toni\Set 02 - 2003-01-19\,{Shemale Yum Dvd03~G27~2~Toni - Set 02}
tonib037.jpg,135715,66610897,\Gallery27\01 - Toni\Set 02 - 2003-01-19\,{Shemale Yum Dvd03~G27~2~Toni - Set 02}
tonib038.jpg,152970,9e264882,\Gallery27\01 - Toni\Set 02 - 2003-01-19\,{Shemale Yum Dvd03~G27~2~Toni - Set 02}
tonib039.jpg,143086,da3df134,\Gallery27\01 - Toni\Set 02 - 2003-01-19\,{Shemale Yum Dvd03~G27~2~Toni - Set 02}
tonib040.jpg,156340,60fc197f,\Gallery27\01 - Toni\Set 02 - 2003-01-19\,{Shemale Yum Dvd03~G27~2~Toni - Set 02}
tonib041.jpg,148765,f1276f89,\Gallery27\01 - Toni\Set 02 - 2003-01-19\,{Shemale Yum Dvd03~G27~2~Toni - Set 02}
tonib042.jpg,128883,0361b50e,\Gallery27\01 - Toni\Set 02 - 2003-01-19\,{Shemale Yum Dvd03~G27~2~Toni - Set 02}
tonib043.jpg,155491,13f72599,\Gallery27\01 - Toni\Set 02 - 2003-01-19\,{Shemale Yum Dvd03~G27~2~Toni - Set 02}
tonib044.jpg,124654,b873d646,\Gallery27\01 - Toni\Set 02 - 2003-01-19\,{Shemale Yum Dvd03~G27~2~Toni - Set 02}
tonib045.jpg,120211,cbfc6b57,\Gallery27\01 - Toni\Set 02 - 2003-01-19\,{Shemale Yum Dvd03~G27~2~Toni - Set 02}
tonib046.jpg,127975,83fdd679,\Gallery27\01 - Toni\Set 02 - 2003-01-19\,{Shemale Yum Dvd03~G27~2~Toni - Set 02}
tonib047.jpg,120239,d233e3b5,\Gallery27\01 - Toni\Set 02 - 2003-01-19\,{Shemale Yum Dvd03~G27~2~Toni - Set 02}
tonib048.jpg,131176,733223a4,\Gallery27\01 - Toni\Set 02 - 2003-01-19\,{Shemale Yum Dvd03~G27~2~Toni - Set 02}
tonib049.jpg,107846,2e1dd7f8,\Gallery27\01 - Toni\Set 02 - 2003-01-19\,{Shemale Yum Dvd03~G27~2~Toni - Set 02}
tonib050.jpg,123556,dd8e1f9c,\Gallery27\01 - Toni\Set 02 - 2003-01-19\,{Shemale Yum Dvd03~G27~2~Toni - Set 02}
tonib051.jpg,177506,14be26d9,\Gallery27\01 - Toni\Set 02 - 2003-01-19\,{Shemale Yum Dvd03~G27~2~Toni - Set 02}
tonib052.jpg,163643,3082d73e,\Gallery27\01 - Toni\Set 02 - 2003-01-19\,{Shemale Yum Dvd03~G27~2~Toni - Set 02}
tonib053.jpg,117264,6f41c044,\Gallery27\01 - Toni\Set 02 - 2003-01-19\,{Shemale Yum Dvd03~G27~2~Toni - Set 02}
tonib054.jpg,142361,0c51d075,\Gallery27\01 - Toni\Set 02 - 2003-01-19\,{Shemale Yum Dvd03~G27~2~Toni - Set 02}
tonib055.jpg,142909,9f9fd676,\Gallery27\01 - Toni\Set 02 - 2003-01-19\,{Shemale Yum Dvd03~G27~2~Toni - Set 02}
tonib056.jpg,165772,e0543774,\Gallery27\01 - Toni\Set 02 - 2003-01-19\,{Shemale Yum Dvd03~G27~2~Toni - Set 02}
tonib057.jpg,144327,508b26d3,\Gallery27\01 - Toni\Set 02 - 2003-01-19\,{Shemale Yum Dvd03~G27~2~Toni - Set 02}
tonib058.jpg,136897,7f226dd2,\Gallery27\01 - Toni\Set 02 - 2003-01-19\,{Shemale Yum Dvd03~G27~2~Toni - Set 02}
tonib059.jpg,139690,a8f64eb2,\Gallery27\01 - Toni\Set 02 - 2003-01-19\,{Shemale Yum Dvd03~G27~2~Toni - Set 02}
tonib060.jpg,160000,4bd2d0bc,\Gallery27\01 - Toni\Set 02 - 2003-01-19\,{Shemale Yum Dvd03~G27~2~Toni - Set 02}
tonib061.jpg,198275,5a40f122,\Gallery27\01 - Toni\Set 02 - 2003-01-19\,{Shemale Yum Dvd03~G27~2~Toni - Set 02}
tonib062.jpg,162968,ba71db34,\Gallery27\01 - Toni\Set 02 - 2003-01-19\,{Shemale Yum Dvd03~G27~2~Toni - Set 02}
tonib063.jpg,176051,f698eca3,\Gallery27\01 - Toni\Set 02 - 2003-01-19\,{Shemale Yum Dvd03~G27~2~Toni - Set 02}
tonib064.jpg,192448,0f8800c5,\Gallery27\01 - Toni\Set 02 - 2003-01-19\,{Shemale Yum Dvd03~G27~2~Toni - Set 02}
tonib065.jpg,161581,f21ec723,\Gallery27\01 - Toni\Set 02 - 2003-01-19\,{Shemale Yum Dvd03~G27~2~Toni - Set 02}
tonib066.jpg,152583,d8721d67,\Gallery27\01 - Toni\Set 02 - 2003-01-19\,{Shemale Yum Dvd03~G27~2~Toni - Set 02}
tonib067.jpg,170618,d27b12da,\Gallery27\01 - Toni\Set 02 - 2003-01-19\,{Shemale Yum Dvd03~G27~2~Toni - Set 02}
tonib068.jpg,137585,aa60dd57,\Gallery27\01 - Toni\Set 02 - 2003-01-19\,{Shemale Yum Dvd03~G27~2~Toni - Set 02}
tonib069.jpg,115863,cd92b9ad,\Gallery27\01 - Toni\Set 02 - 2003-01-19\,{Shemale Yum Dvd03~G27~2~Toni - Set 02}
tonib070.jpg,135217,ed9dd5cf,\Gallery27\01 - Toni\Set 02 - 2003-01-19\,{Shemale Yum Dvd03~G27~2~Toni - Set 02}
tonib071.jpg,143483,ddba754e,\Gallery27\01 - Toni\Set 02 - 2003-01-19\,{Shemale Yum Dvd03~G27~2~Toni - Set 02}
tonib072.jpg,144211,c9a689d3,\Gallery27\01 - Toni\Set 02 - 2003-01-19\,{Shemale Yum Dvd03~G27~2~Toni - Set 02}
tonib073.jpg,140353,de193269,\Gallery27\01 - Toni\Set 02 - 2003-01-19\,{Shemale Yum Dvd03~G27~2~Toni - Set 02}
tonib074.jpg,139346,25ed0f97,\Gallery27\01 - Toni\Set 02 - 2003-01-19\,{Shemale Yum Dvd03~G27~2~Toni - Set 02}
tonib075.jpg,150284,21a63d74,\Gallery27\01 - Toni\Set 02 - 2003-01-19\,{Shemale Yum Dvd03~G27~2~Toni - Set 02}
tonib076.jpg,147186,b52cc4db,\Gallery27\01 - Toni\Set 02 - 2003-01-19\,{Shemale Yum Dvd03~G27~2~Toni - Set 02}
tonib077.jpg,146307,9d35134a,\Gallery27\01 - Toni\Set 02 - 2003-01-19\,{Shemale Yum Dvd03~G27~2~Toni - Set 02}
tonib078.jpg,120927,fb97be71,\Gallery27\01 - Toni\Set 02 - 2003-01-19\,{Shemale Yum Dvd03~G27~2~Toni - Set 02}
tonib079.jpg,156816,4bbdde1a,\Gallery27\01 - Toni\Set 02 - 2003-01-19\,{Shemale Yum Dvd03~G27~2~Toni - Set 02}
tonib080.jpg,155056,0b161aa2,\Gallery27\01 - Toni\Set 02 - 2003-01-19\,{Shemale Yum Dvd03~G27~2~Toni - Set 02}
tonib081.jpg,138492,1de380e2,\Gallery27\01 - Toni\Set 02 - 2003-01-19\,{Shemale Yum Dvd03~G27~2~Toni - Set 02}
tonib082.jpg,160168,7ff56066,\Gallery27\01 - Toni\Set 02 - 2003-01-19\,{Shemale Yum Dvd03~G27~2~Toni - Set 02}
tonib083.jpg,148904,968d49fd,\Gallery27\01 - Toni\Set 02 - 2003-01-19\,{Shemale Yum Dvd03~G27~2~Toni - Set 02}
tonib084.jpg,153322,d8a79964,\Gallery27\01 - Toni\Set 02 - 2003-01-19\,{Shemale Yum Dvd03~G27~2~Toni - Set 02}
tonib085.jpg,129797,6d975377,\Gallery27\01 - Toni\Set 02 - 2003-01-19\,{Shemale Yum Dvd03~G27~2~Toni - Set 02}
tonib086.jpg,127764,9872fda2,\Gallery27\01 - Toni\Set 02 - 2003-01-19\,{Shemale Yum Dvd03~G27~2~Toni - Set 02}
victoria001.jpg,123916,78dcd609,\Gallery27\02 - Victoriab\Set 01 - 2001-02-03\,{Shemale Yum Dvd03~G27~3~Victoriab - Set 01}
victoria002.jpg,109968,6df48f45,\Gallery27\02 - Victoriab\Set 01 - 2001-02-03\,{Shemale Yum Dvd03~G27~3~Victoriab - Set 01}
victoria003.jpg,138093,2edf6dc8,\Gallery27\02 - Victoriab\Set 01 - 2001-02-03\,{Shemale Yum Dvd03~G27~3~Victoriab - Set 01}
victoria004.jpg,134821,54008247,\Gallery27\02 - Victoriab\Set 01 - 2001-02-03\,{Shemale Yum Dvd03~G27~3~Victoriab - Set 01}
victoria005.jpg,136402,9c7bae46,\Gallery27\02 - Victoriab\Set 01 - 2001-02-03\,{Shemale Yum Dvd03~G27~3~Victoriab - Set 01}
victoria006.jpg,129640,1c65472b,\Gallery27\02 - Victoriab\Set 01 - 2001-02-03\,{Shemale Yum Dvd03~G27~3~Victoriab - Set 01}
victoria007.jpg,125398,3d59359f,\Gallery27\02 - Victoriab\Set 01 - 2001-02-03\,{Shemale Yum Dvd03~G27~3~Victoriab - Set 01}
victoria008.jpg,127520,bdf7f9f7,\Gallery27\02 - Victoriab\Set 01 - 2001-02-03\,{Shemale Yum Dvd03~G27~3~Victoriab - Set 01}
victoria009.jpg,141259,e8b4828b,\Gallery27\02 - Victoriab\Set 01 - 2001-02-03\,{Shemale Yum Dvd03~G27~3~Victoriab - Set 01}
victoria010.jpg,134794,0c9ff199,\Gallery27\02 - Victoriab\Set 01 - 2001-02-03\,{Shemale Yum Dvd03~G27~3~Victoriab - Set 01}
victoria011.jpg,126054,d8fe7665,\Gallery27\02 - Victoriab\Set 01 - 2001-02-03\,{Shemale Yum Dvd03~G27~3~Victoriab - Set 01}
victoria012.jpg,132129,129cdca6,\Gallery27\02 - Victoriab\Set 01 - 2001-02-03\,{Shemale Yum Dvd03~G27~3~Victoriab - Set 01}
victoria013.jpg,134276,a65db163,\Gallery27\02 - Victoriab\Set 01 - 2001-02-03\,{Shemale Yum Dvd03~G27~3~Victoriab - Set 01}
victoria014.jpg,136838,6fb3f0b1,\Gallery27\02 - Victoriab\Set 01 - 2001-02-03\,{Shemale Yum Dvd03~G27~3~Victoriab - Set 01}
victoria015.jpg,129360,bfe2612c,\Gallery27\02 - Victoriab\Set 01 - 2001-02-03\,{Shemale Yum Dvd03~G27~3~Victoriab - Set 01}
victoria016.jpg,129982,de3e7572,\Gallery27\02 - Victoriab\Set 01 - 2001-02-03\,{Shemale Yum Dvd03~G27~3~Victoriab - Set 01}
victoria017.jpg,136140,35b8b840,\Gallery27\02 - Victoriab\Set 01 - 2001-02-03\,{Shemale Yum Dvd03~G27~3~Victoriab - Set 01}
victoria018.jpg,121251,222ae3b5,\Gallery27\02 - Victoriab\Set 01 - 2001-02-03\,{Shemale Yum Dvd03~G27~3~Victoriab - Set 01}
victoria019.jpg,121942,e941a0b5,\Gallery27\02 - Victoriab\Set 01 - 2001-02-03\,{Shemale Yum Dvd03~G27~3~Victoriab - Set 01}
victoria020.jpg,137182,b129bbf5,\Gallery27\02 - Victoriab\Set 01 - 2001-02-03\,{Shemale Yum Dvd03~G27~3~Victoriab - Set 01}
victoria021.jpg,135959,b3293f75,\Gallery27\02 - Victoriab\Set 01 - 2001-02-03\,{Shemale Yum Dvd03~G27~3~Victoriab - Set 01}
victoria022.jpg,134965,6c44f389,\Gallery27\02 - Victoriab\Set 01 - 2001-02-03\,{Shemale Yum Dvd03~G27~3~Victoriab - Set 01}
victoria023.jpg,142137,63124066,\Gallery27\02 - Victoriab\Set 01 - 2001-02-03\,{Shemale Yum Dvd03~G27~3~Victoriab - Set 01}
victoria024.jpg,129321,931291a3,\Gallery27\02 - Victoriab\Set 01 - 2001-02-03\,{Shemale Yum Dvd03~G27~3~Victoriab - Set 01}
victoria025.jpg,123542,25a4314c,\Gallery27\02 - Victoriab\Set 01 - 2001-02-03\,{Shemale Yum Dvd03~G27~3~Victoriab - Set 01}
victoria026.jpg,135484,ebfb56a4,\Gallery27\02 - Victoriab\Set 01 - 2001-02-03\,{Shemale Yum Dvd03~G27~3~Victoriab - Set 01}
victoria027.jpg,137446,cae85e47,\Gallery27\02 - Victoriab\Set 01 - 2001-02-03\,{Shemale Yum Dvd03~G27~3~Victoriab - Set 01}
victoria028.jpg,124831,1f073ed3,\Gallery27\02 - Victoriab\Set 01 - 2001-02-03\,{Shemale Yum Dvd03~G27~3~Victoriab - Set 01}
victoria029.jpg,138091,86b05e41,\Gallery27\02 - Victoriab\Set 01 - 2001-02-03\,{Shemale Yum Dvd03~G27~3~Victoriab - Set 01}
victoria030.jpg,131181,7a79340d,\Gallery27\02 - Victoriab\Set 01 - 2001-02-03\,{Shemale Yum Dvd03~G27~3~Victoriab - Set 01}
victoria031.jpg,122597,0e9317b9,\Gallery27\02 - Victoriab\Set 01 - 2001-02-03\,{Shemale Yum Dvd03~G27~3~Victoriab - Set 01}
victoria032.jpg,138029,014f2ca9,\Gallery27\02 - Victoriab\Set 01 - 2001-02-03\,{Shemale Yum Dvd03~G27~3~Victoriab - Set 01}
victoria033.jpg,130247,aae84001,\Gallery27\02 - Victoriab\Set 01 - 2001-02-03\,{Shemale Yum Dvd03~G27~3~Victoriab - Set 01}
victoria034.jpg,136004,3e92d4d1,\Gallery27\02 - Victoriab\Set 01 - 2001-02-03\,{Shemale Yum Dvd03~G27~3~Victoriab - Set 01}
victoria035.jpg,129585,625fae59,\Gallery27\02 - Victoriab\Set 01 - 2001-02-03\,{Shemale Yum Dvd03~G27~3~Victoriab - Set 01}
victoria036.jpg,137249,6c2a60a3,\Gallery27\02 - Victoriab\Set 01 - 2001-02-03\,{Shemale Yum Dvd03~G27~3~Victoriab - Set 01}
victoria037.jpg,130551,e9493ae1,\Gallery27\02 - Victoriab\Set 01 - 2001-02-03\,{Shemale Yum Dvd03~G27~3~Victoriab - Set 01}
victoria038.jpg,137667,fb59c4cc,\Gallery27\02 - Victoriab\Set 01 - 2001-02-03\,{Shemale Yum Dvd03~G27~3~Victoriab - Set 01}
victoria039.jpg,131902,da8f72c2,\Gallery27\02 - Victoriab\Set 01 - 2001-02-03\,{Shemale Yum Dvd03~G27~3~Victoriab - Set 01}
victoria040.jpg,141517,10ce71b8,\Gallery27\02 - Victoriab\Set 01 - 2001-02-03\,{Shemale Yum Dvd03~G27~3~Victoriab - Set 01}
victoria041.jpg,135058,6ccae092,\Gallery27\02 - Victoriab\Set 01 - 2001-02-03\,{Shemale Yum Dvd03~G27~3~Victoriab - Set 01}
victoria042.jpg,128522,73f7815c,\Gallery27\02 - Victoriab\Set 01 - 2001-02-03\,{Shemale Yum Dvd03~G27~3~Victoriab - Set 01}
victoria043.jpg,129548,e2ffed79,\Gallery27\02 - Victoriab\Set 01 - 2001-02-03\,{Shemale Yum Dvd03~G27~3~Victoriab - Set 01}
victoria044.jpg,124882,988b615d,\Gallery27\02 - Victoriab\Set 01 - 2001-02-03\,{Shemale Yum Dvd03~G27~3~Victoriab - Set 01}
victoria045.jpg,136660,877d4b27,\Gallery27\02 - Victoriab\Set 01 - 2001-02-03\,{Shemale Yum Dvd03~G27~3~Victoriab - Set 01}
victoria046.jpg,132921,ea9d5bfe,\Gallery27\02 - Victoriab\Set 01 - 2001-02-03\,{Shemale Yum Dvd03~G27~3~Victoriab - Set 01}
victoria047.jpg,121155,7557ee96,\Gallery27\02 - Victoriab\Set 01 - 2001-02-03\,{Shemale Yum Dvd03~G27~3~Victoriab - Set 01}
victoria048.jpg,137233,c961b257,\Gallery27\02 - Victoriab\Set 01 - 2001-02-03\,{Shemale Yum Dvd03~G27~3~Victoriab - Set 01}
victoria049.jpg,139211,71bd5d05,\Gallery27\02 - Victoriab\Set 01 - 2001-02-03\,{Shemale Yum Dvd03~G27~3~Victoriab - Set 01}
victoria050.jpg,139839,07f88106,\Gallery27\02 - Victoriab\Set 01 - 2001-02-03\,{Shemale Yum Dvd03~G27~3~Victoriab - Set 01}
victoria051.jpg,133290,4c1b6ca1,\Gallery27\02 - Victoriab\Set 01 - 2001-02-03\,{Shemale Yum Dvd03~G27~3~Victoriab - Set 01}
victoria052.jpg,127976,103068a9,\Gallery27\02 - Victoriab\Set 01 - 2001-02-03\,{Shemale Yum Dvd03~G27~3~Victoriab - Set 01}
victoria053.jpg,137587,6c7327fe,\Gallery27\02 - Victoriab\Set 01 - 2001-02-03\,{Shemale Yum Dvd03~G27~3~Victoriab - Set 01}
victoria054.jpg,131203,df9e3643,\Gallery27\02 - Victoriab\Set 01 - 2001-02-03\,{Shemale Yum Dvd03~G27~3~Victoriab - Set 01}
victoria055.jpg,139448,6a69f1f8,\Gallery27\02 - Victoriab\Set 01 - 2001-02-03\,{Shemale Yum Dvd03~G27~3~Victoriab - Set 01}
victoria056.jpg,133936,3eb18486,\Gallery27\02 - Victoriab\Set 01 - 2001-02-03\,{Shemale Yum Dvd03~G27~3~Victoriab - Set 01}
victoria057.jpg,141387,c04916ab,\Gallery27\02 - Victoriab\Set 01 - 2001-02-03\,{Shemale Yum Dvd03~G27~3~Victoriab - Set 01}
victoria058.jpg,132190,28e66955,\Gallery27\02 - Victoriab\Set 01 - 2001-02-03\,{Shemale Yum Dvd03~G27~3~Victoriab - Set 01}
victoria059.jpg,140513,c3b30bc1,\Gallery27\02 - Victoriab\Set 01 - 2001-02-03\,{Shemale Yum Dvd03~G27~3~Victoriab - Set 01}
victoria060.jpg,140578,0a27a271,\Gallery27\02 - Victoriab\Set 01 - 2001-02-03\,{Shemale Yum Dvd03~G27~3~Victoriab - Set 01}
victoria061.jpg,121377,432556c3,\Gallery27\02 - Victoriab\Set 01 - 2001-02-03\,{Shemale Yum Dvd03~G27~3~Victoriab - Set 01}
victoria062.jpg,136343,72e6fdb8,\Gallery27\02 - Victoriab\Set 01 - 2001-02-03\,{Shemale Yum Dvd03~G27~3~Victoriab - Set 01}
victoria063.jpg,114560,e533d4f6,\Gallery27\02 - Victoriab\Set 01 - 2001-02-03\,{Shemale Yum Dvd03~G27~3~Victoriab - Set 01}
victoria064.jpg,121578,8a1bb0f8,\Gallery27\02 - Victoriab\Set 01 - 2001-02-03\,{Shemale Yum Dvd03~G27~3~Victoriab - Set 01}
victoria065.jpg,130233,605ad8d2,\Gallery27\02 - Victoriab\Set 01 - 2001-02-03\,{Shemale Yum Dvd03~G27~3~Victoriab - Set 01}
victoria066.jpg,119463,d8f99161,\Gallery27\02 - Victoriab\Set 01 - 2001-02-03\,{Shemale Yum Dvd03~G27~3~Victoriab - Set 01}
victoria067.jpg,136452,0f6fd023,\Gallery27\02 - Victoriab\Set 01 - 2001-02-03\,{Shemale Yum Dvd03~G27~3~Victoriab - Set 01}
victoria068.jpg,138915,c4181b84,\Gallery27\02 - Victoriab\Set 01 - 2001-02-03\,{Shemale Yum Dvd03~G27~3~Victoriab - Set 01}
victoria069.jpg,126049,e085a483,\Gallery27\02 - Victoriab\Set 01 - 2001-02-03\,{Shemale Yum Dvd03~G27~3~Victoriab - Set 01}
victoria070.jpg,125781,e2a06b47,\Gallery27\02 - Victoriab\Set 01 - 2001-02-03\,{Shemale Yum Dvd03~G27~3~Victoriab - Set 01}
victoria071.jpg,139065,5b0054b6,\Gallery27\02 - Victoriab\Set 01 - 2001-02-03\,{Shemale Yum Dvd03~G27~3~Victoriab - Set 01}
victoria072.jpg,143152,6fb96306,\Gallery27\02 - Victoriab\Set 01 - 2001-02-03\,{Shemale Yum Dvd03~G27~3~Victoriab - Set 01}
victoria073.jpg,126913,ee53963b,\Gallery27\02 - Victoriab\Set 01 - 2001-02-03\,{Shemale Yum Dvd03~G27~3~Victoriab - Set 01}
victoria074.jpg,122176,eca23eea,\Gallery27\02 - Victoriab\Set 01 - 2001-02-03\,{Shemale Yum Dvd03~G27~3~Victoriab - Set 01}
victoria075.jpg,113849,b3da25e5,\Gallery27\02 - Victoriab\Set 01 - 2001-02-03\,{Shemale Yum Dvd03~G27~3~Victoriab - Set 01}
victoria076.jpg,118309,f60f8963,\Gallery27\02 - Victoriab\Set 01 - 2001-02-03\,{Shemale Yum Dvd03~G27~3~Victoriab - Set 01}
victoria077.jpg,119634,61489d42,\Gallery27\02 - Victoriab\Set 01 - 2001-02-03\,{Shemale Yum Dvd03~G27~3~Victoriab - Set 01}
victoria078.jpg,126780,2340d59a,\Gallery27\02 - Victoriab\Set 01 - 2001-02-03\,{Shemale Yum Dvd03~G27~3~Victoriab - Set 01}
victoria079.jpg,125579,f5c3b330,\Gallery27\02 - Victoriab\Set 01 - 2001-02-03\,{Shemale Yum Dvd03~G27~3~Victoriab - Set 01}
victoria080.jpg,123859,8371d672,\Gallery27\02 - Victoriab\Set 01 - 2001-02-03\,{Shemale Yum Dvd03~G27~3~Victoriab - Set 01}
victoria081.jpg,122171,fe2ef160,\Gallery27\02 - Victoriab\Set 01 - 2001-02-03\,{Shemale Yum Dvd03~G27~3~Victoriab - Set 01}
victoria082.jpg,120298,a9ff88bf,\Gallery27\02 - Victoriab\Set 01 - 2001-02-03\,{Shemale Yum Dvd03~G27~3~Victoriab - Set 01}
victoria083.jpg,131816,8f8f45af,\Gallery27\02 - Victoriab\Set 01 - 2001-02-03\,{Shemale Yum Dvd03~G27~3~Victoriab - Set 01}
victoria084.jpg,124224,c998b468,\Gallery27\02 - Victoriab\Set 01 - 2001-02-03\,{Shemale Yum Dvd03~G27~3~Victoriab - Set 01}
victoria085.jpg,117283,09c172ba,\Gallery27\02 - Victoriab\Set 01 - 2001-02-03\,{Shemale Yum Dvd03~G27~3~Victoriab - Set 01}
victoria086.jpg,116783,ba8f94df,\Gallery27\02 - Victoriab\Set 01 - 2001-02-03\,{Shemale Yum Dvd03~G27~3~Victoriab - Set 01}
victoria087.jpg,117213,bc871157,\Gallery27\02 - Victoriab\Set 01 - 2001-02-03\,{Shemale Yum Dvd03~G27~3~Victoriab - Set 01}
victoria088.jpg,111841,6aac281b,\Gallery27\02 - Victoriab\Set 01 - 2001-02-03\,{Shemale Yum Dvd03~G27~3~Victoriab - Set 01}
victoria089.jpg,114446,0513621c,\Gallery27\02 - Victoriab\Set 01 - 2001-02-03\,{Shemale Yum Dvd03~G27~3~Victoriab - Set 01}
victoria090.jpg,115712,269a7eca,\Gallery27\02 - Victoriab\Set 01 - 2001-02-03\,{Shemale Yum Dvd03~G27~3~Victoriab - Set 01}
victoria091.jpg,93000,17ef827c,\Gallery27\02 - Victoriab\Set 01 - 2001-02-03\,{Shemale Yum Dvd03~G27~3~Victoriab - Set 01}
victoria092.jpg,109309,0b78c2a5,\Gallery27\02 - Victoriab\Set 01 - 2001-02-03\,{Shemale Yum Dvd03~G27~3~Victoriab - Set 01}
victoria093.jpg,98873,6b6c8c30,\Gallery27\02 - Victoriab\Set 01 - 2001-02-03\,{Shemale Yum Dvd03~G27~3~Victoriab - Set 01}
victoria094.jpg,110700,1792f68d,\Gallery27\02 - Victoriab\Set 01 - 2001-02-03\,{Shemale Yum Dvd03~G27~3~Victoriab - Set 01}
victoria095.jpg,99703,db63baf5,\Gallery27\02 - Victoriab\Set 01 - 2001-02-03\,{Shemale Yum Dvd03~G27~3~Victoriab - Set 01}
victoria096.jpg,94173,ad8c1964,\Gallery27\02 - Victoriab\Set 01 - 2001-02-03\,{Shemale Yum Dvd03~G27~3~Victoriab - Set 01}
victoria097.jpg,115513,4c103407,\Gallery27\02 - Victoriab\Set 01 - 2001-02-03\,{Shemale Yum Dvd03~G27~3~Victoriab - Set 01}
victoria098.jpg,102434,d7a4571c,\Gallery27\02 - Victoriab\Set 01 - 2001-02-03\,{Shemale Yum Dvd03~G27~3~Victoriab - Set 01}
victoria099.jpg,100956,01967366,\Gallery27\02 - Victoriab\Set 01 - 2001-02-03\,{Shemale Yum Dvd03~G27~3~Victoriab - Set 01}
victoria100.jpg,121778,729fd54e,\Gallery27\02 - Victoriab\Set 01 - 2001-02-03\,{Shemale Yum Dvd03~G27~3~Victoriab - Set 01}
victoria101.jpg,115741,53922365,\Gallery27\02 - Victoriab\Set 01 - 2001-02-03\,{Shemale Yum Dvd03~G27~3~Victoriab - Set 01}
victoria102.jpg,120223,ba10236e,\Gallery27\02 - Victoriab\Set 01 - 2001-02-03\,{Shemale Yum Dvd03~G27~3~Victoriab - Set 01}
victoria103.jpg,121632,f34f335f,\Gallery27\02 - Victoriab\Set 01 - 2001-02-03\,{Shemale Yum Dvd03~G27~3~Victoriab - Set 01}
victoria104.jpg,121670,dd5c59f3,\Gallery27\02 - Victoriab\Set 01 - 2001-02-03\,{Shemale Yum Dvd03~G27~3~Victoriab - Set 01}
victoria105.jpg,121051,7fec9662,\Gallery27\02 - Victoriab\Set 01 - 2001-02-03\,{Shemale Yum Dvd03~G27~3~Victoriab - Set 01}
victoria106.jpg,118868,e3756575,\Gallery27\02 - Victoriab\Set 01 - 2001-02-03\,{Shemale Yum Dvd03~G27~3~Victoriab - Set 01}
victoria107.jpg,111775,515fc6e7,\Gallery27\02 - Victoriab\Set 01 - 2001-02-03\,{Shemale Yum Dvd03~G27~3~Victoriab - Set 01}
victoria108.jpg,112490,019ad5e4,\Gallery27\02 - Victoriab\Set 01 - 2001-02-03\,{Shemale Yum Dvd03~G27~3~Victoriab - Set 01}
victoria109.jpg,110646,5e02052a,\Gallery27\02 - Victoriab\Set 01 - 2001-02-03\,{Shemale Yum Dvd03~G27~3~Victoriab - Set 01}
victoria110.jpg,113764,0d2edbe1,\Gallery27\02 - Victoriab\Set 01 - 2001-02-03\,{Shemale Yum Dvd03~G27~3~Victoriab - Set 01}
victoria111.jpg,111701,770d778f,\Gallery27\02 - Victoriab\Set 01 - 2001-02-03\,{Shemale Yum Dvd03~G27~3~Victoriab - Set 01}
victoria112.jpg,122340,9a94a771,\Gallery27\02 - Victoriab\Set 01 - 2001-02-03\,{Shemale Yum Dvd03~G27~3~Victoriab - Set 01}
victoria113.jpg,120263,27f75ae2,\Gallery27\02 - Victoriab\Set 01 - 2001-02-03\,{Shemale Yum Dvd03~G27~3~Victoriab - Set 01}
victoria114.jpg,137395,524060ec,\Gallery27\02 - Victoriab\Set 01 - 2001-02-03\,{Shemale Yum Dvd03~G27~3~Victoriab - Set 01}
victoria115.jpg,128365,b12c3166,\Gallery27\02 - Victoriab\Set 01 - 2001-02-03\,{Shemale Yum Dvd03~G27~3~Victoriab - Set 01}
victoria116.jpg,121370,3729637d,\Gallery27\02 - Victoriab\Set 01 - 2001-02-03\,{Shemale Yum Dvd03~G27~3~Victoriab - Set 01}
victoria117.jpg,112862,f17a7c7c,\Gallery27\02 - Victoriab\Set 01 - 2001-02-03\,{Shemale Yum Dvd03~G27~3~Victoriab - Set 01}
victoria118.jpg,120507,07c5edb2,\Gallery27\02 - Victoriab\Set 01 - 2001-02-03\,{Shemale Yum Dvd03~G27~3~Victoriab - Set 01}
victoria119.jpg,127886,1a2636f6,\Gallery27\02 - Victoriab\Set 01 - 2001-02-03\,{Shemale Yum Dvd03~G27~3~Victoriab - Set 01}
victoria120.jpg,127683,92fed2e7,\Gallery27\02 - Victoriab\Set 01 - 2001-02-03\,{Shemale Yum Dvd03~G27~3~Victoriab - Set 01}
victoria121.jpg,125571,3790de58,\Gallery27\02 - Victoriab\Set 01 - 2001-02-03\,{Shemale Yum Dvd03~G27~3~Victoriab - Set 01}
victoria122.jpg,121316,747f6b9b,\Gallery27\02 - Victoriab\Set 01 - 2001-02-03\,{Shemale Yum Dvd03~G27~3~Victoriab - Set 01}
victoria123.jpg,111834,c02fd2bb,\Gallery27\02 - Victoriab\Set 01 - 2001-02-03\,{Shemale Yum Dvd03~G27~3~Victoriab - Set 01}
victoria124.jpg,124142,a85d6be7,\Gallery27\02 - Victoriab\Set 01 - 2001-02-03\,{Shemale Yum Dvd03~G27~3~Victoriab - Set 01}
victoria125.jpg,130309,4589bcf4,\Gallery27\02 - Victoriab\Set 01 - 2001-02-03\,{Shemale Yum Dvd03~G27~3~Victoriab - Set 01}
victoria126.jpg,132953,4bcfb44d,\Gallery27\02 - Victoriab\Set 01 - 2001-02-03\,{Shemale Yum Dvd03~G27~3~Victoriab - Set 01}
victoria127.jpg,133866,e258a7ea,\Gallery27\02 - Victoriab\Set 01 - 2001-02-03\,{Shemale Yum Dvd03~G27~3~Victoriab - Set 01}
victoria128.jpg,125505,95c20c4a,\Gallery27\02 - Victoriab\Set 01 - 2001-02-03\,{Shemale Yum Dvd03~G27~3~Victoriab - Set 01}
victoria129.jpg,121504,6acde8f9,\Gallery27\02 - Victoriab\Set 01 - 2001-02-03\,{Shemale Yum Dvd03~G27~3~Victoriab - Set 01}
victoria130.jpg,122113,024d9ef1,\Gallery27\02 - Victoriab\Set 01 - 2001-02-03\,{Shemale Yum Dvd03~G27~3~Victoriab - Set 01}
victoria131.jpg,128031,a4d0b6cd,\Gallery27\02 - Victoriab\Set 01 - 2001-02-03\,{Shemale Yum Dvd03~G27~3~Victoriab - Set 01}
victoria132.jpg,104776,7b6cbd33,\Gallery27\02 - Victoriab\Set 01 - 2001-02-03\,{Shemale Yum Dvd03~G27~3~Victoriab - Set 01}
victoria133.jpg,122022,0eecc208,\Gallery27\02 - Victoriab\Set 01 - 2001-02-03\,{Shemale Yum Dvd03~G27~3~Victoriab - Set 01}
victoria134.jpg,113379,b8ffa20e,\Gallery27\02 - Victoriab\Set 01 - 2001-02-03\,{Shemale Yum Dvd03~G27~3~Victoriab - Set 01}
victoria135.jpg,114018,d5a91cbc,\Gallery27\02 - Victoriab\Set 01 - 2001-02-03\,{Shemale Yum Dvd03~G27~3~Victoriab - Set 01}
victoria136.jpg,127030,d221258e,\Gallery27\02 - Victoriab\Set 01 - 2001-02-03\,{Shemale Yum Dvd03~G27~3~Victoriab - Set 01}
victoriab2001.jpg,163584,069d6199,\Gallery27\02 - Victoriab\Set 02 - 2004-06-20\,{Shemale Yum Dvd03~G27~4~Victoriab - Set 02}
victoriab2002.jpg,151799,c6b32aad,\Gallery27\02 - Victoriab\Set 02 - 2004-06-20\,{Shemale Yum Dvd03~G27~4~Victoriab - Set 02}
victoriab2003.jpg,149565,207e0c30,\Gallery27\02 - Victoriab\Set 02 - 2004-06-20\,{Shemale Yum Dvd03~G27~4~Victoriab - Set 02}
victoriab2004.jpg,140992,9873be94,\Gallery27\02 - Victoriab\Set 02 - 2004-06-20\,{Shemale Yum Dvd03~G27~4~Victoriab - Set 02}
victoriab2005.jpg,134456,9962a76a,\Gallery27\02 - Victoriab\Set 02 - 2004-06-20\,{Shemale Yum Dvd03~G27~4~Victoriab - Set 02}
victoriab2006.jpg,142726,d272db35,\Gallery27\02 - Victoriab\Set 02 - 2004-06-20\,{Shemale Yum Dvd03~G27~4~Victoriab - Set 02}
victoriab2007.jpg,178064,0c375354,\Gallery27\02 - Victoriab\Set 02 - 2004-06-20\,{Shemale Yum Dvd03~G27~4~Victoriab - Set 02}
victoriab2008.jpg,185151,5db3188f,\Gallery27\02 - Victoriab\Set 02 - 2004-06-20\,{Shemale Yum Dvd03~G27~4~Victoriab - Set 02}
victoriab2009.jpg,165724,e88d972c,\Gallery27\02 - Victoriab\Set 02 - 2004-06-20\,{Shemale Yum Dvd03~G27~4~Victoriab - Set 02}
victoriab2010.jpg,168982,14de3559,\Gallery27\02 - Victoriab\Set 02 - 2004-06-20\,{Shemale Yum Dvd03~G27~4~Victoriab - Set 02}
victoriab2011.jpg,134211,032089c3,\Gallery27\02 - Victoriab\Set 02 - 2004-06-20\,{Shemale Yum Dvd03~G27~4~Victoriab - Set 02}
victoriab2012.jpg,182259,3310f2e7,\Gallery27\02 - Victoriab\Set 02 - 2004-06-20\,{Shemale Yum Dvd03~G27~4~Victoriab - Set 02}
victoriab2013.jpg,167465,6003937c,\Gallery27\02 - Victoriab\Set 02 - 2004-06-20\,{Shemale Yum Dvd03~G27~4~Victoriab - Set 02}
victoriab2014.jpg,197714,ef9548cf,\Gallery27\02 - Victoriab\Set 02 - 2004-06-20\,{Shemale Yum Dvd03~G27~4~Victoriab - Set 02}
victoriab2015.jpg,193162,5500c719,\Gallery27\02 - Victoriab\Set 02 - 2004-06-20\,{Shemale Yum Dvd03~G27~4~Victoriab - Set 02}
victoriab2016.jpg,194452,5424ec7b,\Gallery27\02 - Victoriab\Set 02 - 2004-06-20\,{Shemale Yum Dvd03~G27~4~Victoriab - Set 02}
victoriab2017.jpg,147112,4000e7d8,\Gallery27\02 - Victoriab\Set 02 - 2004-06-20\,{Shemale Yum Dvd03~G27~4~Victoriab - Set 02}
victoriab2018.jpg,154371,7a4b3e49,\Gallery27\02 - Victoriab\Set 02 - 2004-06-20\,{Shemale Yum Dvd03~G27~4~Victoriab - Set 02}
victoriab2019.jpg,160101,c95fb494,\Gallery27\02 - Victoriab\Set 02 - 2004-06-20\,{Shemale Yum Dvd03~G27~4~Victoriab - Set 02}
victoriab2020.jpg,120393,91c3c265,\Gallery27\02 - Victoriab\Set 02 - 2004-06-20\,{Shemale Yum Dvd03~G27~4~Victoriab - Set 02}
victoriab2021.jpg,132439,1716fc28,\Gallery27\02 - Victoriab\Set 02 - 2004-06-20\,{Shemale Yum Dvd03~G27~4~Victoriab - Set 02}
victoriab2022.jpg,136696,b914332e,\Gallery27\02 - Victoriab\Set 02 - 2004-06-20\,{Shemale Yum Dvd03~G27~4~Victoriab - Set 02}
victoriab2023.jpg,141489,81489970,\Gallery27\02 - Victoriab\Set 02 - 2004-06-20\,{Shemale Yum Dvd03~G27~4~Victoriab - Set 02}
victoriab2024.jpg,135291,26cdf9a4,\Gallery27\02 - Victoriab\Set 02 - 2004-06-20\,{Shemale Yum Dvd03~G27~4~Victoriab - Set 02}
victoriab2025.jpg,117361,10e6b8bf,\Gallery27\02 - Victoriab\Set 02 - 2004-06-20\,{Shemale Yum Dvd03~G27~4~Victoriab - Set 02}
victoriab2026.jpg,120657,feff464c,\Gallery27\02 - Victoriab\Set 02 - 2004-06-20\,{Shemale Yum Dvd03~G27~4~Victoriab - Set 02}
victoriab2027.jpg,133551,da39106c,\Gallery27\02 - Victoriab\Set 02 - 2004-06-20\,{Shemale Yum Dvd03~G27~4~Victoriab - Set 02}
victoriab2028.jpg,138328,c79e32da,\Gallery27\02 - Victoriab\Set 02 - 2004-06-20\,{Shemale Yum Dvd03~G27~4~Victoriab - Set 02}
victoriab2029.jpg,139002,f8a55030,\Gallery27\02 - Victoriab\Set 02 - 2004-06-20\,{Shemale Yum Dvd03~G27~4~Victoriab - Set 02}
victoriab2030.jpg,140244,e68842b9,\Gallery27\02 - Victoriab\Set 02 - 2004-06-20\,{Shemale Yum Dvd03~G27~4~Victoriab - Set 02}
victoriab2031.jpg,145341,583c3af8,\Gallery27\02 - Victoriab\Set 02 - 2004-06-20\,{Shemale Yum Dvd03~G27~4~Victoriab - Set 02}
victoriab2032.jpg,148755,96b99a11,\Gallery27\02 - Victoriab\Set 02 - 2004-06-20\,{Shemale Yum Dvd03~G27~4~Victoriab - Set 02}
victoriab2033.jpg,155931,9f510917,\Gallery27\02 - Victoriab\Set 02 - 2004-06-20\,{Shemale Yum Dvd03~G27~4~Victoriab - Set 02}
victoriab2034.jpg,146108,00fd8cce,\Gallery27\02 - Victoriab\Set 02 - 2004-06-20\,{Shemale Yum Dvd03~G27~4~Victoriab - Set 02}
victoriab2035.jpg,148801,5c69eade,\Gallery27\02 - Victoriab\Set 02 - 2004-06-20\,{Shemale Yum Dvd03~G27~4~Victoriab - Set 02}
victoriab2036.jpg,148693,56f6d89c,\Gallery27\02 - Victoriab\Set 02 - 2004-06-20\,{Shemale Yum Dvd03~G27~4~Victoriab - Set 02}
victoriab2037.jpg,136686,7b1f7ef5,\Gallery27\02 - Victoriab\Set 02 - 2004-06-20\,{Shemale Yum Dvd03~G27~4~Victoriab - Set 02}
victoriab2038.jpg,167910,cc2d5066,\Gallery27\02 - Victoriab\Set 02 - 2004-06-20\,{Shemale Yum Dvd03~G27~4~Victoriab - Set 02}
victoriab2039.jpg,145916,09afe132,\Gallery27\02 - Victoriab\Set 02 - 2004-06-20\,{Shemale Yum Dvd03~G27~4~Victoriab - Set 02}
victoriab2040.jpg,185276,98f384cd,\Gallery27\02 - Victoriab\Set 02 - 2004-06-20\,{Shemale Yum Dvd03~G27~4~Victoriab - Set 02}
victoriab2041.jpg,195723,d3ad2170,\Gallery27\02 - Victoriab\Set 02 - 2004-06-20\,{Shemale Yum Dvd03~G27~4~Victoriab - Set 02}
victoriab2042.jpg,157694,d6602a75,\Gallery27\02 - Victoriab\Set 02 - 2004-06-20\,{Shemale Yum Dvd03~G27~4~Victoriab - Set 02}
victoriab2043.jpg,162219,ea19da90,\Gallery27\02 - Victoriab\Set 02 - 2004-06-20\,{Shemale Yum Dvd03~G27~4~Victoriab - Set 02}
victoriab2044.jpg,149777,ef52bb50,\Gallery27\02 - Victoriab\Set 02 - 2004-06-20\,{Shemale Yum Dvd03~G27~4~Victoriab - Set 02}
victoriab2045.jpg,137424,365a5caf,\Gallery27\02 - Victoriab\Set 02 - 2004-06-20\,{Shemale Yum Dvd03~G27~4~Victoriab - Set 02}
victoriab2046.jpg,143798,1454028d,\Gallery27\02 - Victoriab\Set 02 - 2004-06-20\,{Shemale Yum Dvd03~G27~4~Victoriab - Set 02}
victoriab2047.jpg,119126,e1865330,\Gallery27\02 - Victoriab\Set 02 - 2004-06-20\,{Shemale Yum Dvd03~G27~4~Victoriab - Set 02}
victoriab2048.jpg,146774,c70f6a56,\Gallery27\02 - Victoriab\Set 02 - 2004-06-20\,{Shemale Yum Dvd03~G27~4~Victoriab - Set 02}
victoriab2049.jpg,147317,2e1ed9d3,\Gallery27\02 - Victoriab\Set 02 - 2004-06-20\,{Shemale Yum Dvd03~G27~4~Victoriab - Set 02}
victoriab2050.jpg,173361,55affe21,\Gallery27\02 - Victoriab\Set 02 - 2004-06-20\,{Shemale Yum Dvd03~G27~4~Victoriab - Set 02}
victoriab2051.jpg,165431,7a46cc37,\Gallery27\02 - Victoriab\Set 02 - 2004-06-20\,{Shemale Yum Dvd03~G27~4~Victoriab - Set 02}
victoriab2052.jpg,168841,e8ae4123,\Gallery27\02 - Victoriab\Set 02 - 2004-06-20\,{Shemale Yum Dvd03~G27~4~Victoriab - Set 02}
victoriab2053.jpg,155241,cbf6d743,\Gallery27\02 - Victoriab\Set 02 - 2004-06-20\,{Shemale Yum Dvd03~G27~4~Victoriab - Set 02}
victoriab2054.jpg,138613,42e56a0b,\Gallery27\02 - Victoriab\Set 02 - 2004-06-20\,{Shemale Yum Dvd03~G27~4~Victoriab - Set 02}
victoriab2055.jpg,142352,b21fa1a1,\Gallery27\02 - Victoriab\Set 02 - 2004-06-20\,{Shemale Yum Dvd03~G27~4~Victoriab - Set 02}
victoriab2056.jpg,131214,61d8c0d3,\Gallery27\02 - Victoriab\Set 02 - 2004-06-20\,{Shemale Yum Dvd03~G27~4~Victoriab - Set 02}
victoriab2057.jpg,126823,fcee0d15,\Gallery27\02 - Victoriab\Set 02 - 2004-06-20\,{Shemale Yum Dvd03~G27~4~Victoriab - Set 02}
victoriab2058.jpg,165523,66ff62fe,\Gallery27\02 - Victoriab\Set 02 - 2004-06-20\,{Shemale Yum Dvd03~G27~4~Victoriab - Set 02}
victoriab2059.jpg,154420,53cfaa48,\Gallery27\02 - Victoriab\Set 02 - 2004-06-20\,{Shemale Yum Dvd03~G27~4~Victoriab - Set 02}
victoriab2060.jpg,140874,6f56ea80,\Gallery27\02 - Victoriab\Set 02 - 2004-06-20\,{Shemale Yum Dvd03~G27~4~Victoriab - Set 02}
victoriab2061.jpg,124715,537626e4,\Gallery27\02 - Victoriab\Set 02 - 2004-06-20\,{Shemale Yum Dvd03~G27~4~Victoriab - Set 02}
victoriab2062.jpg,200132,d1de9457,\Gallery27\02 - Victoriab\Set 02 - 2004-06-20\,{Shemale Yum Dvd03~G27~4~Victoriab - Set 02}
victoriab2063.jpg,136870,5dec1e00,\Gallery27\02 - Victoriab\Set 02 - 2004-06-20\,{Shemale Yum Dvd03~G27~4~Victoriab - Set 02}
victoriab2064.jpg,132662,1dd6ad5c,\Gallery27\02 - Victoriab\Set 02 - 2004-06-20\,{Shemale Yum Dvd03~G27~4~Victoriab - Set 02}
victoriab2065.jpg,153086,ca263c2e,\Gallery27\02 - Victoriab\Set 02 - 2004-06-20\,{Shemale Yum Dvd03~G27~4~Victoriab - Set 02}
victoriab2066.jpg,147266,6037e42d,\Gallery27\02 - Victoriab\Set 02 - 2004-06-20\,{Shemale Yum Dvd03~G27~4~Victoriab - Set 02}
victoriab2067.jpg,148709,db1faf2b,\Gallery27\02 - Victoriab\Set 02 - 2004-06-20\,{Shemale Yum Dvd03~G27~4~Victoriab - Set 02}
victoriab2068.jpg,153431,be534aee,\Gallery27\02 - Victoriab\Set 02 - 2004-06-20\,{Shemale Yum Dvd03~G27~4~Victoriab - Set 02}
victoriab2069.jpg,147873,6fae9fd7,\Gallery27\02 - Victoriab\Set 02 - 2004-06-20\,{Shemale Yum Dvd03~G27~4~Victoriab - Set 02}
victoriab2070.jpg,159701,115dfdf8,\Gallery27\02 - Victoriab\Set 02 - 2004-06-20\,{Shemale Yum Dvd03~G27~4~Victoriab - Set 02}
victoriab2071.jpg,124712,26380332,\Gallery27\02 - Victoriab\Set 02 - 2004-06-20\,{Shemale Yum Dvd03~G27~4~Victoriab - Set 02}
victoriab2072.jpg,152945,17e238dc,\Gallery27\02 - Victoriab\Set 02 - 2004-06-20\,{Shemale Yum Dvd03~G27~4~Victoriab - Set 02}
victoriab2073.jpg,167190,af12a0cf,\Gallery27\02 - Victoriab\Set 02 - 2004-06-20\,{Shemale Yum Dvd03~G27~4~Victoriab - Set 02}
victoriab2074.jpg,122312,de1e2d7b,\Gallery27\02 - Victoriab\Set 02 - 2004-06-20\,{Shemale Yum Dvd03~G27~4~Victoriab - Set 02}
victoriab2075.jpg,123666,c94a148a,\Gallery27\02 - Victoriab\Set 02 - 2004-06-20\,{Shemale Yum Dvd03~G27~4~Victoriab - Set 02}
victoriab2076.jpg,130499,03855a7a,\Gallery27\02 - Victoriab\Set 02 - 2004-06-20\,{Shemale Yum Dvd03~G27~4~Victoriab - Set 02}
victoriab2077.jpg,151210,f4efd141,\Gallery27\02 - Victoriab\Set 02 - 2004-06-20\,{Shemale Yum Dvd03~G27~4~Victoriab - Set 02}
victoriab2078.jpg,117934,8876c137,\Gallery27\02 - Victoriab\Set 02 - 2004-06-20\,{Shemale Yum Dvd03~G27~4~Victoriab - Set 02}
victoriab2079.jpg,169621,2851a2b0,\Gallery27\02 - Victoriab\Set 02 - 2004-06-20\,{Shemale Yum Dvd03~G27~4~Victoriab - Set 02}
victoriab2080.jpg,165389,ba3dc9f6,\Gallery27\02 - Victoriab\Set 02 - 2004-06-20\,{Shemale Yum Dvd03~G27~4~Victoriab - Set 02}
victoriab2081.jpg,131708,636eee09,\Gallery27\02 - Victoriab\Set 02 - 2004-06-20\,{Shemale Yum Dvd03~G27~4~Victoriab - Set 02}
victoriab2082.jpg,154067,6c7b03f6,\Gallery27\02 - Victoriab\Set 02 - 2004-06-20\,{Shemale Yum Dvd03~G27~4~Victoriab - Set 02}
victoriab2083.jpg,158442,f58ad8a1,\Gallery27\02 - Victoriab\Set 02 - 2004-06-20\,{Shemale Yum Dvd03~G27~4~Victoriab - Set 02}
victoriab2084.jpg,173282,19a2703b,\Gallery27\02 - Victoriab\Set 02 - 2004-06-20\,{Shemale Yum Dvd03~G27~4~Victoriab - Set 02}
victoriab2085.jpg,157493,8d1ee2ee,\Gallery27\02 - Victoriab\Set 02 - 2004-06-20\,{Shemale Yum Dvd03~G27~4~Victoriab - Set 02}
victoriab2086.jpg,159020,57a0ab4c,\Gallery27\02 - Victoriab\Set 02 - 2004-06-20\,{Shemale Yum Dvd03~G27~4~Victoriab - Set 02}
victoriab2087.jpg,142436,ca156508,\Gallery27\02 - Victoriab\Set 02 - 2004-06-20\,{Shemale Yum Dvd03~G27~4~Victoriab - Set 02}
victoriab2088.jpg,160591,cc9db7b5,\Gallery27\02 - Victoriab\Set 02 - 2004-06-20\,{Shemale Yum Dvd03~G27~4~Victoriab - Set 02}
victoriab2089.jpg,183033,2ba39d89,\Gallery27\02 - Victoriab\Set 02 - 2004-06-20\,{Shemale Yum Dvd03~G27~4~Victoriab - Set 02}
victoriab2090.jpg,141225,393c913b,\Gallery27\02 - Victoriab\Set 02 - 2004-06-20\,{Shemale Yum Dvd03~G27~4~Victoriab - Set 02}
victoriab2091.jpg,144939,36313fd9,\Gallery27\02 - Victoriab\Set 02 - 2004-06-20\,{Shemale Yum Dvd03~G27~4~Victoriab - Set 02}
victoriab2092.jpg,186272,955df208,\Gallery27\02 - Victoriab\Set 02 - 2004-06-20\,{Shemale Yum Dvd03~G27~4~Victoriab - Set 02}
victoriab2093.jpg,154536,3ab155c2,\Gallery27\02 - Victoriab\Set 02 - 2004-06-20\,{Shemale Yum Dvd03~G27~4~Victoriab - Set 02}
victoriab2094.jpg,130261,3e333e57,\Gallery27\02 - Victoriab\Set 02 - 2004-06-20\,{Shemale Yum Dvd03~G27~4~Victoriab - Set 02}
victoriab2095.jpg,135870,3f51aaac,\Gallery27\02 - Victoriab\Set 02 - 2004-06-20\,{Shemale Yum Dvd03~G27~4~Victoriab - Set 02}
victoriab2096.jpg,166962,16681560,\Gallery27\02 - Victoriab\Set 02 - 2004-06-20\,{Shemale Yum Dvd03~G27~4~Victoriab - Set 02}
victoriab2097.jpg,149968,65d44e75,\Gallery27\02 - Victoriab\Set 02 - 2004-06-20\,{Shemale Yum Dvd03~G27~4~Victoriab - Set 02}
victoriab2098.jpg,146796,ff94816e,\Gallery27\02 - Victoriab\Set 02 - 2004-06-20\,{Shemale Yum Dvd03~G27~4~Victoriab - Set 02}
victoriab2099.jpg,121942,aec35f1a,\Gallery27\02 - Victoriab\Set 02 - 2004-06-20\,{Shemale Yum Dvd03~G27~4~Victoriab - Set 02}
victoriab2100.jpg,110782,1bc09da6,\Gallery27\02 - Victoriab\Set 02 - 2004-06-20\,{Shemale Yum Dvd03~G27~4~Victoriab - Set 02}
victoriab2101.jpg,121596,809b5e09,\Gallery27\02 - Victoriab\Set 02 - 2004-06-20\,{Shemale Yum Dvd03~G27~4~Victoriab - Set 02}
victoriab3001.jpg,161093,d7b3cbe0,\Gallery27\02 - Victoriab\Set 03 - 2004-08-22\,{Shemale Yum Dvd03~G27~5~Victoriab - Set 03}
victoriab3002.jpg,185406,261e4015,\Gallery27\02 - Victoriab\Set 03 - 2004-08-22\,{Shemale Yum Dvd03~G27~5~Victoriab - Set 03}
victoriab3003.jpg,127007,04c9ab34,\Gallery27\02 - Victoriab\Set 03 - 2004-08-22\,{Shemale Yum Dvd03~G27~5~Victoriab - Set 03}
victoriab3004.jpg,172347,8cb81a6f,\Gallery27\02 - Victoriab\Set 03 - 2004-08-22\,{Shemale Yum Dvd03~G27~5~Victoriab - Set 03}
victoriab3005.jpg,144238,59361fc8,\Gallery27\02 - Victoriab\Set 03 - 2004-08-22\,{Shemale Yum Dvd03~G27~5~Victoriab - Set 03}
victoriab3006.jpg,145844,447655b7,\Gallery27\02 - Victoriab\Set 03 - 2004-08-22\,{Shemale Yum Dvd03~G27~5~Victoriab - Set 03}
victoriab3007.jpg,147608,3136442f,\Gallery27\02 - Victoriab\Set 03 - 2004-08-22\,{Shemale Yum Dvd03~G27~5~Victoriab - Set 03}
victoriab3008.jpg,137754,a828ebd5,\Gallery27\02 - Victoriab\Set 03 - 2004-08-22\,{Shemale Yum Dvd03~G27~5~Victoriab - Set 03}
victoriab3009.jpg,130425,4a4ab2f9,\Gallery27\02 - Victoriab\Set 03 - 2004-08-22\,{Shemale Yum Dvd03~G27~5~Victoriab - Set 03}
victoriab3010.jpg,197168,8da975c2,\Gallery27\02 - Victoriab\Set 03 - 2004-08-22\,{Shemale Yum Dvd03~G27~5~Victoriab - Set 03}
victoriab3011.jpg,149486,82197b17,\Gallery27\02 - Victoriab\Set 03 - 2004-08-22\,{Shemale Yum Dvd03~G27~5~Victoriab - Set 03}
victoriab3012.jpg,179017,1d34c765,\Gallery27\02 - Victoriab\Set 03 - 2004-08-22\,{Shemale Yum Dvd03~G27~5~Victoriab - Set 03}
victoriab3013.jpg,167763,624decd0,\Gallery27\02 - Victoriab\Set 03 - 2004-08-22\,{Shemale Yum Dvd03~G27~5~Victoriab - Set 03}
victoriab3014.jpg,168028,fedef8e9,\Gallery27\02 - Victoriab\Set 03 - 2004-08-22\,{Shemale Yum Dvd03~G27~5~Victoriab - Set 03}
victoriab3015.jpg,175584,361d87da,\Gallery27\02 - Victoriab\Set 03 - 2004-08-22\,{Shemale Yum Dvd03~G27~5~Victoriab - Set 03}
victoriab3016.jpg,178449,11eae93b,\Gallery27\02 - Victoriab\Set 03 - 2004-08-22\,{Shemale Yum Dvd03~G27~5~Victoriab - Set 03}
victoriab3017.jpg,174499,6e6fe482,\Gallery27\02 - Victoriab\Set 03 - 2004-08-22\,{Shemale Yum Dvd03~G27~5~Victoriab - Set 03}
victoriab3018.jpg,162633,757451ae,\Gallery27\02 - Victoriab\Set 03 - 2004-08-22\,{Shemale Yum Dvd03~G27~5~Victoriab - Set 03}
victoriab3019.jpg,170945,6e52299c,\Gallery27\02 - Victoriab\Set 03 - 2004-08-22\,{Shemale Yum Dvd03~G27~5~Victoriab - Set 03}
victoriab3020.jpg,171770,639c1cc3,\Gallery27\02 - Victoriab\Set 03 - 2004-08-22\,{Shemale Yum Dvd03~G27~5~Victoriab - Set 03}
victoriab3021.jpg,172477,1b844603,\Gallery27\02 - Victoriab\Set 03 - 2004-08-22\,{Shemale Yum Dvd03~G27~5~Victoriab - Set 03}
victoriab3022.jpg,177831,c915b874,\Gallery27\02 - Victoriab\Set 03 - 2004-08-22\,{Shemale Yum Dvd03~G27~5~Victoriab - Set 03}
victoriab3023.jpg,170785,8b635b33,\Gallery27\02 - Victoriab\Set 03 - 2004-08-22\,{Shemale Yum Dvd03~G27~5~Victoriab - Set 03}
victoriab3024.jpg,148887,0bb1f86c,\Gallery27\02 - Victoriab\Set 03 - 2004-08-22\,{Shemale Yum Dvd03~G27~5~Victoriab - Set 03}
victoriab3025.jpg,172845,99bf5916,\Gallery27\02 - Victoriab\Set 03 - 2004-08-22\,{Shemale Yum Dvd03~G27~5~Victoriab - Set 03}
victoriab3026.jpg,135687,0eaaae80,\Gallery27\02 - Victoriab\Set 03 - 2004-08-22\,{Shemale Yum Dvd03~G27~5~Victoriab - Set 03}
victoriab3027.jpg,181020,8453297a,\Gallery27\02 - Victoriab\Set 03 - 2004-08-22\,{Shemale Yum Dvd03~G27~5~Victoriab - Set 03}
victoriab3028.jpg,198206,ecdc3ef5,\Gallery27\02 - Victoriab\Set 03 - 2004-08-22\,{Shemale Yum Dvd03~G27~5~Victoriab - Set 03}
victoriab3029.jpg,174432,3868ea71,\Gallery27\02 - Victoriab\Set 03 - 2004-08-22\,{Shemale Yum Dvd03~G27~5~Victoriab - Set 03}
victoriab3030.jpg,191891,b6680ac6,\Gallery27\02 - Victoriab\Set 03 - 2004-08-22\,{Shemale Yum Dvd03~G27~5~Victoriab - Set 03}
victoriab3031.jpg,165266,d6853987,\Gallery27\02 - Victoriab\Set 03 - 2004-08-22\,{Shemale Yum Dvd03~G27~5~Victoriab - Set 03}
victoriab3032.jpg,156440,13418cd4,\Gallery27\02 - Victoriab\Set 03 - 2004-08-22\,{Shemale Yum Dvd03~G27~5~Victoriab - Set 03}
victoriab3033.jpg,183207,c2426da0,\Gallery27\02 - Victoriab\Set 03 - 2004-08-22\,{Shemale Yum Dvd03~G27~5~Victoriab - Set 03}
victoriab3034.jpg,145651,c773409b,\Gallery27\02 - Victoriab\Set 03 - 2004-08-22\,{Shemale Yum Dvd03~G27~5~Victoriab - Set 03}
victoriab3035.jpg,171726,5a09bafb,\Gallery27\02 - Victoriab\Set 03 - 2004-08-22\,{Shemale Yum Dvd03~G27~5~Victoriab - Set 03}
victoriab3036.jpg,178637,3b8d778f,\Gallery27\02 - Victoriab\Set 03 - 2004-08-22\,{Shemale Yum Dvd03~G27~5~Victoriab - Set 03}
victoriab3037.jpg,172420,0665b58c,\Gallery27\02 - Victoriab\Set 03 - 2004-08-22\,{Shemale Yum Dvd03~G27~5~Victoriab - Set 03}
victoriab3038.jpg,140106,108d2562,\Gallery27\02 - Victoriab\Set 03 - 2004-08-22\,{Shemale Yum Dvd03~G27~5~Victoriab - Set 03}
victoriab3039.jpg,170860,4bdf1169,\Gallery27\02 - Victoriab\Set 03 - 2004-08-22\,{Shemale Yum Dvd03~G27~5~Victoriab - Set 03}
victoriab3040.jpg,181429,cdbd589f,\Gallery27\02 - Victoriab\Set 03 - 2004-08-22\,{Shemale Yum Dvd03~G27~5~Victoriab - Set 03}
victoriab3041.jpg,151166,d75069d9,\Gallery27\02 - Victoriab\Set 03 - 2004-08-22\,{Shemale Yum Dvd03~G27~5~Victoriab - Set 03}
victoriab3042.jpg,164950,233f45be,\Gallery27\02 - Victoriab\Set 03 - 2004-08-22\,{Shemale Yum Dvd03~G27~5~Victoriab - Set 03}
victoriab3043.jpg,149540,64bfa122,\Gallery27\02 - Victoriab\Set 03 - 2004-08-22\,{Shemale Yum Dvd03~G27~5~Victoriab - Set 03}
victoriab3044.jpg,161982,4b9efcb7,\Gallery27\02 - Victoriab\Set 03 - 2004-08-22\,{Shemale Yum Dvd03~G27~5~Victoriab - Set 03}
victoriab3045.jpg,164309,934eba67,\Gallery27\02 - Victoriab\Set 03 - 2004-08-22\,{Shemale Yum Dvd03~G27~5~Victoriab - Set 03}
victoriab3046.jpg,159355,32b59f82,\Gallery27\02 - Victoriab\Set 03 - 2004-08-22\,{Shemale Yum Dvd03~G27~5~Victoriab - Set 03}
victoriab3047.jpg,143245,6294d2e9,\Gallery27\02 - Victoriab\Set 03 - 2004-08-22\,{Shemale Yum Dvd03~G27~5~Victoriab - Set 03}
victoriab3048.jpg,155039,a351bd3e,\Gallery27\02 - Victoriab\Set 03 - 2004-08-22\,{Shemale Yum Dvd03~G27~5~Victoriab - Set 03}
victoriab3049.jpg,157772,8b2af3ce,\Gallery27\02 - Victoriab\Set 03 - 2004-08-22\,{Shemale Yum Dvd03~G27~5~Victoriab - Set 03}
victoriab3050.jpg,138679,3ca7eaf5,\Gallery27\02 - Victoriab\Set 03 - 2004-08-22\,{Shemale Yum Dvd03~G27~5~Victoriab - Set 03}
victoriab3051.jpg,173180,e3db04eb,\Gallery27\02 - Victoriab\Set 03 - 2004-08-22\,{Shemale Yum Dvd03~G27~5~Victoriab - Set 03}
victoriab3052.jpg,111306,77805075,\Gallery27\02 - Victoriab\Set 03 - 2004-08-22\,{Shemale Yum Dvd03~G27~5~Victoriab - Set 03}
victoriab3053.jpg,131303,63c2e72f,\Gallery27\02 - Victoriab\Set 03 - 2004-08-22\,{Shemale Yum Dvd03~G27~5~Victoriab - Set 03}
victoriab3054.jpg,165115,219bee4f,\Gallery27\02 - Victoriab\Set 03 - 2004-08-22\,{Shemale Yum Dvd03~G27~5~Victoriab - Set 03}
victoriab3055.jpg,166990,4b341e57,\Gallery27\02 - Victoriab\Set 03 - 2004-08-22\,{Shemale Yum Dvd03~G27~5~Victoriab - Set 03}
victoriab3056.jpg,187488,1825b73c,\Gallery27\02 - Victoriab\Set 03 - 2004-08-22\,{Shemale Yum Dvd03~G27~5~Victoriab - Set 03}
victoriab3057.jpg,173432,93a9a6a5,\Gallery27\02 - Victoriab\Set 03 - 2004-08-22\,{Shemale Yum Dvd03~G27~5~Victoriab - Set 03}
victoriab3058.jpg,159234,dd61655f,\Gallery27\02 - Victoriab\Set 03 - 2004-08-22\,{Shemale Yum Dvd03~G27~5~Victoriab - Set 03}
victoriab3059.jpg,137782,34feb864,\Gallery27\02 - Victoriab\Set 03 - 2004-08-22\,{Shemale Yum Dvd03~G27~5~Victoriab - Set 03}
victoriab3060.jpg,143312,de6a2108,\Gallery27\02 - Victoriab\Set 03 - 2004-08-22\,{Shemale Yum Dvd03~G27~5~Victoriab - Set 03}
victoriab3061.jpg,134560,a20f48cc,\Gallery27\02 - Victoriab\Set 03 - 2004-08-22\,{Shemale Yum Dvd03~G27~5~Victoriab - Set 03}
victoriab3062.jpg,126664,7719ae58,\Gallery27\02 - Victoriab\Set 03 - 2004-08-22\,{Shemale Yum Dvd03~G27~5~Victoriab - Set 03}
victoriab3063.jpg,134065,6398ee45,\Gallery27\02 - Victoriab\Set 03 - 2004-08-22\,{Shemale Yum Dvd03~G27~5~Victoriab - Set 03}
victoriab3064.jpg,141008,c8cce4cb,\Gallery27\02 - Victoriab\Set 03 - 2004-08-22\,{Shemale Yum Dvd03~G27~5~Victoriab - Set 03}
victoriab3065.jpg,128609,17052c64,\Gallery27\02 - Victoriab\Set 03 - 2004-08-22\,{Shemale Yum Dvd03~G27~5~Victoriab - Set 03}
victoriab3066.jpg,125534,bba43da1,\Gallery27\02 - Victoriab\Set 03 - 2004-08-22\,{Shemale Yum Dvd03~G27~5~Victoriab - Set 03}
victoriab3067.jpg,126740,e18da13c,\Gallery27\02 - Victoriab\Set 03 - 2004-08-22\,{Shemale Yum Dvd03~G27~5~Victoriab - Set 03}
victoriab3068.jpg,130363,cb658251,\Gallery27\02 - Victoriab\Set 03 - 2004-08-22\,{Shemale Yum Dvd03~G27~5~Victoriab - Set 03}
victoriab3069.jpg,122738,382c45fe,\Gallery27\02 - Victoriab\Set 03 - 2004-08-22\,{Shemale Yum Dvd03~G27~5~Victoriab - Set 03}
victoriab3070.jpg,122040,bd6dcb77,\Gallery27\02 - Victoriab\Set 03 - 2004-08-22\,{Shemale Yum Dvd03~G27~5~Victoriab - Set 03}
victoriab3071.jpg,132790,4414fbe8,\Gallery27\02 - Victoriab\Set 03 - 2004-08-22\,{Shemale Yum Dvd03~G27~5~Victoriab - Set 03}
victoriab3072.jpg,119355,64b54446,\Gallery27\02 - Victoriab\Set 03 - 2004-08-22\,{Shemale Yum Dvd03~G27~5~Victoriab - Set 03}
victoriab3073.jpg,118106,f51929cb,\Gallery27\02 - Victoriab\Set 03 - 2004-08-22\,{Shemale Yum Dvd03~G27~5~Victoriab - Set 03}
victoriab3074.jpg,186261,c13ae8d7,\Gallery27\02 - Victoriab\Set 03 - 2004-08-22\,{Shemale Yum Dvd03~G27~5~Victoriab - Set 03}
victoriab3075.jpg,129662,99a740cd,\Gallery27\02 - Victoriab\Set 03 - 2004-08-22\,{Shemale Yum Dvd03~G27~5~Victoriab - Set 03}
victoriab3076.jpg,137920,e102e273,\Gallery27\02 - Victoriab\Set 03 - 2004-08-22\,{Shemale Yum Dvd03~G27~5~Victoriab - Set 03}
victoriab3077.jpg,138383,1890912c,\Gallery27\02 - Victoriab\Set 03 - 2004-08-22\,{Shemale Yum Dvd03~G27~5~Victoriab - Set 03}
victoriab3078.jpg,122878,235180cc,\Gallery27\02 - Victoriab\Set 03 - 2004-08-22\,{Shemale Yum Dvd03~G27~5~Victoriab - Set 03}
victoriab3079.jpg,159801,fa71cdee,\Gallery27\02 - Victoriab\Set 03 - 2004-08-22\,{Shemale Yum Dvd03~G27~5~Victoriab - Set 03}
victoriab3080.jpg,154755,18efe443,\Gallery27\02 - Victoriab\Set 03 - 2004-08-22\,{Shemale Yum Dvd03~G27~5~Victoriab - Set 03}
victoriab3081.jpg,129094,cfa554d6,\Gallery27\02 - Victoriab\Set 03 - 2004-08-22\,{Shemale Yum Dvd03~G27~5~Victoriab - Set 03}
victoriab3082.jpg,167454,07c2c0f4,\Gallery27\02 - Victoriab\Set 03 - 2004-08-22\,{Shemale Yum Dvd03~G27~5~Victoriab - Set 03}
victoriab3083.jpg,195449,dc0d7d64,\Gallery27\02 - Victoriab\Set 03 - 2004-08-22\,{Shemale Yum Dvd03~G27~5~Victoriab - Set 03}
victoriab3084.jpg,200058,b95586dd,\Gallery27\02 - Victoriab\Set 03 - 2004-08-22\,{Shemale Yum Dvd03~G27~5~Victoriab - Set 03}
victoriab3085.jpg,141718,88806258,\Gallery27\02 - Victoriab\Set 03 - 2004-08-22\,{Shemale Yum Dvd03~G27~5~Victoriab - Set 03}
victoriab3086.jpg,147570,e33efc45,\Gallery27\02 - Victoriab\Set 03 - 2004-08-22\,{Shemale Yum Dvd03~G27~5~Victoriab - Set 03}
victoriab3087.jpg,134351,d08d1c7a,\Gallery27\02 - Victoriab\Set 03 - 2004-08-22\,{Shemale Yum Dvd03~G27~5~Victoriab - Set 03}
victoriab3088.jpg,143099,37144ad9,\Gallery27\02 - Victoriab\Set 03 - 2004-08-22\,{Shemale Yum Dvd03~G27~5~Victoriab - Set 03}
victoriab3089.jpg,160593,b5bfb6fb,\Gallery27\02 - Victoriab\Set 03 - 2004-08-22\,{Shemale Yum Dvd03~G27~5~Victoriab - Set 03}
victoriab3090.jpg,185657,df825600,\Gallery27\02 - Victoriab\Set 03 - 2004-08-22\,{Shemale Yum Dvd03~G27~5~Victoriab - Set 03}
victoriab3091.jpg,137002,a6b44975,\Gallery27\02 - Victoriab\Set 03 - 2004-08-22\,{Shemale Yum Dvd03~G27~5~Victoriab - Set 03}
victoriab3092.jpg,153211,cf723c59,\Gallery27\02 - Victoriab\Set 03 - 2004-08-22\,{Shemale Yum Dvd03~G27~5~Victoriab - Set 03}
victoriab3093.jpg,162336,3478a5da,\Gallery27\02 - Victoriab\Set 03 - 2004-08-22\,{Shemale Yum Dvd03~G27~5~Victoriab - Set 03}
victoriab3094.jpg,128208,5223d64a,\Gallery27\02 - Victoriab\Set 03 - 2004-08-22\,{Shemale Yum Dvd03~G27~5~Victoriab - Set 03}
victoriab3095.jpg,155065,bdfb9f72,\Gallery27\02 - Victoriab\Set 03 - 2004-08-22\,{Shemale Yum Dvd03~G27~5~Victoriab - Set 03}
victoriab3096.jpg,147361,d272bc6d,\Gallery27\02 - Victoriab\Set 03 - 2004-08-22\,{Shemale Yum Dvd03~G27~5~Victoriab - Set 03}
victoriab3097.jpg,134252,9c9e998e,\Gallery27\02 - Victoriab\Set 03 - 2004-08-22\,{Shemale Yum Dvd03~G27~5~Victoriab - Set 03}
victoriab3098.jpg,167934,37af4709,\Gallery27\02 - Victoriab\Set 03 - 2004-08-22\,{Shemale Yum Dvd03~G27~5~Victoriab - Set 03}
pili001.jpg,125629,0947549b,\Gallery27\03 - Pili\Set 01 - 2001-02-03\,{Shemale Yum Dvd03~G27~6~Pili - Set 01}
pili002.jpg,131149,eb478f2d,\Gallery27\03 - Pili\Set 01 - 2001-02-03\,{Shemale Yum Dvd03~G27~6~Pili - Set 01}
pili003.jpg,125615,f2591600,\Gallery27\03 - Pili\Set 01 - 2001-02-03\,{Shemale Yum Dvd03~G27~6~Pili - Set 01}
pili004.jpg,120766,a1d3f2ae,\Gallery27\03 - Pili\Set 01 - 2001-02-03\,{Shemale Yum Dvd03~G27~6~Pili - Set 01}
pili005.jpg,131016,7e0ca896,\Gallery27\03 - Pili\Set 01 - 2001-02-03\,{Shemale Yum Dvd03~G27~6~Pili - Set 01}
pili006.jpg,108632,e12eb1f2,\Gallery27\03 - Pili\Set 01 - 2001-02-03\,{Shemale Yum Dvd03~G27~6~Pili - Set 01}
pili007.jpg,121392,e0c99133,\Gallery27\03 - Pili\Set 01 - 2001-02-03\,{Shemale Yum Dvd03~G27~6~Pili - Set 01}
pili009.jpg,113252,e6f86167,\Gallery27\03 - Pili\Set 01 - 2001-02-03\,{Shemale Yum Dvd03~G27~6~Pili - Set 01}
pili010.jpg,106628,85cf318f,\Gallery27\03 - Pili\Set 01 - 2001-02-03\,{Shemale Yum Dvd03~G27~6~Pili - Set 01}
pili013.jpg,79091,0156120a,\Gallery27\03 - Pili\Set 01 - 2001-02-03\,{Shemale Yum Dvd03~G27~6~Pili - Set 01}
pili015.jpg,95870,15f1608e,\Gallery27\03 - Pili\Set 01 - 2001-02-03\,{Shemale Yum Dvd03~G27~6~Pili - Set 01}
pili016.jpg,119846,914a5394,\Gallery27\03 - Pili\Set 01 - 2001-02-03\,{Shemale Yum Dvd03~G27~6~Pili - Set 01}
pili017.jpg,76699,940ea51e,\Gallery27\03 - Pili\Set 01 - 2001-02-03\,{Shemale Yum Dvd03~G27~6~Pili - Set 01}
pili018.jpg,74813,98b30668,\Gallery27\03 - Pili\Set 01 - 2001-02-03\,{Shemale Yum Dvd03~G27~6~Pili - Set 01}
pili020.jpg,104854,9471a4cd,\Gallery27\03 - Pili\Set 01 - 2001-02-03\,{Shemale Yum Dvd03~G27~6~Pili - Set 01}
pili022.jpg,102460,76bbcce3,\Gallery27\03 - Pili\Set 01 - 2001-02-03\,{Shemale Yum Dvd03~G27~6~Pili - Set 01}
pili023.jpg,113343,5503394b,\Gallery27\03 - Pili\Set 01 - 2001-02-03\,{Shemale Yum Dvd03~G27~6~Pili - Set 01}
pili024.jpg,114245,8961bf7a,\Gallery27\03 - Pili\Set 01 - 2001-02-03\,{Shemale Yum Dvd03~G27~6~Pili - Set 01}
pili025.jpg,130061,8aa5147e,\Gallery27\03 - Pili\Set 01 - 2001-02-03\,{Shemale Yum Dvd03~G27~6~Pili - Set 01}
pili026.jpg,125974,8231feee,\Gallery27\03 - Pili\Set 01 - 2001-02-03\,{Shemale Yum Dvd03~G27~6~Pili - Set 01}
pili027.jpg,131748,40f8cad1,\Gallery27\03 - Pili\Set 01 - 2001-02-03\,{Shemale Yum Dvd03~G27~6~Pili - Set 01}
pili028.jpg,114038,f058e31f,\Gallery27\03 - Pili\Set 01 - 2001-02-03\,{Shemale Yum Dvd03~G27~6~Pili - Set 01}
pili029.jpg,134161,f36afd75,\Gallery27\03 - Pili\Set 01 - 2001-02-03\,{Shemale Yum Dvd03~G27~6~Pili - Set 01}
pili030.jpg,130506,11856deb,\Gallery27\03 - Pili\Set 01 - 2001-02-03\,{Shemale Yum Dvd03~G27~6~Pili - Set 01}
pili032.jpg,126936,ca4f252f,\Gallery27\03 - Pili\Set 01 - 2001-02-03\,{Shemale Yum Dvd03~G27~6~Pili - Set 01}
pili033.jpg,123997,4c7ffb2e,\Gallery27\03 - Pili\Set 01 - 2001-02-03\,{Shemale Yum Dvd03~G27~6~Pili - Set 01}
pili034.jpg,125887,dd45ad10,\Gallery27\03 - Pili\Set 01 - 2001-02-03\,{Shemale Yum Dvd03~G27~6~Pili - Set 01}
pili035.jpg,137794,8f965320,\Gallery27\03 - Pili\Set 01 - 2001-02-03\,{Shemale Yum Dvd03~G27~6~Pili - Set 01}
pili037.jpg,122390,e1820de5,\Gallery27\03 - Pili\Set 01 - 2001-02-03\,{Shemale Yum Dvd03~G27~6~Pili - Set 01}
pili038.jpg,131882,9824a7c8,\Gallery27\03 - Pili\Set 01 - 2001-02-03\,{Shemale Yum Dvd03~G27~6~Pili - Set 01}
pili039.jpg,118723,97075370,\Gallery27\03 - Pili\Set 01 - 2001-02-03\,{Shemale Yum Dvd03~G27~6~Pili - Set 01}
pili040.jpg,123851,fc2ea22d,\Gallery27\03 - Pili\Set 01 - 2001-02-03\,{Shemale Yum Dvd03~G27~6~Pili - Set 01}
pili041.jpg,125938,2a56a990,\Gallery27\03 - Pili\Set 01 - 2001-02-03\,{Shemale Yum Dvd03~G27~6~Pili - Set 01}
pili043.jpg,126694,1921f035,\Gallery27\03 - Pili\Set 01 - 2001-02-03\,{Shemale Yum Dvd03~G27~6~Pili - Set 01}
pili044.jpg,107904,7526fe49,\Gallery27\03 - Pili\Set 01 - 2001-02-03\,{Shemale Yum Dvd03~G27~6~Pili - Set 01}
pili045.jpg,109495,c0e9d825,\Gallery27\03 - Pili\Set 01 - 2001-02-03\,{Shemale Yum Dvd03~G27~6~Pili - Set 01}
pili046.jpg,119486,36048d8b,\Gallery27\03 - Pili\Set 01 - 2001-02-03\,{Shemale Yum Dvd03~G27~6~Pili - Set 01}
pili047.jpg,129019,1dbe6fb0,\Gallery27\03 - Pili\Set 01 - 2001-02-03\,{Shemale Yum Dvd03~G27~6~Pili - Set 01}
pili048.jpg,107467,684b011f,\Gallery27\03 - Pili\Set 01 - 2001-02-03\,{Shemale Yum Dvd03~G27~6~Pili - Set 01}
pili049.jpg,115615,897d399b,\Gallery27\03 - Pili\Set 01 - 2001-02-03\,{Shemale Yum Dvd03~G27~6~Pili - Set 01}
pili050.jpg,115736,c52f0889,\Gallery27\03 - Pili\Set 01 - 2001-02-03\,{Shemale Yum Dvd03~G27~6~Pili - Set 01}
pili051.jpg,117152,3c0d9fc6,\Gallery27\03 - Pili\Set 01 - 2001-02-03\,{Shemale Yum Dvd03~G27~6~Pili - Set 01}
pili052.jpg,104073,85f81c69,\Gallery27\03 - Pili\Set 01 - 2001-02-03\,{Shemale Yum Dvd03~G27~6~Pili - Set 01}
pili053.jpg,108321,8d97de8f,\Gallery27\03 - Pili\Set 01 - 2001-02-03\,{Shemale Yum Dvd03~G27~6~Pili - Set 01}
pili054.jpg,127292,bf158f80,\Gallery27\03 - Pili\Set 01 - 2001-02-03\,{Shemale Yum Dvd03~G27~6~Pili - Set 01}
pili055.jpg,103918,5f9a0f23,\Gallery27\03 - Pili\Set 01 - 2001-02-03\,{Shemale Yum Dvd03~G27~6~Pili - Set 01}
pili056.jpg,115828,654726a1,\Gallery27\03 - Pili\Set 01 - 2001-02-03\,{Shemale Yum Dvd03~G27~6~Pili - Set 01}
pili057.jpg,94403,cc88ae57,\Gallery27\03 - Pili\Set 01 - 2001-02-03\,{Shemale Yum Dvd03~G27~6~Pili - Set 01}
pili058.jpg,113362,fe80bc31,\Gallery27\03 - Pili\Set 01 - 2001-02-03\,{Shemale Yum Dvd03~G27~6~Pili - Set 01}
pili059.jpg,87582,ef729093,\Gallery27\03 - Pili\Set 01 - 2001-02-03\,{Shemale Yum Dvd03~G27~6~Pili - Set 01}
pili060.jpg,87329,24c2e6ae,\Gallery27\03 - Pili\Set 01 - 2001-02-03\,{Shemale Yum Dvd03~G27~6~Pili - Set 01}
pili062.jpg,99175,7faab902,\Gallery27\03 - Pili\Set 01 - 2001-02-03\,{Shemale Yum Dvd03~G27~6~Pili - Set 01}
pili064.jpg,108306,28b1959d,\Gallery27\03 - Pili\Set 01 - 2001-02-03\,{Shemale Yum Dvd03~G27~6~Pili - Set 01}
pili065.jpg,105480,8476ee2d,\Gallery27\03 - Pili\Set 01 - 2001-02-03\,{Shemale Yum Dvd03~G27~6~Pili - Set 01}
pili066.jpg,101974,d6e85bfc,\Gallery27\03 - Pili\Set 01 - 2001-02-03\,{Shemale Yum Dvd03~G27~6~Pili - Set 01}
pili067.jpg,109088,181816da,\Gallery27\03 - Pili\Set 01 - 2001-02-03\,{Shemale Yum Dvd03~G27~6~Pili - Set 01}
pili068.jpg,116085,47c61da9,\Gallery27\03 - Pili\Set 01 - 2001-02-03\,{Shemale Yum Dvd03~G27~6~Pili - Set 01}
pili070.jpg,108410,8117fd56,\Gallery27\03 - Pili\Set 01 - 2001-02-03\,{Shemale Yum Dvd03~G27~6~Pili - Set 01}
pili071.jpg,117180,77249f19,\Gallery27\03 - Pili\Set 01 - 2001-02-03\,{Shemale Yum Dvd03~G27~6~Pili - Set 01}
pili072.jpg,109422,dd00a2f2,\Gallery27\03 - Pili\Set 01 - 2001-02-03\,{Shemale Yum Dvd03~G27~6~Pili - Set 01}
pili073.jpg,89279,fa7e15c1,\Gallery27\03 - Pili\Set 01 - 2001-02-03\,{Shemale Yum Dvd03~G27~6~Pili - Set 01}
pili074.jpg,96176,3fe0ea31,\Gallery27\03 - Pili\Set 01 - 2001-02-03\,{Shemale Yum Dvd03~G27~6~Pili - Set 01}
pili077.jpg,110485,f9b2bbf9,\Gallery27\03 - Pili\Set 01 - 2001-02-03\,{Shemale Yum Dvd03~G27~6~Pili - Set 01}
pili078.jpg,111015,2465ffaf,\Gallery27\03 - Pili\Set 01 - 2001-02-03\,{Shemale Yum Dvd03~G27~6~Pili - Set 01}
pili080.jpg,108135,4b1c283c,\Gallery27\03 - Pili\Set 01 - 2001-02-03\,{Shemale Yum Dvd03~G27~6~Pili - Set 01}
pili081.jpg,99081,292ce6ce,\Gallery27\03 - Pili\Set 01 - 2001-02-03\,{Shemale Yum Dvd03~G27~6~Pili - Set 01}
pili083.jpg,94969,1f3525d3,\Gallery27\03 - Pili\Set 01 - 2001-02-03\,{Shemale Yum Dvd03~G27~6~Pili - Set 01}
pili084.jpg,94286,96c3d1bc,\Gallery27\03 - Pili\Set 01 - 2001-02-03\,{Shemale Yum Dvd03~G27~6~Pili - Set 01}
pili085.jpg,100647,3329179a,\Gallery27\03 - Pili\Set 01 - 2001-02-03\,{Shemale Yum Dvd03~G27~6~Pili - Set 01}
pili086.jpg,92470,7bfd519b,\Gallery27\03 - Pili\Set 01 - 2001-02-03\,{Shemale Yum Dvd03~G27~6~Pili - Set 01}
pili087.jpg,92589,a040f54e,\Gallery27\03 - Pili\Set 01 - 2001-02-03\,{Shemale Yum Dvd03~G27~6~Pili - Set 01}
pili088.jpg,92666,c6d9569f,\Gallery27\03 - Pili\Set 01 - 2001-02-03\,{Shemale Yum Dvd03~G27~6~Pili - Set 01}
pili089.jpg,91553,feeacc43,\Gallery27\03 - Pili\Set 01 - 2001-02-03\,{Shemale Yum Dvd03~G27~6~Pili - Set 01}
pili090.jpg,100780,b93a95b7,\Gallery27\03 - Pili\Set 01 - 2001-02-03\,{Shemale Yum Dvd03~G27~6~Pili - Set 01}
pili091.jpg,94242,09c93dd6,\Gallery27\03 - Pili\Set 01 - 2001-02-03\,{Shemale Yum Dvd03~G27~6~Pili - Set 01}
pili092.jpg,101595,78018df9,\Gallery27\03 - Pili\Set 01 - 2001-02-03\,{Shemale Yum Dvd03~G27~6~Pili - Set 01}
pili094.jpg,91100,f738e83d,\Gallery27\03 - Pili\Set 01 - 2001-02-03\,{Shemale Yum Dvd03~G27~6~Pili - Set 01}
pili095.jpg,89510,c807907e,\Gallery27\03 - Pili\Set 01 - 2001-02-03\,{Shemale Yum Dvd03~G27~6~Pili - Set 01}
pili096.jpg,101138,6fa91ce5,\Gallery27\03 - Pili\Set 01 - 2001-02-03\,{Shemale Yum Dvd03~G27~6~Pili - Set 01}
pili097.jpg,117520,5e90f4bb,\Gallery27\03 - Pili\Set 01 - 2001-02-03\,{Shemale Yum Dvd03~G27~6~Pili - Set 01}
pili098.jpg,108924,df171196,\Gallery27\03 - Pili\Set 01 - 2001-02-03\,{Shemale Yum Dvd03~G27~6~Pili - Set 01}
pili099.jpg,107167,bb14a8ee,\Gallery27\03 - Pili\Set 01 - 2001-02-03\,{Shemale Yum Dvd03~G27~6~Pili - Set 01}
pili100.jpg,102625,ac53e1dc,\Gallery27\03 - Pili\Set 01 - 2001-02-03\,{Shemale Yum Dvd03~G27~6~Pili - Set 01}
pili101.jpg,83586,3cbb8785,\Gallery27\03 - Pili\Set 01 - 2001-02-03\,{Shemale Yum Dvd03~G27~6~Pili - Set 01}
pili103.jpg,96422,0c0090ab,\Gallery27\03 - Pili\Set 01 - 2001-02-03\,{Shemale Yum Dvd03~G27~6~Pili - Set 01}
pili104.jpg,107784,f521b7ef,\Gallery27\03 - Pili\Set 01 - 2001-02-03\,{Shemale Yum Dvd03~G27~6~Pili - Set 01}
pili105.jpg,97897,0c5d7f30,\Gallery27\03 - Pili\Set 01 - 2001-02-03\,{Shemale Yum Dvd03~G27~6~Pili - Set 01}
pili106.jpg,110197,fbd41214,\Gallery27\03 - Pili\Set 01 - 2001-02-03\,{Shemale Yum Dvd03~G27~6~Pili - Set 01}
pili107.jpg,97218,9da6140c,\Gallery27\03 - Pili\Set 01 - 2001-02-03\,{Shemale Yum Dvd03~G27~6~Pili - Set 01}
pili108.jpg,90767,9954fcd1,\Gallery27\03 - Pili\Set 01 - 2001-02-03\,{Shemale Yum Dvd03~G27~6~Pili - Set 01}
pili109.jpg,76194,e1d8f1b6,\Gallery27\03 - Pili\Set 01 - 2001-02-03\,{Shemale Yum Dvd03~G27~6~Pili - Set 01}
pili110.jpg,115090,577ecd93,\Gallery27\03 - Pili\Set 01 - 2001-02-03\,{Shemale Yum Dvd03~G27~6~Pili - Set 01}
pili111.jpg,105015,f1fc20f1,\Gallery27\03 - Pili\Set 01 - 2001-02-03\,{Shemale Yum Dvd03~G27~6~Pili - Set 01}
pili112.jpg,82922,c31ead62,\Gallery27\03 - Pili\Set 01 - 2001-02-03\,{Shemale Yum Dvd03~G27~6~Pili - Set 01}
pili113.jpg,100818,bbfd8343,\Gallery27\03 - Pili\Set 01 - 2001-02-03\,{Shemale Yum Dvd03~G27~6~Pili - Set 01}
pili114.jpg,118444,b1bc3261,\Gallery27\03 - Pili\Set 01 - 2001-02-03\,{Shemale Yum Dvd03~G27~6~Pili - Set 01}
pili115.jpg,97208,9b4d7fcf,\Gallery27\03 - Pili\Set 01 - 2001-02-03\,{Shemale Yum Dvd03~G27~6~Pili - Set 01}
pili116.jpg,101857,e7117a6d,\Gallery27\03 - Pili\Set 01 - 2001-02-03\,{Shemale Yum Dvd03~G27~6~Pili - Set 01}
pili117.jpg,93751,d7fa7008,\Gallery27\03 - Pili\Set 01 - 2001-02-03\,{Shemale Yum Dvd03~G27~6~Pili - Set 01}
pili118.jpg,103941,5abe2898,\Gallery27\03 - Pili\Set 01 - 2001-02-03\,{Shemale Yum Dvd03~G27~6~Pili - Set 01}
pili119.jpg,110013,a701423c,\Gallery27\03 - Pili\Set 01 - 2001-02-03\,{Shemale Yum Dvd03~G27~6~Pili - Set 01}
pili120.jpg,88948,c3d31fd8,\Gallery27\03 - Pili\Set 01 - 2001-02-03\,{Shemale Yum Dvd03~G27~6~Pili - Set 01}
pili129.jpg,97372,1ddec26d,\Gallery27\03 - Pili\Set 01 - 2001-02-03\,{Shemale Yum Dvd03~G27~6~Pili - Set 01}
pili130.jpg,114808,bed0bc2d,\Gallery27\03 - Pili\Set 01 - 2001-02-03\,{Shemale Yum Dvd03~G27~6~Pili - Set 01}
pili132.jpg,86268,7c56630c,\Gallery27\03 - Pili\Set 01 - 2001-02-03\,{Shemale Yum Dvd03~G27~6~Pili - Set 01}
pili133.jpg,86293,eb230886,\Gallery27\03 - Pili\Set 01 - 2001-02-03\,{Shemale Yum Dvd03~G27~6~Pili - Set 01}
pili134.jpg,99874,76bd7e72,\Gallery27\03 - Pili\Set 01 - 2001-02-03\,{Shemale Yum Dvd03~G27~6~Pili - Set 01}
pili136.jpg,85606,be65d431,\Gallery27\03 - Pili\Set 01 - 2001-02-03\,{Shemale Yum Dvd03~G27~6~Pili - Set 01}
pili137.jpg,65459,174f4772,\Gallery27\03 - Pili\Set 01 - 2001-02-03\,{Shemale Yum Dvd03~G27~6~Pili - Set 01}
diana001.jpg,108671,c63beb95,\Gallery27\04 - Dianac\Set 01 - 2001-02-03\,{Shemale Yum Dvd03~G27~7~Dianac - Set 01}
diana002.jpg,121865,2e2c3680,\Gallery27\04 - Dianac\Set 01 - 2001-02-03\,{Shemale Yum Dvd03~G27~7~Dianac - Set 01}
diana003.jpg,109724,9fe9559a,\Gallery27\04 - Dianac\Set 01 - 2001-02-03\,{Shemale Yum Dvd03~G27~7~Dianac - Set 01}
diana004.jpg,97852,39ad195d,\Gallery27\04 - Dianac\Set 01 - 2001-02-03\,{Shemale Yum Dvd03~G27~7~Dianac - Set 01}
diana005.jpg,87413,3bc97272,\Gallery27\04 - Dianac\Set 01 - 2001-02-03\,{Shemale Yum Dvd03~G27~7~Dianac - Set 01}
diana006.jpg,102178,483c4c6b,\Gallery27\04 - Dianac\Set 01 - 2001-02-03\,{Shemale Yum Dvd03~G27~7~Dianac - Set 01}
diana007.jpg,55942,ef216b3c,\Gallery27\04 - Dianac\Set 01 - 2001-02-03\,{Shemale Yum Dvd03~G27~7~Dianac - Set 01}
diana009.jpg,109763,81ea1610,\Gallery27\04 - Dianac\Set 01 - 2001-02-03\,{Shemale Yum Dvd03~G27~7~Dianac - Set 01}
diana010.jpg,85449,b624a1ce,\Gallery27\04 - Dianac\Set 01 - 2001-02-03\,{Shemale Yum Dvd03~G27~7~Dianac - Set 01}
diana011.jpg,74778,457216b4,\Gallery27\04 - Dianac\Set 01 - 2001-02-03\,{Shemale Yum Dvd03~G27~7~Dianac - Set 01}
diana012.jpg,75545,7642d6a8,\Gallery27\04 - Dianac\Set 01 - 2001-02-03\,{Shemale Yum Dvd03~G27~7~Dianac - Set 01}
diana013.jpg,89860,c149b7f0,\Gallery27\04 - Dianac\Set 01 - 2001-02-03\,{Shemale Yum Dvd03~G27~7~Dianac - Set 01}
diana014.jpg,77582,570ca5e3,\Gallery27\04 - Dianac\Set 01 - 2001-02-03\,{Shemale Yum Dvd03~G27~7~Dianac - Set 01}
diana015.jpg,80699,c66ed56c,\Gallery27\04 - Dianac\Set 01 - 2001-02-03\,{Shemale Yum Dvd03~G27~7~Dianac - Set 01}
diana016.jpg,63310,1d617a0e,\Gallery27\04 - Dianac\Set 01 - 2001-02-03\,{Shemale Yum Dvd03~G27~7~Dianac - Set 01}
diana017.jpg,107590,5e36ec40,\Gallery27\04 - Dianac\Set 01 - 2001-02-03\,{Shemale Yum Dvd03~G27~7~Dianac - Set 01}
diana018.jpg,88459,5fcd7c00,\Gallery27\04 - Dianac\Set 01 - 2001-02-03\,{Shemale Yum Dvd03~G27~7~Dianac - Set 01}
diana019.jpg,75069,27b37bc7,\Gallery27\04 - Dianac\Set 01 - 2001-02-03\,{Shemale Yum Dvd03~G27~7~Dianac - Set 01}
diana020.jpg,82483,6b66c0e9,\Gallery27\04 - Dianac\Set 01 - 2001-02-03\,{Shemale Yum Dvd03~G27~7~Dianac - Set 01}
diana021.jpg,82810,3669e07a,\Gallery27\04 - Dianac\Set 01 - 2001-02-03\,{Shemale Yum Dvd03~G27~7~Dianac - Set 01}
diana022.jpg,104310,332df23a,\Gallery27\04 - Dianac\Set 01 - 2001-02-03\,{Shemale Yum Dvd03~G27~7~Dianac - Set 01}
diana023.jpg,91030,255cf490,\Gallery27\04 - Dianac\Set 01 - 2001-02-03\,{Shemale Yum Dvd03~G27~7~Dianac - Set 01}
diana026.jpg,89366,11ffb83c,\Gallery27\04 - Dianac\Set 01 - 2001-02-03\,{Shemale Yum Dvd03~G27~7~Dianac - Set 01}
diana027.jpg,89750,ba0da541,\Gallery27\04 - Dianac\Set 01 - 2001-02-03\,{Shemale Yum Dvd03~G27~7~Dianac - Set 01}
diana028.jpg,79513,7d87cd15,\Gallery27\04 - Dianac\Set 01 - 2001-02-03\,{Shemale Yum Dvd03~G27~7~Dianac - Set 01}
diana029.jpg,86738,b52a4022,\Gallery27\04 - Dianac\Set 01 - 2001-02-03\,{Shemale Yum Dvd03~G27~7~Dianac - Set 01}
diana030.jpg,85794,1a2f6435,\Gallery27\04 - Dianac\Set 01 - 2001-02-03\,{Shemale Yum Dvd03~G27~7~Dianac - Set 01}
diana031.jpg,87710,5200dcf7,\Gallery27\04 - Dianac\Set 01 - 2001-02-03\,{Shemale Yum Dvd03~G27~7~Dianac - Set 01}
diana032.jpg,88199,a7bb0396,\Gallery27\04 - Dianac\Set 01 - 2001-02-03\,{Shemale Yum Dvd03~G27~7~Dianac - Set 01}
diana033.jpg,130832,624dd82c,\Gallery27\04 - Dianac\Set 01 - 2001-02-03\,{Shemale Yum Dvd03~G27~7~Dianac - Set 01}
diana036.jpg,72159,985a0137,\Gallery27\04 - Dianac\Set 01 - 2001-02-03\,{Shemale Yum Dvd03~G27~7~Dianac - Set 01}
diana038.jpg,73842,361aded2,\Gallery27\04 - Dianac\Set 01 - 2001-02-03\,{Shemale Yum Dvd03~G27~7~Dianac - Set 01}
diana039.jpg,92915,3bc74383,\Gallery27\04 - Dianac\Set 01 - 2001-02-03\,{Shemale Yum Dvd03~G27~7~Dianac - Set 01}
diana040.jpg,68497,6f3e050f,\Gallery27\04 - Dianac\Set 01 - 2001-02-03\,{Shemale Yum Dvd03~G27~7~Dianac - Set 01}
diana041.jpg,75140,122bb2e2,\Gallery27\04 - Dianac\Set 01 - 2001-02-03\,{Shemale Yum Dvd03~G27~7~Dianac - Set 01}
diana042.jpg,80280,6d4655ba,\Gallery27\04 - Dianac\Set 01 - 2001-02-03\,{Shemale Yum Dvd03~G27~7~Dianac - Set 01}
diana043.jpg,78302,976a8a18,\Gallery27\04 - Dianac\Set 01 - 2001-02-03\,{Shemale Yum Dvd03~G27~7~Dianac - Set 01}
diana044.jpg,85004,938d7728,\Gallery27\04 - Dianac\Set 01 - 2001-02-03\,{Shemale Yum Dvd03~G27~7~Dianac - Set 01}
diana045.jpg,82141,5f96df91,\Gallery27\04 - Dianac\Set 01 - 2001-02-03\,{Shemale Yum Dvd03~G27~7~Dianac - Set 01}
diana046.jpg,82380,b0758422,\Gallery27\04 - Dianac\Set 01 - 2001-02-03\,{Shemale Yum Dvd03~G27~7~Dianac - Set 01}
diana047.jpg,75415,7fdd1581,\Gallery27\04 - Dianac\Set 01 - 2001-02-03\,{Shemale Yum Dvd03~G27~7~Dianac - Set 01}
diana048.jpg,69973,7ad7d6ce,\Gallery27\04 - Dianac\Set 01 - 2001-02-03\,{Shemale Yum Dvd03~G27~7~Dianac - Set 01}
diana049.jpg,130653,3fe2afb3,\Gallery27\04 - Dianac\Set 01 - 2001-02-03\,{Shemale Yum Dvd03~G27~7~Dianac - Set 01}
diana050.jpg,132161,2035f417,\Gallery27\04 - Dianac\Set 01 - 2001-02-03\,{Shemale Yum Dvd03~G27~7~Dianac - Set 01}
diana051.jpg,140654,f4775d2f,\Gallery27\04 - Dianac\Set 01 - 2001-02-03\,{Shemale Yum Dvd03~G27~7~Dianac - Set 01}
diana052.jpg,132104,b606773b,\Gallery27\04 - Dianac\Set 01 - 2001-02-03\,{Shemale Yum Dvd03~G27~7~Dianac - Set 01}
diana055.jpg,121177,7757e7d2,\Gallery27\04 - Dianac\Set 01 - 2001-02-03\,{Shemale Yum Dvd03~G27~7~Dianac - Set 01}
diana056.jpg,134858,4a7bc026,\Gallery27\04 - Dianac\Set 01 - 2001-02-03\,{Shemale Yum Dvd03~G27~7~Dianac - Set 01}
diana057.jpg,107094,0c298066,\Gallery27\04 - Dianac\Set 01 - 2001-02-03\,{Shemale Yum Dvd03~G27~7~Dianac - Set 01}
diana058.jpg,103560,2a63ad97,\Gallery27\04 - Dianac\Set 01 - 2001-02-03\,{Shemale Yum Dvd03~G27~7~Dianac - Set 01}
diana059.jpg,129627,517d22c1,\Gallery27\04 - Dianac\Set 01 - 2001-02-03\,{Shemale Yum Dvd03~G27~7~Dianac - Set 01}
diana060.jpg,128865,003d73e1,\Gallery27\04 - Dianac\Set 01 - 2001-02-03\,{Shemale Yum Dvd03~G27~7~Dianac - Set 01}
diana061.jpg,133961,14ec37f4,\Gallery27\04 - Dianac\Set 01 - 2001-02-03\,{Shemale Yum Dvd03~G27~7~Dianac - Set 01}
diana062.jpg,125999,be45c959,\Gallery27\04 - Dianac\Set 01 - 2001-02-03\,{Shemale Yum Dvd03~G27~7~Dianac - Set 01}
diana065.jpg,132443,12e138ff,\Gallery27\04 - Dianac\Set 01 - 2001-02-03\,{Shemale Yum Dvd03~G27~7~Dianac - Set 01}
diana067.jpg,99216,2ec00952,\Gallery27\04 - Dianac\Set 01 - 2001-02-03\,{Shemale Yum Dvd03~G27~7~Dianac - Set 01}
diana068.jpg,106479,8e5fe2ab,\Gallery27\04 - Dianac\Set 01 - 2001-02-03\,{Shemale Yum Dvd03~G27~7~Dianac - Set 01}
diana069.jpg,77189,1f48e868,\Gallery27\04 - Dianac\Set 01 - 2001-02-03\,{Shemale Yum Dvd03~G27~7~Dianac - Set 01}
diana070.jpg,78484,420af27a,\Gallery27\04 - Dianac\Set 01 - 2001-02-03\,{Shemale Yum Dvd03~G27~7~Dianac - Set 01}
diana071.jpg,88322,90c4cca4,\Gallery27\04 - Dianac\Set 01 - 2001-02-03\,{Shemale Yum Dvd03~G27~7~Dianac - Set 01}
diana072.jpg,83773,f0210cd6,\Gallery27\04 - Dianac\Set 01 - 2001-02-03\,{Shemale Yum Dvd03~G27~7~Dianac - Set 01}
diana073.jpg,89482,efe35b9b,\Gallery27\04 - Dianac\Set 01 - 2001-02-03\,{Shemale Yum Dvd03~G27~7~Dianac - Set 01}
diana074.jpg,94746,05a3c8b1,\Gallery27\04 - Dianac\Set 01 - 2001-02-03\,{Shemale Yum Dvd03~G27~7~Dianac - Set 01}
diana076.jpg,91124,c51f2776,\Gallery27\04 - Dianac\Set 01 - 2001-02-03\,{Shemale Yum Dvd03~G27~7~Dianac - Set 01}
diana077.jpg,95286,43c567bd,\Gallery27\04 - Dianac\Set 01 - 2001-02-03\,{Shemale Yum Dvd03~G27~7~Dianac - Set 01}
diana078.jpg,97263,f98d62e9,\Gallery27\04 - Dianac\Set 01 - 2001-02-03\,{Shemale Yum Dvd03~G27~7~Dianac - Set 01}
diana080.jpg,108535,00da8117,\Gallery27\04 - Dianac\Set 01 - 2001-02-03\,{Shemale Yum Dvd03~G27~7~Dianac - Set 01}
diana081.jpg,97132,7b882af4,\Gallery27\04 - Dianac\Set 01 - 2001-02-03\,{Shemale Yum Dvd03~G27~7~Dianac - Set 01}
diana082.jpg,104714,b299adb5,\Gallery27\04 - Dianac\Set 01 - 2001-02-03\,{Shemale Yum Dvd03~G27~7~Dianac - Set 01}
diana083.jpg,95441,ebc19971,\Gallery27\04 - Dianac\Set 01 - 2001-02-03\,{Shemale Yum Dvd03~G27~7~Dianac - Set 01}
diana085.jpg,93002,77e39af2,\Gallery27\04 - Dianac\Set 01 - 2001-02-03\,{Shemale Yum Dvd03~G27~7~Dianac - Set 01}
diana090.jpg,88670,f3d545ca,\Gallery27\04 - Dianac\Set 01 - 2001-02-03\,{Shemale Yum Dvd03~G27~7~Dianac - Set 01}
diana092.jpg,95504,b19870b2,\Gallery27\04 - Dianac\Set 01 - 2001-02-03\,{Shemale Yum Dvd03~G27~7~Dianac - Set 01}
diana093.jpg,95710,99dc7eaf,\Gallery27\04 - Dianac\Set 01 - 2001-02-03\,{Shemale Yum Dvd03~G27~7~Dianac - Set 01}
diana095.jpg,130225,73de1018,\Gallery27\04 - Dianac\Set 01 - 2001-02-03\,{Shemale Yum Dvd03~G27~7~Dianac - Set 01}
diana096.jpg,132411,45431a0c,\Gallery27\04 - Dianac\Set 01 - 2001-02-03\,{Shemale Yum Dvd03~G27~7~Dianac - Set 01}
diana098.jpg,102308,9df3b337,\Gallery27\04 - Dianac\Set 01 - 2001-02-03\,{Shemale Yum Dvd03~G27~7~Dianac - Set 01}
diana099.jpg,102518,118ec8ca,\Gallery27\04 - Dianac\Set 01 - 2001-02-03\,{Shemale Yum Dvd03~G27~7~Dianac - Set 01}
diana100.jpg,110000,5922b8c1,\Gallery27\04 - Dianac\Set 01 - 2001-02-03\,{Shemale Yum Dvd03~G27~7~Dianac - Set 01}
diana101.jpg,105852,cf414966,\Gallery27\04 - Dianac\Set 01 - 2001-02-03\,{Shemale Yum Dvd03~G27~7~Dianac - Set 01}
diana102.jpg,134920,cecee685,\Gallery27\04 - Dianac\Set 01 - 2001-02-03\,{Shemale Yum Dvd03~G27~7~Dianac - Set 01}
diana103.jpg,130629,ba385348,\Gallery27\04 - Dianac\Set 01 - 2001-02-03\,{Shemale Yum Dvd03~G27~7~Dianac - Set 01}
diana104.jpg,130021,b6447acb,\Gallery27\04 - Dianac\Set 01 - 2001-02-03\,{Shemale Yum Dvd03~G27~7~Dianac - Set 01}
diana105.jpg,124535,b4349db9,\Gallery27\04 - Dianac\Set 01 - 2001-02-03\,{Shemale Yum Dvd03~G27~7~Dianac - Set 01}
diana106.jpg,122801,1625632c,\Gallery27\04 - Dianac\Set 01 - 2001-02-03\,{Shemale Yum Dvd03~G27~7~Dianac - Set 01}
diana107.jpg,94034,381824c0,\Gallery27\04 - Dianac\Set 01 - 2001-02-03\,{Shemale Yum Dvd03~G27~7~Dianac - Set 01}
diana108.jpg,119689,258a1ebe,\Gallery27\04 - Dianac\Set 01 - 2001-02-03\,{Shemale Yum Dvd03~G27~7~Dianac - Set 01}
diana109.jpg,122362,7fb79979,\Gallery27\04 - Dianac\Set 01 - 2001-02-03\,{Shemale Yum Dvd03~G27~7~Dianac - Set 01}
diana110.jpg,95599,4c621334,\Gallery27\04 - Dianac\Set 01 - 2001-02-03\,{Shemale Yum Dvd03~G27~7~Dianac - Set 01}
diana112.jpg,85656,0236e7d2,\Gallery27\04 - Dianac\Set 01 - 2001-02-03\,{Shemale Yum Dvd03~G27~7~Dianac - Set 01}
diana113.jpg,103785,88dacf18,\Gallery27\04 - Dianac\Set 01 - 2001-02-03\,{Shemale Yum Dvd03~G27~7~Dianac - Set 01}
diana114.jpg,98172,3786f0b6,\Gallery27\04 - Dianac\Set 01 - 2001-02-03\,{Shemale Yum Dvd03~G27~7~Dianac - Set 01}
diana116.jpg,115824,63db847a,\Gallery27\04 - Dianac\Set 01 - 2001-02-03\,{Shemale Yum Dvd03~G27~7~Dianac - Set 01}
diana117.jpg,121938,6acaa0b3,\Gallery27\04 - Dianac\Set 01 - 2001-02-03\,{Shemale Yum Dvd03~G27~7~Dianac - Set 01}
diana118.jpg,88939,fab0b563,\Gallery27\04 - Dianac\Set 01 - 2001-02-03\,{Shemale Yum Dvd03~G27~7~Dianac - Set 01}
diana120.jpg,106407,5e1f0aba,\Gallery27\04 - Dianac\Set 01 - 2001-02-03\,{Shemale Yum Dvd03~G27~7~Dianac - Set 01}
diana121.jpg,103830,bec871d6,\Gallery27\04 - Dianac\Set 01 - 2001-02-03\,{Shemale Yum Dvd03~G27~7~Dianac - Set 01}
diana122.jpg,97221,31c63b20,\Gallery27\04 - Dianac\Set 01 - 2001-02-03\,{Shemale Yum Dvd03~G27~7~Dianac - Set 01}
diana123.jpg,123402,9e09df8b,\Gallery27\04 - Dianac\Set 01 - 2001-02-03\,{Shemale Yum Dvd03~G27~7~Dianac - Set 01}
diana124.jpg,115768,007f3704,\Gallery27\04 - Dianac\Set 01 - 2001-02-03\,{Shemale Yum Dvd03~G27~7~Dianac - Set 01}
diana125.jpg,69732,6937bf6e,\Gallery27\04 - Dianac\Set 01 - 2001-02-03\,{Shemale Yum Dvd03~G27~7~Dianac - Set 01}
diana126.jpg,117026,7e082ebc,\Gallery27\04 - Dianac\Set 01 - 2001-02-03\,{Shemale Yum Dvd03~G27~7~Dianac - Set 01}
diana127.jpg,106689,86401a23,\Gallery27\04 - Dianac\Set 01 - 2001-02-03\,{Shemale Yum Dvd03~G27~7~Dianac - Set 01}
diana128.jpg,106364,d7a1cd38,\Gallery27\04 - Dianac\Set 01 - 2001-02-03\,{Shemale Yum Dvd03~G27~7~Dianac - Set 01}
diana129.jpg,115730,b2526b1c,\Gallery27\04 - Dianac\Set 01 - 2001-02-03\,{Shemale Yum Dvd03~G27~7~Dianac - Set 01}
diana130.jpg,114160,d0c44309,\Gallery27\04 - Dianac\Set 01 - 2001-02-03\,{Shemale Yum Dvd03~G27~7~Dianac - Set 01}
diana131.jpg,120513,e9e450fb,\Gallery27\04 - Dianac\Set 01 - 2001-02-03\,{Shemale Yum Dvd03~G27~7~Dianac - Set 01}
diana132.jpg,120882,8e2e7c3e,\Gallery27\04 - Dianac\Set 01 - 2001-02-03\,{Shemale Yum Dvd03~G27~7~Dianac - Set 01}
diana133.jpg,110816,6e0ae95a,\Gallery27\04 - Dianac\Set 01 - 2001-02-03\,{Shemale Yum Dvd03~G27~7~Dianac - Set 01}
diana135.jpg,71701,11ce037d,\Gallery27\04 - Dianac\Set 01 - 2001-02-03\,{Shemale Yum Dvd03~G27~7~Dianac - Set 01}
diana136.jpg,76935,26f8cff8,\Gallery27\04 - Dianac\Set 01 - 2001-02-03\,{Shemale Yum Dvd03~G27~7~Dianac - Set 01}
diana137.jpg,69581,06eefdbd,\Gallery27\04 - Dianac\Set 01 - 2001-02-03\,{Shemale Yum Dvd03~G27~7~Dianac - Set 01}
diana138.jpg,76781,c998bcda,\Gallery27\04 - Dianac\Set 01 - 2001-02-03\,{Shemale Yum Dvd03~G27~7~Dianac - Set 01}
diana139.jpg,75338,e23db6b4,\Gallery27\04 - Dianac\Set 01 - 2001-02-03\,{Shemale Yum Dvd03~G27~7~Dianac - Set 01}
diana144.jpg,79533,18dc3c93,\Gallery27\04 - Dianac\Set 01 - 2001-02-03\,{Shemale Yum Dvd03~G27~7~Dianac - Set 01}
diana145.jpg,83806,24f82c51,\Gallery27\04 - Dianac\Set 01 - 2001-02-03\,{Shemale Yum Dvd03~G27~7~Dianac - Set 01}
diana146.jpg,81336,a9e785b8,\Gallery27\04 - Dianac\Set 01 - 2001-02-03\,{Shemale Yum Dvd03~G27~7~Dianac - Set 01}
diana147.jpg,64898,c007df20,\Gallery27\04 - Dianac\Set 01 - 2001-02-03\,{Shemale Yum Dvd03~G27~7~Dianac - Set 01}
diana148.jpg,78033,edd1d928,\Gallery27\04 - Dianac\Set 01 - 2001-02-03\,{Shemale Yum Dvd03~G27~7~Dianac - Set 01}
diana149.jpg,76232,230d906a,\Gallery27\04 - Dianac\Set 01 - 2001-02-03\,{Shemale Yum Dvd03~G27~7~Dianac - Set 01}
diana152.jpg,74886,8888e520,\Gallery27\04 - Dianac\Set 01 - 2001-02-03\,{Shemale Yum Dvd03~G27~7~Dianac - Set 01}
diana153.jpg,83871,1573ccef,\Gallery27\04 - Dianac\Set 01 - 2001-02-03\,{Shemale Yum Dvd03~G27~7~Dianac - Set 01}
diana155.jpg,83933,d5f5bf2c,\Gallery27\04 - Dianac\Set 01 - 2001-02-03\,{Shemale Yum Dvd03~G27~7~Dianac - Set 01}
diana156.jpg,58440,1b4274ba,\Gallery27\04 - Dianac\Set 01 - 2001-02-03\,{Shemale Yum Dvd03~G27~7~Dianac - Set 01}
diana157.jpg,84291,05a03e93,\Gallery27\04 - Dianac\Set 01 - 2001-02-03\,{Shemale Yum Dvd03~G27~7~Dianac - Set 01}
diana158.jpg,90990,dacc8ae3,\Gallery27\04 - Dianac\Set 01 - 2001-02-03\,{Shemale Yum Dvd03~G27~7~Dianac - Set 01}
diana159.jpg,76778,f334e22b,\Gallery27\04 - Dianac\Set 01 - 2001-02-03\,{Shemale Yum Dvd03~G27~7~Dianac - Set 01}
diana160.jpg,100228,576f658c,\Gallery27\04 - Dianac\Set 01 - 2001-02-03\,{Shemale Yum Dvd03~G27~7~Dianac - Set 01}
diana161.jpg,116711,2d6133f5,\Gallery27\04 - Dianac\Set 01 - 2001-02-03\,{Shemale Yum Dvd03~G27~7~Dianac - Set 01}
diana162.jpg,104876,8185d195,\Gallery27\04 - Dianac\Set 01 - 2001-02-03\,{Shemale Yum Dvd03~G27~7~Dianac - Set 01}
diana163.jpg,91322,82e7b755,\Gallery27\04 - Dianac\Set 01 - 2001-02-03\,{Shemale Yum Dvd03~G27~7~Dianac - Set 01}
diana164.jpg,100658,ce97f696,\Gallery27\04 - Dianac\Set 01 - 2001-02-03\,{Shemale Yum Dvd03~G27~7~Dianac - Set 01}
diana165.jpg,92715,876417a8,\Gallery27\04 - Dianac\Set 01 - 2001-02-03\,{Shemale Yum Dvd03~G27~7~Dianac - Set 01}
diana166.jpg,118083,fd8ae071,\Gallery27\04 - Dianac\Set 01 - 2001-02-03\,{Shemale Yum Dvd03~G27~7~Dianac - Set 01}
diana167.jpg,105769,31a1f44c,\Gallery27\04 - Dianac\Set 01 - 2001-02-03\,{Shemale Yum Dvd03~G27~7~Dianac - Set 01}
diana168.jpg,82732,95b6ff9d,\Gallery27\04 - Dianac\Set 01 - 2001-02-03\,{Shemale Yum Dvd03~G27~7~Dianac - Set 01}
diana169.jpg,113503,ff9c76cb,\Gallery27\04 - Dianac\Set 01 - 2001-02-03\,{Shemale Yum Dvd03~G27~7~Dianac - Set 01}
diana170.jpg,81907,8b8009dc,\Gallery27\04 - Dianac\Set 01 - 2001-02-03\,{Shemale Yum Dvd03~G27~7~Dianac - Set 01}
diana175.jpg,72505,6696d364,\Gallery27\04 - Dianac\Set 01 - 2001-02-03\,{Shemale Yum Dvd03~G27~7~Dianac - Set 01}
diana176.jpg,90845,9f6deb9a,\Gallery27\04 - Dianac\Set 01 - 2001-02-03\,{Shemale Yum Dvd03~G27~7~Dianac - Set 01}
diana177.jpg,78126,0a98b254,\Gallery27\04 - Dianac\Set 01 - 2001-02-03\,{Shemale Yum Dvd03~G27~7~Dianac - Set 01}
diana178.jpg,122563,2804b503,\Gallery27\04 - Dianac\Set 01 - 2001-02-03\,{Shemale Yum Dvd03~G27~7~Dianac - Set 01}
diana179.jpg,121144,61634d40,\Gallery27\04 - Dianac\Set 01 - 2001-02-03\,{Shemale Yum Dvd03~G27~7~Dianac - Set 01}
diana180.jpg,114478,86ba7496,\Gallery27\04 - Dianac\Set 01 - 2001-02-03\,{Shemale Yum Dvd03~G27~7~Dianac - Set 01}
diana183.jpg,114035,9baf1b86,\Gallery27\04 - Dianac\Set 01 - 2001-02-03\,{Shemale Yum Dvd03~G27~7~Dianac - Set 01}
diana184.jpg,113679,7f06aade,\Gallery27\04 - Dianac\Set 01 - 2001-02-03\,{Shemale Yum Dvd03~G27~7~Dianac - Set 01}
diana185.jpg,81799,72bc26e5,\Gallery27\04 - Dianac\Set 01 - 2001-02-03\,{Shemale Yum Dvd03~G27~7~Dianac - Set 01}
diana186.jpg,90240,e0546a91,\Gallery27\04 - Dianac\Set 01 - 2001-02-03\,{Shemale Yum Dvd03~G27~7~Dianac - Set 01}
diana190.jpg,106303,1c94a4c6,\Gallery27\04 - Dianac\Set 01 - 2001-02-03\,{Shemale Yum Dvd03~G27~7~Dianac - Set 01}
diana191.jpg,109831,f95cc6c0,\Gallery27\04 - Dianac\Set 01 - 2001-02-03\,{Shemale Yum Dvd03~G27~7~Dianac - Set 01}
diana192.jpg,99024,c73bf346,\Gallery27\04 - Dianac\Set 01 - 2001-02-03\,{Shemale Yum Dvd03~G27~7~Dianac - Set 01}
diana193.jpg,91463,4bc1ca72,\Gallery27\04 - Dianac\Set 01 - 2001-02-03\,{Shemale Yum Dvd03~G27~7~Dianac - Set 01}